byte offset: 0
first index: 0
index count: 12186
topology: trianglelist
format: DXGI_FORMAT_R16_UINT

0 1 2
3 4 5
6 7 8
9 10 6
9 11 10
12 11 13
12 14 11
15 14 12
15 16 14
15 17 16
18 19 20
18 20 21
21 20 22
21 22 23
23 22 24
25 26 27
28 25 27
28 27 29
30 25 28
28 29 31
32 30 28
31 32 28
32 33 30
31 34 32
32 35 33
34 36 32
32 36 35
34 37 36
35 36 38
38 36 37
35 38 39
38 37 40
38 41 39
41 38 40
42 43 44
42 44 45
46 45 44
46 44 47
45 46 48
49 42 45
45 48 49
49 50 42
49 51 50
48 52 49
49 52 51
48 53 52
52 54 51
53 54 52
55 56 57
55 57 58
59 58 57
59 57 60
58 59 61
62 55 58
58 61 62
62 63 55
62 64 63
61 65 62
62 65 64
61 66 65
65 67 64
66 67 65
68 69 70
68 70 71
70 72 71
73 74 75
73 75 76
75 77 76
78 79 80
78 81 79
81 82 79
81 83 82
83 84 82
85 86 87
88 86 85
88 89 86
90 88 85
88 91 89
92 88 90
91 88 92
92 90 93
91 92 94
92 93 95
94 92 96
92 95 96
94 96 97
98 97 96
95 99 96
98 96 99
95 100 99
101 98 99
100 101 99
102 103 104
102 105 103
106 103 105
106 107 103
108 109 106
108 110 109
110 108 111
110 111 112
110 112 113
109 110 114
110 113 114
109 114 115
114 113 116
115 114 116
117 118 119
117 120 118
121 118 120
121 122 118
120 123 121
124 120 117
120 124 123
124 117 125
124 125 126
123 124 127
124 126 127
123 127 128
127 126 129
128 127 129
130 131 132
130 133 131
131 133 134
135 136 137
135 138 136
136 138 139
140 141 142
140 143 141
143 140 144
145 141 143
145 143 146
143 144 147
146 143 147
148 147 144
146 147 149
148 150 147
149 147 150
150 148 151
150 151 152
152 151 153
149 150 154
152 154 150
152 153 155
156 155 153
156 157 155
155 158 152
152 158 154
157 159 155
155 159 158
157 160 159
161 159 160
161 160 162
163 158 159
163 159 161
164 154 158
164 158 163
154 165 149
154 164 165
162 166 161
162 167 166
161 168 163
161 166 168
163 169 164
163 168 169
167 170 166
167 171 170
172 168 166
172 166 170
171 173 170
171 174 173
149 165 175
149 175 176
177 165 164
177 164 169
168 178 169
168 172 178
179 172 170
179 170 173
180 176 175
180 145 176
175 181 180
182 175 165
175 182 181
182 165 177
182 183 181
182 184 183
184 185 183
184 186 185
187 182 177
188 185 186
187 177 189
189 186 187
189 177 169
189 169 178
188 186 190
191 188 190
189 192 186
178 192 189
192 190 186
191 190 193
193 194 191
178 195 192
172 195 178
172 179 195
192 196 190
196 192 195
196 193 190
193 197 194
197 198 194
197 199 198
196 195 200
179 200 195
196 201 193
201 197 193
201 196 200
202 199 197
201 202 197
202 203 199
202 204 203
202 205 204
205 206 204
202 201 207
202 207 205
205 208 206
207 208 205
208 209 206
208 210 209
210 208 211
207 211 208
210 211 212
201 213 207
201 200 213
213 211 207
213 200 214
214 211 213
179 214 200
212 211 215
214 215 211
212 215 216
217 214 179
217 215 214
217 179 173
216 215 218
216 218 219
215 217 220
173 220 217
215 220 218
173 221 220
221 218 220
173 174 221
221 174 222
221 222 223
224 219 218
221 224 218
221 223 224
224 225 219
223 225 224
223 226 225
227 228 229
230 228 227
230 231 228
232 231 230
232 233 231
234 233 232
234 235 233
234 236 235
237 238 239
237 239 240
240 241 237
242 240 239
242 243 240
240 244 241
243 244 240
245 241 244
243 246 244
245 244 247
246 247 244
247 248 245
247 249 248
249 250 248
246 251 247
249 247 251
249 252 250
253 250 252
253 252 254
252 249 255
249 251 255
254 252 256
252 255 256
254 256 257
258 257 256
258 259 257
260 256 255
260 258 256
261 255 251
261 260 255
251 246 262
251 262 261
259 258 263
259 263 264
258 260 265
258 265 263
260 261 266
260 266 265
264 263 267
264 267 268
269 263 265
269 267 263
268 267 270
268 270 271
246 272 262
246 273 272
274 261 262
274 266 261
265 266 275
265 275 269
276 267 269
276 270 267
277 272 273
277 273 242
272 277 278
279 262 272
272 278 279
279 274 262
279 278 280
279 280 281
281 280 282
281 282 283
284 274 279
285 283 282
284 286 274
286 284 283
286 266 274
286 275 266
285 287 283
288 287 285
286 283 289
275 286 289
289 283 287
288 290 287
290 288 291
275 289 292
269 275 292
269 292 276
289 287 293
293 292 289
293 287 290
290 291 294
294 291 295
294 295 296
293 297 292
276 292 297
293 290 298
298 290 294
298 297 293
299 294 296
298 294 299
299 296 300
299 300 301
299 301 302
302 301 303
299 304 298
299 302 304
302 303 305
304 302 305
305 303 306
305 306 307
307 308 305
304 305 308
307 309 308
298 304 310
310 304 308
298 310 297
310 311 297
311 310 308
276 297 311
309 312 308
311 308 312
309 313 312
314 276 311
314 311 312
314 270 276
313 315 312
313 316 315
312 317 314
270 314 317
312 315 317
270 317 318
318 317 315
270 318 271
318 319 271
318 320 319
321 315 316
318 315 321
318 321 320
321 316 322
320 321 322
320 322 323
324 325 326
324 327 325
324 328 327
328 329 327
328 330 329
331 332 330
331 330 333
334 331 333
335 336 337
338 335 337
338 337 339
340 338 339
340 339 341
342 340 341
342 341 343
342 343 344
345 346 347
345 348 346
348 345 349
348 350 346
348 349 351
351 349 352
348 353 350
353 348 351
353 354 350
351 352 355
356 355 352
353 351 357
357 351 355
353 358 354
353 357 358
359 354 358
359 358 360
360 358 357
361 359 360
360 357 362
362 357 355
361 360 363
363 360 362
363 364 361
356 365 355
365 356 366
362 355 367
365 367 355
363 362 368
367 368 362
363 369 364
369 363 368
369 370 364
369 371 370
368 371 369
372 370 371
367 373 368
373 367 365
372 371 374
375 372 374
368 376 371
373 376 368
376 374 371
375 374 377
377 378 375
376 379 374
379 377 374
373 380 376
379 376 380
373 365 381
381 380 373
377 382 378
382 383 378
379 384 377
384 382 377
381 365 385
365 366 385
381 386 380
386 381 385
379 380 387
384 379 387
386 387 380
384 388 382
388 384 387
382 389 383
388 389 382
385 366 390
391 390 366
391 392 390
393 390 392
393 394 390
385 390 394
391 395 392
386 385 396
394 396 385
386 397 387
396 397 386
388 387 398
397 398 387
388 399 389
398 399 388
394 400 396
396 401 397
396 400 401
397 402 398
402 397 401
403 398 402
398 403 399
404 402 401
401 400 404
403 402 404
403 404 400
405 400 394
403 400 405
399 403 405
405 394 393
389 399 406
399 405 406
389 406 407
407 383 389
407 408 383
408 407 409
408 409 410
406 405 411
405 393 411
412 406 411
412 411 409
410 409 413
410 413 414
409 411 415
393 415 411
409 415 413
414 413 416
414 416 417
413 415 418
393 418 415
413 418 416
419 417 416
419 420 417
416 418 421
393 421 418
416 421 419
421 393 422
419 421 422
393 392 422
420 419 423
419 422 423
420 423 424
423 422 425
392 425 422
424 423 426
423 425 426
424 426 427
392 428 425
428 426 425
429 427 426
428 429 426
429 430 427
428 392 431
429 428 431
431 392 395
430 429 432
429 431 432
430 432 433
431 395 434
434 432 431
395 435 434
436 433 432
434 436 432
435 436 434
436 437 433
435 438 436
438 437 436
438 439 437
440 441 442
441 443 442
443 444 442
445 444 443
445 446 444
447 446 445
446 448 444
447 449 446
449 448 446
450 449 447
451 450 447
452 448 449
452 453 448
450 454 449
452 449 454
451 455 450
450 456 454
455 456 450
451 457 455
451 458 457
455 459 456
457 459 455
460 454 456
454 461 452
454 460 461
459 462 456
460 456 462
452 463 453
452 461 464
452 464 463
465 453 463
465 466 453
467 465 463
467 463 464
466 465 468
467 468 465
466 468 469
469 468 470
469 470 471
467 472 468
470 468 472
473 471 470
473 474 471
475 474 473
475 476 474
475 477 476
475 478 477
478 479 477
473 480 475
478 475 480
470 481 473
473 481 480
479 478 482
479 482 483
470 472 484
470 484 481
478 480 485
482 478 485
482 486 483
486 487 483
488 487 486
488 486 489
490 488 489
491 486 482
491 489 486
490 489 492
492 489 491
492 493 490
482 485 494
494 491 482
495 485 480
495 494 485
496 480 481
495 480 496
496 481 497
497 481 484
497 484 498
472 498 484
472 499 498
467 499 472
500 497 498
500 498 499
467 501 499
464 501 467
500 499 502
502 499 501
464 503 501
461 503 464
502 501 504
503 504 501
502 504 505
503 506 504
461 507 503
506 503 507
507 461 460
506 507 508
502 505 509
509 500 502
510 509 505
507 460 511
508 507 511
508 511 512
511 460 462
513 512 511
511 462 513
513 514 512
515 513 462
459 515 462
514 513 516
515 516 513
514 516 517
515 459 518
457 518 459
516 515 519
515 518 519
517 516 520
516 519 520
517 520 521
522 518 457
457 458 522
519 518 523
522 523 518
523 522 524
458 525 522
522 525 524
458 526 525
519 523 527
527 520 519
524 527 523
521 520 528
527 528 520
521 528 529
526 530 525
524 525 530
526 531 530
528 527 532
524 532 527
529 528 533
528 532 533
529 533 534
531 535 530
531 536 535
524 530 537
537 530 535
538 532 524
538 533 532
537 538 524
539 534 533
538 539 533
539 540 534
541 540 539
541 542 540
543 539 538
543 541 539
544 538 537
544 543 538
545 541 543
543 544 545
542 541 546
545 546 541
537 535 547
547 544 537
535 548 547
548 544 547
544 549 545
548 549 544
535 550 548
536 550 535
536 551 550
550 552 548
549 548 552
551 553 550
552 550 553
551 554 553
553 554 555
555 556 553
556 552 553
555 557 556
558 545 549
558 546 545
549 552 559
559 558 549
558 559 560
559 552 561
552 556 561
560 559 561
556 557 562
561 556 562
562 560 561
563 562 557
563 564 562
562 564 560
563 565 564
564 565 566
564 566 567
560 564 567
568 567 566
560 569 558
558 569 546
560 570 569
560 567 570
568 571 567
571 568 572
546 569 573
569 570 573
567 574 570
567 571 574
570 574 573
546 573 575
542 546 575
576 542 575
573 577 575
576 575 577
573 574 578
578 577 573
577 578 579
577 579 580
580 576 581
580 582 576
578 574 583
571 583 574
583 579 578
582 580 584
582 584 585
586 583 571
571 572 586
583 586 587
587 579 583
586 572 588
587 586 588
588 572 589
589 590 588
591 590 589
592 590 591
588 590 593
587 588 593
592 594 590
593 590 594
594 592 595
585 584 596
585 596 597
597 596 598
597 598 599
593 600 587
593 594 601
601 600 593
587 600 602
579 587 602
601 603 600
602 600 603
594 595 604
594 605 601
594 604 605
601 606 603
601 605 606
602 603 607
607 603 606
608 579 602
608 602 607
609 604 595
609 595 610
611 605 604
611 604 609
579 608 612
580 579 612
584 580 612
608 607 613
613 612 608
584 612 614
613 614 612
584 614 596
610 615 609
610 616 615
605 611 617
605 617 606
618 611 609
618 609 615
618 617 611
619 615 616
619 616 620
621 615 619
621 618 615
621 622 618
618 622 617
621 623 622
624 622 623
622 625 617
606 617 625
624 625 622
606 625 626
607 606 626
613 607 626
624 627 625
626 625 627
624 628 627
613 626 629
626 627 629
629 614 613
628 630 627
630 629 627
628 631 630
629 632 614
630 632 629
632 596 614
632 598 596
630 598 632
631 633 630
630 633 598
631 634 633
599 598 633
634 635 633
599 633 635
634 636 635
637 599 635
636 638 635
637 635 638
636 639 638
638 640 637
641 638 639
638 642 640
641 642 638
643 640 642
641 644 642
643 642 644
641 645 644
646 643 644
645 647 644
646 644 647
645 648 647
649 646 647
648 650 647
649 647 650
648 651 650
652 649 650
651 653 650
652 650 653
651 654 653
655 653 654
655 656 653
657 656 655
658 652 653
658 653 656
657 659 656
660 659 657
661 652 658
661 662 652
663 662 661
664 658 656
664 656 659
660 665 659
666 665 660
667 663 661
668 663 667
669 661 658
669 658 664
669 667 661
670 664 659
670 659 665
666 671 665
672 671 666
673 669 664
673 664 670
669 674 667
669 673 674
668 667 675
667 674 675
676 670 665
676 665 671
677 673 670
677 670 676
673 678 674
675 674 678
673 677 678
668 675 679
668 679 680
675 678 681
681 679 675
680 679 682
680 682 683
681 684 679
684 682 679
683 682 685
683 685 686
684 687 682
687 685 682
688 686 685
688 689 686
687 690 685
690 688 685
691 689 688
691 692 689
690 693 688
693 691 688
694 692 691
694 695 692
693 696 691
694 691 696
687 684 697
690 687 698
687 697 698
693 690 699
690 698 699
696 693 700
693 699 700
684 701 697
684 681 701
701 681 702
678 702 681
678 703 702
703 678 677
703 677 704
704 677 676
703 705 702
705 703 704
704 676 706
706 676 671
705 704 707
707 704 706
697 701 708
701 702 709
709 708 701
705 710 702
710 709 702
707 711 705
710 705 711
697 708 712
712 698 697
712 713 698
713 699 698
713 714 699
714 700 699
713 712 715
714 713 715
710 716 709
717 710 711
710 717 716
717 711 718
716 717 719
718 711 720
718 720 721
707 720 711
722 721 720
723 709 716
709 723 708
724 716 719
723 716 724
724 719 725
720 707 726
707 706 726
722 720 727
720 726 727
723 728 708
728 723 724
729 724 725
728 724 729
729 725 730
730 731 729
729 731 732
732 728 729
733 732 731
734 732 733
708 728 735
728 732 735
712 708 735
736 732 734
735 732 736
712 735 737
736 737 735
712 737 715
734 738 736
738 737 736
738 715 737
734 739 738
740 738 739
738 740 715
740 739 741
742 715 740
714 715 742
741 743 740
742 740 743
741 744 743
742 745 714
714 745 700
744 746 743
744 747 746
748 742 743
742 748 745
748 743 746
749 700 745
696 700 749
747 750 746
747 751 750
748 752 745
749 745 752
753 748 746
753 746 750
748 753 752
751 754 750
751 755 754
750 756 753
750 754 756
755 757 754
755 758 757
759 757 758
759 758 760
761 759 760
754 757 762
754 762 756
757 763 762
757 759 763
764 763 759
753 756 765
753 765 752
761 766 759
767 766 761
764 759 768
766 768 759
767 769 766
770 769 767
756 771 765
756 772 771
766 773 768
773 766 769
774 771 772
774 772 775
776 775 764
776 774 775
770 777 769
777 778 769
773 769 778
777 779 778
779 780 778
779 781 780
782 780 781
782 783 780
783 782 784
783 784 785
786 785 784
786 787 785
493 787 786
493 788 787
492 788 493
788 492 789
492 491 789
790 789 491
494 790 491
791 783 785
792 785 787
792 791 785
788 793 787
792 787 793
791 794 783
780 783 794
795 791 792
794 791 795
788 789 796
788 796 793
797 792 793
795 792 797
796 798 793
797 793 798
799 796 789
796 799 798
799 789 800
790 800 789
780 794 801
794 795 802
801 794 802
797 803 795
802 795 803
798 804 797
797 804 803
799 805 798
798 805 804
800 806 799
799 806 805
790 807 800
800 807 806
780 801 808
778 780 808
801 802 809
809 808 801
778 808 810
778 810 773
810 808 811
809 811 808
773 810 812
810 811 812
773 812 768
813 809 802
802 803 813
814 811 809
813 814 809
815 768 812
815 764 768
816 812 811
814 816 811
816 815 812
817 813 803
814 813 817
818 764 815
818 776 764
819 815 816
819 818 815
820 816 814
814 817 820
820 819 816
819 820 821
821 820 817
817 803 822
822 803 804
823 818 819
819 821 823
824 776 818
823 824 818
822 825 817
821 817 825
822 804 826
826 804 805
824 827 776
827 774 776
822 828 825
826 828 822
827 829 774
771 774 829
771 829 830
831 830 829
765 771 830
765 830 832
831 832 830
752 765 832
833 829 827
831 829 833
834 827 824
833 827 834
752 832 835
749 752 835
831 833 836
836 833 834
836 834 837
834 824 838
837 834 838
838 824 823
837 838 839
838 823 840
839 838 840
840 823 821
839 840 841
840 821 842
841 840 842
842 821 825
841 842 843
842 825 844
843 842 844
828 844 825
843 844 845
828 846 844
846 845 844
843 845 847
847 848 843
847 849 848
849 850 848
846 828 851
826 851 828
852 847 845
852 849 847
849 853 850
853 854 850
855 851 826
826 805 855
856 855 805
806 856 805
855 857 851
856 857 855
846 851 858
857 858 851
846 859 845
859 846 858
856 806 860
806 807 860
856 861 857
861 856 860
857 862 858
862 857 861
859 863 845
852 845 863
859 858 864
862 864 858
859 865 863
865 859 864
866 860 807
861 860 867
867 860 866
862 861 868
867 868 861
862 869 864
869 862 868
865 864 870
869 870 864
871 866 807
790 871 807
871 790 494
871 494 872
866 871 872
495 872 494
495 873 872
873 866 872
496 873 495
873 874 866
867 866 874
867 875 868
875 867 874
869 868 876
875 876 868
496 877 873
877 496 497
873 878 874
877 878 873
875 874 879
879 874 878
880 869 876
869 880 870
875 881 876
879 881 875
877 497 882
500 882 497
883 882 500
509 883 500
877 882 884
883 884 882
877 885 878
877 884 885
880 876 886
881 886 876
879 878 887
887 878 885
888 883 509
889 884 883
888 889 883
890 885 884
889 890 884
887 885 891
890 891 885
879 887 892
892 887 891
879 893 881
879 892 893
894 881 893
892 894 893
881 894 886
892 891 895
895 894 892
891 890 896
896 895 891
890 889 897
890 897 896
889 898 897
889 888 898
899 886 894
899 900 886
901 886 900
901 880 886
880 901 902
880 902 870
903 870 902
903 865 870
865 903 904
865 904 863
905 899 894
906 863 904
905 894 895
906 852 863
905 895 907
907 908 905
896 907 895
906 909 852
852 909 849
906 910 909
909 853 849
907 911 908
896 911 907
911 912 908
896 897 911
911 913 912
910 914 909
909 914 853
910 915 914
897 916 911
911 916 913
897 898 916
917 913 916
898 917 916
914 918 853
853 918 854
918 919 854
920 914 915
914 920 918
920 915 921
918 922 919
920 922 918
922 831 919
923 920 921
920 923 922
923 921 924
923 924 925
898 926 917
898 888 926
922 927 831
927 922 923
923 925 928
927 923 928
917 926 929
917 929 930
929 931 930
926 888 932
926 932 929
932 888 509
932 509 510
929 933 931
932 933 929
934 931 933
935 932 510
932 935 933
935 934 933
935 510 936
935 937 934
938 935 936
935 938 937
938 936 939
938 940 937
941 938 939
938 941 940
941 939 942
941 943 940
944 941 942
941 944 943
944 942 695
944 945 943
946 944 695
944 946 945
946 947 945
946 695 694
946 948 947
948 946 694
948 949 947
948 694 950
694 696 950
749 950 696
950 951 948
948 951 949
749 952 950
950 952 951
749 835 952
953 951 952
953 952 835
954 949 951
954 951 953
955 953 835
955 835 832
831 955 832
927 955 831
956 953 955
927 956 955
956 954 953
956 927 928
956 928 957
954 956 957
957 928 925
957 925 958
949 954 959
954 957 959
959 957 958
959 960 949
959 958 960
961 962 963
961 964 962
965 962 964
965 964 966
966 967 965
966 968 967
969 967 968
969 968 970
971 969 970
971 972 969
972 971 973
972 973 974
974 973 975
974 975 976
977 976 975
977 978 976
979 978 977
979 980 978
980 979 981
980 981 982
983 982 981
983 984 982
985 986 987
985 988 986
988 985 989
988 989 990
989 991 990
989 992 991
992 993 991
992 994 993
994 995 993
994 996 995
997 995 996
997 996 998
999 997 998
999 998 1000
1001 999 1000
1001 1000 1002
1002 1003 1001
1002 1004 1003
1005 1003 1004
1005 1004 1006
1006 1007 1005
1006 1008 1007
1009 1010 1011
1009 1012 1010
1013 1010 1012
1013 1012 1014
1014 1015 1013
1014 1016 1015
1016 1017 1015
1016 1018 1017
1018 1019 1017
1018 1020 1019
1020 1021 1019
1020 1022 1021
1022 1023 1021
1022 1024 1023
1025 1023 1024
1025 1024 1026
1026 1027 1025
1026 1028 1027
1028 1029 1027
1028 1030 1029
1031 1032 1033
1031 1034 1032
1035 1034 1031
1035 1031 1036
1037 1038 1039
1037 1039 1040
1040 1039 1041
1040 1041 1042
1042 1041 1043
1042 1043 1044
1045 1044 1043
1045 1046 1044
1046 1045 1047
1046 1047 1048
1048 1047 1049
1048 1049 1050
1050 1049 1051
1050 1051 1052
1052 1051 1053
1052 1053 1054
1055 1054 1053
1055 1056 1054
1057 1056 1055
1057 1058 1056
1059 1060 1061
1060 1062 1061
1062 1060 1063
1062 1063 1064
1065 1063 1060
1064 1063 1066
1065 1066 1063
1064 1066 1067
1065 1068 1066
1068 1067 1066
1068 1069 1067
1068 1070 1069
1065 1071 1068
1068 1072 1070
1072 1068 1071
1073 1070 1072
1074 1072 1071
1073 1072 1074
1074 1071 1075
1076 1073 1074
1077 1074 1075
1076 1074 1077
1077 1075 1078
1076 1077 1079
1077 1078 1080
1079 1077 1080
1081 1082 1083
1081 1083 1084
1084 1083 1085
1086 1081 1084
1084 1085 1087
1087 1085 1088
1086 1084 1089
1089 1084 1087
1087 1088 1090
1090 1089 1087
1090 1088 1091
1092 1086 1089
1090 1092 1089
1092 1093 1086
1090 1091 1094
1092 1090 1094
1094 1091 1095
1096 1093 1092
1092 1094 1096
1096 1097 1093
1094 1095 1098
1098 1096 1094
1099 1098 1095
1100 1097 1096
1098 1100 1096
1100 1101 1097
1102 1100 1098
1099 1102 1098
1101 1100 1103
1102 1103 1100
1101 1103 1104
1105 1104 1103
1102 1106 1103
1105 1103 1106
1107 1106 1102
1099 1107 1102
1105 1106 1107
1107 1099 1108
1099 1109 1108
1105 1107 1110
1110 1107 1108
1105 1110 1111
1110 1108 1112
1112 1111 1110
1108 1109 1112
1112 1113 1111
1113 1112 1109
1113 1109 1114
1115 1116 1117
1115 1117 1118
1118 1119 1115
1118 1117 1120
1118 1121 1119
1121 1122 1119
1118 1120 1123
1123 1121 1118
1123 1120 1124
1121 1125 1122
1126 1122 1125
1123 1127 1121
1127 1125 1121
1123 1124 1128
1123 1128 1127
1129 1128 1124
1129 1130 1128
1130 1127 1128
1131 1130 1129
1130 1132 1127
1132 1125 1127
1131 1133 1130
1133 1132 1130
1133 1131 1134
1126 1125 1135
1135 1136 1126
1132 1137 1125
1135 1125 1137
1133 1138 1132
1137 1132 1138
1133 1134 1139
1139 1138 1133
1139 1134 1140
1139 1140 1141
1138 1139 1141
1142 1141 1140
1137 1138 1143
1143 1135 1137
1142 1144 1141
1145 1144 1142
1138 1141 1146
1143 1138 1146
1146 1141 1144
1145 1147 1144
1147 1145 1148
1146 1144 1149
1149 1144 1147
1143 1146 1150
1149 1150 1146
1143 1151 1135
1151 1143 1150
1147 1148 1152
1152 1148 1153
1149 1147 1154
1154 1147 1152
1151 1155 1135
1135 1155 1136
1151 1150 1156
1156 1155 1151
1149 1157 1150
1154 1157 1149
1156 1150 1157
1154 1152 1158
1158 1157 1154
1152 1153 1159
1158 1152 1159
1155 1160 1136
1161 1136 1160
1161 1160 1162
1163 1162 1160
1163 1160 1164
1155 1164 1160
1161 1162 1165
1156 1166 1155
1164 1155 1166
1156 1157 1167
1166 1156 1167
1158 1168 1157
1167 1157 1168
1158 1159 1169
1168 1158 1169
1164 1166 1170
1166 1167 1171
1166 1171 1170
1167 1168 1172
1172 1171 1167
1173 1172 1168
1168 1169 1173
1174 1171 1172
1171 1174 1170
1173 1174 1172
1173 1170 1174
1175 1164 1170
1173 1175 1170
1169 1175 1173
1175 1163 1164
1159 1176 1169
1169 1176 1175
1159 1177 1176
1177 1159 1153
1177 1153 1178
1178 1179 1177
1178 1180 1179
1176 1181 1175
1175 1181 1163
1182 1181 1176
1182 1183 1181
1180 1184 1183
1180 1185 1184
1183 1186 1181
1163 1181 1186
1183 1184 1186
1185 1187 1184
1185 1188 1187
1184 1189 1186
1163 1186 1189
1184 1187 1189
1190 1187 1188
1190 1188 1191
1187 1192 1189
1163 1189 1192
1187 1190 1192
1192 1193 1163
1190 1193 1192
1163 1193 1162
1191 1194 1190
1190 1194 1193
1191 1195 1194
1194 1196 1193
1162 1193 1196
1195 1197 1194
1194 1197 1196
1195 1198 1197
1162 1196 1199
1199 1196 1197
1200 1197 1198
1199 1197 1200
1200 1198 1201
1199 1202 1162
1200 1202 1199
1202 1165 1162
1201 1203 1200
1200 1203 1202
1201 1204 1203
1202 1205 1165
1205 1202 1203
1165 1205 1206
1207 1203 1204
1205 1203 1207
1206 1205 1207
1207 1204 1208
1206 1207 1209
1209 1207 1208
1209 1208 1210
1211 1212 1213
1213 1212 1214
1214 1212 1215
1216 1214 1215
1216 1215 1217
1218 1216 1217
1217 1215 1219
1218 1217 1220
1220 1217 1219
1221 1218 1220
1222 1218 1221
1223 1220 1219
1223 1219 1224
1221 1220 1225
1223 1225 1220
1222 1221 1226
1221 1225 1227
1226 1221 1227
1222 1226 1228
1222 1228 1229
1226 1227 1230
1228 1226 1230
1231 1227 1225
1225 1223 1232
1225 1232 1231
1230 1227 1233
1231 1233 1227
1223 1224 1234
1223 1235 1232
1223 1234 1235
1236 1234 1224
1236 1224 1237
1238 1234 1236
1238 1235 1234
1237 1239 1236
1238 1236 1239
1237 1240 1239
1240 1241 1239
1240 1242 1241
1238 1239 1243
1241 1243 1239
1244 1241 1242
1244 1242 1245
1246 1244 1245
1246 1245 1247
1246 1247 1248
1246 1248 1249
1249 1248 1250
1244 1246 1251
1249 1251 1246
1241 1244 1252
1244 1251 1252
1250 1253 1249
1250 1254 1253
1241 1255 1243
1241 1252 1255
1249 1256 1251
1253 1256 1249
1253 1254 1257
1257 1254 1258
1259 1257 1258
1259 1260 1257
1261 1260 1259
1262 1253 1257
1262 1257 1260
1261 1263 1260
1263 1262 1260
1263 1261 1264
1253 1265 1256
1265 1253 1262
1266 1251 1256
1266 1256 1265
1266 1267 1251
1267 1252 1251
1267 1268 1252
1268 1255 1252
1268 1269 1255
1243 1255 1269
1243 1269 1270
1238 1243 1270
1271 1269 1268
1271 1270 1269
1238 1270 1272
1235 1238 1272
1271 1273 1270
1273 1272 1270
1235 1272 1274
1232 1235 1274
1273 1275 1272
1274 1272 1275
1273 1276 1275
1274 1275 1277
1232 1274 1278
1277 1278 1274
1278 1231 1232
1277 1279 1278
1273 1280 1276
1280 1273 1271
1281 1276 1280
1278 1282 1231
1279 1282 1278
1279 1283 1282
1282 1233 1231
1284 1282 1283
1282 1284 1233
1284 1283 1285
1286 1233 1284
1230 1233 1286
1285 1287 1284
1286 1284 1287
1285 1288 1287
1286 1289 1230
1228 1230 1289
1288 1290 1287
1288 1291 1290
1287 1292 1286
1286 1292 1289
1287 1290 1292
1293 1228 1289
1228 1293 1229
1291 1294 1290
1291 1295 1294
1292 1296 1289
1293 1289 1296
1296 1297 1293
1229 1293 1298
1293 1297 1298
1229 1298 1299
1300 1292 1290
1292 1300 1296
1300 1290 1294
1297 1296 1300
1299 1298 1301
1297 1301 1298
1299 1301 1302
1295 1303 1294
1295 1304 1303
1294 1305 1300
1297 1300 1305
1294 1303 1305
1302 1301 1306
1302 1306 1307
1308 1303 1304
1308 1304 1309
1310 1305 1303
1310 1297 1305
1310 1303 1308
1297 1311 1301
1311 1306 1301
1311 1297 1310
1312 1308 1309
1312 1309 1313
1314 1310 1308
1314 1308 1312
1315 1311 1310
1315 1310 1314
1316 1314 1312
1314 1316 1315
1313 1317 1312
1316 1312 1317
1311 1318 1306
1318 1311 1315
1306 1318 1319
1319 1318 1315
1315 1316 1320
1319 1315 1320
1306 1319 1321
1307 1306 1321
1307 1321 1322
1321 1319 1323
1320 1323 1319
1322 1321 1324
1323 1324 1321
1322 1324 1325
1324 1326 1325
1326 1324 1327
1327 1324 1323
1326 1327 1328
1329 1320 1316
1329 1316 1317
1320 1330 1323
1330 1320 1329
1329 1331 1330
1330 1332 1323
1323 1332 1327
1331 1332 1330
1327 1333 1328
1332 1333 1327
1333 1332 1331
1334 1328 1333
1334 1333 1335
1333 1331 1335
1334 1335 1336
1335 1337 1336
1335 1338 1337
1331 1338 1335
1339 1337 1338
1331 1329 1340
1329 1317 1340
1331 1340 1341
1331 1341 1338
1339 1338 1342
1342 1343 1339
1317 1344 1340
1340 1344 1341
1338 1341 1345
1338 1345 1342
1341 1344 1345
1317 1346 1344
1313 1346 1317
1347 1346 1313
1344 1346 1348
1347 1348 1346
1344 1349 1345
1349 1344 1348
1348 1350 1349
1351 1348 1347
1348 1351 1350
1351 1347 1352
1349 1353 1345
1342 1345 1353
1353 1349 1350
1352 1354 1351
1352 1355 1354
1356 1342 1353
1342 1356 1343
1353 1357 1356
1357 1353 1350
1356 1358 1343
1357 1358 1356
1358 1359 1343
1359 1358 1360
1361 1359 1360
1362 1361 1360
1358 1363 1360
1357 1363 1358
1362 1360 1364
1363 1364 1360
1364 1365 1362
1355 1366 1354
1355 1367 1366
1367 1368 1366
1367 1369 1368
1363 1357 1370
1363 1371 1364
1371 1363 1370
1357 1372 1370
1350 1372 1357
1371 1370 1373
1372 1373 1370
1364 1374 1365
1364 1371 1375
1364 1375 1374
1371 1373 1376
1371 1376 1375
1372 1377 1373
1377 1376 1373
1378 1372 1350
1378 1377 1372
1379 1365 1374
1379 1380 1365
1381 1374 1375
1381 1379 1374
1350 1382 1378
1351 1382 1350
1354 1382 1351
1378 1383 1377
1383 1378 1382
1354 1384 1382
1383 1382 1384
1354 1366 1384
1380 1379 1385
1380 1385 1386
1375 1387 1381
1375 1376 1387
1388 1379 1381
1388 1385 1379
1388 1381 1387
1389 1386 1385
1389 1390 1386
1391 1389 1385
1391 1385 1388
1391 1388 1392
1388 1387 1392
1391 1392 1393
1394 1393 1392
1392 1387 1395
1376 1395 1387
1394 1392 1395
1376 1396 1395
1377 1396 1376
1383 1396 1377
1394 1395 1397
1396 1397 1395
1394 1397 1398
1383 1399 1396
1396 1399 1397
1399 1383 1384
1398 1397 1400
1400 1397 1399
1398 1400 1401
1399 1384 1402
1400 1399 1402
1402 1384 1366
1402 1366 1368
1400 1402 1368
1401 1400 1403
1400 1368 1403
1401 1403 1404
1369 1403 1368
1404 1403 1405
1369 1405 1403
1404 1405 1406
1407 1405 1369
1406 1405 1408
1407 1408 1405
1406 1408 1409
1408 1407 1410
1411 1409 1408
1408 1410 1412
1411 1408 1412
1413 1412 1410
1411 1412 1414
1413 1414 1412
1411 1414 1415
1416 1414 1413
1415 1414 1417
1416 1417 1414
1415 1417 1418
1419 1417 1416
1418 1417 1420
1419 1420 1417
1418 1420 1421
1422 1420 1419
1421 1420 1423
1422 1423 1420
1421 1423 1424
1425 1424 1423
1425 1423 1426
1427 1425 1426
1428 1423 1422
1428 1426 1423
1427 1426 1429
1430 1427 1429
1431 1428 1422
1431 1422 1432
1433 1431 1432
1434 1426 1428
1434 1429 1426
1430 1429 1435
1436 1430 1435
1437 1431 1433
1438 1437 1433
1439 1428 1431
1439 1434 1428
1439 1431 1437
1440 1429 1434
1440 1435 1429
1436 1435 1441
1442 1436 1441
1443 1434 1439
1443 1440 1434
1439 1437 1444
1439 1444 1443
1438 1445 1437
1437 1445 1444
1446 1435 1440
1446 1441 1435
1447 1440 1443
1447 1446 1440
1443 1444 1448
1445 1448 1444
1443 1448 1447
1438 1449 1445
1438 1450 1449
1445 1451 1448
1451 1445 1449
1450 1452 1449
1450 1453 1452
1451 1449 1454
1454 1449 1452
1453 1455 1452
1453 1456 1455
1454 1452 1457
1457 1452 1455
1458 1455 1456
1458 1456 1459
1457 1455 1460
1460 1455 1458
1461 1458 1459
1461 1459 1462
1460 1458 1463
1463 1458 1461
1464 1461 1462
1464 1462 1465
1463 1461 1466
1464 1466 1461
1457 1467 1454
1460 1468 1457
1457 1468 1467
1463 1469 1460
1460 1469 1468
1466 1470 1463
1463 1470 1469
1454 1467 1471
1454 1471 1451
1471 1472 1451
1448 1451 1472
1448 1472 1473
1473 1447 1448
1473 1474 1447
1474 1446 1447
1473 1472 1475
1475 1474 1473
1474 1476 1446
1476 1441 1446
1475 1477 1474
1477 1476 1474
1467 1478 1471
1471 1479 1472
1479 1471 1478
1475 1472 1480
1480 1472 1479
1477 1475 1481
1480 1481 1475
1467 1482 1478
1482 1467 1468
1482 1468 1483
1483 1468 1469
1483 1469 1484
1484 1469 1470
1483 1485 1482
1484 1485 1483
1480 1479 1486
1487 1481 1480
1480 1486 1487
1487 1488 1481
1486 1489 1487
1488 1490 1481
1488 1491 1490
1477 1481 1490
1492 1490 1491
1493 1486 1479
1479 1478 1493
1494 1489 1486
1493 1494 1486
1494 1495 1489
1490 1496 1477
1477 1496 1476
1492 1497 1490
1490 1497 1496
1493 1478 1498
1498 1494 1493
1499 1495 1494
1498 1499 1494
1499 1500 1495
1500 1499 1501
1499 1502 1501
1502 1499 1498
1503 1501 1502
1504 1503 1502
1478 1505 1498
1498 1505 1502
1482 1505 1478
1506 1504 1502
1505 1506 1502
1482 1507 1505
1506 1505 1507
1482 1485 1507
1504 1506 1508
1508 1506 1507
1508 1507 1485
1504 1508 1509
1510 1509 1508
1508 1485 1510
1510 1511 1509
1512 1510 1485
1484 1512 1485
1511 1510 1513
1512 1513 1510
1511 1513 1514
1512 1484 1515
1484 1470 1515
1516 1513 1512
1512 1515 1516
1514 1513 1517
1516 1517 1513
1514 1517 1518
1519 1515 1470
1466 1519 1470
1516 1515 1520
1519 1520 1515
1521 1517 1516
1516 1520 1521
1518 1517 1522
1521 1522 1517
1518 1522 1523
1523 1522 1524
1523 1524 1525
1522 1521 1526
1522 1526 1524
1525 1524 1527
1525 1527 1528
1529 1528 1527
1529 1530 1528
1531 1530 1529
1524 1532 1527
1524 1526 1532
1527 1532 1533
1527 1533 1529
1534 1529 1533
1521 1535 1526
1521 1520 1535
1531 1529 1536
1537 1531 1536
1534 1538 1529
1536 1529 1538
1537 1536 1539
770 1537 1539
770 1539 1540
1541 1539 1536
1536 1538 1541
1540 1539 1542
1541 1542 1539
1540 1542 1543
1543 1542 1544
1543 1544 1545
1546 1545 1544
1546 1544 1547
1547 1548 1546
1547 1549 1548
1550 1548 1549
1550 1549 1551
1264 1550 1551
1264 1551 1552
1263 1264 1552
1552 1553 1263
1263 1553 1262
1554 1262 1553
1265 1262 1554
1555 1549 1547
1556 1551 1549
1556 1549 1555
1552 1551 1557
1556 1557 1551
1555 1547 1558
1544 1558 1547
1559 1556 1555
1558 1559 1555
1552 1560 1553
1552 1557 1560
1561 1557 1556
1559 1561 1556
1560 1557 1562
1561 1562 1557
1563 1553 1560
1560 1562 1563
1554 1553 1564
1563 1564 1553
1544 1565 1558
1558 1566 1559
1565 1566 1558
1561 1559 1567
1566 1567 1559
1562 1561 1568
1561 1567 1568
1563 1562 1569
1562 1568 1569
1564 1563 1570
1563 1569 1570
1554 1564 1571
1564 1570 1571
1544 1572 1565
1542 1572 1544
1565 1573 1566
1573 1565 1572
1542 1574 1572
1542 1541 1574
1574 1575 1572
1573 1572 1575
1541 1576 1574
1574 1576 1575
1541 1538 1576
1577 1566 1573
1566 1577 1567
1578 1573 1575
1577 1573 1578
1579 1576 1538
1579 1538 1534
1580 1575 1576
1578 1575 1580
1580 1576 1579
1581 1567 1577
1578 1581 1577
1582 1578 1580
1578 1582 1581
1583 1580 1579
1582 1580 1583
1584 1579 1534
1583 1579 1584
1583 1585 1582
1585 1581 1582
1581 1586 1567
1586 1568 1567
1584 1534 1587
1587 1534 1588
1589 1583 1584
1583 1589 1585
1586 1581 1590
1585 1590 1581
1586 1591 1568
1591 1569 1568
1586 1590 1592
1591 1586 1592
1593 1590 1585
1592 1590 1593
1587 1588 1594
1594 1588 1595
1596 1584 1587
1589 1584 1596
1597 1585 1589
1593 1585 1597
1597 1589 1598
1598 1589 1596
1596 1587 1599
1599 1587 1594
1594 1595 1600
1526 1600 1595
1526 1535 1600
1600 1601 1594
1599 1594 1601
1602 1596 1599
1598 1596 1602
1603 1597 1598
1593 1597 1603
1535 1604 1600
1600 1604 1601
1605 1599 1601
1602 1599 1605
1606 1598 1602
1603 1598 1606
1606 1602 1607
1607 1602 1605
1607 1605 1608
1605 1601 1609
1608 1605 1609
1609 1601 1604
1608 1609 1610
1610 1609 1611
1609 1604 1611
1535 1612 1604
1611 1604 1612
1520 1612 1535
1520 1613 1612
1519 1613 1520
1611 1612 1614
1614 1612 1613
1519 1615 1613
1614 1613 1616
1616 1613 1615
1519 1617 1615
1519 1466 1617
1464 1617 1466
1617 1618 1615
1616 1615 1618
1619 1617 1464
1617 1619 1618
1619 1464 1620
1620 1464 1465
1620 1465 1621
1621 1465 1622
1621 1622 1623
1623 1622 1624
1623 1624 1625
1625 1624 1626
1625 1626 1627
1627 1626 1281
1627 1281 1628
1628 1281 1280
1620 1629 1619
1620 1630 1629
1621 1630 1620
1621 1631 1630
1623 1631 1621
1623 1632 1631
1625 1632 1623
1625 1633 1632
1627 1633 1625
1619 1629 1634
1627 1635 1633
1619 1634 1618
1635 1627 1636
1637 1635 1636
1628 1636 1627
1638 1637 1636
1628 1638 1636
1638 1639 1637
1640 1639 1638
1628 1640 1638
1640 1641 1639
1642 1618 1634
1642 1616 1618
1628 1643 1640
1628 1280 1643
1641 1640 1644
1640 1643 1644
1643 1280 1645
1280 1271 1645
1634 1646 1642
1646 1634 1647
1646 1647 1648
1646 1648 1649
1642 1646 1649
1649 1648 1650
1642 1649 1651
1651 1616 1642
1651 1614 1616
1649 1650 1652
1651 1649 1652
1653 1614 1651
1651 1652 1653
1653 1611 1614
1654 1652 1650
1653 1652 1654
1654 1650 1655
1654 1655 1656
1657 1611 1653
1653 1654 1657
1657 1658 1611
1654 1656 1659
1659 1657 1654
1659 1656 1660
1661 1658 1657
1659 1661 1657
1661 1662 1658
1659 1660 1663
1663 1661 1659
1664 1663 1660
1665 1662 1661
1663 1665 1661
1665 1666 1662
1664 1667 1663
1667 1665 1663
1668 1667 1664
1669 1666 1665
1667 1669 1665
1669 1670 1666
1668 1671 1667
1671 1669 1667
1672 1670 1669
1671 1672 1669
1672 1603 1670
1603 1672 1673
1671 1673 1672
1603 1673 1593
1668 1674 1671
1671 1674 1673
1668 1675 1674
1676 1593 1673
1592 1593 1676
1677 1674 1675
1677 1675 1678
1679 1673 1674
1676 1673 1679
1679 1674 1677
1676 1680 1592
1591 1592 1680
1678 1681 1677
1678 1682 1681
1679 1683 1676
1676 1683 1680
1677 1684 1679
1677 1681 1684
1679 1684 1683
1685 1591 1680
1591 1685 1569
1686 1681 1682
1686 1682 1687
1688 1684 1681
1688 1681 1686
1689 1680 1683
1685 1680 1689
1690 1569 1685
1690 1685 1689
1570 1569 1690
1691 1683 1684
1689 1683 1691
1691 1684 1688
1687 1692 1686
1687 1693 1692
1694 1692 1693
1690 1695 1570
1570 1695 1571
1690 1689 1696
1691 1696 1689
1696 1695 1690
1688 1697 1691
1691 1697 1696
1686 1698 1688
1686 1692 1698
1688 1698 1697
1694 1699 1692
1700 1699 1694
1696 1701 1695
1701 1696 1697
1702 1571 1695
1701 1702 1695
1703 1698 1692
1703 1692 1699
1704 1697 1698
1701 1697 1704
1704 1698 1703
1704 1705 1701
1701 1705 1702
1706 1704 1703
1704 1706 1705
1707 1571 1702
1554 1571 1707
1707 1265 1554
1707 1708 1265
1702 1708 1707
1266 1265 1708
1709 1708 1702
1266 1708 1709
1709 1702 1705
1267 1266 1709
1709 1705 1710
1706 1710 1705
1267 1709 1711
1711 1709 1710
1711 1268 1267
1706 1703 1712
1699 1712 1703
1706 1712 1713
1713 1712 1699
1706 1714 1710
1706 1713 1714
1715 1713 1699
1700 1715 1699
1714 1716 1710
1711 1710 1716
1713 1717 1714
1713 1715 1717
1714 1717 1716
1711 1718 1268
1271 1268 1718
1645 1271 1718
1711 1719 1718
1711 1716 1719
1645 1718 1719
1700 1720 1715
1720 1700 1721
1722 1717 1715
1722 1715 1720
1723 1716 1717
1723 1719 1716
1717 1722 1723
1724 1645 1719
1724 1719 1723
1643 1645 1724
1724 1644 1643
1720 1721 1725
1722 1720 1725
1721 1726 1725
1725 1726 1727
1723 1722 1728
1723 1728 1724
1724 1728 1644
1722 1725 1728
1725 1727 1729
1728 1725 1729
1728 1729 1644
1641 1729 1727
1641 1644 1729
1730 1731 1732
1730 1732 1733
1734 1733 1732
1734 1735 1733
1735 1734 1736
1735 1736 1737
1738 1737 1736
1738 1739 1737
1740 1739 1738
1740 1738 1741
1741 1742 1740
1741 1743 1742
1743 1744 1742
1743 1745 1744
1746 1744 1745
1746 1745 1747
1748 1746 1747
1748 1747 1749
1749 1750 1748
1749 1751 1750
1752 1750 1751
1752 1751 1753
1754 1755 1756
1754 1756 1757
1757 1758 1754
1757 1759 1758
1758 1759 1760
1758 1760 1761
1761 1760 1762
1761 1762 1763
1763 1762 1764
1763 1764 1765
1766 1765 1764
1766 1767 1765
1768 1767 1766
1768 1769 1767
1770 1769 1768
1770 1771 1769
1771 1770 1772
1771 1772 1773
1774 1773 1772
1774 1775 1773
1775 1774 1776
1775 1776 1777
1778 1779 1780
1778 1780 1781
1782 1778 1781
1782 1783 1778
1784 1785 1780
1784 1786 1785
1786 1787 1785
1786 1788 1787
1788 1789 1787
1788 1790 1789
1791 1789 1790
1791 1790 1792
1792 1793 1791
1792 1794 1793
1794 1795 1793
1794 1796 1795
1796 1797 1795
1796 1798 1797
1798 1799 1797
1798 1800 1799
1801 1799 1800
1801 1800 1802
1803 1801 1802
1803 1802 1804
1805 1806 1807
1805 1808 1806
1809 1808 1805
1809 1810 1808
1810 1809 1811
1810 1811 1812
1813 1812 1811
1813 1814 1812
1815 1814 1813
1815 1816 1814
1817 1816 1815
1817 1818 1816
1819 1818 1817
1819 1820 1818
1821 1820 1819
1821 1822 1820
1822 1821 1823
1822 1823 1824
1825 1824 1823
1825 1782 1824
1826 1827 1828
1828 1827 1829
1829 1830 1828
1829 1831 1830
1832 1828 1830
1831 1833 1830
1832 1830 1833
1831 1834 1833
1832 1833 1835
1835 1833 1834
1835 1834 1836
1835 1836 1837
1832 1835 1838
1835 1837 1839
1839 1838 1835
1840 1839 1837
1841 1838 1839
1840 1841 1839
1841 1842 1838
1843 1841 1840
1844 1842 1841
1843 1844 1841
1844 1845 1842
1843 1846 1844
1844 1847 1845
1846 1847 1844
1848 1849 1850
1848 1851 1849
1851 1852 1849
1853 1851 1848
1851 1854 1852
1854 1855 1852
1853 1856 1851
1856 1854 1851
1854 1857 1855
1857 1854 1856
1857 1858 1855
1859 1856 1853
1857 1856 1859
1859 1853 1860
1857 1861 1858
1859 1861 1857
1861 1862 1858
1863 1859 1860
1859 1863 1861
1863 1860 1864
1861 1865 1862
1865 1861 1863
1866 1862 1865
1867 1863 1864
1865 1863 1867
1867 1864 1868
1869 1865 1867
1866 1865 1869
1868 1870 1867
1869 1867 1870
1868 1871 1870
1872 1870 1871
1869 1870 1873
1872 1873 1870
1874 1869 1873
1866 1869 1874
1872 1874 1873
1874 1875 1866
1866 1875 1876
1872 1877 1874
1877 1875 1874
1872 1878 1877
1877 1879 1875
1879 1877 1878
1875 1879 1876
1879 1878 1880
1880 1876 1879
1880 1881 1876
1882 1883 1884
1882 1885 1883
1886 1885 1882
1886 1882 1887
1886 1887 1888
1885 1889 1883
1885 1890 1889
1886 1890 1885
1890 1891 1889
1886 1888 1892
1893 1892 1888
1893 1888 1894
1895 1893 1894
1895 1894 1896
1897 1895 1896
1897 1898 1895
1895 1898 1899
1900 1893 1895
1895 1899 1900
1892 1893 1901
1900 1901 1893
1886 1892 1902
1892 1901 1902
1903 1900 1899
1903 1899 1904
1903 1904 1905
1903 1905 1906
1900 1903 1907
1907 1903 1906
1900 1907 1901
1907 1906 1908
1909 1907 1908
1910 1901 1907
1909 1910 1907
1910 1902 1901
1911 1910 1909
1911 1902 1910
1911 1909 1912
1913 1911 1912
1911 1914 1902
1886 1902 1914
1886 1914 1890
1911 1890 1914
1911 1915 1890
1913 1915 1911
1915 1891 1890
1913 1916 1915
1915 1916 1891
1913 1917 1916
1916 1918 1891
1919 1918 1916
1918 1920 1891
1919 1921 1918
1918 1883 1920
1883 1918 1921
1883 1921 1922
1923 1924 1925
1926 1924 1923
1926 1923 1927
1928 1926 1927
1928 1927 1929
1930 1928 1929
1930 1929 1931
1932 1930 1931
1932 1931 1933
1934 1932 1933
1934 1933 1935
1935 1936 1934
1935 1937 1936
1938 1936 1937
1938 1937 1939
1940 1938 1939
1940 1939 1941
1940 1941 1942
1940 1942 1943
1944 1943 1942
1944 1942 1945
1946 1944 1945
1946 1947 1944
1946 1948 1947
1946 1949 1948
1949 1950 1948
1951 1952 1953
1954 1951 1953
1954 1955 1951
1956 1955 1954
1956 1957 1955
1958 1957 1956
1958 1959 1957
1960 1959 1958
1960 1961 1959
1962 1961 1960
1962 1963 1961
1963 1962 1964
1963 1964 1965
1966 1965 1964
1966 1967 1965
1968 1967 1966
1968 1969 1967
1968 1970 1969
1968 1971 1970
1972 1970 1971
1972 1973 1970
1974 1973 1972
1974 1972 1975
1974 1975 1976
1974 1976 1977
1977 1976 1978
1979 1980 1981
1980 1979 1982
1979 1981 1983
1983 1981 1984
1982 1979 1985
1979 1986 1985
1979 1983 1986
1982 1985 1987
1983 1988 1986
1989 1982 1987
1989 1990 1982
1989 1987 1991
1992 1990 1989
1991 1993 1989
1992 1989 1993
1991 1994 1993
1993 1994 1995
1996 1992 1993
1993 1995 1996
1996 1997 1992
1998 1996 1995
1997 1996 1998
1983 1999 1988
1988 1999 2000
1983 1984 1999
1984 2000 1999
1988 2000 2001
1984 2002 2000
2003 2001 2000
2000 2002 2004
2003 2000 2005
2000 2004 2005
2005 2006 2003
2007 2005 2004
2005 2008 2006
2007 2008 2005
2008 2009 2006
2010 2008 2007
2008 2011 2009
2010 2011 2008
2012 2009 2011
2011 2010 2013
2012 2011 2014
2011 2013 2014
2014 2015 2012
2013 2016 2014
2014 2016 2015
2013 2017 2016
2018 2015 2016
2017 2019 2016
2018 2016 2019
2017 2020 2019
2021 2019 2020
2022 2018 2019
2022 2019 2021
2021 2020 2023
2021 2024 2022
2025 2021 2023
2025 2023 2026
2021 2027 2024
2028 2024 2027
2029 2021 2025
2029 2027 2021
2029 2025 2030
2027 2029 2031
2032 2025 2026
2030 2025 2032
2032 2026 2033
2030 2032 2034
2028 2027 2035
2027 2031 2035
2036 2028 2035
2035 2031 2037
2038 2032 2033
2034 2032 2038
2038 2033 2039
2034 2038 2040
2038 2039 2041
2036 2035 2042
2035 2037 2042
2042 2043 2036
2042 2037 2043
2044 2040 2038
2038 2041 2044
2044 2045 2040
2041 2046 2044
2044 2046 2045
2047 2048 2049
2047 2049 2050
2047 2050 2051
2047 2052 2048
2053 2047 2051
2052 2047 2054
2053 2054 2047
2052 2054 2055
2054 2056 2055
2053 2057 2054
2054 2057 2056
2053 2058 2057
2057 2059 2056
2058 2059 2057
2060 2061 2062
2062 2063 2060
2060 2064 2061
2064 2065 2061
2063 2066 2060
2060 2066 2067
2060 2067 2064
2063 2068 2066
2064 2067 2069
2070 2068 2063
2070 2063 2071
2070 2072 2068
2073 2070 2071
2072 2070 2074
2073 2074 2070
2072 2074 2075
2074 2076 2075
2077 2074 2073
2074 2077 2076
2077 2073 2078
2079 2076 2077
2078 2079 2077
2064 2069 2080
2069 2081 2080
2064 2080 2065
2065 2080 2081
2069 2082 2081
2065 2081 2083
2084 2081 2082
2081 2085 2083
2084 2086 2081
2081 2086 2085
2086 2084 2087
2088 2085 2086
2086 2087 2089
2088 2086 2089
2089 2087 2090
2091 2088 2089
2089 2090 2092
2091 2089 2092
2093 2092 2090
2092 2094 2091
2093 2095 2092
2092 2095 2094
2095 2093 2096
2094 2095 2097
2095 2096 2097
2094 2097 2098
2099 2097 2096
2098 2097 2100
2099 2100 2097
2098 2100 2101
2102 2101 2100
2103 2100 2099
2103 2102 2100
2102 2104 2101
2102 2103 2105
2106 2104 2102
2106 2107 2104
2102 2105 2108
2109 2108 2105
2110 2106 2102
2110 2102 2108
2110 2111 2106
2108 2112 2110
2113 2107 2106
2111 2113 2106
2113 2114 2107
2111 2115 2113
2109 2116 2108
2108 2116 2112
2117 2116 2109
2116 2118 2112
2119 2114 2113
2115 2119 2113
2119 2120 2114
2115 2121 2119
2119 2122 2120
2117 2123 2116
2116 2123 2118
2123 2117 2124
2123 2124 2118
2125 2119 2121
2119 2125 2122
2125 2121 2126
2122 2125 2127
2125 2126 2127
2128 2129 2130
2128 2131 2129
2128 2132 2131
2128 2130 2133
2134 2132 2128
2133 2135 2128
2134 2128 2135
2133 2136 2135
2135 2136 2137
2134 2135 2138
2135 2137 2138
2134 2138 2139
2138 2137 2140
2139 2138 2140
2141 2142 2143
2144 2142 2141
2143 2142 2145
2146 2142 2144
2145 2142 2147
2148 2142 2146
2147 2142 2149
2150 2142 2148
2149 2142 2151
2152 2142 2150
2151 2142 2153
2154 2142 2152
2153 2142 2155
2156 2142 2154
2155 2142 2157
2157 2142 2156
2158 2159 2160
2161 2158 2160
2159 2162 2160
2163 2161 2160
2162 2164 2160
2165 2163 2160
2164 2166 2160
2167 2165 2160
2166 2168 2160
2169 2167 2160
2168 2170 2160
2171 2169 2160
2170 2172 2160
2173 2171 2160
2172 2174 2160
2174 2173 2160
2175 2176 2177
2175 2177 2178
2175 2178 2179
2175 2179 2180
2175 2180 2181
2175 2181 2182
2175 2182 2183
2175 2183 2184
2175 2184 2185
2175 2185 2186
2175 2186 2187
2175 2187 2188
2175 2188 2189
2175 2189 2190
2175 2190 2191
2175 2191 2192
2175 2192 2193
2194 2193 2192
2195 2194 2192
2195 2192 2196
2197 2195 2196
2197 2196 2190
2190 2198 2197
2190 2199 2198
2199 2200 2198
2199 2201 2200
2202 2200 2201
2202 2201 2203
2204 2202 2203
2204 2203 2205
2206 2204 2205
2206 2205 2207
2208 2206 2207
2208 2207 2209
2209 2210 2208
2209 2211 2210
2212 2210 2211
2212 2211 2213
2214 2212 2213
2214 2215 2212
2215 2214 2180
2215 2180 2216
2216 2180 2217
2216 2217 2218
2219 2218 2217
2219 2220 2218
2221 2220 2219
2221 2222 2220
2222 2221 2176
2222 2176 2223
2223 2176 2224
2223 2224 2225
2175 2224 2176
2225 2224 2226
2175 2226 2224
2225 2226 2227
2175 2193 2226
2227 2226 2193
2227 2193 2228
2194 2228 2193
2229 2230 2231
2229 2232 2230
2229 2233 2232
2229 2234 2233
2229 2235 2234
2229 2236 2235
2229 2237 2236
2229 2238 2237
2229 2239 2238
2229 2240 2239
2229 2241 2240
2229 2242 2241
2229 2243 2242
2229 2244 2243
2229 2245 2244
2229 2246 2245
2229 2247 2246
2248 2246 2247
2249 2246 2248
2249 2250 2246
2251 2250 2249
2251 2244 2250
2244 2251 2252
2244 2252 2253
2253 2252 2254
2253 2254 2255
2256 2255 2254
2256 2257 2255
2258 2257 2256
2258 2259 2257
2260 2259 2258
2260 2261 2259
2262 2261 2260
2262 2263 2261
2263 2262 2264
2263 2264 2265
2266 2265 2264
2266 2267 2265
2268 2267 2266
2268 2266 2269
2269 2234 2268
2269 2270 2234
2270 2271 2234
2270 2272 2271
2273 2271 2272
2273 2272 2274
2275 2273 2274
2275 2274 2276
2276 2231 2275
2276 2277 2231
2277 2278 2231
2277 2279 2278
2229 2231 2278
2279 2280 2278
2229 2278 2280
2279 2281 2280
2229 2280 2247
2281 2247 2280
2281 2282 2247
2248 2247 2282
2283 2284 2285
2283 2285 2286
2283 2287 2284
2288 2287 2283
2289 2284 2287
2290 2289 2287
2283 2286 2291
2288 2283 2291
2291 2286 2292
2287 2293 2290
2293 2294 2290
2291 2292 2295
2295 2292 2296
2288 2297 2287
2297 2293 2287
2298 2291 2295
2288 2291 2298
2295 2296 2299
2299 2296 2300
2298 2295 2301
2301 2295 2299
2299 2300 2302
2302 2300 2303
2301 2299 2304
2304 2299 2302
2305 2298 2301
2306 2288 2298
2305 2306 2298
2306 2305 2307
2308 2306 2307
2306 2308 2288
2305 2309 2307
2309 2305 2301
2309 2301 2304
2310 2288 2308
2310 2308 2307
2310 2297 2288
2311 2309 2304
2309 2311 2307
2304 2302 2312
2311 2304 2312
2302 2303 2313
2312 2302 2313
2314 2297 2310
2314 2310 2307
2315 2311 2312
2311 2315 2307
2316 2313 2303
2316 2303 2317
2312 2313 2318
2315 2312 2318
2318 2313 2316
2314 2319 2297
2297 2319 2293
2320 2314 2307
2320 2319 2314
2315 2321 2307
2321 2315 2318
2322 2320 2307
2321 2323 2307
2321 2318 2324
2318 2316 2324
2323 2321 2324
2325 2316 2317
2325 2317 2326
2327 2324 2316
2323 2324 2327
2327 2316 2325
2319 2328 2293
2293 2328 2294
2320 2329 2319
2319 2329 2328
2322 2329 2320
2330 2325 2326
2330 2326 2331
2332 2327 2325
2323 2327 2332
2332 2325 2330
2333 2294 2328
2333 2334 2294
2335 2334 2333
2335 2336 2334
2335 2337 2336
2335 2338 2337
2339 2330 2331
2339 2331 2340
2323 2332 2341
2323 2341 2307
2342 2332 2330
2341 2332 2342
2342 2330 2339
2343 2339 2340
2343 2340 2344
2341 2342 2345
2341 2345 2307
2346 2342 2339
2345 2342 2346
2346 2339 2343
2347 2343 2344
2347 2344 2348
2349 2343 2347
2349 2346 2343
2350 2347 2348
2349 2347 2350
2350 2348 2351
2345 2346 2352
2345 2352 2307
2353 2352 2346
2353 2346 2349
2352 2353 2307
2354 2350 2351
2354 2351 2355
2354 2355 2356
2349 2350 2357
2357 2350 2354
2358 2353 2349
2353 2358 2307
2358 2349 2357
2358 2359 2307
2359 2358 2357
2359 2360 2307
2360 2361 2307
2359 2357 2362
2357 2354 2362
2360 2359 2362
2354 2356 2363
2362 2354 2363
2363 2356 2364
2360 2362 2365
2362 2363 2365
2361 2360 2365
2363 2364 2366
2365 2363 2366
2366 2364 2367
2361 2365 2368
2365 2366 2368
2366 2367 2369
2368 2366 2369
2369 2367 2370
2371 2361 2368
2361 2371 2307
2369 2370 2372
2372 2370 2373
2368 2369 2374
2371 2368 2374
2374 2369 2372
2372 2373 2375
2375 2373 2376
2377 2371 2374
2371 2377 2307
2374 2372 2378
2377 2374 2378
2378 2372 2375
2379 2377 2378
2377 2379 2307
2378 2375 2380
2379 2378 2380
2375 2376 2381
2380 2375 2381
2382 2379 2380
2379 2382 2307
2383 2381 2376
2383 2376 2338
2335 2383 2338
2380 2381 2384
2384 2381 2383
2382 2380 2384
2384 2383 2385
2385 2383 2335
2382 2384 2385
2382 2386 2307
2382 2385 2386
2385 2335 2387
2386 2385 2387
2387 2335 2333
2386 2388 2307
2386 2387 2388
2388 2322 2307
2387 2333 2389
2388 2387 2389
2388 2389 2322
2389 2333 2328
2322 2389 2329
2389 2328 2329
2390 2391 2392
2393 2391 2390
2393 2390 2394
2390 2392 2395
722 2395 2392
722 727 2395
727 2396 2395
2390 2395 2396
727 726 2396
2394 2390 2397
2390 2396 2397
2394 2397 2398
726 2399 2396
2399 2397 2396
726 706 2399
706 671 2399
2398 2397 2400
2399 2400 2397
2399 671 2400
2398 2400 672
672 2400 671
1496 2401 1476
1476 2401 1441
1496 2402 2401
1497 2402 1496
2401 2403 1441
1442 1441 2403
2404 1442 2403
2401 2405 2403
2404 2403 2405
2401 2402 2405
2406 2404 2405
2406 2405 2407
2407 2405 2402
2408 2406 2407
2408 2407 2409
2407 2410 2409
1497 2411 2402
2407 2402 2411
2407 2411 2410
1492 2411 1497
1492 2410 2411
2412 2413 2414
1897 2413 2412
1897 2412 2415
2412 2416 2415
2412 2414 2417
2417 2414 2418
2412 2419 2416
2419 2412 2417
2420 2416 2419
2420 2421 2416
2420 2422 2421
2420 2423 2422
2424 2423 2420
2419 2424 2420
2424 2425 2423
2426 2425 2424
2419 2417 2427
2419 2427 2424
2417 2418 2428
2428 2427 2417
2429 2428 2418
2429 2418 2430
2429 2430 2431
2426 2424 2432
2432 2424 2427
2433 2426 2432
2433 2434 2426
2435 2434 2433
2428 2436 2427
2432 2427 2436
2429 2436 2428
2433 2432 2436
2429 2437 2436
2433 2436 2437
2429 2438 2437
2433 2437 2438
2429 2431 2439
2429 2439 2438
2435 2433 2440
2433 2438 2440
2431 2441 2439
2431 2442 2441
2441 2442 2443
2435 2440 2444
2435 2444 2445
2445 2446 2443
2441 2443 2446
2445 2444 2446
2439 2441 2447
2439 2447 2438
2446 2447 2441
2440 2448 2444
2440 2438 2448
2444 2448 2446
2438 2447 2448
2446 2448 2447
2449 2450 2451
2449 2452 2450
2449 2453 2452
2449 2451 2454
2455 2454 2451
2456 2453 2449
2454 2456 2449
2456 2457 2453
2458 2457 2456
2454 2458 2456
2458 2459 2457
2460 2459 2458
2455 2461 2454
2461 2458 2454
2462 2461 2455
2460 2458 2463
2461 2463 2458
2464 2460 2463
2464 2463 2465
2465 2463 2461
2465 2466 2464
2462 2467 2461
2465 2461 2467
2465 2468 2466
2468 2465 2467
2468 2469 2466
2470 2467 2462
2468 2467 2470
2470 2462 2471
2468 2472 2469
2472 2468 2470
2472 2473 2469
2474 2470 2471
2472 2470 2474
2474 2471 2475
2472 2476 2473
2474 2476 2472
2476 2477 2473
2475 2478 2474
2474 2478 2476
2475 2479 2478
2476 2480 2477
2478 2480 2476
2479 2481 2478
2478 2481 2480
2481 2477 2480
2479 2482 2481
2481 2483 2477
2483 2481 2482
2483 2482 2484
2485 2484 2486
2485 2486 2487
2488 2487 2486
2485 2487 2489
2485 2489 2490
2488 2491 2487
2491 2489 2487
2492 2491 2488
2493 2490 2489
2491 2493 2489
2493 2494 2490
2492 2495 2491
2495 2493 2491
2495 2492 2496
2497 2494 2493
2495 2497 2493
2497 2498 2494
2495 2496 2499
2499 2497 2495
2499 2496 2500
2498 2497 2501
2499 2501 2497
2498 2501 2502
2499 2500 2503
2503 2501 2499
2504 2503 2500
2502 2501 2505
2503 2505 2501
2502 2505 2506
2507 2506 2505
2504 2508 2503
2505 2503 2508
2507 2505 2509
2505 2508 2509
2509 2510 2507
2509 2511 2510
2508 2511 2509
2511 2512 2510
2513 2508 2504
2508 2513 2511
2513 2504 2514
2511 2515 2512
2513 2515 2511
2516 2512 2515
2514 2517 2513
2513 2517 2515
2516 2515 2517
2514 2518 2517
2516 2517 2518
2516 2518 2452
2519 2520 2521
2522 2519 2521
2519 2523 2520
2523 2524 2520
2523 2525 2524
2525 2526 2524
2525 2527 2526
2525 2528 2527
2529 2525 2523
2525 2529 2528
2529 2523 2519
2530 2528 2529
2530 2529 2531
2531 2529 2519
2532 2530 2531
2522 2533 2519
2531 2519 2533
2534 2533 2522
2534 2535 2533
2535 2531 2533
2535 2534 2536
2532 2531 2537
2535 2537 2531
2535 2536 2538
2538 2537 2535
2538 2536 2539
2540 2532 2537
2538 2540 2537
2540 2541 2532
2538 2539 2542
2542 2540 2538
2542 2539 2543
2544 2541 2540
2542 2544 2540
2544 2545 2541
2542 2543 2546
2544 2542 2546
2546 2543 2547
2545 2544 2548
2544 2546 2548
2545 2548 2549
2546 2547 2550
2548 2546 2550
2549 2548 2551
2548 2550 2551
2551 2550 2547
2549 2551 2552
2551 2547 2553
2553 2552 2551
2553 2554 2552
2555 2556 2554
2555 2557 2556
2558 2556 2557
2555 2559 2557
2555 2560 2559
2558 2557 2561
2561 2557 2559
2562 2558 2561
2563 2559 2560
2561 2559 2563
2563 2560 2564
2562 2561 2565
2565 2561 2563
2565 2566 2562
2567 2563 2564
2565 2563 2567
2567 2564 2568
2565 2569 2566
2569 2565 2567
2569 2570 2566
2568 2571 2567
2569 2567 2571
2568 2572 2571
2569 2573 2570
2573 2569 2571
2574 2570 2573
2572 2575 2571
2573 2571 2575
2572 2576 2575
2577 2575 2576
2574 2573 2578
2575 2578 2573
2577 2579 2575
2575 2579 2578
2579 2577 2580
2579 2580 2581
2578 2579 2581
2581 2580 2582
2583 2574 2578
2578 2581 2583
2583 2584 2574
2581 2582 2585
2583 2581 2585
2586 2585 2582
2584 2583 2587
2583 2585 2587
2586 2587 2585
2584 2587 2588
2586 2588 2587
2586 2526 2588
2589 2590 2591
2589 2591 2592
2593 2589 2592
2592 2591 2594
2593 2592 2595
2592 2594 2596
2596 2595 2592
2597 2596 2594
2597 2594 2598
2593 2595 2599
2593 2599 2600
2596 2601 2595
2601 2596 2597
2602 2597 2598
2602 2598 2603
2600 2599 2604
2600 2604 2605
2606 2604 2599
2607 2599 2595
2606 2599 2607
2607 2595 2601
2608 2606 2607
2601 2597 2609
2609 2597 2602
2610 2607 2601
2608 2607 2610
2610 2601 2609
2611 2608 2610
2611 2610 2609
2611 2612 2608
2613 2602 2603
2613 2603 2614
2613 2614 2615
2613 2615 2616
2613 2616 2617
2618 2613 2617
2618 2602 2613
2619 2618 2617
2609 2602 2620
2611 2609 2620
2618 2620 2602
2611 2620 2618
2621 2612 2611
2611 2618 2621
2621 2618 2619
2621 2622 2612
2621 2619 2623
2621 2624 2622
2621 2623 2624
2625 2626 2590
2625 2627 2626
2628 2627 2625
2627 2629 2626
2628 2630 2627
2627 2631 2629
2631 2627 2630
2632 2629 2631
2632 2633 2629
2628 2634 2630
2628 2635 2634
2631 2630 2636
2636 2632 2631
2637 2633 2632
2637 2638 2633
2635 2639 2634
2635 2605 2639
2640 2634 2639
2641 2630 2634
2640 2641 2634
2641 2636 2630
2642 2641 2640
2636 2643 2632
2643 2637 2632
2644 2636 2641
2642 2644 2641
2644 2643 2636
2645 2644 2642
2645 2643 2644
2645 2642 2646
2643 2647 2637
2645 2647 2643
2648 2645 2646
2648 2646 2649
2648 2649 2650
2645 2651 2647
2651 2637 2647
2645 2648 2651
2651 2652 2637
2652 2638 2637
2652 2653 2638
2652 2654 2653
2648 2650 2655
2648 2656 2651
2648 2655 2656
2657 2655 2650
2656 2655 2657
2657 2650 2658
2657 2658 2654
2656 2659 2651
2651 2659 2652
2656 2657 2659
2652 2660 2654
2657 2654 2660
2657 2660 2659
2652 2659 2660
2661 2662 2663
2661 2663 2664
2661 2665 2662
2666 2661 2664
2661 2667 2665
2666 2668 2661
2661 2668 2667
2669 2670 2671
2670 2669 2672
2673 2672 2669
2674 2669 2671
2673 2669 2674
2674 2671 2675
2676 2674 2675
2673 2674 2677
2676 2677 2674
2673 2677 2678
2677 2676 2679
2677 2680 2678
2677 2679 2681
2677 2681 2680
2682 2683 2684
2684 2685 2682
2686 2682 2685
2687 2683 2682
2686 2687 2682
2687 2688 2683
2689 2688 2687
2686 2690 2687
2689 2687 2690
2686 2691 2690
2690 2692 2689
2690 2691 2693
2690 2694 2692
2690 2693 2694
2695 2696 2697
2696 2698 2697
2697 2698 2699
2697 2700 2695
2701 2695 2700
2702 2701 2700
2701 2703 2695
2701 2704 2703
2701 2705 2704
2702 2705 2701
2705 2706 2704
2705 2707 2706
2707 2708 2706
2709 2700 2697
2702 2700 2709
2710 2707 2705
2702 2710 2705
2707 2711 2708
2711 2712 2708
2710 2713 2707
2713 2711 2707
2711 2714 2712
2714 2715 2712
2713 2716 2711
2716 2714 2711
2717 2713 2710
2718 2710 2702
2717 2710 2718
2718 2719 2717
2720 2719 2718
2718 2702 2720
2717 2719 2721
2721 2713 2717
2721 2716 2713
2722 2720 2702
2722 2719 2720
2722 2702 2709
2723 2716 2721
2721 2719 2723
2716 2724 2714
2723 2724 2716
2725 2722 2709
2725 2719 2722
2725 2709 2726
2709 2697 2726
2724 2727 2714
2714 2727 2715
2728 2724 2723
2723 2719 2728
2729 2719 2725
2729 2725 2726
2726 2697 2730
2697 2699 2730
2731 2715 2727
2731 2732 2715
2724 2733 2727
2728 2733 2724
2733 2731 2727
2728 2719 2734
2734 2733 2728
2735 2719 2729
2734 2719 2736
2729 2726 2737
2726 2730 2737
2735 2729 2737
2734 2738 2733
2733 2738 2731
2736 2738 2734
2739 2732 2731
2739 2740 2732
2741 2731 2738
2736 2741 2738
2741 2739 2731
2742 2737 2730
2735 2737 2742
2743 2740 2739
2743 2744 2740
2745 2739 2741
2736 2745 2741
2745 2743 2739
2746 2744 2743
2746 2747 2744
2736 2748 2745
2736 2719 2748
2749 2743 2745
2748 2749 2745
2749 2746 2743
2750 2747 2746
2750 2751 2747
2748 2752 2749
2748 2719 2752
2753 2746 2749
2752 2753 2749
2753 2750 2746
2754 2751 2750
2754 2755 2751
2756 2754 2750
2756 2750 2753
2757 2755 2754
2756 2757 2754
2757 2758 2755
2752 2759 2753
2752 2719 2759
2760 2753 2759
2760 2756 2753
2759 2719 2760
2761 2758 2757
2761 2762 2758
2761 2763 2762
2756 2764 2757
2764 2761 2757
2765 2756 2760
2760 2719 2765
2765 2764 2756
2765 2719 2766
2766 2764 2765
2766 2719 2767
2767 2719 2768
2766 2769 2764
2764 2769 2761
2767 2769 2766
2761 2770 2763
2769 2770 2761
2770 2771 2763
2767 2772 2769
2769 2772 2770
2768 2772 2767
2770 2773 2771
2772 2773 2770
2773 2774 2771
2768 2775 2772
2772 2775 2773
2773 2776 2774
2775 2776 2773
2776 2777 2774
2778 2775 2768
2768 2719 2778
2776 2779 2777
2779 2780 2777
2775 2781 2776
2778 2781 2775
2781 2779 2776
2779 2782 2780
2782 2783 2780
2784 2781 2778
2778 2719 2784
2781 2785 2779
2784 2785 2781
2785 2782 2779
2786 2785 2784
2784 2719 2786
2785 2787 2782
2786 2787 2785
2782 2788 2783
2787 2788 2782
2789 2787 2786
2786 2719 2789
2790 2783 2788
2790 2791 2783
2792 2791 2790
2792 2793 2791
2792 2794 2793
2792 2795 2794
2787 2796 2788
2796 2790 2788
2789 2796 2787
2796 2797 2790
2789 2797 2796
2797 2792 2790
2789 2719 2798
2789 2798 2797
2792 2799 2795
2799 2699 2795
2799 2730 2699
2742 2730 2799
2797 2800 2792
2800 2799 2792
2798 2800 2797
2800 2742 2799
2798 2719 2801
2798 2801 2800
2801 2742 2800
2801 2719 2735
2801 2735 2742
