byte offset: 0
first index: 0
index count: 14805
topology: trianglelist
format: DXGI_FORMAT_R16_UINT

0 1 2
3 1 4
3 5 1
6 5 3
6 7 5
8 7 6
8 9 7
10 9 8
10 11 9
12 11 10
12 13 11
14 13 12
14 15 13
16 15 14
16 17 15
18 17 16
18 19 17
20 19 18
20 21 19
22 19 21
22 17 19
17 23 15
17 22 23
15 24 13
15 23 24
13 24 25
13 25 26
26 25 27
26 27 28
28 27 29
28 29 30
30 29 31
30 31 32
32 31 33
32 33 1
31 34 33
31 35 34
29 35 31
29 36 35
27 36 29
27 37 36
38 39 27
38 27 40
40 41 38
24 42 40
24 43 42
23 43 24
23 44 43
22 44 23
22 45 44
46 47 22
46 48 47
46 49 48
50 51 52
53 51 54
53 54 55
56 53 55
56 57 53
55 54 58
54 59 58
59 60 58
60 61 58
62 58 61
55 58 62
62 61 63
64 55 62
64 62 63
64 56 55
56 64 65
64 63 66
65 64 66
65 66 67
68 57 56
56 65 68
68 69 57
70 69 68
65 70 68
70 71 69
72 71 70
72 73 71
65 74 70
72 70 74
65 67 75
65 75 74
76 73 72
76 77 73
78 77 76
78 79 77
72 74 80
76 72 80
81 75 67
81 67 82
83 78 76
76 80 83
74 84 80
74 75 84
80 84 85
80 85 83
75 86 84
87 83 85
88 86 75
88 75 81
87 89 83
83 89 78
90 89 87
90 78 89
90 87 91
92 86 88
92 93 86
94 90 91
91 95 94
96 95 93
96 93 92
97 94 95
97 95 96
88 98 92
88 99 98
92 98 100
92 100 96
81 99 88
81 101 99
102 101 81
102 81 82
96 100 103
96 103 97
82 104 102
82 105 104
106 104 105
106 107 104
108 107 106
108 109 107
108 110 109
103 111 97
103 112 111
111 94 97
112 113 111
112 114 113
111 115 94
113 115 111
115 90 94
116 113 114
116 114 117
113 118 115
116 118 113
116 119 118
117 120 116
120 119 116
117 121 120
120 121 122
120 122 123
123 122 124
123 124 125
120 126 119
123 126 120
123 127 126
128 127 123
128 123 125
128 125 129
128 129 130
131 129 125
131 125 132
133 129 131
134 129 133
135 136 119
135 115 136
135 137 115
115 137 90
138 90 137
139 137 135
139 138 137
140 139 135
135 119 141
140 135 141
142 141 119
142 140 141
142 119 143
144 142 143
144 145 142
146 145 144
138 147 90
90 147 78
147 148 78
147 149 148
138 149 147
138 150 149
138 151 150
138 139 151
140 151 139
140 152 151
140 153 152
142 154 140
140 154 153
145 154 142
155 153 154
145 155 154
155 156 153
157 156 155
145 157 155
157 158 156
145 159 157
146 159 145
160 159 146
160 157 159
160 146 161
162 160 161
163 158 157
160 163 157
163 164 158
162 165 160
165 163 160
166 165 162
167 164 163
165 167 163
166 167 165
167 168 164
167 166 169
170 171 172
173 174 172
173 175 174
176 175 173
177 174 175
174 177 178
177 175 179
176 180 175
179 175 180
179 180 181
182 180 176
181 180 183
182 183 180
181 183 184
185 183 186
185 186 187
188 189 182
190 188 182
190 191 188
190 192 191
190 193 192
194 192 193
188 195 196
188 197 195
198 199 197
198 200 199
201 202 203
204 205 206
207 208 209
210 211 212
213 214 215
216 217 213
216 213 218
219 217 216
219 220 217
221 220 219
221 222 220
223 222 221
223 224 222
224 223 225
224 225 226
227 226 225
227 225 228
229 216 218
229 218 230
231 230 218
232 216 229
232 219 216
233 219 232
233 221 219
234 221 233
234 223 221
235 223 234
235 236 223
237 236 235
237 238 236
239 238 237
239 240 238
241 227 242
243 244 245
246 247 248
249 250 251
252 253 254
255 256 254
255 257 256
258 257 255
258 255 259
258 259 260
258 260 261
262 263 261
262 264 263
265 266 267
265 267 268
268 267 269
268 269 270
271 268 270
272 265 268
271 272 268
272 273 265
274 272 271
275 273 272
274 276 272
275 272 276
277 276 274
278 275 276
277 279 276
278 276 279
280 279 277
280 278 279
281 282 283
281 283 284
284 283 285
284 285 286
287 284 286
281 284 288
287 288 284
281 288 289
290 289 288
291 288 287
290 288 291
291 287 292
293 290 291
294 291 292
293 291 294
294 292 295
294 296 293
295 296 294
297 298 299
297 300 298
298 300 301
298 301 302
300 303 301
297 304 300
300 304 303
297 305 304
304 306 303
305 307 304
304 307 306
305 308 307
307 309 306
308 310 307
307 310 309
308 311 310
310 312 309
311 313 310
310 313 312
311 314 313
312 313 315
312 315 316
317 316 315
314 318 313
317 318 319
314 319 318
320 321 322
320 322 323
324 320 323
323 322 325
324 323 326
323 325 327
326 323 327
327 325 328
326 327 329
327 328 330
329 327 330
330 328 331
329 330 332
330 331 333
332 330 333
333 331 334
332 333 335
333 334 336
335 333 336
336 334 337
335 336 338
336 337 339
338 336 339
337 340 339
338 339 341
340 341 339
342 343 344
342 344 345
346 342 345
345 344 347
346 345 348
345 347 349
348 345 349
349 347 350
348 349 351
349 350 352
351 349 352
351 352 353
352 350 354
353 352 355
352 354 355
353 355 356
354 357 355
356 355 357
354 358 357
356 357 359
360 357 358
360 359 357
361 362 363
361 364 362
364 365 362
366 364 361
364 367 365
366 368 364
368 367 364
369 368 366
368 370 367
369 371 368
371 370 368
372 371 369
371 373 370
372 374 371
374 373 371
375 374 372
374 376 373
375 377 374
377 376 374
377 375 378
377 379 376
379 377 378
380 381 382
380 383 381
383 384 381
383 385 384
386 383 380
387 385 383
386 388 383
387 383 388
389 388 386
390 387 388
389 391 388
390 388 391
392 391 389
392 390 391
393 394 395
393 396 394
396 397 394
398 396 393
396 399 397
398 400 396
400 399 396
401 400 398
400 402 399
401 403 400
403 402 400
401 404 403
403 405 402
406 405 403
407 408 409
407 410 408
411 410 407
411 412 410
413 412 411
413 414 412
415 414 413
415 416 414
415 417 416
418 408 419
418 419 420
420 419 421
420 421 422
422 421 423
422 423 424
424 423 425
424 425 426
426 425 427
426 427 428
427 429 428
430 431 432
433 430 432
433 432 434
435 433 434
435 434 436
437 435 436
437 438 435
439 438 437
439 437 440
439 440 79
439 79 78
441 442 443
444 442 441
442 444 445
444 446 445
447 446 444
446 447 448
449 442 445
446 449 445
442 449 450
442 450 451
446 452 449
446 448 453
452 446 453
453 448 454
452 453 455
453 454 456
455 453 456
456 454 457
455 456 458
456 457 459
458 456 459
459 457 460
458 459 461
459 460 462
461 459 462
461 462 463
462 464 465
466 462 465
467 461 466
467 466 468
468 466 469
468 469 470
470 469 471
470 471 472
469 473 471
469 474 473
471 473 475
472 471 476
471 475 476
477 476 475
472 476 478
477 479 476
478 476 479
478 479 480
479 481 480
482 481 479
483 484 485
483 485 486
487 488 483
487 489 488
486 490 491
486 491 492
493 494 495
493 496 494
497 496 493
497 498 496
498 497 499
500 501 502
500 502 503
500 503 504
504 503 505
504 505 506
506 505 507
506 507 508
508 507 509
508 509 510
510 509 511
510 511 512
512 511 513
512 513 467
514 515 516
514 516 517
514 517 518
516 519 517
520 518 517
519 520 517
519 521 520
520 522 518
523 520 521
524 522 520
523 524 520
524 525 522
524 523 526
527 525 524
524 526 528
527 524 528
528 526 529
527 528 530
528 529 530
527 530 531
532 530 529
532 531 530
532 529 533
532 534 531
535 532 533
535 536 532
537 534 532
537 538 534
537 539 538
536 535 540
537 541 539
536 540 541
542 539 541
543 541 540
542 541 543
543 540 544
545 543 544
546 542 543
545 546 543
546 547 542
546 545 548
549 547 546
546 548 549
549 550 547
551 549 548
550 549 551
552 553 554
555 554 553
555 556 554
557 556 555
557 555 558
559 557 558
559 560 557
561 560 559
561 559 562
561 563 560
561 562 564
563 561 565
561 564 565
563 565 566
565 564 567
566 565 568
565 567 568
566 568 569
570 568 567
571 569 568
570 571 568
571 572 569
573 571 570
574 572 571
574 571 573
575 576 577
578 575 577
578 579 575
579 578 580
579 580 581
580 582 581
580 583 582
583 584 582
583 585 584
585 586 584
587 578 577
587 577 588
577 589 588
578 587 590
578 590 580
580 590 591
580 591 583
583 591 592
583 592 585
593 585 592
593 594 585
585 594 586
595 594 593
596 586 594
595 596 594
596 597 586
598 596 595
599 597 596
598 600 596
599 596 600
600 598 601
599 600 602
600 601 602
599 602 603
604 602 601
605 603 602
604 605 602
606 607 608
609 606 608
609 610 606
611 610 609
611 612 610
613 612 611
613 614 612
615 614 613
615 616 614
617 616 615
617 618 616
619 618 617
619 620 618
620 619 621
620 621 622
619 623 621
619 624 623
624 619 617
624 617 625
625 617 615
625 615 626
626 615 613
626 613 627
627 613 611
627 611 628
628 611 609
628 609 629
629 609 608
629 608 630
631 630 608
632 633 634
632 635 633
632 636 635
632 637 636
638 636 637
638 639 636
640 639 638
640 638 641
641 638 642
638 637 642
642 637 643
642 643 644
645 644 633
645 646 644
646 645 647
646 647 648
648 647 649
648 649 650
650 649 651
642 644 652
642 652 653
654 652 644
655 653 652
654 655 652
655 656 653
655 654 657
656 655 658
655 657 658
657 650 658
656 658 659
660 659 658
650 651 661
661 651 662
658 650 663
658 663 660
661 663 650
664 660 663
661 664 663
664 665 660
661 662 666
666 664 661
667 665 664
666 667 664
667 668 665
669 666 662
669 667 666
669 662 670
669 670 671
672 668 667
669 672 667
672 673 668
674 673 672
669 671 675
672 669 675
674 672 676
672 675 676
677 674 676
678 675 671
676 675 678
678 671 679
678 679 680
677 676 681
676 678 681
678 680 682
681 678 682
683 682 680
677 681 684
681 682 684
677 684 685
683 686 682
686 684 682
687 685 684
686 687 684
687 688 685
689 688 687
683 690 686
683 691 690
692 690 691
692 691 693
694 692 693
687 686 695
689 687 696
687 695 696
697 689 696
696 695 698
694 699 698
694 697 699
697 696 699
696 698 699
700 701 702
703 701 700
703 704 701
705 704 703
704 706 701
701 706 707
704 708 706
705 709 704
710 709 705
710 711 709
712 711 710
712 713 711
714 713 712
714 715 713
716 715 714
717 715 716
717 718 715
717 719 718
720 721 722
720 722 723
723 722 724
723 724 725
726 725 724
726 727 725
728 727 726
728 729 727
730 729 728
730 731 729
732 731 730
732 733 731
734 733 732
734 735 733
735 734 736
737 738 739
738 737 740
738 740 741
741 740 742
741 742 743
743 742 744
743 744 745
745 744 746
745 746 747
747 746 748
747 748 749
750 749 748
750 751 749
752 751 750
752 753 751
754 755 756
756 757 754
756 758 757
759 758 756
759 760 758
759 761 760
758 760 762
758 762 763
760 764 762
761 765 760
760 765 764
761 766 765
765 767 764
768 765 766
765 768 767
768 766 769
770 767 768
771 768 769
770 768 771
771 769 772
773 770 771
774 771 772
773 771 774
774 772 775
776 773 774
777 774 775
776 774 777
777 775 778
779 776 777
777 778 780
779 777 781
777 780 782
783 779 781
783 781 784
785 782 780
785 780 786
785 786 787
785 787 788
789 788 787
789 790 788
791 790 789
792 783 784
792 784 793
794 792 793
791 795 794
794 795 792
796 797 798
798 797 759
799 800 801
801 800 802
801 802 803
804 803 802
804 802 805
804 805 806
804 806 807
807 806 808
807 808 809
809 808 810
809 810 811
811 810 812
811 812 813
812 814 813
812 815 814
815 816 814
810 817 812
817 815 812
808 818 810
810 818 817
806 819 808
808 819 818
806 820 819
821 820 806
818 822 817
818 823 822
819 823 818
819 824 823
820 824 819
825 817 822
817 825 815
820 826 824
825 827 815
825 828 827
815 827 816
827 828 829
830 826 820
821 830 820
830 831 826
816 827 832
827 829 832
816 832 833
832 834 833
832 835 834
829 835 832
829 836 835
821 837 830
837 831 830
821 802 837
838 837 802
837 839 831
838 840 837
840 839 837
840 841 839
842 841 840
842 840 800
843 844 845
844 843 846
844 846 847
847 846 848
847 848 849
849 848 850
849 850 851
851 850 852
851 852 853
853 852 854
853 854 855
855 854 856
855 856 857
854 858 856
854 859 858
857 856 860
857 860 861
862 859 863
862 864 859
865 864 852
865 866 864
867 866 865
867 868 866
869 868 867
869 870 868
871 870 869
871 872 870
872 871 873
856 874 875
856 875 876
877 878 879
880 878 877
880 881 878
882 881 880
882 883 881
884 883 882
884 885 883
886 885 884
886 887 885
886 888 887
886 889 888
890 891 892
890 893 891
890 894 893
895 893 894
896 895 894
895 897 893
898 895 896
899 897 895
898 899 895
899 900 897
901 899 898
902 900 899
901 902 899
902 903 900
904 903 902
905 902 901
904 902 905
905 901 906
904 905 907
907 905 906
907 906 908
904 907 909
910 907 908
911 909 907
910 911 907
912 911 910
911 913 909
913 911 912
912 910 914
913 912 915
916 912 914
917 915 912
916 918 912
917 912 918
919 918 916
919 917 918
920 921 922
920 923 921
923 924 921
925 923 920
923 926 924
925 927 923
927 926 923
928 927 925
927 929 926
928 930 927
930 929 927
931 930 928
930 932 929
931 933 930
933 932 930
933 931 934
933 935 932
935 933 934
936 937 938
939 936 938
939 940 936
940 941 936
941 940 942
942 940 939
941 942 943
942 939 944
945 943 942
945 942 944
939 946 944
939 947 946
944 946 948
944 948 949
945 944 949
949 948 950
945 951 943
951 952 943
953 951 945
953 945 949
953 954 951
953 955 954
949 950 956
953 949 956
953 957 955
956 957 953
956 950 958
950 959 958
958 959 960
955 957 961
955 961 962
962 961 963
963 961 964
962 963 965
956 966 957
961 957 966
966 956 958
961 966 964
964 966 958
958 960 967
964 958 967
967 960 968
967 968 969
969 968 970
969 970 971
972 969 971
972 964 967
972 967 973
971 970 974
971 974 975
972 971 976
974 977 975
974 978 977
979 977 978
979 980 977
981 977 980
977 982 975
981 982 977
983 982 981
983 976 982
983 972 976
976 984 982
976 985 984
983 986 972
972 986 964
964 986 987
963 964 987
987 986 988
987 988 989
963 987 989
988 990 989
963 989 990
988 991 990
990 991 992
990 992 993
993 992 994
993 994 995
996 990 993
996 997 990
998 997 963
965 963 997
965 997 999
999 997 996
999 996 1000
1001 996 993
1000 996 1001
1001 993 995
1000 1001 1002
1003 1002 1001
1003 1004 1002
1005 1004 1003
1006 1003 1001
1005 1003 1006
1006 1001 995
1005 1006 1007
1007 1006 995
1007 995 1008
1009 1010 1011
1009 1011 1012
1013 1009 1012
1013 1012 1014
1015 1013 1014
1015 1016 1013
1017 1016 1015
1017 1015 1018
1019 1017 1018
1019 1018 1020
1019 1021 1017
1022 1019 1020
1022 1020 1023
1019 1024 1021
1022 1024 1019
1024 1025 1021
1024 1026 1025
1027 1026 1024
1022 1027 1024
1027 1028 1026
1029 1022 1023
1029 1027 1022
1029 1023 1030
1031 1028 1027
1029 1031 1027
1031 1032 1028
1033 1029 1030
1033 1031 1029
1033 1030 1034
1035 1033 1034
1036 1032 1031
1033 1036 1031
1036 1037 1032
1035 1038 1033
1038 1036 1033
1039 1038 1035
1040 1037 1036
1038 1040 1036
1040 1038 1039
1040 1041 1037
1041 1040 1039
1042 1043 1044
1042 1044 1045
1045 1044 1046
1045 1046 1047
1047 1046 1048
1047 1048 1049
1049 1048 1050
1049 1050 1051
1048 1052 1050
1048 1053 1052
1054 1050 1052
1055 1051 1050
1054 1055 1050
1055 1056 1051
1057 1055 1054
1058 1056 1055
1057 1058 1055
1058 1059 1056
1058 1057 1060
1059 1058 1060
1061 1062 1063
1062 1064 1063
1062 1065 1064
1066 1064 1065
1066 1067 1064
1068 1067 1066
1068 1069 1067
1068 1070 1069
1068 1071 1070
1071 1072 1070
1071 1073 1072
1073 1074 1072
1070 1072 1075
1074 1075 1072
1070 1075 1076
1077 1070 1076
1074 1078 1075
1079 1078 1074
1076 1075 1080
1078 1080 1075
1076 1080 1081
1078 1082 1080
1083 1076 1081
1077 1076 1083
1083 1081 1084
1085 1082 1078
1079 1085 1078
1085 1086 1082
1085 1087 1086
1077 1083 1088
1084 1088 1083
1077 1088 1089
1084 1090 1088
1091 1089 1088
1079 1092 1085
1085 1092 1087
1079 1093 1092
1092 1094 1087
1095 1088 1090
1091 1088 1095
1095 1090 1096
1097 1091 1095
1097 1095 1096
1093 1098 1092
1092 1098 1094
1093 1099 1098
1100 1098 1099
1101 1094 1098
1100 1101 1098
1101 1102 1094
1103 1101 1100
1104 1102 1101
1103 1104 1101
1104 1105 1102
1106 1105 1104
1107 1104 1103
1106 1104 1107
1107 1103 1108
1109 1107 1108
1110 1106 1107
1109 1110 1107
1110 1111 1106
1112 1110 1109
1113 1111 1110
1112 1113 1110
1113 1114 1111
1115 1113 1112
1116 1114 1113
1115 1116 1113
1116 1117 1114
1118 1116 1115
1119 1117 1116
1118 1119 1116
1119 1120 1117
1119 1121 1120
1118 1122 1119
1119 1122 1121
1118 1123 1122
1122 1123 1124
1121 1122 1125
1122 1124 1125
1121 1125 1126
1127 1126 1125
1128 1125 1124
1127 1125 1128
1128 1124 1129
1130 1127 1128
1131 1128 1129
1130 1128 1131
1131 1129 1132
1131 1132 1133
1131 1133 1134
1130 1131 1134
1130 1134 1135
1136 1137 1138
1136 1138 1139
1140 1136 1139
1140 1139 1141
1142 1140 1141
1142 1141 1143
1144 1142 1143
1144 1145 1142
1146 1145 1144
1146 1144 1147
1148 1146 1147
1148 1147 1149
1150 1148 1149
1150 1151 1148
1152 1151 1150
1152 1150 1153
1154 1152 1153
1154 1153 1155
1156 1154 1155
1156 1155 1157
1158 1156 1157
1158 1157 1159
1160 1158 1159
1160 1159 1161
1162 1160 1161
1162 1161 1163
1164 1162 1163
1164 1163 1165
1166 1164 1165
1166 1165 1167
1168 1166 1167
1168 1167 1169
1170 1168 1169
1170 1169 1171
1172 1170 1171
1172 1171 1173
1174 1172 1173
1174 1173 1175
1176 1174 1175
1176 1175 1177
1178 1176 1177
1179 1180 1181
1179 1182 1180
1182 1183 1180
1182 1184 1183
1184 1185 1183
1184 1186 1185
1187 1185 1186
1187 1188 1185
1188 1187 1189
1188 1189 1190
1189 1191 1190
1189 1192 1191
1192 1193 1191
1192 1194 1193
1193 1194 1195
1193 1195 1196
1195 1197 1196
1195 1198 1197
1198 1199 1197
1198 1200 1199
1200 1201 1199
1200 1202 1201
1202 1203 1201
1202 1204 1203
1204 1205 1203
1204 1206 1205
1206 1207 1205
1206 1208 1207
1208 1209 1207
1208 1210 1209
1211 1209 1210
1211 1212 1209
1211 1213 1212
1211 1214 1213
1214 1215 1213
1214 1216 1215
1215 1216 1217
1215 1217 1218
1218 1217 1219
1218 1219 1220
1220 1219 1221
1220 1221 1222
1221 1223 1222
1224 1225 1226
1224 1227 1225
1227 1228 1225
1227 1229 1228
1229 1230 1228
1229 1231 1230
1231 1232 1230
1233 1234 1235
1234 1236 1235
1234 1237 1236
1238 1236 1237
1238 1239 1236
1238 1240 1239
1238 1241 1240
1241 1242 1240
1241 1243 1242
1244 1245 1246
1246 1247 1244
1246 1248 1247
1248 1249 1247
1248 1250 1249
1251 1249 1250
1251 1252 1249
1251 1253 1252
1251 1254 1253
1254 1255 1253
1254 1256 1255
1257 1255 1256
1257 1256 1258
1254 1259 1256
1258 1256 1259
1254 1260 1259
1261 1260 1254
1261 1254 1262
1262 1263 1261
1262 1264 1263
1264 1265 1263
1264 1266 1265
1265 1266 1267
1258 1259 1268
1269 1257 1258
1269 1258 1268
1269 1270 1257
1269 1268 1271
1272 1270 1269
1273 1269 1271
1272 1269 1273
1273 1271 1274
1273 1275 1272
1274 1276 1273
1273 1276 1275
1274 1277 1276
1276 1278 1275
1277 1279 1276
1276 1279 1278
1277 1280 1279
1279 1281 1278
1280 1282 1279
1279 1282 1281
1280 1283 1282
1284 1281 1282
1283 1285 1282
1284 1282 1285
1283 1286 1285
1285 1287 1284
1286 1288 1285
1285 1288 1287
1286 1289 1288
1288 1290 1287
1289 1291 1288
1288 1291 1290
1289 1292 1291
1290 1291 1293
1293 1291 1292
1290 1293 1294
1293 1292 1295
1293 1296 1294
1295 1297 1293
1293 1297 1296
1295 1298 1297
1297 1299 1296
1298 1300 1297
1297 1300 1299
1298 1301 1300
1302 1299 1300
1303 1300 1301
1302 1300 1303
1303 1301 1304
1303 1305 1302
1304 1306 1303
1303 1306 1305
1304 1307 1306
1306 1308 1305
1307 1309 1306
1306 1309 1308
1309 1310 1308
1307 1311 1309
1309 1312 1310
1311 1312 1309
1311 1313 1312
1314 1315 1316
1316 1315 1317
1316 1317 1318
1319 1318 1317
1319 1317 1320
1321 1319 1320
1321 1320 1322
1321 1322 1323
1321 1323 1324
1324 1323 1325
1324 1325 1326
1326 1325 1327
1323 1328 1325
1327 1325 1328
1323 1329 1328
1330 1329 1323
1327 1328 1331
1332 1327 1331
1329 1333 1328
1331 1328 1333
1329 1334 1333
1331 1333 1335
1336 1334 1329
1330 1336 1329
1336 1337 1334
1338 1331 1335
1332 1331 1338
1338 1335 1339
1338 1339 1340
1330 1341 1336
1337 1336 1341
1330 1342 1341
1337 1341 1343
1344 1341 1342
1332 1338 1345
1338 1340 1345
1332 1345 1346
1345 1340 1347
1348 1343 1341
1344 1348 1341
1348 1349 1343
1350 1348 1344
1350 1349 1348
1346 1345 1351
1345 1347 1351
1346 1351 1352
1353 1352 1351
1354 1351 1347
1353 1351 1354
1354 1347 1355
1356 1353 1354
1357 1354 1355
1356 1354 1357
1357 1355 1358
1359 1357 1358
1360 1356 1357
1359 1360 1357
1360 1361 1356
1362 1361 1360
1363 1360 1359
1362 1360 1363
1363 1359 1364
1365 1362 1363
1366 1363 1364
1365 1363 1366
1366 1364 1367
1368 1365 1366
1369 1366 1367
1368 1366 1369
1369 1367 1370
1371 1368 1369
1372 1369 1370
1371 1369 1372
1372 1370 1373
1372 1373 1374
1371 1372 1375
1372 1374 1375
1371 1375 1376
1375 1377 1376
1374 1378 1375
1375 1378 1377
1374 1379 1378
1380 1378 1379
1381 1377 1378
1380 1381 1378
1381 1382 1377
1383 1381 1380
1384 1382 1381
1383 1384 1381
1384 1385 1382
1384 1386 1385
1384 1387 1386
1383 1387 1384
1383 1388 1387
1389 1390 1391
1389 1392 1390
1393 1392 1389
1393 1394 1392
1395 1394 1393
1395 1396 1394
1397 1396 1395
1397 1395 1398
1399 1397 1398
1399 1400 1397
1401 1400 1399
1401 1402 1400
1403 1402 1401
1403 1401 1404
1405 1403 1404
1405 1406 1403
1407 1406 1405
1407 1408 1406
1409 1408 1407
1409 1410 1408
1411 1410 1409
1411 1412 1410
1413 1412 1411
1413 1414 1412
1415 1414 1413
1415 1416 1414
1417 1416 1415
1417 1418 1416
1419 1418 1417
1419 1420 1418
1421 1420 1419
1421 1422 1420
1423 1422 1421
1423 1424 1422
1425 1424 1423
1425 1426 1424
1427 1426 1425
1427 1428 1426
1429 1428 1427
1429 1430 1428
1431 1430 1429
1432 1433 1434
1432 1434 1435
1435 1434 1436
1435 1436 1437
1437 1436 1438
1437 1438 1439
1440 1439 1438
1440 1438 1441
1441 1442 1440
1441 1443 1442
1442 1443 1444
1442 1444 1445
1445 1444 1446
1445 1446 1447
1446 1448 1447
1446 1449 1448
1448 1449 1450
1448 1450 1451
1451 1450 1452
1451 1452 1453
1453 1452 1454
1453 1454 1455
1455 1454 1456
1455 1456 1457
1457 1456 1458
1457 1458 1459
1459 1458 1460
1459 1460 1461
1461 1460 1462
1461 1462 1463
1464 1463 1462
1464 1462 1465
1464 1465 1466
1464 1466 1467
1467 1466 1468
1467 1468 1469
1468 1470 1469
1468 1471 1470
1471 1472 1470
1471 1473 1472
1473 1474 1472
1473 1475 1474
1474 1475 1476
1477 1478 1479
1477 1479 1480
1480 1479 1481
1480 1481 1482
1482 1481 1483
1482 1483 1484
1484 1483 1485
1486 1487 1488
1488 1487 1489
1488 1489 1490
1491 1490 1489
1491 1489 1492
1491 1492 1493
1491 1493 1494
1494 1493 1495
1494 1495 1496
1497 1498 1499
1498 1497 1500
1498 1500 1501
1501 1500 1502
1501 1502 1503
1504 1503 1502
1504 1502 1505
1504 1505 1506
1504 1506 1507
1507 1506 1508
1507 1508 1509
1510 1509 1508
1510 1511 1509
1507 1509 1512
1511 1512 1509
1507 1512 1513
1514 1507 1513
1514 1515 1507
1515 1514 1516
1515 1516 1517
1517 1516 1518
1517 1518 1519
1518 1520 1519
1511 1521 1512
1522 1511 1510
1522 1521 1511
1522 1510 1523
1522 1524 1521
1525 1522 1523
1526 1524 1522
1525 1526 1522
1526 1527 1524
1526 1525 1528
1527 1526 1529
1526 1528 1529
1527 1529 1530
1529 1528 1531
1530 1529 1532
1529 1531 1532
1530 1532 1533
1532 1531 1534
1533 1532 1535
1532 1534 1535
1533 1535 1536
1537 1535 1534
1536 1535 1538
1537 1538 1535
1536 1538 1539
1538 1537 1540
1539 1538 1541
1538 1540 1541
1539 1541 1542
1541 1540 1543
1542 1541 1544
1541 1543 1544
1542 1544 1545
1543 1546 1544
1546 1545 1544
1543 1547 1546
1546 1548 1545
1546 1547 1549
1548 1546 1550
1546 1549 1550
1548 1550 1551
1550 1549 1552
1551 1550 1553
1550 1552 1553
1551 1553 1554
1555 1553 1552
1556 1554 1553
1555 1556 1553
1556 1557 1554
1556 1555 1558
1557 1556 1559
1556 1558 1559
1557 1559 1560
1559 1558 1561
1560 1559 1562
1559 1561 1562
1562 1561 1563
1560 1562 1564
1562 1563 1565
1564 1562 1565
1564 1565 1566
1567 1568 1569
1567 1570 1568
1571 1570 1567
1571 1572 1570
1570 1573 1568
1570 1574 1573
1572 1575 1570
1572 1576 1575
1575 1576 1577
1578 1573 1574
1575 1577 1578
1577 1579 1578
1578 1580 1573
1578 1581 1580
1582 1583 1584
1582 1585 1583
1585 1586 1583
1587 1585 1582
1585 1588 1586
1587 1589 1585
1589 1588 1585
1590 1589 1587
1589 1591 1588
1590 1592 1589
1591 1589 1592
1590 1593 1592
1591 1592 1594
1593 1594 1592
1595 1596 1597
1598 1597 1596
1598 1599 1597
1600 1599 1598
1600 1601 1599
1601 1600 1602
1601 1602 1603
1604 1603 1602
1601 1603 1605
1606 1601 1605
1607 1605 1603
1607 1608 1605
1609 1608 1607
1604 1610 1603
1607 1603 1610
1609 1607 1611
1611 1607 1610
1612 1610 1604
1611 1610 1612
1612 1604 1613
1614 1612 1613
1615 1609 1611
1612 1615 1611
1615 1616 1609
1614 1617 1612
1617 1615 1612
1618 1616 1615
1617 1618 1615
1618 1619 1616
1614 1620 1617
1620 1618 1617
1614 1621 1620
1622 1619 1618
1620 1622 1618
1622 1623 1619
1624 1623 1622
1625 1620 1621
1622 1620 1625
1625 1621 1626
1627 1625 1626
1624 1622 1628
1627 1624 1628
1627 1628 1625
1622 1625 1628
1629 1630 1631
1632 1630 1629
1632 1633 1630
1634 1633 1632
1634 1635 1633
1636 1635 1634
1636 1637 1635
1636 1638 1637
1636 1639 1638
1640 1638 1639
1640 1639 1641
1642 1643 1639
1642 1639 1644
1645 1642 1644
1645 1644 1646
1647 1645 1646
1647 1646 1648
1649 1647 1648
1649 1648 1650
1651 1649 1650
1652 1653 1654
1655 1654 1653
1655 1656 1654
1657 1656 1655
1658 1657 1655
1657 1659 1656
1657 1660 1659
1657 1661 1660
1661 1662 1660
1661 1663 1662
1663 1664 1662
1665 1664 1666
1667 1665 1666
1667 1666 1668
1669 1667 1668
1669 1668 1670
1671 1669 1670
1671 1670 1672
1673 1671 1672
1673 1672 1674
1675 1673 1674
1676 1677 1678
1676 1678 1679
1676 1679 1680
1681 1680 1679
1681 1682 1680
1681 1683 1682
1681 1684 1683
1685 1683 1684
1685 1686 1683
1686 1685 1687
1686 1687 1688
1688 1687 1689
1688 1689 1690
1690 1689 1691
1690 1691 1692
1693 1690 1692
1694 1692 1691
1693 1692 1695
1694 1696 1692
1696 1695 1692
1696 1697 1695
1698 1696 1694
1696 1699 1697
1698 1700 1696
1696 1700 1699
1700 1698 1701
1699 1700 1702
1700 1701 1703
1700 1703 1702
1701 1704 1703
1703 1704 1702
1705 1706 1707
1705 1707 1708
1709 1710 1711
1710 1712 1711
1710 1713 1712
1714 1711 1712
1715 1711 1714
1714 1712 1716
1713 1717 1712
1716 1712 1717
1716 1717 1718
1713 1719 1717
1717 1720 1718
1719 1721 1717
1717 1721 1720
1719 1722 1721
1722 1723 1721
1720 1721 1724
1721 1723 1724
1722 1725 1723
1723 1726 1724
1723 1725 1727
1728 1726 1723
1723 1727 1729
1728 1723 1729
1729 1727 1730
1730 1727 1731
1730 1731 1732
1728 1729 1733
1729 1730 1733
1728 1733 1734
1735 1730 1732
1733 1730 1735
1735 1732 1736
1734 1733 1737
1733 1735 1737
1734 1737 1738
1737 1739 1738
1740 1735 1736
1740 1736 1741
1735 1742 1737
1735 1740 1742
1737 1742 1739
1743 1742 1740
1743 1744 1742
1745 1744 1743
1742 1744 1746
1742 1746 1739
1745 1747 1744
1747 1746 1744
1745 1748 1747
1745 1749 1748
1749 1750 1748
1748 1750 1751
1748 1751 1752
1753 1752 1751
1754 1752 1753
1748 1752 1755
1754 1755 1752
1747 1748 1755
1756 1755 1754
1756 1757 1755
1747 1755 1757
1758 1757 1756
1747 1757 1759
1747 1759 1746
1758 1759 1757
1760 1746 1759
1760 1759 1758
1760 1758 1761
1760 1739 1746
1760 1761 1762
1739 1760 1763
1760 1762 1763
1739 1763 1764
1763 1762 1765
1764 1763 1766
1763 1765 1767
1763 1767 1766
1768 1767 1765
1769 1766 1767
1768 1769 1767
1769 1770 1766
1769 1771 1770
1772 1769 1768
1769 1773 1771
1772 1773 1769
1773 1774 1771
1773 1775 1774
1776 1774 1775
1772 1777 1773
1772 1778 1777
1779 1777 1778
1776 1775 1780
1779 1780 1777
1781 1776 1780
1781 1780 1779
1782 1783 1784
1783 1785 1784
1783 1786 1785
1786 1787 1785
1786 1788 1787
1789 1790 1783
1783 1790 1791
1783 1791 1792
1792 1791 1793
1792 1793 1794
1794 1795 1787
1793 1796 1794
1794 1796 1795
1793 1797 1796
1796 1797 1798
1796 1799 1795
1800 1796 1798
1796 1800 1799
1800 1798 1801
1800 1801 1802
1799 1800 1803
1800 1802 1803
1799 1803 1804
1803 1802 1805
1804 1803 1806
1803 1805 1806
1804 1806 1807
1808 1807 1806
1806 1809 1808
1805 1810 1806
1806 1810 1809
1805 1811 1810
1810 1811 1812
1810 1812 1813
1809 1810 1813
1809 1813 1814
1815 1816 1817
1815 1817 1818
1819 1815 1818
1818 1817 1820
1819 1818 1821
1818 1820 1822
1821 1818 1822
1822 1820 1823
1821 1822 1824
1822 1823 1825
1824 1822 1825
1824 1825 1826
1825 1827 1826
1828 1825 1823
1825 1829 1827
1828 1829 1825
1830 1827 1829
1828 1831 1829
1830 1829 1831
1828 1832 1831
1831 1832 1833
1830 1831 1834
1831 1833 1834
1830 1834 1835
1833 1836 1834
1836 1835 1834
1837 1838 1839
1839 1838 1840
1839 1840 1841
1842 1840 1838
1843 1842 1838
1842 1844 1840
1841 1840 1845
1844 1845 1840
1844 1846 1845
1841 1845 1847
1845 1846 1848
1847 1845 1849
1845 1848 1849
1847 1849 1850
1850 1849 1851
1848 1852 1849
1849 1852 1851
1850 1851 1853
1851 1852 1854
1851 1855 1853
1856 1851 1854
1851 1857 1855
1856 1857 1851
1857 1858 1855
1858 1859 1855
1858 1860 1859
1856 1861 1857
1857 1861 1858
1856 1862 1861
1863 1860 1858
1861 1863 1858
1863 1864 1860
1862 1865 1861
1861 1865 1863
1862 1866 1865
1865 1866 1867
1868 1864 1863
1868 1869 1864
1863 1865 1870
1863 1870 1868
1865 1867 1870
1871 1868 1870
1871 1870 1872
1873 1871 1872
1870 1874 1872
1870 1867 1874
1873 1872 1875
1875 1872 1874
1873 1875 1876
1873 1876 1877
1877 1876 1878
1876 1879 1878
1876 1880 1879
1881 1879 1880
1882 1881 1880
1876 1883 1880
1882 1880 1883
1875 1883 1876
1884 1882 1883
1884 1883 1885
1875 1885 1883
1886 1884 1885
1875 1887 1885
1875 1874 1887
1886 1885 1887
1888 1887 1874
1888 1886 1887
1888 1889 1886
1888 1874 1867
1888 1890 1889
1867 1891 1888
1888 1891 1890
1867 1892 1891
1891 1893 1890
1892 1894 1891
1891 1895 1893
1894 1895 1891
1896 1893 1895
1897 1895 1894
1896 1895 1897
1897 1894 1898
1897 1898 1899
1900 1896 1897
1897 1899 1901
1900 1897 1901
1901 1899 1902
1900 1901 1903
1901 1902 1903
1900 1903 1904
1905 1903 1902
1906 1904 1903
1905 1907 1903
1906 1903 1907
1908 1907 1905
1908 1906 1907
1909 1910 1911
1911 1910 1912
1911 1912 1913
1913 1912 1914
1913 1914 1915
1915 1914 1916
1915 1916 1917
1917 1916 1918
1917 1918 1919
1918 1920 1919
1918 1921 1920
1921 1922 1920
1921 1923 1922
1922 1923 1924
1924 1925 1922
1919 1920 1926
1919 1926 1927
1919 1927 1928
1919 1928 1917
1917 1928 1929
1920 1930 1926
1920 1922 1930
1931 1917 1929
1931 1932 1917
1933 1932 1931
1933 1931 1934
1911 1933 1934
1911 1934 1935
1936 1911 1935
1930 1922 1937
1930 1937 1938
1937 1939 1938
1925 1937 1922
1937 1940 1939
1925 1940 1937
1925 1941 1940
1942 1943 1944
1942 1945 1943
1946 1945 1942
1945 1947 1943
1946 1948 1945
1945 1949 1947
1948 1949 1945
1949 1950 1947
1948 1951 1949
1949 1952 1950
1951 1952 1949
1951 1953 1952
1952 1953 1954
1955 1950 1952
1952 1954 1956
1955 1952 1956
1957 1956 1954
1955 1956 1958
1957 1958 1956
1955 1958 1959
1958 1960 1959
1957 1961 1958
1958 1961 1960
1957 1962 1961
1960 1961 1963
1963 1961 1962
1964 1965 1966
1964 1967 1965
1965 1967 1968
1969 1965 1968
1969 1968 1970
1967 1971 1968
1971 1970 1968
1972 1971 1967
1972 1967 1964
1973 1972 1964
1973 1964 1974
1974 1964 1975
1974 1975 1976
1971 1977 1970
1978 1970 1977
1978 1977 1979
1980 1978 1979
1981 1970 1978
1981 1982 1970
1980 1983 1978
1983 1981 1978
1983 1980 1984
1983 1985 1981
1985 1983 1984
1986 1987 1988
1986 1988 1989
1989 1988 1990
1991 1986 1989
1989 1990 1992
1991 1989 1993
1993 1989 1992
1994 1991 1993
1993 1992 1995
1994 1993 1996
1996 1993 1995
1996 1995 1997
1998 1994 1996
1999 1996 1997
1998 1996 1999
1999 1997 2000
2001 1999 2000
1998 1999 2002
2001 2002 1999
1998 2002 2003
2001 2004 2002
2002 2004 2003
2005 2006 2007
2005 2007 2008
2009 2005 2008
2009 2008 2010
2011 2008 2007
2012 2010 2008
2011 2012 2008
2012 2013 2010
2012 2014 2013
2011 2015 2012
2012 2015 2014
2011 2016 2015
2017 2014 2015
2018 2015 2016
2017 2015 2019
2018 2020 2015
2021 2017 2019
2022 2020 2018
2021 2019 2023
2022 2023 2020
2024 2021 2023
2024 2023 2022
2025 2026 2027
2025 2028 2026
2029 2028 2025
2029 2030 2028
2031 2030 2029
2031 2032 2030
2033 2032 2031
2033 2034 2032
2034 2033 2035
2036 2034 2035
2034 2036 2037
2034 2037 2032
2032 2037 2038
2032 2038 2030
2030 2038 2039
2030 2039 2028
2028 2039 2040
2028 2040 2026
2026 2040 2041
2026 2041 2042
2043 2044 2045
2043 2046 2044
2046 2043 2047
2046 2048 2044
2046 2047 2049
2049 2047 2050
2046 2051 2048
2052 2048 2051
2052 2051 2053
2051 2054 2053
2054 2051 2046
2054 2055 2053
2054 2056 2055
2054 2046 2057
2046 2049 2057
2058 2056 2054
2058 2054 2057
2058 2057 2049
2058 2059 2056
2059 2058 2060
2058 2049 2061
2049 2050 2061
2058 2061 2060
2062 2061 2050
2060 2061 2063
2063 2061 2062
2063 2064 2060
2060 2064 2065
2063 2066 2064
2067 2064 2066
2063 2068 2066
2063 2069 2068
2063 2062 2069
2062 2070 2069
2071 2069 2070
2062 2072 2070
2073 2072 2062
2062 2050 2074
2073 2062 2074
2074 2050 2075
2050 2076 2075
2075 2076 2077
2073 2074 2078
2074 2075 2078
2078 2075 2077
2073 2078 2079
2078 2077 2080
2079 2078 2080
2079 2080 2081
2082 2083 2084
2082 2085 2083
2085 2086 2083
2087 2085 2082
2087 2082 2088
2087 2088 2089
2085 2090 2086
2090 2085 2087
2090 2091 2086
2087 2089 2092
2093 2092 2089
2093 2094 2092
2092 2095 2087
2090 2087 2095
2094 2096 2092
2092 2096 2095
2094 2097 2096
2090 2098 2091
2098 2099 2091
2100 2090 2095
2096 2100 2095
2100 2098 2090
2097 2101 2096
2096 2101 2100
2097 2102 2101
2098 2103 2099
2100 2103 2098
2103 2104 2099
2105 2101 2102
2105 2102 2106
2107 2105 2106
2108 2100 2101
2100 2108 2103
2108 2101 2105
2103 2109 2104
2108 2109 2103
2109 2110 2104
2107 2111 2105
2111 2108 2105
2112 2111 2107
2108 2113 2109
2111 2113 2108
2109 2113 2114
2111 2114 2113
2109 2115 2110
2109 2114 2115
2111 2112 2116
2111 2116 2114
2117 2116 2112
2117 2114 2116
2112 2118 2117
2117 2118 2119
2120 2110 2115
2120 2121 2110
2120 2122 2121
2123 2115 2114
2123 2120 2115
2117 2123 2114
2120 2124 2122
2123 2124 2120
2124 2125 2122
2117 2119 2126
2126 2119 2127
2117 2128 2123
2117 2126 2128
2123 2128 2124
2126 2127 2129
2129 2128 2126
2129 2127 2130
2129 2130 2131
2129 2131 2128
2124 2128 2132
2124 2132 2133
2124 2133 2125
2134 2133 2132
2125 2133 2135
2134 2135 2133
2125 2135 2136
2137 2136 2135
2138 2135 2134
2137 2135 2138
2138 2134 2139
2137 2138 2140
2137 2140 2141
2138 2139 2142
2140 2138 2142
2139 2143 2142
2142 2143 2144
2142 2144 2145
2140 2142 2145
2146 2145 2144
2147 2141 2140
2140 2145 2147
2147 2148 2141
2146 2149 2145
2150 2149 2146
2150 2151 2149
2152 2151 2150
2152 2153 2151
2154 2147 2145
2155 2153 2152
2156 2148 2147
2154 2156 2147
2156 2157 2148
2158 2157 2156
2158 2156 2154
2158 2159 2157
2160 2159 2158
2160 2161 2159
2160 2162 2161
2155 2163 2153
2164 2163 2155
2164 2165 2163
2166 2165 2164
2153 2163 2167
2165 2167 2163
2153 2167 2168
2168 2169 2153
2165 2170 2167
2166 2171 2165
2171 2170 2165
2172 2171 2166
2171 2173 2170
2172 2174 2171
2174 2173 2171
2174 2175 2173
2176 2174 2172
2177 2175 2174
2176 2177 2174
2177 2178 2175
2177 2179 2178
2177 2180 2179
2181 2179 2180
2181 2182 2179
2183 2177 2176
2183 2176 2184
2185 2183 2184
2185 2186 2183
2187 2182 2181
2187 2188 2182
2189 2188 2187
2189 2187 2190
2191 2189 2190
2192 2186 2185
2192 2193 2186
2194 2193 2192
2191 2194 2195
2194 2192 2195
2196 2197 2198
2199 2197 2196
2199 2200 2197
2201 2200 2199
2201 2202 2200
2203 2202 2201
2203 2204 2202
2205 2204 2203
2205 2206 2204
2205 2207 2206
2205 2208 2207
2209 2207 2208
2209 2210 2207
2211 2210 2209
2211 2209 2212
2211 2212 2213
2211 2213 2214
2215 2213 2216
2215 2216 2217
2218 2217 2216
2218 2219 2217
2218 2220 2219
2221 2222 2223
2224 2223 2222
2224 2225 2223
2226 2225 2224
2226 2227 2225
2226 2228 2227
2226 2229 2228
2230 2231 2229
2230 2229 2232
2233 2230 2232
2233 2232 2234
2235 2233 2234
2235 2236 2233
2237 2236 2235
2237 2238 2236
2234 2232 2239
2234 2239 2240
2241 2234 2240
2241 2235 2234
2235 2241 2242
2235 2242 2237
2232 2243 2239
2232 2244 2243
2245 2243 2244
2245 2246 2243
2246 2245 2247
2246 2247 2248
2247 2249 2248
2247 2250 2249
2251 2249 2250
2237 2242 2252
2237 2252 2253
2254 2237 2253
2254 2238 2237
2252 2255 2253
2255 2254 2253
2252 2162 2255
2160 2255 2162
2256 2255 2160
2255 2257 2254
2256 2257 2255
2160 2258 2256
2160 2158 2258
2158 2154 2258
2257 2256 2259
2258 2259 2256
2257 2259 2260
2254 2257 2260
2258 2261 2259
2154 2261 2258
2154 2262 2261
2263 2262 2154
2254 2260 2264
2264 2238 2254
2264 2265 2238
2238 2265 2266
2238 2266 2267
2267 2266 2268
2267 2268 2269
2268 2270 2269
2268 2271 2270
2271 2272 2270
2271 2273 2272
2272 2273 2274
2272 2274 2275
2275 2274 2276
2275 2276 2277
2277 2276 2278
2238 2279 2280
2280 2279 2281
2280 2281 2282
2281 2283 2282
2281 2284 2283
2284 2228 2283
2284 2285 2228
2285 2286 2228
2285 2287 2286
2286 2287 2288
2286 2288 2289
2288 2290 2289
2291 2292 2293
2293 2292 2294
2293 2294 2295
2295 2294 2296
2295 2296 2297
2297 2296 2298
2297 2298 2299
2300 2299 2301
2300 2301 2302
2303 2300 2302
2303 2302 2304
2304 2305 2303
2304 2306 2305
2305 2306 2307
2305 2307 2308
2308 2307 2309
2308 2309 2310
2309 2311 2310
2309 2312 2311
2313 2311 2312
2313 2314 2311
2314 2313 2315
2314 2315 2316
2316 2315 2317
2316 2317 2318
2318 2317 2319
2318 2319 2320
2320 2319 2321
2320 2321 2322
2322 2321 2323
2324 2323 2321
2325 2323 2324
2326 2327 2328
2329 2328 2327
2329 2330 2328
2330 2329 2331
2330 2331 2332
2332 2331 2333
2332 2333 2334
2334 2333 2335
2334 2335 2336
2337 2336 2335
2337 2338 2336
2339 2338 2337
2339 2340 2338
2341 2340 2339
2341 2342 2340
2343 2342 2341
2343 2344 2342
2345 2344 2343
2345 2346 2344
2347 2346 2345
2347 2348 2346
2349 2348 2347
2349 2350 2348
2351 2350 2349
2351 2352 2350
2353 2352 2351
2353 2351 2354
2355 2353 2354
2355 2356 2353
2357 2358 2355
2357 2359 2358
2359 2357 2360
2359 2360 2361
2362 2361 2360
2363 2364 2362
2365 2364 2363
2365 2363 2366
2367 2365 2366
2367 2366 2368
2369 2367 2368
2369 2368 2370
2371 2369 2370
2371 2370 2372
2373 2371 2372
2373 2372 2374
2375 2373 2374
2375 2374 2376
2377 2375 2376
2377 2376 2378
2379 2377 2378
2379 2378 2380
2381 2379 2380
2381 2380 2382
2382 2383 2381
2382 2384 2383
2384 2385 2383
2384 2386 2385
2386 2387 2385
2386 2388 2387
2388 2389 2387
2388 2390 2389
2389 2390 2391
2392 2393 2394
2395 2392 2394
2395 2394 2396
2397 2395 2396
2397 2396 2398
2399 2397 2398
2399 2400 2397
2401 2400 2399
2401 2402 2400
2403 2402 2401
2403 2401 2404
2404 2401 2405
2404 2405 2406
2403 2404 2407
2404 2406 2407
2403 2407 2408
2407 2406 2409
2408 2407 2410
2407 2409 2410
2408 2410 2411
2412 2410 2409
2413 2411 2410
2412 2413 2410
2413 2414 2411
2413 2412 2415
2416 2414 2413
2413 2415 2416
2416 2417 2414
2418 2417 2416
2418 2419 2417
2420 2416 2415
2420 2418 2416
2421 2419 2418
2421 2422 2419
2421 2423 2422
2424 2421 2418
2424 2418 2420
2424 2423 2421
2425 2420 2415
2426 2425 2415
2424 2427 2423
2420 2428 2424
2428 2427 2424
2425 2429 2420
2420 2429 2428
2423 2427 2430
2423 2430 2431
2431 2430 2432
2431 2432 2433
2427 2434 2430
2434 2432 2430
2428 2435 2427
2427 2435 2434
2429 2436 2428
2436 2435 2428
2433 2432 2437
2433 2437 2438
2437 2439 2438
2425 2440 2429
2429 2440 2436
2434 2441 2432
2437 2432 2441
2435 2442 2434
2436 2443 2435
2435 2443 2442
2444 2441 2434
2444 2434 2442
2436 2445 2443
2436 2446 2445
2440 2446 2436
2443 2445 2447
2443 2447 2442
2442 2447 2448
2442 2448 2444
2440 2449 2446
2444 2448 2450
2451 2449 2440
2425 2451 2440
2451 2452 2449
2444 2450 2453
2450 2454 2453
2441 2444 2453
2453 2454 2455
2456 2451 2425
2426 2456 2425
2457 2452 2451
2456 2457 2451
2457 2458 2452
2459 2458 2457
2459 2457 2460
2460 2457 2456
2461 2459 2460
2462 2456 2426
2460 2456 2462
2462 2426 2463
2464 2462 2463
2461 2460 2465
2462 2465 2460
2465 2466 2461
2464 2467 2462
2462 2467 2465
2468 2467 2464
2466 2465 2469
2467 2469 2465
2466 2469 2470
2468 2471 2467
2467 2471 2469
2472 2470 2469
2472 2469 2471
2472 2473 2470
2474 2473 2472
2475 2471 2468
2472 2471 2475
2475 2468 2476
2475 2476 2477
2474 2472 2478
2478 2472 2475
2479 2474 2478
2475 2477 2480
2478 2475 2480
2479 2478 2481
2481 2478 2480
2482 2480 2477
2481 2480 2482
2482 2477 2483
2482 2483 2484
2482 2484 2485
2481 2482 2485
2486 2485 2484
2487 2479 2481
2481 2485 2487
2487 2488 2479
2486 2489 2485
2489 2487 2485
2490 2488 2487
2489 2490 2487
2486 2491 2489
2486 2492 2491
2493 2491 2492
2493 2494 2491
2490 2495 2488
2496 2494 2493
2497 2495 2490
2498 2497 2490
2497 2499 2495
2498 2500 2497
2496 2501 2494
2501 2500 2494
2501 2497 2500
2501 2499 2497
2496 2502 2501
2501 2502 2499
2503 2504 2505
2504 2506 2505
2504 2507 2506
2507 2508 2506
2507 2509 2508
2509 2510 2508
2509 2511 2510
2512 2513 2514
2512 2515 2513
2515 2516 2513
2515 2517 2516
2517 2518 2516
2519 2520 2521
2522 2520 2519
2522 2519 2523
2524 2522 2523
2524 2523 2525
2526 2524 2525
2526 2525 2527
2526 2527 2528
2526 2528 2529
2527 2530 2528
2527 2531 2530
2532 2531 2527
2532 2527 2533
2534 2532 2533
2534 2533 2535
2535 2536 2534
2530 2537 2528
2530 2538 2537
2539 2537 2538
2528 2537 2540
2528 2540 2541
2537 2542 2540
2537 2543 2542
2539 2543 2537
2544 2542 2543
2545 2543 2539
2544 2543 2545
2545 2539 2546
2547 2544 2545
2548 2545 2546
2547 2545 2548
2548 2546 2549
2548 2549 2550
2547 2548 2551
2548 2550 2551
2547 2551 2552
2551 2553 2552
2550 2554 2551
2551 2554 2553
2550 2555 2554
2556 2553 2554
2557 2554 2555
2558 2556 2554
2557 2558 2554
2559 2556 2558
2557 2559 2558
2559 2560 2556
2557 2561 2559
2562 2560 2559
2561 2562 2559
2562 2563 2560
2561 2564 2562
2565 2563 2562
2564 2565 2562
2565 2566 2563
2564 2567 2565
2568 2566 2565
2567 2568 2565
2567 2569 2568
2570 2571 2572
2573 2571 2570
2573 2570 2574
2575 2573 2574
2575 2574 2576
2577 2575 2576
2577 2578 2575
2579 2578 2577
2579 2577 2580
2579 2580 2581
2579 2581 2582
2583 2582 2581
2583 2581 2584
2583 2584 2585
2586 2583 2585
2585 2587 2586
2588 2587 2585
2588 2585 2589
2590 2588 2589
2590 2589 2591
2592 2590 2591
2592 2591 2593
2594 2595 2596
2597 2595 2594
2597 2594 2598
2598 2594 2599
2598 2599 2600
2598 2600 2601
2597 2598 2602
2598 2601 2602
2597 2602 2603
2602 2604 2603
2601 2605 2602
2602 2605 2604
2601 2606 2605
2605 2607 2604
2608 2605 2606
2605 2609 2607
2608 2609 2605
2610 2607 2609
2610 2609 2608
2611 2612 2613
2614 2611 2613
2614 2615 2611
2616 2615 2614
2616 2614 2617
2618 2616 2617
2619 2611 2615
2619 2615 2616
2618 2620 2616
2621 2620 2618
2619 2622 2611
2622 2623 2611
2616 2620 2624
2621 2625 2620
2624 2620 2625
2619 2616 2626
2616 2624 2626
2627 2625 2621
2627 2621 2628
2624 2625 2629
2629 2625 2627
2628 2630 2627
2628 2631 2630
2622 2619 2632
2632 2619 2626
2626 2624 2633
2633 2624 2629
2629 2627 2634
2627 2630 2634
2631 2635 2630
2631 2636 2635
2632 2626 2637
2626 2633 2637
2633 2629 2638
2638 2629 2634
2636 2639 2635
2636 2640 2639
2640 2641 2639
2640 2642 2641
2643 2639 2641
2643 2644 2639
2635 2639 2644
2635 2644 2645
2630 2635 2645
2630 2645 2646
2634 2630 2646
2634 2646 2647
2638 2634 2647
2638 2647 2648
2649 2638 2648
2649 2633 2638
2637 2633 2649
2637 2649 2650
2651 2637 2650
2651 2632 2637
2652 2632 2651
2652 2651 2653
2622 2632 2652
2654 2652 2653
2655 2622 2652
2654 2655 2652
2655 2656 2622
2622 2656 2623
2657 2655 2654
2655 2657 2656
2657 2654 2658
2656 2657 2659
2656 2659 2623
2659 2660 2623
2661 2623 2660
2662 2623 2661
2662 2661 2663
2664 2623 2662
2665 2623 2664
2666 2665 2664
2666 2664 2667
2668 2666 2667
2668 2667 2669
2670 2668 2669
2671 2667 2664
2671 2669 2667
2664 2662 2672
2671 2664 2672
2673 2662 2663
2673 2672 2662
2670 2669 2674
2675 2670 2674
2663 2676 2673
2663 2677 2676
2673 2678 2672
2676 2678 2673
2678 2671 2672
2676 2679 2678
2679 2680 2678
2678 2680 2671
2679 2681 2680
2671 2682 2669
2680 2682 2671
2682 2674 2669
2681 2683 2680
2680 2683 2682
2681 2684 2683
2682 2685 2674
2683 2685 2682
2684 2686 2683
2683 2686 2685
2684 2687 2686
2685 2688 2674
2675 2674 2688
2687 2689 2686
2687 2690 2689
2689 2690 2691
2686 2692 2685
2685 2692 2688
2686 2689 2692
2693 2675 2688
2692 2693 2688
2693 2694 2675
2689 2691 2695
2689 2695 2692
2692 2695 2693
2695 2691 2696
2694 2693 2697
2693 2695 2697
2695 2696 2697
2694 2697 2698
2697 2696 2699
2698 2697 2700
2697 2699 2700
2698 2700 2701
2700 2699 2702
2701 2700 2703
2700 2702 2703
2704 2703 2702
2701 2703 2705
2704 2706 2703
2705 2703 2706
2705 2706 2707
2708 2709 2710
2709 2711 2710
2709 2712 2711
2712 2713 2711
2714 2713 2712
2715 2713 2714
2715 2714 2716
2715 2716 2717
2715 2717 2718
2717 2719 2718
2717 2720 2719
2721 2719 2720
2721 2720 2722
2723 2721 2722
2724 2725 2726
2727 2724 2726
2727 2728 2724
2729 2728 2727
2729 2730 2728
2731 2730 2729
2731 2732 2730
2733 2732 2731
2733 2734 2732
2733 2735 2734
2733 2736 2735
2737 2735 2736
2737 2738 2735
2739 2740 2741
2739 2741 2742
2742 2743 2739
2742 2741 2744
2742 2745 2743
2745 2746 2743
2742 2744 2747
2748 2747 2744
2748 2749 2747
2747 2749 2750
2750 2742 2747
2750 2749 2751
2750 2751 2752
2750 2753 2742
2742 2753 2745
2754 2750 2752
2754 2753 2750
2754 2745 2753
2754 2752 2755
2755 2756 2754
2754 2757 2745
2745 2757 2746
2754 2756 2757
2758 2746 2757
2756 2759 2757
2759 2758 2757
2759 2756 2760
2756 2761 2760
2759 2760 2762
2763 2762 2760
2759 2762 2764
2759 2764 2765
2759 2765 2758
2758 2765 2766
2767 2766 2765
2758 2766 2768
2769 2758 2768
2758 2770 2746
2769 2770 2758
2770 2771 2746
2746 2771 2772
2771 2773 2772
2769 2774 2770
2770 2774 2771
2774 2773 2771
2769 2775 2774
2774 2776 2773
2775 2776 2774
2775 2777 2776
2778 2779 2780
2778 2780 2781
2781 2780 2782
2783 2778 2781
2783 2784 2778
2783 2785 2784
2783 2786 2785
2787 2785 2786
2787 2786 2788
2789 2783 2781
2786 2783 2789
2788 2786 2790
2786 2789 2790
2788 2790 2791
2790 2792 2791
2790 2793 2792
2789 2793 2790
2794 2792 2793
2781 2782 2795
2789 2781 2795
2794 2793 2796
2797 2794 2796
2789 2798 2793
2798 2789 2795
2796 2793 2798
2782 2799 2795
2798 2795 2799
2782 2800 2799
2799 2800 2801
2797 2796 2802
2803 2797 2802
2798 2799 2804
2799 2801 2804
2796 2798 2805
2802 2796 2805
2798 2804 2805
2801 2806 2804
2801 2807 2806
2806 2807 2808
2804 2809 2805
2802 2805 2809
2804 2806 2809
2802 2809 2810
2806 2810 2809
2802 2811 2803
2802 2810 2811
2812 2803 2811
2812 2811 2810
2803 2812 2813
2812 2814 2813
2806 2808 2815
2806 2815 2810
2816 2815 2808
2816 2808 2817
2816 2817 2818
2819 2810 2815
2819 2815 2816
2812 2810 2819
2816 2818 2820
2819 2816 2820
2820 2818 2821
2812 2822 2814
2822 2823 2814
2812 2819 2824
2812 2824 2822
2819 2820 2824
2822 2825 2823
2825 2822 2824
2825 2826 2823
2825 2827 2826
2825 2824 2827
2820 2828 2824
2820 2829 2828
2820 2821 2829
2830 2828 2829
2821 2831 2829
2830 2829 2831
2821 2832 2831
2833 2831 2832
2834 2830 2831
2833 2834 2831
2834 2835 2830
2833 2836 2834
2833 2837 2836
2834 2838 2835
2836 2838 2834
2835 2838 2839
2838 2840 2839
2838 2841 2840
2836 2841 2838
2842 2840 2841
2843 2836 2837
2836 2843 2841
2843 2837 2844
2842 2841 2845
2846 2842 2845
2846 2845 2847
2848 2846 2847
2848 2847 2849
2850 2841 2843
2851 2848 2849
2852 2843 2844
2850 2843 2852
2852 2844 2853
2854 2852 2853
2854 2850 2852
2854 2853 2855
2856 2854 2855
2856 2855 2857
2856 2857 2858
2851 2849 2859
2860 2851 2859
2860 2859 2861
2862 2860 2861
2849 2863 2859
2861 2859 2863
2849 2864 2863
2864 2849 2865
2861 2863 2866
2862 2861 2867
2867 2861 2866
2868 2862 2867
2867 2866 2869
2868 2867 2870
2870 2867 2869
2870 2869 2871
2872 2868 2870
2873 2870 2871
2872 2870 2873
2873 2871 2874
2873 2874 2875
2873 2875 2876
2877 2876 2875
2877 2875 2878
2879 2872 2873
2879 2880 2872
2881 2880 2879
2881 2879 2882
2883 2877 2878
2883 2878 2884
2885 2883 2884
2885 2886 2883
2887 2886 2885
2888 2881 2882
2888 2882 2889
2890 2888 2889
2887 2891 2890
2890 2891 2888
2892 2893 2894
2895 2892 2894
2895 2894 2896
2897 2895 2896
2897 2896 2898
2899 2897 2898
2899 2898 2900
2901 2899 2900
2901 2900 2902
2901 2902 2903
2901 2903 2904
2905 2904 2903
2905 2903 2906
2907 2905 2906
2907 2908 2905
2907 2909 2908
2907 2910 2909
2911 2912 2909
2911 2913 2912
2914 2912 2913
2914 2913 2915
2914 2915 2916
2917 2918 2919
2920 2919 2918
2920 2918 2921
2922 2920 2921
2922 2921 2923
2922 2923 2924
2922 2924 2925
2926 2925 2927
2926 2928 2925
2929 2928 2926
2929 2930 2928
2931 2930 2929
2931 2929 2932
2933 2931 2932
2933 2932 2934
2930 2935 2928
2930 2936 2935
2937 2936 2930
2937 2930 2931
2931 2938 2937
2931 2933 2938
2928 2935 2939
2928 2939 2940
2941 2940 2939
2941 2939 2942
2942 2943 2941
2942 2944 2943
2943 2944 2945
2943 2945 2946
2947 2946 2945
2933 2948 2938
2933 2949 2948
2950 2949 2933
2950 2933 2934
2948 2949 2951
2951 2949 2950
2948 2951 2858
2856 2858 2951
2952 2856 2951
2951 2950 2953
2952 2951 2953
2856 2952 2954
2856 2954 2854
2854 2954 2850
2953 2955 2952
2954 2952 2955
2953 2956 2955
2950 2956 2953
2954 2955 2957
2850 2954 2957
2850 2957 2958
2959 2850 2958
2950 2960 2956
2960 2950 2934
2960 2934 2961
2934 2962 2961
2934 2963 2962
2963 2964 2962
2963 2965 2964
2964 2965 2966
2964 2966 2967
2967 2966 2968
2967 2968 2969
2968 2970 2969
2968 2971 2970
2971 2972 2970
2971 2973 2972
2973 2974 2972
2934 2975 2976
2975 2977 2976
2975 2978 2977
2977 2978 2979
2977 2979 2980
2980 2979 2924
2980 2924 2981
2981 2924 2982
2981 2982 2983
2982 2984 2983
2982 2985 2984
2984 2985 2986
2987 2988 2989
2988 2990 2989
2988 2991 2990
2991 2992 2990
2991 2993 2992
2993 2994 2992
2993 2995 2994
2996 2997 2995
2996 2998 2997
2999 2998 2996
2999 3000 2998
3000 2999 3001
3000 3001 3002
3001 3003 3002
3001 3004 3003
3004 3005 3003
3004 3006 3005
3005 3006 3007
3005 3007 3008
3009 3008 3007
3009 3007 3010
3010 3011 3009
3010 3012 3011
3012 3013 3011
3012 3014 3013
3014 3015 3013
3014 3016 3015
3016 3017 3015
3016 3018 3017
3018 3019 3017
3020 3017 3019
3021 3020 3019
3022 3023 3024
3025 3024 3023
3025 3023 3026
3026 3027 3025
3026 3028 3027
3028 3029 3027
3028 3030 3029
3030 3031 3029
3030 3032 3031
3033 3031 3032
3033 3032 3034
3035 3033 3034
3035 3034 3036
3037 3035 3036
3037 3036 3038
3039 3037 3038
3039 3038 3040
3041 3039 3040
3041 3040 3042
3043 3041 3042
3043 3042 3044
3045 3043 3044
3045 3044 3046
3047 3045 3046
3047 3046 3048
3049 3047 3048
3049 3050 3047
3051 3050 3049
3051 3049 3052
3053 3051 3054
3053 3054 3055
3055 3056 3053
3055 3057 3056
3058 3056 3057
3059 3058 3060
3061 3059 3060
3061 3062 3059
3063 3062 3061
3063 3064 3062
3065 3064 3063
3065 3066 3064
3067 3066 3065
3067 3068 3066
3069 3068 3067
3069 3070 3068
3071 3070 3069
3071 3072 3070
3073 3072 3071
3073 3074 3072
3075 3074 3073
3075 3076 3074
3077 3076 3075
3077 3078 3076
3078 3077 3079
3078 3079 3080
3080 3079 3081
3080 3081 3082
3082 3081 3083
3082 3083 3084
3084 3083 3085
3084 3085 3086
3085 3087 3086
3088 3089 3090
3091 3089 3088
3091 3092 3089
3093 3092 3091
3093 3094 3092
3095 3094 3093
3095 3093 3096
3097 3095 3096
3097 3096 3098
3099 3097 3098
3099 3100 3097
3100 3101 3097
3100 3102 3101
3099 3103 3100
3100 3103 3102
3099 3104 3103
3103 3105 3102
3104 3106 3103
3103 3106 3105
3104 3107 3106
3108 3105 3106
3109 3106 3107
3108 3106 3109
3109 3107 3110
3109 3111 3108
3112 3109 3110
3109 3112 3111
3112 3110 3113
3114 3112 3113
3114 3113 3115
3116 3111 3112
3116 3112 3114
3117 3114 3115
3117 3115 3118
3117 3118 3119
3120 3114 3117
3120 3116 3114
3120 3117 3119
3121 3111 3116
3122 3111 3121
3120 3119 3123
3116 3120 3124
3124 3120 3123
3121 3116 3125
3116 3124 3125
3119 3126 3123
3119 3127 3126
3127 3128 3126
3127 3129 3128
3123 3126 3130
3130 3126 3128
3124 3123 3131
3123 3130 3131
3125 3124 3132
3132 3124 3131
3129 3133 3128
3129 3134 3133
3133 3134 3135
3121 3125 3136
3125 3132 3136
3130 3128 3137
3133 3137 3128
3131 3130 3138
3132 3131 3139
3131 3138 3139
3140 3130 3137
3140 3138 3130
3132 3139 3141
3132 3141 3142
3136 3132 3142
3139 3143 3141
3139 3138 3143
3138 3144 3143
3138 3140 3144
3136 3142 3145
3140 3146 3144
3147 3136 3145
3121 3136 3147
3147 3145 3148
3140 3149 3146
3146 3149 3150
3137 3149 3140
3149 3151 3150
3152 3121 3147
3122 3121 3152
3153 3147 3148
3152 3147 3153
3153 3148 3154
3155 3153 3154
3155 3156 3153
3156 3152 3153
3156 3155 3157
3158 3122 3152
3156 3158 3152
3158 3159 3122
3160 3159 3158
3161 3156 3157
3158 3156 3161
3157 3162 3161
3160 3158 3163
3158 3161 3163
3164 3160 3163
3162 3165 3161
3163 3161 3165
3162 3166 3165
3164 3163 3167
3163 3165 3167
3168 3165 3166
3168 3167 3165
3168 3166 3169
3170 3168 3169
3171 3164 3167
3168 3171 3167
3171 3172 3164
3171 3173 3172
3170 3174 3168
3174 3171 3168
3175 3174 3170
3171 3176 3173
3174 3176 3171
3175 3177 3174
3177 3176 3174
3178 3173 3176
3177 3178 3176
3178 3179 3173
3178 3180 3179
3178 3181 3180
3177 3181 3178
3182 3180 3181
3183 3177 3175
3177 3183 3181
3183 3175 3184
3182 3181 3185
3185 3181 3183
3186 3183 3184
3185 3183 3186
3182 3185 3187
3182 3187 3188
3189 3188 3187
3189 3187 3190
3186 3184 3191
3192 3189 3190
3193 3186 3191
3194 3186 3193
3193 3191 3195
3194 3193 3196
3192 3190 3197
3197 3190 3196
3197 3196 3193
3197 3193 3195
3192 3197 3198
3197 3195 3198
3199 3200 3201
3201 3200 3202
3201 3202 3203
3203 3202 3204
3203 3204 3205
3205 3204 3206
3205 3206 3207
3208 3209 3210
3208 3210 3211
3211 3210 3212
3211 3212 3213
3213 3212 3214
3215 3216 3217
3218 3215 3217
3218 3219 3215
3220 3219 3218
3220 3221 3219
3222 3221 3220
3222 3223 3221
3222 3224 3223
3222 3225 3224
3223 3224 3226
3223 3226 3227
3228 3223 3227
3228 3229 3223
3230 3229 3228
3230 3231 3229
3231 3230 3232
3226 3224 3233
3226 3233 3234
3235 3234 3233
3224 3236 3233
3224 3237 3236
3233 3236 3238
3233 3238 3239
3235 3233 3239
3240 3239 3238
3241 3235 3239
3240 3241 3239
3241 3242 3235
3243 3241 3240
3244 3242 3241
3243 3244 3241
3244 3245 3242
3244 3246 3245
3243 3247 3244
3244 3247 3246
3243 3248 3247
3247 3248 3249
3246 3247 3250
3247 3249 3250
3246 3250 3251
3252 3250 3249
3253 3251 3250
3254 3250 3252
3253 3250 3254
3255 3254 3252
3253 3254 3255
3255 3252 3256
3253 3255 3257
3258 3255 3256
3257 3255 3258
3258 3256 3259
3257 3258 3260
3261 3258 3259
3260 3258 3261
3261 3259 3262
3260 3261 3263
3264 3261 3262
3263 3261 3264
3263 3264 3265
3266 3267 3268
3269 3266 3268
3269 3270 3266
3271 3270 3269
3271 3272 3270
3273 3272 3271
3273 3271 3274
3275 3273 3274
3275 3276 3273
3275 3277 3276
3275 3278 3277
3279 3277 3278
3279 3280 3277
3281 3280 3279
3279 3282 3281
3282 3283 3281
3284 3281 3283
3284 3285 3281
3286 3285 3284
3286 3287 3285
3288 3287 3286
3288 3289 3287
3290 3291 3292
3293 3290 3292
3293 3294 3290
3294 3295 3290
3294 3296 3295
3294 3297 3296
3293 3298 3294
3294 3298 3297
3293 3299 3298
3298 3299 3300
3297 3298 3301
3298 3300 3301
3297 3301 3302
3301 3300 3303
3304 3302 3301
3301 3303 3305
3304 3301 3305
3306 3305 3303
3306 3304 3305
3307 3308 3309
3309 3308 3310
3309 3310 3311
3311 3310 3312
3313 3311 3312
3314 3313 3312
3314 3315 3313
3314 3316 3315
3314 3317 3316
3316 3317 3318
3316 3318 3319
3320 3319 3318
3320 3321 3319
3322 3321 3320
3323 3324 3325
3326 3324 3323
3326 3323 3327
3328 3326 3327
3328 3327 3329
3330 3328 3329
3330 3329 3331
3332 3330 3331
3332 3331 3333
3332 3333 3334
3332 3334 3335
3336 3335 3334
3336 3334 3337
3338 3339 3340
3338 3341 3339
3342 3339 3341
3342 3343 3339
3344 3343 3342
3344 3342 3345
3345 3342 3346
3345 3346 3347
3348 3344 3345
3347 3348 3345
3348 3349 3344
3347 3350 3348
3351 3349 3348
3350 3351 3348
3351 3352 3349
3350 3353 3351
3354 3352 3351
3355 3351 3353
3354 3351 3355
3355 3353 3356
3355 3356 3357
3354 3355 3358
3355 3357 3358
3354 3358 3359
3358 3360 3359
3357 3361 3358
3358 3361 3360
3357 3362 3361
3361 3362 3363
3360 3361 3364
3361 3363 3364
3360 3364 3365
3366 3364 3363
3366 3365 3364
3367 3368 3369
3370 3369 3368
3370 3368 3371
3370 3371 3372
3370 3372 3373
3372 3374 3373
3372 3375 3374
3375 3376 3374
3375 3377 3376
3377 3378 3376
3377 3379 3378
3378 3379 3380
3378 3380 3381
3382 3381 3380
3380 3383 3382
3384 3382 3383
3384 3383 3385
3386 3384 3385
3386 3385 3387
3388 3386 3387
3388 3387 3389
3389 3390 3388
3391 3392 3393
3391 3393 3394
3395 3396 3397
3395 3397 3398
3399 3400 3401
3399 3401 3402
3403 3404 3405
3403 3405 3406
3407 3408 3409
3407 3409 3410
3410 3409 3411
3412 3407 3410
3413 3407 3412
3414 3413 3412
3410 3411 3415
3415 3411 3416
3412 3410 3417
3417 3410 3415
3415 3416 3418
3418 3416 3419
3420 3417 3415
3420 3415 3421
3421 3415 3418
3422 3417 3420
3422 3412 3417
3421 3418 3423
3423 3418 3424
3418 3419 3424
3423 3424 3425
3424 3426 3425
3419 3427 3424
3424 3427 3426
3419 3428 3427
3427 3428 3429
3427 3429 3430
3430 3426 3427
3430 3429 3431
3430 3432 3426
3432 3433 3426
3430 3431 3434
3434 3432 3430
3434 3431 3435
3436 3433 3432
3434 3436 3432
3434 3435 3437
3436 3434 3437
3436 3437 3438
3439 3437 3435
3439 3438 3437
3440 3441 3433
3442 3440 3433
3443 3440 3442
3439 3443 3444
3443 3442 3444
3445 3446 3447
3448 3447 3446
3448 3449 3447
3450 3449 3448
3449 3451 3447
3452 3447 3451
3449 3453 3451
3450 3454 3449
3454 3453 3449
3454 3455 3453
3456 3454 3450
3457 3455 3454
3456 3457 3454
3457 3458 3455
3459 3458 3457
3460 3457 3456
3459 3457 3460
3460 3456 3461
3462 3460 3461
3463 3459 3460
3462 3463 3460
3464 3463 3462
3463 3465 3459
3464 3466 3463
3466 3465 3463
3466 3467 3465
3468 3469 3414
3468 3414 3470
3412 3470 3414
3412 3422 3470
3470 3422 3471
3470 3471 3472
3471 3422 3473
3471 3473 3474
3422 3475 3473
3474 3473 3476
3475 3476 3473
3475 3477 3476
3474 3476 3478
3476 3477 3479
3478 3476 3480
3480 3476 3479
3478 3480 3481
3482 3480 3479
3481 3480 3482
3481 3482 3483
3482 3479 3484
3483 3482 3485
3485 3482 3484
3483 3485 3486
3485 3487 3486
3485 3484 3488
3488 3484 3489
3485 3490 3487
3488 3490 3485
3488 3489 3491
3492 3488 3491
3492 3493 3488
3488 3493 3490
3492 3494 3493
3492 3495 3494
3496 3494 3495
3497 3490 3493
3487 3490 3498
3497 3498 3490
3496 3498 3497
3487 3498 3499
3496 3499 3498
3500 3501 3489
3500 3489 3502
3503 3468 3504
3468 3505 3504
3506 3507 3508
3509 3506 3508
3509 3510 3506
3511 3510 3509
3511 3512 3510
3513 3512 3511
3513 3514 3512
3514 3513 3515
3514 3515 3516
3516 3515 3517
3516 3517 3518
3519 3520 3521
3520 3522 3521
3522 3523 3521
3520 3524 3522
3522 3525 3523
3524 3526 3522
3526 3525 3522
3526 3527 3525
3524 3528 3526
3529 3527 3526
3528 3530 3526
3529 3526 3530
3528 3531 3530
3532 3529 3530
3531 3532 3530
3532 3533 3529
3531 3534 3532
3534 3533 3532
3531 3535 3534
3534 3536 3533
3535 3537 3534
3537 3536 3534
3535 3538 3537
3537 3539 3536
3538 3540 3537
3540 3539 3537
3541 3542 3543
3544 3541 3543
3544 3545 3541
3546 3545 3544
3546 3547 3545
3548 3547 3546
3549 3546 3544
3549 3544 3550
3550 3544 3551
3550 3551 3552
3553 3552 3551
3554 3555 3556
3554 3557 3555
3554 3558 3557
3559 3557 3558
3559 3558 3560
3558 3561 3560
3562 3560 3561
3563 3559 3560
3562 3563 3560
3563 3564 3559
3563 3562 3565
3566 3564 3563
3563 3565 3567
3566 3563 3567
3565 3568 3567
3568 3566 3567
3565 3569 3568
3568 3570 3566
3568 3569 3571
3570 3568 3571
3569 3572 3571
3570 3571 3573
3571 3572 3574
3573 3571 3575
3571 3574 3575
3573 3575 3576
3575 3574 3577
3576 3575 3578
3575 3577 3578
3576 3578 3579
3580 3578 3577
3581 3579 3578
3580 3581 3578
3581 3582 3579
3583 3582 3581
3584 3581 3580
3583 3581 3584
3584 3580 3585
3586 3584 3585
3583 3584 3587
3586 3587 3584
3583 3587 3588
3589 3588 3587
3586 3590 3587
3589 3587 3590
3591 3590 3586
3592 3589 3590
3591 3592 3590
3592 3593 3589
3592 3594 3593
3591 3595 3592
3592 3595 3594
3591 3596 3595
3597 3594 3595
3598 3595 3596
3597 3595 3598
3598 3596 3599
3600 3597 3598
3600 3598 3599
3601 3602 3603
3602 3601 3604
3602 3604 3605
3606 3605 3604
3607 3606 3604
3607 3608 3606
3609 3608 3607
3609 3610 3608
3610 3609 3611
3610 3611 3612
3612 3611 3613
3612 3613 3614
3614 3613 3615
3614 3615 3616
3616 3615 3617
3616 3617 3618
3619 3620 3621
3619 3622 3620
3622 3619 3623
3622 3623 3624
3625 3624 3623
3625 3626 3624
3627 3626 3625
3628 3625 3623
3628 3623 3629
3625 3630 3627
3625 3628 3630
3631 3628 3629
3631 3629 3632
3633 3628 3631
3628 3633 3634
3628 3634 3630
3627 3630 3635
3627 3635 3636
3630 3637 3635
3630 3638 3637
3635 3637 3639
3636 3635 3640
3635 3639 3640
3636 3640 3641
3639 3642 3640
3642 3641 3640
3643 3644 3645
3645 3644 3646
3645 3646 3647
3647 3646 3648
3647 3648 3649
3649 3648 3650
3649 3650 3651
3652 3651 3650
3652 3650 3653
3654 3652 3653
3654 3655 3652
3656 3655 3654
3656 3654 3657
3658 3656 3657
3659 3660 3661
3659 3662 3660
3663 3662 3659
3663 3664 3662
3665 3664 3663
3665 3666 3664
3666 3665 3667
3666 3667 3668
3669 3667 3665
3669 3665 3670
3670 3665 3671
3670 3671 3672
3672 3671 3673
3672 3673 3674
3674 3673 3675
3675 3660 3676
3674 3675 3677
3675 3676 3678
3677 3675 3678
3676 3679 3678
3677 3678 3680
3679 3680 3678
3681 3682 3683
3684 3681 3683
3684 3683 3685
3686 3684 3685
3686 3687 3684
3688 3687 3686
3688 3689 3687
3690 3689 3688
3689 3691 3687
3690 3692 3689
3692 3691 3689
3693 3692 3690
3692 3694 3691
3693 3695 3692
3695 3694 3692
3696 3695 3693
3695 3697 3694
3696 3698 3695
3698 3697 3695
3698 3699 3697
3700 3698 3696
3701 3699 3698
3700 3701 3698
3700 3702 3701
3701 3703 3699
3702 3703 3701
3700 3704 3702
3702 3705 3703
3706 3702 3704
3707 3705 3702
3706 3708 3702
3709 3708 3706
3709 3707 3710
3707 3702 3710
3711 3712 3713
3712 3711 3714
3714 3711 3715
3714 3715 3716
3717 3716 3715
3717 3715 3718
3719 3717 3718
3719 3720 3717
3721 3719 3718
3722 3720 3719
3723 3719 3721
3722 3719 3723
3723 3721 3724
3723 3724 3725
3722 3723 3726
3723 3725 3726
3722 3726 3727
3726 3725 3728
3727 3726 3729
3726 3728 3729
3727 3729 3730
3729 3731 3730
3732 3729 3728
3729 3733 3731
3732 3733 3729
3734 3731 3733
3735 3733 3732
3734 3733 3735
3735 3732 3736
3737 3734 3735
3735 3736 3738
3737 3735 3739
3735 3738 3739
3740 3737 3739
3740 3739 3738
3740 3738 3741
3740 3742 3737
3743 3740 3741
3744 3742 3740
3743 3744 3740
3744 3745 3742
3743 3746 3744
3746 3745 3744
3743 3747 3746
3746 3748 3745
3749 3746 3747
3750 3748 3746
3749 3750 3746
3750 3751 3748
3752 3750 3749
3752 3749 3753
3754 3752 3753
3754 3753 3755
3756 3754 3755
3757 3751 3750
3757 3758 3751
3759 3758 3757
3759 3757 3760
3761 3759 3760
3762 3763 3764
3765 3762 3764
3765 3766 3762
3767 3766 3765
3767 3768 3766
3769 3768 3767
3769 3770 3768
3771 3770 3769
3771 3772 3770
3773 3772 3771
3773 3774 3772
3775 3774 3773
3776 3771 3769
3776 3769 3777
3777 3769 3778
3777 3778 3779
3779 3778 3780
3779 3780 3781
3781 3780 3782
3781 3782 3783
3784 3783 3782
3785 3771 3776
3785 3773 3771
3786 3773 3785
3775 3773 3786
3786 3785 3787
3786 3787 3788
3775 3786 3789
3786 3788 3789
3775 3789 3790
3791 3789 3788
3792 3790 3789
3791 3792 3789
3793 3792 3791
3792 3794 3790
3793 3795 3792
3795 3794 3792
3795 3796 3794
3797 3798 3799
3797 3799 3800
3797 3800 3801
3797 3801 3802
3801 3803 3802
3801 3804 3803
3805 3803 3804
3806 3797 3802
3806 3807 3797
3808 3806 3802
3808 3802 3803
3809 3808 3803
3809 3803 3805
3810 3809 3805
3810 3805 3811
3812 3810 3811
3807 3813 3797
3807 3814 3813
3815 3813 3814
3815 3816 3813
3816 3799 3813
3816 3817 3799
3818 3816 3815
3816 3819 3817
3818 3820 3816
3816 3820 3819
3821 3820 3818
3821 3822 3820
3823 3819 3820
3823 3824 3819
3823 3825 3824
3821 3826 3822
3823 3826 3825
3821 3827 3826
3828 3825 3826
3829 3826 3827
3828 3826 3829
3829 3827 3830
3831 3828 3829
3832 3829 3830
3831 3829 3832
3832 3830 3833
3834 3831 3832
3835 3832 3833
3834 3832 3835
3835 3833 3836
3837 3834 3835
3838 3835 3836
3837 3835 3838
3838 3836 3839
3840 3838 3839
3841 3837 3838
3840 3841 3838
3841 3842 3837
3843 3842 3841
3843 3841 3844
3845 3841 3840
3845 3840 3846
3843 3844 3847
3843 3847 3848
3849 3848 3847
3849 3847 3850
3851 3849 3850
3845 3846 3852
3845 3852 3853
3854 3853 3852
3851 3854 3855
3854 3852 3855
3856 3857 3858
3856 3858 3859
3859 3858 3860
3859 3860 3861
3861 3860 3862
3861 3862 3863
3864 3863 3862
3865 3864 3866
3867 3865 3866
3867 3868 3865
3869 3868 3867
3869 3870 3868
3871 3870 3869
3872 3871 3856
3871 3873 3870
3872 3874 3871
3874 3873 3871
3875 3874 3872
3874 3876 3873
3875 3877 3874
3877 3876 3874
3877 3875 3878
3877 3879 3876
3877 3878 3880
3879 3877 3880
3880 3878 3881
3879 3880 3882
3880 3881 3883
3882 3880 3883
3883 3881 3884
3882 3883 3885
3883 3884 3886
3885 3883 3886
3885 3886 3887
3888 3889 3890
3888 3890 3891
3891 3890 3892
3891 3892 3893
3894 3895 3896
3894 3896 3897
3897 3896 3898
3897 3898 3899
3899 3898 3900
3899 3900 3901
3902 3901 3900
3903 3902 3904
3905 3903 3904
3905 3906 3903
3907 3906 3905
3907 3908 3906
3909 3908 3907
3910 3909 3894
3909 3911 3908
3910 3912 3909
3912 3911 3909
3913 3912 3910
3912 3914 3911
3913 3915 3912
3915 3914 3912
3916 3915 3913
3916 3917 3915
3915 3918 3914
3917 3918 3915
3919 3917 3916
3917 3920 3918
3921 3917 3919
3917 3922 3920
3921 3923 3917
3923 3922 3917
3923 3924 3922
3925 3926 3927
3926 3925 3928
3926 3928 3929
3929 3928 3930
3929 3930 3931
3931 3930 3932
3931 3932 3933
3933 3932 3934
3933 3934 3935
3936 3934 3937
3936 3937 3938
3939 3940 3941
3941 3940 3942
3941 3942 3943
3944 3943 3942
3944 3945 3943
3946 3945 3944
3946 3947 3945
3948 3947 3946
3948 3949 3947
3948 3950 3949
3948 3951 3950
3950 3951 3952
3950 3952 3953
3953 3952 3954
3953 3954 3955
3956 3955 3954
3956 3957 3955
3956 3958 3957
3956 3959 3958
3960 3961 3962
3963 3962 3961
3963 3964 3962
3965 3964 3963
3965 3966 3964
3967 3966 3965
3967 3968 3966
3969 3968 3967
3969 3970 3968
3971 3970 3969
3971 3969 3972
3973 3971 3972
3973 3974 3971
3975 3974 3973
3975 3976 3974
3977 3976 3975
3977 3978 3976
3977 3979 3978
3977 3980 3979
3981 3982 3983
3981 3983 3984
3983 3985 3984
3983 3986 3985
3984 3985 3987
3981 3984 3988
3984 3987 3988
3988 3987 3989
3981 3988 3990
3988 3989 3991
3990 3988 3992
3990 3992 3993
3993 3992 3994
3993 3994 3995
3994 3996 3995
3994 3997 3996
3996 3997 3998
3996 3998 3999
4000 3999 3998
4000 4001 3999
4002 4001 4000
4002 4000 4003
4004 4002 4003
4004 4005 4002
4006 4005 4004
4006 4007 4008
4008 4007 4009
4008 4009 4010
4011 4010 4009
4011 4012 4010
4012 4011 4013
4012 4013 4014
4015 4014 4013
4015 4016 4014
4017 4016 4015
4017 4015 4018
3991 4017 4018
3991 4019 4017
4020 4021 4022
4020 4023 4021
4024 4023 4020
4025 4024 4020
4024 4026 4023
4023 4026 4027
4023 4027 4028
4028 4027 4029
4028 4029 4030
4031 4030 4029
4031 4029 4032
4029 4033 4032
4029 4034 4033
4027 4034 4029
4035 4033 4034
4026 4036 4027
4027 4037 4034
4026 4038 4036
4038 4037 4036
4024 4039 4026
4039 4038 4026
4024 4040 4039
4024 4041 4040
4025 4041 4024
4025 4042 4041
4040 4041 4042
4025 4043 4042
4039 4044 4038
4044 4039 4040
4038 4044 4045
4046 4044 4040
4047 4037 4038
4045 4047 4038
4048 4034 4037
4047 4048 4037
4047 4049 4048
4048 4050 4034
4050 4048 4049
4035 4034 4050
4035 4050 4051
4050 4049 4051
4035 4051 4052
4046 4053 4045
4040 4053 4046
4045 4054 4047
4053 4054 4045
4047 4055 4049
4054 4055 4047
4054 4056 4055
4053 4057 4054
4057 4056 4054
4040 4058 4053
4059 4053 4058
4057 4059 4060
4059 4058 4060
4040 4061 4058
4040 4042 4061
4062 4061 4042
4062 4042 4063
4061 4064 4058
4061 4062 4064
4065 4058 4064
4065 4060 4058
4062 4066 4064
4066 4065 4064
4057 4060 4067
4057 4068 4056
4068 4057 4067
4068 4067 4069
4060 4070 4067
4060 4065 4070
4065 4071 4070
4070 4072 4067
4072 4069 4067
4072 4070 4071
4073 4056 4068
4068 4069 4073
4074 4072 4071
4072 4075 4069
4074 4071 4076
4075 4074 4076
4076 4071 4077
4065 4078 4071
4066 4078 4065
4079 4071 4078
4079 4077 4071
4079 4078 4066
4073 4080 4056
4080 4081 4056
4080 4082 4081
4082 4049 4081
4079 4066 4083
4084 4077 4079
4083 4084 4079
4066 4085 4083
4062 4085 4066
4086 4085 4062
4086 4083 4085
4086 4062 4087
4088 4082 4080
4088 4080 4089
4090 4088 4089
4089 4080 4073
4086 4091 4083
4092 4086 4087
4092 4091 4086
4087 4093 4092
4093 4087 4094
4092 4095 4091
4091 4096 4083
4083 4096 4084
4091 4095 4097
4091 4097 4096
4095 4098 4097
4097 4099 4096
4099 4097 4098
4084 4096 4099
4099 4098 4100
4101 4084 4099
4099 4102 4101
4098 4103 4102
4100 4103 4104
4101 4105 4084
4106 4102 4104
4106 4107 4100
4084 4105 4077
4107 4108 4105
4107 4106 4108
4108 4077 4105
4106 4104 4109
4109 4104 4110
4109 4111 4106
4108 4106 4111
4112 4109 4110
4112 4111 4109
4113 4112 4110
4114 4108 4111
4112 4114 4111
4108 4115 4077
4114 4115 4108
4113 4116 4112
4116 4114 4112
4115 4117 4077
4117 4118 4077
4117 4075 4118
4114 4119 4115
4115 4120 4117
4121 4119 4120
4117 4122 4075
4075 4122 4069
4117 4120 4123
4117 4123 4122
4123 4069 4122
4119 4123 4120
4114 4124 4119
4116 4124 4114
4125 4116 4113
4126 4125 4113
4123 4127 4069
4073 4069 4127
4119 4128 4123
4124 4128 4119
4128 4127 4123
4116 4129 4124
4124 4129 4128
4116 4125 4129
4128 4130 4127
4129 4130 4128
4129 4131 4130
4125 4131 4129
4126 4132 4125
4125 4132 4131
4073 4127 4133
4133 4127 4131
4089 4073 4133
4134 4131 4132
4133 4131 4134
4134 4132 4135
4136 4089 4133
4136 4133 4134
4136 4090 4089
4136 4134 4137
4136 4138 4090
4137 4138 4136
4139 4137 4134
4139 4134 4140
4090 4138 4141
4082 4090 4141
4137 4142 4138
4139 4142 4137
4141 4138 4143
4144 4143 4138
4142 4144 4138
4145 4082 4141
4082 4145 4049
4146 4141 4144
4146 4145 4141
4144 4142 4147
4146 4144 4147
4139 4148 4142
4148 4147 4142
4139 4149 4148
4149 4139 4140
4149 4140 4150
4150 4140 4151
4150 4151 4126
4148 4152 4147
4153 4049 4145
4153 4051 4049
4145 4146 4154
4147 4154 4146
4145 4154 4153
4152 4155 4147
4147 4155 4154
4152 4156 4155
4157 4155 4156
4157 4158 4155
4155 4158 4159
4155 4159 4154
4160 4154 4159
4160 4153 4154
4160 4051 4153
4160 4161 4051
4162 4163 4164
4165 4164 4163
4162 4164 4166
4165 4167 4164
4165 4168 4167
4162 4166 4169
4162 4169 4170
4169 4171 4170
4169 4172 4171
4173 4171 4172
4165 4174 4168
4174 4175 4168
4174 4176 4175
4176 4177 4175
4175 4177 4178
4179 4178 4177
4179 4177 4180
4176 4180 4177
4179 4180 4181
4181 4180 4182
4180 4183 4182
4180 4176 4183
4176 4184 4183
4176 4174 4184
4174 4185 4184
4174 4186 4185
4186 4187 4185
4186 4188 4187
4188 4189 4187
4188 4190 4189
4190 4191 4189
4190 4192 4191
4192 4193 4191
4192 4194 4193
4193 4194 4173
4195 4196 4197
4198 4197 4196
4199 4198 4196
4195 4200 4196
4200 4199 4196
4200 4201 4199
4202 4201 4200
4202 4203 4201
4204 4203 4202
4204 4205 4203
4206 4205 4204
4206 4207 4205
4208 4207 4206
4208 4206 4209
4209 4206 4204
4209 4204 4210
4210 4204 4202
4210 4202 4211
4211 4212 4195
4211 4202 4212
4213 4214 4215
4213 4216 4214
4213 4215 4217
4216 4213 4218
4216 4218 4219
4218 4220 4219
4213 4217 4221
4221 4218 4213
4221 4217 4222
4223 4221 4222
4221 4223 4218
4223 4222 4224
4225 4223 4224
4218 4226 4220
4223 4226 4218
4227 4220 4226
4225 4228 4223
4223 4228 4226
4227 4226 4229
4229 4226 4228
3135 4227 4229
4230 4228 4225
4229 4228 4230
4230 4225 4231
3135 4229 4232
4232 4229 4230
3133 3135 4232
4233 4230 4231
4232 4230 4233
4233 4231 3151
4233 3151 3149
4232 4234 3133
4232 4233 4234
4233 3149 4234
3133 4234 3137
3137 4234 3149
4235 4236 4237
4235 4237 4238
4235 4239 4236
4238 4240 4235
4238 4241 4240
4235 4242 4239
4242 4235 4240
4242 4243 4239
4244 4243 4242
4244 4242 4245
4242 4240 4245
4246 4244 4245
4246 4245 4247
4240 4247 4245
4248 4246 4247
4241 4249 4240
4240 4249 4247
4241 4250 4249
4248 4247 4251
4251 4247 4249
4252 4249 4250
4251 4249 4252
4252 4250 4253
2439 4252 4253
2439 4254 4252
4254 4251 4252
2437 4254 2439
4255 4248 4251
4254 4255 4251
4255 2455 4248
4255 2453 2455
4254 2437 4256
4254 4256 4255
4255 4256 2453
2437 2441 4256
2441 2453 4256
4257 4258 4259
4260 4259 4258
4260 4261 4259
4260 4262 4261
4260 4263 4262
4264 4262 4263
4264 4263 4265
4266 4264 4265
4257 4259 4267
4257 4267 4268
4257 4268 4269
4270 4269 4268
4271 4268 4267
4271 4267 4272
4272 4267 4273
4272 4273 4274
4275 4274 4273
4275 4273 4276
4275 4276 4277
4275 4277 4278
4278 4277 4279
4278 4279 4280
4266 4280 4279
4281 4268 4271
4281 4282 4268
4283 4282 4281
4270 4268 4282
4283 4284 4282
4270 4282 4284
4270 4284 4285
4286 4284 4283
4287 4285 4284
4286 4288 4284
4287 4284 4288
4286 4289 4288
4287 4288 4289
4286 4290 4289
4287 4289 4291
4292 4289 4290
4291 4289 4293
4292 4293 4289
4291 4293 4294
4292 4295 4293
4292 4296 4295
4295 4296 4297
4295 4297 4298
4299 4298 4297
4294 4293 4300
4294 4300 4301
4302 4301 4300
4299 4302 4303
4302 4300 4303
4304 4305 4306
4305 4307 4306
4308 4307 4305
4304 4309 4305
4309 4308 4305
4310 4309 4304
4309 4311 4308
4310 4312 4309
4312 4311 4309
4313 4312 4310
4312 4314 4311
4313 4315 4312
4315 4314 4312
4316 4315 4313
4315 4317 4314
4316 4318 4315
4318 4317 4315
4316 4319 4318
4318 4320 4317
4318 4319 4320
