byte offset: 0
first index: 0
index count: 12336
topology: trianglelist
format: DXGI_FORMAT_R16_UINT

0 1 2
3 4 5
6 7 8
7 9 10
11 7 10
11 10 12
13 11 12
14 7 11
14 15 7
13 16 11
16 14 11
16 17 14
18 16 13
19 17 16
18 19 16
19 20 17
19 21 20
18 22 19
19 22 21
18 23 22
22 24 21
23 25 22
22 25 24
23 26 25
25 27 24
26 28 25
25 28 27
26 29 28
28 29 30
31 27 28
28 30 31
31 32 27
33 31 30
34 32 31
33 35 31
34 31 35
35 36 34
35 33 37
35 38 36
35 37 38
39 36 38
37 40 38
39 38 40
37 41 40
42 40 41
43 39 40
42 43 40
43 44 39
45 43 42
44 43 46
45 46 43
44 46 47
46 48 47
45 49 46
46 49 48
45 50 49
49 51 48
52 49 50
49 53 51
52 53 49
54 51 53
53 52 55
54 53 56
53 55 56
57 56 55
58 54 56
57 59 56
58 56 59
60 59 57
58 59 61
60 61 59
58 61 62
63 61 60
61 63 62
64 65 66
64 67 65
65 67 68
68 67 69
64 70 67
64 71 70
70 71 72
69 67 73
67 70 73
74 69 73
70 72 75
70 75 73
72 76 75
75 76 73
77 76 72
76 77 78
79 74 73
76 79 73
79 80 74
76 78 81
76 81 79
82 81 78
82 79 81
82 78 83
84 82 83
79 85 80
82 85 79
84 86 82
85 82 86
87 86 84
88 80 85
88 89 80
90 85 86
88 85 90
87 91 86
91 90 86
87 92 91
90 91 92
88 90 92
87 93 92
94 88 92
88 94 89
94 92 93
95 89 94
94 93 95
95 96 89
95 93 97
95 97 96
98 99 100
98 101 99
102 101 98
102 98 103
103 104 102
103 105 104
105 106 104
105 107 106
107 108 106
107 109 108
109 110 108
109 111 110
112 110 111
112 113 110
114 113 112
115 111 109
115 112 111
114 112 116
117 114 116
107 118 109
115 109 118
116 112 119
115 119 112
117 116 120
120 121 117
116 119 122
120 116 122
123 119 115
119 124 122
119 123 124
118 125 115
123 115 125
120 122 126
124 126 122
120 127 121
128 120 126
128 127 120
127 128 129
121 127 130
127 129 130
121 130 131
132 131 130
132 130 133
129 133 130
133 134 132
135 128 126
129 128 135
124 136 126
135 126 136
133 137 134
129 138 133
138 137 133
139 134 137
139 140 134
139 141 140
139 142 141
139 143 142
139 144 143
137 144 139
138 145 137
137 145 144
129 146 138
146 145 138
129 135 147
129 147 146
146 148 145
144 145 148
147 149 146
148 146 149
147 150 149
147 151 150
147 135 151
151 135 152
136 152 135
136 153 152
154 153 136
154 136 124
124 155 154
124 123 155
156 155 123
156 123 125
148 149 157
158 156 125
157 159 148
157 160 159
144 148 159
160 161 159
161 144 159
160 162 161
161 163 144
158 125 164
118 164 125
158 164 165
165 164 118
158 165 166
165 118 167
107 167 118
168 167 107
168 107 169
166 165 170
170 165 167
170 167 168
166 170 171
171 170 172
172 170 168
171 172 173
172 168 174
175 174 168
176 168 169
175 168 176
176 169 103
177 176 103
175 176 178
177 178 176
175 178 179
180 178 177
178 181 179
180 182 178
178 182 181
183 184 185
183 185 186
187 183 186
187 186 188
185 189 186
189 188 186
190 187 188
190 191 187
185 192 189
193 192 185
193 185 194
195 193 194
195 194 196
197 195 196
197 196 198
199 193 195
197 199 195
200 197 198
200 198 201
201 202 200
201 203 202
202 203 204
205 197 200
202 205 200
197 206 199
205 206 197
193 207 192
199 208 193
193 208 207
209 192 207
209 189 192
210 206 205
199 206 211
210 211 206
208 199 212
199 211 212
202 213 205
213 210 205
214 207 208
208 212 214
211 215 212
211 210 215
212 215 216
212 216 214
210 217 215
218 214 216
214 218 207
219 218 216
220 217 210
213 220 210
220 221 217
207 218 222
222 218 219
207 222 209
223 220 213
221 220 223
224 222 219
224 209 222
223 213 225
202 225 213
221 223 226
225 226 223
224 219 227
219 228 227
224 229 209
189 209 229
202 230 225
202 204 230
204 231 230
231 225 230
204 232 231
231 233 225
225 233 226
234 226 233
235 231 232
233 231 235
235 232 236
237 235 236
233 235 238
234 233 238
237 239 235
238 235 239
240 226 234
221 226 240
221 240 241
221 241 242
237 243 239
237 244 243
238 239 245
245 234 238
246 245 239
246 239 243
244 247 243
244 248 247
240 234 249
249 241 240
250 242 241
250 251 242
252 250 241
249 252 241
252 253 250
252 254 253
255 249 234
252 249 255
252 256 254
252 255 256
257 254 256
255 234 258
245 258 234
246 258 245
257 256 259
259 260 257
261 256 255
258 261 255
261 259 256
246 262 258
261 258 262
261 263 259
263 261 262
259 263 264
262 264 263
262 246 265
265 246 243
265 243 247
259 266 260
259 264 266
262 267 264
262 265 267
268 264 267
265 268 267
269 265 247
265 269 268
270 266 264
268 270 264
266 271 260
270 271 266
268 272 270
272 271 270
271 273 260
272 273 271
272 274 273
275 260 273
268 276 272
276 268 269
272 276 274
275 273 277
273 274 277
278 275 277
269 247 279
279 247 248
279 248 280
276 269 281
281 269 279
274 276 281
280 282 279
281 279 282
280 283 282
282 284 281
274 281 284
283 285 282
282 285 284
286 284 285
283 287 285
286 285 287
286 287 288
274 284 289
286 289 284
274 289 290
274 290 277
291 286 288
291 288 292
293 289 286
290 289 293
277 290 294
278 277 294
291 295 286
293 286 295
291 292 296
296 292 297
296 297 298
290 299 294
290 293 299
300 278 294
300 301 278
301 300 302
299 303 294
293 303 299
303 300 294
304 293 295
293 304 303
303 304 305
304 295 306
305 304 306
306 295 291
300 303 307
303 305 307
300 307 308
308 302 300
305 308 307
306 291 309
309 291 296
310 302 308
302 310 311
312 310 308
305 312 308
311 310 313
312 313 310
311 313 314
313 315 314
305 306 316
309 316 306
317 312 305
313 312 317
317 305 316
318 309 296
296 298 318
309 319 316
317 316 319
318 319 309
313 320 315
313 317 320
321 315 320
321 322 315
321 323 322
324 320 317
324 317 319
324 321 320
321 325 323
325 326 323
321 324 327
327 324 319
321 327 325
328 319 318
327 319 328
329 328 318
327 328 329
298 329 318
330 325 327
327 329 330
325 331 326
330 331 325
332 329 298
333 332 298
333 334 332
332 334 335
336 330 329
336 331 330
332 336 329
326 331 337
336 337 331
326 337 338
336 332 339
332 335 339
340 338 337
340 341 338
340 342 341
337 336 343
337 343 340
336 339 343
340 344 342
343 344 340
342 344 345
342 345 346
343 347 344
339 347 343
347 345 344
348 346 345
348 349 346
350 349 348
350 351 349
350 348 352
352 348 345
350 352 353
354 353 352
354 352 355
356 354 355
352 345 357
347 357 345
355 352 357
347 355 357
339 358 347
347 358 355
339 359 358
355 358 359
339 335 359
335 360 359
335 361 360
360 361 362
355 359 363
356 355 363
360 363 359
356 363 364
360 364 363
356 364 365
364 366 365
367 364 360
364 367 366
360 362 368
367 360 368
366 367 369
369 367 368
366 369 370
371 370 369
362 372 368
369 368 372
362 373 372
374 372 373
371 369 375
375 369 372
374 376 372
375 372 376
377 375 376
378 376 374
379 371 375
379 375 377
379 380 371
379 381 380
378 382 376
377 376 382
383 382 378
383 377 382
383 378 384
384 385 383
383 385 386
386 385 387
383 388 377
383 386 388
389 377 388
386 389 388
386 390 389
379 377 391
389 391 377
379 392 381
391 392 379
386 387 393
390 386 393
389 394 391
391 394 392
381 392 395
381 395 396
392 397 395
392 394 397
398 396 395
398 395 397
398 399 396
399 398 400
399 400 401
400 402 401
389 403 394
389 390 403
394 403 404
394 404 397
404 403 390
398 397 405
397 404 406
397 406 405
407 398 405
407 400 398
407 405 406
406 404 408
404 390 408
407 406 409
409 406 408
410 407 409
409 408 411
410 409 411
390 412 408
412 411 408
400 407 413
410 413 407
390 414 412
415 412 414
390 393 414
415 414 393
415 393 416
416 393 387
416 387 417
418 416 417
415 416 418
418 417 419
419 420 418
419 421 420
415 418 422
422 418 420
423 420 421
423 421 424
422 420 425
425 420 423
424 426 423
424 427 426
425 423 428
428 423 426
429 426 427
429 427 430
415 422 431
422 425 432
422 432 431
433 432 425
433 425 428
415 431 434
415 434 412
431 432 435
435 432 433
436 412 434
412 436 411
437 411 436
434 431 438
431 435 438
436 434 439
439 437 436
434 438 439
440 439 438
439 440 437
441 438 435
440 438 441
442 440 441
441 435 443
442 441 443
435 433 444
443 435 444
445 437 440
442 445 440
446 444 433
446 433 447
428 447 433
428 448 447
428 426 448
449 448 426
449 426 429
448 450 447
448 449 450
451 450 449
447 450 452
447 452 446
451 452 450
453 444 446
453 446 452
449 429 454
454 429 430
451 449 455
449 454 455
453 456 444
443 444 456
451 455 457
458 457 455
458 455 454
451 457 459
454 460 458
461 451 459
454 462 460
454 430 462
463 460 462
461 464 451
451 464 452
464 461 465
430 466 462
463 462 466
430 467 466
463 466 468
466 467 469
470 468 466
466 469 470
470 471 468
472 470 469
471 470 472
472 469 473
471 472 474
473 475 472
474 472 475
473 476 475
474 475 477
475 476 478
477 475 479
475 478 479
477 479 480
481 480 479
481 479 482
478 482 479
482 483 481
478 484 482
485 482 484
485 486 482
482 486 483
487 484 478
487 485 484
487 478 488
489 483 486
485 489 486
489 490 483
489 491 490
488 492 487
488 493 492
487 492 494
489 495 491
496 491 495
487 494 497
487 497 485
494 498 497
498 485 497
494 191 498
485 499 489
495 489 499
496 495 500
500 501 496
498 502 485
502 499 485
499 503 495
502 504 499
504 503 499
505 502 498
505 504 502
495 503 506
495 506 500
498 507 505
498 191 507
508 505 507
508 504 505
508 507 509
510 508 509
504 511 503
508 511 504
511 506 503
510 511 508
511 512 506
510 512 511
513 500 506
514 506 512
513 515 500
500 515 501
513 516 515
516 501 515
513 517 516
518 516 517
516 519 501
519 516 518
518 517 520
519 518 521
522 518 520
518 523 521
522 524 518
518 524 523
524 522 525
524 526 523
524 525 527
524 527 526
525 528 527
529 526 527
528 530 527
529 527 530
528 531 530
530 531 532
529 530 533
530 532 533
529 533 534
535 534 533
532 536 533
535 533 536
532 537 536
538 535 536
536 537 539
538 536 540
536 539 540
538 540 541
539 541 540
542 538 541
542 543 538
465 543 542
539 544 541
542 541 544
465 542 545
464 465 545
464 545 546
542 546 545
464 546 452
453 452 546
542 547 546
547 453 546
542 544 547
547 548 453
456 453 548
547 544 549
547 549 548
544 539 550
544 550 549
456 548 551
549 551 548
552 550 539
539 553 552
554 552 553
554 555 552
556 555 554
557 456 551
557 443 456
552 558 550
558 552 555
556 559 555
556 560 559
557 561 443
442 443 561
560 562 559
562 560 563
564 562 563
565 564 563
566 564 565
567 559 562
564 567 562
555 559 568
567 568 559
566 569 564
569 566 570
555 568 571
558 555 571
572 558 571
572 550 558
569 570 573
514 573 570
569 573 574
514 574 573
575 564 569
569 574 575
514 576 574
514 512 576
510 576 512
576 577 574
575 574 577
572 571 578
578 571 568
575 579 564
580 579 575
564 579 567
580 567 579
581 568 567
580 581 567
582 581 580
581 583 568
578 568 583
582 583 581
576 584 577
510 584 576
575 577 585
580 575 585
584 586 577
586 585 577
510 587 584
584 587 586
588 580 585
586 588 585
589 578 583
582 589 583
510 590 587
510 509 590
587 590 591
591 590 509
592 586 587
587 591 592
593 592 591
591 509 594
593 591 594
592 595 586
588 586 595
509 596 594
509 597 596
593 598 592
598 595 592
596 599 594
593 594 599
597 600 596
597 191 600
596 601 599
601 596 600
191 602 600
191 190 602
601 600 603
603 600 602
604 599 601
603 604 601
605 593 599
604 605 599
593 606 598
605 607 593
593 607 606
605 608 607
606 607 608
604 609 605
605 609 608
603 610 604
603 602 611
610 603 611
604 612 609
612 604 610
613 611 602
610 611 614
614 611 613
612 610 615
615 610 614
609 612 616
615 616 612
613 602 617
617 618 613
190 617 602
614 613 619
619 613 618
615 614 620
620 614 619
190 621 617
188 621 190
188 622 621
189 622 188
189 229 622
621 622 229
621 229 623
623 617 621
623 229 224
617 624 618
623 624 617
623 224 625
224 227 625
626 624 623
626 623 625
626 625 227
626 618 624
627 626 227
627 628 626
626 628 618
628 627 629
629 618 628
629 627 630
629 631 618
619 618 631
629 630 632
632 631 629
630 633 632
630 634 633
633 634 635
636 619 631
620 619 636
632 637 631
637 632 633
636 631 637
638 620 636
615 620 638
639 636 637
638 636 639
615 638 640
615 640 616
641 640 638
641 638 639
639 637 642
637 633 642
633 635 643
644 643 635
644 645 643
633 643 646
646 643 645
633 646 642
646 645 647
646 647 648
642 649 639
642 646 649
646 648 649
641 639 649
650 649 648
650 641 649
641 651 640
650 651 641
650 652 651
616 640 651
653 651 652
616 651 653
653 652 654
653 654 655
653 656 616
609 616 656
653 655 657
653 657 656
657 655 658
659 609 656
657 659 656
659 608 609
657 658 660
657 660 659
660 658 661
662 608 659
660 662 659
662 663 608
606 608 663
660 664 662
663 662 664
660 661 665
660 665 664
606 663 666
663 664 666
667 665 661
667 661 668
668 669 667
668 670 669
669 670 671
606 666 672
672 598 606
669 671 673
674 673 671
672 675 598
676 675 672
598 675 595
676 595 675
666 677 672
676 672 677
676 678 595
679 678 676
588 595 678
679 588 678
666 680 677
664 680 666
679 681 588
588 681 580
582 580 681
582 681 679
664 682 680
665 682 664
683 682 665
680 682 683
665 667 683
684 677 680
680 683 684
683 685 684
684 686 677
686 684 685
686 676 677
667 687 683
683 687 685
688 687 667
685 687 688
688 667 669
686 689 676
679 676 689
690 689 686
686 685 690
691 690 685
690 692 689
692 679 689
691 692 690
692 693 679
582 679 693
693 692 694
691 694 692
582 693 695
693 694 695
582 695 589
694 696 695
696 589 695
691 685 697
685 688 697
688 698 697
698 691 697
699 694 691
694 699 696
699 700 696
696 701 589
700 701 696
589 701 578
702 578 701
700 702 701
700 703 702
578 702 572
572 702 704
703 704 702
688 705 698
705 688 669
705 669 706
706 698 705
669 673 706
572 704 707
572 707 550
707 549 550
707 708 549
704 708 707
549 708 551
704 709 708
709 551 708
703 710 704
710 709 704
709 711 551
557 551 711
712 711 709
710 712 709
713 557 711
712 713 711
713 714 557
714 561 557
712 715 713
714 713 715
710 716 712
712 716 715
703 717 710
710 717 716
714 718 561
718 442 561
715 716 719
716 720 719
716 717 720
715 719 721
722 720 717
703 722 717
722 723 720
722 724 723
725 715 721
714 715 725
725 721 726
725 726 727
714 725 728
725 727 728
729 728 727
714 728 718
730 728 729
730 718 728
730 729 731
722 732 724
732 722 703
733 718 730
718 733 442
734 730 731
734 733 730
735 734 731
733 736 442
736 733 734
736 445 442
737 734 735
734 737 736
738 737 735
739 445 736
736 737 739
740 737 738
740 739 737
741 445 739
445 741 437
740 738 742
742 738 743
743 744 742
745 739 740
739 745 741
740 742 745
437 741 746
745 746 741
742 744 747
744 748 747
747 748 749
745 742 750
742 747 750
746 745 750
751 437 746
437 751 411
747 749 752
752 750 747
753 746 750
753 751 746
752 753 750
754 751 753
751 754 411
752 754 753
755 752 749
755 754 752
756 755 749
411 754 757
754 755 757
410 411 757
758 755 756
757 755 758
758 410 757
758 756 759
758 759 760
758 761 410
758 760 761
762 410 761
762 761 760
762 760 763
762 413 410
764 762 763
413 762 765
764 765 762
413 765 766
400 413 766
764 767 765
766 765 767
764 768 767
769 400 766
766 767 769
400 769 402
402 769 767
402 767 770
768 770 767
768 771 770
772 773 774
772 774 775
775 776 772
775 777 776
778 776 777
778 779 776
780 779 778
780 778 781
781 782 780
781 783 782
782 783 784
782 784 785
784 786 785
784 787 786
786 787 788
789 788 787
790 789 791
790 791 792
793 792 791
793 794 792
794 793 795
794 795 796
795 797 796
795 798 797
799 797 798
799 798 800
801 799 800
801 802 799
801 803 802
801 804 803
805 803 804
805 804 806
807 808 809
807 810 808
811 810 807
810 812 808
811 813 810
813 811 814
810 815 812
813 815 810
816 812 815
813 814 817
817 814 818
813 819 815
813 817 819
816 815 820
820 815 819
817 818 821
821 818 822
823 819 817
820 819 823
824 816 820
824 825 816
824 826 825
823 817 827
821 827 817
820 823 828
820 828 824
823 827 828
821 822 829
830 829 822
824 831 826
832 826 831
824 828 833
827 833 828
824 833 831
821 834 827
829 834 821
827 835 833
835 827 834
836 831 833
833 835 836
832 831 837
836 837 831
838 832 837
838 837 836
838 839 832
840 839 838
838 836 841
836 835 841
840 838 842
841 842 838
842 843 840
835 834 844
841 835 845
845 835 844
846 844 834
829 846 834
842 847 843
841 848 842
848 847 842
841 845 849
848 841 849
850 843 847
850 851 843
852 845 844
849 845 852
848 853 847
853 850 847
851 850 854
851 854 855
854 856 855
848 849 857
858 853 848
858 848 857
853 859 850
859 853 858
860 857 849
860 849 852
850 859 861
850 861 854
862 857 860
862 858 857
852 863 860
862 860 863
859 858 864
859 864 861
865 861 864
865 864 866
858 866 864
858 862 866
854 861 867
865 867 861
854 867 868
854 868 856
868 867 869
867 865 869
870 856 868
868 869 870
870 871 856
872 870 869
865 872 869
871 870 873
872 873 870
871 873 874
873 875 874
876 866 862
865 866 877
877 866 876
876 862 878
862 863 878
863 879 878
879 876 878
880 879 863
852 880 863
844 880 852
844 881 880
881 879 880
846 881 844
879 882 876
881 882 879
883 881 846
883 882 881
829 883 846
884 876 882
877 876 884
884 882 883
829 885 883
830 885 829
886 885 830
887 883 885
887 884 883
886 887 885
888 877 884
888 884 887
886 888 887
888 865 877
886 889 888
888 890 865
889 890 888
865 890 872
889 891 890
872 890 892
892 890 891
873 872 892
892 891 893
873 892 894
894 892 893
873 894 875
894 893 895
875 894 895
875 895 896
897 898 899
897 899 900
901 899 902
901 903 899
904 903 901
904 901 905
906 904 905
906 907 904
907 906 908
907 908 909
909 908 910
909 910 911
912 911 910
912 913 911
914 912 915
914 915 916
916 915 917
916 917 918
917 919 918
917 920 919
921 920 922
921 922 923
923 922 924
923 924 925
925 924 926
925 926 927
926 928 927
926 929 928
930 928 929
930 931 928
932 931 930
932 930 933
934 932 933
934 935 932
936 937 935
936 938 937
937 938 939
937 939 940
939 941 940
939 942 941
943 941 942
943 944 941
945 944 943
945 943 946
947 945 946
947 946 948
949 947 948
949 948 950
951 949 950
951 952 949
953 952 951
953 951 954
955 953 954
955 954 956
956 957 955
956 958 957
959 957 958
959 958 960
961 959 960
961 960 962
962 963 961
962 964 963
963 964 965
963 965 966
965 967 966
965 968 967
969 900 967
969 967 970
971 972 973
971 973 974
975 971 974
975 974 976
975 976 977
975 977 978
979 978 977
979 977 980
981 979 980
981 980 982
981 982 983
981 983 984
984 983 985
985 983 986
984 985 987
988 984 987
989 990 991
989 991 992
993 992 994
993 994 995
996 997 998
996 998 999
1000 999 998
1000 998 1001
1000 1001 1002
1000 1002 1003
1004 1003 1002
1004 1005 1003
1005 1004 1006
1005 1006 1007
1008 1007 1006
1008 1006 1009
1008 1009 1010
1008 1010 1011
1012 1011 1010
1012 1013 1011
1014 1013 1012
1014 1015 1013
1014 1016 1015
1014 1017 1016
1016 1017 1018
1016 1018 1019
1020 1019 1018
1020 1018 1021
1020 1021 1022
1020 1022 1023
1022 1024 1023
1022 1025 1024
1026 1024 1025
1026 1025 1027
1028 1026 1027
1028 1029 1026
1030 1031 1032
1030 1033 1031
1034 1031 1033
1034 1033 1035
1035 1036 1034
1035 1037 1036
1038 1036 1037
1038 1039 1036
1040 1039 1038
1040 1038 1041
1042 1040 1041
1042 1041 1043
1044 1042 1043
1044 1045 1042
1044 1043 1046
1047 1046 1043
1048 1049 1050
1048 1050 1051
1052 1053 1050
1052 1054 1053
1052 1055 1054
1053 1054 1056
1057 1056 1054
1057 1054 1055
1057 1058 1056
1057 1059 1058
1057 1060 1059
1055 1060 1057
1060 1061 1059
1061 1060 1055
1061 1055 1062
1061 1063 1059
1061 1064 1063
1064 1061 1062
1065 1063 1064
1065 1064 1066
1062 1066 1064
1067 1065 1066
1067 1066 1062
1067 1068 1065
1068 1067 1069
1068 1069 1070
1069 1071 1070
1067 1062 1072
1072 1069 1067
1062 1055 1073
1074 1072 1062
1062 1073 1074
1075 1073 1055
1075 1055 1052
1074 1073 1076
1076 1073 1075
1069 1077 1071
1072 1078 1069
1078 1077 1069
1079 1078 1072
1074 1080 1072
1079 1072 1080
1081 1071 1077
1081 1082 1071
1078 1083 1077
1083 1078 1079
1083 1081 1077
1084 1081 1083
1084 1085 1081
1081 1085 1082
1085 1086 1082
1085 1087 1086
1084 1087 1085
1088 1086 1087
1088 1087 1089
1089 1087 1084
1089 1090 1088
1089 1091 1090
1091 1089 1084
1091 1092 1090
1092 1093 1090
1091 1084 1094
1092 1091 1094
1092 1095 1093
1095 1096 1093
1095 1097 1096
1098 1095 1092
1092 1094 1098
1095 1099 1097
1099 1095 1098
1100 1097 1099
1100 1101 1097
1099 1098 1102
1102 1100 1099
1103 1100 1102
1101 1100 1104
1103 1104 1100
1104 1105 1101
1104 1106 1105
1103 1107 1104
1108 1105 1107
1108 1107 1103
1108 1109 1105
1108 1110 1109
1094 1111 1098
1102 1098 1111
1094 1112 1111
1112 1094 1084
1112 1084 1113
1113 1084 1083
1113 1083 1114
1083 1079 1114
1113 1114 1115
1115 1114 1079
1108 1116 1110
1117 1116 1108
1108 1103 1117
1116 1118 1110
1118 1116 1117
1118 1119 1110
1118 1120 1119
1121 1119 1120
1118 1117 1122
1120 1118 1122
1103 1123 1117
1122 1117 1123
1103 1124 1123
1124 1103 1102
1124 1102 1125
1102 1111 1125
1126 1124 1125
1126 1123 1124
1111 1127 1125
1126 1125 1127
1127 1128 1126
1111 1129 1127
1129 1128 1127
1129 1111 1112
1129 1112 1130
1130 1128 1129
1113 1130 1112
1113 1131 1130
1131 1128 1130
1113 1115 1131
1115 1128 1131
1126 1132 1123
1126 1128 1132
1133 1128 1115
1115 1079 1133
1134 1128 1133
1079 1134 1133
1132 1128 1135
1079 1080 1134
1136 1123 1132
1136 1132 1135
1122 1123 1136
1080 1137 1134
1137 1128 1134
1080 1074 1137
1074 1076 1137
1076 1128 1137
1136 1135 1138
1135 1128 1138
1139 1122 1136
1139 1120 1122
1136 1138 1140
1139 1136 1140
1141 1140 1138
1138 1128 1141
1142 1128 1076
1076 1075 1142
1143 1128 1142
1075 1143 1142
1141 1128 1143
1075 1144 1143
1144 1141 1143
1052 1144 1075
1141 1145 1140
1139 1140 1145
1144 1145 1141
1139 1146 1120
1121 1120 1146
1139 1145 1147
1144 1147 1145
1146 1139 1147
1121 1146 1148
1146 1147 1148
1121 1148 1149
1148 1150 1149
1147 1150 1148
1150 1151 1149
1144 1152 1147
1147 1152 1150
1052 1152 1144
1150 1153 1151
1152 1153 1150
1153 1154 1151
1154 1153 1152
1154 1152 1052
1154 1155 1151
1052 1156 1154
1154 1156 1155
1052 1050 1156
1157 1155 1156
1157 1156 1050
1158 1159 1160
1161 1160 1159
1161 1159 1162
1163 1161 1162
1163 1162 1164
1165 1163 1164
1165 1164 1166
1165 1166 1167
1168 1169 1170
1171 1168 1170
1172 1173 1174
1172 1175 1173
1175 1176 1173
1175 1177 1176
1178 1176 1177
1178 1179 1176
1180 1179 1178
1180 1181 1179
1182 1181 1180
1182 1180 1183
1184 1182 1183
1184 1185 1182
1186 1185 1184
1186 1184 1187
1188 1186 1187
1188 1187 1189
1190 1191 1192
1191 1190 1193
1194 1195 1196
1197 1195 1194
1197 1198 1195
1197 1199 1198
1197 1200 1199
1201 1199 1200
1201 1200 1202
1201 1202 1203
1204 1201 1203
1204 1203 1205
1205 1206 1204
1207 1208 1209
1210 1208 1207
1210 1211 1208
1212 1211 1210
1212 1210 1213
1214 1215 1216
1214 1216 1217
1216 1218 1217
1218 1219 1217
1214 1217 1220
1214 1220 1221
1220 1222 1221
1219 1223 1217
1217 1223 1220
1224 1223 1219
1220 1225 1222
1220 1223 1225
1222 1225 1226
1225 1223 1226
1227 1222 1226
1226 1228 1227
1229 1223 1224
1226 1223 1229
1229 1224 1230
1226 1231 1228
1226 1229 1231
1232 1228 1231
1232 1231 1229
1232 1233 1228
1234 1233 1232
1229 1230 1235
1232 1229 1235
1234 1232 1236
1235 1236 1232
1237 1234 1236
1238 1235 1230
1238 1230 1239
1240 1236 1235
1238 1240 1235
1237 1236 1241
1241 1236 1240
1237 1241 1242
1240 1242 1241
1238 1242 1240
1237 1242 1243
1244 1242 1238
1238 1239 1244
1244 1243 1242
1245 1244 1239
1244 1245 1243
1245 1239 1246
1245 1247 1243
1245 1246 1247
1248 1249 1250
1248 1250 1251
1252 1248 1251
1252 1253 1248
1253 1252 1254
1253 1254 1255
1255 1254 1256
1255 1256 1257
1257 1256 1258
1257 1258 1259
1259 1258 1260
1259 1260 1261
1262 1261 1260
1262 1260 1263
1264 1262 1263
1265 1259 1261
1265 1261 1262
1264 1266 1262
1267 1266 1264
1257 1259 1268
1265 1268 1259
1266 1269 1262
1265 1262 1269
1267 1270 1266
1270 1267 1271
1266 1272 1269
1270 1272 1266
1273 1265 1269
1269 1272 1274
1269 1274 1273
1268 1265 1275
1273 1275 1265
1270 1276 1272
1274 1272 1276
1270 1271 1277
1278 1276 1270
1278 1270 1277
1277 1279 1278
1271 1280 1277
1277 1280 1279
1271 1281 1280
1282 1280 1281
1282 1283 1280
1279 1280 1283
1283 1282 1284
1285 1276 1278
1279 1285 1278
1274 1276 1286
1285 1286 1276
1283 1284 1287
1279 1283 1288
1288 1283 1287
1289 1287 1284
1289 1284 1290
1289 1290 1291
1289 1291 1292
1289 1292 1293
1289 1293 1294
1287 1289 1294
1288 1287 1295
1287 1294 1295
1279 1288 1296
1296 1288 1295
1279 1297 1285
1279 1296 1297
1296 1295 1298
1294 1298 1295
1297 1296 1299
1298 1299 1296
1297 1299 1300
1297 1300 1301
1297 1301 1285
1301 1302 1285
1286 1285 1302
1286 1302 1303
1304 1286 1303
1304 1274 1286
1274 1304 1305
1274 1305 1273
1306 1273 1305
1306 1275 1273
1298 1307 1299
1308 1275 1306
1307 1298 1309
1307 1309 1310
1294 1309 1298
1310 1309 1311
1311 1309 1294
1310 1311 1312
1311 1294 1313
1308 1314 1275
1268 1275 1314
1308 1315 1314
1315 1268 1314
1308 1316 1315
1315 1317 1268
1257 1268 1317
1318 1257 1317
1318 1319 1257
1316 1320 1315
1320 1317 1315
1320 1318 1317
1316 1321 1320
1321 1322 1320
1322 1318 1320
1321 1323 1322
1322 1324 1318
1325 1318 1324
1326 1319 1318
1325 1326 1318
1326 1253 1319
1327 1253 1326
1325 1328 1326
1327 1326 1328
1325 1329 1328
1330 1327 1328
1328 1329 1331
1330 1328 1332
1328 1331 1332
1333 1334 1335
1333 1336 1334
1337 1336 1333
1337 1338 1336
1334 1336 1339
1339 1336 1338
1340 1338 1337
1340 1337 1341
1334 1339 1342
1343 1334 1342
1343 1344 1334
1345 1344 1343
1345 1346 1344
1347 1346 1345
1347 1348 1346
1349 1345 1343
1347 1345 1349
1350 1348 1347
1350 1351 1348
1351 1350 1352
1351 1352 1353
1352 1354 1353
1355 1350 1347
1352 1350 1355
1347 1349 1356
1355 1347 1356
1343 1342 1357
1349 1343 1358
1343 1357 1358
1359 1357 1342
1359 1342 1339
1360 1355 1356
1349 1361 1356
1360 1356 1361
1358 1362 1349
1349 1362 1361
1352 1355 1363
1363 1355 1360
1364 1358 1357
1358 1364 1362
1361 1362 1365
1361 1365 1360
1362 1366 1365
1362 1364 1366
1360 1365 1367
1368 1366 1364
1364 1357 1368
1369 1366 1368
1370 1360 1367
1363 1360 1370
1370 1367 1371
1357 1372 1368
1372 1369 1368
1357 1359 1372
1373 1363 1370
1371 1373 1370
1374 1369 1372
1374 1372 1359
1373 1375 1363
1352 1363 1375
1371 1376 1373
1375 1373 1376
1374 1377 1369
1369 1377 1378
1374 1359 1379
1339 1379 1359
1352 1375 1380
1352 1380 1354
1354 1380 1381
1381 1380 1375
1354 1381 1382
1381 1375 1383
1375 1376 1383
1384 1383 1376
1385 1382 1381
1383 1385 1381
1385 1386 1382
1387 1386 1385
1383 1388 1385
1384 1388 1383
1387 1385 1389
1388 1389 1385
1390 1384 1376
1371 1390 1376
1371 1391 1390
1371 1392 1391
1387 1389 1393
1387 1393 1394
1388 1395 1389
1395 1388 1384
1396 1389 1395
1396 1393 1389
1394 1393 1397
1394 1397 1398
1390 1399 1384
1399 1390 1391
1400 1391 1392
1400 1392 1401
1402 1391 1400
1399 1391 1402
1402 1400 1403
1402 1403 1404
1405 1384 1399
1402 1405 1399
1402 1404 1406
1402 1406 1405
1407 1406 1404
1405 1408 1384
1395 1384 1408
1396 1395 1408
1407 1409 1406
1409 1407 1410
1411 1405 1406
1408 1405 1411
1411 1406 1409
1396 1408 1412
1411 1412 1408
1411 1409 1413
1413 1412 1411
1409 1414 1413
1412 1413 1414
1412 1415 1396
1415 1393 1396
1415 1397 1393
1409 1410 1416
1409 1416 1414
1412 1414 1417
1412 1417 1415
1418 1417 1414
1415 1417 1418
1419 1397 1415
1415 1418 1419
1420 1414 1416
1418 1414 1420
1416 1410 1421
1420 1416 1421
1418 1420 1422
1422 1420 1421
1421 1410 1423
1422 1421 1423
1422 1423 1424
1425 1423 1410
1418 1422 1426
1426 1419 1418
1422 1424 1426
1425 1427 1423
1423 1427 1424
1428 1427 1425
1419 1429 1397
1429 1398 1397
1429 1430 1398
1426 1431 1419
1431 1429 1419
1424 1431 1426
1430 1429 1432
1431 1432 1429
1430 1432 1433
1432 1431 1434
1424 1434 1431
1433 1432 1435
1432 1434 1435
1436 1435 1434
1433 1435 1437
1436 1437 1435
1436 1438 1437
1424 1439 1434
1436 1434 1439
1424 1440 1439
1424 1427 1440
1441 1438 1436
1441 1442 1438
1443 1436 1439
1440 1443 1439
1427 1444 1440
1428 1444 1427
1441 1436 1445
1443 1445 1436
1441 1446 1442
1446 1447 1442
1446 1448 1447
1440 1444 1449
1440 1449 1443
1450 1444 1428
1450 1428 1451
1451 1452 1450
1449 1444 1453
1443 1449 1453
1453 1444 1450
1454 1445 1443
1443 1453 1454
1453 1455 1454
1454 1456 1445
1455 1456 1454
1456 1441 1445
1450 1457 1453
1453 1457 1455
1450 1458 1457
1458 1450 1452
1455 1457 1458
1456 1459 1441
1459 1446 1441
1460 1458 1452
1452 1461 1460
1462 1458 1460
1455 1458 1462
1461 1463 1460
1462 1460 1463
1461 1464 1463
1463 1464 1465
1455 1466 1456
1459 1456 1466
1467 1455 1462
1463 1467 1462
1467 1466 1455
1468 1446 1459
1446 1468 1448
1459 1466 1469
1467 1469 1466
1468 1459 1469
1463 1465 1470
1463 1470 1467
1471 1470 1465
1471 1465 1472
1471 1472 1473
1474 1467 1470
1474 1469 1467
1474 1470 1471
1471 1473 1475
1475 1473 1476
1471 1477 1474
1477 1469 1474
1471 1475 1477
1478 1468 1469
1477 1478 1469
1479 1468 1478
1477 1479 1478
1448 1468 1479
1480 1477 1475
1477 1480 1479
1475 1476 1481
1480 1475 1481
1482 1448 1479
1483 1448 1482
1483 1482 1484
1482 1485 1484
1486 1479 1480
1486 1480 1481
1482 1479 1486
1476 1487 1481
1486 1481 1487
1476 1488 1487
1486 1489 1482
1482 1489 1485
1490 1487 1488
1490 1488 1491
1490 1491 1492
1487 1493 1486
1487 1490 1493
1486 1493 1489
1490 1492 1494
1493 1490 1494
1492 1495 1494
1492 1496 1495
1493 1494 1497
1489 1493 1497
1497 1494 1495
1498 1495 1496
1498 1496 1499
1500 1498 1499
1500 1499 1501
1500 1502 1498
1502 1495 1498
1500 1503 1502
1504 1502 1503
1504 1505 1502
1506 1505 1504
1502 1507 1495
1497 1495 1507
1505 1507 1502
1497 1507 1505
1489 1497 1508
1497 1505 1508
1489 1508 1509
1505 1509 1508
1489 1509 1485
1485 1509 1510
1485 1510 1511
1510 1512 1511
1505 1513 1509
1506 1513 1505
1510 1509 1513
1506 1514 1513
1510 1513 1514
1506 1515 1514
1514 1515 1516
1517 1510 1514
1514 1516 1517
1510 1518 1512
1517 1518 1510
1516 1519 1517
1519 1518 1517
1516 1520 1519
1521 1519 1520
1512 1518 1522
1519 1522 1518
1512 1522 1523
1524 1523 1522
1521 1525 1519
1525 1522 1519
1524 1522 1526
1525 1526 1522
1527 1526 1525
1528 1524 1526
1529 1525 1521
1529 1527 1525
1529 1521 1530
1529 1530 1531
1528 1526 1532
1527 1532 1526
1533 1528 1532
1533 1532 1527
1533 1534 1528
1534 1533 1535
1533 1536 1535
1536 1537 1535
1533 1527 1538
1533 1538 1536
1539 1538 1527
1536 1538 1539
1536 1539 1540
1529 1541 1527
1539 1527 1541
1529 1531 1542
1541 1529 1542
1536 1543 1537
1540 1543 1536
1539 1541 1544
1541 1542 1544
1531 1545 1542
1531 1546 1545
1542 1545 1547
1542 1547 1544
1548 1545 1546
1548 1547 1545
1548 1546 1549
1549 1550 1548
1549 1551 1550
1550 1551 1552
1539 1544 1553
1539 1553 1540
1544 1554 1553
1544 1547 1554
1554 1540 1553
1548 1555 1547
1547 1556 1554
1547 1555 1556
1557 1555 1548
1557 1548 1550
1557 1556 1555
1556 1558 1554
1554 1558 1540
1557 1559 1556
1559 1558 1556
1560 1559 1557
1559 1561 1558
1560 1561 1559
1540 1558 1562
1562 1558 1561
1550 1563 1557
1560 1557 1563
1540 1562 1564
1565 1564 1562
1540 1564 1543
1565 1543 1564
1565 1566 1543
1566 1537 1543
1566 1567 1537
1568 1567 1566
1565 1568 1566
1568 1569 1567
1569 1568 1570
1569 1570 1571
1565 1572 1568
1572 1570 1568
1573 1571 1570
1573 1574 1571
1572 1575 1570
1575 1573 1570
1574 1573 1576
1574 1576 1577
1575 1578 1573
1578 1576 1573
1579 1577 1576
1579 1580 1577
1565 1581 1572
1572 1582 1575
1572 1581 1582
1583 1575 1582
1583 1578 1575
1565 1584 1581
1565 1562 1584
1581 1585 1582
1585 1583 1582
1586 1584 1562
1562 1561 1586
1587 1586 1561
1584 1588 1581
1581 1588 1585
1586 1589 1584
1589 1586 1587
1584 1589 1588
1590 1588 1589
1589 1587 1590
1591 1585 1588
1590 1591 1588
1592 1591 1590
1591 1593 1585
1592 1593 1591
1585 1594 1583
1593 1594 1585
1595 1590 1587
1592 1590 1595
1596 1583 1594
1596 1597 1583
1578 1583 1597
1578 1597 1598
1578 1598 1576
1599 1576 1598
1599 1579 1576
1598 1597 1600
1598 1600 1599
1601 1599 1600
1597 1602 1600
1597 1596 1602
1601 1600 1602
1603 1596 1594
1603 1602 1596
1599 1604 1579
1604 1580 1579
1601 1605 1599
1599 1605 1604
1603 1594 1606
1593 1606 1594
1601 1607 1605
1608 1605 1607
1608 1604 1605
1601 1609 1607
1604 1608 1610
1611 1609 1601
1604 1610 1612
1604 1612 1580
1613 1612 1610
1611 1601 1614
1601 1602 1614
1614 1615 1611
1580 1612 1616
1613 1616 1612
1580 1616 1617
1613 1618 1616
1616 1619 1617
1620 1616 1618
1616 1620 1619
1620 1618 1621
1622 1619 1620
1621 1622 1620
1622 1623 1619
1621 1624 1622
1623 1622 1625
1624 1625 1622
1623 1625 1626
1624 1627 1625
1625 1628 1626
1627 1629 1625
1625 1629 1628
1627 1630 1629
1631 1629 1630
1631 1632 1629
1628 1629 1632
1632 1631 1633
1628 1632 1634
1635 1634 1632
1635 1632 1636
1632 1633 1636
1637 1628 1634
1637 1634 1635
1637 1638 1628
1639 1636 1633
1635 1636 1639
1639 1633 1640
1639 1640 1641
1638 1637 1642
1638 1642 1643
1637 1644 1642
1639 1641 1645
1646 1645 1641
1637 1647 1644
1637 1635 1647
1644 1647 1648
1648 1647 1635
1644 1648 1341
1635 1639 1649
1645 1649 1639
1646 1650 1645
1650 1646 1651
1648 1635 1652
1652 1635 1649
1649 1645 1653
1652 1649 1654
1654 1649 1653
1655 1648 1652
1655 1652 1654
1645 1656 1653
1645 1650 1656
1648 1655 1657
1648 1657 1341
1658 1657 1655
1658 1655 1654
1658 1659 1657
1660 1659 1658
1654 1653 1661
1658 1654 1661
1661 1653 1656
1660 1658 1661
1661 1656 1662
1660 1661 1662
1663 1656 1650
1664 1662 1656
1663 1650 1665
1650 1651 1665
1663 1665 1666
1666 1665 1651
1663 1666 1667
1668 1667 1666
1666 1651 1669
1669 1668 1666
1668 1670 1667
1669 1671 1668
1672 1670 1668
1668 1671 1673
1672 1668 1674
1668 1673 1674
1674 1675 1672
1674 1673 1676
1674 1677 1675
1674 1676 1677
1677 1678 1675
1679 1677 1676
1678 1677 1680
1679 1680 1677
1678 1680 1681
1680 1682 1681
1679 1683 1680
1680 1683 1682
1679 1684 1683
1685 1683 1684
1682 1683 1686
1685 1686 1683
1682 1686 1687
1686 1688 1687
1689 1686 1685
1686 1690 1688
1689 1690 1686
1689 1691 1690
1692 1691 1689
1692 1689 1693
1615 1692 1693
1692 1694 1691
1615 1695 1692
1614 1695 1615
1614 1696 1695
1692 1695 1696
1614 1602 1696
1603 1696 1602
1692 1696 1697
1697 1696 1603
1692 1697 1694
1697 1603 1698
1606 1698 1603
1697 1698 1699
1697 1699 1694
1606 1700 1698
1699 1698 1700
1701 1700 1606
1701 1606 1593
1701 1593 1702
1592 1702 1593
1694 1699 1703
1694 1703 1704
1704 1705 1694
1704 1690 1705
1706 1704 1703
1704 1706 1707
1706 1708 1707
1706 1709 1708
1706 1703 1710
1710 1709 1706
1708 1709 1711
1708 1711 1712
1712 1711 1713
1713 1711 1714
1715 1713 1714
1715 1714 1716
1717 1715 1716
1718 1717 1716
1719 1714 1711
1716 1714 1719
1709 1720 1711
1719 1711 1720
1710 1721 1709
1709 1721 1720
1722 1710 1703
1722 1721 1710
1723 1720 1721
1722 1723 1721
1722 1703 1724
1724 1703 1699
1724 1699 1725
1699 1700 1725
1722 1724 1726
1726 1724 1725
1727 1725 1700
1726 1725 1727
1723 1722 1728
1722 1726 1728
1729 1728 1726
1730 1728 1729
1727 1700 1731
1701 1731 1700
1732 1726 1727
1729 1726 1732
1733 1727 1731
1732 1727 1733
1734 1731 1701
1733 1731 1734
1734 1701 1735
1735 1701 1702
1733 1734 1736
1735 1736 1734
1732 1733 1737
1733 1736 1737
1730 1738 1728
1728 1738 1723
1729 1732 1739
1732 1737 1739
1735 1702 1740
1740 1702 1592
1736 1741 1737
1737 1741 1742
1737 1742 1739
1736 1743 1741
1744 1739 1742
1729 1739 1744
1744 1742 1745
1744 1745 1746
1747 1743 1736
1735 1747 1736
1747 1748 1743
1747 1749 1748
1735 1750 1747
1747 1750 1749
1751 1749 1750
1735 1740 1750
1752 1751 1750
1752 1750 1740
1752 1753 1751
1744 1746 1754
1754 1729 1744
1755 1752 1740
1740 1592 1755
1756 1753 1752
1756 1752 1755
1757 1753 1756
1755 1592 1758
1758 1756 1755
1758 1592 1595
1759 1757 1756
1756 1758 1759
1760 1757 1759
1761 1758 1595
1758 1761 1759
1762 1760 1759
1762 1759 1761
1763 1761 1595
1595 1587 1763
1762 1764 1760
1764 1765 1760
1765 1764 1766
1767 1762 1761
1761 1763 1767
1762 1767 1764
1587 1768 1763
1767 1763 1768
1764 1769 1766
1766 1769 1770
1769 1771 1770
1767 1772 1764
1764 1772 1769
1768 1772 1767
1773 1768 1587
1587 1561 1773
1769 1774 1771
1774 1769 1772
1775 1772 1768
1775 1768 1773
1774 1772 1775
1776 1775 1773
1773 1561 1776
1774 1775 1776
1777 1771 1774
1777 1774 1776
1778 1771 1777
1561 1779 1776
1776 1779 1777
1560 1779 1561
1780 1778 1777
1779 1780 1777
1780 1779 1560
1780 1781 1778
1780 1782 1781
1780 1560 1783
1780 1783 1782
1784 1783 1560
1784 1782 1783
1784 1785 1782
1784 1560 1563
1786 1785 1784
1563 1787 1784
1786 1784 1787
1563 1788 1787
1550 1788 1563
1786 1787 1789
1788 1789 1787
1786 1789 1790
1791 1788 1550
1788 1791 1789
1550 1552 1791
1552 1789 1791
1552 1792 1789
1790 1789 1792
1790 1792 1793
1794 1795 1796
1794 1797 1795
1797 1794 1798
1797 1798 1799
1800 1799 1798
1800 1798 1801
1802 1800 1801
1802 1803 1800
1803 1802 1804
1803 1804 1805
1804 1806 1805
1804 1807 1806
1806 1807 1808
1806 1808 1809
1808 1810 1809
1811 1809 1810
1812 1813 1811
1812 1814 1813
1815 1813 1814
1815 1814 1816
1816 1817 1815
1816 1818 1817
1817 1818 1819
1817 1819 1820
1821 1820 1819
1821 1822 1820
1823 1822 1821
1823 1821 1824
1823 1824 1825
1823 1825 1826
1827 1826 1825
1827 1828 1826
1829 1830 1831
1829 1831 1832
1833 1829 1832
1832 1831 1834
1833 1832 1835
1835 1836 1833
1832 1834 1837
1835 1832 1837
1838 1837 1834
1835 1839 1836
1839 1840 1836
1835 1837 1841
1835 1841 1839
1838 1842 1837
1842 1841 1837
1839 1843 1840
1843 1844 1840
1845 1839 1841
1842 1845 1841
1846 1842 1838
1846 1838 1847
1846 1847 1848
1845 1849 1839
1843 1839 1849
1842 1850 1845
1842 1846 1850
1845 1850 1849
1843 1851 1844
1852 1844 1851
1846 1848 1853
1854 1853 1848
1846 1855 1850
1849 1850 1855
1846 1853 1855
1843 1849 1856
1851 1843 1856
1849 1855 1857
1857 1856 1849
1858 1855 1853
1855 1858 1857
1854 1859 1853
1858 1853 1859
1860 1859 1854
1860 1858 1859
1860 1854 1861
1862 1860 1861
1860 1863 1858
1858 1863 1857
1862 1864 1860
1863 1860 1864
1864 1862 1865
1857 1866 1856
1863 1867 1857
1867 1866 1857
1868 1856 1866
1851 1856 1868
1864 1865 1869
1863 1864 1870
1870 1864 1869
1863 1871 1867
1870 1871 1863
1872 1869 1865
1872 1865 1873
1874 1866 1867
1871 1874 1867
1870 1869 1875
1875 1869 1872
1873 1876 1872
1873 1877 1876
1876 1877 1878
1868 1866 1879
1866 1874 1880
1866 1880 1879
1881 1868 1879
1851 1868 1881
1851 1881 1882
1852 1851 1882
1883 1852 1882
1883 1882 1884
1884 1882 1881
1883 1884 1885
1883 1885 1886
1884 1881 1887
1885 1884 1887
1881 1879 1888
1887 1881 1888
1879 1880 1889
1879 1889 1888
1874 1890 1880
1880 1890 1889
1887 1888 1891
1889 1891 1888
1886 1885 1892
1886 1892 1893
1885 1894 1892
1885 1895 1894
1885 1887 1895
1895 1887 1891
1896 1893 1892
1896 1897 1893
1874 1898 1890
1898 1874 1871
1890 1899 1889
1889 1899 1891
1900 1899 1890
1900 1890 1898
1891 1899 1900
1895 1891 1901
1891 1900 1901
1894 1895 1901
1898 1871 1902
1900 1898 1902
1870 1902 1871
1900 1902 1903
1903 1902 1870
1903 1901 1900
1903 1870 1875
1903 1904 1901
1894 1901 1904
1905 1903 1875
1905 1904 1903
1875 1872 1905
1905 1906 1904
1872 1906 1905
1894 1904 1906
1872 1876 1906
1876 1907 1906
1894 1906 1907
1876 1908 1907
1876 1878 1908
1907 1909 1894
1908 1909 1907
1910 1908 1878
1908 1910 1909
1910 1878 1911
1894 1909 1912
1912 1909 1910
1894 1912 1892
1912 1896 1892
1911 1913 1910
1912 1910 1913
1913 1896 1912
1911 1914 1913
1913 1914 1915
1913 1916 1896
1913 1915 1916
1916 1897 1896
1916 1917 1897
1915 1917 1916
1915 1918 1917
1919 1920 1921
1919 1922 1920
1923 1922 1919
1923 1924 1922
1923 1925 1924
1923 1926 1925
1927 1925 1926
1927 1928 1925
1929 1928 1927
1929 1930 1928
1929 1931 1930
1929 1932 1931
1932 1933 1931
1933 1934 1931
1932 1935 1933
1936 1935 1932
1937 1938 1939
1937 1939 1940
1937 1940 1941
1937 1941 1942
1943 1942 1941
1943 1941 1944
1944 1945 1943
1944 1946 1945
1947 1945 1946
1947 1946 1948
1947 1948 1949
1947 1949 1950
996 1950 1949
996 1949 1951
1952 1939 1953
1952 1953 1954
1955 1952 1954
1955 1954 1956
1955 1956 1957
1955 1957 1958
1959 1960 1958
1959 1961 1960
1962 1960 1961
1962 1963 1960
1962 1964 1963
1962 1965 1964
1964 1965 1966
1964 1966 1967
1968 1967 1966
1968 1969 1967
1970 1969 1968
1970 1968 1971
1972 1973 1974
1972 1974 1975
1976 1975 1974
1976 1977 1975
1977 1976 1978
1977 1978 1979
1980 1979 1978
1980 1978 1981
1982 1980 1981
1982 1983 1980
1984 1983 1982
1984 1985 1983
1986 1985 1984
1986 1984 1987
1986 1988 1985
1989 1985 1988
1990 1991 1992
1990 1992 1993
1994 1992 1995
1994 1995 1996
1994 1996 1997
1995 1998 1996
1999 1996 1998
1999 1997 1996
1999 1998 2000
1999 2000 2001
1999 2001 2002
1997 1999 2002
2002 2001 2003
2003 1997 2002
2003 2004 1997
2003 2001 2005
2003 2005 2006
2006 2004 2003
2007 2006 2005
2007 2008 2006
2004 2006 2008
2009 2008 2007
2009 2004 2008
2009 2007 2010
2010 2011 2009
2010 2012 2011
2011 2012 2013
2009 2014 2004
2014 2009 2011
2004 2015 1997
2016 2004 2014
2004 2016 2015
2017 1997 2015
2017 1994 1997
2016 2018 2015
2018 2017 2015
2011 2013 2019
2014 2011 2020
2020 2011 2019
2021 2014 2020
2016 2014 2022
2021 2022 2014
2023 2019 2013
2023 2013 2024
2020 2019 2025
2025 2021 2020
2025 2019 2023
2026 2025 2023
2026 2023 2027
2023 2024 2027
2027 2024 2028
2027 2028 2029
2026 2027 2029
2030 2029 2028
2030 2031 2029
2031 2026 2029
2031 2030 2032
2031 2032 2033
2033 2026 2031
2033 2032 2034
2034 2032 2035
2033 2036 2026
2034 2036 2033
2034 2035 2037
2037 2035 2038
2037 2038 2039
2040 2034 2037
2034 2040 2036
2037 2039 2041
2041 2040 2037
2042 2041 2039
2042 2039 2043
2041 2044 2040
2044 2041 2042
2045 2044 2042
2043 2046 2042
2045 2042 2046
2046 2043 2047
2046 2047 2048
2045 2046 2049
2050 2049 2047
2050 2045 2049
2050 2047 2051
2050 2051 2052
2036 2040 2053
2044 2053 2040
2036 2053 2054
2054 2026 2036
2054 2055 2026
2055 2025 2026
2055 2056 2025
2025 2056 2021
2055 2057 2056
2057 2021 2056
2050 2052 2058
2059 2050 2058
2050 2059 2045
2058 2052 2060
2060 2059 2058
2060 2052 2061
2060 2061 2062
2063 2062 2061
2060 2064 2059
2062 2064 2060
2045 2059 2065
2064 2065 2059
2045 2065 2066
2066 2044 2045
2066 2067 2044
2044 2067 2053
2068 2067 2066
2068 2066 2065
2053 2067 2069
2068 2069 2067
2069 2068 2070
2053 2069 2071
2071 2069 2070
2071 2054 2053
2071 2072 2054
2072 2071 2070
2055 2054 2072
2055 2072 2073
2073 2072 2070
2055 2073 2057
2057 2073 2070
2068 2065 2074
2068 2074 2070
2075 2057 2070
2057 2075 2021
2076 2075 2070
2021 2075 2076
2074 2077 2070
2021 2076 2022
2078 2074 2065
2078 2077 2074
2064 2078 2065
2022 2076 2079
2079 2076 2070
2022 2079 2016
2016 2079 2018
2018 2079 2070
2078 2080 2077
2077 2080 2070
2081 2078 2064
2081 2064 2062
2078 2082 2080
2081 2082 2078
2083 2080 2082
2080 2083 2070
2084 2018 2070
2018 2084 2017
2085 2084 2070
2017 2084 2085
2083 2085 2070
2017 2085 2086
2086 2085 2083
1994 2017 2086
2083 2082 2087
2081 2087 2082
2086 2083 2087
2081 2062 2088
2063 2088 2062
2081 2089 2087
2086 2087 2089
2088 2089 2081
2063 2090 2088
2088 2090 2089
2063 2091 2090
2090 2091 2092
2089 2090 2092
2092 2091 2093
2086 2089 2094
2089 2092 2094
1994 2086 2094
2092 2093 2095
2094 2092 2095
2095 2093 2096
2096 2094 2095
2096 1994 2094
2096 2093 2097
1994 2096 2098
2096 2097 2098
1994 2098 1992
2099 2098 2097
2099 1992 2098
2100 2101 2102
2103 2102 2101
2103 2104 2102
2105 2104 2103
2105 2103 2106
2107 2105 2106
2107 2108 2105
2107 2109 2108
2107 2110 2109
2111 2109 2110
2112 2113 2114
2115 2113 2112
2115 2116 2113
2116 2115 2117
2118 2119 2120
2118 2120 2121
2121 2120 2122
2121 2122 2123
2124 2123 2122
2124 2122 2125
2126 2124 2125
2126 2125 2127
2128 2126 2127
2128 2129 2126
2130 2129 2128
2130 2128 2131
2132 2130 2131
2132 2133 2130
2134 2133 2132
2134 2135 2133
2136 2137 2138
2139 2136 2138
2139 2138 2140
2139 2140 2141
2139 2141 2142
2143 2142 2141
2143 2144 2142
2145 2144 2143
2146 2145 2143
2146 2147 2145
2147 2146 2148
2149 2150 2151
2152 2149 2151
2152 2151 2153
2154 2152 2153
2154 2155 2152
2156 2157 2158
2156 2158 2159
2156 2159 2160
2159 2161 2160
2162 2163 2164
2163 2162 2165
2165 2162 2166
2167 2163 2165
2168 2165 2166
2167 2165 2168
2168 2166 2169
2168 2169 2170
2171 2167 2168
2168 2170 2171
2171 2172 2167
2171 2170 2173
2172 2171 2173
2174 2175 2176
2176 2177 2174
2177 2178 2174
2179 2177 2176
2180 2178 2177
2179 2180 2177
2180 2181 2178
2180 2182 2181
2183 2180 2179
2180 2183 2182
2183 2179 2184
2183 2185 2182
2184 2185 2183
2186 2187 2188
2189 2187 2186
2189 2186 2190
2190 2186 2191
2192 2191 2186
2190 2191 2193
2190 2193 2194
2189 2190 2195
2190 2194 2195
2189 2195 2196
2195 2194 2197
2196 2195 2198
2195 2197 2198
2196 2198 2199
2198 2200 2199
2197 2201 2198
2198 2201 2200
2197 2202 2201
2201 2203 2200
2202 2204 2201
2201 2204 2203
2202 2205 2204
2204 2206 2203
2205 2207 2204
2204 2207 2206
2205 2208 2207
2207 2209 2206
2210 2207 2208
2207 2210 2209
2210 2208 2211
2212 2209 2210
2213 2210 2211
2212 2210 2214
2213 2214 2210
2214 2213 2215
2214 2216 2212
2214 2215 2217
2214 2217 2216
2218 2217 2215
2216 2217 2219
2218 2219 2217
2216 2219 2220
2221 2220 2219
2222 2219 2218
2221 2219 2222
2222 2218 2223
2224 2221 2222
2225 2222 2223
2224 2222 2225
2225 2223 2226
2225 2226 2227
2224 2225 2228
2225 2227 2228
2224 2228 2229
2228 2227 2230
2231 2229 2228
2228 2230 2232
2231 2228 2232
2233 2232 2230
2232 2234 2231
2233 2235 2232
2232 2235 2234
2236 2234 2235
2237 2235 2233
2236 2235 2238
2237 2238 2235
2239 2236 2238
2237 2240 2238
2239 2238 2240
2237 2241 2240
2242 2239 2240
2240 2241 2242
2243 2244 2245
2243 2245 2246
2247 2248 2249
2250 2249 2248
2247 2249 2251
2247 2251 2252
2247 2252 2253
2253 2252 2254
2255 2253 2254
2251 2256 2252
2254 2252 2256
2251 2257 2256
2249 2257 2251
2254 2256 2258
2249 2259 2257
2254 2258 2260
2261 2259 2249
2255 2254 2262
2254 2260 2262
2263 2255 2262
2262 2260 2264
2262 2265 2263
2262 2264 2266
2262 2266 2265
2267 2266 2264
2265 2266 2268
2267 2268 2266
2265 2268 2269
2268 2267 2270
2269 2268 2270
2261 2249 2271
2250 2271 2249
2261 2271 2272
2250 2272 2271
2261 2272 2273
2274 2273 2272
2250 2275 2272
2274 2272 2275
2274 2276 2273
2274 2275 2277
2278 2276 2274
2274 2277 2279
2278 2274 2280
2274 2279 2280
2281 2278 2280
2279 2282 2280
2281 2280 2282
2281 2282 2283
2284 2281 2283
2279 2285 2282
2283 2282 2285
2286 2284 2283
2283 2287 2286
2283 2285 2288
2283 2289 2287
2290 2283 2288
2283 2290 2289
2290 2288 2291
2290 2291 2292
2293 2289 2290
2290 2292 2293
2293 2294 2289
2295 2294 2293
2296 2293 2292
2295 2293 2296
2296 2292 2297
2296 2298 2295
2298 2296 2297
2299 2300 2301
2302 2301 2300
2299 2303 2300
2299 2304 2303
2299 2305 2304
2306 2304 2305
2307 2306 2305
2303 2304 2308
2306 2308 2304
2303 2308 2309
2300 2303 2309
2306 2310 2308
2300 2309 2311
2306 2312 2310
2313 2300 2311
2314 2306 2307
2306 2314 2312
2315 2314 2307
2314 2316 2312
2314 2315 2317
2314 2318 2316
2314 2317 2318
2319 2316 2318
2317 2320 2318
2319 2318 2320
2317 2321 2320
2320 2322 2319
2321 2322 2320
2313 2323 2300
2302 2300 2323
2313 2324 2323
2302 2323 2324
2313 2325 2324
2326 2324 2325
2302 2324 2327
2326 2327 2324
2326 2325 2328
2326 2329 2327
2330 2326 2328
2326 2331 2329
2330 2332 2326
2326 2332 2331
2333 2332 2330
2331 2332 2334
2333 2334 2332
2333 2335 2334
2336 2335 2333
2331 2334 2337
2335 2337 2334
2338 2335 2336
2335 2338 2339
2335 2340 2337
2335 2339 2341
2342 2340 2335
2335 2341 2342
2342 2343 2340
2342 2344 2343
2345 2342 2341
2342 2345 2344
2345 2341 2346
2347 2345 2346
2348 2344 2345
2347 2348 2345
2348 2349 2344
2348 2347 2350
2350 2349 2348
2351 2352 2353
2352 2354 2353
2354 2352 2355
2351 2355 2352
2354 2355 2356
2357 2356 2355
2351 2357 2355
2357 2358 2356
2359 2358 2357
2360 2357 2351
2359 2357 2360
2361 2360 2351
2359 2360 2362
2362 2360 2361
2359 2362 2363
2362 2361 2364
2363 2362 2364
2363 2364 2365
2364 2361 2366
2367 2365 2364
2367 2364 2366
2367 2368 2365
2369 2367 2366
2369 2368 2367
2369 2366 2370
2369 2371 2368
2372 2369 2370
2371 2369 2372
698 2373 691
699 691 2373
2374 2373 698
706 2374 698
699 2373 2375
2374 2375 2373
2374 706 2376
2376 706 673
2374 2376 2377
2377 2375 2374
699 2375 2378
699 2378 700
2379 2376 673
2379 2377 2376
2380 2378 2375
2377 2380 2375
700 2378 2381
2380 2381 2378
2379 673 2382
674 2382 673
2383 2379 2382
2384 2379 2383
2379 2385 2377
2385 2380 2377
2384 2385 2379
2385 2386 2380
2384 2386 2385
2386 2381 2380
2384 2387 2386
2386 2387 2388
2386 2388 2389
2386 2389 2381
2389 2388 724
2389 724 732
2381 2389 732
2381 732 2390
700 2381 2390
732 703 2390
700 2390 703
674 2391 2392
2393 2392 2391
2393 2391 2394
674 2392 2395
2396 2393 2394
2397 2395 2392
2398 2395 2397
2399 2398 2397
2396 2400 2393
2400 2396 2401
2397 2392 2402
2393 2403 2392
2402 2392 2403
2399 2397 2404
2397 2402 2405
2397 2405 2404
2399 2404 2406
2399 2406 2407
2406 2408 2407
2409 2402 2403
2409 2405 2402
2404 2405 2410
2404 2410 2406
2406 2411 2408
2411 1746 2408
2411 1754 1746
2406 2412 2411
2412 1754 2411
2406 2410 2412
2405 2413 2410
2405 2409 2413
2412 2414 1754
1754 2414 1729
1730 1729 2414
1730 2414 2412
2410 2415 2412
2410 2413 2415
1730 2412 2415
2416 2415 2413
2416 1730 2415
2409 2417 2413
2416 2413 2417
2416 2417 2418
2409 2419 2417
2419 2418 2417
2403 2419 2409
2416 2420 1730
1730 2420 1738
2416 2418 2421
2421 2420 2416
2420 2422 1738
2422 1723 1738
2403 2423 2419
2423 2403 2393
2423 2393 2424
2424 2419 2423
2424 2393 2400
2419 2425 2418
2424 2425 2419
2426 2425 2424
2418 2425 2426
2421 2427 2420
2420 2427 2422
2428 2422 2427
2422 2429 1723
2428 2429 2422
1723 2429 1720
2430 1720 2429
2428 2430 2429
2428 2431 2430
2430 1719 1720
2431 1719 2430
2432 2427 2421
2428 2427 2432
2428 2432 2433
2432 2421 2434
2434 2433 2432
2418 2434 2421
2418 2435 2434
2418 2426 2435
2435 2436 2434
2434 2436 2433
2433 2436 2437
2435 2438 2436
2438 2435 2426
2438 2437 2436
2428 2439 2431
2428 2433 2439
2433 2440 2439
2440 2431 2439
2433 2437 2441
2433 2441 2440
2437 2442 2441
2440 2441 2442
2438 2426 2443
2438 2444 2437
2443 2444 2438
2445 2443 2426
2443 2446 2444
2446 2443 2445
2445 2426 2447
2426 2424 2447
2424 2400 2447
2400 2445 2447
2448 2445 2400
2400 2401 2448
2446 2445 2449
2445 2448 2449
2450 2448 2401
2450 2401 2451
2448 2452 2449
2452 2446 2449
2450 2452 2448
2453 2444 2446
2452 2453 2446
2454 2450 2451
2454 2451 2455
2453 2456 2444
2437 2444 2456
2457 2454 2455
2457 2455 2458
2457 2458 2459
2437 2456 2460
2437 2460 2442
2456 2461 2460
2461 2442 2460
2462 2456 2453
2456 2462 2461
2463 2461 2462
2461 2464 2442
2463 2464 2461
2457 2459 2465
2466 2465 2459
2462 2453 2467
2467 2453 2452
2467 2452 2468
2450 2468 2452
2462 2467 2469
2468 2469 2467
2450 2470 2468
2468 2470 2469
2454 2470 2450
2457 2471 2454
2454 2471 2470
2457 2472 2471
2472 2457 2465
2470 2471 2473
2470 2473 2469
2473 2471 2472
2462 2469 2474
2463 2462 2474
2475 2474 2469
2475 2469 2473
2475 2463 2474
2476 2475 2473
2473 2472 2477
2476 2473 2477
2475 2478 2463
2476 2478 2475
2472 2465 2479
2480 2477 2472
2480 2472 2479
2481 2479 2465
2466 2481 2465
2477 2482 2476
2477 2480 2482
2481 2483 2479
2480 2479 2483
2466 2484 2481
2466 2485 2484
2481 2486 2483
2481 2484 2486
2487 2484 2485
2487 2485 2488
2487 2488 2489
2490 2486 2484
2490 2484 2487
2491 2490 2487
2487 2489 2492
2491 2487 2492
2493 2492 2489
2493 2494 2492
2491 2492 2494
2491 2494 2495
2496 2491 2495
2486 2490 2497
2497 2490 2491
2483 2486 2498
2486 2497 2498
2496 2499 2491
2497 2491 2499
2500 2499 2496
2500 2496 2501
2499 2502 2497
2498 2497 2502
2499 2500 2502
2500 2503 2502
2483 2498 2504
2480 2483 2504
2498 2502 2505
2504 2498 2505
2505 2502 2503
2480 2504 2506
2504 2505 2506
2480 2506 2482
2507 2500 2501
2500 2507 2503
2501 2508 2507
2508 2503 2507
2501 1377 2508
2506 2505 2509
2505 2503 2509
2482 2506 2510
2506 2509 2510
2482 2510 2511
2511 2476 2482
2509 2512 2510
2511 2510 2512
2513 2509 2503
2509 2513 2512
2511 2514 2476
2476 2514 2478
2514 2511 2515
2511 2512 2515
2516 2478 2514
2514 2515 2516
2508 1377 2517
1374 2517 1377
2518 2517 1374
2508 2517 2518
2518 1374 1379
2508 2519 2503
2513 2503 2519
2508 2518 2519
2518 2513 2519
2520 2518 1379
2518 2520 2513
1340 2512 2513
1340 2513 2520
1341 2512 1340
1341 2515 2512
2521 2515 1341
2521 2516 2515
1338 1340 2520
1659 2516 2521
2520 1379 2522
1338 2520 2522
1339 2522 1379
1339 1338 2522
1659 2523 2516
2516 2523 2478
2463 2478 2523
2463 2523 2524
2524 2523 1659
2463 2524 2464
2524 1659 2525
1660 2525 1659
2526 2524 2525
2526 2464 2524
1660 2526 2525
2464 2526 2527
2464 2527 2442
2440 2442 2527
1660 2528 2526
2528 2527 2526
2527 2529 2440
2440 2529 2431
1660 2530 2528
1660 1662 2530
1664 2530 1662
2528 2531 2527
2527 2531 2529
2530 2531 2528
2431 2529 2532
2532 2529 2531
2533 2530 1664
2534 2533 1664
1718 2533 2534
2530 2535 2531
2533 2535 2530
2532 2531 2535
1718 2536 2533
2536 2535 2533
2536 2532 2535
1718 1716 2536
2532 2536 1716
2431 2532 2537
2532 1716 2537
2431 2537 1719
1716 1719 2537
2538 2539 2540
2538 2541 2539
2538 2540 2542
2543 2542 2540
2538 2544 2541
2541 2544 2545
2541 2545 2546
2538 2547 2544
2548 2538 2542
2538 2548 2547
2549 2545 2544
2549 2544 2547
2543 2550 2542
2551 2550 2543
2551 2543 2552
2550 2553 2542
2550 2551 2553
2548 2542 2553
2552 2554 2551
2553 2551 2554
2553 2554 2555
2553 2555 2556
2553 2556 2548
2557 2548 2556
2557 2547 2548
2547 2557 2558
2547 2558 2549
2552 2559 2554
2558 2560 2549
2558 2561 2560
2560 2545 2549
2562 2559 2552
2562 2563 2559
2562 2552 2564
2562 2565 2563
2562 2564 2566
2567 2566 2564
2562 2568 2565
2568 2562 2566
2569 2565 2568
2567 2570 2566
2568 2566 2570
2567 2571 2570
2571 2568 2570
2567 2572 2571
2571 2572 2573
2569 2568 2574
2571 2574 2568
2575 2569 2574
2571 2573 2576
2574 2571 2576
2546 2576 2573
2575 2574 2577
2574 2576 2577
2577 2578 2575
2577 2579 2578
2576 2579 2577
2579 2580 2578
2576 2581 2579
2546 2581 2576
2579 2582 2580
2581 2582 2579
2546 2583 2581
2581 2583 2582
2546 2584 2583
2585 2583 2584
2582 2583 2585
2585 2584 2586
2580 2582 2587
2582 2585 2587
2586 2587 2585
2580 2587 2588
2587 2589 2588
2586 2590 2587
2587 2590 2589
2590 2591 2589
2590 2592 2591
2592 2561 2591
2592 2590 2593
2592 2560 2561
2592 2593 2594
2594 2560 2592
2593 2595 2594
2594 2595 2560
2593 2596 2595
2560 2595 2545
2545 2595 2596
2545 2596 2546
2597 2598 2599
2600 2599 2598
2600 2601 2599
2602 2601 2600
2597 2599 2603
2601 2604 2599
2599 2604 2603
2597 2603 2605
2603 2604 2605
2606 2604 2601
2602 2606 2601
2607 2604 2606
2607 2606 2602
2597 2605 2608
2607 2602 2609
2608 2605 2610
2605 2604 2610
2608 2610 2611
2609 2612 2607
2612 2604 2607
2609 2613 2612
2611 2610 2614
2610 2604 2614
2611 2614 2615
2616 2615 2614
2617 2612 2613
2617 2604 2612
2617 2613 2618
2619 2617 2618
2619 2604 2617
2619 2618 2620
2619 2620 2621
2614 2604 2622
2616 2614 2622
2623 2604 2619
2619 2621 2623
2622 2604 2624
2616 2622 2624
2616 2624 2625
2621 2626 2623
2626 2604 2623
2621 2627 2626
2628 2626 2627
2629 2625 2624
2624 2604 2629
2629 2630 2625
2631 2630 2629
2629 2604 2631
2631 2632 2630
2633 2632 2631
2628 2634 2626
2634 2604 2626
2635 2634 2628
2635 2604 2634
2635 2628 2636
2633 2635 2636
2633 2631 2637
2631 2604 2637
2633 2637 2635
2637 2604 2635
2638 2639 2640
2640 2641 2638
2641 2642 2638
2638 2642 2643
2638 2644 2639
2638 2643 2644
2644 2645 2639
2644 2643 2646
2644 2646 2645
2647 2645 2646
2646 2643 2648
2647 2646 2649
2649 2646 2648
2650 2647 2649
2649 2648 2651
2650 2649 2651
2648 2652 2651
2650 2651 2653
2651 2652 2653
2650 2653 2654
2653 2655 2654
2653 2656 2655
2652 2656 2653
2657 2655 2656
2652 2658 2656
2657 2656 2658
2652 2659 2658
2658 2659 2657
2660 2661 2662
2660 2662 2663
2660 2664 2661
2665 2661 2664
2660 2663 2666
2663 2667 2666
2663 2668 2667
2660 2666 2669
2670 2664 2660
2660 2669 2670
2671 2666 2667
2671 2669 2666
2665 2664 2672
2673 2665 2672
2673 2674 2665
2672 2664 2675
2672 2675 2673
2670 2675 2664
2674 2673 2676
2675 2676 2673
2675 2677 2676
2675 2678 2677
2675 2670 2678
2679 2678 2670
2679 2670 2669
2669 2680 2679
2669 2671 2680
2674 2676 2681
2680 2671 2682
2680 2682 2683
2682 2671 2667
2684 2674 2681
2684 2681 2685
2684 2686 2674
2684 2685 2687
2684 2688 2686
2689 2686 2688
2684 2687 2690
2690 2688 2684
2691 2690 2687
2689 2688 2692
2690 2692 2688
2689 2692 2693
2693 2692 2690
2689 2693 2694
2693 2695 2694
2691 2696 2690
2693 2690 2696
2697 2696 2691
2693 2698 2695
2696 2698 2693
2668 2695 2698
2697 2699 2696
2696 2699 2698
2699 2697 2700
2699 2700 2701
2698 2699 2701
2701 2700 2702
2698 2701 2703
2668 2698 2703
2701 2702 2704
2703 2701 2704
2668 2703 2705
2703 2704 2705
2668 2705 2706
2707 2706 2705
2704 2707 2705
2707 2708 2706
2702 2709 2704
2704 2709 2707
2708 2707 2709
2702 2710 2709
2709 2710 2711
2708 2709 2712
2709 2711 2712
2712 2711 2713
2712 2713 2714
2714 2713 2683
2714 2715 2712
2714 2683 2682
2714 2716 2715
2716 2714 2682
2715 2716 2717
2716 2682 2717
2715 2717 2718
2682 2667 2717
2667 2718 2717
2667 2668 2718
2719 2720 2721
2722 2721 2720
2722 2720 2723
2724 2722 2723
2719 2725 2720
2723 2720 2726
2720 2725 2726
2719 2727 2725
2725 2727 2726
2728 2723 2726
2724 2723 2728
2729 2728 2726
2729 2724 2728
2719 2730 2727
2729 2731 2724
2730 2732 2727
2727 2732 2726
2730 2733 2732
2731 2729 2734
2734 2729 2726
2731 2734 2735
2733 2736 2732
2732 2736 2726
2733 2737 2736
2738 2736 2737
2739 2735 2734
2739 2734 2726
2739 2740 2735
2741 2740 2739
2741 2739 2726
2741 2742 2740
2741 2743 2742
2736 2744 2726
2738 2744 2736
2745 2741 2726
2741 2745 2743
2744 2746 2726
2738 2746 2744
2738 2747 2746
2743 2745 2748
2748 2745 2726
2743 2748 2749
2750 2749 2748
2751 2746 2747
2746 2751 2726
2751 2747 2752
2753 2751 2752
2751 2753 2726
2753 2752 2754
2755 2753 2754
2750 2748 2756
2756 2748 2726
2757 2750 2756
2757 2756 2726
2757 2758 2750
2755 2758 2757
2755 2759 2753
2753 2759 2726
2755 2757 2759
2759 2757 2726
2760 2761 2762
2763 2761 2760
2762 2761 2764
2765 2761 2763
2764 2761 2766
2767 2761 2765
2766 2761 2768
2769 2761 2767
2768 2761 2770
2771 2761 2769
2770 2761 2772
2773 2761 2771
2772 2761 2774
2775 2761 2773
2774 2761 2776
2776 2761 2775
2777 2778 2779
2780 2777 2779
2778 2781 2779
2782 2780 2779
2781 2783 2779
2784 2782 2779
2783 2785 2779
2786 2784 2779
2785 2787 2779
2788 2786 2779
2787 2789 2779
2790 2788 2779
2789 2791 2779
2792 2790 2779
2791 2793 2779
2793 2792 2779
