byte offset: 0
first index: 0
index count: 13863
topology: trianglelist
format: DXGI_FORMAT_R16_UINT

0 1 2
3 1 4
5 1 3
5 6 1
7 6 5
6 8 1
6 9 8
6 10 9
7 11 6
11 10 6
11 12 10
13 11 7
11 14 12
13 15 11
15 14 11
16 15 13
15 17 14
18 17 15
19 15 16
19 18 15
18 20 17
21 18 19
18 22 20
23 18 21
24 22 18
23 24 18
25 24 23
26 24 25
26 27 24
27 28 29
27 29 30
30 31 22
32 33 29
32 34 33
31 33 35
33 36 35
37 36 33
31 35 38
31 38 39
40 37 41
40 41 42
43 31 44
44 45 43
44 46 45
46 47 45
45 47 48
43 45 48
43 48 49
50 49 48
51 50 48
50 52 49
50 51 53
52 50 53
54 52 53
55 54 53
54 56 52
54 55 57
56 54 57
56 57 58
56 58 59
57 60 58
61 59 58
60 62 58
61 58 62
63 61 62
64 63 62
65 61 63
65 63 66
63 67 66
65 66 68
69 68 66
68 69 70
65 68 70
65 70 71
71 70 72
70 73 72
71 72 74
75 73 76
77 75 76
77 76 78
79 77 78
78 80 79
81 74 79
82 74 81
82 8 74
81 79 83
84 81 83
84 83 85
85 83 86
87 86 83
87 83 79
87 88 86
87 79 89
89 79 90
89 90 91
92 91 90
92 90 93
90 94 93
95 81 96
97 94 98
98 80 97
98 99 80
100 82 101
102 103 104
105 102 106
105 107 102
106 108 105
106 109 108
108 109 110
108 110 111
107 105 112
113 112 105
107 112 114
115 107 114
113 116 112
117 116 113
117 113 118
119 117 118
110 120 118
119 118 120
110 121 120
122 119 120
121 123 120
122 120 124
120 123 124
125 122 124
124 123 126
125 124 127
124 126 127
127 128 125
129 127 126
127 130 128
129 130 127
131 130 129
132 128 130
131 133 130
132 130 133
134 133 131
135 133 134
132 133 135
136 135 134
136 134 137
136 137 138
136 138 139
136 139 140
141 139 138
141 142 139
140 139 142
143 135 136
136 140 143
140 144 143
143 145 135
145 143 144
146 132 135
145 146 135
141 147 142
147 148 142
141 149 147
150 147 149
150 148 147
150 149 151
151 152 150
140 153 144
154 153 140
140 142 155
148 155 142
154 140 155
154 155 148
150 156 148
150 157 156
156 157 158
158 148 156
158 157 159
158 160 148
159 160 158
154 148 160
159 161 160
154 160 161
154 161 162
163 162 164
163 164 165
144 165 164
144 164 166
167 144 166
167 168 144
145 144 168
167 169 168
168 170 145
145 170 146
146 170 171
170 168 172
172 171 170
172 173 171
171 173 174
171 174 175
176 175 174
176 177 175
176 178 177
179 177 178
176 180 178
179 181 177
182 178 180
146 171 183
183 132 146
183 184 132
171 181 185
171 185 183
179 185 181
183 185 186
183 186 184
186 185 179
186 179 187
184 186 188
179 189 187
184 188 190
190 191 184
179 192 189
179 178 192
193 189 192
193 194 189
193 195 194
193 196 195
195 196 197
195 197 198
197 199 198
197 200 199
199 200 201
199 201 202
202 201 203
204 192 178
204 178 205
205 206 204
182 205 178
205 207 206
208 205 182
206 207 209
208 182 210
207 211 209
210 212 208
213 209 211
210 214 212
213 211 215
216 212 214
216 214 217
218 216 217
215 219 213
215 218 219
219 218 220
221 222 223
221 224 225
225 226 221
227 225 224
225 228 226
226 228 229
227 230 225
231 230 227
231 232 230
233 230 232
233 234 230
225 235 234
236 232 231
236 231 237
238 237 231
236 237 239
239 240 236
239 241 240
242 240 241
236 243 232
240 243 236
232 244 233
232 243 244
242 245 240
246 245 242
246 247 245
247 246 248
247 248 249
249 248 250
251 249 250
251 247 249
252 251 250
251 253 247
253 251 252
245 247 253
253 252 254
245 253 255
254 255 253
255 240 245
254 256 255
240 257 243
255 257 240
258 255 256
257 255 258
258 243 257
258 256 259
258 244 243
244 258 259
244 259 260
233 244 260
233 260 261
261 234 233
261 262 234
263 234 262
263 262 264
225 234 263
265 263 264
265 225 263
266 265 264
225 265 267
267 265 266
225 267 268
268 267 269
268 269 229
270 229 269
270 271 229
270 272 271
270 273 272
274 272 273
275 276 266
276 275 277
276 277 278
278 277 279
278 279 280
281 282 283
282 284 285
282 286 284
286 287 284
286 288 287
289 287 288
289 288 290
289 290 291
289 291 292
292 291 293
292 293 294
295 294 293
296 297 298
299 297 300
299 300 301
301 302 299
301 300 303
304 303 300
301 303 305
301 306 302
305 306 301
306 307 302
305 308 306
306 309 307
308 309 306
308 310 309
309 311 307
309 310 312
309 313 311
309 312 313
313 314 311
312 315 313
313 315 314
312 316 315
315 317 314
318 315 316
315 319 317
318 319 315
320 319 318
321 317 319
320 322 319
321 319 322
323 322 320
321 322 324
323 324 322
321 324 325
324 323 326
324 327 325
324 326 328
324 328 327
329 328 326
327 328 329
330 331 332
333 334 335
336 337 333
333 337 338
339 337 336
339 338 337
339 336 340
339 341 338
342 339 340
343 341 339
342 343 339
343 344 341
343 342 345
346 344 343
343 345 346
346 347 344
346 345 348
346 349 347
346 348 350
346 350 349
351 350 348
352 349 350
351 353 350
352 350 353
354 353 351
355 352 353
354 355 353
356 355 354
355 357 352
357 355 356
357 356 358
356 354 359
356 360 358
356 361 360
356 359 362
356 362 361
360 361 363
360 363 364
365 363 361
365 361 362
364 363 366
365 366 363
367 364 366
367 366 368
367 368 369
365 370 366
366 370 368
362 371 365
370 365 371
370 372 368
373 368 372
370 371 374
370 374 372
362 375 371
374 371 376
376 371 375
374 376 377
374 377 378
374 378 372
376 375 379
372 378 380
381 379 375
362 382 375
381 375 382
383 381 382
362 359 382
383 382 359
383 384 381
383 359 385
386 384 383
387 383 385
388 372 380
373 372 388
388 380 389
386 383 390
387 390 383
390 391 386
392 390 387
390 392 391
392 387 393
394 391 392
393 395 392
394 392 395
393 396 395
397 394 395
395 396 398
397 395 399
395 398 399
397 399 400
400 399 398
388 389 401
401 373 388
402 401 389
402 389 403
404 402 403
401 405 373
402 405 401
404 406 402
407 406 404
402 408 405
406 408 402
409 373 405
405 408 410
405 410 409
409 411 373
411 412 373
411 369 412
406 407 413
406 414 408
406 413 414
415 408 414
415 410 408
407 416 413
407 417 416
417 418 416
419 414 413
419 415 414
413 416 420
418 420 416
413 420 419
421 420 418
419 420 421
421 418 422
421 422 423
421 423 424
419 421 424
425 424 423
419 426 415
424 426 419
425 427 424
424 427 426
425 428 427
426 427 428
425 429 428
430 428 429
431 415 426
426 428 431
431 410 415
432 410 431
428 432 431
432 409 410
430 433 428
428 433 432
409 432 434
434 432 433
409 434 411
435 433 430
434 433 435
435 430 436
437 435 436
437 434 435
437 436 438
411 434 439
437 439 434
411 439 440
440 439 441
439 442 441
442 439 437
441 442 443
444 437 438
444 442 437
444 438 445
444 445 446
442 444 447
444 446 447
442 448 443
442 447 448
446 449 447
448 447 449
446 450 449
450 451 449
450 452 451
453 451 452
454 443 448
448 449 454
451 454 449
454 455 443
456 455 454
453 457 451
457 453 458
451 459 454
456 454 459
460 459 451
460 451 457
461 456 459
462 460 457
461 463 456
463 461 464
457 458 465
462 457 465
458 466 465
466 462 465
458 467 466
466 468 462
467 469 466
468 466 469
467 470 469
468 469 471
472 469 470
471 469 473
472 470 474
471 473 475
475 473 476
475 476 477
474 478 472
474 479 478
477 476 480
477 480 481
482 481 480
482 480 483
482 483 484
485 478 479
485 486 478
485 487 486
485 488 487
489 487 488
490 491 492
493 491 494
493 494 495
496 493 497
496 498 493
499 498 496
499 500 498
501 500 499
501 502 500
503 502 501
503 501 504
503 504 505
503 505 506
505 507 506
505 508 507
507 508 509
496 495 510
495 511 510
495 512 511
512 513 511
496 510 514
515 496 514
515 514 516
516 517 515
516 518 517
517 518 519
509 508 520
508 521 520
508 522 521
509 520 523
522 524 521
522 525 524
524 525 526
524 526 527
528 527 526
528 529 527
496 529 528
509 523 530
509 530 531
531 530 532
531 532 533
534 533 532
535 533 534
531 533 535
531 535 536
509 531 536
537 536 535
537 538 536
509 536 539
539 536 538
507 509 539
539 538 540
540 507 539
540 541 507
542 543 544
545 546 547
548 549 550
551 548 550
551 552 548
553 552 551
554 551 550
554 550 555
550 556 555
557 551 554
553 551 557
557 554 558
559 557 558
560 553 557
559 560 557
560 561 553
562 561 560
563 560 559
562 560 563
563 564 562
563 559 565
566 563 565
566 567 563
568 567 566
568 569 567
569 568 570
569 571 567
572 567 571
569 570 573
574 573 570
569 575 571
575 569 573
574 576 573
577 576 574
575 573 578
576 578 573
571 575 579
579 575 578
572 571 580
571 579 581
580 571 581
580 581 582
572 580 583
583 580 582
583 582 584
572 583 585
583 584 586
585 583 587
583 586 587
585 587 588
587 589 588
587 590 589
586 590 587
590 591 589
586 592 590
593 592 586
590 594 591
592 594 590
594 595 591
594 596 595
595 596 597
592 598 594
598 596 594
597 596 599
598 599 596
597 599 600
601 600 599
601 599 598
602 601 598
602 598 592
593 602 592
603 593 604
603 605 593
603 606 605
603 607 606
607 608 606
607 609 608
609 610 608
609 579 610
610 579 611
610 611 612
611 613 612
611 614 613
579 578 611
578 615 611
578 616 615
576 616 578
617 615 616
617 618 615
619 618 617
620 616 576
620 617 616
577 620 576
619 617 621
621 617 620
621 622 619
623 620 577
621 620 623
623 577 624
624 625 623
625 621 623
624 626 625
625 626 627
625 627 628
625 629 621
628 629 625
621 629 622
628 630 629
622 629 630
622 630 631
632 633 634
632 634 635
635 636 632
635 634 637
635 638 636
638 639 636
638 640 639
641 640 638
641 638 642
642 638 635
642 643 641
635 637 644
642 635 644
642 645 643
644 645 642
637 646 644
637 647 646
646 647 648
646 648 649
649 648 650
649 650 651
644 652 645
651 650 653
654 645 652
651 653 655
643 645 656
654 656 645
643 656 657
658 656 654
658 654 659
657 656 660
656 658 660
657 660 661
662 661 660
663 658 659
663 660 658
663 659 655
662 660 664
663 664 660
664 665 662
666 664 663
655 667 663
666 668 664
664 668 665
668 666 669
665 668 670
668 669 670
665 670 671
670 672 671
669 673 670
670 673 672
669 674 673
672 673 675
675 673 674
675 674 676
672 675 677
675 676 678
677 675 679
675 678 679
677 679 680
681 679 678
679 681 680
682 683 684
682 685 683
686 683 685
686 685 687
688 686 687
688 687 689
690 688 689
690 689 691
691 692 690
691 693 692
694 692 693
694 695 692
696 695 694
696 694 697
698 696 697
699 700 701
702 700 699
702 703 700
704 703 702
704 705 703
706 705 704
706 704 707
707 708 706
707 709 708
709 710 708
709 711 710
711 712 710
711 713 712
713 714 712
713 715 714
715 716 714
715 717 716
717 718 716
717 715 719
717 720 718
718 720 721
718 721 722
719 715 723
719 723 724
724 723 725
724 725 726
726 725 727
726 727 728
727 729 728
727 730 729
730 731 729
730 732 731
732 733 731
732 734 733
734 735 733
734 736 735
735 736 737
738 739 740
738 740 741
742 738 741
742 743 738
744 745 742
744 746 745
747 746 744
747 748 746
749 748 747
749 750 748
750 751 748
750 752 751
748 751 753
748 753 746
746 753 754
746 754 743
743 754 755
743 755 756
755 757 756
755 758 757
757 758 759
757 759 760
760 759 761
760 761 762
761 763 762
740 757 764
740 764 765
765 764 766
765 766 767
766 768 767
769 770 771
772 769 771
772 773 769
774 773 772
774 775 773
776 775 774
776 774 777
778 779 777
778 780 779
781 780 778
781 782 780
783 782 781
783 784 782
785 784 783
785 786 784
787 786 785
787 788 786
789 788 787
784 786 790
790 786 788
789 791 788
792 791 789
792 793 791
794 793 792
794 795 793
784 790 796
797 784 796
790 788 798
799 798 788
799 800 798
801 800 799
790 802 796
803 802 790
798 803 790
803 804 802
797 796 805
805 796 804
806 803 798
800 806 798
797 805 807
797 807 808
776 808 807
776 807 809
809 810 776
805 811 807
809 807 811
809 812 810
773 810 812
805 804 813
805 813 811
804 803 814
814 803 806
809 811 815
815 812 809
813 816 811
815 811 816
813 817 816
815 816 818
813 819 817
813 804 820
813 820 819
804 814 820
820 821 819
814 821 820
814 822 821
806 822 814
822 806 823
818 824 815
818 825 824
815 824 812
824 825 826
824 826 827
827 826 828
827 828 829
828 830 829
831 812 824
831 832 812
833 831 829
833 832 831
830 833 834
835 823 806
835 836 823
800 835 806
837 836 835
837 838 836
839 835 800
839 837 835
801 839 800
838 837 840
839 840 837
838 840 841
840 842 841
801 843 839
839 843 840
801 795 843
840 844 842
843 844 840
845 842 844
845 844 846
795 847 843
843 847 844
846 844 847
795 848 847
846 847 849
849 847 848
849 848 850
849 851 846
850 852 849
849 852 851
850 853 852
852 853 854
852 854 855
851 852 855
851 855 856
857 858 859
857 859 860
860 859 861
860 861 862
863 860 862
864 857 860
863 864 860
864 865 857
866 865 864
867 864 863
866 864 867
867 863 868
866 867 869
869 867 868
866 869 870
869 868 871
870 869 872
873 869 871
870 872 874
873 871 875
874 872 876
877 873 875
874 876 878
877 875 879
878 876 880
878 880 881
881 880 882
883 877 879
882 883 884
883 879 884
885 886 887
887 888 885
885 888 889
888 890 889
888 891 890
891 892 890
891 893 892
893 894 892
893 895 894
894 895 896
897 898 899
900 897 899
900 901 897
902 901 900
902 903 901
904 903 902
904 905 903
906 905 904
906 907 905
908 907 906
908 909 907
910 909 908
905 907 911
909 911 907
905 911 912
903 905 912
903 912 913
909 914 911
903 913 915
903 915 916
917 916 915
917 915 918
919 917 918
909 920 914
910 921 909
909 921 920
922 921 910
922 923 921
924 923 922
924 925 923
926 925 924
927 925 926
927 928 925
929 928 927
929 930 928
931 930 929
931 932 930
933 932 931
933 934 932
935 934 933
930 936 928
930 937 936
928 936 938
930 939 937
930 932 939
928 938 940
932 941 939
932 934 941
942 940 938
942 923 940
943 923 942
943 942 920
934 944 941
934 945 944
935 945 934
945 946 944
935 947 945
945 947 946
935 948 947
947 948 949
947 949 950
946 947 950
946 950 951
952 953 954
953 955 954
953 956 955
953 957 956
958 957 953
959 958 953
959 960 958
961 960 959
957 962 956
957 963 962
962 963 964
962 964 965
961 959 966
954 966 959
956 967 955
956 968 967
967 968 965
967 965 969
965 970 969
964 971 965
965 971 970
964 972 971
971 972 973
970 971 974
971 973 974
970 974 975
976 974 973
975 974 976
975 976 977
976 973 978
976 979 977
978 980 976
976 980 979
978 981 980
980 982 979
981 982 980
983 984 985
983 986 984
986 987 984
986 988 987
989 988 986
990 986 983
989 986 990
990 983 961
990 991 989
961 966 990
990 966 991
992 991 966
992 993 991
954 992 966
992 994 993
954 995 992
992 995 994
954 955 995
994 995 996
996 995 955
996 955 997
994 996 998
996 997 999
998 996 1000
996 999 1000
998 1000 1001
1002 1000 999
1001 1000 1002
1002 999 1003
1001 1002 1004
1002 1003 1005
1004 1002 1006
1002 1005 1006
1004 1006 1007
1008 1006 1005
1007 1006 1008
1008 1005 1009
1007 1008 1010
1011 1008 1009
1010 1008 1011
1011 1009 1012
1010 1011 1013
1014 1011 1012
1011 1014 1013
1015 1016 1017
1015 1018 1016
1019 1018 1015
1019 1015 1020
1019 1020 1021
1019 1021 1022
1022 1021 1023
1022 1023 1024
1021 1025 1023
1021 1026 1025
1024 1023 1027
1027 1023 1025
1027 1025 1028
1024 1027 1029
1030 1027 1028
1031 1029 1027
1030 1032 1027
1031 1033 1029
1034 1032 1030
1033 1031 1034
1034 1030 1035
1033 1034 1036
1036 1034 1037
1036 1037 1038
1037 1034 1039
1038 1037 1040
1040 1037 1039
1040 1039 1041
1038 1040 1042
1040 1041 1043
1042 1040 1044
1040 1043 1044
1042 1044 1045
1046 1044 1043
1045 1044 1046
1046 1043 1047
1045 1046 1048
1049 1046 1047
1048 1046 1049
1049 1047 1050
1048 1049 1051
1052 1049 1050
1051 1049 1052
1052 1050 1053
1051 1052 1054
1055 1052 1053
1054 1052 1055
1056 1057 1058
1056 1059 1057
1060 1057 1059
1060 1059 1061
1062 1060 1061
1062 1061 1063
1064 1062 1063
1064 1063 1065
1066 1064 1065
1066 1065 1067
1068 1066 1067
1068 1067 1069
1070 1068 1069
1070 1069 1071
1072 1070 1071
1072 1071 1073
1074 1072 1073
1074 1073 1075
1076 1074 1075
1076 1075 1077
1078 1076 1077
1078 1077 1079
1080 1078 1079
1081 1082 1083
1084 1081 1083
1084 1085 1081
1086 1085 1084
1086 1087 1085
1088 1087 1086
1088 1089 1087
1090 1089 1088
1090 1091 1089
1092 1091 1090
1092 1093 1091
1094 1093 1092
1094 1095 1093
1096 1095 1094
1097 1098 1099
1099 1098 1100
1099 1100 1101
1099 1101 1102
1101 1100 1103
1102 1101 1104
1104 1105 1103
1102 1104 1106
1104 1103 1107
1106 1104 1108
1108 1104 1107
1106 1108 1109
1108 1107 1110
1109 1108 1111
1111 1108 1110
1109 1111 1112
1111 1110 1113
1112 1111 1114
1114 1111 1113
1112 1114 1115
1114 1113 1116
1115 1114 1117
1117 1118 1116
1115 1117 1119
1117 1116 1120
1117 1121 1119
1121 1117 1120
1122 1123 1124
1122 1125 1123
1122 1126 1125
1122 1127 1126
1126 1127 1128
1126 1128 1129
1129 1128 1130
1129 1130 1131
1131 1130 1132
1131 1132 1133
1133 1132 1134
1135 1136 1137
1138 1135 1137
1138 1139 1135
1140 1139 1138
1140 1141 1139
1142 1141 1140
1142 1143 1141
1144 1143 1142
1144 1145 1143
1146 1145 1144
1146 1147 1145
1148 1147 1146
1148 1149 1147
1150 1149 1148
1150 1151 1149
1152 1153 1154
1155 1153 1152
1155 1156 1153
1157 1156 1155
1157 1158 1156
1159 1158 1157
1159 1160 1158
1161 1160 1159
1161 1162 1160
1163 1162 1161
1163 1164 1162
1165 1164 1163
1165 1166 1164
1167 1166 1165
1167 1168 1166
1169 1168 1167
1166 1168 1170
1169 1171 1168
1166 1170 1172
1164 1166 1172
1164 1172 1173
1174 1164 1173
1174 1173 1175
1176 1174 1175
1176 1175 1177
1178 1176 1177
1178 1177 1179
1180 1178 1179
1180 1179 1181
1182 1180 1181
1182 1181 1183
1184 1182 1183
1185 1186 1187
1188 1186 1185
1188 1189 1186
1190 1189 1188
1190 1191 1189
1192 1191 1190
1192 1193 1191
1194 1193 1192
1194 1195 1193
1196 1195 1194
1196 1197 1195
1198 1199 1200
1198 1201 1199
1202 1199 1201
1202 1201 1203
1202 1203 1171
1202 1171 1169
1204 1205 1206
1204 1206 1207
1208 1204 1207
1208 1207 1209
1210 1208 1209
1210 1209 1211
1212 1210 1211
1212 1211 1213
1214 1212 1213
1214 1213 1215
1216 1214 1215
1217 1218 1219
1217 1219 1220
1220 1219 1221
1220 1221 1222
1222 1221 1223
1222 1223 1224
1224 1223 1225
1224 1225 1226
1225 1227 1226
1225 1228 1227
1229 1227 1228
1229 1228 1230
1229 1230 1231
1229 1231 1232
1232 1231 1233
1232 1233 1234
1234 1233 1235
1234 1235 1236
1236 1235 1237
1236 1237 1238
1238 1237 1239
1240 1241 1242
1240 1242 1243
1244 1240 1243
1244 1243 1245
1246 1244 1245
1246 1245 1247
1248 1246 1247
1248 1247 1249
1250 1248 1249
1250 1251 1248
1252 1251 1250
1252 1250 1253
1254 1252 1253
1254 1253 1255
1254 1255 1256
1254 1256 1257
1257 1256 1258
1257 1258 1259
1259 1258 1260
1259 1260 1261
1261 1260 1262
1263 1264 1265
1263 1265 1266
1266 1265 1267
1263 1266 1268
1263 1268 1269
1266 1267 1270
1270 1267 1271
1272 1266 1270
1272 1268 1266
1270 1271 1273
1272 1270 1273
1273 1271 1274
1273 1274 1275
1275 1274 1276
1272 1273 1277
1277 1273 1275
1275 1276 1278
1279 1278 1276
1277 1275 1280
1280 1275 1278
1272 1277 1281
1281 1277 1280
1268 1272 1282
1272 1281 1282
1283 1268 1282
1268 1283 1269
1283 1284 1269
1285 1269 1284
1279 1286 1278
1279 1287 1286
1279 1288 1287
1287 1288 1289
1278 1286 1290
1287 1290 1286
1280 1278 1291
1278 1290 1291
1287 1289 1292
1292 1289 1293
1294 1280 1291
1281 1280 1294
1287 1295 1290
1295 1287 1292
1292 1293 1296
1297 1292 1296
1295 1292 1297
1297 1296 1298
1290 1295 1299
1297 1299 1295
1291 1290 1300
1290 1299 1300
1294 1291 1301
1291 1300 1301
1302 1294 1301
1302 1301 1300
1281 1294 1303
1302 1303 1294
1281 1303 1304
1282 1281 1304
1305 1300 1299
1305 1302 1300
1302 1306 1303
1304 1303 1306
1307 1282 1304
1283 1282 1307
1305 1308 1302
1302 1308 1306
1304 1306 1309
1307 1304 1309
1310 1283 1307
1311 1307 1309
1311 1310 1307
1283 1310 1312
1284 1283 1312
1311 1313 1310
1314 1311 1309
1314 1313 1311
1315 1310 1313
1315 1312 1310
1314 1316 1313
1315 1313 1316
1309 1306 1317
1318 1306 1308
1318 1317 1306
1314 1309 1319
1309 1317 1319
1284 1312 1320
1312 1315 1321
1312 1321 1320
1284 1320 1322
1285 1284 1322
1285 1322 1323
1285 1323 1324
1322 1320 1325
1322 1325 1323
1320 1326 1325
1320 1327 1326
1320 1321 1327
1323 1325 1328
1324 1323 1329
1323 1328 1329
1330 1329 1328
1324 1329 1331
1332 1330 1328
1329 1333 1331
1330 1332 1334
1329 1335 1333
1330 1335 1329
1327 1336 1334
1321 1337 1327
1327 1337 1336
1338 1334 1336
1338 1330 1334
1337 1339 1336
1338 1336 1339
1321 1340 1337
1337 1340 1339
1340 1341 1339
1341 1342 1339
1338 1339 1342
1321 1343 1340
1315 1343 1321
1340 1344 1341
1343 1344 1340
1315 1345 1343
1315 1316 1345
1343 1346 1344
1345 1346 1343
1345 1316 1347
1347 1316 1314
1348 1341 1344
1346 1348 1344
1345 1349 1346
1345 1347 1349
1349 1350 1346
1346 1350 1348
1347 1314 1351
1319 1351 1314
1347 1352 1349
1349 1352 1350
1351 1353 1347
1347 1353 1352
1319 1354 1351
1351 1355 1353
1354 1355 1351
1319 1356 1354
1319 1317 1356
1354 1357 1355
1356 1357 1354
1317 1358 1356
1317 1318 1358
1352 1359 1350
1353 1360 1352
1352 1360 1359
1361 1353 1355
1353 1361 1360
1357 1362 1355
1361 1355 1362
1350 1359 1363
1350 1363 1348
1356 1364 1357
1357 1365 1362
1365 1357 1364
1361 1362 1366
1366 1362 1365
1367 1364 1356
1358 1367 1356
1365 1364 1368
1368 1364 1367
1360 1361 1369
1361 1366 1369
1366 1365 1370
1370 1365 1368
1371 1369 1366
1370 1371 1366
1358 1372 1367
1373 1372 1358
1318 1373 1358
1373 1374 1372
1318 1375 1373
1308 1375 1318
1308 1376 1375
1305 1376 1308
1377 1373 1375
1376 1377 1375
1305 1378 1376
1376 1378 1377
1378 1379 1377
1377 1380 1373
1380 1374 1373
1379 1380 1377
1305 1381 1378
1305 1299 1381
1380 1382 1374
1382 1380 1379
1383 1378 1381
1378 1383 1379
1299 1384 1381
1297 1384 1299
1385 1381 1384
1383 1381 1385
1386 1384 1297
1385 1384 1386
1386 1297 1298
1382 1387 1374
1379 1388 1382
1382 1388 1387
1388 1389 1387
1390 1374 1387
1390 1387 1389
1390 1391 1374
1367 1391 1390
1379 1392 1388
1388 1392 1389
1367 1390 1393
1368 1367 1393
1379 1394 1392
1394 1379 1383
1395 1390 1389
1393 1390 1395
1393 1395 1396
1397 1368 1393
1397 1393 1396
1370 1368 1397
1392 1394 1398
1389 1392 1398
1399 1394 1383
1399 1398 1394
1399 1383 1385
1400 1389 1398
1399 1401 1398
1401 1400 1398
1399 1385 1402
1401 1399 1402
1403 1389 1400
1403 1404 1389
1396 1404 1403
1405 1402 1385
1405 1385 1386
1406 1405 1386
1406 1386 1298
1402 1405 1407
1407 1405 1406
1401 1402 1408
1408 1402 1407
1401 1409 1400
1409 1401 1408
1403 1400 1410
1400 1409 1410
1409 1408 1411
1411 1408 1407
1410 1409 1411
1396 1403 1412
1412 1403 1410
1413 1396 1412
1413 1414 1396
1413 1370 1414
1412 1410 1415
1413 1412 1415
1413 1416 1370
1370 1416 1371
1410 1411 1417
1415 1410 1417
1411 1418 1417
1419 1411 1407
1411 1419 1418
1413 1415 1420
1420 1416 1413
1415 1417 1421
1418 1421 1417
1420 1415 1421
1419 1407 1422
1407 1406 1422
1419 1422 1423
1418 1419 1423
1406 1424 1422
1425 1423 1422
1406 1426 1424
1426 1406 1298
1426 1298 1427
1293 1426 1427
1293 1428 1426
1428 1424 1426
1428 1429 1424
1430 1425 1429
1425 1431 1423
1430 1431 1425
1432 1423 1431
1418 1423 1432
1430 1433 1431
1432 1431 1433
1430 1434 1433
1433 1434 1435
1434 1436 1435
1436 1437 1435
1436 1438 1437
1437 1438 1439
1433 1435 1440
1432 1433 1440
1437 1440 1435
1418 1432 1441
1432 1440 1441
1437 1439 1442
1443 1442 1439
1437 1444 1440
1444 1441 1440
1443 1445 1442
1445 1443 1446
1445 1446 1447
1448 1437 1442
1448 1444 1437
1445 1448 1442
1449 1445 1447
1445 1449 1448
1449 1447 1450
1448 1451 1444
1444 1451 1441
1418 1441 1452
1418 1452 1421
1449 1453 1448
1448 1453 1451
1441 1451 1454
1441 1454 1452
1453 1454 1451
1452 1455 1421
1452 1454 1455
1420 1421 1455
1456 1420 1455
1420 1456 1416
1454 1457 1455
1456 1455 1457
1416 1456 1458
1416 1458 1371
1449 1459 1453
1459 1460 1453
1450 1459 1449
1453 1461 1454
1454 1461 1457
1460 1461 1453
1457 1461 1460
1456 1457 1462
1456 1462 1458
1457 1460 1462
1458 1463 1371
1371 1463 1369
1450 1464 1459
1460 1459 1464
1465 1464 1450
1465 1450 1466
1467 1458 1462
1458 1467 1463
1463 1468 1369
1360 1369 1468
1469 1462 1460
1467 1462 1469
1460 1464 1470
1469 1460 1470
1470 1464 1465
1471 1469 1470
1467 1469 1471
1467 1472 1463
1463 1472 1468
1360 1468 1473
1360 1473 1359
1474 1470 1465
1471 1470 1474
1467 1471 1475
1467 1475 1472
1468 1472 1476
1468 1476 1473
1359 1473 1477
1359 1477 1363
1472 1475 1478
1472 1478 1476
1475 1471 1479
1475 1479 1478
1480 1471 1474
1480 1479 1471
1473 1476 1481
1473 1481 1477
1477 1481 1482
1363 1477 1483
1477 1482 1483
1363 1483 1484
1483 1485 1484
1478 1479 1486
1480 1486 1479
1476 1478 1487
1476 1487 1481
1478 1486 1487
1474 1488 1480
1474 1465 1488
1465 1489 1488
1489 1465 1490
1465 1466 1490
1466 1491 1490
1490 1491 1492
1490 1492 1493
1493 1492 1494
1495 1480 1488
1495 1488 1493
1480 1495 1486
1481 1487 1496
1481 1496 1482
1495 1493 1497
1493 1494 1497
1487 1486 1498
1487 1498 1496
1499 1496 1498
1486 1495 1500
1486 1500 1498
1495 1497 1500
1500 1499 1498
1497 1501 1500
1500 1501 1499
1502 1482 1496
1499 1502 1496
1494 1503 1497
1497 1503 1501
1501 1503 1504
1499 1501 1505
1501 1504 1505
1494 1506 1503
1504 1503 1506
1507 1502 1499
1508 1502 1507
1502 1508 1482
1507 1499 1509
1499 1505 1509
1508 1507 1510
1505 1511 1509
1511 1512 1509
1504 1513 1505
1505 1513 1511
1511 1514 1512
1512 1514 1510
1514 1511 1515
1516 1511 1513
1514 1515 1517
1517 1515 1518
1482 1508 1519
1508 1510 1520
1508 1520 1519
1482 1519 1521
1521 1519 1520
1482 1521 1483
1483 1521 1485
1510 1514 1522
1510 1522 1520
1521 1520 1523
1485 1521 1523
1523 1520 1522
1514 1517 1524
1514 1524 1522
1517 1518 1525
1524 1517 1525
1524 1525 1526
1525 1527 1526
1522 1524 1528
1518 1529 1525
1525 1529 1527
1518 1530 1529
1529 1531 1527
1532 1529 1530
1529 1532 1531
1532 1530 1533
1532 1533 1534
1531 1532 1535
1532 1534 1535
1531 1535 1536
1537 1535 1534
1536 1535 1537
1536 1537 1538
1538 1537 1539
1538 1539 1540
1540 1539 1541
1540 1541 1542
1541 1543 1542
1541 1544 1543
1543 1544 1545
1543 1545 1546
1546 1545 1547
1546 1547 1548
1547 1549 1548
1547 1550 1549
1549 1550 1551
1549 1551 1552
1551 1553 1552
1551 1554 1553
1553 1554 1555
1556 1557 1555
1552 1557 1556
1552 1556 1558
1559 1552 1558
1559 1560 1552
1561 1560 1559
1561 1559 1562
1563 1561 1562
1563 1564 1561
1565 1564 1563
1565 1566 1564
1567 1566 1565
1567 1565 1568
1569 1567 1568
1569 1570 1567
1571 1570 1569
1571 1572 1570
1573 1572 1571
1573 1574 1572
1575 1574 1573
1575 1576 1574
1577 1576 1575
1577 1575 1578
1579 1577 1578
1579 1578 1580
1528 1579 1580
1528 1581 1579
1522 1528 1582
1523 1522 1582
1523 1582 1583
1523 1583 1584
1485 1523 1584
1583 1585 1586
1586 1585 1587
1586 1587 1588
1587 1589 1588
1587 1590 1589
1583 1586 1591
1590 1592 1589
1590 1593 1592
1592 1593 1594
1592 1594 1595
1595 1594 1596
1595 1596 1597
1597 1596 1598
1597 1598 1599
1598 1600 1599
1598 1601 1600
1602 1583 1591
1601 1603 1600
1601 1604 1603
1603 1604 1605
1603 1605 1606
1605 1607 1606
1607 1608 1606
1609 1606 1608
1609 1610 1606
1610 1609 1611
1610 1611 1600
1612 1600 1611
1612 1611 1613
1614 1612 1613
1614 1615 1612
1616 1615 1614
1616 1617 1615
1618 1617 1616
1618 1619 1617
1620 1619 1618
1620 1618 1621
1620 1621 1622
1620 1622 1623
1624 1623 1622
1624 1625 1623
1591 1625 1624
1591 1624 1626
1627 1591 1626
1628 1591 1627
1627 1626 1629
1629 1626 1630
1630 1626 1631
1632 1628 1627
1632 1633 1628
1630 1631 1634
1634 1631 1635
1636 1630 1634
1637 1636 1634
1341 1636 1637
1637 1634 1638
1634 1635 1638
1627 1639 1632
1627 1640 1639
1640 1630 1641
1640 1641 1639
1641 1341 1639
1341 1637 1342
1342 1637 1638
1341 1642 1639
1639 1642 1632
1348 1642 1341
1643 1632 1642
1348 1643 1642
1643 1644 1632
1348 1363 1643
1342 1638 1645
1338 1342 1645
1638 1646 1645
1638 1635 1646
1338 1645 1647
1330 1338 1647
1635 1648 1646
1635 1649 1648
1648 1649 1650
1645 1646 1651
1645 1651 1647
1330 1647 1652
1335 1330 1652
1646 1648 1653
1646 1653 1651
1653 1648 1654
1648 1650 1654
1653 1654 1655
1654 1656 1655
1650 1657 1654
1654 1657 1656
1650 1658 1657
1657 1659 1656
1658 1660 1657
1657 1660 1659
1658 1661 1660
1660 1662 1659
1661 1663 1660
1660 1663 1662
1661 1664 1663
1663 1664 1665
1662 1663 1666
1663 1665 1666
1662 1666 1667
1666 1665 1668
1667 1666 1669
1666 1668 1669
1667 1669 1670
1669 1668 1671
1670 1669 1672
1669 1671 1672
1670 1672 1673
1672 1671 1674
1673 1672 1675
1672 1674 1675
1673 1675 1676
1675 1674 1677
1676 1675 1678
1675 1677 1678
1676 1678 1679
1678 1677 1680
1679 1678 1681
1678 1680 1681
1679 1681 1682
1681 1680 1683
1682 1681 1684
1681 1683 1684
1682 1684 1685
1684 1683 1686
1685 1684 1686
1687 1688 1689
1687 1690 1688
1691 1690 1687
1691 1692 1690
1693 1692 1691
1693 1694 1692
1695 1694 1693
1695 1693 1696
1697 1695 1696
1697 1696 1698
1697 1698 1699
1697 1699 1700
1699 1701 1700
1699 1702 1701
1701 1702 1703
1701 1703 1704
1703 1705 1704
1703 1706 1705
1707 1706 1708
1709 1707 1708
1709 1710 1707
1711 1709 1708
1711 1712 1709
1713 1712 1711
1713 1711 1714
1715 1713 1714
1715 1716 1713
1715 1717 1716
1715 1718 1717
1718 1719 1717
1718 1720 1719
1719 1720 1721
1719 1721 1722
1722 1721 1723
1722 1723 1724
1724 1723 1725
1724 1725 1726
1726 1725 1727
1726 1727 1728
1725 1729 1727
1725 1688 1729
1727 1729 1730
1728 1727 1731
1727 1730 1731
1728 1731 1732
1731 1733 1732
1731 1734 1733
1733 1734 1735
1730 1736 1731
1730 1737 1736
1736 1737 1738
1739 1740 1741
1742 1743 1739
1744 1742 1739
1744 1745 1742
1746 1745 1744
1746 1744 1747
1748 1746 1747
1749 1748 1747
1750 1748 1749
1750 1751 1748
1752 1751 1750
1752 1753 1751
1754 1753 1752
1754 1752 1755
1756 1754 1755
1756 1755 1757
1756 1757 1758
1756 1758 1759
1760 1759 1758
1760 1761 1759
1762 1761 1760
1762 1760 1763
1763 1760 1764
1763 1764 1765
1764 1760 1766
1764 1766 1767
1766 1768 1767
1766 1769 1768
1769 1770 1768
1769 1771 1770
1771 1772 1770
1771 1773 1772
1772 1773 1774
1772 1774 1775
1775 1774 1776
1775 1776 1777
1777 1776 1778
1777 1778 1779
1778 1780 1779
1778 1781 1780
1780 1781 1782
1780 1782 1741
1783 1784 1785
1783 1786 1784
1787 1786 1783
1787 1788 1786
1786 1788 1789
1784 1786 1790
1786 1789 1790
1784 1790 1791
1790 1792 1791
1789 1793 1790
1790 1793 1792
1789 1794 1793
1793 1795 1792
1794 1796 1793
1793 1796 1795
1794 1797 1796
1796 1797 1798
1795 1796 1799
1796 1798 1799
1795 1799 1800
1799 1798 1801
1800 1799 1802
1799 1801 1802
1800 1802 1803
1802 1801 1804
1803 1802 1805
1802 1804 1805
1803 1805 1806
1805 1804 1807
1806 1805 1808
1805 1807 1808
1806 1808 1809
1808 1807 1810
1809 1808 1811
1808 1810 1811
1809 1811 1812
1810 1813 1811
1811 1813 1812
1814 1815 1816
1814 1817 1815
1818 1817 1814
1815 1817 1819
1815 1819 1820
1817 1821 1819
1818 1822 1817
1817 1823 1821
1822 1818 1824
1821 1823 1825
1822 1824 1826
1821 1825 1827
1828 1826 1824
1828 1829 1826
1827 1825 1830
1827 1830 1831
1832 1829 1828
1832 1828 1833
1834 1832 1833
1830 1835 1831
1830 1836 1835
1834 1837 1832
1835 1836 1837
1838 1837 1834
1835 1837 1839
1838 1840 1837
1839 1837 1840
1839 1840 1841
1842 1840 1838
1840 1843 1841
1842 1844 1840
1840 1844 1843
1844 1842 1845
1843 1844 1846
1844 1845 1846
1843 1846 1847
1846 1845 1848
1847 1846 1849
1846 1848 1849
1847 1849 1850
1849 1848 1851
1850 1849 1852
1849 1851 1852
1850 1852 1853
1852 1851 1854
1853 1852 1855
1852 1854 1855
1853 1855 1856
1854 1857 1855
1855 1857 1856
1858 1859 1860
1860 1859 1861
1860 1861 1862
1862 1863 1860
1863 1864 1860
1862 1865 1863
1866 1865 1862
1861 1867 1862
1866 1862 1867
1861 1868 1867
1869 1867 1868
1870 1866 1867
1869 1870 1867
1870 1871 1866
1870 1869 1872
1873 1871 1870
1870 1872 1874
1873 1870 1874
1875 1874 1872
1876 1873 1874
1875 1876 1874
1876 1877 1873
1878 1876 1875
1879 1877 1876
1878 1879 1876
1879 1880 1877
1881 1879 1878
1882 1880 1879
1881 1882 1879
1882 1883 1880
1882 1881 1884
1885 1883 1882
1882 1884 1886
1885 1882 1886
1887 1888 1889
1887 1889 1890
1891 1887 1890
1891 1890 1494
1889 1892 1890
1892 1494 1890
1889 1893 1892
1892 1893 1894
1892 1506 1494
1892 1894 1895
1506 1892 1895
1894 1896 1895
1506 1895 1897
1504 1506 1897
1896 1898 1895
1898 1897 1895
1899 1504 1897
1899 1897 1898
1504 1899 1513
1900 1898 1896
1900 1896 1901
1902 1900 1901
1902 1903 1900
1904 1903 1902
1904 1905 1903
1904 1906 1905
1904 1907 1906
1908 1906 1907
1908 1909 1906
1909 1908 1910
1909 1910 1911
1911 1910 1912
1911 1912 1913
1913 1912 1914
1913 1914 1915
1914 1916 1915
1914 1917 1916
1916 1917 1918
1918 1919 1916
1916 1919 1920
1916 1920 1915
1921 1915 1920
1921 1922 1915
1923 1922 1921
1923 1924 1922
1925 1924 1923
1925 1926 1924
1926 1925 1927
1926 1927 1928
1929 1928 1927
1929 1927 1930
1929 1930 1931
1929 1931 1932
1932 1931 1933
1932 1933 1934
1933 1898 1934
1933 1899 1898
1935 1513 1899
1935 1899 1936
1516 1513 1935
1937 1935 1936
1938 1516 1935
1937 1938 1935
1938 1939 1516
1938 1937 1940
1938 1940 1941
1939 1938 1942
1939 1942 1943
1940 1944 1941
1940 1945 1944
1942 1946 1943
1942 1947 1946
1944 1945 1948
1944 1948 1949
1946 1947 1950
1946 1950 1951
1948 1952 1949
1950 1953 1951
1950 1952 1953
1948 1954 1952
1952 1954 1955
1953 1952 1956
1952 1955 1956
1953 1956 1957
1956 1955 1958
1957 1956 1958
1959 1960 1961
1959 1962 1960
1963 1962 1959
1963 1964 1962
1965 1964 1963
1965 1966 1964
1967 1966 1965
1967 1968 1966
1969 1968 1967
1969 1970 1968
1971 1970 1969
1968 1972 1966
1968 1973 1972
1966 1972 1974
1966 1974 1975
1976 1975 1974
1976 1974 1977
1960 1976 1977
1960 1977 1978
1971 1979 1970
1980 1979 1971
1979 1981 1970
1982 1981 1973
1982 1970 1981
1979 1983 1981
1984 1983 1979
1980 1984 1979
1984 1985 1983
1980 1986 1984
1980 1987 1986
1988 1986 1987
1988 1987 1989
1988 1989 1990
1988 1990 1991
1992 1988 1991
1991 1990 1993
1992 1991 1994
1994 1991 1995
1991 1993 1995
1994 1995 1996
1997 1995 1993
1996 1995 1997
1997 1993 1998
1996 1997 1999
2000 1997 1998
1999 1997 2000
2001 2002 1992
2001 2003 2002
2004 2003 2001
2004 2001 1985
2005 2006 2007
2007 2006 2008
2007 2008 2009
2010 2009 2008
2010 2011 2009
2010 2012 2011
2010 2013 2012
2013 2014 2012
2013 2015 2014
2016 2014 2015
2016 2017 2014
2016 2018 2017
2016 2019 2018
2020 2018 2019
2020 2021 2018
2020 2022 2021
2020 2023 2022
2023 2024 2022
2025 2024 2023
2025 2026 2024
2027 2026 2025
2027 2028 2026
2029 2030 2028
2031 2029 2028
2029 2032 2030
2033 2029 2031
2033 2032 2029
2033 2031 2034
2034 2031 2035
2034 2035 2036
2036 2035 2037
2036 2037 2038
2038 2037 2039
2038 2039 2040
2040 2039 2041
2040 2041 2042
2042 2041 2043
2042 2043 2044
2044 2043 2045
2044 2045 2046
2046 2045 2047
2046 2047 2048
2048 2047 2049
2048 2049 2050
2050 2049 2051
2050 2051 2052
2052 2051 2053
2052 2053 2054
2054 2053 2055
2056 2057 2058
2059 2057 2056
2059 2060 2057
2061 2060 2059
2061 2062 2060
2063 2062 2061
2063 2064 2062
2065 2064 2063
2065 2066 2064
2067 2066 2065
2067 2065 2068
2069 2067 2068
2069 2070 2067
2071 2070 2069
2071 2072 2070
2073 2072 2074
2073 2074 2075
2073 2075 2076
2073 2076 2077
2076 2078 2077
2076 2079 2078
2080 2078 2079
2080 2079 2081
2080 2081 2082
2080 2082 2083
2084 2083 2082
2084 2082 2085
2086 2084 2085
2086 2085 2087
2088 2086 2087
2089 2090 2091
2091 2090 2092
2091 2092 2093
2092 2094 2093
2092 2095 2094
2095 2096 2094
2095 2097 2096
2097 2098 2096
2097 2099 2098
2100 2098 2099
2100 2099 2101
2100 2101 2102
2100 2102 2103
2103 2102 2104
2103 2104 2105
2106 2105 2104
2106 2107 2105
2106 2108 2107
2106 2109 2108
2110 2109 2111
2110 2111 2112
2112 2111 2113
2112 2113 2114
2113 2115 2114
2113 2116 2115
2116 2117 2115
2116 2118 2117
2118 2119 2117
2118 2120 2119
2119 2120 2121
2119 2121 2122
2122 2121 2123
2122 2123 2124
2124 2123 2092
2124 2092 2125
2125 2092 2090
2125 2090 2126
2126 2090 2127
2128 2129 2130
2128 2130 2131
2131 2130 2132
2131 2132 2133
2132 2134 2133
2132 2135 2134
2135 2136 2134
2135 2137 2136
2137 2138 2136
2137 2139 2138
2138 2139 2140
2138 2140 2141
2141 2142 2143
2141 2143 2144
2144 2145 2146
2144 2147 2145
2147 2142 2148
2149 2148 2142
2147 2148 2150
2149 2151 2148
2152 2147 2150
2153 2151 2149
2153 2149 2154
2153 2154 2155
2153 2155 2156
2156 2155 2157
2156 2157 2158
2159 2158 2157
2159 2160 2158
2159 2161 2160
2159 2162 2161
2152 2150 2163
2164 2152 2163
2146 2152 2164
2164 2163 2165
2146 2164 2166
2167 2164 2165
2166 2164 2167
2167 2165 2168
2166 2167 2169
2170 2167 2168
2169 2167 2170
2171 2172 2173
2171 2174 2172
2174 2171 2175
2174 2175 2176
2177 2176 2175
2177 2178 2176
2179 2178 2177
2179 2180 2178
2179 2181 2180
2179 2182 2181
2183 2181 2182
2183 2182 2184
2183 2184 2185
2183 2185 2186
2187 2186 2185
2187 2185 2188
2189 2187 2188
2189 2188 2190
2189 2190 2191
2189 2191 2192
2193 2192 2191
2194 2192 2193
2195 2192 2194
2195 2189 2192
2196 2189 2195
2196 2187 2189
2197 2187 2196
2197 2198 2187
2199 2198 2197
2199 2200 2198
2201 2200 2199
2201 2202 2200
2203 2202 2201
2203 2201 2204
2205 2203 2204
2205 2204 2206
2207 2205 2206
2207 2206 2208
2209 2207 2208
2209 2210 2207
2211 2210 2209
2211 2209 2212
2213 2214 2215
2213 2215 2216
2216 2215 2217
2216 2217 2218
2219 2218 2217
2219 2217 2220
2215 2221 2217
2220 2217 2221
2215 2222 2221
2215 2223 2222
2215 2224 2223
2220 2221 2225
2219 2220 2226
2226 2220 2225
2219 2226 2227
2226 2225 2228
2227 2226 2229
2229 2226 2228
2229 2228 2230
2227 2229 2231
2229 2230 2232
2231 2229 2233
2229 2232 2233
2231 2233 2234
2235 2233 2232
2234 2233 2235
2235 2232 2236
2234 2235 2237
2238 2235 2236
2237 2235 2238
2238 2236 2239
2237 2238 2240
2241 2238 2239
2240 2238 2241
2241 2239 2242
2243 2241 2242
2240 2241 2244
2244 2241 2245
2246 2247 2248
2246 2249 2247
2249 2246 2250
2249 2250 2251
2252 2251 2250
2252 2250 2253
2254 2252 2253
2254 2253 2255
2256 2254 2255
2256 2255 2257
2256 2257 2258
2256 2258 2259
2260 2259 2258
2260 2258 2261
2260 2261 2262
2260 2262 2263
2264 2263 2262
2264 2262 2265
2266 2265 2267
2266 2268 2265
2266 2267 2269
2270 2268 2266
2271 2268 2270
2271 2272 2268
2273 2272 2271
2273 2274 2272
2275 2274 2273
2275 2276 2274
2277 2276 2275
2277 2278 2276
2279 2278 2277
2279 2280 2278
2281 2280 2279
2281 2252 2280
2281 2282 2252
2281 2283 2282
2284 2282 2283
2284 2285 2282
2286 2285 2284
2286 2284 2287
2288 2289 2290
2291 2289 2288
2291 2292 2289
2293 2292 2291
2293 2266 2292
2270 2266 2293
2266 2269 2292
2289 2292 2269
2289 2269 2294
2295 2289 2294
2296 2297 2298
2296 2299 2297
2299 2296 2300
2299 2300 2301
2302 2301 2300
2302 2303 2301
2304 2303 2302
2304 2305 2303
2306 2305 2304
2306 2307 2305
2308 2307 2306
2308 2309 2307
2310 2309 2308
2310 2311 2309
2312 2311 2310
2312 2313 2311
2314 2313 2312
2314 2315 2313
2314 2316 2315
2314 2317 2316
2318 2316 2317
2319 2320 2318
2321 2320 2319
2321 2319 2322
2323 2321 2322
2323 2322 2324
2325 2323 2324
2325 2324 2326
2327 2325 2326
2327 2326 2328
2329 2327 2328
2329 2328 2330
2329 2330 2331
2329 2331 2332
2333 2332 2331
2333 2331 2334
2335 2333 2334
2335 2334 2336
2337 2335 2336
2337 2338 2335
2339 2338 2337
2339 2337 2340
2341 2342 2343
2341 2343 2344
2344 2343 2345
2344 2345 2346
2345 2347 2346
2345 2348 2347
2349 2347 2348
2349 2350 2347
2349 2351 2350
2349 2352 2351
2352 2353 2351
2352 2354 2353
2354 2355 2353
2354 2356 2355
2357 2355 2356
2357 2358 2355
2357 2359 2358
2357 2360 2359
2361 2359 2360
2362 2356 2354
2362 2354 2363
2364 2356 2362
2364 2357 2356
2363 2354 2365
2363 2365 2366
2366 2365 2367
2366 2367 2368
2368 2367 2369
2368 2369 2370
2370 2369 2371
2370 2371 2372
2373 2357 2364
2373 2360 2357
2374 2372 2371
2374 2375 2372
2374 2376 2375
2374 2377 2376
2378 2360 2373
2378 2373 2379
2361 2360 2378
2378 2379 2380
2361 2378 2381
2378 2380 2381
2361 2381 2382
2383 2381 2380
2382 2381 2383
2383 2380 2384
2382 2383 2385
2386 2383 2384
2385 2383 2386
2387 2388 2389
2387 1 2388
2390 2391 2392
2390 2392 2393
2390 2393 2394
2390 2394 2395
2395 2394 2396
2395 2396 2397
2397 2396 2398
2397 2398 2399
2399 2398 2400
2399 2400 2401
2401 2400 2402
2401 2402 2403
2403 2402 2404
2403 2404 2405
2405 2404 2406
2405 2406 2407
2407 2406 2408
2409 2410 2411
2409 2412 2410
2412 2413 2410
2414 2412 2409
2412 2415 2413
2414 2416 2412
2416 2415 2412
2416 2414 2417
2416 2418 2415
2416 2417 2419
2418 2416 2419
2419 2417 2420
2418 2419 2421
2419 2420 2422
2421 2419 2422
2422 2420 2423
2421 2422 2424
2422 2423 2425
2424 2422 2426
2425 2423 2427
2424 2426 2428
2425 2427 2429
2428 2426 2430
2429 2427 2431
2428 2430 2432
2429 2431 2433
2432 2430 2434
2433 2431 2435
2433 2435 2436
2436 2435 2437
2432 2434 2438
2438 2434 2439
2440 2439 2437
2438 2439 2440
2441 2442 2443
2441 2443 2444
2445 2441 2444
2446 2444 2443
2446 2443 2447
2445 2444 2448
2448 2444 2446
2449 2445 2448
2448 2446 2450
2449 2448 2451
2451 2448 2450
2451 2450 2452
2451 2453 2449
2452 2454 2451
2451 2454 2453
2452 2455 2454
2456 2454 2455
2453 2454 2457
2456 2457 2454
2453 2457 2458
2457 2456 2459
2457 2459 2460
2461 2460 2459
2461 2462 2460
2463 2462 2461
2458 2464 2465
2458 2465 2466
2466 2465 2467
2466 2467 2468
2468 2467 2469
2470 2471 2472
2471 2470 2473
2471 2473 2474
2474 2475 2476
2474 2476 2477
2477 2476 2478
2477 2478 2479
2480 2479 2478
2480 2478 2481
2481 2482 2480
2481 2483 2482
2483 2484 2482
2483 2485 2484
2486 2487 2488
2488 2487 2489
2488 2489 2490
2491 2488 2490
2488 2491 2492
2491 2490 2493
2489 2494 2490
2494 2493 2490
2489 2495 2494
2494 2496 2493
2495 2497 2494
2497 2496 2494
2497 2498 2496
2495 2499 2497
2500 2499 2501
2500 2501 2502
2503 2500 2502
2503 2502 2504
2502 2501 2505
2506 2504 2502
2502 2505 2507
2506 2502 2507
2507 2505 2508
2506 2507 2509
2507 2508 2509
2506 2509 2510
2508 2511 2509
2511 2510 2509
2508 2512 2511
2512 2513 2511
2511 2514 2510
2515 2514 2511
2516 2517 2518
2519 2516 2518
2519 2518 2520
2521 2520 2518
2522 2521 2518
2521 2523 2520
2519 2520 2524
2523 2524 2520
2519 2524 2525
2523 2526 2524
2527 2525 2524
2526 2527 2524
2527 2528 2525
2526 2529 2527
2528 2527 2530
2530 2527 2529
2530 2529 2531
2528 2530 2532
2530 2531 2533
2534 2532 2530
2530 2533 2534
2534 2535 2532
2536 2534 2533
2537 2535 2534
2536 2537 2534
2537 2538 2535
2537 2536 2539
2540 2538 2537
2537 2539 2540
2540 2541 2538
2540 2539 2542
2541 2540 2543
2540 2542 2544
2540 2544 2543
2545 2546 2547
2545 2547 2548
2549 2545 2548
2549 2550 2545
2551 2549 2548
2547 2552 2548
2551 2548 2552
2547 2553 2552
2552 2553 2554
2551 2552 2555
2552 2554 2555
2551 2555 2556
2555 2554 2557
2556 2555 2558
2555 2557 2558
2556 2558 2559
2560 2558 2557
2559 2558 2560
2561 2562 2563
2564 2562 2561
2564 2565 2562
2566 2565 2564
2567 2562 2565
2568 2562 2567
2567 2565 2569
2570 2569 2565
2566 2570 2565
2570 2571 2569
2570 2572 2571
2573 2570 2566
2570 2573 2572
2573 2566 2574
2573 2575 2572
2576 2573 2574
2573 2577 2575
2576 2577 2573
2578 2579 2580
2578 2580 2581
2578 2581 2582
2583 2582 2581
2583 2581 2584
2585 2583 2584
2586 2581 2580
2584 2581 2586
2586 2580 2587
2588 2587 2580
2584 2586 2589
2585 2584 2590
2589 2590 2584
2591 2585 2590
2589 2592 2590
2591 2590 2593
2592 2593 2590
2592 2594 2593
2595 2596 2597
2595 2598 2596
2598 2595 2599
2598 2600 2596
2598 2599 2601
2598 2602 2600
2602 2598 2601
2602 2601 2603
2602 2604 2600
2603 2605 2602
2602 2605 2604
2603 2606 2605
2607 2605 2606
2608 2604 2605
2607 2608 2605
2608 2609 2604
2607 2610 2608
2610 2609 2608
2611 2612 2613
2611 2614 2612
2615 2612 2614
2615 2616 2612
2615 2617 2616
2611 2618 2614
2618 2615 2614
2611 2619 2618
2620 2618 2619
2615 2621 2617
2615 2622 2621
2623 2617 2621
2623 2621 2624
2624 2621 2622
2624 2625 2623
2624 2626 2625
2624 2627 2626
2618 2628 2615
2615 2628 2622
2620 2629 2618
2628 2618 2629
2624 2630 2627
2624 2622 2630
2627 2630 2631
2622 2631 2630
2627 2631 2632
2631 2633 2632
2622 2628 2634
2628 2629 2634
2635 2629 2620
2635 2620 2636
2635 2636 2637
2631 2638 2633
2639 2633 2638
2622 2640 2631
2640 2638 2631
2622 2634 2640
2639 2638 2641
2641 2638 2640
2642 2639 2641
2643 2641 2640
2643 2640 2634
2642 2641 2643
2644 2634 2629
2644 2629 2635
2643 2634 2644
2635 2637 2645
2644 2635 2645
2645 2637 2646
2647 2642 2643
2647 2643 2644
2647 2648 2642
2647 2649 2648
2644 2645 2650
2647 2644 2650
2645 2646 2651
2651 2650 2645
2651 2646 2652
2649 2651 2652
2649 2647 2653
2647 2650 2653
2651 2649 2653
2651 2653 2650
2654 2655 2656
2654 2656 2657
2658 2657 2656
2658 2656 2659
2658 2659 2660
2654 2657 2661
2661 2657 2658
2654 2661 2662
2663 2662 2661
2658 2660 2664
2658 2664 2665
2666 2664 2660
2666 2667 2664
2667 2665 2664
2667 2666 2668
2667 2668 2669
2667 2669 2670
2661 2658 2671
2658 2665 2671
2663 2661 2672
2671 2672 2661
2667 2670 2673
2667 2673 2665
2670 2674 2673
2665 2673 2674
2670 2675 2674
2674 2675 2676
2665 2677 2671
2671 2677 2672
2678 2663 2672
2678 2679 2663
2678 2680 2679
2674 2676 2681
2682 2681 2676
2665 2674 2683
2683 2674 2681
2665 2683 2677
2682 2684 2681
2684 2683 2681
2685 2684 2682
2686 2683 2684
2686 2677 2683
2685 2686 2684
2687 2672 2677
2687 2678 2672
2686 2687 2677
2678 2688 2680
2687 2688 2678
2688 2689 2680
2690 2686 2685
2690 2687 2686
2690 2685 2691
2690 2691 2692
2687 2693 2688
2690 2693 2687
2688 2694 2689
2694 2688 2693
2694 2695 2689
2692 2695 2694
2692 2696 2690
2690 2696 2693
2694 2696 2692
2694 2693 2696
2697 2698 2699
2697 2700 2698
2701 2698 2700
2702 2703 2701
2703 2704 2701
2702 2701 2705
2702 2705 2706
2707 2708 2697
2707 2697 2709
2710 2709 2704
2707 2709 2710
2710 2704 2711
2712 2711 2704
2707 2710 2713
2714 2708 2707
2714 2715 2708
2716 2707 2713
2716 2714 2707
2714 2717 2715
2717 2718 2715
2719 2714 2716
2714 2719 2717
2718 2717 2720
2718 2720 2721
2719 2716 2722
2719 2722 2723
2724 2717 2719
2724 2720 2717
2724 2719 2723
2720 2724 2725
2723 2725 2724
2720 2725 2726
2725 2727 2726
2713 2728 2716
2728 2729 2716
2713 2730 2728
2730 2713 2731
2730 2731 2732
2728 2730 2733
2733 2730 2732
2731 2734 2732
2731 2735 2734
2712 2734 2735
2712 2736 2734
2737 2736 2712
2737 2738 2736
2739 2738 2737
2740 2738 2739
2739 2741 2740
2740 2741 2742
2743 2740 2742
2740 2743 2744
2743 2742 2745
2746 2738 2743
2747 2743 2745
2746 2743 2747
2747 2745 2748
2747 2748 2749
2746 2750 2734
2746 2747 2750
2747 2749 2750
2732 2734 2750
2749 2751 2750
2732 2750 2751
2749 2752 2751
2751 2733 2732
2753 2751 2752
2753 2754 2751
2751 2754 2733
2753 2755 2754
2733 2754 2755
2753 2756 2755
2733 2755 2757
2733 2757 2728
2757 2758 2728
2757 2759 2758
2757 2760 2759
2759 2760 2761
2759 2761 2762
2763 2729 2728
2764 2729 2763
2764 2763 2765
2766 2729 2764
2729 2766 2767
2766 2764 2723
2765 2768 2764
2723 2764 2768
2765 2769 2768
2723 2768 2770
2723 2770 2725
2771 2770 2768
2771 2725 2770
2771 2772 2725
2725 2772 2727
2771 2773 2772
2727 2772 2773
2771 2774 2773
2727 2773 2775
2774 2776 2773
2776 2775 2773
2774 2777 2776
2777 2778 2776
2776 2779 2775
2779 2776 2778
2777 2780 2778
2779 2778 2781
2782 2778 2780
2783 2781 2778
2782 2784 2778
2783 2778 2784
2785 2784 2782
2783 2784 2785
2785 2782 2786
2787 2783 2785
2786 2788 2785
2788 2787 2785
2788 2789 2787
2790 2791 2792
2790 2793 2791
2790 2794 2793
2793 2794 2795
2793 2795 2796
2797 2796 2795
2797 2795 2798
2798 2799 2797
2798 2800 2799
2800 2801 2799
2801 2802 2799
2801 2803 2802
2801 2804 2803
2804 2805 2803
2805 2804 2806
2803 2805 2807
2806 2808 2805
2808 2807 2805
2806 2809 2808
2808 2810 2807
2811 2808 2809
2810 2808 2812
2811 2812 2808
2810 2812 2813
2812 2811 2814
2815 2813 2812
2812 2814 2815
2815 2816 2813
2815 2814 2817
2816 2815 2818
2815 2817 2818
2816 2818 2819
2820 2818 2817
2819 2818 2820
2820 2817 2821
2819 2820 2822
2820 2821 2823
2822 2820 2824
2820 2823 2824
2822 2824 2825
2826 2824 2823
2825 2824 2826
2826 2823 2827
2825 2826 2828
2829 2826 2827
2830 2828 2826
2829 2830 2826
2830 2831 2828
2832 2831 2830
2830 2829 2833
2832 2830 2834
2830 2833 2834
2835 2832 2834
2833 2836 2834
2835 2834 2836
2833 2837 2836
2838 2835 2836
2837 2838 2836
2839 2840 2841
2839 2841 2842
2843 2842 2844
2843 2844 2845
2843 2845 2846
2843 2846 2847
2846 2848 2847
2846 2849 2848
2848 2849 2850
2849 2851 2852
2852 2851 2853
2852 2853 2854
2854 2853 2841
2854 2841 2855
2841 2856 2855
2841 2857 2856
2856 2857 2858
2856 2858 2859
2859 2858 2860
2859 2860 2861
2862 2861 2860
2863 2859 2861
2863 2864 2859
2863 2865 2864
2864 2865 2866
2864 2866 2867
2866 2868 2867
2866 2869 2868
2870 2868 2869
2870 2871 2868
2872 2871 2870
2872 2873 2871
2873 2872 2874
2863 2861 2875
2876 2875 2861
2876 2877 2875
2862 2876 2861
2878 2877 2876
2878 2879 2877
2880 2876 2862
2880 2878 2876
169 2879 2878
169 2881 2879
2882 2881 169
2883 169 2878
2883 2878 2880
169 2883 2884
2862 2885 2880
2885 2883 2880
2885 2886 2883
2883 2886 168
2862 2887 2885
2888 2887 2862
2888 2889 2887
2888 2890 2889
2888 2891 2890
2857 2890 2891
2857 2839 2890
2884 2892 2893
2892 2894 2893
2892 2895 2894
2895 2896 2894
2895 2897 2896
2897 2898 2896
2897 2899 2898
2899 2900 2898
2899 2901 2900
2902 2903 2904
2905 2902 2906
2907 2905 2906
2905 2908 2904
2907 2909 2905
2905 2909 2908
2909 2907 2910
2908 2909 2911
2909 2910 2911
2908 2911 2912
2910 2913 2911
2910 2914 2913
2914 2915 2913
2914 2916 2915
2917 2912 2911
2917 2918 2912
2919 2915 2916
2919 2916 2920
2917 2921 2918
2917 2922 2921
2923 2921 2922
2923 2924 2921
2919 2920 2925
2919 2925 2926
2924 2923 2927
2924 2927 2928
2929 2928 2927
2929 2927 2930
2925 2931 2926
2925 2932 2931
2933 2929 2930
2933 2930 2934
2935 2933 2934
2935 2936 2933
2931 2932 2937
2931 2937 2938
2936 2935 2939
2940 2938 2937
2940 2937 2941
2936 2939 2942
2940 2941 2943
2940 2943 2939
2944 2942 2939
2943 2945 2939
2944 2939 2945
2943 2946 2945
2946 2947 2945
2948 2944 2945
2947 2948 2945
2948 2949 2944
2948 2950 2949
2947 2951 2948
2948 2951 2950
2947 2952 2951
2951 2952 2953
2950 2951 2954
2954 2951 2953
2953 2955 2954
2955 2953 2956
2957 2956 2953
2957 2958 2956
2958 2957 2959
2958 2959 2960
2961 2960 2959
2961 2959 2962
2963 2961 2962
2960 2961 2964
2960 2964 2965
2965 2966 2960
2965 2967 2966
2968 2966 2967
2968 2956 2966
2956 2968 2969
2970 2964 2961
2963 2970 2961
2970 2971 2964
2970 2972 2971
2956 2969 2973
2973 2969 2974
2955 2956 2973
2963 2975 2970
2970 2975 2972
2963 2976 2975
2975 2977 2972
2976 2978 2975
2975 2978 2977
2976 2979 2978
2980 2978 2979
2977 2978 2981
2980 2981 2978
2977 2981 2982
2983 2982 2981
2984 2981 2980
2983 2981 2985
2984 2985 2981
2984 2986 2985
2984 2987 2986
2987 2988 2986
2987 2989 2988
2988 2989 2990
2991 2992 2983
2991 2993 2992
2992 2993 2994
2992 2994 2995
2995 2994 2996
2997 2998 2999
2997 2999 3000
3001 2997 3000
3001 3002 2997
3002 3001 3003
3002 3003 3004
3003 3005 3004
3003 3006 3005
3005 3006 3007
3005 3007 3008
3009 3008 3007
3009 3010 3008
3011 3010 3009
3011 3009 3012
3011 3012 3013
3014 3000 2999
3014 2999 3015
3016 3000 3014
3016 3014 3017
3018 3016 3017
3018 3019 3016
3018 3020 3019
3018 3021 3020
3022 3020 3021
3022 3021 3023
3023 3024 3022
3023 3025 3024
3026 3024 3025
3013 3027 3026
3026 3027 3024
3028 3029 3030
3028 3031 3029
3031 3032 3029
3031 3033 3032
3033 3031 3034
3028 3035 3031
3035 3034 3031
3028 3036 3035
3037 3035 3036
3038 3034 3035
3037 3038 3035
3038 3039 3034
3040 3039 3038
3041 3038 3037
3040 3038 3042
3041 3042 3038
3043 3040 3042
3044 3042 3041
3043 3042 3044
3044 3041 3045
3044 3046 3043
3047 3044 3045
3044 3047 3046
3047 3045 3048
3049 3046 3047
3048 3049 3047
3049 3050 3046
3048 3051 3049
3052 3049 3051
3052 3053 3049
3052 3054 3053
3052 3055 3054
3054 3055 3056
3057 3054 3056
3058 3054 3057
3058 3053 3054
3059 3058 3050
3059 3053 3058
3060 3061 3062
3063 3061 3060
3063 3064 3061
3065 3064 3063
3065 3066 3064
3067 3066 3065
3063 3060 3068
3069 3065 3063
3069 3063 3068
3070 3068 3060
3071 3070 3060
3071 3072 3070
3071 3073 3072
3072 3073 3074
3072 3074 3075
3076 3075 3074
3076 3077 3075
3078 3077 3076
3078 3076 3079
3080 3078 3079
3080 3079 3081
3082 3080 3081
3070 3083 3068
3070 3084 3083
3085 3084 3070
3085 3086 3084
3087 3068 3083
3086 3085 3088
3086 3088 3089
3090 3089 3088
3090 3088 3091
3090 3091 3092
3090 3092 3093
3092 3094 3093
3092 3095 3094
3095 3082 3094
3087 3069 3068
3069 3087 3096
3097 3096 3087
3097 3098 3096
3097 3099 3098
3100 3098 3099
3100 3101 3098
3069 3096 3102
3102 3096 3098
3069 3102 3065
3103 3098 3101
3104 3103 3101
3102 3098 3105
3103 3105 3098
3106 3065 3102
3106 3102 3105
3106 3105 3103
3067 3065 3106
3107 3067 3106
3106 3103 3107
3107 3108 3067
3109 3108 3107
3109 3107 3110
3110 3107 3103
3110 3103 3104
3104 3111 3110
3104 3112 3111
3113 3111 3112
3113 3114 3111
3115 3114 3113
3115 3113 3116
3115 3116 3117
3115 3117 3118
3119 3118 3117
3117 3116 3120
3121 3117 3120
3122 3123 3124
3122 3125 3123
3125 3126 3123
3125 3127 3126
3128 3127 3125
3122 3129 3125
3128 3125 3129
3122 3130 3129
3129 3131 3128
3129 3130 3132
3129 3133 3131
3129 3132 3133
3134 3131 3133
3132 3135 3133
3134 3133 3135
3132 3136 3135
3137 3134 3135
3136 3138 3135
3137 3135 3138
3136 3139 3138
3138 3139 3140
3141 3137 3138
3138 3140 3141
3141 3142 3137
3141 3140 3143
3144 3142 3141
3141 3143 3144
3144 3145 3142
3146 3145 3144
3143 3147 3144
3146 3144 3147
3143 3148 3147
3146 3147 3149
3149 3147 3148
3146 3149 3150
3149 3148 3151
3152 3150 3149
3151 3153 3149
3152 3149 3153
3151 3154 3153
3155 3152 3153
3153 3154 3156
3155 3153 3157
3153 3156 3157
3155 3157 3158
3158 3157 3156
3155 3158 3159
3158 3156 3160
3158 3161 3159
3162 3158 3160
3158 3162 3161
3162 3160 3163
3162 3164 3161
3164 3162 3163
3165 3166 3167
3168 3167 3166
3169 3168 3166
3170 3168 3169
3170 3169 3171
3172 3170 3171
3172 3171 3173
3172 3174 3175
3172 3175 3176
3175 3177 3176
3175 3178 3177
3178 3179 3177
3180 3181 3182
3180 3182 3183
3182 3184 3183
3182 3185 3184
3186 3185 3182
3186 3182 3187
3188 3183 3184
3189 3187 3182
3188 3190 3183
3190 3191 3183
3188 3192 3190
3192 3191 3190
3188 3193 3192
3192 3194 3191
3192 3193 3195
3194 3192 3196
3192 3195 3196
3194 3196 3197
3198 3197 3196
3198 3196 3195
3198 3195 3199
3199 3200 3198
3198 3200 3201
3201 3202 3198
3203 3204 3202
3204 3205 3202
3204 3206 3205
3205 3206 3207
3206 3208 3207
3208 3180 3207
3208 3209 3180
3209 3210 3180
3180 3210 3189
3189 3210 3211
3189 3211 3212
3189 3212 3187
3211 3213 3212
3214 3215 3187
3214 3213 3216
3214 3216 3215
3217 3218 3219
3217 3219 3220
3220 3221 3217
3220 3222 3221
3223 3221 3222
3223 3222 3224
3225 3224 3222
3226 3224 3227
3226 3227 3228
3229 3228 3227
3229 3230 3228
3230 3229 3231
3226 3228 3232
3228 3233 3232
3228 3230 3233
3226 3232 3234
3233 3230 3235
3230 3231 3235
3233 3235 3236
3237 3236 3235
3237 3238 3236
3231 3239 3235
3231 3240 3239
3241 3226 3234
3234 3242 3241
3241 3243 3226
3241 3242 3244
3238 3239 3245
3240 3245 3239
3238 3245 3246
3240 3247 3245
3243 3241 3248
3241 3244 3248
3249 3248 3244
3243 3248 3250
3249 3251 3248
3250 3248 3251
3250 3251 3252
3253 3246 3245
3253 3245 3247
3253 3254 3246
3254 3253 3255
3253 3247 3256
3256 3255 3253
3254 3255 3257
3256 3258 3255
3259 3257 3255
3255 3258 3260
3259 3255 3261
3255 3260 3261
3259 3261 3262
3262 3261 3260
3263 3264 3265
3263 3266 3264
3266 3267 3264
3268 3263 517
3268 517 3269
517 519 3269
3270 3268 3269
519 3271 3269
3270 3269 3271
519 3272 3271
3273 3271 3272
3274 3270 3271
3273 3274 3271
3274 3275 3270
3274 3273 3276
3277 3275 3274
3274 3276 3278
3277 3274 3278
3277 3278 3279
3279 3280 3276
3281 3282 3283
3283 3284 3281
3281 3284 3285
3283 3286 3284
3287 3286 3283
3287 3283 3288
3289 3284 3286
3289 3290 3284
3289 3291 3290
3289 3292 3291
3291 3292 3293
3291 3293 3294
3294 3293 3295
3286 3296 3289
3296 3297 3289
3287 3298 3286
3286 3298 3296
3299 3297 3296
3300 3297 3299
3296 3298 3301
3301 3298 3287
3296 3301 3302
3302 3299 3296
3302 3303 3299
3299 3303 3304
3300 3299 3305
3299 3304 3305
3306 3305 3304
3307 3300 3305
3306 3307 3305
3308 3307 3306
3309 3307 3308
3309 3293 3307
3301 3287 3310
3311 3301 3310
3287 3312 3310
3287 3288 3313
3314 3313 3288
3315 3313 3314
3315 3314 3316
3315 3316 3317
3313 3318 3310
3315 3318 3313
3310 3318 3319
3310 3319 3320
3310 3320 3321
3322 3321 3320
3322 3320 3323
3324 3322 3323
3324 3323 3325
3324 3325 3326
3324 3326 3327
3327 3326 3328
3328 3326 3329
3325 3329 3330
3325 3331 3329
3332 3331 3325
3332 3333 3331
3334 3333 3332
3334 3332 3335
3336 3334 3335
3336 3335 3337
3336 3337 3318
3336 3318 3338
3339 3338 3318
3339 3318 3315
3340 3339 3315
3340 3315 3341
3342 3343 3344
3342 3345 3343
3346 3345 3342
3346 3347 3345
3346 3348 3347
3346 3349 3348
3350 3348 3349
3350 3351 3348
3352 3351 3350
3352 3353 3351
3352 3354 3353
3352 3355 3354
3356 3354 3355
3356 3357 3354
3358 3357 3356
3358 3359 3357
3360 3359 3358
3360 3361 3359
3362 3358 3356
3362 3363 3358
3362 3364 3363
3362 3356 3365
3366 3365 3367
3366 3367 3368
3369 3370 3368
3369 3371 3370
3372 3371 3369
3372 3369 3373
3373 3374 3372
3373 3375 3374
3376 3374 3375
3376 3377 3374
3378 3377 3376
3378 3379 3377
3380 3379 3378
3380 3378 3381
3382 3380 3381
3382 3381 3383
3384 3382 3383
3384 3383 3385
3384 3385 3386
3381 3343 3387
3381 3387 3388
3387 3389 3388
3387 3390 3389
3389 3390 3391
3392 3393 3394
3395 3392 3394
3395 3396 3392
3396 3395 3397
3396 3397 3398
3399 3398 3397
3399 3397 3400
3401 3399 3400
3401 3402 3399
3401 3403 3402
3401 3404 3403
3405 3403 3404
3405 3406 3403
3407 3406 3405
3407 3405 3408
3408 3409 3407
3408 3410 3409
3411 3409 3410
3411 3410 3412
3406 3413 3403
3413 3414 3403
3406 3415 3413
3416 3415 3406
3416 3417 3415
3413 3418 3414
3419 3417 3407
3419 3407 3420
3421 3419 3420
3421 3422 3419
3418 3423 3414
3418 3424 3423
3425 3423 3424
3425 3426 3423
3427 3426 3425
3427 3428 3426
3429 3428 3427
3429 3427 3430
3431 3429 3430
3432 3433 3434
3432 3434 3435
3434 3436 3435
3434 3437 3436
3438 3435 3436
3439 3432 3435
3438 3439 3435
3439 3440 3432
3439 3438 3441
3440 3439 3442
3439 3441 3442
3441 3443 3442
3440 3442 3444
3443 3444 3442
3441 3445 3443
3443 3446 3444
3443 3445 3447
3448 3446 3443
3443 3447 3449
3448 3443 3449
3450 3449 3447
3451 3448 3449
3450 3451 3449
3451 3452 3448
3453 3452 3451
3451 3450 3454
3453 3451 3455
3451 3454 3455
3456 3453 3455
3457 3455 3454
3456 3455 3457
3457 3454 3458
3459 3456 3457
3460 3457 3458
3459 3457 3460
3460 3458 3461
3462 3459 3460
3462 3460 3461
3463 3464 3465
3463 3465 3466
3467 3463 3466
3467 3468 3463
3467 3469 3468
3467 3470 3469
3470 3471 3469
3470 3472 3471
3473 3472 3470
3471 3472 3474
3471 3474 3475
3473 3476 3472
3476 3474 3472
3477 3474 3476
3478 3475 3474
3478 3479 3475
3480 3479 3478
3481 3478 3474
3481 3476 3482
3481 3482 3483
3473 3484 3476
3480 3478 3485
3485 3486 3480
3478 3481 3487
3478 3487 3485
3481 3483 3487
3485 3488 3486
3485 3487 3488
3488 3489 3486
3483 3490 3487
3490 3488 3487
3484 3491 3483
3483 3491 3490
3473 2954 3484
2955 3484 2954
3484 2955 3491
2950 2954 3473
3473 3492 2950
2950 3492 3493
2950 3493 3494
3494 3493 3495
3494 3495 3496
3496 3495 3497
3496 3497 3498
3497 3499 3498
3497 3500 3499
3499 3500 3501
3499 3501 3502
3503 3502 3501
3503 3501 3504
3505 3503 3504
3505 3506 3503
3507 3506 3505
3507 3505 3508
3509 3507 3508
3509 3510 3507
3509 3511 3510
3509 3512 3511
3513 3511 3512
3513 3514 3511
3514 3513 3515
3515 3516 3517
3517 3516 3518
3517 3518 3519
3519 3518 3520
3519 3520 3521
3522 3521 3520
3522 3523 3521
3524 3523 3522
3524 3522 3525
3525 3526 3524
3525 3527 3526
3528 3526 3527
3528 3529 3526
3528 3530 3529
3528 3531 3530
3532 3530 3531
3532 3531 3465
3533 3534 3535
3533 3535 3536
3537 3533 3536
3537 3536 188
3538 3539 3540
3538 3541 3539
3542 3539 3541
3543 3541 3538
3542 3541 3544
3543 3545 3541
3544 3541 3545
3546 3545 3543
3544 3545 3547
3546 3548 3545
3547 3545 3548
3549 3548 3546
3547 3548 3550
3549 3551 3548
3550 3548 3551
3552 3551 3549
3550 3551 3553
3552 3554 3551
3553 3551 3554
3555 3554 3552
3553 3554 3556
3555 3557 3554
3557 3556 3554
3557 3558 3556
3557 3559 3558
3560 3557 3555
3557 3561 3559
3560 3561 3557
3562 3559 3561
3563 3561 3560
3562 3561 3563
3563 3560 3564
3562 3563 3565
3565 3563 3564
3566 3567 3568
3566 3569 3567
3570 3569 3566
3569 3571 3567
3570 3572 3569
3569 3573 3571
3572 3573 3569
3573 3574 3571
3572 3575 3573
3573 3576 3574
3575 3576 3573
3575 3577 3576
3578 3579 3580
3578 3580 3581
3582 3578 3581
3582 3581 3583
3584 3582 3583
3584 3583 3585
3586 3584 3585
3586 3585 3587
3587 3588 3586
3587 3589 3588
3590 3588 3589
3590 3589 3591
3592 3590 3591
3592 3591 3593
3593 3594 3592
3595 3596 3597
3596 3598 3597
3598 3599 3597
3598 3600 3599
3599 3600 3601
3599 3601 3602
3601 3603 3602
3603 3601 3604
3603 3604 3605
3606 3604 3601
3607 3606 3601
3607 3608 3606
3609 3606 3608
3609 3608 3610
3611 3610 3608
3611 3612 3610
3612 3611 3613
3612 3613 3614
3615 3614 3613
3607 3616 3608
3607 3598 3616
3617 3616 3598
3617 3618 3616
3596 3617 3598
3619 3618 3617
3596 3619 3617
3596 3620 3619
3619 3621 3618
3619 3620 3622
3621 3619 3623
3619 3622 3623
3621 3623 3624
3625 3623 3622
3626 3624 3623
3625 3626 3623
3626 3627 3624
3628 3626 3625
3629 3627 3626
3628 3629 3626
3629 3630 3627
3631 3629 3628
3630 3629 3631
3632 3633 3634
3632 3634 3635
3636 3637 3634
3636 3638 3637
3639 3640 3641
3639 3641 3642
440 3643 3644
3643 3645 3644
3643 3646 3645
3647 3645 3646
3647 3648 3645
3647 3649 3648
3647 456 3649
3650 3649 3651
3650 3651 463
463 3652 3650
463 3653 3652
463 464 3653
3653 464 3654
3655 3652 3653
3653 3654 3655
3655 3656 3652
3657 3656 3655
3658 3655 3654
3657 3655 3658
3658 3654 3659
3660 3657 3658
3658 3659 3661
3660 3658 3662
3658 3661 3662
3662 3663 3660
3661 3664 3662
3662 3664 3663
3661 3665 3664
3666 3663 3664
3665 3666 3664
3666 3667 3663
3665 3668 3666
3666 3669 3667
3668 3670 3666
3666 3670 3669
3668 3671 3670
3669 3670 3672
3671 3672 3670
3669 3672 3673
3671 3674 3672
3673 3672 3675
3675 3672 3674
1602 1591 3676
1633 1602 3676
1633 1485 1602
1643 1485 1633
2033 3677 2032
3678 2032 3677
3678 3679 2032
3680 3679 3678
3679 2030 2032
3680 3681 3679
3679 3682 2030
3679 3681 3683
3679 3683 3682
3684 3314 3685
3684 3685 3686
3687 3686 3685
3687 3685 3688
3689 3688 3685
3689 3685 3690
3691 3690 3685
3691 3288 3690
3690 3288 3281
3692 3690 3281
3693 3689 3690
3693 3694 3689
3695 3694 3693
3695 3693 3696
3697 3695 3696
3697 3696 3698
3698 3699 3697
3692 3281 3700
3692 3700 3701
3700 3702 3701
3700 3703 3702
3698 3704 3699
3703 3704 3702
3703 3705 3704
3704 3705 3706
3707 3699 3704
3704 3706 3708
3707 3704 3709
3709 3706 3710
3709 3710 3711
3712 3711 3710
3713 3707 3708
3714 3713 3712
3713 3714 3707
2955 2973 3491
2973 3715 3491
3715 2973 2974
3490 3491 3715
3715 2974 3716
3490 3715 3716
3717 3490 3716
3717 3716 3718
3490 3717 3488
3717 3718 3719
3720 3488 3717
3488 3720 3489
3721 3717 3719
3720 3717 3721
3721 3719 3722
3489 3720 3723
3723 3720 3721
3489 3723 3724
3723 3725 3724
3726 3722 3725
3721 3722 3726
3726 3725 3723
3723 3721 3726
3608 3727 3728
3727 3613 3728
3727 3729 3613
3729 3730 3613
3729 3731 3730
3615 3613 3730
3732 3730 3731
3615 3730 3733
3732 3734 3730
3732 3735 3734
3615 3733 3736
3736 3733 3735
3732 3737 3735
3736 3735 3738
3739 3735 3737
3735 3740 3738
3739 3741 3735
3735 3741 3740
3742 3741 3739
3740 3741 3742
653 3743 3744
653 3744 655
655 3744 667
3744 3743 3745
667 3744 3746
3744 3745 3746
667 3746 3747
3746 3748 3747
3745 3749 3746
3746 3749 3748
3745 3750 3749
3749 3751 3748
3750 3752 3749
3749 3752 3751
3750 3753 3752
3752 3753 3754
3751 3752 3755
3752 3754 3755
3751 3755 3756
3755 3754 3757
3756 3755 3757
3758 3759 3760
3758 3760 3761
3760 3762 3761
3760 3763 3762
3764 3763 3760
3765 3760 3759
3764 3760 3765
3765 3759 3766
3767 3765 3766
3768 3764 3765
3767 3768 3765
3768 3769 3764
3768 3767 3770
3769 3768 3771
3768 3770 3771
3769 3771 3772
3771 3770 3773
3772 3771 3774
3771 3773 3774
3772 3774 3775
3775 3774 3776
3775 3776 3777
3778 3774 3773
3778 3773 3779
3777 3776 3780
3777 3780 3781
3780 3782 3781
3780 3783 3782
3778 3779 3784
3778 3784 3785
3784 3786 3785
3784 3787 3786
3783 3788 3782
3783 3789 3788
3788 3789 3790
3788 3790 3791
3791 3790 3792
3791 3792 3793
3793 3792 3794
3787 3795 3786
3787 3796 3795
3795 3796 3797
3795 3797 3798
3798 3797 3799
3794 3800 3799
3798 3799 3800
1333 1335 3801
1335 1652 3801
1333 3801 3802
3803 1333 3802
3804 1333 3803
3804 3803 3805
3803 3806 3805
3803 3807 3806
3807 3803 3808
3803 3802 3808
3807 3808 3809
3810 3809 3808
3810 3808 3811
3808 3812 3811
3808 3802 3812
3812 3802 3801
3812 3801 3813
1652 3813 3801
1652 3814 3813
1647 3814 1652
1647 1651 3814
3813 3814 3815
1651 3815 3814
1651 3816 3815
3813 3815 3817
3815 3816 3818
3815 3818 3819
3818 3820 3819
3818 3821 3820
3817 3815 3822
3817 3822 3823
3822 3824 3823
3822 3825 3824
3821 3826 3820
3821 3827 3826
3825 3828 3824
3825 3829 3828
3826 3827 3830
3826 3830 3831
3828 3829 3832
3828 3832 3833
3830 3834 3831
3830 3835 3834
3832 3836 3833
3832 3837 3836
3834 3835 3838
3834 3838 3839
3836 3837 3840
3836 3840 3841
3838 3842 3839
3838 3843 3842
3840 3844 3841
3840 3845 3844
3842 3843 3846
3842 3846 3847
3846 3848 3847
3846 3849 3848
3848 3849 3850
3844 3845 3851
3844 3851 3852
3851 3853 3852
3853 3854 3850
3851 3854 3853
3855 3856 3857
3858 3855 3857
3855 3859 3856
3858 3860 3855
3856 3859 3861
3856 3861 3862
3862 3861 3863
3864 3860 3858
3864 3865 3860
3866 3865 3864
3866 3864 3867
3868 3866 3867
3868 3869 3866
3870 3869 3868
3870 3871 3869
3872 3871 3870
3872 3870 3873
3874 3872 3873
3869 3871 3875
3875 3871 3872
3869 3875 3876
3877 3875 3872
3878 3869 3876
3878 3876 3879
3880 3878 3879
3880 3881 3878
3882 3881 3880
3882 3883 3881
3884 3883 3882
3884 3882 3885
3885 3886 3884
3885 3887 3886
3886 3887 3888
3886 3888 3889
3863 3889 3888
3872 3890 3877
3872 3891 3890
3874 3891 3872
3891 3892 3890
3874 3893 3891
3891 3893 3892
3874 3894 3893
3893 3895 3892
3893 3894 3896
3893 3897 3895
3893 3896 3897
3898 3899 3900
3899 3901 3900
3902 3903 3898
3904 3901 3903
3902 3904 3903
3904 3905 3901
3906 3904 3902
3907 3905 3904
3906 3907 3904
3907 3908 3905
3909 3907 3906
3910 3908 3907
3909 3910 3907
3910 3911 3908
3912 3910 3909
3913 3911 3910
3912 3913 3910
3913 3914 3911
3915 3913 3912
3916 3914 3913
3915 3916 3913
3916 3917 3914
3918 3916 3915
3919 3917 3916
3918 3919 3916
3919 3920 3917
3921 3919 3918
3922 3920 3919
3921 3922 3919
3922 3923 3920
3922 3921 3924
3925 3923 3922
3922 3924 3926
3925 3922 3926
3927 3928 3929
3930 3927 3929
3927 3931 3928
3931 3932 3928
3931 3933 3932
3932 3933 3934
3934 3933 3935
3936 3935 3933
3936 3933 3931
3927 3936 3931
3927 3937 3936
3938 3937 3927
3930 3939 3927
3938 3927 3939
3930 3940 3939
3940 3938 3939
3930 3941 3940
3940 3942 3938
3940 3941 3943
3944 3942 3940
3940 3943 3945
3944 3940 3945
3943 3946 3945
3946 3944 3945
3946 3947 3944
3943 3948 3946
3949 3947 3946
3950 3946 3948
3949 3946 3950
3950 3948 3951
3952 3949 3950
3950 3951 3953
3952 3950 3954
3954 3950 3953
3955 3956 3957
3958 3956 3955
3957 3956 3959
3958 3960 3956
3960 3959 3956
3960 3961 3959
3962 3960 3958
3960 3963 3961
3962 3964 3960
3960 3964 3963
3965 3964 3962
3966 3963 3964
3965 3966 3964
3966 3967 3963
3968 3966 3965
3966 3969 3967
3968 3970 3966
3966 3970 3969
3968 3971 3970
3970 1035 3969
3970 3971 1035
