byte offset: 0
first index: 60537
index count: 6252
topology: trianglelist
format: DXGI_FORMAT_R16_UINT

19498 19499 19500
19501 19502 19498
19503 19498 19502
19501 19504 19502
19505 19504 19501
19506 19503 19502
19504 19506 19502
19506 19507 19503
19506 19508 19507
19509 19508 19506
19510 19509 19506
19504 19510 19506
19511 19509 19510
19505 19512 19504
19512 19510 19504
19513 19512 19505
19514 19511 19510
19512 19514 19510
19514 19515 19511
19514 19516 19515
19513 19517 19512
19517 19514 19512
19517 19513 19518
19514 19519 19516
19517 19519 19514
19519 19520 19516
19520 19519 19521
19521 19519 19517
19522 19520 19521
19523 19522 19521
19521 19517 19524
19524 19523 19521
19517 19518 19524
19524 19525 19523
19518 19526 19527
19518 19527 19528
19527 19525 19528
19525 19527 19529
19527 19526 19530
19529 19527 19531
19527 19530 19532
19531 19527 19532
19533 19531 19532
19534 19535 19530
19536 19533 19535
19536 19537 19533
19538 19537 19536
19534 19539 19535
19539 19536 19535
19540 19539 19534
19536 19541 19538
19539 19541 19536
19542 19538 19541
19540 19543 19539
19543 19541 19539
19544 19543 19540
19545 19542 19541
19543 19545 19541
19545 19546 19542
19545 19547 19546
19544 19548 19543
19548 19545 19543
19548 19544 19549
19545 19550 19547
19548 19550 19545
19550 19551 19547
19548 19549 19552
19550 19548 19552
19551 19550 19553
19550 19552 19553
19553 19554 19551
19552 19555 19553
19555 19554 19553
19549 19556 19557
19549 19557 19558
19558 19559 19555
19557 19559 19558
19559 19557 19560
19560 19561 19562
19562 19561 19563
19564 19562 19563
19561 19565 19563
19561 19566 19565
19567 19568 19565
19564 19568 19569
19570 19564 19569
19571 19570 19569
19567 19572 19568
19572 19569 19568
19573 19572 19567
19574 19571 19569
19572 19574 19569
19575 19571 19574
19573 19576 19572
19576 19574 19572
19577 19576 19573
19578 19575 19574
19576 19578 19574
19578 19579 19575
19578 19580 19579
19577 19581 19576
19581 19578 19576
19578 19582 19580
19581 19582 19578
19582 19583 19580
19577 19584 19581
19584 19582 19581
19577 19585 19584
19582 19586 19583
19584 19586 19582
19586 19587 19583
19588 19587 19586
19584 19588 19586
19584 19589 19588
19585 19590 19591
19585 19591 19592
19591 19589 19592
19589 19591 19593
19591 19590 19594
19593 19591 19595
19591 19594 19596
19595 19591 19596
19596 19594 19597
19598 19595 19596
19596 19597 19599
19600 19599 19597
19598 19596 19601
19601 19596 19599
19602 19598 19601
19603 19602 19601
19601 19604 19603
19601 19599 19604
19605 19603 19604
19600 19606 19599
19606 19604 19599
19607 19606 19600
19608 19605 19604
19606 19608 19604
19608 19609 19605
19608 19610 19609
19607 19611 19606
19611 19608 19606
19612 19611 19607
19608 19613 19610
19611 19613 19608
19613 19614 19610
19612 19615 19611
19615 19613 19611
19614 19613 19616
19615 19616 19613
19616 19617 19614
19617 19616 19618
19615 19618 19616
19615 19619 19618
19619 19615 19612
19619 19612 19620
19621 19622 19623
19622 19624 19625
19626 19625 19624
19626 19627 19625
19627 19628 19625
19627 19629 19628
19629 19630 19628
19629 19631 19630
19631 19632 19630
19631 19633 19632
19632 19633 19634
19632 19634 19635
19634 19636 19635
19634 19637 19636
19637 19638 19636
19637 19639 19638
19639 19640 19638
19639 19641 19640
19640 19641 19642
19643 19640 19642
19644 19643 19642
19643 19644 19645
19645 19644 19646
19644 19647 19646
19645 19646 19648
19642 19649 19644
19644 19649 19647
19646 19650 19648
19651 19648 19650
19649 19642 19652
19652 19642 19641
19653 19646 19647
19646 19653 19650
19647 19649 19654
19649 19652 19654
19647 19654 19655
19652 19656 19654
19657 19647 19655
19652 19658 19656
19647 19659 19653
19647 19657 19659
19650 19653 19659
19659 19657 19660
19660 19661 19659
19650 19659 19661
19658 19652 19662
19652 19641 19662
19663 19658 19662
19664 19650 19661
19661 19665 19664
19664 19665 19666
19651 19650 19664
19641 19667 19662
19667 19663 19662
19641 19639 19667
19667 19668 19663
19639 19669 19667
19669 19668 19667
19639 19670 19669
19669 19671 19668
19671 19669 19672
19672 19673 19671
19674 19669 19670
19674 19670 19675
19676 19673 19672
19676 19677 19673
19674 19675 19678
19674 19678 19679
19680 19679 19678
19680 19678 19681
19682 19680 19681
19682 19681 19683
19684 19682 19683
19684 19683 19685
19686 19684 19685
19686 19685 19687
19687 19688 19686
19687 19689 19688
19689 19690 19691
19689 19692 19690
19693 19690 19692
19693 19692 19694
19694 19695 19693
19696 19697 19698
19696 19698 19699
19698 19700 19699
19698 19701 19700
19701 19702 19700
19698 19703 19701
19701 19704 19702
19703 19705 19701
19706 19705 19703
19704 19701 19707
19707 19701 19705
19704 19707 19708
19707 19705 19708
19708 19705 19709
19705 19710 19709
19705 19711 19710
19705 19712 19711
19705 19713 19712
19705 19714 19713
19706 19715 19705
19705 19715 19714
19714 19715 19716
19717 19715 19706
19715 19717 19716
19718 19716 19717
19718 19717 19719
19720 19718 19719
19720 19719 19721
19722 19720 19721
19723 19722 19721
19723 19724 19722
19725 19724 19723
19725 19726 19724
19727 19728 19729
19727 19729 19730
19731 19727 19730
19731 19730 19732
19733 19731 19732
19733 19734 19731
19735 19734 19733
19735 19736 19734
19736 19735 19737
19738 19736 19737
19739 19738 19737
19739 19737 19740
19741 19742 19743
19743 19744 19741
19741 19744 19745
19741 19745 19746
19745 19747 19746
19745 19748 19747
19748 19749 19747
19748 19750 19749
19750 19751 19749
19750 19752 19751
19752 19753 19751
19752 19754 19753
19754 19755 19753
19754 19756 19755
19755 19756 19757
19755 19757 19758
19758 19757 19759
19758 19759 19760
19761 19760 19759
19761 19762 19760
19761 19763 19762
19761 19764 19763
19763 19764 19765
19763 19765 19766
19764 19767 19765
19766 19765 19768
19767 19768 19765
19766 19768 19769
19770 19769 19768
19767 19771 19768
19771 19770 19768
19770 19772 19769
19771 19773 19770
19774 19772 19770
19770 19773 19775
19774 19770 19776
19770 19775 19776
19776 19777 19774
19778 19776 19775
19776 19779 19777
19778 19779 19776
19779 19778 19780
19779 19781 19777
19782 19779 19780
19779 19782 19781
19783 19782 19780
19783 19784 19782
19782 19784 19785
19781 19782 19786
19786 19782 19785
19785 19787 19786
19786 19787 19788
19781 19786 19789
19788 19790 19786
19786 19790 19789
19791 19790 19788
19790 19791 19792
19790 19792 19793
19789 19790 19793
19793 19794 19789
19794 19793 19795
19796 19794 19795
19796 19795 19797
19796 19797 19798
19799 19796 19798
19799 19798 19800
19801 19799 19800
19801 19802 19799
19803 19802 19801
19804 19805 19806
19804 19807 19805
19808 19807 19804
19808 19804 19809
19810 19808 19809
19810 19809 19811
19810 19811 19812
19810 19812 19813
19814 19813 19812
19814 19815 19813
19815 19814 19816
19815 19816 19817
19817 19816 19818
19817 19818 19819
19820 19819 19818
19820 19821 19819
19821 19820 19822
19821 19822 19823
19823 19822 19824
19823 19824 19825
19826 19825 19824
19826 19824 19827
19826 19827 19828
19828 19829 19826
19829 19828 19830
19829 19830 19831
19832 19831 19830
19832 19833 19831
19833 19832 19834
19833 19834 19835
19835 19834 19836
19835 19836 19837
19837 19836 19838
19837 19838 19839
19838 19840 19839
19838 19841 19840
19841 19842 19840
19841 19843 19842
19843 19844 19842
19843 19845 19844
19845 19846 19844
19845 19847 19846
19848 19846 19847
19848 19849 19846
19849 19848 19850
19849 19850 19851
19850 19852 19851
19850 19853 19852
19853 19854 19852
19853 19855 19854
19855 19856 19854
19855 19857 19856
19856 19857 19858
19856 19858 19859
19860 19859 19858
19860 19861 19859
19860 19862 19861
19863 19864 19865
19865 19864 19866
19865 19866 19867
19868 19867 19866
19868 19869 19867
19869 19868 19870
19869 19870 19871
19872 19871 19870
19872 19870 19873
19874 19872 19873
19874 19873 19875
19876 19874 19875
19876 19875 19877
19876 19877 19878
19879 19876 19878
19879 19878 19880
19881 19879 19880
19881 19880 19882
19883 19881 19882
19882 19884 19883
19885 19883 19884
19884 19886 19885
19887 19885 19886
19885 19887 19888
19885 19888 19889
19888 19890 19889
19891 19889 19890
19889 19891 19892
19892 19891 19893
19894 19892 19893
19895 19896 19897
19895 19898 19896
19896 19898 19899
19898 19900 19899
19899 19900 19901
19899 19901 19902
19902 19901 19903
19902 19903 19904
19904 19903 19905
19904 19905 19906
19906 19905 19907
19906 19907 19908
19908 19907 19909
19910 19908 19909
19907 19911 19909
19912 19910 19909
19909 19911 19913
19912 19909 19914
19909 19913 19914
19914 19913 19915
19916 19912 19914
19914 19915 19917
19916 19914 19917
19917 19915 19918
19916 19917 19919
19917 19918 19919
19916 19919 19920
19919 19918 19921
19920 19919 19922
19919 19921 19922
19920 19922 19923
19922 19921 19924
19923 19922 19925
19922 19924 19925
19923 19925 19926
19925 19924 19927
19926 19925 19928
19925 19927 19928
19926 19928 19929
19928 19927 19930
19931 19929 19928
19928 19930 19931
19931 19932 19929
19933 19931 19930
19930 19934 19933
19934 19935 19933
19932 19931 19936
19931 19933 19936
19936 19933 19935
19937 19932 19936
19938 19937 19936
19935 19939 19936
19938 19936 19939
19940 19938 19939
19940 19939 19941
19942 19940 19941
19942 19943 19940
19944 19943 19942
19942 19945 19944
19946 19944 19945
19946 19945 19947
19948 19946 19947
19948 19949 19946
19950 19949 19948
19950 19948 19951
19952 19950 19951
19952 19953 19950
19953 19952 19954
19953 19954 19955
19954 19956 19955
19957 19958 19959
19960 19957 19959
19960 19959 19961
19962 19960 19961
19962 19963 19960
19964 19963 19962
19965 19964 19962
19966 19964 19965
19966 19965 19967
19968 19966 19967
19969 19970 19971
19971 19972 19969
19971 19973 19972
19973 19971 19974
19973 19974 19975
19975 19976 19973
19975 19977 19976
19978 19977 19975
19974 19979 19975
19978 19975 19979
19978 19979 19980
19974 19981 19979
19982 19980 19979
19981 19983 19979
19979 19983 19982
19981 19984 19983
19983 19985 19982
19984 19986 19983
19986 19985 19983
19986 19987 19985
19984 19988 19986
19989 19987 19986
19990 19986 19988
19989 19986 19990
19990 19988 19991
19992 19989 19990
19991 19992 19990
19992 19993 19989
19991 19994 19992
19993 19992 19995
19995 19992 19994
19995 19994 19996
19993 19995 19997
19998 19995 19996
19999 19997 19995
19998 19999 19995
19999 20000 19997
20001 20000 19999
20002 19999 19998
20001 19999 20002
19998 20003 20002
20002 20004 20001
20005 20002 20003
20002 20005 20004
20005 20003 20006
20004 20005 20007
20008 20005 20006
20007 20005 20008
20009 20010 20011
20009 20011 20012
20009 20012 20013
20014 20013 20012
20015 20009 20013
20015 20016 20009
20014 20017 20013
20017 20015 20013
20016 20015 20018
20018 20019 20016
20020 20019 20018
20021 20017 20014
20021 20014 20022
20021 20022 20023
20015 20017 20024
20015 20024 20018
20024 20017 20021
20018 20025 20020
20018 20024 20025
20026 20020 20025
20027 20026 20025
20027 20025 20028
20025 20029 20028
20024 20029 20025
20028 20029 20030
20024 20021 20031
20024 20031 20029
20021 20023 20032
20032 20031 20021
20033 20032 20023
20033 20023 20034
20035 20033 20034
20032 20036 20031
20029 20031 20036
20036 20032 20033
20029 20037 20030
20029 20036 20037
20030 20037 20038
20039 20037 20036
20037 20039 20038
20036 20033 20040
20039 20036 20040
20038 20039 20041
20038 20041 20042
20039 20040 20043
20033 20043 20040
20039 20043 20041
20035 20044 20033
20033 20044 20043
20035 20045 20044
20045 20043 20044
20035 20046 20045
20047 20045 20046
20047 20048 20045
20048 20049 20045
20045 20050 20043
20049 20050 20045
20041 20043 20050
20049 20051 20050
20052 20042 20041
20041 20050 20052
20051 20052 20050
20052 20053 20042
20052 20051 20054
20054 20053 20052
20055 20056 20057
20056 20058 20057
20059 20057 20058
20060 20059 20058
20059 20060 20061
20059 20061 20062
20059 20062 20063
20059 20063 20057
20063 20064 20057
20063 20065 20064
20065 20066 20064
20065 20067 20066
20067 20068 20066
20067 20069 20068
20070 20068 20069
20070 20071 20068
20071 20070 20072
20073 20074 20075
20076 20073 20075
20075 20077 20076
20076 20077 20078
20079 20073 20076
20080 20076 20078
20079 20076 20081
20082 20079 20081
20083 20076 20080
20083 20081 20076
20080 20084 20083
20084 20085 20083
20082 20081 20086
20086 20081 20083
20087 20082 20086
20088 20083 20085
20086 20083 20088
20088 20085 20089
20088 20089 20090
20087 20086 20091
20092 20087 20091
20093 20086 20088
20093 20091 20086
20090 20094 20088
20093 20088 20094
20090 20095 20094
20095 20096 20094
20092 20091 20097
20091 20093 20097
20096 20098 20094
20096 20099 20098
20099 20100 20098
20101 20098 20100
20093 20094 20102
20102 20094 20098
20101 20102 20098
20093 20102 20097
20102 20101 20103
20102 20103 20097
20092 20097 20104
20104 20097 20103
20092 20104 20105
20104 20103 20106
20105 20104 20107
20107 20104 20106
20105 20107 20108
20107 20106 20109
20108 20107 20110
20110 20107 20109
20110 20109 20111
20108 20110 20112
20113 20110 20111
20114 20112 20110
20113 20114 20110
20114 20115 20112
20116 20114 20113
20117 20115 20114
20116 20117 20114
20117 20118 20115
20119 20117 20116
20120 20118 20117
20119 20120 20117
20120 20121 20118
20122 20120 20119
20123 20121 20120
20122 20123 20120
20123 20124 20121
20125 20123 20122
20126 20124 20123
20125 20126 20123
20126 20125 20127
20126 20128 20124
20129 20126 20127
20128 20126 20129
20128 20129 20130
20131 20130 20129
20129 20132 20131
20132 20133 20131
20132 20134 20133
20134 20135 20133
20134 20136 20135
20137 20135 20136
20137 20138 20135
20137 20139 20138
20137 20140 20139
20140 20141 20139
20140 20142 20141
20143 20141 20142
20143 20142 20144
20145 20143 20144
20145 20144 20146
20147 20145 20146
20147 20146 20148
20149 20147 20148
20149 20148 20150
20151 20149 20150
20151 20150 20152
20153 20151 20152
20153 20152 20154
20155 20153 20154
20155 20154 20156
20155 20156 20157
20155 20157 20158
20157 20159 20158
20157 20160 20159
20161 20162 20163
20164 20162 20161
20165 20162 20164
20166 20162 20165
20167 20162 20166
20168 20162 20167
20169 20166 20165
20169 20165 20170
20171 20169 20170
20171 20170 20172
20173 20171 20172
20173 20174 20171
20173 20175 20174
20176 20177 20178
20179 20177 20176
20180 20177 20179
20181 20177 20180
20182 20177 20181
20183 20177 20182
20184 20181 20180
20184 20180 20185
20186 20184 20185
20186 20185 20187
20188 20186 20187
20188 20189 20186
20188 20190 20189
20191 20192 20193
20194 20192 20191
20195 20192 20194
20196 20192 20195
20197 20192 20196
20198 20192 20197
20199 20196 20195
20199 20195 20200
20201 20199 20200
20201 20202 20199
20201 20203 20202
20204 20205 20206
20204 20206 20207
20208 20204 20207
20208 20209 20204
20210 20209 20208
20210 20208 20211
20212 20210 20211
20212 20211 20213
20214 20212 20213
20214 20215 20212
20216 20215 20214
20216 20217 20215
20218 20217 20216
20218 20219 20217
20220 20219 20218
20220 20221 20219
20222 20221 20220
20222 20223 20221
20224 20221 20223
20225 20223 20222
20225 20226 20223
20227 20221 20224
20227 20224 20228
20229 20227 20228
20229 20228 20230
20231 20229 20230
20232 20228 20224
20232 20230 20228
20231 20230 20233
20233 20234 20231
20232 20235 20230
20235 20233 20230
20233 20236 20234
20235 20237 20233
20237 20236 20233
20234 20236 20238
20234 20238 20239
20238 20240 20239
20237 20241 20236
20241 20238 20236
20238 20242 20240
20242 20243 20240
20241 20244 20238
20244 20242 20238
20242 20245 20243
20245 20246 20243
20245 20247 20246
20245 20242 20248
20244 20248 20242
20247 20245 20249
20245 20248 20249
20247 20249 20250
20251 20250 20249
20251 20249 20252
20249 20253 20252
20249 20248 20253
20253 20248 20244
20253 20244 20254
20244 20241 20255
20244 20255 20254
20256 20255 20241
20256 20241 20237
20257 20256 20237
20257 20237 20235
20258 20257 20235
20258 20235 20232
20259 20258 20232
20259 20232 20260
20232 20224 20260
20259 20260 20261
20259 20261 20262
20263 20260 20224
20263 20261 20260
20264 20262 20261
20262 20264 20265
20224 20266 20263
20224 20223 20266
20267 20261 20263
20261 20267 20264
20265 20264 20268
20265 20268 20269
20270 20269 20268
20223 20271 20266
20272 20271 20223
20273 20271 20272
20274 20263 20266
20267 20263 20274
20275 20267 20274
20264 20267 20276
20264 20276 20268
20275 20276 20267
20274 20266 20277
20266 20271 20277
20277 20275 20274
20270 20268 20278
20279 20270 20278
20273 20280 20271
20277 20271 20280
20278 20268 20281
20268 20276 20281
20279 20278 20282
20282 20278 20281
20283 20279 20282
20283 20282 20284
20282 20285 20284
20286 20280 20273
20286 20273 20287
20277 20280 20288
20288 20280 20286
20277 20288 20275
20282 20281 20289
20282 20289 20285
20276 20290 20281
20289 20281 20290
20291 20285 20289
20289 20290 20291
20291 20292 20285
20293 20292 20291
20276 20294 20290
20291 20290 20294
20276 20275 20294
20293 20291 20295
20291 20294 20295
20296 20293 20295
20294 20275 20297
20295 20294 20297
20296 20295 20298
20295 20297 20298
20298 20299 20296
20275 20300 20297
20298 20297 20300
20275 20288 20300
20298 20301 20299
20298 20300 20301
20302 20299 20301
20300 20288 20303
20288 20286 20303
20300 20304 20301
20300 20303 20304
20302 20301 20304
20304 20303 20286
20302 20304 20305
20304 20286 20305
20305 20286 20287
20302 20305 20306
20305 20287 20307
20306 20305 20307
20306 20307 20308
20309 20310 20311
20312 20309 20311
20313 20312 20311
20314 20312 20313
20315 20314 20313
20314 20315 20316
20314 20316 20317
20315 20313 20318
20316 20315 20318
20319 20317 20316
20319 20320 20317
20316 20318 20321
20319 20316 20321
20320 20319 20322
20320 20322 20323
20323 20322 20324
20323 20324 20325
20324 20326 20325
20327 20322 20319
20324 20322 20328
20328 20322 20327
20324 20329 20326
20329 20324 20328
20319 20321 20330
20327 20319 20330
20321 20331 20330
20327 20330 20331
20318 20332 20321
20321 20332 20331
20333 20326 20329
20333 20334 20326
20335 20334 20333
20335 20336 20334
20337 20333 20329
20335 20333 20337
20329 20328 20338
20337 20329 20338
20339 20337 20338
20327 20340 20328
20338 20328 20340
20327 20331 20341
20341 20340 20327
20338 20340 20342
20339 20338 20342
20342 20340 20343
20341 20343 20340
20342 20343 20344
20339 20342 20344
20345 20343 20341
20345 20344 20343
20331 20346 20341
20341 20346 20345
20331 20347 20346
20332 20347 20331
20339 20348 20337
20337 20348 20349
20335 20337 20349
20350 20335 20349
20350 20349 20348
20350 20351 20335
20351 20336 20335
20351 20352 20336
20353 20352 20351
20353 20354 20352
20351 20355 20353
20351 20350 20355
20356 20355 20350
20356 20350 20357
20350 20348 20357
20357 20358 20356
20359 20357 20348
20339 20359 20348
20357 20360 20358
20359 20360 20357
20339 20361 20359
20361 20360 20359
20358 20360 20362
20361 20362 20360
20358 20362 20363
20361 20339 20364
20339 20344 20364
20365 20362 20361
20364 20365 20361
20363 20362 20366
20365 20366 20362
20363 20366 20367
20368 20367 20366
20344 20369 20364
20369 20365 20364
20368 20366 20370
20370 20366 20365
20371 20368 20370
20371 20372 20368
20373 20372 20371
20373 20371 20374
20370 20365 20375
20371 20370 20375
20365 20369 20375
20374 20371 20376
20371 20375 20376
20374 20376 20377
20376 20378 20377
20375 20379 20376
20379 20375 20369
20378 20376 20379
20344 20380 20369
20379 20369 20380
20345 20380 20344
20378 20379 20381
20379 20380 20381
20378 20381 20382
20383 20382 20381
20384 20380 20345
20384 20381 20380
20383 20381 20384
20345 20346 20384
20346 20383 20384
20346 20385 20383
20385 20346 20347
20385 20347 20386
20386 20347 20387
20386 20387 20388
20332 20387 20347
20388 20387 20389
20388 20389 20390
20391 20387 20332
20391 20389 20387
20318 20391 20332
20391 20318 20392
20313 20392 20318
20313 20393 20392
20313 20311 20393
20391 20392 20394
20394 20392 20393
20391 20395 20389
20391 20394 20395
20389 20396 20390
20389 20395 20396
20311 20397 20393
20311 20398 20397
20311 20399 20398
20397 20398 20400
20399 20401 20398
20398 20401 20400
20399 20402 20401
20394 20393 20403
20403 20393 20404
20394 20405 20395
20394 20403 20405
20403 20404 20406
20406 20404 20407
20408 20400 20407
20407 20409 20406
20410 20403 20406
20409 20410 20406
20410 20405 20403
20409 20411 20410
20411 20412 20410
20412 20405 20410
20411 20413 20412
20395 20405 20414
20412 20414 20405
20395 20414 20396
20415 20414 20412
20416 20415 20412
20416 20412 20417
20415 20418 20414
20414 20418 20419
20414 20419 20396
20396 20419 20420
20419 20421 20420
20390 20396 20420
20422 20390 20420
20422 20423 20390
20424 20423 20422
20424 20425 20423
20426 20425 20424
20426 20427 20425
20427 20426 20428
20427 20428 20429
20430 20429 20428
20430 20431 20429
20432 20431 20430
20432 20433 20431
20434 20433 20432
20434 20435 20433
20434 20436 20435
20434 20437 20436
20437 20438 20436
20437 20439 20438
20440 20441 20442
20440 20442 20443
20444 20440 20443
20444 20443 20445
20446 20444 20445
20446 20445 20254
20446 20254 20447
20448 20446 20447
20449 20447 20254
20450 20447 20449
20450 20451 20447
20452 20451 20450
20452 20453 20451
20454 20453 20452
20454 20455 20453
20456 20455 20454
20456 20454 20457
20458 20456 20457
20458 20459 20456
20460 20459 20458
20460 20461 20459
20462 20461 20460
20462 20463 20461
20464 20463 20462
20464 20465 20463
20466 20465 20464
20466 20467 20465
20468 20467 20466
20468 20466 20469
20470 20471 20472
20470 20472 20473
20473 20472 20474
20473 20474 20475
20475 20474 20476
20475 20476 20477
20477 20476 20478
20477 20478 20479
20479 20478 20480
20479 20480 20481
20481 20480 20482
20481 20482 20483
20484 20483 20482
20484 20485 20483
20486 20485 20484
20486 20487 20485
20488 20487 20486
20488 20486 20489
20488 20489 20490
20488 20490 20491
20490 20492 20491
20490 20493 20492
20492 20494 20491
20492 20493 20495
20492 20496 20494
20495 20497 20492
20492 20497 20496
20496 20497 20498
20499 20500 20501
20499 20502 20500
20503 20502 20499
20503 20504 20502
20505 20504 20503
20505 20506 20504
20507 20506 20505
20507 20508 20506
20509 20508 20507
20509 20510 20508
20511 20510 20509
20511 20512 20510
20513 20512 20511
20513 20511 20514
20515 20513 20514
20515 20516 20513
20517 20516 20515
20517 20515 20518
20519 20517 20518
20520 20521 20522
20520 20522 20523
20524 20525 20526
20524 20526 20527
20527 20526 20528
20527 20528 20529
20529 20528 20530
20529 20530 20531
20531 20530 20532
20531 20532 20533
20534 20535 20536
20534 20536 20537
20538 20539 20540
20538 20541 20539
20542 20541 20538
20542 20543 20541
20544 20543 20542
20544 20545 20543
20546 20545 20544
20546 20547 20545
20548 20547 20546
20548 20549 20547
20550 20549 20548
20550 20551 20549
20552 20551 20550
20552 20553 20551
20554 20553 20552
20554 20555 20553
20556 20555 20554
20556 20557 20555
20558 20557 20556
20558 20559 20557
20560 20561 20562
20560 20562 20563
20563 20564 20565
20563 20565 20566
20566 20565 20567
20566 20567 20568
20568 20567 20569
20568 20569 20570
20570 20569 20571
20570 20571 20572
20572 20571 20573
20572 20573 20574
20574 20573 20575
20574 20575 20576
20576 20575 20577
20576 20577 20578
20578 20577 20579
20578 20579 20580
20580 20579 20581
20580 20581 20582
20583 20582 20581
20583 20584 20582
20585 20586 20587
20585 20588 20586
20589 20588 20585
20589 20590 20588
20591 20590 20589
20591 20592 20590
20593 20592 20591
20593 20594 20592
20595 20594 20593
20595 20596 20594
20597 20596 20595
20597 20598 20596
20599 20598 20597
20599 20600 20598
20601 20600 20599
20601 20602 20600
20603 20602 20601
20603 20604 20602
20605 20606 20607
20605 20608 20606
20609 20608 20605
20609 20610 20608
20611 20610 20609
20611 20612 20610
20613 20612 20611
20613 20614 20612
20615 20614 20613
20615 20616 20614
20617 20616 20615
20617 20618 20616
20619 20618 20617
20619 20620 20618
20621 20620 20619
20621 20619 20622
20623 20621 20622
20623 20622 20624
20625 20626 20627
20625 20628 20626
20629 20628 20625
20629 20630 20628
20631 20630 20629
20631 20632 20630
20633 20632 20631
20633 20634 20632
20635 20634 20633
20635 20636 20634
20637 20636 20635
20637 20638 20636
20639 20638 20637
20639 20640 20638
20641 20640 20639
20641 20642 20640
20643 20642 20641
20643 20644 20642
20645 20644 20643
20645 20646 20644
20647 20646 20645
20647 20648 20646
20649 20650 20651
20649 20651 20652
20653 20649 20652
20653 20652 20654
20655 20653 20654
20655 20654 20656
20657 20655 20656
20657 20656 20658
20659 20657 20658
20659 20658 20660
20661 20660 20658
20662 20659 20660
20662 20660 20663
20664 20661 20658
20664 20665 20661
20666 20665 20664
20666 20667 20665
20652 20667 20666
20668 20661 20665
20668 20665 20667
20652 20669 20667
20669 20652 20670
20652 20671 20670
20672 20667 20669
20668 20667 20672
20672 20669 20673
20674 20672 20673
20674 20673 20675
20674 20675 20676
20674 20676 20677
20678 20672 20674
20678 20668 20672
20679 20674 20677
20679 20677 20680
20681 20679 20680
20681 20682 20679
20683 20682 20681
20683 20681 20684
20685 20683 20684
20685 20684 20686
20687 20685 20686
20687 20686 20688
20689 20687 20688
20689 20688 20690
20691 20689 20690
20691 20690 20692
20693 20691 20692
20693 20694 20691
20695 20696 20697
20695 20697 20698
20699 20695 20698
20699 20698 20700
20700 20701 20699
20700 20702 20701
20703 20701 20702
20703 20702 20704
20705 20703 20704
20705 20704 20706
20707 20705 20706
20707 20706 20708
20707 20708 20709
20707 20709 20710
20710 20709 20711
20710 20711 20712
20713 20714 20715
20715 20716 20713
20717 20716 20715
20717 20715 20718
20719 20713 20716
20720 20713 20719
20720 20719 20721
20722 20720 20721
20722 20721 20723
20721 20719 20724
20724 20719 20716
20723 20721 20725
20721 20724 20725
20723 20725 20726
20726 20725 20727
20727 20725 20724
20728 20727 20724
20728 20729 20727
20724 20716 20730
20728 20724 20730
20731 20729 20728
20731 20732 20729
20732 20731 20733
20733 20731 20734
20733 20734 20735
20736 20735 20734
20737 20736 20734
20728 20738 20731
20734 20731 20738
20737 20734 20739
20737 20739 20740
20728 20741 20738
20728 20730 20741
20734 20738 20742
20741 20742 20738
20734 20742 20739
20739 20742 20743
20730 20744 20741
20741 20744 20742
20730 20745 20744
20716 20745 20730
20716 20717 20745
20744 20746 20742
20742 20746 20747
20746 20748 20747
20746 20749 20748
20744 20750 20746
20750 20749 20746
20750 20744 20745
20750 20751 20749
20750 20745 20752
20751 20750 20752
20752 20745 20717
20751 20752 20753
20752 20717 20754
20753 20752 20754
20753 20754 20755
20754 20717 20718
20754 20718 20756
20757 20754 20756
20757 20758 20754
20759 20760 20748
20759 20761 20760
20761 20739 20760
20739 20761 20762
20761 20759 20763
20761 20763 20762
20740 20763 20764
20740 20764 20765
20766 20740 20765
20767 20766 20765
20768 20766 20767
20768 20769 20766
20770 20769 20768
20770 20771 20769
20770 20772 20771
20772 20773 20771
20770 20774 20772
20774 20773 20772
20770 20775 20774
20774 20776 20773
20777 20774 20775
20777 20775 20778
20774 20779 20776
20777 20779 20774
20778 20780 20777
20778 20781 20780
20776 20779 20782
20776 20782 20783
20779 20784 20782
20782 20784 20785
20783 20782 20785
20784 20786 20785
20777 20787 20779
20779 20787 20784
20788 20787 20777
20788 20777 20780
20788 20784 20787
20781 20789 20780
20781 20790 20789
20789 20790 20791
20789 20792 20780
20792 20788 20780
20789 20791 20793
20793 20792 20789
20794 20793 20791
20794 20791 20795
20796 20794 20795
20796 20795 20797
20798 20793 20794
20796 20798 20794
20793 20799 20792
20798 20799 20793
20800 20799 20798
20788 20792 20801
20799 20801 20792
20802 20796 20797
20802 20797 20803
20804 20802 20803
20804 20803 20805
20802 20804 20806
20802 20806 20807
20807 20796 20802
20808 20807 20806
20796 20809 20798
20807 20809 20796
20798 20809 20810
20807 20810 20809
20800 20798 20810
20808 20811 20807
20807 20811 20810
20811 20808 20812
20813 20810 20811
20800 20810 20813
20811 20812 20814
20813 20811 20814
20812 20815 20814
20812 20816 20815
20817 20813 20814
20800 20813 20817
20817 20814 20815
20816 20818 20815
20816 20819 20818
20820 20818 20819
20821 20817 20815
20821 20815 20818
20820 20822 20818
20822 20821 20818
20823 20822 20820
20823 20820 20824
20825 20823 20824
20825 20826 20823
20823 20827 20822
20822 20827 20821
20826 20828 20823
20823 20828 20827
20826 20829 20828
20828 20829 20830
20831 20817 20821
20817 20831 20800
20821 20827 20832
20832 20831 20821
20827 20828 20833
20830 20833 20828
20833 20832 20827
20800 20831 20834
20834 20831 20832
20830 20835 20833
20830 20836 20835
20837 20835 20836
20833 20838 20832
20833 20835 20838
20834 20832 20838
20837 20839 20835
20839 20838 20835
20840 20839 20837
20840 20837 20841
20839 20842 20838
20842 20834 20838
20842 20839 20840
20800 20834 20843
20800 20843 20799
20799 20843 20801
20843 20834 20844
20842 20844 20834
20843 20844 20801
20842 20845 20844
20845 20801 20844
20845 20842 20840
20845 20788 20801
20788 20845 20784
20784 20845 20840
20841 20846 20840
20784 20840 20846
20841 20847 20846
20784 20846 20786
20847 20786 20846
20847 20697 20786
20848 20849 20850
20851 20848 20850
20850 20852 20851
20853 20852 20850
20853 20850 20854
20848 20851 20855
20848 20855 20856
20856 20855 20857
20856 20857 20858
20857 20859 20858
20857 20860 20859
20861 20853 20854
20861 20854 20862
20863 20853 20861
20863 20864 20853
20865 20864 20863
20853 20864 20866
20853 20866 20867
20851 20867 20866
20864 20865 20868
20864 20868 20866
20865 20869 20868
20851 20866 20870
20871 20851 20870
20869 20872 20868
20869 20873 20872
20866 20868 20874
20872 20874 20868
20866 20874 20870
20872 20875 20874
20871 20870 20876
20874 20876 20870
20877 20871 20876
20875 20878 20874
20874 20878 20876
20875 20879 20878
20878 20879 20880
20877 20876 20881
20881 20876 20878
20882 20877 20881
20882 20881 20883
20884 20883 20881
20880 20885 20884
20878 20880 20886
20881 20878 20886
20880 20884 20886
20884 20881 20886
20887 20888 20889
20887 20889 20890
20890 20889 20891
20892 20887 20890
20890 20891 20893
20893 20891 20894
20892 20890 20895
20895 20890 20893
20892 20895 20896
20892 20896 20897
20898 20897 20896
20898 20899 20897
20900 20896 20895
20898 20896 20900
20899 20898 20901
20899 20901 20902
20895 20893 20903
20900 20895 20903
20904 20903 20893
20900 20903 20904
20905 20900 20904
20898 20900 20906
20901 20898 20906
20905 20906 20900
20893 20894 20907
20904 20893 20907
20902 20901 20908
20902 20908 20909
20908 20910 20909
20901 20906 20911
20911 20906 20905
20908 20901 20911
20894 20912 20907
20894 20913 20912
20913 20660 20912
20914 20904 20907
20914 20907 20912
20914 20905 20904
20915 20912 20660
20915 20914 20912
20661 20915 20660
20916 20914 20915
20914 20916 20905
20917 20915 20661
20916 20915 20917
20905 20916 20918
20918 20916 20917
20919 20911 20905
20905 20918 20919
20917 20661 20920
20668 20920 20661
20918 20917 20921
20920 20921 20917
20922 20920 20668
20922 20921 20920
20922 20668 20678
20922 20923 20921
20924 20918 20921
20924 20921 20923
20924 20919 20918
20923 20925 20924
20925 20926 20924
20924 20926 20919
20925 20927 20926
20928 20926 20927
20928 20929 20926
20930 20929 20928
20926 20931 20919
20929 20931 20926
20930 20932 20929
20932 20931 20929
20933 20932 20930
20933 20934 20932
20932 20934 20910
20932 20910 20935
20932 20935 20931
20908 20935 20910
20919 20931 20936
20935 20936 20931
20935 20908 20936
20919 20936 20911
20908 20911 20936
20937 20938 20939
20937 20939 20940
20939 20941 20940
20939 20942 20941
20942 20943 20941
20942 20944 20943
20944 20945 20943
20944 20946 20945
20946 20947 20945
20946 20948 20947
20947 20948 20949
20947 20949 20950
20951 20950 20949
20951 20952 20950
20953 20952 20951
20953 20954 20952
20955 20954 20953
20955 20953 20956
20955 20956 20957
20955 20957 20958
20958 20957 20959
20958 20959 20960
20957 20961 20959
20962 20960 20959
20963 20959 20961
20959 20964 20962
20963 20964 20959
20965 20964 20963
20966 20967 20968
20966 20968 20969
20970 20966 20969
20970 20969 20971
20972 20970 20971
20972 20971 20973
20974 20972 20973
20974 20973 20975
20976 20974 20975
20976 20975 20977
20978 20976 20977
20978 20977 20979
20980 20978 20979
20980 20979 20981
20982 20980 20981
20982 20981 20983
20984 20982 20983
20984 20983 20985
20986 20984 20985
20986 20985 20987
20988 20986 20987
20989 20990 20991
20989 20991 20992
20993 20994 20995
20993 20996 20994
20996 20997 20994
20996 20998 20997
20998 20999 20997
20998 21000 20999
21000 21001 20999
21000 21002 21001
21003 21004 21005
21003 21005 21006
21007 21008 21009
21007 21009 21010
21011 21007 21010
21011 21010 21012
21013 21011 21012
21013 21012 21014
21015 21013 21014
21015 21014 21016
21017 21015 21016
21017 21016 21018
21019 21017 21018
21019 21018 21020
21021 21019 21020
21021 21020 21022
21023 21021 21022
21023 21022 21024
21025 21023 21024
21025 21024 21026
21027 21025 21026
21027 21026 21028
21029 21027 21028
21029 21028 21030
21031 21032 21033
21031 21034 21032
21034 21035 21036
21034 21037 21035
21037 21038 21035
21037 21039 21038
21039 21040 21038
21039 21041 21040
21041 21042 21040
21041 21043 21042
21043 21044 21042
21043 21045 21044
21045 21046 21044
21045 21047 21046
21047 21048 21046
21047 21049 21048
21049 21050 21048
21049 21051 21050
21051 21052 21050
21051 21053 21052
21052 21053 21054
21052 21054 21055
21056 21057 21058
21056 21058 21059
21060 21056 21059
21060 21059 21061
21062 21060 21061
21062 21061 21063
21064 21062 21063
21064 21063 21065
21066 21064 21065
21066 21065 21067
21068 21066 21067
21068 21067 21069
21070 21068 21069
21070 21069 21071
21072 21070 21071
21072 21071 21073
21074 21072 21073
21074 21073 21075
21076 21077 21078
21076 21078 21079
21080 21076 21079
21080 21079 21081
21082 21080 21081
21082 21081 21083
21084 21082 21083
21084 21083 21085
21086 21084 21085
21086 21085 21087
21088 21086 21087
21088 21087 21089
21090 21088 21089
21090 21089 21091
21092 21090 21091
21092 21093 21090
21094 21093 21092
21094 21095 21093
21096 21097 21098
21096 21098 21099
21100 21096 21099
21100 21099 21101
21102 21100 21101
21102 21101 21103
21104 21102 21103
21104 21103 21105
21106 21104 21105
21106 21105 21107
21108 21106 21107
21108 21107 21109
21110 21108 21109
21110 21109 21111
21112 21110 21111
21112 21111 21113
21114 21112 21113
21114 21113 21115
21116 21114 21115
21116 21115 21117
21118 21116 21117
21118 21117 21119
21120 21118 21119
21120 21119 21121
21122 21123 21124
21122 21124 21125
21126 21122 21125
21126 21125 21127
21128 21126 21127
21128 21127 21129
21130 21128 21129
21130 21131 21128
21132 21131 21130
21132 21130 21133
21134 21135 21136
21134 21137 21135
21134 21138 21137
21139 21137 21138
21139 21140 21137
21141 21140 21139
21141 21142 21140
21143 21142 21141
21143 21144 21142
21143 21145 21144
21143 21146 21145
21147 21145 21146
21147 21146 21148
21149 21147 21148
21149 21150 21147
21149 21151 21150
21149 21152 21151
21153 21151 21152
21153 21152 21154
21155 21153 21154
21155 21154 21156
21156 21157 21155
21158 21159 21160
21158 21160 21161
21162 21158 21161
21162 21163 21158
21160 21164 21161
21160 21165 21164
21166 21164 21165
21161 21164 21167
21166 21167 21164
21161 21167 21162
21166 21168 21167
21163 21162 21169
21169 21162 21167
21163 21169 21170
21170 21169 21171
21169 21172 21171
21169 21167 21173
21173 21167 21168
21169 21173 21172
21173 21168 21174
21174 21172 21173
21168 21175 21174
21175 21176 21174
21174 21176 21172
21172 21176 21177
21175 21178 21176
21178 21177 21176
21178 21179 21177
21177 21179 21180
21172 21177 21181
21172 21181 21182
21172 21182 21183
21182 21184 21183
21185 21181 21177
21182 21181 21185
21177 21180 21186
21185 21177 21186
21184 21182 21187
21182 21185 21187
21184 21187 21188
21189 21188 21187
21180 21190 21186
21180 21191 21190
21192 21190 21191
21193 21190 21192
21192 21194 21193
21194 21195 21193
21196 21185 21186
21196 21186 21190
21196 21187 21185
21193 21196 21190
21197 21189 21187
21196 21197 21187
21197 21198 21189
21197 21196 21199
21193 21199 21196
21198 21197 21200
21197 21199 21200
21198 21200 21201
21195 21202 21193
21195 21203 21202
21202 21203 21204
21204 19651 21202
21205 21199 21193
21200 21199 21205
21193 21202 21205
21201 21200 21206
21200 21205 21206
21201 21206 21207
21208 21207 21206
21202 19651 21209
21209 21205 21202
21210 21206 21205
21208 21206 21210
21210 21205 21209
21211 21208 21210
21211 21210 21209
21212 21208 21211
21211 21213 21212
21209 19651 21214
21214 21211 21209
19651 19664 21214
21213 21211 21215
21215 21211 21214
21216 21213 21215
21217 21216 21215
21215 21218 21217
21214 19664 21219
21214 21219 21215
21219 21218 21215
19664 19666 21219
21219 21220 21218
21219 19666 21220
21170 21221 21184
21222 21223 21224
21222 21225 21223
21226 21225 21222
21226 21222 21227
21228 21226 21227
21228 21229 21226
21229 21228 21230
21229 21230 21231
21231 21230 21232
21231 21232 21233
21232 21234 21233
21232 21235 21234
21234 21235 21236
21234 21236 21237
21237 21236 21238
21237 21238 21239
21240 21239 21238
21240 21241 21239
21240 21242 21241
21240 21243 21242
21242 21243 21244
21242 21244 21245
21245 21244 21246
21245 21246 21247
21247 21246 21248
21247 21248 21249
21248 21250 21249
21248 21251 21250
21251 21252 21250
21251 21253 21252
21252 21253 21254
21252 21254 21255
21255 21254 21256
21255 21256 21257
21256 21258 21257
21256 21259 21258
21258 21259 21260
21258 21260 21261
21260 21262 21261
21260 21263 21262
21262 21263 21264
21262 21264 21265
21265 21264 21266
21265 21266 21267
21267 21266 21268
21267 21268 21269
21269 21268 21270
21269 21270 21271
21271 21270 21272
21271 21272 21273
21274 21275 21276
21276 21275 21277
21277 21275 21278
21277 21278 21279
21280 21279 21278
21280 21281 21279
21279 21281 21282
21282 21277 21279
21282 21283 21277
21284 21277 21283
21276 21277 21284
21284 21283 21285
21286 21284 21285
21286 21276 21284
21287 21276 21286
21287 21288 21276
21288 21287 21289
21287 21290 21289
21288 21289 21291
21290 21291 21289
21288 21291 21292
21290 21293 21291
21291 21293 21294
21292 21291 21295
21294 21295 21291
21294 21296 21295
21296 21297 21295
21298 21297 21296
21298 21299 21297
21298 19676 21299
21298 19677 19676
21300 20309 21301
21302 21300 21301
21302 20402 21300
