byte offset: 0
first index: 0
index count: 18837
topology: trianglelist
format: DXGI_FORMAT_R16_UINT

0 1 2
2 3 4
2 5 3
6 7 8
8 9 10
9 11 10
9 12 11
13 11 12
13 12 14
13 14 15
13 15 16
16 15 17
16 17 18
19 13 16
19 11 13
16 18 20
19 16 20
21 19 20
20 18 22
19 23 11
19 21 23
22 24 20
25 24 22
25 26 24
20 24 27
21 20 27
24 26 28
27 24 28
29 28 26
30 28 29
27 28 31
30 31 28
21 27 31
32 31 30
32 33 31
11 23 34
34 23 35
11 34 36
37 36 34
37 34 38
34 35 38
38 35 39
39 35 40
40 35 41
35 42 41
41 42 43
35 23 44
44 42 35
23 21 44
21 42 44
21 31 45
21 45 42
31 33 45
46 42 45
45 33 46
33 47 46
48 47 33
46 49 42
43 42 49
47 49 46
43 49 50
43 50 51
50 52 51
53 52 50
54 52 53
55 52 54
47 56 49
49 56 50
47 57 56
50 56 58
59 56 57
58 56 59
60 59 57
58 61 50
61 62 50
50 62 63
62 64 63
65 64 62
66 65 62
61 58 66
62 67 66
66 58 68
69 66 68
70 66 69
71 58 59
72 69 71
71 59 72
72 73 69
74 73 72
60 72 59
74 72 60
74 60 75
60 76 75
75 76 77
60 78 76
60 79 78
80 78 79
60 57 79
57 81 79
80 79 81
57 82 81
47 82 57
83 81 82
80 81 83
84 82 47
83 82 84
83 84 85
84 47 86
86 85 84
80 87 78
88 78 87
88 89 77
90 89 88
88 87 90
91 89 90
87 91 90
91 92 89
93 92 91
83 85 94
80 83 95
95 83 94
96 87 80
80 95 97
80 97 96
95 94 98
97 95 98
99 91 87
96 99 87
85 100 94
100 98 94
101 98 100
102 98 101
97 98 102
102 103 97
96 97 103
102 104 103
105 99 96
96 103 105
91 99 106
105 106 99
85 107 100
100 107 108
108 107 109
109 107 85
108 109 110
111 110 109
109 112 111
109 85 113
109 113 112
113 85 86
112 113 86
112 86 114
114 86 33
91 106 115
115 106 116
93 91 115
117 93 115
115 116 117
117 118 93
119 118 117
116 119 117
119 120 118
120 119 121
121 119 122
123 116 106
123 106 105
116 124 119
119 124 122
105 125 123
105 103 125
103 126 125
103 127 126
126 128 125
126 129 128
130 128 129
123 125 131
125 132 131
133 116 123
123 131 133
116 134 124
116 133 134
135 133 131
128 135 131
135 134 133
136 128 130
128 136 135
137 136 130
135 136 138
134 135 138
139 136 137
138 136 139
140 139 137
141 139 140
141 138 139
141 140 142
143 141 142
134 144 124
122 124 144
141 145 138
141 143 145
134 138 146
134 146 144
146 138 145
145 143 147
143 148 147
149 145 147
148 150 147
146 145 151
151 145 149
146 151 152
152 151 149
146 152 144
152 149 153
154 153 150
155 144 152
153 155 152
155 122 144
156 150 148
154 150 156
154 157 153
153 157 155
158 122 155
159 122 158
155 160 158
157 160 155
160 161 158
160 162 161
163 160 157
163 157 154
164 160 163
162 160 164
165 162 164
166 165 164
167 154 156
167 156 148
167 168 154
168 169 154
169 170 154
171 170 169
169 172 171
171 172 173
172 174 173
169 168 175
169 175 172
176 168 167
176 175 168
177 174 172
175 177 172
177 178 174
174 178 179
175 180 177
180 178 177
180 175 176
180 181 178
182 181 180
182 180 183
180 176 183
176 167 184
167 148 184
185 182 183
185 186 182
183 176 187
176 184 187
183 187 185
188 187 184
188 185 187
185 189 186
188 189 185
186 189 190
190 189 191
188 191 189
188 192 191
188 193 192
188 184 194
194 193 188
194 184 148
193 194 195
194 148 196
195 194 196
148 197 196
195 196 198
196 197 198
199 200 201
202 199 203
202 203 204
205 202 204
204 203 206
203 207 206
206 207 208
208 207 209
210 206 208
204 206 210
211 208 209
210 208 211
211 209 212
211 212 213
205 204 214
215 205 214
204 210 216
216 210 211
216 214 204
211 213 217
217 216 211
217 213 218
215 214 219
220 215 219
214 216 221
221 216 217
214 221 219
217 218 222
221 217 222
222 218 223
220 219 224
224 225 220
226 219 221
226 221 222
226 224 219
222 223 227
226 222 227
227 223 228
226 229 224
227 229 226
224 230 225
230 224 229
227 228 231
227 231 229
232 225 230
232 233 225
232 234 233
230 229 235
235 229 231
236 230 235
236 235 231
236 232 230
237 231 228
236 231 237
237 228 238
239 237 238
232 240 234
240 241 234
242 232 236
242 236 237
240 232 242
239 243 237
237 243 242
243 239 244
240 242 245
242 243 245
243 244 246
246 245 243
247 246 244
240 248 241
248 240 245
246 249 245
248 245 249
248 250 241
250 248 249
250 249 251
250 252 241
249 246 253
247 253 246
249 253 251
254 252 250
254 255 252
247 256 253
247 257 256
253 256 258
251 253 258
259 258 256
259 260 258
260 251 258
254 250 261
251 261 250
254 262 255
262 263 255
259 264 260
265 264 259
260 266 251
251 266 267
251 267 261
268 266 260
268 267 266
264 269 260
268 260 269
270 264 265
264 270 269
271 254 261
272 262 254
272 254 271
261 267 273
261 273 271
274 271 273
267 275 273
275 274 273
268 276 267
267 276 275
268 277 276
269 278 268
268 278 277
278 279 277
276 277 280
276 280 275
279 280 277
269 281 278
269 282 281
269 270 282
278 281 283
278 283 279
281 282 283
275 280 284
275 285 274
275 284 285
284 280 286
286 280 279
285 284 287
286 287 284
274 285 288
285 287 288
270 289 282
282 290 283
282 289 290
279 283 291
291 283 290
270 292 289
265 292 270
293 290 289
293 289 294
294 289 292
294 292 295
296 290 293
295 292 297
265 297 292
295 297 298
299 297 265
297 300 298
301 300 297
302 300 301
296 303 290
291 290 303
296 304 303
296 305 304
306 303 304
306 291 303
307 306 304
308 306 307
291 306 309
309 306 308
279 291 309
310 309 308
279 309 310
310 308 311
279 310 286
312 310 311
286 310 312
312 311 313
286 312 314
287 286 314
312 313 315
316 315 313
287 314 317
288 287 317
314 312 318
315 318 312
316 319 315
319 316 320
317 314 321
314 318 321
315 322 318
319 322 315
323 321 318
322 323 318
288 317 324
317 321 325
317 325 324
326 288 324
274 288 326
319 320 327
319 328 322
328 319 327
327 320 329
320 330 329
322 331 323
331 322 328
328 327 332
327 329 332
330 333 329
334 333 330
334 335 333
336 333 335
336 335 337
338 329 333
338 333 336
337 339 336
337 340 339
341 339 340
336 339 342
336 342 338
343 329 338
329 343 332
341 344 339
344 342 339
345 343 338
342 345 338
346 332 343
345 346 343
347 344 341
347 341 348
342 349 345
345 350 346
349 350 345
344 351 342
351 349 342
351 344 352
353 344 347
344 353 352
353 347 354
354 347 355
354 355 356
356 357 354
356 358 357
357 358 359
353 354 360
360 354 357
360 361 353
361 352 353
360 357 362
361 363 352
364 362 357
363 365 352
366 352 365
366 365 367
357 359 368
364 357 368
369 368 359
370 364 368
369 371 368
370 368 371
372 371 369
371 373 370
372 374 371
371 374 373
375 374 372
374 376 373
375 377 374
374 377 376
375 378 377
376 377 378
375 379 378
376 378 380
378 381 380
382 378 379
378 383 381
382 383 378
383 384 381
382 385 383
383 385 384
382 386 385
385 387 384
386 387 385
388 389 390
391 392 393
394 395 396
397 398 399
397 399 400
400 401 397
402 401 400
403 404 405
403 405 406
406 405 407
406 407 408
408 407 409
408 409 410
411 412 403
411 413 412
410 414 415
410 415 416
417 418 411
417 419 418
420 419 417
420 421 419
422 415 423
422 423 424
424 423 425
424 425 426
426 425 427
426 427 428
428 427 429
428 429 430
431 429 432
431 432 433
433 432 434
433 434 435
435 434 436
435 436 437
437 436 438
437 438 439
439 438 440
439 440 441
441 442 443
441 443 444
444 443 445
444 445 446
446 447 448
446 448 449
449 450 451
449 451 452
452 453 454
452 454 455
455 454 456
455 456 457
458 459 460
458 460 461
462 463 458
462 464 463
465 464 462
465 466 464
467 466 465
467 468 466
469 470 467
469 471 470
472 473 471
472 471 474
475 476 477
475 477 478
478 479 480
478 480 481
482 483 484
482 484 485
486 485 484
486 484 487
488 486 487
488 487 489
488 489 490
491 490 489
491 489 492
482 493 494
493 495 494
493 496 495
497 495 496
497 498 495
497 499 498
499 500 498
499 501 500
502 500 501
502 491 503
502 503 500
504 505 506
507 506 505
506 507 508
509 507 505
507 509 510
505 511 509
512 513 514
512 515 513
516 513 515
516 517 513
518 517 516
518 519 517
518 520 519
521 519 520
521 522 519
512 523 524
524 523 525
524 525 526
527 526 525
527 525 528
527 528 529
529 528 530
529 530 531
532 531 530
532 533 521
532 530 533
534 535 536
536 537 534
538 534 537
539 537 536
536 540 539
537 539 541
542 543 544
542 545 543
546 543 545
546 547 543
548 547 546
548 549 547
548 550 549
551 549 550
551 552 549
553 552 551
542 554 555
555 554 556
555 556 557
558 557 556
558 556 559
558 559 560
560 559 561
553 561 562
560 561 563
553 563 561
564 565 566
566 567 564
568 564 567
569 567 566
566 570 569
567 569 571
572 573 574
572 574 575
576 575 574
576 574 577
578 576 577
578 577 579
578 579 580
581 580 579
581 579 582
583 581 582
572 584 585
584 586 585
584 587 586
588 586 587
588 589 586
588 590 589
590 591 589
583 592 591
590 593 591
583 591 593
594 595 596
597 596 595
596 597 598
599 597 595
597 599 600
595 601 599
602 603 604
602 604 605
605 606 602
605 604 607
605 608 606
609 606 608
605 607 610
610 608 605
611 610 607
611 607 612
611 612 613
609 608 614
615 609 614
610 616 608
616 610 611
614 608 616
615 614 617
617 618 615
619 618 617
619 620 618
614 621 617
617 621 619
614 616 622
622 621 614
623 621 622
624 621 623
619 621 624
619 625 620
624 625 619
616 626 622
623 622 626
627 620 625
627 628 620
625 629 627
630 629 625
624 630 625
630 631 629
632 631 630
633 630 624
624 623 633
630 634 632
633 634 630
632 634 635
635 636 632
633 637 634
635 634 637
633 623 638
638 637 633
639 637 638
639 638 623
635 640 636
641 640 635
642 636 640
642 640 643
643 640 644
641 644 640
645 644 641
641 646 645
635 637 647
639 647 637
641 635 648
635 647 648
649 646 641
646 649 650
650 649 651
651 649 652
641 653 649
653 652 649
641 648 653
654 652 653
648 655 653
648 647 655
655 654 653
647 656 655
647 639 656
655 657 654
656 657 655
657 658 654
659 654 658
660 659 658
657 656 661
661 658 657
656 639 662
661 656 662
660 658 663
663 664 660
661 665 658
665 663 658
663 666 664
666 667 664
668 662 639
639 623 668
662 669 661
661 669 665
665 670 663
670 666 663
666 671 667
672 667 671
673 671 666
670 673 666
673 674 671
673 675 674
675 673 670
674 675 676
677 676 675
670 665 678
675 670 678
678 665 669
677 675 679
679 675 678
679 680 677
679 678 681
681 678 669
679 682 680
681 682 679
683 680 682
683 682 684
684 685 683
684 686 685
681 687 682
684 682 687
688 686 684
684 687 688
688 689 686
681 669 690
690 687 681
691 689 688
691 692 689
691 693 692
694 688 687
694 691 688
690 694 687
691 695 693
694 695 691
695 613 693
694 696 695
690 696 694
695 697 613
696 697 695
611 613 697
669 698 690
698 669 662
668 698 662
699 611 697
696 699 697
690 700 696
690 698 700
701 698 668
701 700 698
701 696 700
701 699 696
623 701 668
623 626 701
626 699 701
702 611 699
702 699 626
616 611 702
702 626 616
703 704 705
703 706 704
704 706 707
703 708 706
707 706 709
710 707 709
710 709 711
711 712 710
713 712 711
711 714 713
713 714 715
716 715 714
717 715 716
706 708 718
719 709 706
718 719 706
720 711 709
719 720 709
711 721 714
720 721 711
722 718 708
722 708 723
724 719 718
724 718 722
720 719 725
725 719 724
716 714 726
721 726 714
721 720 727
720 725 727
728 722 723
728 723 729
729 730 728
729 731 730
732 722 728
730 732 728
724 722 733
732 733 722
721 734 726
721 727 734
725 724 735
735 724 733
734 736 726
737 734 727
734 737 736
738 727 725
737 727 738
739 725 735
738 725 739
739 740 738
741 726 736
741 716 726
735 733 742
739 735 743
743 735 742
739 743 744
739 745 740
739 744 745
746 740 745
746 745 744
747 742 733
732 747 733
732 748 747
747 749 742
748 732 750
730 750 732
750 730 751
750 751 752
753 751 730
754 752 751
753 755 751
754 751 756
755 756 751
755 757 756
756 758 754
759 756 757
756 760 758
759 760 756
761 758 760
760 759 762
761 760 763
760 762 763
764 761 763
763 762 765
764 763 766
763 765 766
767 768 769
770 768 767
770 771 768
772 771 770
772 773 771
774 773 772
774 775 773
776 775 774
776 777 775
778 779 780
778 780 781
782 783 778
782 784 783
785 784 782
785 786 784
787 786 785
788 786 787
788 787 789
790 791 792
790 792 793
790 793 794
794 793 795
796 795 793
797 792 798
797 799 792
800 799 797
801 799 800
801 802 799
803 804 805
803 806 807
807 806 808
803 807 809
810 805 809
811 805 810
811 812 805
813 812 811
813 814 812
815 814 813
815 813 816
817 815 816
817 816 818
819 817 818
819 818 820
821 819 820
821 820 822
823 821 822
823 822 824
822 825 824
822 826 825
820 826 822
820 827 826
818 827 820
818 828 827
816 828 818
816 829 828
829 816 813
829 813 830
811 830 813
811 831 830
811 832 831
811 810 832
832 810 833
832 833 834
810 809 835
834 835 836
836 835 809
834 836 837
838 837 836
836 809 839
809 807 839
838 836 749
839 749 836
840 838 749
840 749 841
842 840 841
842 841 748
839 742 749
743 742 839
843 839 807
843 743 839
844 843 807
844 807 845
843 846 743
844 846 843
744 743 846
845 847 844
845 848 847
849 847 848
844 850 846
850 844 847
851 846 850
744 846 851
744 851 852
744 852 853
850 847 854
849 855 847
854 847 855
854 855 856
857 855 849
858 856 855
857 859 855
858 855 859
859 857 860
861 858 859
859 860 862
861 859 862
862 860 863
864 861 862
862 863 865
864 862 865
865 863 866
867 864 865
865 866 868
867 865 868
868 866 869
870 867 868
868 869 871
870 868 871
872 873 874
872 875 873
872 876 875
872 877 876
876 877 878
878 877 879
879 880 878
879 881 880
882 880 881
882 881 883
884 882 883
884 883 885
886 884 885
886 885 887
888 886 887
888 887 889
890 888 889
890 889 891
892 890 891
892 891 893
894 878 880
895 880 882
895 894 880
896 882 884
895 882 896
894 897 878
897 876 878
898 888 890
899 890 892
898 890 899
900 888 898
900 886 888
886 901 884
886 900 901
896 884 902
902 884 901
896 902 903
903 902 901
900 904 901
903 901 904
900 898 905
900 905 904
899 892 906
907 906 892
907 908 906
908 909 906
909 899 906
908 910 909
911 909 910
912 898 899
909 912 899
911 912 909
912 905 898
913 912 911
913 905 912
914 905 913
914 904 905
904 914 915
904 915 903
903 915 916
903 916 917
896 903 917
895 896 917
917 916 918
919 895 917
917 918 919
919 894 895
920 919 918
921 920 918
920 921 922
923 894 919
920 923 919
923 897 894
920 922 924
924 923 920
925 924 922
897 923 926
924 926 923
925 927 924
927 926 924
897 926 928
897 928 876
929 927 925
929 925 930
929 930 931
927 932 926
932 928 926
933 932 927
933 927 929
928 934 876
935 934 928
876 934 875
932 936 928
936 932 933
935 928 936
937 875 934
935 937 934
936 933 938
935 936 938
939 933 929
938 933 939
929 931 940
939 929 940
875 937 941
875 941 873
942 940 931
942 931 943
935 938 944
938 939 945
944 938 945
939 940 946
942 947 940
946 940 947
939 946 948
939 948 945
948 946 949
946 947 949
945 948 950
944 945 951
950 951 945
952 935 944
952 944 951
951 950 953
952 951 953
950 954 953
955 949 947
955 956 949
957 956 955
958 957 955
955 947 959
959 947 942
958 955 960
960 955 959
960 961 958
960 962 961
963 962 960
960 959 963
963 964 962
959 942 965
965 963 959
966 964 963
965 966 963
966 967 964
966 968 967
966 969 968
965 969 966
969 970 968
942 971 965
965 971 969
942 943 971
969 972 970
971 972 969
943 973 971
971 973 972
970 972 974
970 974 975
943 976 973
977 976 943
977 978 976
972 973 979
979 973 976
972 979 974
980 976 978
979 976 980
980 978 981
975 974 982
975 982 983
974 979 984
980 984 979
974 984 982
985 980 981
985 984 980
985 981 986
987 983 982
987 988 983
982 984 989
985 989 984
987 982 989
990 985 986
989 985 990
990 986 991
988 987 992
988 992 993
987 989 994
989 990 994
992 987 994
995 990 991
994 990 995
995 991 996
993 992 997
993 997 998
999 998 997
992 994 1000
994 995 1000
997 992 1000
1001 995 996
1000 995 1001
1001 996 1002
999 1001 1002
999 997 1003
997 1000 1003
1000 1001 1003
999 1003 1001
1004 1005 1006
1004 1007 1005
1008 1007 1004
1008 1009 1007
1010 1009 1008
1010 1011 1009
1010 1008 1012
1013 1007 1009
1013 1009 1011
1013 1014 1007
1005 1007 1014
1010 1012 1015
1015 1011 1010
1016 1015 1012
1016 1012 1017
1016 1017 1018
1016 1018 1019
1019 1018 1020
1019 1020 873
873 1021 1019
873 941 1021
1019 1022 1016
1019 1021 1022
1023 1015 1016
1022 1023 1016
1015 1024 1011
1023 1024 1015
1023 1025 1024
1024 1025 1011
1022 1026 1023
1023 1026 1025
1022 1021 1027
1026 1022 1027
1028 1021 941
1028 1027 1021
941 1029 1028
941 937 1029
1027 1028 1030
1027 1030 1031
1031 1026 1027
1028 1032 1030
1029 1032 1028
1031 1033 1026
1026 1033 1034
1026 1034 1025
1029 1035 1032
1036 1025 1034
1036 1011 1025
1036 1034 1037
1011 1036 1038
1037 1038 1036
1038 1039 1011
1040 1038 1037
1039 1038 1040
1040 1037 1041
1039 1040 1014
1042 1040 1041
1014 1040 1042
1042 1041 1043
1029 1044 1035
1044 1045 1035
1014 1042 1046
1005 1014 1046
1047 1042 1043
1046 1042 1047
1047 1043 1048
1049 1005 1046
1050 1005 1049
1050 1049 1051
1052 1051 1049
1052 1047 1053
1049 1046 1054
1052 1049 1054
1052 1054 1047
1046 1047 1054
1055 1045 1044
1056 1045 1055
1056 1057 1045
1058 1057 1056
1058 1059 1057
1058 1060 1059
1055 1061 1056
1044 1062 1055
1055 1062 1061
1044 1063 1062
1056 1064 1058
1056 1061 1064
1063 1044 1065
1029 1065 1044
937 1065 1029
1065 937 1066
935 1066 937
952 1066 935
1065 1066 1067
1067 1066 952
1063 1065 1067
1067 952 1068
1068 952 953
1068 953 1069
954 1069 953
1070 1067 1068
1070 1068 1069
1071 1069 954
1070 1069 1071
1071 954 717
1071 717 1072
1072 717 716
1073 1071 1072
1073 1072 716
1073 1070 1071
1073 716 741
1070 1074 1067
1063 1067 1074
1070 1075 1074
1070 1073 1075
1075 1063 1074
1076 1073 741
1076 1075 1073
741 1077 1076
1077 1078 1076
1078 1075 1076
1075 1079 1063
1078 1079 1075
1063 1079 1080
1062 1063 1080
1078 1081 1079
1080 1079 1081
1062 1080 1082
1082 1061 1062
1083 1081 1078
1084 1083 1078
1084 741 736
1084 736 1085
737 1085 736
1086 1082 1080
1086 1080 1081
1086 1087 1082
1086 1081 1088
1082 1089 1061
1089 1082 1087
1089 1087 1090
1064 1061 1089
1088 1081 1091
1088 1091 1092
1083 1091 1081
1090 1093 1089
1093 1064 1089
1090 1094 1093
1093 1094 1095
1096 1092 1091
1096 1097 1092
1091 1083 1098
1091 1098 1096
1064 1093 1099
1064 1099 1058
1093 1095 1100
1099 1093 1100
1101 1097 1096
1101 1102 1097
1099 1103 1058
1058 1103 1060
1104 1098 1083
1084 1104 1083
1104 1084 1085
1096 1098 1105
1096 1105 1101
1099 1100 1106
1099 1106 1103
1107 1060 1103
1107 1108 1060
1103 1106 1109
1106 1100 1109
1103 1109 1107
1108 1107 1110
1108 1110 1111
1112 1109 1100
1112 1100 1095
1112 1095 1113
1114 1107 1109
1112 1114 1109
1114 1110 1107
1115 1112 1113
1114 1112 1115
1115 1113 1116
1111 1110 1117
1111 1117 1118
1114 1119 1110
1114 1115 1119
1117 1110 1119
1120 1115 1116
1119 1115 1120
1120 1116 1121
1117 1119 1122
1119 1120 1122
1123 1120 1121
1120 1123 1122
1123 1121 1124
1125 1123 1124
1125 1126 1123
1122 1123 1126
1122 1127 1117
1127 1122 1126
1128 1117 1127
1128 1127 1129
1130 1127 1126
1130 1131 1127
1132 1133 1134
1134 1133 740
1134 740 1135
1135 740 1136
746 1136 740
738 740 1133
746 1137 1136
1133 1138 738
1138 737 738
1133 1139 1138
1133 1140 1139
1140 1141 1139
1140 1142 1141
1143 1141 1142
1138 1144 737
1139 1144 1138
737 1144 1085
1139 1145 1144
1085 1144 1145
1145 1139 1141
1104 1085 1145
1146 1104 1145
1145 1141 1146
1143 1147 1141
1148 1147 1143
1146 1149 1104
1104 1149 1098
1098 1149 1105
1141 1150 1146
1141 1147 1150
1146 1151 1149
1149 1151 1105
1146 1150 1151
1148 1152 1147
1152 1148 1153
1154 1150 1147
1154 1147 1152
1152 1153 1155
1155 1153 1156
1105 1151 1157
1105 1157 1101
1158 1151 1150
1158 1150 1154
1151 1159 1157
1101 1157 1159
1151 1158 1159
1160 1154 1152
1160 1152 1155
1101 1159 1161
1161 1102 1101
1161 1162 1102
1159 1158 1163
1161 1159 1163
1164 1158 1154
1164 1154 1160
1164 1163 1158
1165 1162 1161
1161 1163 1165
1165 1166 1162
1164 1167 1163
1167 1165 1163
1166 1165 1168
1168 1165 1167
1166 1168 1169
1170 1164 1160
1167 1164 1170
1168 1167 1171
1167 1170 1171
1169 1168 1172
1172 1168 1171
1169 1172 1173
1170 1160 1174
1174 1160 1155
1171 1170 1175
1175 1170 1174
1172 1171 1176
1171 1175 1176
1173 1172 1177
1177 1172 1176
1173 1177 1178
1179 1178 1177
1174 1155 1180
1155 1156 1180
1174 1180 1181
1175 1174 1182
1174 1181 1182
1176 1175 1183
1183 1175 1182
1177 1176 1184
1179 1177 1184
1176 1183 1184
1179 1184 1183
1185 1182 1181
1185 1181 1179
1183 1182 1185
1179 1183 1185
1156 1186 1187
1156 1188 1186
1186 1188 1189
1186 1189 1190
1191 1192 1193
1191 1194 1192
1192 1194 1195
1192 1195 1196
1194 1197 1195
1196 1198 1192
1199 1192 1198
1196 1200 1198
1199 1198 1201
1200 1202 1198
1202 1201 1198
1202 367 1201
1200 1203 1202
366 367 1202
366 1202 1203
366 1203 1204
366 1204 1205
1205 1204 1206
1205 1206 1207
366 1205 1208
366 1208 352
351 352 1208
351 1208 1205
1205 1207 1209
1207 1210 1209
351 1205 1211
1205 1209 1211
351 1211 349
1211 1212 349
349 1212 350
1213 350 1212
1214 350 1213
1214 346 350
1215 1209 1210
1216 1211 1209
1215 1216 1209
1211 1217 1212
1216 1217 1211
1216 1218 1217
1215 1219 1216
1220 1217 1218
1210 1221 1215
1210 1222 1221
1217 1223 1212
1213 1212 1223
1217 1224 1223
1224 1217 1220
1215 1225 1219
1225 1215 1221
1219 1225 1226
1227 1219 1226
1227 1220 1219
1225 1221 1228
1227 1229 1220
1230 1228 1221
1231 1220 1229
1230 1221 1232
1222 1232 1221
1222 1233 1232
1234 1230 1232
1235 1232 1233
1234 1232 1236
1235 1236 1232
1236 1237 1234
1238 1236 1235
1236 1239 1237
1238 1239 1236
1239 1240 1237
1241 1239 1238
1239 1242 1240
1241 1242 1239
1243 1242 1241
1243 1244 1242
1245 1244 1243
1242 1244 1246
1242 1246 1247
1244 1248 1246
1245 1249 1244
1244 1249 1248
1249 1245 1250
1251 1248 1249
1249 1250 1252
1251 1249 1252
1253 1252 1250
1251 1252 1253
1254 1194 1255
1254 1256 1194
1194 1256 1197
1257 1256 1254
1256 1258 1197
1257 1259 1256
1256 1259 1258
1259 1260 1258
1261 1259 1257
1259 1262 1260
1261 1262 1259
1262 1263 1260
1261 1264 1262
1262 1264 1263
1261 1265 1264
1264 1266 1263
1265 1266 1264
1267 1268 1269
1267 1269 1270
1271 1267 1272
1271 1272 1273
1274 1271 1273
1274 1273 1275
1276 1274 1275
1276 1275 1277
1277 1278 1276
1277 1279 1278
1279 1280 1278
1279 1281 1280
1281 1282 1280
1281 1283 1282
1283 1284 1282
1283 1285 1284
257 1284 1285
257 1285 1286
1287 1286 1285
1287 1288 1286
265 1288 1287
265 1287 301
1285 1289 1287
1285 1283 1289
301 1287 1289
1283 1290 1289
1283 1281 1290
301 1289 1291
1289 1290 1291
302 301 1291
302 1291 1292
1291 1290 1292
302 1292 1293
1290 1281 1294
1290 1294 1292
1281 1295 1294
1292 1294 1295
1281 1279 1295
1296 1293 1292
1292 1295 1296
1296 1297 1293
1279 1298 1295
1295 1298 1296
1279 1277 1298
1299 1297 1296
1299 1296 1298
1299 1300 1297
1301 1298 1277
1299 1298 1301
1275 1301 1277
1302 1300 1299
1301 1302 1299
1302 1303 1300
1275 1304 1301
1301 1304 1302
1273 1304 1275
1305 1303 1302
1304 1305 1302
1305 1306 1303
1273 1307 1304
1304 1307 1305
1272 1307 1273
1308 1306 1305
1307 1308 1305
1308 1309 1306
1308 1310 1309
1311 1307 1272
1311 1308 1307
1308 1312 1310
1311 1312 1308
1312 1313 1310
1272 1314 1311
1311 1314 1312
1314 1313 1312
1272 1269 1314
1269 1313 1314
1315 1313 1269
1316 1317 1318
1316 1319 1317
1319 1316 1320
1319 1321 1317
1319 1320 1322
1323 1322 1320
1319 1324 1321
1324 1319 1322
1325 1321 1324
1325 1326 1321
1325 1327 1326
1323 1328 1322
1329 1328 1323
1324 1322 1330
1330 1325 1324
1322 1328 1331
1322 1331 1330
1329 1332 1328
1331 1328 1332
1325 1333 1327
1333 1334 1327
1330 1335 1325
1335 1330 1331
1336 1325 1335
1336 1333 1325
1335 1331 1337
1337 1336 1335
1329 1338 1332
1338 1329 1339
1338 1339 1340
1338 1340 1341
1338 1341 1342
1332 1338 1342
1342 1341 1343
1331 1332 1344
1344 1332 1342
1331 1344 1337
1342 1343 1345
1344 1342 1345
1346 1345 1343
1337 1344 1347
1345 1347 1344
1337 1348 1336
1347 1348 1337
1349 1345 1346
1345 1349 1347
1346 1350 1349
1350 1347 1349
1351 1350 1346
1350 1352 1347
1347 1352 1348
1353 1350 1351
1353 1352 1350
1354 1353 1351
1348 1355 1336
1355 1333 1336
1352 1356 1348
1348 1356 1355
1353 1357 1352
1352 1357 1356
1358 1353 1354
1357 1353 1358
1356 1357 1359
1357 1358 1359
1358 1360 1359
1354 1361 1358
1358 1361 1360
1362 1361 1354
1361 1362 1363
1356 1359 1364
1364 1355 1356
1364 1359 1360
1361 1363 1365
1360 1361 1365
1365 1363 1366
1365 1366 1367
1367 1366 1368
1367 1368 1369
1370 1367 1369
1371 1365 1367
1360 1365 1371
1370 1372 1367
1367 1372 1371
1373 1372 1370
1373 1374 1372
1374 1371 1372
1374 1373 1375
1376 1360 1371
1374 1376 1371
1374 1375 1377
1376 1374 1377
1378 1377 1375
1376 1379 1360
1364 1360 1379
1378 1380 1377
1380 1378 1381
1380 1381 1382
1376 1377 1383
1380 1383 1377
1379 1376 1383
1384 1380 1382
1380 1384 1383
1384 1382 1385
1386 1364 1379
1386 1355 1364
1379 1383 1387
1387 1383 1384
1386 1379 1387
1388 1384 1385
1387 1384 1388
1388 1385 1389
1388 1389 1390
1387 1388 1391
1388 1390 1391
1387 1391 1386
1391 1390 1334
1386 1392 1355
1386 1391 1392
1391 1334 1392
1355 1392 1333
1333 1392 1334
1393 1394 1395
1393 1395 1396
1396 1397 1393
1396 1398 1397
1399 1397 1398
1399 1400 1397
1399 1401 1400
1402 1401 1399
1401 1402 1403
1403 1402 1404
1404 1405 1403
1404 1406 1405
1406 1407 1405
1406 1408 1407
1408 1409 1407
1408 1410 1409
1411 1409 1410
1411 1410 1412
1412 1413 1411
1412 1414 1413
1415 1413 1414
1415 1414 1416
1416 1417 1415
1416 1418 1417
1418 1419 1417
1418 1420 1419
1421 1419 1420
1420 1422 1421
1422 1423 1421
1424 1425 1426
1424 1426 1427
1427 1426 1428
1429 1424 1427
1429 1430 1424
1429 1431 1430
1427 1428 1432
1429 1427 1432
1433 1432 1428
1434 1431 1429
1434 1435 1431
1433 1436 1432
1432 1436 1437
1436 1433 1438
1436 1438 1439
1439 1437 1436
1439 1440 1437
1437 1440 1441
1429 1432 1442
1429 1442 1434
1432 1437 1442
1437 1441 1443
1443 1441 1444
1442 1437 1445
1434 1442 1445
1445 1437 1443
1443 1444 1446
1447 1446 1444
1447 1444 1448
1443 1449 1445
1449 1434 1445
1443 1450 1449
1447 1449 1450
1449 1451 1434
1434 1451 1435
1452 1435 1451
1453 1451 1449
1447 1453 1449
1452 1451 1454
1453 1454 1451
1455 1452 1454
1455 1454 1456
1456 1454 1453
1456 1457 1455
1448 1458 1447
1448 1459 1458
1460 1453 1447
1456 1453 1460
1460 1447 1458
1456 1461 1457
1460 1461 1456
1461 1462 1457
1463 1458 1459
1463 1459 1464
1458 1465 1460
1460 1465 1461
1458 1463 1465
1461 1466 1462
1466 1461 1465
1464 1467 1463
1464 1468 1467
1469 1467 1468
1469 1468 1470
1469 1470 1471
1472 1465 1463
1472 1463 1467
1466 1465 1472
1469 1472 1467
1473 1462 1466
1473 1474 1462
1475 1466 1472
1469 1475 1472
1475 1473 1466
1476 1474 1473
1476 1477 1474
1478 1477 1476
1473 1475 1479
1479 1475 1469
1473 1479 1476
1469 1471 1480
1479 1469 1480
1478 1476 1481
1481 1482 1478
1483 1476 1479
1483 1479 1480
1483 1481 1476
1471 1484 1480
1483 1480 1484
1471 1485 1484
1486 1484 1485
1481 1487 1482
1487 1488 1482
1489 1481 1483
1489 1487 1481
1483 1484 1490
1486 1490 1484
1483 1490 1489
1486 1491 1490
1489 1490 1491
1486 1492 1491
1491 1492 1493
1491 1493 1494
1495 1491 1494
1489 1491 1496
1496 1487 1489
1495 1496 1491
1496 1497 1487
1495 1497 1496
1487 1497 1488
1495 1498 1497
1488 1497 1498
1488 1498 1499
1500 1501 1502
1501 1500 1503
1501 1503 1504
1503 1505 1504
1504 1505 1506
1507 1505 1503
1508 1506 1505
1507 1509 1505
1508 1505 1509
1507 1510 1509
1509 1510 1511
1512 1508 1509
1509 1511 1512
1512 1513 1508
1512 1514 1513
1512 1515 1514
1512 1516 1515
1511 1516 1517
1511 1518 1516
1516 1518 1519
1515 1516 1520
1516 1519 1520
1521 1514 1515
1515 1520 1521
1522 1520 1519
1522 1519 1523
1521 1524 1514
1524 1525 1514
1526 1521 1520
1524 1521 1526
1526 1520 1522
1524 1526 1527
1527 1526 1528
1522 1528 1526
1527 1528 1529
1529 1528 1530
1528 1531 1530
1523 1532 1522
1522 1532 1528
1532 1531 1528
1523 1533 1532
1532 1534 1531
1533 1534 1532
1535 1531 1534
1534 1533 1536
1534 1536 1537
1538 1539 1540
1538 1541 1539
1539 1541 1542
1539 1542 1543
1542 1541 1544
1542 1544 1545
1544 1546 1545
1544 1547 1546
1548 1546 1547
1541 1549 1544
1549 1547 1544
1541 1550 1549
1550 1541 1538
1551 1550 1538
1551 1538 1552
1549 1553 1547
1548 1547 1554
1554 1547 1553
1554 1553 1555
1548 1554 1556
1555 1557 1554
1554 1557 1556
1557 1558 1556
1557 1559 1558
1560 1558 1559
1560 1561 1558
1560 1562 1561
1560 1563 1562
1564 1562 1563
1564 1563 1565
1564 1565 1566
1564 1566 1567
1566 1568 1567
1566 1569 1568
1569 1570 1568
1569 1571 1570
1572 1570 1571
1572 1571 1573
1572 1573 1574
1572 1574 1575
1576 1577 1578
1576 1578 1579
1579 1578 1580
1580 1581 1579
1578 1582 1580
1578 1583 1582
1582 1584 1580
1582 1585 1584
1584 1586 1580
1580 1586 1581
1584 1587 1586
1586 1587 1588
1581 1586 1589
1586 1588 1589
1581 1589 1590
1591 1589 1588
1592 1590 1589
1591 1592 1589
1592 1593 1590
1591 1594 1592
1593 1592 1595
1592 1594 1595
1595 1594 1596
1595 1596 1597
1598 1597 1596
1598 1596 1599
1598 1599 1600
1598 1600 1601
1600 1602 1601
1601 1602 1603
1603 1602 1604
1603 1604 1605
1605 1604 1606
1605 1606 1607
1607 1606 1608
1607 1608 1609
1610 1609 1608
1610 1611 1609
1610 1612 1611
1610 1613 1612
1614 1615 1616
1615 1614 1617
1615 1617 1618
1618 1617 1619
1618 1619 1620
1620 1619 1621
1620 1621 1622
1623 1622 1621
1623 1621 1624
1624 1625 1623
1624 1626 1625
1626 1627 1625
1628 1627 1626
1628 1629 1627
1627 1629 1630
1629 1631 1630
1629 1632 1631
1632 1633 1631
1632 1634 1633
1635 1633 1634
1635 1636 1633
1635 1637 1636
1635 1638 1637
1638 1639 1637
1638 1640 1639
1641 1639 1640
1641 1642 1639
1641 1643 1642
1641 1644 1643
1645 1646 1647
1648 1646 1645
1645 1649 1648
1645 1650 1649
1650 1651 1649
1650 1652 1651
1652 1653 1651
1651 1653 1654
1648 1655 1646
1649 1656 1648
1655 1648 1656
1657 1649 1651
1649 1657 1656
1658 1651 1654
1657 1651 1658
1659 1646 1655
1659 1660 1646
1659 1661 1660
1655 1656 1662
1659 1655 1662
1657 1663 1656
1662 1656 1663
1657 1664 1663
1664 1657 1658
1662 1663 1665
1666 1662 1665
1666 1667 1662
1664 1658 1668
1669 1659 1666
1659 1669 1661
1669 1666 1670
1671 1669 1670
1668 1658 1672
1672 1673 1668
1672 1674 1673
1658 1654 1672
1675 1672 1654
1661 1669 1676
1671 1676 1669
1661 1676 1677
1678 1677 1676
1671 1679 1676
1679 1678 1676
1680 1678 1679
1680 1679 1681
1681 1682 1680
1683 1684 1685
1683 1685 1686
1687 1686 1685
1688 1683 1686
1688 1689 1683
1687 1690 1686
1690 1688 1686
1687 1691 1690
1687 1692 1691
1691 1692 1693
1691 1693 1694
1695 1691 1694
1696 1689 1688
1696 1697 1689
1690 1698 1688
1698 1690 1691
1698 1696 1688
1695 1699 1691
1698 1691 1699
1697 1696 1700
1697 1700 1701
1700 1702 1701
1698 1703 1696
1703 1698 1699
1703 1700 1696
1695 1704 1699
1703 1699 1704
1695 1705 1704
1706 1704 1705
1700 1707 1702
1707 1708 1702
1703 1704 1709
1706 1709 1704
1710 1709 1706
1710 1706 1711
1710 1711 1712
1703 1713 1700
1703 1709 1713
1707 1700 1713
1713 1709 1710
1707 1713 1714
1713 1710 1714
1707 1715 1708
1714 1715 1707
1710 1712 1716
1717 1716 1712
1710 1718 1714
1710 1716 1718
1714 1718 1715
1717 1719 1716
1718 1716 1719
1719 1717 1720
1721 1708 1715
1721 1722 1708
1715 1718 1723
1718 1719 1723
1715 1723 1721
1719 1720 1724
1724 1723 1719
1725 1724 1720
1726 1722 1721
1726 1727 1722
1728 1721 1723
1724 1728 1723
1728 1726 1721
1725 1729 1724
1728 1724 1729
1729 1725 1730
1727 1726 1731
1727 1731 1732
1726 1728 1733
1726 1733 1731
1728 1729 1733
1734 1732 1731
1733 1734 1731
1734 1735 1732
1729 1730 1736
1737 1736 1730
1737 1730 1738
1738 1739 1737
1740 1739 1738
1741 1739 1740
1729 1742 1733
1733 1742 1734
1729 1743 1742
1737 1742 1743
1735 1734 1744
1742 1744 1734
1735 1744 1745
1745 1744 1746
1745 1746 1747
1746 1748 1747
1737 1749 1742
1742 1749 1744
1739 1749 1737
1749 1746 1744
1741 1750 1739
1750 1741 1751
1750 1751 1752
1752 1753 1750
1753 1739 1750
1752 1754 1753
1739 1755 1749
1749 1755 1746
1753 1755 1739
1746 1755 1753
1756 1753 1754
1746 1753 1756
1746 1756 1748
1756 1754 1757
1748 1756 1757
1748 1757 1758
1759 1760 1761
1762 1760 1759
1760 1762 1763
1764 1763 1762
1764 1765 1763
1766 1765 1764
1766 1767 1765
1767 1766 1768
1767 1768 1769
1770 1769 1768
1770 1771 1769
1771 1770 1772
1771 1772 1773
1774 1773 1772
1774 1775 1773
1776 1775 1774
1776 1777 1775
1778 1777 1776
1778 1779 1777
1779 1778 1780
1779 1780 1781
1780 1782 1781
1780 1783 1782
1783 1784 1782
1783 1785 1784
1786 1784 1785
1786 1787 1784
1787 1786 1788
1787 1788 1789
1790 1791 1792
1790 1793 1791
1790 1794 1793
1790 1795 1794
1796 1794 1795
1796 1797 1794
1798 1797 1796
1798 1799 1797
1798 1800 1799
1798 1801 1800
1802 1800 1801
1802 1803 1800
1804 1803 1802
1804 1805 1803
1805 1804 1806
1805 1806 1807
1808 1807 1806
1808 1806 1809
1810 1808 1809
1810 1811 1808
1811 1810 1812
1811 1812 1813
1814 1813 1812
1814 1812 1815
1816 1814 1815
1816 1815 1817
1818 1816 1817
1818 1817 1819
1819 1820 1818
1821 1822 1823
1821 1823 1824
1824 1823 1825
1821 1824 1826
1821 1826 1827
1821 1827 1828
1828 1827 1829
1828 1829 1830
1831 1830 1829
1824 1825 1832
1824 1833 1826
1824 1832 1833
1834 1832 1825
1834 1825 1835
1836 1826 1833
1836 1837 1826
1838 1829 1837
1838 1837 1836
1831 1829 1839
1839 1829 1838
1839 1840 1831
1831 1840 1841
1838 1842 1839
1842 1840 1839
1836 1843 1838
1838 1843 1842
1833 1844 1836
1836 1844 1843
1835 1845 1834
1835 1846 1845
1845 1846 1847
1833 1848 1844
1832 1848 1833
1849 1832 1834
1849 1848 1832
1850 1834 1845
1850 1849 1834
1845 1847 1851
1850 1845 1851
1850 1851 1852
1853 1850 1852
1853 1852 1854
1850 1855 1849
1850 1853 1855
1849 1856 1848
1849 1855 1856
1857 1844 1848
1857 1848 1856
1858 1853 1854
1858 1854 1859
1853 1860 1855
1853 1858 1860
1859 1861 1858
1861 1860 1858
1859 1862 1861
1855 1863 1856
1855 1860 1863
1864 1844 1857
1857 1865 1864
1864 1843 1844
1856 1866 1857
1856 1863 1866
1857 1866 1865
1867 1843 1864
1865 1867 1864
1867 1842 1843
1861 1862 1868
1868 1862 1869
1870 1868 1869
1861 1871 1860
1863 1860 1871
1863 1872 1866
1872 1865 1866
1861 1868 1873
1861 1873 1871
1863 1871 1874
1863 1874 1872
1873 1874 1871
1870 1875 1868
1873 1868 1875
1873 1875 1876
1876 1877 1873
1873 1877 1874
1876 1878 1877
1874 1879 1872
1877 1880 1874
1878 1881 1877
1877 1881 1880
1882 1881 1878
1883 1872 1879
1872 1883 1865
1883 1879 1884
1880 1881 1885
1884 1880 1885
1882 1886 1881
1885 1881 1886
1882 1887 1886
1888 1886 1887
1888 1885 1886
1888 1887 1889
1889 1890 1888
1889 1891 1890
1892 1888 1890
1892 1885 1888
1893 1885 1892
1884 1885 1893
1893 1892 1894
1893 1894 1895
1893 1895 1896
1896 1895 1897
1898 1884 1893
1898 1893 1896
1896 1897 1899
1898 1896 1899
1884 1898 1900
1884 1900 1883
1865 1883 1900
1865 1900 1901
1865 1901 1867
1898 1902 1900
1902 1901 1900
1901 1903 1867
1903 1842 1867
1897 1904 1899
1897 1905 1904
1906 1904 1905
1906 1907 1904
1908 1904 1907
1908 1909 1904
1904 1909 1899
1898 1899 1910
1898 1910 1902
1899 1909 1910
1902 1911 1901
1911 1903 1901
1902 1910 1912
1912 1910 1909
1911 1902 1912
1912 1909 1913
1913 1909 1914
1915 1912 1913
1911 1912 1915
1915 1913 1916
1911 1917 1903
1917 1911 1915
1918 1915 1916
1917 1915 1918
1918 1916 1919
1920 1903 1917
1903 1920 1842
1842 1920 1840
1921 1917 1918
1920 1917 1921
1920 1922 1840
1920 1921 1922
1840 1922 1841
1921 1918 1923
1922 1921 1923
1923 1918 1924
1923 1924 1925
1841 1922 1926
1922 1923 1926
1926 1923 1927
1926 1927 1928
1841 1926 1929
1929 1926 1930
1929 1930 1931
1932 1933 1934
1932 1934 1935
1934 1936 1935
1934 1937 1936
1935 1938 1932
1936 1937 1939
1935 1940 1938
1936 1940 1935
1938 1940 1941
1936 1939 1942
1942 1939 1943
1943 1939 1944
1945 1936 1942
1945 1942 1943
1943 1944 1946
1946 1944 1947
1936 1948 1940
1945 1948 1936
1945 1943 1949
1946 1949 1943
1950 1948 1945
1949 1950 1945
1940 1948 1951
1950 1951 1948
1947 1952 1946
1953 1952 1947
1954 1946 1952
1955 1954 1952
1954 1956 1946
1946 1956 1949
1956 1957 1949
1956 1954 1958
1956 1958 1957
1957 1958 1959
1940 1951 1960
1961 1940 1960
1957 1962 1949
1949 1962 1950
1963 1957 1959
1963 1959 1964
1964 1965 1963
1963 1965 1966
1967 1966 1965
1968 1957 1963
1969 1968 1963
1970 1969 1967
1970 1971 1966
1969 1971 1968
1971 1972 1968
1968 1973 1957
1972 1973 1968
1973 1974 1957
1975 1962 1973
1972 1975 1973
1976 1970 1967
1976 1967 1977
1978 1970 1976
1970 1979 1971
1978 1979 1970
1979 1980 1971
1971 1980 1972
1979 1978 1980
1975 1981 1962
1981 1950 1962
1982 1975 1972
1981 1975 1982
1981 1983 1950
1983 1951 1950
1983 1984 1951
1960 1951 1984
1960 1984 1985
1985 1941 1960
1986 1941 1985
1985 1987 1986
1988 1984 1983
1985 1984 1988
1989 1983 1981
1988 1983 1989
1990 1987 1985
1985 1988 1990
1991 1987 1990
1988 1991 1990
1991 1992 1987
1993 1992 1991
1989 1981 1994
1989 1994 1995
1981 1982 1994
1994 1982 1996
1995 1994 1996
1997 1988 1989
1988 1997 1991
1993 1991 1998
1998 1999 1993
1998 2000 1999
1991 2001 1998
2001 2000 1998
1991 1997 2001
2001 2002 2000
2003 2002 2001
1997 1989 2004
1989 1995 2004
1997 2005 2001
1997 2004 2005
2003 2001 2005
2005 2004 1995
2005 2006 2003
2005 1995 2006
2003 2006 2007
2007 2006 2008
2009 2006 1995
2008 2006 2009
2009 1995 2010
2010 1995 1996
2009 2011 2008
2008 2011 2012
2011 2009 2013
2013 2009 2010
2011 2013 2014
2015 2013 2010
2015 2010 1996
2015 1996 2016
1996 2017 2016
2018 2017 1996
2017 2018 2019
1996 2020 2018
1996 1982 2020
1982 1972 2020
2019 2018 2021
2020 2021 2018
2021 2022 2019
1972 2023 2020
2020 2023 2021
1972 1980 2023
2024 2022 2021
2023 2024 2021
1980 2025 2023
2023 2025 2024
1980 1978 2025
1978 2024 2025
1978 2026 2024
2026 2022 2024
2026 2027 2022
2028 2029 2030
2028 2030 2031
2032 2033 2034
2032 2035 2033
2035 2032 2036
2035 2036 2037
2038 2039 2040
2038 2041 2039
2042 2039 2041
2042 2041 2043
2042 2043 2044
2042 2044 2045
2046 2045 2044
2047 2048 2049
2047 2050 2048
2050 2047 2051
2052 2053 2054
2052 2055 2053
2055 2056 2053
2052 2057 2055
2052 2058 2057
2052 2059 2058
2059 2060 2058
2059 2061 2060
2062 2060 2061
2055 2063 2056
2055 2057 2064
2055 2064 2063
2065 2056 2063
2065 2066 2056
2067 2064 2057
2067 2057 2068
2069 2068 2060
2069 2067 2068
2062 2070 2060
2070 2069 2060
2070 2062 2071
2062 2072 2071
2069 2070 2073
2073 2070 2071
2067 2069 2074
2069 2073 2074
2064 2067 2075
2067 2074 2075
2066 2065 2076
2066 2076 2077
2076 1847 2077
2076 2078 1847
2079 2078 2076
2079 2076 2065
2079 2080 2078
2064 2075 2081
2063 2064 2081
2082 2065 2063
2079 2065 2082
2082 2063 2081
2083 2080 2079
2083 2084 2080
2079 2082 2085
2079 2085 2083
2082 2081 2086
2082 2086 2085
2087 2081 2075
2087 2086 2081
2088 2084 2083
2088 2089 2084
2083 2085 2090
2083 2090 2088
2089 2088 2091
2091 2088 2090
2089 2091 2092
2085 2086 2093
2085 2093 2090
2094 2087 2075
2087 2094 2095
2094 2075 2074
2086 2087 2096
2086 2096 2093
2087 2095 2096
2097 2094 2074
2095 2094 2097
2097 2074 2073
2091 2090 2098
2093 2098 2090
2091 2099 2092
2099 2100 2092
1870 2100 2099
1870 2099 2101
2091 2102 2099
2102 2101 2099
2091 2098 2102
2102 2103 2101
2093 2104 2098
2102 2098 2104
2103 2102 2105
2102 2104 2105
2103 2105 2106
2093 2107 2104
2093 2096 2107
2107 2096 2095
2104 2107 2108
2105 2104 2109
2106 2105 2110
2105 2109 2110
2111 2106 2110
2112 2108 2107
2107 2095 2112
2112 2113 2108
2109 2114 2110
2113 2114 2109
2111 2110 2115
2114 2115 2110
2111 2115 2116
2117 2116 2115
2117 2115 2114
2117 2118 2116
2118 2117 2119
2118 2119 2120
2121 2119 2117
2121 2117 2114
2122 2121 2114
2113 2122 2114
2122 2123 2121
2122 2124 2123
2122 2125 2124
2125 2126 2124
2127 2122 2113
2127 2125 2122
2125 2128 2126
2127 2128 2125
2113 2129 2127
2113 2112 2129
2095 2129 2112
2095 2130 2129
2095 2097 2130
2127 2129 2131
2131 2129 2130
2130 2097 2132
2132 2097 2073
2126 2128 2133
2126 2133 2134
2135 2134 2133
2135 2133 2136
2137 2136 2133
2137 2133 2138
2133 2128 2138
2127 2139 2128
2127 2131 2139
2128 2139 2138
2131 2130 2140
2140 2130 2132
2131 2141 2139
2141 2138 2139
2140 2141 2131
2132 2073 2142
2073 2071 2142
2141 2143 2138
2143 2144 2138
2145 2143 2141
2140 2145 2141
2145 2146 2143
2140 2132 2147
2147 2145 2140
2142 2147 2132
2148 2146 2145
2147 2148 2145
2148 2149 2146
2142 2071 2150
2071 2072 2150
2142 2151 2147
2151 2148 2147
2142 2150 2151
2151 2152 2148
2150 2152 2151
2152 2153 2148
2152 2154 2153
2072 2155 2150
2150 2155 2152
2155 2156 2152
2155 2157 2156
2072 2158 2155
2158 2159 2155
2158 2160 2159
2161 2162 2163
2161 2164 2162
2162 2164 2165
2162 2165 2166
2164 2161 2167
2165 2168 2166
2164 2167 2169
2165 2164 2169
2167 2170 2169
2165 2171 2168
2171 2172 2168
2172 2173 2168
2174 2171 2165
2174 2172 2171
2172 2175 2173
2175 2176 2173
2165 2169 2177
2174 2165 2177
2174 2178 2172
2175 2172 2178
2179 2174 2177
2178 2174 2179
2169 2180 2177
2179 2177 2180
2176 2175 2181
2182 2176 2181
2183 2181 2175
2184 2181 2183
2183 2175 2185
2175 2178 2185
2185 2178 2186
2185 2187 2183
2185 2186 2187
2186 2188 2187
2169 2189 2180
2190 2189 2169
2186 2178 2191
2178 2179 2191
2192 2188 2186
2192 2193 2188
2193 2192 2194
2192 2195 2194
2196 2194 2195
2197 2192 2186
2198 2192 2197
2199 2196 2198
2199 2195 2200
2198 2197 2200
2200 2197 2201
2197 2186 2202
2201 2197 2202
2202 2186 2203
2204 2202 2191
2201 2202 2204
2205 2196 2199
2205 2206 2196
2207 2205 2199
2199 2200 2208
2207 2199 2208
2208 2200 2209
2200 2201 2209
2208 2209 2207
2204 2191 2210
2210 2191 2179
2211 2201 2204
2210 2211 2204
2210 2179 2212
2212 2179 2180
2212 2180 2213
2189 2213 2180
2189 2214 2213
2214 2189 2170
2215 2214 2170
2214 2215 2216
2217 2212 2213
2214 2217 2213
2218 2210 2212
2217 2218 2212
2219 2214 2216
2214 2219 2217
2220 2219 2216
2217 2219 2220
2220 2216 2221
2222 2220 2221
2218 2223 2210
2218 2224 2223
2210 2223 2211
2223 2225 2211
2224 2225 2223
2226 2218 2217
2217 2220 2226
2222 2227 2220
2227 2222 2228
2227 2228 2229
2220 2227 2230
2230 2227 2229
2220 2230 2226
2230 2229 2231
2232 2230 2231
2226 2233 2218
2218 2233 2224
2226 2230 2234
2226 2234 2233
2232 2234 2230
2234 2224 2233
2234 2232 2235
2234 2235 2224
2232 2236 2235
2236 2237 2235
2238 2224 2235
2237 2238 2235
2238 2239 2224
2239 2225 2224
2238 2237 2240
2237 2241 2240
2240 2242 2238
2242 2239 2238
2240 2243 2242
2244 2239 2242
2244 2225 2239
2244 2245 2225
2225 2245 2246
2247 2225 2246
2246 2248 2247
2225 2247 2249
2225 2249 2211
2211 2249 2201
2248 2250 2247
2249 2247 2250
2250 2248 2251
2201 2249 2252
2249 2250 2252
2201 2252 2209
2253 2250 2251
2252 2250 2253
2209 2252 2254
2252 2253 2254
2209 2254 2207
2207 2254 2253
2207 2253 2255
2255 2253 2251
2255 2251 2256
2257 2258 2259
2257 2259 2260
2261 2262 2263
2261 2263 2264
2264 2265 2261
2264 2266 2265
2267 2268 2269
2267 2269 2270
2271 2270 2269
2271 2272 2270
2271 2273 2272
2271 2274 2273
2275 2273 2274
2276 2277 2278
2276 2278 2279
2279 2280 2276
2281 2282 2283
2281 2283 2284
2285 2286 2287
2285 2287 2288
2289 2285 2288
2289 2288 2290
2291 2289 2290
2291 2290 2292
2291 2292 2293
2291 2293 2294
2294 2293 2295
2295 2293 2296
2296 2297 2295
2297 2296 2298
2295 2297 2299
2297 2300 2299
2300 2301 2299
2302 2301 2300
2303 2297 2298
2303 2300 2297
2303 2298 2304
2303 2305 2300
2303 2306 2305
2303 2307 2306
2305 2306 2308
2308 2309 2305
2309 2308 2310
2309 2311 2305
2305 2311 2300
2300 2311 2312
2313 2300 2312
2314 2309 2310
2315 2314 2310
2315 2310 2316
2315 2316 2317
2315 2317 2318
2318 2317 2319
2318 2319 2320
2320 2319 2321
2320 2321 2322
2323 2324 2325
2323 2325 2326
2327 2325 2328
2327 2328 2329
2330 2331 2332
2330 2332 2333
2334 2335 2336
2334 2337 2335
2338 2337 2334
2339 2337 2338
2340 2337 2339
2341 2340 2339
2341 2342 2340
2340 2342 2343
2343 2342 2344
2344 2345 2343
2346 2343 2345
2347 2343 2346
2346 2348 2347
2349 2350 2351
2349 2351 2352
2353 2354 2355
2353 2356 2354
2357 2356 2358
2357 2359 2356
2360 2359 2357
2360 2361 2359
2362 2363 2364
2362 2364 2365
2366 2367 2368
2366 2368 2369
2370 2371 2372
2370 2372 2373
2374 2375 2376
2374 2376 2377
2378 2379 2376
2378 2380 2379
2381 2382 2383
2381 2383 2384
2385 2386 2387
2385 2387 2388
2389 2385 2388
2390 2389 2388
2391 2390 2388
2392 2390 2391
2392 2391 2393
2391 2394 2393
2394 2395 2393
2395 2394 2396
2397 2396 2394
2398 2397 2394
2397 2398 2399
2400 2401 2402
2400 2402 2403
2404 2405 2406
2404 2406 2407
2408 2409 2407
2408 2407 2410
2411 2408 2410
2411 2410 2412
2413 2414 2415
2413 2415 2416
2417 2418 2419
2417 2419 2420
2421 2422 2423
2423 2422 2424
2423 2424 2425
2424 2426 2425
2426 2427 2425
2426 2428 2427
2426 2424 2429
2430 2428 2426
2426 2429 2430
2424 2422 2431
2424 2431 2429
2432 2428 2430
2433 2428 2432
2432 2434 2433
2433 2434 2435
2435 2434 2436
2437 2434 2432
2436 2434 2437
2438 2432 2430
2437 2432 2438
2429 2439 2430
2430 2439 2438
2436 2437 2440
2441 2436 2440
2437 2442 2440
2438 2443 2437
2443 2442 2437
2439 2443 2438
2444 2442 2443
2444 2443 2439
2444 2445 2442
2429 2446 2439
2444 2439 2446
2429 2431 2446
2447 2444 2446
2448 2444 2447
2448 2449 2444
2450 2446 2431
2447 2446 2450
2450 2431 2451
2431 2452 2451
2431 2422 2452
2422 2453 2452
2454 2453 2422
2453 2455 2452
2456 2452 2455
2456 2451 2452
2457 2456 2455
2458 2456 2457
2451 2459 2450
2456 2459 2451
2460 2456 2458
2459 2456 2460
2460 2458 2461
2450 2459 2462
2462 2459 2460
2450 2462 2447
2447 2462 2463
2462 2460 2463
2447 2463 2464
2464 2463 2465
2466 2460 2461
2463 2460 2466
2465 2463 2466
2466 2461 2467
2466 2467 2468
2465 2466 2468
2465 2468 2469
2469 2468 2470
2468 2471 2470
2468 2472 2471
2473 2472 2468
2474 2472 2473
2475 2474 2473
2475 2476 2474
2475 2477 2476
2478 2477 2475
2479 2480 2481
2479 2481 2482
2479 2482 2483
2483 2482 2484
2485 2484 2482
2486 2487 2488
2489 2487 2486
2489 2490 2487
2489 2491 2490
2486 2492 2489
2493 2492 2486
2492 2493 2494
2494 2493 2495
2494 2495 2496
2494 2496 2497
2496 2498 2497
2499 2491 2489
2489 2492 2500
2489 2500 2499
2492 2494 2501
2492 2501 2500
2494 2497 2502
2494 2502 2501
2503 2491 2499
2504 2491 2503
2503 2505 2504
2497 2498 2506
2507 2506 2498
2507 2498 2508
2509 2506 2507
2509 2510 2506
2497 2506 2511
2506 2510 2511
2497 2511 2502
2511 2510 2512
2512 2510 2513
2502 2511 2514
2511 2512 2514
2513 2515 2512
2513 2516 2515
2512 2515 2517
2514 2512 2517
2518 2515 2516
2518 2517 2515
2518 2516 2519
2520 2518 2519
2521 2517 2518
2514 2517 2521
2522 2518 2520
2522 2521 2518
2520 2523 2522
2502 2514 2524
2501 2502 2524
2522 2523 2525
2526 2525 2523
2524 2514 2527
2527 2514 2521
2501 2524 2528
2528 2524 2527
2500 2501 2528
2522 2529 2521
2522 2525 2529
2530 2525 2526
2526 2531 2530
2500 2528 2532
2499 2500 2532
2533 2521 2529
2533 2527 2521
2529 2525 2534
2530 2534 2525
2529 2534 2533
2534 2535 2533
2535 2534 2530
2528 2527 2536
2532 2528 2536
2537 2527 2533
2536 2527 2537
2533 2535 2537
2499 2532 2538
2499 2538 2503
2532 2536 2539
2537 2539 2536
2532 2539 2538
2538 2539 2540
2541 2539 2537
2537 2535 2541
2541 2540 2539
2503 2538 2542
2542 2538 2540
2542 2543 2503
2543 2542 2540
2503 2543 2505
2505 2543 2544
2543 2540 2544
2505 2544 2545
2544 2546 2545
2547 2546 2544
2540 2547 2544
2546 2547 2548
2549 2540 2541
2540 2549 2547
2548 2547 2550
2547 2549 2550
2548 2550 2551
2549 2541 2552
2549 2552 2550
2541 2535 2552
2551 2550 2553
2550 2552 2553
2553 2552 2535
2554 2551 2553
2555 2554 2553
2556 2554 2555
2556 2555 2557
2557 2555 2558
2553 2535 2559
2555 2553 2559
2535 2530 2559
2559 2530 2555
2560 2555 2530
2561 2555 2560
2562 2555 2561
2555 2562 2563
2564 2565 2566
2566 2567 2564
2567 2566 2568
2569 2567 2568
2569 2570 2567
2571 2567 2570
2564 2567 2572
2572 2573 2564
2564 2573 2574
2574 2573 2575
2575 2573 2576
2575 2576 2577
2577 2576 2578
2576 2579 2578
2578 2579 2580
2581 2576 2573
2579 2576 2581
2581 2573 2582
2582 2573 2572
2583 2579 2581
2582 2583 2581
2579 2584 2580
2580 2584 2585
2580 2585 2586
2586 2585 2587
2583 2588 2579
2579 2588 2584
2589 2583 2582
2589 2588 2583
2590 2585 2584
2588 2590 2584
2588 2591 2590
2588 2592 2591
2589 2592 2588
2593 2585 2590
2593 2594 2585
2592 2589 2595
2585 2594 2596
2596 2587 2585
2594 2597 2596
2596 2597 2598
2597 2599 2598
2599 2600 2598
2596 2601 2587
2602 2587 2601
2598 2600 2603
2603 2600 2604
2598 2603 2605
2606 2598 2605
2607 2596 2598
2606 2607 2598
2601 2596 2607
2608 2607 2606
2601 2609 2602
2607 2609 2601
2609 2607 2608
2609 2610 2602
2610 2609 2611
2608 2611 2609
2612 2611 2608
2613 2614 2615
2613 2616 2614
2614 2616 2617
2618 2616 2613
2617 2616 2619
2617 2619 2620
2621 2616 2618
2619 2616 2621
2620 2619 2622
2620 2622 2623
2622 2624 2623
2621 2618 2625
2625 2618 2626
2627 2625 2626
2626 2628 2627
2627 2628 2629
2627 2629 2630
2631 2627 2630
2632 2625 2627
2631 2632 2627
2633 2632 2631
2625 2634 2621
2634 2632 2633
2632 2634 2635
2636 2634 2633
2636 2637 2634
2621 2634 2637
2638 2637 2636
2621 2637 2639
2619 2621 2639
2638 2640 2637
2639 2637 2640
2639 2641 2619
2639 2640 2641
2619 2641 2622
2641 2642 2622
2622 2642 2624
2643 2624 2642
2644 2624 2643
2643 2642 2645
2646 2642 2641
2646 2645 2642
2640 2646 2641
2638 2647 2640
2638 2648 2647
2648 2649 2647
2650 2645 2646
2651 2645 2650
2652 2646 2640
2640 2647 2652
2646 2652 2650
2647 2649 2653
2653 2652 2647
2650 2652 2653
2654 2653 2649
2650 2655 2651
2653 2655 2650
2654 2655 2653
2655 2656 2651
2655 2654 2657
2658 2656 2655
2655 2657 2658
2659 2660 2661
2659 2662 2660
2662 2659 2663
2664 2660 2662
2665 2660 2664
2662 2663 2666
2664 2662 2666
2667 2666 2663
2668 2665 2664
2668 2669 2665
2670 2669 2668
2670 2671 2669
2671 2670 2672
2672 2670 2673
2674 2672 2673
2674 2673 2675
2676 2670 2668
2673 2670 2676
2675 2673 2677
2673 2676 2677
2675 2677 2678
2677 2679 2678
2680 2668 2664
2676 2668 2680
2680 2664 2681
2664 2666 2681
2682 2681 2666
2667 2682 2666
2683 2680 2681
2682 2683 2681
2684 2676 2680
2683 2684 2680
2685 2677 2676
2684 2685 2676
2677 2686 2679
2685 2686 2677
2687 2684 2683
2687 2683 2682
2688 2682 2667
2667 2689 2688
2690 2688 2689
2686 2691 2679
2691 2692 2679
2693 2692 2691
2694 2682 2688
2687 2682 2694
2695 2688 2690
2695 2694 2688
2687 2696 2684
2696 2685 2684
2685 2697 2686
2697 2691 2686
2685 2698 2697
2696 2698 2685
2691 2697 2699
2699 2697 2698
2693 2691 2700
2691 2699 2700
2701 2698 2696
2699 2698 2701
2702 2696 2687
2701 2696 2702
2703 2687 2694
2702 2687 2703
2700 2704 2693
2704 2705 2693
2700 2706 2704
2700 2699 2706
2704 2706 2707
2706 2699 2708
2708 2707 2706
2699 2701 2708
2709 2707 2708
2709 2708 2710
2708 2701 2711
2710 2708 2711
2702 2711 2701
2710 2711 2712
2712 2711 2713
2702 2714 2711
2713 2711 2714
2703 2714 2702
2714 2715 2713
2703 2715 2714
2713 2715 2716
2715 2717 2716
2718 2717 2715
2703 2718 2715
2718 2719 2717
2703 2720 2718
2703 2694 2720
2695 2720 2694
2695 2718 2720
2718 2721 2719
2695 2721 2718
2719 2721 2722
2722 2721 2723
2695 2723 2721
2695 2690 2723
2724 2723 2690
2725 2726 2727
2728 2725 2727
2729 2725 2728
2730 2725 2729
2731 2725 2730
2732 2725 2731
2733 2725 2732
2734 2735 2733
2736 2735 2734
2737 2735 2736
2738 2735 2737
2739 2735 2738
2740 2735 2739
2735 2740 2741
2742 2743 2744
2744 2743 2745
2745 2743 2746
2747 2743 2748
2748 2743 2749
2749 2743 2750
2751 2752 2753
2753 2752 2754
2754 2752 2755
2754 2755 2756
2755 2757 2758
2759 2757 2755
2760 2757 2759
2761 2762 2595
2595 2763 2761
2764 2761 2763
2765 2763 2595
2595 2589 2765
2589 2582 2765
2765 2582 2766
2766 2763 2765
2572 2766 2582
2764 2763 2767
2767 2768 2764
2769 2766 2572
2567 2769 2572
2766 2770 2763
2763 2771 2767
2763 2770 2771
2772 2768 2767
2767 2771 2772
2766 2773 2770
2769 2773 2766
2768 2772 2774
2768 2774 2775
2772 2776 2774
2772 2777 2776
2772 2771 2777
2778 2771 2770
2770 2773 2778
2779 2776 2777
2780 2776 2779
2781 2780 2779
2781 2782 2780
2783 2782 2781
2777 2771 2784
2778 2784 2771
2777 2784 2779
2785 2784 2778
2779 2784 2785
2773 2786 2778
2787 2778 2786
2787 2788 2779
2779 2788 2781
2787 2789 2788
2786 2789 2787
2786 2790 2789
2791 2786 2773
2791 2790 2786
2791 2773 2769
2791 2769 2792
2792 2790 2791
2567 2792 2769
2792 2567 2793
2793 2790 2792
2793 2567 2571
2571 2790 2793
2788 2789 2794
2781 2788 2794
2789 2790 2795
2795 2794 2789
2790 2571 2796
2790 2796 2795
2795 2796 2797
2798 2781 2794
2798 2794 2795
2796 2571 2799
2799 2571 2800
2801 2796 2799
2797 2796 2801
2802 2799 2800
2801 2799 2802
2803 2802 2800
2803 2800 2569
2803 2804 2802
2804 2801 2802
2803 2805 2804
2805 2806 2804
2805 2807 2806
2807 2808 2806
2806 2808 2809
2810 2801 2804
2804 2806 2810
2809 2811 2806
2810 2806 2811
2812 2811 2809
2809 2813 2812
2812 2814 2811
2810 2811 2814
2815 2812 2813
2812 2815 2814
2815 2813 2816
2810 2817 2801
2797 2801 2817
2810 2814 2818
2810 2818 2817
2819 2814 2815
2819 2818 2814
2820 2817 2818
2819 2820 2818
2819 2815 2821
2815 2816 2821
2821 2816 2822
2823 2821 2822
2821 2824 2819
2820 2819 2824
2825 2824 2821
2823 2825 2821
2820 2824 2826
2820 2827 2817
2827 2820 2826
2797 2817 2827
2822 2816 2828
2816 2829 2828
2828 2829 2830
2831 2830 2829
2832 2830 2831
2831 2833 2832
2832 2833 2834
2832 2834 2835
2836 2830 2832
2835 2836 2832
2836 2828 2830
2837 2836 2835
2838 2836 2837
2838 2837 2839
2836 2840 2828
2840 2822 2828
2839 2841 2840
2840 2841 2822
2839 2842 2841
2842 2843 2841
2841 2843 2844
2841 2844 2822
2845 2822 2844
2823 2822 2845
2823 2845 2846
2847 2823 2846
2848 2847 2849
2850 2848 2849
2850 2849 2851
2852 2850 2851
2853 2852 2851
2854 2852 2853
2854 2853 2855
2856 2854 2855
2849 2857 2851
2849 2858 2857
2851 2857 2859
2856 2855 2860
2861 2856 2860
2861 2860 2862
2863 2861 2862
2864 2863 2862
2865 2863 2864
2849 2866 2858
2849 2867 2866
2868 2867 2849
2866 2869 2858
2870 2858 2869
2870 2869 2871
2872 2870 2871
2873 2870 2872
2873 2874 2870
2874 2858 2870
2874 2875 2858
2876 2875 2874
2858 2875 2877
2857 2858 2877
2877 2875 2878
2875 2879 2878
2876 2879 2875
2880 2878 2879
2881 2880 2879
2876 2881 2879
2880 2881 2882
2881 2883 2882
2881 2884 2883
2884 2881 2876
2885 2884 2876
2886 2873 2885
2886 2885 2876
2887 2857 2877
2887 2877 2888
2889 2857 2887
2857 2889 2859
2887 2888 2890
2891 2890 2888
2890 2892 2887
2889 2887 2892
2893 2859 2889
2893 2855 2859
2890 2891 2894
2890 2894 2892
2889 2892 2895
2889 2895 2893
2896 2855 2893
2896 2860 2855
2891 2897 2894
2897 2891 2898
2899 2897 2898
2900 2897 2899
2901 2892 2894
2901 2895 2892
2901 2894 2897
2893 2895 2902
2893 2902 2896
2901 2902 2895
2903 2896 2902
2896 2904 2860
2903 2904 2896
2904 2862 2860
2900 2905 2897
2905 2901 2897
2906 2905 2900
2901 2907 2902
2901 2905 2907
2903 2902 2907
2904 2908 2862
2908 2904 2903
2908 2864 2862
2906 2909 2905
2905 2909 2907
2906 2910 2909
2906 2911 2910
2909 2910 2912
2907 2909 2912
2912 2910 2913
2907 2912 2914
2903 2907 2914
2914 2912 2913
2915 2914 2913
2916 2903 2914
2915 2916 2914
2908 2903 2917
2916 2917 2903
2918 2864 2908
2908 2917 2919
2918 2908 2919
2919 2917 2920
2917 2916 2920
2918 2921 2864
2865 2864 2921
2922 2865 2921
2922 2923 2865
2921 2924 2922
2921 2918 2924
2918 2925 2924
2919 2926 2918
2918 2926 2925
2926 2919 2920
2925 2926 2927
2927 2926 2920
2927 2920 2928
2925 2927 2929
2929 2927 2928
2929 2928 2930
2928 2931 2930
2920 2932 2928
2920 2916 2932
2928 2933 2931
2931 2933 2934
2916 2935 2932
2935 2916 2915
2928 2932 2936
2933 2928 2936
2936 2932 2935
2937 2936 2935
2937 2933 2936
2938 2937 2935
2938 2935 2915
2937 2938 2939
2933 2940 2934
2940 2933 2941
2933 2942 2941
2942 2939 2941
2943 2934 2940
2943 2944 2934
2940 2941 2945
2939 2945 2941
2943 2940 2945
2946 2944 2943
2946 2947 2944
2943 2948 2946
2948 2943 2945
2949 2948 2945
2948 2950 2946
2950 2948 2949
2950 2949 2951
2939 2952 2945
2949 2945 2952
2952 2939 2953
2953 2939 2938
2954 2951 2949
2951 2954 2955
2956 2949 2952
2956 2952 2953
2957 2953 2938
2957 2938 2915
2958 2954 2949
2956 2958 2949
2957 2959 2953
2959 2956 2953
2960 2957 2915
2957 2960 2959
2961 2959 2960
2961 2962 2959
2959 2962 2956
2960 2963 2961
2963 2960 2915
2913 2963 2915
2963 2913 2961
2913 2964 2961
2911 2961 2964
2911 2965 2961
2961 2965 2966
2966 2967 2961
2967 2962 2961
2967 2966 2968
2962 2969 2956
2958 2956 2969
2962 2967 2970
2969 2962 2970
2967 2971 2970
2971 2972 2970
2972 2973 2970
2972 2974 2973
2974 2975 2973
2976 2970 2973
2976 2969 2970
2973 2975 2977
2977 2976 2973
2975 2978 2977
2979 2958 2969
2954 2958 2979
2980 2954 2979
2969 2976 2981
2979 2969 2981
2981 2976 2977
2979 2982 2980
2979 2981 2982
2981 2977 2982
2982 2983 2980
2982 2984 2983
2977 2985 2982
2977 2978 2985
2982 2985 2984
2978 2986 2985
2984 2985 2986
2978 2987 2986
2988 2984 2986
2988 2986 2989
2987 2990 2986
2986 2991 2989
2991 2986 2990
2989 2991 2992
2991 2993 2992
2992 2993 2994
2994 2993 2995
2991 2990 2996
2997 2996 2990
2993 2998 2995
2998 2999 2995
2993 3000 2998
3001 3000 2993
3002 2993 2991
3001 2993 3002
2996 3002 2991
3003 3001 3002
2996 2997 3004
3002 2996 3004
3004 3003 3002
3004 2997 3005
3005 3006 3004
3003 3004 3006
3007 3003 3006
3008 3009 3010
3008 3011 3009
3011 3008 3012
3009 3011 3013
3009 3013 3014
3011 3012 3015
3015 3013 3011
3015 3012 3016
3013 3017 3014
3014 3017 3018
3015 3019 3013
3019 3017 3013
3018 3017 3020
3018 3020 3021
3022 3017 3019
3022 3020 3017
3021 3020 2826
3021 2826 3023
2827 2826 3020
2827 3020 3022
3023 2826 3024
3023 3024 3025
3024 2825 3025
3025 2825 3026
3026 2825 2823
3026 2823 3027
3027 2823 2868
2797 2827 3022
3019 2797 3022
3019 3028 2797
2795 2797 3028
3028 2798 2795
3019 3029 3028
3029 2798 3028
3015 3029 3019
3029 3015 3030
3030 2798 3029
3015 3016 3030
3031 2798 3030
3016 3031 3030
3031 2781 2798
3016 2783 3031
2783 2781 3031
3032 3033 3034
3035 3033 3032
3036 3033 3035
3036 3035 3037
3037 3038 3036
3037 3039 3038
3040 3041 3042
3040 3042 3043
3044 3045 3046
3044 3046 3047
3048 3049 3050
3048 3051 3049
3052 3053 3054
3053 3055 3054
3053 3056 3055
3055 3056 3057
3057 3056 3058
3057 3058 3059
3057 3060 3055
3061 3057 3059
3057 3061 3060
3055 3062 3054
3055 3060 3062
3063 3061 3059
3064 3063 3059
3063 3064 3065
3064 3066 3065
3066 3067 3065
3068 3063 3065
3067 3068 3065
3069 3061 3063
3068 3069 3063
3060 3061 3070
3061 3069 3070
3067 3071 3068
3072 3071 3067
3068 3071 3073
3069 3068 3074
3074 3068 3073
3070 3069 3074
3075 3074 3073
3075 3070 3074
3075 3073 3076
3060 3070 3077
3075 3077 3070
3060 3077 3062
3078 3077 3075
3079 3078 3075
3079 3075 3080
3081 3062 3077
3078 3081 3077
3081 3082 3062
3062 3082 3083
3062 3083 3054
3054 3083 3084
3085 3054 3084
3084 3083 3086
3087 3086 3083
3087 3083 3082
3088 3086 3087
3089 3088 3087
3082 3081 3090
3087 3082 3090
3091 3089 3087
3090 3091 3087
3091 3092 3089
3081 3093 3090
3093 3091 3090
3081 3078 3093
3078 3094 3093
3093 3094 3091
3078 3095 3094
3095 3096 3094
3097 3092 3091
3094 3097 3091
3096 3097 3094
3097 3098 3092
3097 3099 3098
3096 3099 3097
3096 3100 3099
3100 3101 3099
3099 3101 3102
3099 3102 3103
3104 3099 3103
3105 3104 3103
3106 3104 3105
3106 3105 3107
3106 3107 3108
3109 3106 3108
3110 3111 3112
3110 3113 3111
3110 3114 3113
3114 3115 3113
3116 3113 3115
3117 3118 3119
3120 3117 3119
3120 3119 3121
3120 3121 3122
3117 3120 3123
3124 3117 3123
3123 3125 3124
3125 3126 3124
3125 3127 3126
3125 3128 3127
3127 3128 3129
3130 3120 3122
3120 3131 3123
3120 3130 3131
3123 3132 3125
3123 3131 3132
3125 3133 3128
3125 3132 3133
3134 3130 3122
3135 3134 3122
3134 3135 3136
3128 3137 3129
3138 3129 3137
3138 3139 3129
3140 3138 3137
3140 3137 3141
3128 3142 3137
3137 3142 3141
3128 3133 3142
3142 3143 3141
3143 3144 3141
3133 3145 3142
3142 3145 3143
3144 3143 3146
3144 3146 3147
3143 3148 3146
3145 3148 3143
3149 3147 3146
3149 3146 3148
3149 3150 3147
3151 3150 3149
3152 3149 3148
3145 3152 3148
3153 3151 3149
3153 3149 3152
3151 3153 3154
3133 3155 3145
3132 3155 3133
3153 3156 3154
3157 3154 3156
3155 3158 3145
3158 3152 3145
3132 3159 3155
3159 3158 3155
3131 3159 3132
3153 3152 3160
3153 3160 3156
3161 3157 3156
3157 3161 3162
3131 3163 3159
3130 3163 3131
3164 3160 3152
3164 3152 3158
3160 3165 3156
3161 3156 3165
3160 3164 3165
3165 3164 3166
3166 3161 3165
3159 3167 3158
3163 3167 3159
3168 3164 3158
3167 3168 3158
3164 3168 3166
3130 3169 3163
3130 3134 3169
3163 3170 3167
3168 3167 3170
3163 3169 3170
3169 3171 3170
3172 3168 3170
3168 3172 3166
3172 3170 3171
3134 3173 3169
3173 3171 3169
3173 3134 3174
3174 3171 3173
3134 3136 3174
3136 3175 3174
3174 3175 3171
3136 3176 3175
3175 3176 3177
3178 3175 3177
3171 3175 3178
3177 3179 3178
3180 3172 3171
3171 3178 3180
3179 3181 3178
3178 3181 3180
3179 3182 3181
3180 3183 3172
3180 3181 3183
3172 3183 3166
3182 3184 3181
3181 3184 3183
3184 3166 3183
3185 3184 3182
3186 3184 3185
3187 3186 3185
3187 3188 3186
3188 3189 3186
3184 3190 3166
3186 3190 3184
3166 3190 3161
3190 3186 3161
3191 3161 3186
3192 3191 3186
3193 3192 3186
3186 3194 3193
3195 3196 3197
3195 3197 3198
3197 3199 3198
3200 3195 3198
3199 3201 3198
3199 3202 3201
3203 3200 3198
3201 3203 3198
3202 3204 3201
3202 3205 3204
3204 3205 3206
3203 3207 3200
3207 3208 3200
3209 3208 3207
3208 3209 3210
3209 3211 3210
3209 3212 3211
3213 3212 3209
3214 3209 3207
3213 3209 3214
3215 3213 3214
3207 3203 3216
3216 3215 3214
3214 3217 3216
3218 3215 3216
3218 3216 3219
3203 3219 3216
3220 3218 3219
3203 3221 3219
3201 3221 3203
3220 3219 3222
3221 3222 3219
3221 3201 3223
3221 3223 3222
3201 3204 3223
3223 3204 3224
3204 3206 3224
3225 3224 3206
3226 3225 3206
3225 3227 3224
3228 3223 3224
3228 3224 3227
3222 3223 3228
3220 3222 3229
3220 3229 3230
3230 3229 3231
3232 3228 3227
3233 3232 3227
3234 3222 3228
3222 3234 3229
3228 3232 3234
3229 3235 3231
3235 3229 3234
3232 3235 3234
3236 3231 3235
3232 3233 3237
3235 3232 3237
3236 3235 3237
3237 3233 3238
3237 3239 3236
3240 3237 3238
3237 3240 3239
3241 3242 3243
3241 3243 3244
3244 3245 3241
3246 3244 3243
3247 3246 3243
3244 3248 3245
3246 3248 3244
3249 3245 3248
3250 3246 3247
3250 3247 3251
3252 3250 3251
3252 3251 3253
3253 3254 3252
3254 3255 3252
3256 3255 3254
3256 3257 3255
3258 3250 3252
3255 3258 3252
3257 3259 3255
3255 3259 3258
3257 3260 3259
3259 3260 3261
3262 3246 3250
3258 3262 3250
3246 3263 3248
3262 3263 3246
3264 3248 3263
3249 3248 3264
3265 3263 3262
3264 3263 3265
3266 3262 3258
3265 3262 3266
3267 3258 3259
3266 3258 3267
3259 3261 3268
3267 3259 3268
3269 3265 3266
3269 3264 3265
3270 3249 3264
3249 3270 3271
3272 3271 3270
3268 3261 3273
3273 3261 3274
3275 3273 3274
3276 3270 3264
3269 3276 3264
3277 3272 3270
3277 3270 3276
3269 3266 3278
3278 3266 3267
3267 3268 3279
3279 3268 3273
3267 3279 3280
3278 3267 3280
3273 3281 3279
3281 3280 3279
3275 3282 3273
3273 3282 3281
3283 3278 3280
3281 3283 3280
3284 3269 3278
3283 3284 3278
3285 3276 3269
3284 3285 3269
3282 3275 3286
3286 3275 3287
3282 3286 3288
3282 3288 3281
3286 3289 3288
3288 3290 3281
3290 3288 3289
3281 3290 3283
3291 3290 3289
3291 3292 3290
3290 3293 3283
3292 3293 3290
3284 3283 3293
3292 3294 3293
3294 3295 3293
3284 3293 3296
3295 3296 3293
3285 3284 3296
3296 3295 3297
3285 3296 3297
3295 3298 3297
3297 3298 3299
3300 3297 3299
3285 3297 3300
3300 3299 3301
3285 3300 3302
3285 3302 3276
3277 3276 3302
3277 3302 3300
3300 3301 3303
3277 3300 3303
3301 3304 3303
3304 3305 3303
3277 3303 3305
3277 3305 3272
3306 3272 3305
3307 3308 3309
3310 3308 3307
3311 3310 3307
3312 3311 3307
3313 3312 3307
3314 3313 3307
3315 3314 3307
3316 3315 3317
3318 3316 3317
3319 3318 3317
3320 3319 3317
3321 3320 3317
3322 3321 3317
3317 3323 3322
3324 3325 3326
3325 3327 3326
3327 3328 3326
3329 3330 3326
3330 3331 3326
3331 3332 3326
3333 3334 3335
3334 3336 3335
3336 3337 3335
3336 3338 3337
3337 3339 3340
3341 3337 3340
3342 3341 3340
3343 3344 3345
3346 3343 3345
3347 3346 3345
3347 3348 3346
3348 3347 3349
3348 3349 3350
3351 3352 3353
3351 3353 3354
3355 3356 3357
3355 3357 3358
3359 3360 3361
3359 3361 3362
3363 3364 3365
3363 3366 3364
3363 3367 3366
3366 3368 3364
3366 3369 3368
3367 3369 3366
3363 3370 3367
3367 3371 3369
3372 3367 3370
3373 3371 3367
3372 3374 3367
3374 3373 3367
3374 3375 3373
3376 3374 3372
3377 3375 3374
3376 3377 3374
3377 3376 3378
3376 3379 3378
3378 3379 3380
3380 3379 3381
3382 3380 3381
3382 3383 3380
3383 3384 3380
3377 3378 3385
3386 3377 3385
3385 3378 3387
3387 3378 3380
3387 3380 3388
3388 3380 3384
3389 3388 3384
3384 3390 3389
3390 3391 3389
3391 3390 3392
3393 3391 3392
3392 3394 3393
3395 3393 3394
3396 3395 3394
3397 3395 3396
3397 3398 3395
3399 3398 3397
3400 3401 3402
3400 3403 3401
3403 3404 3401
3403 3405 3404
3405 3406 3404
3405 3407 3406
3407 3408 3406
3407 3409 3408
3409 3410 3408
3409 3411 3410
3412 3413 3410
3412 3414 3413
3414 3415 3416
3414 3416 3417
3418 3419 3420
3418 3421 3419
3421 3422 3419
3421 3423 3422
3423 3424 3422
3423 3425 3424
3425 3426 3424
3425 3427 3426
3427 3428 3426
3427 3429 3428
3429 3430 3428
3429 3431 3430
3431 3432 3430
3431 3433 3432
3434 3432 3433
3434 3435 3432
3436 3437 3438
3438 3437 3439
3439 3437 3440
3440 3437 3441
3442 3437 3443
3444 3437 3442
3445 3437 3444
3446 3437 3445
3447 3448 3449
3450 3448 3447
3450 3451 3448
3451 3450 3452
3450 3453 3452
3450 3454 3453
3452 3453 3455
3455 3453 3456
3455 3456 3457
3457 3456 3458
3458 3456 3459
3459 3456 3460
3456 3453 3460
3460 3453 3461
3462 3461 3453
3462 3453 3463
3464 3461 3462
3465 3464 3462
3464 3465 3466
3466 3465 3467
3466 3467 3468
3467 3469 3468
3470 3469 3467
3471 3470 3467
3472 3470 3473
3473 3474 3472
3474 3473 3475
3474 3475 3476
3475 3473 3477
3478 3475 3477
3478 3477 3479
3478 3480 3475
3481 3480 3478
3482 3480 3481
3481 3478 3483
3483 3478 3484
3484 3485 3483
3486 3483 3485
3486 3485 3487
3487 3488 3486
3488 3489 3486
3490 3482 3481
3491 3490 3481
3482 3490 3492
3482 3492 3493
3494 3490 3491
3491 3495 3494
3491 3496 3495
3497 3495 3496
3497 3496 3498
3497 3498 3499
3497 3499 3500
3501 3500 3499
3502 3500 3501
3503 3500 3502
3501 3504 3502
3501 3505 3504
3505 3506 3504
3505 3507 3506
3506 3507 3508
3506 3508 3509
3510 3511 3504
3510 3504 3512
3512 3504 3513
3512 3513 3514
3513 3515 3514
3513 3516 3515
3510 3517 3511
3511 3517 3518
3517 3510 3519
3520 3517 3519
3520 3519 3521
3520 3521 3522
3520 3522 3523
3524 3523 3522
3524 3525 3523
3525 3524 3526
3526 3524 3527
3527 3528 3526
3528 3529 3526
3528 3493 3529
3527 3530 3528
3531 3530 3527
3532 3531 3527
3532 3533 3531
3532 3534 3533
3532 3535 3534
3535 3536 3534
3536 3535 3537
3537 3535 3538
3539 3538 3535
3540 3538 3539
3535 3541 3539
3542 3541 3535
3542 3543 3541
3543 3544 3541
3545 3539 3541
3544 3545 3541
3546 3544 3543
3547 3546 3543
3545 3544 3548
3544 3546 3548
3546 3547 3549
3549 3550 3546
3547 3551 3549
3552 3549 3551
3552 3550 3549
3552 3551 3553
3553 3554 3552
3553 3555 3554
3554 3555 3556
3554 3556 3557
3558 3552 3554
3552 3558 3550
3559 3554 3557
3558 3554 3559
3559 3557 3560
3561 3559 3560
3561 3562 3559
3558 3559 3562
3550 3563 3546
3548 3546 3563
3564 3548 3563
3561 3565 3562
3561 3566 3565
3565 3566 3567
3565 3567 3568
3569 3565 3568
3569 3562 3565
3569 3568 3570
3571 3569 3570
3571 3572 3569
3573 3572 3571
3574 3572 3573
3575 3572 3574
3569 3576 3562
3572 3576 3569
3558 3562 3576
3577 3558 3576
3572 3577 3576
3577 3550 3558
3575 3578 3572
3572 3578 3577
3575 3579 3578
3550 3577 3580
3580 3577 3578
3578 3579 3581
3579 3582 3581
3583 3581 3582
3581 3583 3584
3585 3550 3580
3550 3585 3563
3564 3563 3585
3564 3581 3584
3564 3584 3586
3564 3586 3587
3578 3581 3588
3588 3580 3578
3585 3580 3588
3588 3581 3564
3588 3564 3585
3548 3564 3587
3587 3545 3548
3587 3589 3545
3539 3545 3589
3539 3589 3590
3590 3591 3539
3591 3590 3489
3489 3590 3592
3592 3590 3589
3486 3489 3592
3592 3589 3593
3594 3593 3589
3486 3592 3595
3593 3595 3592
3596 3486 3595
3596 3595 3597
3598 3595 3593
3597 3595 3598
3594 3599 3593
3593 3599 3598
3599 3594 3600
3600 3594 3601
3600 3601 3602
3598 3603 3597
3598 3599 3603
3597 3603 3604
3600 3605 3599
3599 3605 3603
3606 3603 3605
3603 3607 3604
3607 3603 3606
3604 3607 3608
3607 3609 3608
3610 3609 3607
3610 3607 3606
3610 3611 3609
3612 3611 3610
3612 3613 3611
3612 3614 3613
3612 3610 3615
3610 3606 3615
3616 3614 3612
3612 3615 3616
3616 3617 3614
3618 3617 3616
3618 3616 3619
3615 3619 3616
3618 3619 3620
3618 3620 3621
3620 3622 3621
3620 3623 3622
3624 3623 3620
3624 3620 3619
3624 3625 3623
3626 3625 3624
3626 3624 3627
3628 3626 3627
3629 3628 3627
3630 3629 3627
3624 3619 3631
3615 3631 3619
3627 3624 3631
3632 3631 3615
3627 3631 3632
3632 3615 3606
3630 3627 3633
3627 3632 3633
3630 3633 3634
3606 3635 3632
3635 3633 3632
3633 3636 3634
3634 3636 3637
3638 3637 3636
3636 3602 3638
3600 3602 3636
3633 3639 3636
3639 3633 3635
3639 3600 3636
3640 3635 3606
3640 3639 3635
3639 3640 3600
3606 3605 3640
3600 3640 3605
3641 3642 3643
3641 3643 3644
3645 3641 3644
3645 3646 3641
3645 3647 3646
3648 3647 3645
3647 3648 3649
3647 3649 3650
3650 3649 3651
3650 3651 3652
3652 3651 3653
3652 3653 3654
3655 3656 3657
3655 3658 3656
3659 3656 3658
3659 3660 3656
3661 3660 3659
3661 3662 3660
3663 3662 3661
3663 3664 3662
3665 3664 3663
3665 3666 3664
3667 3666 3665
3667 3668 3666
3669 3668 3667
3669 3670 3668
3671 3670 3669
3671 3672 3670
3673 3674 3675
3674 3676 3675
3674 3677 3676
3677 3678 3676
3676 3678 3679
3680 3679 3678
3679 3680 3681
3681 3680 3682
3682 3683 3681
3684 3683 3682
3683 3684 3685
3685 3684 3686
3687 3686 3684
3688 3686 3687
3688 3689 3686
3690 3685 3686
3689 3691 3686
3686 3692 3690
3691 3692 3686
3693 3690 3692
3694 3692 3691
3695 3693 3692
3695 3692 3694
3696 3693 3695
3694 3697 3695
3695 3697 3698
3694 3699 3697
3699 3700 3697
3698 3697 3701
3697 3700 3701
3699 3702 3700
3701 3700 3703
3700 3704 3703
3705 3700 3702
3700 3706 3704
3705 3706 3700
3706 3707 3704
3706 3708 3707
3705 3708 3706
3705 3709 3708
3710 3711 3712
3713 3711 3710
3713 3714 3711
3713 3715 3714
3713 3716 3715
3715 3716 3717
3715 3717 3718
3718 3717 3719
3719 3717 3720
3721 3719 3720
3722 3721 3720
3723 3719 3721
3721 3722 3724
3721 3725 3723
3721 3724 3726
3726 3725 3721
3726 3724 3727
3728 3725 3726
3726 3727 3728
3725 3728 3729
3730 3728 3727
3731 3729 3728
3731 3728 3730
3732 3729 3731
3730 3733 3731
3730 3734 3733
3733 3734 3735
3732 3731 3736
3736 3731 3733
3736 3737 3732
3738 3737 3736
3738 3736 3739
3739 3736 3740
3740 3736 3733
3733 3735 3741
3741 3740 3733
3741 3735 3742
3743 3740 3741
3742 3743 3741
3743 3744 3740
3745 3743 3742
3746 3744 3743
3745 3746 3743
3747 3746 3745
3746 3748 3744
3747 3749 3746
3749 3748 3746
3750 3749 3747
3748 3749 3751
3749 3750 3751
3751 3750 3752
3748 3751 3753
3751 3752 3754
3753 3751 3755
3751 3754 3755
3755 3754 3756
3753 3755 3757
3755 3756 3758
3757 3755 3758
3757 3758 3759
3760 3761 3762
3760 3763 3761
3764 3761 3763
3764 3763 3765
3766 3764 3765
3766 3765 3767
3767 3768 3766
3767 3769 3768
3770 3768 3769
3771 3768 3770
3771 3770 3772
3771 3772 3773
3774 3773 3772
3774 3775 3773
3776 3775 3774
3776 3777 3775
3776 3778 3777
3779 3778 3776
3780 3778 3779
3780 3781 3778
3780 3782 3781
3781 3782 3783
3784 3782 3780
3782 3785 3783
3786 3782 3784
3786 3785 3782
3787 3786 3784
3788 3785 3786
3787 3789 3786
3790 3788 3786
3786 3789 3790
3791 3788 3790
3789 3792 3790
3793 3791 3790
3790 3792 3793
3791 3793 3794
3792 3795 3793
3794 3793 3795
3792 3796 3795
3797 3795 3796
3794 3795 3798
3798 3795 3797
3798 3797 3799
3798 3799 3800
3800 3799 3801
3800 3801 3802
3803 3802 3801
3803 3801 3804
3805 3806 3807
3805 3807 3808
3809 3808 3807
3809 3810 3808
3811 3810 3809
3811 3812 3810
3812 3811 3813
3812 3813 3814
3813 3815 3814
3813 3816 3815
3816 3817 3815
3816 3818 3817
3819 3817 3818
3819 3818 3820
3821 3819 3820
3821 3820 3822
3823 3821 3822
3823 3822 3824
3825 3823 3824
3826 3825 3824
3826 3827 3825
3828 3827 3826
3825 3827 3829
3830 3827 3828
3831 3829 3827
3832 3829 3831
3831 3833 3830
3832 3831 3834
3835 3831 3830
3831 3835 3834
3835 3830 3836
3837 3835 3836
3834 3835 3838
3839 3835 3837
3835 3839 3838
3837 3840 3839
3838 3839 3841
3840 3841 3839
3838 3841 3842
3843 3842 3841
3840 3844 3841
3844 3843 3841
3844 3845 3843
3844 3846 3845
3846 3847 3845
3846 3848 3847
3849 3847 3848
3849 3850 3847
3851 3852 3853
3854 3852 3851
3854 3851 3855
3854 3855 3856
3854 3856 3857
3856 3858 3857
3856 3859 3858
3858 3859 3860
3860 3859 3861
3860 3861 3862
3863 3860 3862
3861 3864 3862
3865 3863 3862
3862 3864 3866
3865 3862 3867
3866 3867 3862
3868 3865 3867
3869 3867 3866
3868 3867 3869
3866 3870 3869
3871 3868 3869
3872 3869 3870
3872 3871 3869
3873 3872 3870
3871 3872 3874
3871 3874 3875
3874 3876 3875
3873 3877 3872
3877 3874 3872
3877 3873 3878
3879 3877 3878
3879 3880 3877
3880 3881 3877
3881 3874 3877
3874 3882 3876
3882 3874 3881
3882 3883 3876
3884 3882 3881
3883 3882 3884
3884 3881 3885
3886 3883 3884
3887 3884 3885
3886 3884 3887
3888 3886 3887
3887 3885 3889
3888 3887 3890
3890 3887 3889
3891 3888 3890
3889 3892 3890
3890 3892 3891
3892 3893 3891
3889 3894 3892
3892 3895 3893
3894 3896 3892
3892 3896 3895
3896 3897 3895
3894 3898 3896
3896 3899 3897
3898 3899 3896
3898 3900 3899
3901 3902 3903
3901 3903 3904
3904 3903 3905
3904 3905 3906
3905 3907 3906
3908 3909 3910
3908 3910 3911
3911 3910 3912
3911 3912 3913
3913 3912 3914
3913 3914 3915
3914 3916 3915
3914 3917 3916
3917 3918 3916
3917 3919 3918
3918 3919 3920
3918 3920 3921
3920 3922 3921
3920 3923 3922
3924 3922 3923
3924 3925 3922
3926 3925 3924
3926 3927 3925
3928 3929 3930
3928 3930 3931
3932 3933 3928
3932 3934 3933
3935 3934 3936
3935 3937 3934
3938 3937 3935
3938 3939 3937
3940 3939 3938
3940 3941 3939
3942 3941 3940
3942 3943 3941
3944 3943 3942
3944 3945 3943
3946 3947 3948
3949 3946 3948
3949 3948 3950
3950 3951 3949
3950 3952 3951
3952 3953 3951
3952 3954 3953
3955 3953 3954
3954 3956 3955
3955 3956 3957
3956 3958 3957
3959 3958 3956
3958 3959 3960
3961 3962 3963
3964 3962 3961
3964 3965 3962
3965 3964 3966
3965 3966 3967
3967 3966 3968
3967 3968 3969
3970 3969 3968
3969 3970 3971
3970 3972 3971
3971 3972 3973
3974 3971 3973
3973 3975 3974
3976 3977 3978
3979 3976 3978
3979 3978 3980
3979 3980 3981
3979 3981 3982
3983 3982 3981
3983 3981 3984
3985 3983 3984
3985 3986 3983
3985 3987 3986
3985 3988 3987
3989 3987 3988
3989 3988 3990
3991 3989 3990
3991 3990 3992
3993 3994 3995
3993 3995 3996
3996 3995 3997
3996 3997 3998
3999 3998 3997
3999 4000 3998
3999 4001 4000
3999 4002 4001
4001 4002 4003
4001 4003 4004
4005 4004 4003
4005 4003 4006
4005 4006 4007
4005 4007 4008
4008 4007 4009
4010 4011 4012
4010 4013 4011
4014 4013 4015
4016 4017 4010
4016 4018 4017
4018 4019 4017
4018 4020 4019
4019 4020 4021
4022 4023 4021
4024 4023 4022
4024 4022 4025
4026 4024 4025
4026 4025 4027
4027 4028 4026
4027 4029 4028
4015 4028 4030
4030 4031 4015
4032 4030 4028
4030 4033 4031
4034 4031 4033
4032 4035 4030
4035 4033 4030
4034 4033 4036
4036 4037 4034
4035 4038 4033
4038 4036 4033
4032 4039 4035
4032 4040 4039
4035 4039 4041
4035 4041 4038
4042 4040 4032
4042 4043 4040
4042 4044 4043
4042 4045 4044
4045 4046 4044
4045 4047 4046
4047 4048 4046
4038 4041 4049
4038 4049 4050
4038 4050 4036
4050 4049 4051
4050 4052 4036
4036 4052 4037
4050 4051 4053
4050 4053 4052
4053 4051 4054
4037 4052 4055
4037 4055 4056
4052 4053 4057
4053 4054 4057
4052 4057 4055
4058 4057 4054
4055 4057 4058
4058 4054 4059
4058 4059 4060
4056 4055 4061
4055 4058 4061
4056 4061 4062
4058 4060 4063
4063 4061 4058
4064 4062 4061
4063 4064 4061
4064 4065 4062
4066 4063 4060
4064 4063 4066
4066 4060 4067
4066 4067 4068
4065 4064 4069
4064 4066 4069
4065 4069 4070
4069 4066 4071
4066 4068 4071
4069 4071 4072
4071 4068 4073
4071 4073 4074
4074 4072 4071
4068 4075 4073
4074 4073 4076
4068 4077 4075
4068 4078 4077
4079 4078 4068
4078 4079 4080
4078 4080 4081
4082 4081 4080
4082 4083 4081
4083 4082 4084
4083 4084 4085
4084 4086 4085
4086 4087 4085
4086 4088 4087
4089 4088 4086
4088 4089 4090
4088 4090 4091
4088 4092 4087
4088 4093 4092
4094 4093 4088
4094 4088 4095
4096 4095 4090
4096 4097 4095
4097 4096 4098
4099 4097 4098
4100 4094 4095
4101 4099 4098
4102 4100 4099
4100 4102 4094
4101 4103 4099
4101 4104 4103
4101 4105 4104
4105 4106 4104
4105 4107 4106
4106 4107 4048
4048 4108 4106
4048 4109 4108
4110 4108 4109
4111 4108 4110
4110 4109 4112
4111 4110 4113
4114 4110 4112
4113 4110 4114
4113 4114 4115
4114 4112 4116
4115 4114 4117
4116 4117 4114
4115 4117 4118
4116 4119 4117
4116 4120 4119
4119 4120 4121
4118 4117 4122
4119 4122 4117
4118 4122 4123
4119 4121 4124
4119 4124 4122
4124 4121 4125
4124 4125 4126
4122 4124 4126
4126 4125 4127
4126 4127 4128
4123 4122 4129
4122 4126 4129
4123 4129 4094
4126 4130 4129
4094 4129 4130
4094 4130 4093
4126 4131 4130
4093 4130 4132
4131 4132 4130
4093 4132 4133
4127 4134 4131
4131 4134 4132
4135 4134 4127
4136 4132 4134
4136 4133 4132
4136 4134 4137
4138 4135 4137
4136 4139 4133
4133 4139 4140
4133 4140 4087
4141 4140 4139
4137 4142 4136
4143 4139 4136
4136 4142 4143
4141 4139 4144
4143 4144 4139
4137 4145 4142
4137 4146 4145
4135 4146 4147
4148 4142 4145
4148 4149 4142
4149 4143 4142
4148 4150 4149
4141 4144 4151
4141 4151 4152
4153 4152 4151
4153 4151 4154
4144 4143 4155
4149 4155 4143
4144 4155 4156
4155 4154 4156
4154 4157 4153
4153 4157 4158
4149 4150 4159
4149 4159 4155
4160 4159 4150
4160 4150 4161
4161 4162 4160
4163 4154 4155
4155 4159 4163
4159 4160 4163
4163 4164 4154
4164 4165 4158
4164 4166 4165
4166 4167 4165
4165 4167 4168
4163 4169 4164
4163 4160 4169
4169 4170 4164
4169 4171 4170
4171 4169 4160
4171 4167 4170
4160 4162 4172
4171 4160 4172
4162 4173 4172
4172 4173 4174
4172 4175 4171
4171 4175 4167
4172 4174 4175
4175 4176 4167
4167 4176 4177
4178 4177 4176
4175 4179 4176
4174 4180 4175
4175 4180 4179
4181 4177 4179
4182 4177 4181
4181 4183 4182
4182 4184 4177
4182 4183 4185
4182 4185 4186
4186 4185 4187
4186 4187 4188
4187 4189 4188
4187 4190 4189
4191 4179 4180
4191 4192 4179
4192 4193 4179
4194 4193 4192
4194 4195 4193
4194 4196 4195
4196 4197 4195
4196 4198 4197
4197 4198 4199
4197 4199 4200
4199 4201 4200
4199 4202 4201
4203 4191 4180
4203 4180 4204
4174 4204 4180
4203 4205 4191
4191 4205 4206
4191 4206 4207
4206 4208 4207
4209 4208 4206
4210 4208 4209
4210 4209 4211
4212 4210 4211
4212 4211 4213
4212 4213 4214
4212 4214 4215
4214 4216 4215
4214 4217 4216
4203 4218 4205
4203 4219 4218
4204 4219 4203
4204 4220 4219
4220 4221 4219
4222 4221 4220
4222 4223 4221
4204 4224 4220
4222 4220 4224
4204 4225 4224
4204 4174 4225
4225 4174 4226
4226 4224 4225
4226 4174 4227
4226 4228 4224
4222 4224 4229
4222 4229 4230
4222 4231 4223
4222 4230 4231
4223 4231 4232
4232 4233 4223
4223 4233 4234
4234 4235 4223
4236 4235 4234
4236 4237 4235
4218 4237 4236
4238 4233 4232
4238 4232 4239
4232 4231 4240
4241 4232 4240
4242 4231 4230
4242 4240 4231
4243 4242 4230
4243 4230 4244
4245 4240 4242
4241 4246 4238
4241 4240 4247
4245 4247 4240
4248 4241 4247
4246 4241 4248
4248 4247 4245
4249 4246 4248
4250 4246 4249
4251 4250 4249
4252 4250 4251
4253 4252 4251
4253 4251 4254
4255 4253 4254
4255 4254 4256
4257 4255 4256
4257 4256 4258
4259 4257 4258
4259 4258 4260
4260 4261 4259
4262 4248 4245
4263 4248 4262
4263 4264 4248
4263 4262 4265
4266 4264 4263
4266 4263 4265
4267 4264 4266
4266 4265 4268
4265 4269 4268
4268 4269 4270
4271 4268 4270
4271 4272 4268
4272 4266 4268
4272 4271 4273
4274 4267 4266
4272 4274 4266
4274 4275 4267
4276 4275 4274
4276 4274 4272
4276 4277 4275
4278 4277 4276
4278 4279 4277
4280 4279 4278
4280 4281 4279
4282 4281 4280
4276 4272 4283
4272 4273 4283
4282 4284 4260
4282 4285 4284
4282 4286 4285
4287 4273 4288
4287 4288 4289
4290 4289 4288
4290 4291 4289
4291 4290 4292
4291 4292 4293
4293 4292 4294
4293 4294 4295
4296 4297 4283
4296 4283 4298
4299 4296 4298
4299 4300 4296
4299 4301 4300
4299 4302 4301
4302 4303 4301
4302 4304 4303
4305 4304 4294
4305 4286 4304
4305 4306 4286
4305 4307 4306
4261 4306 4307
4261 4307 4308
4309 4261 4308
4309 4308 4310
4310 4311 4309
4310 4312 4311
4311 4312 4313
4311 4313 4314
4314 4313 4315
4314 4315 4316
4315 4317 4316
4315 4318 4317
4318 4319 4317
4317 4319 4320
4321 4320 4319
4319 4322 4321
4322 4238 4321
4072 4323 4324
4072 4325 4323
4325 4072 4074
4325 4074 4326
4074 4076 4326
4325 4326 4327
4328 4325 4327
4328 4327 4329
4327 4326 4330
4326 4331 4330
4326 4076 4331
4332 4330 4331
4332 4331 4333
4332 4333 4334
4335 4332 4334
4334 4336 4335
4336 4334 4337
4336 4337 4338
4337 4339 4338
4337 4340 4339
4341 4342 4076
4341 4075 4342
4076 4342 4343
4076 4343 4344
4343 4345 4344
4343 4346 4345
4347 4345 4346
4347 4346 4348
4347 4348 4349
4347 4349 4350
4349 4351 4350
4349 4352 4351
4353 4354 4230
4353 4230 4355
4355 4228 4353
4355 4356 4228
4357 4358 4359
4359 4360 4357
4357 4360 4361
4361 4360 4362
4359 4245 4363
4359 4363 4243
4364 4365 4366
4364 4366 4367
4368 4367 4369
4369 4370 4364
4370 4371 4364
4371 4372 4366
4373 4370 4369
4369 4374 4373
4371 4375 4372
4236 4372 4375
4236 4375 4376
4371 4377 4375
4378 4375 4377
4379 4375 4378
4378 4380 4379
4378 4381 4380
4380 4381 4382
4382 4381 4383
4382 4383 4384
4384 4383 4385
4385 4386 4384
4385 4387 4386
4388 4386 4387
4388 4387 4389
4390 4388 4389
4390 4389 4391
4390 4391 4392
4390 4392 4393
4392 4394 4393
4392 4395 4394
4396 4397 4371
4370 4396 4371
4370 4398 4396
4370 4399 4398
4370 4373 4399
4373 4400 4399
4396 4398 4401
4402 4400 4373
4396 4401 4403
4396 4403 4377
4403 4401 4404
4405 4377 4403
4402 4373 4406
4373 4407 4406
4406 4408 4402
4406 4407 4409
4410 4408 4406
4409 4407 4411
4412 4408 4410
4413 4409 4411
4412 4414 4408
4413 4411 4415
4416 4414 4412
4415 4417 4413
4416 4418 4414
4415 4419 4417
4420 4418 4416
4420 4421 4418
4420 4422 4421
4423 4417 4419
4423 4419 4424
4425 4423 4424
4425 4422 4423
4425 4426 4422
4425 4427 4426
4427 4428 4426
4427 4429 4428
4429 4430 4428
4431 4432 4433
4431 4433 4434
4435 4431 4434
4435 4436 4431
4437 4436 4435
4437 4435 4438
4439 4437 4438
4439 4438 4440
4441 4439 4440
4441 4440 4442
4441 4442 4443
4441 4443 4444
4218 4444 4443
4445 4446 4444
4447 4446 4445
4376 4446 4447
4448 4449 4450
4448 4450 4451
4452 4448 4451
4452 4453 4448
4452 4454 4453
4452 4455 4454
4455 4456 4454
4457 4456 4455
4457 4458 4456
4459 4456 4458
4459 4458 4460
4461 4458 4457
4462 4458 4461
4463 4458 4462
4462 4461 4464
4462 4464 4465
4462 4465 4466
4405 4466 4465
4405 4467 4466
4405 4403 4467
4403 4404 4467
4467 4404 4468
4467 4468 4469
4467 4469 4470
4470 4469 4471
4472 4471 4463
4470 4471 4472
4473 4474 4184
4473 4184 4168
4475 4476 4477
4475 4477 4478
746 744 4479
746 4479 4480
746 4480 4481
746 4481 1137
4482 4481 4480
4481 4483 1137
4482 4484 4481
4481 4484 4483
4485 4484 4482
4486 4483 4484
4485 4487 4484
4486 4484 4487
4487 4485 4488
4489 4486 4487
4487 4488 4490
4489 4487 4490
4490 4488 4491
4492 4489 4490
4490 4491 4493
4492 4490 4493
4493 4491 4494
4495 4492 4493
4493 4494 4496
4495 4493 4496
4496 4494 4497
4498 4495 4496
4496 4497 4499
4498 4496 4499
4305 4500 4501
4502 4501 4500
4502 4500 4503
4504 4502 4503
4504 4503 4505
4505 4506 4504
4505 4507 4506
4508 4506 4507
4508 4507 4509
4510 4508 4509
4510 4509 4511
4511 4512 4510
4511 4513 4512
4374 4512 4513
4374 4514 4512
4374 4515 4514
4515 4516 4514
4515 4367 4516
4517 4518 4519
4520 4518 4517
4520 4521 4518
4521 4522 4518
4518 4522 4523
4518 4523 4519
4522 4524 4523
4524 4525 4523
4525 4519 4523
4526 4525 4524
4526 4527 4525
4525 4527 4528
4525 4528 4519
4527 4529 4528
4528 4529 4530
4528 4530 4519
4530 4529 4531
4531 4532 4530
4530 4532 4533
4530 4533 4519
4532 4534 4533
4535 4519 4533
4533 4534 4535
4534 4536 4535
4535 4537 4519
4536 4537 4535
4536 4538 4537
4538 4520 4537
4539 4540 4541
4542 4539 4541
4542 4541 4543
4543 4541 4544
4541 4545 4544
4541 4540 4545
4544 4545 4546
4546 4545 4547
4547 4545 4540
4548 4546 4547
4548 4547 4549
4547 4550 4549
4547 4540 4550
4549 4550 4551
4550 4552 4551
4550 4540 4552
4552 4553 4551
4553 4552 4554
4552 4555 4554
4552 4540 4555
4554 4555 4556
4557 4555 4540
4555 4557 4556
4556 4557 4558
4557 4540 4559
4558 4557 4559
4558 4559 4560
4560 4559 4542
4561 4562 4563
4561 4563 4564
4561 4565 4562
4565 4566 4562
4567 4566 4565
4561 4564 4568
4568 4564 4569
4570 4565 4561
4570 4567 4565
4570 4561 4571
4571 4561 4568
4568 4569 4572
4572 4569 4573
4574 4567 4570
4570 4571 4574
4575 4571 4568
4575 4568 4572
4572 4573 4576
4576 4573 4577
4574 4578 4567
4578 4579 4567
4580 4579 4578
4581 4580 4578
4581 4578 4574
4582 4581 4574
4574 4571 4583
4582 4574 4583
4583 4571 4575
4584 4582 4583
4584 4583 4585
4583 4575 4585
4586 4584 4585
4587 4585 4575
4587 4575 4572
4587 4572 4576
4586 4585 4588
4587 4588 4585
4588 4589 4586
4576 4590 4587
4587 4590 4588
4588 4591 4589
4591 4588 4590
4591 4592 4589
4576 4593 4590
4576 4577 4593
4593 4577 4594
4591 4590 4595
4595 4590 4593
4591 4596 4592
4596 4597 4592
4598 4591 4595
4598 4595 4593
4598 4596 4591
4593 4594 4599
4598 4593 4599
4599 4594 4600
4601 4596 4598
4601 4598 4599
4599 4600 4602
4601 4599 4602
4603 4602 4600
4596 4604 4597
4604 4596 4601
4603 4605 4602
4605 4603 4606
4601 4602 4607
4604 4601 4607
4607 4602 4605
4608 4597 4604
4609 4597 4608
4608 4610 4609
4611 4605 4606
4612 4611 4606
4613 4604 4607
4608 4604 4613
4608 4614 4610
4614 4608 4613
4615 4610 4614
4607 4605 4616
4613 4607 4616
4616 4605 4611
4614 4613 4617
4616 4617 4613
4615 4614 4618
4618 4614 4617
4616 4619 4617
4616 4611 4619
325 4615 4618
325 4620 4615
325 321 4620
4620 321 4621
323 4621 321
324 325 4618
323 4622 4621
4618 4617 4623
324 4618 4623
4623 4617 4619
326 324 4623
4623 4619 326
274 326 4619
274 4619 4624
4619 4611 4624
274 4624 271
4611 4625 4624
271 4624 4625
4612 4625 4611
4625 272 271
4612 4626 4625
4625 4626 272
4612 4627 4626
4626 4628 272
262 272 4628
4629 4626 4627
4626 4629 4628
4629 4627 4630
262 4628 4631
4631 4632 262
4631 4633 4632
4629 4634 4628
4634 4631 4628
4635 4629 4630
4629 4635 4634
4635 4630 4636
4635 4636 4637
4633 4631 4638
4638 4631 4634
4633 4638 4639
4638 4640 4639
4634 4635 4641
4634 4641 4638
4635 4637 4642
4641 4635 4642
4638 4643 4640
4641 4643 4638
4644 4642 4637
4642 4644 4645
4644 4637 4646
4641 4642 4647
4641 4647 4643
4642 4645 4647
4647 4645 4643
4648 4640 4643
4648 4643 4645
4648 4649 4640
4644 4646 4650
4644 4650 4645
4645 4651 4648
4649 4648 4651
4646 4652 4650
4646 4653 4652
4654 4645 4650
4651 4645 4654
4654 4650 4652
4655 4649 4651
4654 4655 4651
4655 4656 4649
4653 4657 4652
4653 4658 4657
4654 4652 4659
4654 4659 4655
4657 4659 4652
4660 4656 4655
4659 4660 4655
4660 4661 4656
4658 4662 4657
4658 4663 4662
4657 4664 4659
4659 4664 4660
4662 4664 4657
4665 4661 4660
4664 4665 4660
4665 4666 4661
4665 4667 4666
4668 4665 4664
4668 4664 4662
4665 4669 4667
4668 4669 4665
4669 4670 4667
4671 4670 4669
4668 4671 4669
4662 4671 4668
4663 4672 4662
4662 4672 4671
4663 4673 4672
4672 4674 4671
4673 4674 4672
1231 4675 1220
1224 1220 4675
4676 4675 1231
4676 4677 4675
4677 1224 4675
4677 4678 1224
4679 1224 4678
4679 1223 1224
1223 4679 1213
1213 4679 4680
4681 1213 4680
4682 4676 1231
4682 1231 4683
4682 4684 4676
4682 4683 4685
4682 4686 4684
4681 4687 1213
4687 4681 4688
1214 1213 4687
4689 4682 4685
4682 4689 4686
4689 4685 4690
4691 4686 4689
4692 4689 4690
4687 4688 4693
4687 4693 1214
4694 4693 4688
4691 4689 4695
4692 4695 4689
4695 4696 4691
4697 4695 4692
4695 4698 4696
4697 4698 4695
4698 4699 4696
4700 4698 4697
4698 4701 4699
4700 4701 4698
4701 4702 4699
4703 4701 4700
4701 4704 4702
4703 4704 4701
4704 4705 4702
4706 4704 4703
4704 4707 4705
4706 4707 4704
4707 4708 4705
4706 4709 4707
4707 4709 4708
4706 4710 4709
4709 4711 4708
4710 4711 4709
323 331 4712
323 4712 4622
4622 4712 4713
4622 4713 4714
4715 4714 4713
4715 4716 4714
4712 4717 4713
4717 4715 4713
331 4718 4712
4712 4718 4717
4719 4716 4715
4719 4720 4716
4717 4721 4715
4721 4719 4715
4720 4719 4722
4723 4720 4722
331 4724 4718
331 328 4724
4724 328 332
4718 4725 4717
4725 4721 4717
4721 4726 4719
4726 4722 4719
4723 4722 4727
4727 4728 4723
4724 332 4729
346 4729 332
4724 4730 4718
4724 4729 4730
4718 4730 4725
4731 4729 346
4731 4730 4729
1214 4731 346
4730 4731 4732
4732 4731 1214
4730 4732 4725
4732 1214 4693
4725 4732 4733
4693 4733 4732
4734 4727 4722
4726 4734 4722
4725 4733 4735
4725 4735 4721
4735 4726 4721
4735 4736 4726
4736 4734 4726
4736 4737 4734
4693 4738 4733
4694 4738 4693
4739 4738 4694
4735 4733 4740
4738 4740 4733
4735 4740 4741
4739 4742 4738
4738 4742 4740
4743 4742 4739
4743 4744 4742
4744 4740 4742
4745 4744 4743
4741 4740 4746
4744 4746 4740
4741 4746 4737
4745 4747 4744
4746 4744 4747
4748 4747 4745
4748 4749 4747
4750 4749 4748
4746 4747 4751
4749 4751 4747
4752 4737 4746
4752 4746 4751
4753 4737 4752
4753 4734 4737
4753 4727 4734
4753 4754 4727
4727 4754 4728
4754 4755 4728
4752 4756 4753
4756 4754 4753
4754 4757 4755
4756 4757 4754
4757 4758 4755
4751 4759 4752
4752 4759 4756
4749 4760 4751
4751 4760 4759
4761 4757 4756
4759 4761 4756
4762 4758 4757
4762 4757 4761
4762 4763 4758
4762 4764 4763
4761 4764 4762
4764 4765 4763
4766 4765 4764
4761 4766 4764
4767 4765 4766
4759 4768 4761
4768 4766 4761
4768 4767 4766
4760 4769 4759
4770 4760 4749
4750 4770 4749
4760 4771 4769
4771 4767 4769
4770 4771 4760
4750 4772 4770
4770 4772 4771
4750 4773 4772
4773 4774 4772
4767 4775 4774
4771 4775 4767
4772 4775 4771
4774 4775 4772
4776 4777 4778
4779 4777 4776
4776 4778 4780
4781 4780 4778
4779 4776 4782
4782 4783 4779
4782 4784 4783
4785 4784 4782
4785 4786 4784
4787 4782 4776
4787 4788 4786
4787 4789 4788
4785 4790 4789
4789 4791 4788
4789 4792 4791
4792 4789 4790
4792 4790 4793
4787 4776 4794
4785 4794 4790
4790 4795 4793
4796 4794 4776
4796 4776 4780
4797 4790 4794
4780 4798 4796
4790 4799 4795
4797 4799 4790
4799 4797 4800
4801 4795 4799
4799 4800 4802
4801 4799 4802
4803 4801 4802
4780 4804 4798
4781 4804 4780
4805 4804 4781
4802 4798 4806
4804 4807 4798
4803 4802 4808
4802 4806 4808
4809 4808 4806
4810 4803 4808
4805 4811 4804
4804 4811 4807
4812 4807 4811
4813 4811 4805
4809 4814 4808
4810 4808 4814
4815 4814 4809
4812 4811 4816
4813 4816 4811
4817 4812 4816
4818 4810 4814
4815 4818 4814
4818 4819 4810
4820 4816 4813
4817 4816 4820
4818 4817 4821
4820 4822 4815
4820 4813 4823
4819 4818 4824
4818 4821 4824
4819 4824 4825
4824 4821 4826
4820 4827 4822
4823 4827 4820
4823 4828 4827
4827 4829 4822
4825 4824 4830
4824 4826 4830
4825 4830 4831
4828 4832 4827
4827 4832 4829
4828 4833 4832
4834 4830 4826
4831 4830 4834
4831 4834 4835
4834 4826 4836
4834 4837 4835
4838 4829 4832
4833 4838 4832
4833 4839 4838
4838 4840 4829
4838 4839 4841
4836 4842 4834
4834 4842 4837
4836 4843 4842
4844 4842 4843
4840 4838 4845
4838 4841 4845
4840 4845 4846
4847 4846 4845
4848 4837 4842
4844 4848 4842
4848 4849 4837
4850 4849 4848
4851 4848 4844
4852 4845 4841
4847 4845 4852
4852 4841 4853
4854 4852 4853
4852 4855 4847
4850 4848 4856
4856 4848 4851
4850 4856 4857
4856 4858 4857
4856 4859 4858
4859 4856 4860
4856 4851 4860
4861 4860 4851
4862 4860 4861
4862 4861 4863
4854 4864 4852
4864 4855 4852
4854 4865 4864
4864 4865 4866
4864 4866 4867
4867 4868 4864
4864 4868 4855
4869 4855 4868
4870 4863 4869
4870 4869 4868
4871 4872 4873
4871 4874 4872
4871 4873 4875
4871 4876 4874
4875 4876 4871
4875 4877 4876
4876 4878 4874
4876 4879 4878
4880 4879 4876
4880 4881 4879
4879 4881 4882
4878 4879 4883
4879 4882 4883
4878 4883 4884
4884 4883 4885
4885 4883 4886
4885 4886 4887
4888 4887 4882
4888 4882 4889
4890 4888 4889
4891 4890 4889
4892 4889 4886
4891 4889 4892
4892 4886 4893
4877 4892 4893
4877 4894 4892
4894 4891 4892
4894 4895 4891
4896 4895 4894
4896 4897 4895
4896 4898 4897
4896 4899 4898
4899 4896 4894
4899 4894 4880
