byte offset: 0
first index: 42189
index count: 3459
topology: trianglelist
format: DXGI_FORMAT_R16_UINT

10694 10695 10696
10697 10698 10699
10700 10701 10702
10700 10702 10703
10703 10702 10704
10705 10700 10703
10703 10704 10706
10705 10703 10707
10707 10703 10706
10707 10706 10708
10705 10707 10709
10710 10707 10708
10709 10707 10710
10711 10709 10710
10711 10710 10712
10713 10714 10715
10713 10716 10714
10716 10717 10714
10718 10716 10713
10716 10719 10717
10718 10720 10716
10720 10719 10716
10720 10721 10719
10718 10722 10720
10723 10721 10720
10722 10723 10720
10724 10723 10722
10724 10725 10723
10726 10727 10728
10727 10726 10729
10726 10730 10729
10727 10729 10731
10727 10731 10732
10732 10731 10733
10733 10734 10732
10733 10731 10735
10736 10737 10738
10736 10738 10739
10739 10738 10740
10739 10740 10741
10741 10740 10742
10741 10742 10743
10743 10742 10744
10743 10744 10745
10745 10744 10746
10745 10746 10747
10747 10746 10748
10747 10748 10749
10750 10751 10736
10750 10752 10751
10753 10752 10750
10753 10754 10752
10755 10754 10753
10755 10756 10754
10757 10756 10755
10757 10758 10756
10759 10758 10757
10759 10760 10758
10749 10760 10759
10749 10761 10760
10762 10763 10764
10763 10765 10764
10763 10766 10765
10766 10767 10765
10766 10768 10767
10768 10769 10767
10768 10770 10769
10770 10771 10769
10770 10772 10771
10772 10773 10771
10774 10775 10776
10774 10776 10777
10778 10774 10777
10778 10777 10779
10780 10778 10779
10780 10779 10781
10782 10780 10781
10782 10781 10783
10784 10782 10783
10784 10783 10785
10786 10784 10785
10786 10785 10787
10788 10789 10776
10788 10790 10789
10790 10791 10789
10790 10792 10791
10792 10793 10791
10792 10794 10793
10794 10795 10793
10794 10796 10795
10796 10797 10795
10796 10798 10797
10798 10787 10797
10798 10799 10787
10800 10801 10802
10803 10802 10801
10803 10804 10802
10805 10804 10803
10805 10806 10804
10807 10806 10805
10807 10808 10806
10809 10808 10807
10809 10810 10808
10810 10809 10811
10812 10813 10814
10815 10812 10814
10816 10812 10815
10817 10812 10816
10812 10817 10818
10812 10818 10819
10820 10821 10822
10820 10822 10823
10824 10820 10823
10822 10825 10823
10822 10826 10825
10824 10823 10827
10825 10827 10823
10828 10824 10827
10825 10829 10827
10828 10827 10830
10830 10827 10829
10831 10832 10833
10831 10834 10832
10835 10834 10831
10835 10831 10836
10837 10834 10835
10832 10834 10838
10837 10838 10834
10832 10838 10839
10840 10838 10837
10841 10839 10838
10841 10838 10840
10842 10843 10844
10842 10844 10845
10846 10842 10845
10846 10845 10847
10848 10849 10850
10848 10850 10851
10852 10848 10851
10852 10851 10853
10854 10855 10856
10854 10856 10857
10858 10854 10857
10858 10857 10859
10860 10861 10862
10860 10862 10863
10864 10865 10866
10867 10864 10866
10867 10868 10864
10869 10870 10871
10869 10872 10870
10869 10873 10872
10874 10875 10876
10874 10876 10877
10874 10877 10878
10879 10878 10877
10879 10880 10878
10879 10881 10880
10882 10881 10879
10883 10882 10879
10883 10884 10882
10885 10884 10883
10885 10883 10886
10886 10887 10885
10888 10889 10890
10888 10891 10889
10888 10892 10891
10893 10891 10892
10893 10892 10894
10893 10894 10895
10896 10893 10895
10896 10891 10893
10896 10897 10891
10898 10891 10897
10898 10899 10891
10899 10898 10900
10901 10902 10903
10901 10903 10904
10905 10904 10903
10905 10906 10904
10907 10906 10905
10907 10908 10906
10908 10907 10909
10908 10909 10910
10911 10910 10909
10911 10912 10910
10913 10912 10911
10913 10914 10912
10913 10915 10914
10913 10916 10915
10917 10915 10916
10917 10916 10918
10918 10919 10917
10918 10920 10919
10919 10920 10921
10919 10921 10922
10922 10921 10923
10922 10923 10924
10924 10923 10925
10924 10925 10926
10927 10926 10925
10927 10925 10928
10928 10929 10927
10930 10931 10932
10930 10932 10933
10934 10930 10933
10934 10933 10935
10932 10936 10933
10933 10936 10935
10932 10937 10936
10936 10937 10938
10935 10936 10939
10939 10936 10938
10939 10938 10940
10935 10939 10941
10939 10940 10942
10939 10942 10941
10942 10940 10943
10942 10943 10944
10942 10944 10945
10946 10942 10945
10941 10942 10946
10947 10946 10945
10948 10946 10947
10941 10946 10948
10948 10947 10949
10948 10949 10950
10941 10948 10951
10951 10948 10950
10952 10951 10950
10941 10951 10953
10951 10952 10954
10953 10951 10955
10954 10955 10951
10954 10956 10955
10957 10955 10956
10953 10955 10958
10957 10959 10955
10955 10959 10958
10957 10960 10959
10960 10961 10959
10959 10961 10958
10961 10960 10962
10963 10961 10962
10958 10961 10964
10963 10964 10961
10965 10958 10964
10966 10964 10963
10965 10964 10966
10966 10963 10967
10968 10966 10967
10965 10966 10968
10965 10968 10969
10968 10967 10970
10968 10970 10971
10969 10968 10971
10965 10969 10972
10969 10971 10973
10969 10974 10972
10969 10973 10975
10976 10974 10969
10976 10969 10975
10977 10978 10979
10977 10979 10980
10981 10977 10980
10981 10982 10977
10983 10981 10980
10983 10984 10981
10981 10985 10982
10984 10986 10981
10985 10981 10986
10986 10984 10987
10985 10986 10988
10988 10986 10987
10987 10989 10988
10988 10989 10990
10991 10985 10988
10992 10988 10990
10991 10988 10992
10990 10993 10992
10992 10993 10994
10995 10991 10992
10995 10992 10994
10995 10994 10996
10995 10996 10997
10995 10998 10991
10995 10997 10999
10998 10995 10999
10997 11000 10999
11001 10999 11000
10998 10999 11001
11001 11000 11002
11001 11002 11003
10998 11001 11004
11004 11001 11003
11005 10998 11004
11006 11005 11004
11004 11003 11007
11006 11004 11007
11006 11007 11008
11006 11008 11009
11006 11009 11010
11011 11005 11006
11012 11006 11010
11011 11006 11012
11012 11010 11013
11013 11014 11012
11011 11012 11014
11013 11015 11014
11014 11015 11016
11014 11016 11017
11011 11014 11017
11017 11016 11018
11019 11017 11018
11011 11017 11019
11020 11019 11018
11019 11020 11021
11011 11019 11022
11022 11019 11021
11021 11023 11022
11011 11022 11024
11023 11025 11022
11025 11024 11022
11023 11026 11025
11025 11026 11027
11024 11025 11028
11028 11025 11027
11024 11028 11029
11027 11030 11028
11031 11029 11028
11031 11028 11030
11032 11033 11034
11032 11035 11033
11036 11035 11032
11036 11037 11035
11035 11038 11033
11037 11038 11035
11033 11038 11039
11038 11040 11039
11037 11041 11038
11040 11038 11041
11042 11040 11041
11037 11043 11041
11042 11041 11044
11043 11044 11041
11044 11045 11042
11044 11046 11045
11044 11047 11046
11048 11047 11044
11043 11048 11044
11049 11047 11048
11049 11048 11050
11043 11050 11048
11049 11050 11051
11050 11052 11051
11053 11050 11043
11053 11052 11050
11054 11052 11053
11053 11043 11055
11053 11056 11054
11055 11057 11053
11056 11053 11057
11056 11057 11058
11059 11058 11057
11055 11060 11057
11059 11057 11061
11057 11060 11061
11059 11061 11062
11061 11063 11062
11061 11060 11063
11063 11064 11062
11063 11065 11064
11060 11066 11063
11063 11066 11065
11067 11066 11060
11068 11065 11066
11067 11068 11066
11068 11069 11065
11070 11069 11068
11067 11070 11068
11067 11071 11070
11070 11072 11069
11070 11073 11072
11071 11073 11070
11067 11074 11071
11071 11075 11073
11071 11074 11076
11071 11077 11075
11078 11071 11076
11078 11077 11071
11079 11080 11081
11079 11082 11080
11082 11079 11083
11084 11083 11079
11084 11085 11083
11086 11082 11083
11085 11086 11083
11087 11082 11086
11087 11086 11088
11086 11089 11088
11085 11089 11086
11089 11090 11088
11085 11091 11089
11091 11090 11089
11090 11091 11092
11091 11093 11092
11094 11091 11085
11095 11093 11091
11094 11095 11091
11093 11095 11096
11095 11097 11096
11094 11098 11095
11098 11097 11095
11098 11099 11097
11098 11100 11099
11094 11101 11098
11098 11102 11100
11101 11102 11098
11100 11102 11103
11104 11103 11102
11101 11104 11102
11104 11105 11103
11104 11106 11105
11107 11104 11101
11106 11104 11107
11107 11101 11108
11109 11107 11108
11110 11106 11107
11109 11110 11107
11109 11111 11110
11109 11112 11111
11109 11113 11112
11114 11109 11108
11115 11113 11109
11114 11115 11109
11115 11116 11113
11116 11115 11117
11114 11117 11115
11116 11117 11118
11118 11117 11119
11114 11119 11117
11118 11119 11120
11119 11121 11120
11122 11121 11119
11114 11122 11119
11123 11121 11122
11122 11124 11123
11114 11125 11122
11125 11124 11122
11124 11125 11126
11114 11127 11125
11126 11125 11128
11128 11125 11127
11126 11128 11129
11128 11130 11129
11127 11131 11128
11131 11130 11128
11127 11132 11131
11130 11131 11133
11134 11131 11132
11134 11133 11131
11135 11136 11137
11136 11138 11137
11138 11136 11139
11137 11138 11140
11138 11139 11141
11138 11142 11140
11138 11141 11142
11137 11140 11143
11144 11137 11143
11145 11137 11144
11144 11143 11146
11136 11145 11147
11146 11143 11148
11149 11146 11148
11143 11140 11150
11143 11150 11148
11149 11148 11151
11149 11151 11152
11140 11153 11150
11140 11142 11153
11148 11150 11154
11148 11154 11151
11154 11150 11153
11152 11151 11155
11155 11151 11154
11152 11155 11156
11157 11156 11155
11157 11155 11158
11158 11155 11159
11155 11154 11159
11158 11159 11160
11159 11154 11161
11154 11153 11161
11160 11159 11162
11159 11161 11162
11160 11162 11163
11163 11162 11164
11163 11164 11165
11166 11165 11164
11162 11161 11167
11162 11167 11164
11166 11164 11168
11168 11164 11167
11168 11169 11166
11168 11170 11169
11171 11170 11168
11168 11167 11171
11171 11172 11170
11161 11173 11167
11161 11153 11173
11171 11167 11173
11174 11172 11171
11171 11173 11174
11174 11175 11172
11175 11174 11176
11173 11176 11174
11175 11176 11177
11153 11178 11173
11173 11178 11176
11153 11142 11178
11179 11177 11176
11178 11179 11176
11179 11180 11177
11181 11178 11142
11178 11181 11179
11181 11142 11141
11180 11179 11182
11182 11179 11181
11180 11182 11183
11141 11184 11181
11182 11181 11184
11141 11139 11184
11183 11182 11185
11185 11182 11184
11183 11185 11186
11187 11184 11139
11185 11184 11187
11188 11186 11185
11187 11188 11185
11188 11189 11186
11187 11139 11190
11136 11190 11139
11187 11191 11188
11190 11191 11187
11192 11189 11188
11191 11192 11188
11192 11193 11189
11136 11194 11190
11136 11147 11194
11190 11195 11191
11194 11195 11190
11194 11147 11196
11194 11196 11195
11147 11197 11196
11198 11193 11192
11198 11199 11193
11191 11200 11192
11195 11200 11191
11200 11198 11192
11197 11201 11196
11197 11202 11201
11201 11202 11203
11196 11204 11195
11195 11204 11200
11196 11201 11204
11201 11203 11205
11204 11201 11205
11204 11206 11200
11200 11206 11198
11204 11205 11206
11207 11199 11198
11207 11208 11199
11208 11207 11209
11208 11209 11210
11211 11198 11206
11211 11207 11198
11205 11211 11206
11207 11211 11209
11203 11212 11205
11205 11212 11211
11211 11212 11209
11203 11213 11212
11212 11213 11209
11213 11214 11209
11215 11210 11209
11214 11215 11209
11215 11216 11210
11214 11217 11215
11216 11215 11218
11217 11218 11215
11216 11218 11219
11217 11220 11218
11221 11222 11223
11222 11224 11223
11222 11225 11224
11225 11226 11224
11227 11226 11225
11227 11228 11226
11227 11229 11228
11229 11230 11228
11229 11231 11230
11232 11230 11231
11232 11233 11230
11226 11228 11234
11234 11228 11230
11233 11235 11230
11234 11230 11235
11233 11236 11235
11224 11226 11237
11226 11234 11237
11236 11238 11235
11236 11239 11238
11224 11237 11240
11223 11224 11240
11235 11241 11234
11235 11238 11241
11242 11237 11234
11240 11237 11242
11242 11234 11241
11239 11243 11238
11239 11244 11243
11245 11243 11244
11238 11246 11241
11238 11243 11246
11245 11247 11243
11247 11246 11243
11247 11245 11248
11247 11248 11249
11250 11247 11249
11247 11250 11246
11250 11249 11251
11252 11241 11246
11250 11252 11246
11252 11242 11241
11253 11250 11251
11250 11253 11252
11253 11251 11254
11255 11253 11254
11255 11252 11253
11255 11254 11256
11257 11242 11252
11255 11257 11252
11258 11255 11256
11257 11255 11258
11258 11256 11259
11257 11260 11242
11240 11242 11260
11261 11258 11259
11261 11259 11262
11257 11258 11263
11263 11260 11257
11261 11263 11258
11260 11264 11240
11223 11240 11264
11265 11261 11262
11265 11262 11266
11261 11267 11263
11265 11267 11261
11263 11268 11260
11260 11268 11264
11267 11268 11263
11269 11223 11264
11270 11223 11269
11269 11271 11270
11272 11264 11268
11267 11272 11268
11272 11269 11264
11273 11265 11266
11273 11266 11274
11265 11275 11267
11272 11267 11275
11275 11265 11273
11269 11272 11276
11272 11275 11276
11269 11277 11271
11269 11276 11277
11278 11273 11274
11278 11274 11279
11275 11273 11280
11276 11275 11280
11280 11273 11278
11277 11281 11271
11271 11281 11282
11277 11276 11283
11276 11280 11283
11277 11283 11281
11284 11278 11279
11284 11279 11285
11280 11278 11286
11283 11280 11286
11286 11278 11284
11282 11281 11287
11282 11287 11288
11287 11289 11288
11281 11283 11290
11283 11286 11290
11281 11290 11287
11287 11291 11289
11290 11291 11287
11290 11286 11292
11286 11284 11292
11290 11292 11291
11293 11284 11285
11293 11285 11294
11295 11293 11294
11295 11294 11296
11297 11292 11284
11297 11284 11293
11291 11292 11297
11293 11295 11297
11289 11291 11298
11291 11297 11298
11297 11295 11298
11289 11298 11299
11298 11295 11299
11299 11295 11300
11301 11295 11296
11300 11295 11301
11301 11296 11302
11300 11301 11303
11304 11301 11302
11303 11301 11304
11304 11302 11305
11303 11304 11306
11307 11308 11309
11307 11309 11310
11311 11307 11310
11311 11310 11312
11313 11311 11312
11313 11312 11314
11315 11313 11314
11315 11314 11316
11317 11315 11316
11317 11316 11318
11319 11317 11318
11319 11318 11320
11319 11320 11321
11319 11321 11322
11322 11321 11323
11322 11323 11324
11325 11324 11323
11325 11326 11324
11327 11326 11325
11327 11325 11328
11329 11327 11328
11329 11328 11330
11331 11329 11330
11331 11330 11332
11331 11332 11333
11331 11333 11334
11334 11333 11335
11336 11337 11338
11336 11339 11337
11340 11339 11336
11340 11341 11339
11337 11339 11342
11339 11341 11342
11337 11342 11343
11342 11344 11343
11341 11345 11342
11345 11344 11342
11345 11346 11344
11341 11347 11345
11345 11348 11346
11345 11347 11348
11348 11349 11346
11348 11350 11349
11348 11351 11350
11352 11351 11348
11347 11352 11348
11353 11351 11352
11353 11352 11354
11347 11354 11352
11353 11354 11355
11354 11356 11355
11357 11354 11347
11357 11356 11354
11358 11356 11357
11357 11347 11359
11357 11360 11358
11359 11361 11357
11360 11357 11361
11360 11361 11362
11363 11362 11361
11359 11364 11361
11363 11361 11365
11361 11364 11365
11363 11365 11366
11366 11365 11367
11365 11364 11367
11367 11368 11366
11367 11369 11368
11364 11370 11367
11367 11370 11369
11371 11370 11364
11372 11369 11370
11371 11372 11370
11372 11373 11369
11374 11373 11372
11371 11374 11372
11371 11375 11374
11374 11376 11373
11374 11377 11376
11375 11377 11374
11371 11378 11375
11375 11379 11377
11375 11378 11380
11375 11381 11379
11382 11375 11380
11382 11381 11375
11383 11384 11385
11383 11386 11384
11387 11386 11383
11388 11387 11383
11389 11386 11387
11389 11387 11390
11388 11391 11387
11390 11387 11392
11391 11392 11387
11392 11393 11390
11391 11394 11392
11394 11393 11392
11393 11394 11395
11394 11396 11395
11397 11394 11391
11398 11396 11394
11397 11398 11394
11396 11398 11399
11398 11400 11399
11397 11401 11398
11401 11400 11398
11401 11402 11400
11401 11403 11402
11397 11404 11401
11401 11405 11403
11404 11405 11401
11403 11405 11406
11407 11406 11405
11404 11407 11405
11407 11408 11406
11407 11409 11408
11404 11410 11407
11410 11409 11407
11411 11410 11404
11412 11410 11411
11410 11413 11409
11412 11413 11410
11412 11414 11413
11412 11415 11414
11412 11416 11415
11417 11412 11411
11418 11416 11412
11417 11418 11412
11418 11419 11416
11419 11418 11420
11417 11420 11418
11419 11420 11421
11422 11421 11420
11422 11420 11423
11417 11423 11420
11423 11424 11422
11425 11424 11423
11417 11425 11423
11426 11424 11425
11425 11427 11426
11417 11428 11425
11428 11427 11425
11427 11428 11429
11417 11430 11428
11429 11428 11431
11431 11428 11430
11429 11431 11432
11431 11433 11432
11430 11434 11431
11434 11433 11431
11430 11435 11434
11433 11434 11436
11437 11434 11435
11437 11436 11434
11438 11439 11440
11438 11440 11441
11442 11438 11441
11442 11441 11443
11441 11440 11444
11443 11441 11444
11440 11445 11444
11444 11445 11446
11443 11444 11447
11446 11447 11444
11448 11447 11446
11443 11447 11449
11448 11450 11447
11449 11447 11450
11450 11448 11451
11450 11451 11452
11450 11452 11453
11454 11450 11453
11449 11450 11454
11455 11454 11453
11456 11454 11455
11449 11454 11456
11456 11455 11457
11456 11457 11458
11449 11456 11459
11459 11456 11458
11460 11459 11458
11449 11459 11461
11459 11460 11462
11461 11459 11463
11462 11463 11459
11462 11464 11463
11465 11463 11464
11461 11463 11466
11465 11467 11463
11463 11467 11466
11465 11468 11467
11467 11468 11469
11467 11469 11466
11469 11468 11470
11471 11469 11470
11466 11469 11472
11471 11472 11469
11473 11466 11472
11474 11472 11471
11473 11472 11474
11474 11471 11475
11476 11474 11475
11473 11474 11476
11473 11476 11477
11476 11475 11478
11476 11478 11479
11477 11476 11479
11473 11477 11480
11477 11479 11481
11477 11482 11480
11477 11481 11483
11484 11482 11477
11484 11477 11483
11485 11486 11487
11485 11487 11488
11488 11489 11485
11489 11490 11485
11489 11491 11490
11492 11489 11488
11491 11489 11492
11493 11492 11488
11493 11494 11492
11492 11494 11495
11491 11492 11495
11495 11494 11496
11491 11495 11497
11497 11495 11496
11496 11498 11497
11497 11498 11499
11500 11491 11497
11501 11497 11499
11500 11497 11501
11499 11502 11501
11501 11502 11503
11504 11500 11501
11504 11501 11503
11504 11503 11505
11504 11505 11506
11504 11507 11500
11504 11506 11508
11507 11504 11508
11506 11509 11508
11510 11508 11509
11507 11508 11510
11510 11509 11511
11510 11511 11512
11513 11507 11510
11512 11513 11510
11513 11514 11507
11515 11514 11513
11516 11513 11512
11515 11513 11516
11515 11516 11517
11515 11517 11518
11515 11518 11519
11520 11514 11515
11521 11515 11519
11520 11515 11521
11521 11519 11522
11522 11523 11521
11520 11521 11523
11522 11524 11523
11524 11525 11523
11520 11523 11525
11524 11526 11525
11525 11526 11527
11528 11525 11527
11520 11525 11528
11529 11528 11527
11528 11529 11530
11520 11528 11531
11531 11528 11530
11530 11532 11531
11520 11531 11533
11532 11534 11531
11534 11533 11531
11532 11535 11534
11534 11535 11536
11533 11534 11537
11537 11534 11536
11533 11537 11538
11536 11539 11537
11540 11538 11537
11540 11537 11539
11541 11542 11543
11542 11544 11543
11545 11543 11544
11542 11546 11544
11542 11547 11546
11548 11549 11550
11551 11550 11549
11552 11550 11551
11551 11549 11553
11549 11554 11553
11555 11556 11557
11556 11558 11557
11556 11559 11558
11560 11561 11562
11560 11562 11563
11564 11563 11562
11564 11565 11563
11566 11560 11563
11567 11563 11565
11566 11563 11567
11567 11565 11568
11569 11567 11568
11570 11566 11567
11569 11570 11567
11570 11571 11566
11572 11571 11570
11573 11570 11569
11572 11570 11573
11572 11573 11574
11573 11569 11575
11573 11575 11576
11577 11578 11579
11580 11578 11577
11581 11578 11580
11580 11577 11582
11581 11580 11583
11583 11580 11582
11583 11582 11584
11583 11584 11585
11581 11583 11586
11585 11586 11583
11585 11587 11586
11586 11587 11588
11589 11590 11591
11589 11591 11592
11592 11593 11589
11592 11594 11593
11595 11594 11592
11596 11592 11591
11595 11592 11597
11596 11597 11592
11596 11598 11597
11599 11598 11596
11600 11598 11599
11600 11601 11598
11598 11601 11602
11602 11597 11598
11602 11603 11597
11597 11603 11604
11605 11606 11607
11605 11608 11606
11608 11609 11606
11609 11608 11610
11611 11608 11605
11608 11612 11610
11611 11613 11608
11613 11612 11608
11611 11614 11613
11612 11613 11614
11614 11615 11612
11616 11617 11618
11618 11619 11616
11620 11616 11619
11619 11618 11621
11620 11619 11621
11621 11618 11622
11623 11621 11622
11620 11621 11624
11623 11624 11621
11624 11623 11625
11624 11625 11626
11620 11624 11627
11628 11624 11626
11627 11624 11628
11627 11628 11629
11630 11631 11632
11630 11633 11631
11630 11632 11634
11635 11634 11632
11630 11636 11633
11637 11633 11636
11637 11636 11638
11637 11638 11639
11639 11638 11640
11641 11638 11636
11640 11638 11641
11641 11636 11642
11630 11642 11636
11643 11640 11641
11642 11643 11641
11644 11640 11643
11644 11643 11645
11645 11643 11646
11642 11646 11643
11645 11646 11647
11630 11648 11642
11648 11646 11642
11647 11646 11649
11648 11649 11646
11647 11649 11650
11650 11649 11651
11648 11651 11649
11650 11651 11652
11653 11648 11630
11648 11653 11651
11653 11630 11634
11652 11651 11654
11654 11651 11653
11652 11654 11655
11656 11655 11654
11656 11657 11655
11656 11658 11657
11656 11659 11658
11656 11660 11659
11656 11661 11660
11661 11656 11662
11662 11656 11663
11663 11656 11654
11653 11634 11664
11635 11664 11634
11665 11664 11635
11663 11664 11665
11665 11635 11666
11665 11666 11667
11665 11667 11668
11669 11665 11668
11665 11669 11670
11665 11670 11671
11663 11665 11671
11654 11653 11672
11653 11664 11672
11663 11672 11664
11663 11654 11672
