byte offset: 0
first index: 0
index count: 11880
topology: trianglelist
format: DXGI_FORMAT_R16_UINT

0 1 2
2 3 4
2 4 5
6 7 8
9 6 10
11 12 13
14 15 16
15 17 18
15 18 19
20 21 22
21 23 24
21 25 23
26 23 25
26 27 23
28 27 26
28 29 27
28 30 29
28 31 30
30 31 32
30 32 33
33 34 35
33 35 36
36 35 37
38 39 40
41 42 38
43 44 45
46 47 48
49 50 48
49 51 50
52 50 51
52 51 53
54 52 53
54 53 55
54 55 56
54 56 57
56 58 57
56 59 58
59 60 61
59 62 60
60 62 63
64 65 66
64 67 65
68 67 64
67 69 65
67 68 69
70 71 72
70 73 71
74 73 70
73 75 71
73 74 75
76 77 78
79 77 76
79 76 80
81 79 80
81 82 79
82 81 83
82 83 84
83 85 84
83 86 85
87 85 86
87 88 85
88 87 89
88 89 90
89 91 90
89 92 91
91 92 93
91 93 94
94 93 95
94 95 96
97 96 95
97 95 98
98 99 97
98 100 99
100 101 99
100 102 101
103 101 102
103 104 101
104 103 105
104 105 106
105 107 106
108 109 110
111 108 110
111 110 112
113 111 112
113 112 114
114 115 113
114 116 115
116 117 115
116 118 117
119 117 118
119 118 120
120 121 119
120 122 121
122 123 121
122 124 123
124 125 123
124 126 125
126 127 125
126 128 127
129 127 128
129 130 127
130 129 131
130 131 132
131 133 132
131 134 133
135 133 134
135 134 136
136 137 135
136 138 137
137 138 139
140 141 142
142 141 143
142 143 144
144 145 142
146 142 145
147 142 146
147 146 148
147 148 149
147 149 150
151 150 149
152 150 151
152 153 150
154 153 152
154 155 153
156 157 158
156 158 159
159 160 156
156 160 161
161 160 162
161 162 163
164 163 162
159 158 165
166 165 158
167 160 159
159 165 167
168 165 166
167 165 168
169 160 167
162 160 169
167 168 169
166 170 168
166 171 170
172 170 171
168 173 169
168 170 173
162 169 173
172 174 170
174 173 170
162 173 175
174 175 173
176 174 172
176 172 177
178 174 176
178 175 174
175 178 179
162 175 180
175 179 180
164 162 180
164 180 179
164 179 181
182 181 179
182 179 183
183 184 182
177 185 176
178 176 185
177 186 185
187 179 178
183 179 187
178 185 187
188 185 186
188 186 189
190 188 189
191 187 185
183 187 191
191 185 188
190 192 188
192 190 193
188 194 191
188 192 194
194 183 191
192 193 195
194 192 195
183 194 196
194 195 196
183 196 197
195 197 196
183 197 184
198 195 193
195 198 197
197 198 184
198 193 199
198 200 184
198 199 200
201 202 203
201 204 202
205 204 201
206 204 205
205 201 207
208 207 201
206 205 209
209 210 206
208 211 207
208 212 211
213 211 212
213 214 211
211 214 215
216 214 213
216 217 214
215 214 217
218 207 211
211 215 218
219 217 216
219 216 220
221 219 220
221 222 219
222 221 223
224 217 219
222 224 219
222 223 225
225 223 226
215 217 227
224 227 217
228 222 225
222 228 224
229 227 224
230 229 224
230 224 228
229 231 227
215 227 231
215 231 232
215 232 233
228 234 230
215 233 218
228 225 235
228 235 234
225 226 236
235 225 236
226 237 236
226 238 237
237 238 239
234 235 240
235 236 240
240 236 237
234 240 241
242 241 240
243 218 233
218 243 207
242 240 244
237 244 240
243 233 245
245 233 246
245 246 247
248 207 243
245 248 243
248 205 207
249 245 247
245 249 248
249 247 250
251 249 250
251 252 249
248 249 252
252 251 253
254 205 248
248 252 254
254 209 205
255 254 252
255 209 254
252 253 256
255 252 256
255 257 209
209 257 210
258 256 253
258 253 259
260 258 259
256 261 255
257 255 261
256 258 261
210 257 262
257 261 262
210 262 263
260 264 258
261 258 264
262 261 265
261 264 265
263 262 266
262 265 266
263 266 267
268 267 266
269 264 260
269 260 270
269 270 271
272 265 264
266 265 272
272 264 269
268 266 273
266 272 273
274 268 273
272 275 273
274 273 275
276 272 269
272 276 275
277 274 275
277 275 276
277 278 274
269 271 279
276 269 279
280 278 277
280 281 278
282 281 280
282 280 283
284 283 280
284 280 277
284 285 283
277 276 286
284 277 286
276 279 287
276 287 286
288 279 271
288 287 279
287 289 286
286 289 284
288 289 287
284 290 285
284 289 290
285 290 291
271 292 288
271 293 292
293 294 292
293 295 294
288 296 289
296 288 292
290 297 291
291 297 298
297 299 298
289 300 290
300 297 290
296 300 289
300 301 297
297 301 299
295 302 294
295 303 302
304 302 303
304 305 302
305 304 306
296 307 300
300 307 301
296 308 307
308 301 307
309 299 301
309 301 308
310 309 308
296 311 308
296 292 311
294 311 292
312 308 311
310 308 312
313 310 312
312 311 314
294 314 311
314 313 312
294 315 314
314 315 313
294 316 315
302 316 294
305 316 302
317 316 305
317 315 316
318 317 305
305 306 318
319 318 306
319 306 320
318 321 317
319 321 318
322 315 317
317 321 323
317 323 322
322 324 315
324 313 315
324 322 323
319 325 321
325 323 321
324 323 326
324 327 313
327 324 326
325 328 323
328 326 323
319 329 325
320 330 319
319 330 329
325 331 328
325 329 331
327 332 313
327 326 333
333 332 327
328 334 326
334 333 326
335 328 331
334 328 335
332 336 313
313 336 310
337 310 336
338 329 330
339 329 338
339 331 329
338 330 340
341 331 339
335 331 341
341 339 342
343 340 330
343 344 340
320 343 330
345 344 343
346 343 320
345 343 346
346 320 347
346 348 345
347 349 346
346 349 348
347 350 349
348 349 351
349 352 351
351 352 353
354 349 350
354 350 355
352 356 353
357 354 355
357 356 354
358 353 356
357 359 356
358 356 359
358 359 360
357 361 359
362 360 359
361 363 359
362 359 363
361 364 363
365 364 361
362 363 366
366 363 364
362 366 367
366 368 367
366 369 368
370 368 369
366 364 371
371 369 366
370 369 372
373 370 372
371 374 369
374 372 369
375 371 364
375 374 371
365 376 364
375 364 376
377 376 365
375 376 377
377 365 378
379 377 378
373 372 380
381 373 380
382 377 379
382 379 383
375 377 384
384 377 382
384 385 375
375 385 374
374 386 372
380 372 386
381 380 387
388 381 387
384 389 385
382 389 384
374 385 390
374 390 386
389 390 385
380 386 391
387 380 391
388 387 392
392 393 388
386 390 394
386 394 391
389 395 390
395 394 390
382 396 389
396 395 389
397 395 396
398 395 397
395 398 394
387 391 399
392 387 399
392 400 393
400 401 393
402 396 382
382 383 402
403 391 394
399 391 403
404 394 398
403 394 404
392 399 405
405 400 392
406 399 403
406 405 399
406 403 404
400 407 401
408 401 407
405 409 400
409 405 406
409 407 400
410 402 383
410 383 411
412 410 411
413 402 410
402 413 396
396 413 397
406 404 414
409 406 415
414 415 406
409 416 407
416 409 415
414 404 417
404 398 417
417 398 397
418 407 416
408 407 418
419 408 418
419 420 408
420 419 421
420 421 422
421 423 422
414 424 415
414 417 425
425 424 414
426 425 417
426 417 397
397 427 426
428 425 426
425 428 424
424 429 415
416 415 429
416 429 430
424 431 429
428 431 424
430 429 431
427 432 426
428 426 432
416 430 433
418 416 433
434 418 433
430 434 433
434 419 418
419 434 435
419 435 421
430 436 434
436 435 434
435 437 421
421 437 423
423 437 438
423 438 439
439 438 440
439 440 441
442 441 440
442 443 441
444 443 442
435 445 437
437 446 438
437 445 446
447 440 438
447 438 446
436 448 435
448 445 435
436 449 448
449 445 448
446 445 450
449 450 445
436 451 449
451 436 430
452 442 440
452 440 447
447 446 453
446 450 453
454 450 449
451 454 449
451 430 455
430 431 455
451 456 454
456 451 455
455 431 457
428 457 431
456 455 458
455 457 458
459 457 428
458 457 459
459 428 432
460 456 458
460 454 456
460 461 454
461 460 462
460 458 463
458 459 463
462 460 463
464 459 432
463 459 464
462 463 464
427 464 432
461 465 454
454 465 450
466 450 465
465 461 466
466 453 450
464 467 462
464 427 467
468 453 466
461 469 466
469 468 466
468 470 453
447 453 470
471 447 470
471 452 447
472 470 468
472 471 470
473 472 468
473 468 469
471 474 452
442 452 474
471 472 475
472 473 475
442 474 476
444 442 476
444 476 477
444 477 478
479 478 477
471 480 474
471 475 480
481 476 474
481 477 476
482 474 480
482 481 474
475 482 480
475 483 482
484 483 475
473 484 475
485 477 481
473 486 484
479 477 487
485 487 477
479 487 488
489 488 487
490 488 489
485 491 487
485 492 491
491 492 493
490 489 494
491 493 494
495 490 494
496 494 493
497 495 494
496 497 494
497 498 495
497 496 499
498 497 500
497 499 500
498 500 501
500 502 501
500 503 502
499 503 500
504 502 503
499 505 503
505 499 506
504 503 507
505 507 503
508 504 507
508 507 509
510 508 509
505 511 507
511 509 507
505 506 512
505 513 511
505 512 513
514 512 506
514 506 515
512 516 513
512 514 516
511 513 517
516 517 513
511 518 509
511 517 518
518 517 519
510 509 520
520 509 518
515 521 514
515 522 521
523 521 522
523 524 521
525 524 523
521 526 514
524 526 521
516 514 526
516 527 517
519 517 527
516 526 528
527 516 528
524 528 526
525 529 524
530 529 525
519 527 531
527 528 531
524 532 528
528 337 531
532 337 528
524 533 532
524 529 533
534 519 531
337 534 531
535 532 533
532 535 337
337 535 310
310 535 536
535 533 536
310 536 309
537 533 529
537 536 533
534 337 538
337 336 538
309 536 539
309 539 299
534 540 519
540 534 538
537 529 541
530 541 529
336 542 538
332 542 336
543 542 332
333 543 332
538 542 544
543 544 542
540 538 545
538 544 545
519 540 546
546 540 545
547 543 333
334 547 333
548 544 543
547 548 543
545 544 549
548 549 544
550 547 334
550 334 335
550 335 341
547 551 548
547 550 551
551 549 548
550 341 552
552 551 550
552 341 342
552 342 553
553 554 552
552 554 551
553 555 554
545 549 556
546 545 556
551 557 549
554 557 551
556 549 557
555 558 554
554 558 557
555 559 558
556 557 560
560 557 558
546 556 560
561 558 559
560 558 561
561 559 562
563 561 562
563 564 561
564 560 561
564 563 510
564 510 520
564 565 560
546 560 565
565 564 520
565 566 546
519 546 566
518 519 566
520 518 567
565 520 567
567 518 566
565 567 566
568 569 570
568 570 571
571 572 568
573 571 570
573 570 574
575 573 574
575 576 573
576 575 577
576 577 578
579 571 573
576 579 573
580 576 578
576 580 579
580 578 581
580 581 582
571 583 572
579 583 571
580 582 584
584 579 580
585 572 583
585 586 572
585 587 586
583 579 588
584 588 579
583 588 585
582 589 584
582 590 589
590 591 589
590 592 591
584 593 588
584 589 593
585 588 593
591 593 589
585 594 587
585 593 594
595 587 594
595 596 587
594 593 597
591 597 593
594 597 595
595 597 598
598 597 591
599 596 595
595 598 599
599 600 596
601 600 599
601 599 598
601 602 600
603 602 601
603 601 604
605 604 601
601 598 605
605 606 604
607 606 605
598 607 605
607 608 606
598 591 609
598 609 607
610 608 607
610 611 608
609 591 612
612 591 592
612 592 613
609 614 607
607 614 610
615 611 610
615 616 611
617 612 613
617 613 618
609 612 619
619 614 609
619 612 617
620 610 614
620 614 619
620 615 610
616 615 621
616 621 622
623 621 615
623 615 620
620 624 623
620 619 625
620 625 624
619 617 625
626 624 625
626 625 617
626 617 618
626 618 627
628 629 630
629 631 630
629 632 631
632 629 633
634 633 629
635 634 629
635 636 634
635 637 636
635 638 637
639 637 638
640 639 638
640 638 641
642 640 641
642 641 643
644 645 646
644 647 645
647 644 648
644 649 648
649 650 648
649 651 650
652 650 651
647 653 645
654 645 653
655 647 648
647 655 653
656 654 653
655 656 653
657 655 648
650 657 648
655 657 656
654 656 658
654 658 659
660 659 658
656 657 661
656 661 658
650 661 657
660 658 662
662 658 661
650 663 661
662 661 663
664 660 662
664 665 660
666 664 662
666 662 663
663 667 666
650 668 663
663 668 667
652 668 650
652 667 668
652 669 667
670 667 669
670 671 667
671 670 672
665 664 673
666 673 664
665 673 674
675 666 667
671 675 667
666 675 673
676 674 673
676 677 674
678 677 676
679 673 675
671 679 675
679 676 673
678 676 680
680 681 678
676 679 682
676 682 680
682 679 671
680 683 681
682 683 680
671 684 682
682 684 683
671 685 684
683 684 685
671 672 685
686 681 683
683 685 686
685 672 686
686 687 681
686 672 688
686 688 687
689 690 691
689 691 692
693 692 691
693 691 694
693 694 695
696 689 692
692 693 697
692 697 696
696 698 689
698 699 689
698 700 699
700 701 699
700 702 701
700 703 702
700 704 703
704 700 698
704 698 705
705 698 696
705 696 706
706 707 705
706 708 707
706 709 708
710 706 696
710 696 697
706 710 709
710 697 711
693 711 697
709 710 712
710 711 712
713 712 711
709 712 714
714 712 713
714 713 715
693 716 711
693 695 716
716 717 711
713 711 717
718 713 717
719 716 695
716 719 717
719 718 717
719 695 720
721 719 720
719 721 718
721 720 722
723 721 722
723 718 721
723 722 724
725 723 724
725 726 723
727 723 726
723 727 718
727 726 728
729 727 728
718 727 729
729 728 730
718 729 731
718 731 713
732 729 730
732 730 733
731 734 713
734 715 713
734 735 715
731 729 736
729 732 736
737 732 733
737 733 738
739 735 734
739 740 735
731 741 734
741 731 736
741 739 734
742 736 732
742 741 736
742 732 737
738 743 737
738 744 743
745 737 743
745 742 737
742 745 746
742 747 741
742 746 747
741 747 739
748 747 746
748 739 747
748 740 739
748 749 740
750 751 752
750 752 753
754 750 753
755 754 753
754 756 750
757 750 756
755 758 754
758 755 759
757 756 760
757 760 761
762 761 760
762 760 763
760 764 763
765 762 763
765 763 766
764 766 763
767 760 756
760 767 764
768 765 766
768 769 765
770 769 768
770 768 771
771 772 770
773 768 766
771 768 773
771 774 772
774 775 772
764 776 766
773 766 776
777 774 771
771 773 777
767 756 778
764 767 779
778 779 767
780 778 756
780 756 754
778 781 779
781 778 780
782 780 754
782 754 758
764 783 776
784 773 776
784 776 783
764 785 783
764 779 785
785 786 783
786 784 783
785 787 786
787 785 779
787 779 788
781 788 779
786 789 784
781 790 788
791 784 789
792 773 784
791 792 784
792 777 773
793 790 781
793 794 790
781 780 793
795 794 793
796 792 791
777 792 796
796 791 797
780 798 793
795 793 798
780 782 798
798 799 795
800 798 782
800 782 758
798 801 799
800 801 798
800 758 802
758 759 802
803 799 801
803 804 799
805 804 803
801 800 806
802 806 800
801 806 803
759 807 802
802 807 806
759 808 807
805 803 809
806 809 803
808 810 807
808 811 810
812 810 811
807 813 806
806 813 809
807 810 813
814 805 809
814 815 805
814 530 815
816 809 813
810 816 813
816 814 809
812 817 810
810 817 816
818 817 812
814 819 530
541 530 819
816 817 820
818 820 817
821 814 816
821 819 814
816 820 821
822 820 818
822 821 820
822 818 823
541 819 824
821 824 819
541 824 825
541 825 537
821 826 824
822 826 821
824 826 825
827 822 823
827 823 828
829 827 828
829 830 827
831 826 822
831 822 827
831 827 830
826 831 825
831 830 832
831 832 833
831 833 825
832 834 833
537 825 835
825 833 835
833 834 836
835 833 836
834 837 836
836 837 299
836 299 539
835 836 539
537 835 838
835 539 838
537 838 536
536 838 539
839 840 841
839 841 842
842 841 843
842 843 844
845 846 847
845 847 848
849 848 847
849 850 848
851 849 852
851 852 853
852 854 853
852 855 854
853 854 856
853 856 857
858 857 856
858 856 859
860 858 859
860 861 858
862 861 860
862 860 863
864 858 861
864 865 858
866 867 868
867 869 868
867 870 869
867 871 870
868 869 872
869 870 873
869 873 872
870 871 467
467 427 870
427 873 870
874 467 871
875 874 871
467 874 462
876 873 427
876 427 397
876 877 873
872 873 877
878 876 397
877 876 878
878 397 413
868 872 879
872 877 880
872 880 879
877 878 881
877 881 880
882 878 413
878 882 881
868 879 883
884 883 879
868 883 885
886 885 883
880 887 879
887 884 879
880 881 888
887 880 888
882 413 889
413 410 889
890 889 410
412 890 410
412 891 890
412 892 891
893 891 892
893 894 891
891 894 895
890 896 889
891 896 890
896 882 889
882 897 881
888 881 897
891 895 898
891 898 896
899 898 895
896 898 899
899 895 900
901 899 900
896 902 882
902 897 882
896 899 902
902 903 897
899 903 902
888 897 904
903 904 897
901 905 899
899 905 903
901 906 905
901 907 906
908 906 907
903 905 909
903 909 904
905 906 909
904 910 888
910 887 888
910 884 887
908 911 906
911 908 912
909 913 904
910 904 913
909 906 914
906 911 914
909 914 913
915 914 911
913 914 915
913 916 910
916 884 910
917 911 912
917 915 911
913 918 916
918 913 915
919 916 918
918 915 919
915 917 920
920 917 912
916 921 884
919 921 916
915 922 919
922 915 920
923 920 912
922 920 924
923 924 920
925 919 922
925 922 924
921 919 926
925 926 919
923 912 927
928 927 912
921 929 884
926 930 921
921 930 929
929 931 884
884 931 883
886 883 931
932 931 929
929 930 932
886 931 933
933 931 932
934 926 925
930 926 935
934 935 926
932 930 936
930 935 936
933 932 937
937 932 936
934 925 938
939 934 938
940 939 938
925 924 938
940 938 924
941 935 934
939 941 934
936 935 942
941 942 935
937 936 943
943 936 942
940 924 944
923 944 924
945 944 923
945 940 944
946 941 939
946 942 941
945 923 947
923 927 947
947 927 948
949 948 927
928 949 927
950 949 928
950 928 951
950 951 952
950 952 953
954 953 952
954 952 955
955 956 954
955 957 956
958 956 957
958 959 956
959 958 960
959 960 961
950 953 962
963 950 962
963 949 950
963 962 964
965 963 964
963 966 949
949 966 948
965 967 963
966 963 967
968 967 965
966 967 969
948 966 969
968 970 967
970 969 967
968 971 970
968 972 971
971 972 973
970 974 969
971 974 970
971 973 975
975 973 976
948 969 977
977 969 974
971 978 974
975 978 971
975 976 979
979 976 980
979 980 981
982 981 980
982 983 981
983 982 984
983 984 985
984 986 985
984 987 986
988 986 987
988 987 989
988 989 990
988 990 991
992 991 990
992 993 991
993 992 994
993 994 995
996 995 994
996 994 997
998 996 997
998 999 996
999 998 1000
999 1000 1001
1000 1002 1001
1000 1003 1002
1004 1002 1003
1004 1005 1002
1006 1005 1004
1006 1004 1007
1007 1008 1006
1007 1009 1008
1010 886 875
875 886 1011
875 1011 874
886 933 1011
1011 1012 874
1011 933 1012
462 874 1012
933 937 1012
1013 462 1012
1013 1012 937
1013 461 462
937 943 1013
943 461 1013
943 1014 461
942 1014 943
469 461 1014
942 1015 1014
946 1015 942
1016 469 1014
1016 473 469
473 1016 486
1014 1017 1016
1017 486 1016
1014 1015 1017
1017 1018 486
1019 1018 1017
1020 1017 1015
1019 1017 1020
1020 1015 946
1019 1020 1021
1021 1020 946
1019 1021 1022
1023 1022 1021
1021 946 1024
946 939 1024
1021 1024 1025
939 1025 1024
1023 1021 1026
1021 1025 1026
1027 1023 1026
1027 1028 1023
1026 1029 1027
1026 1025 1029
939 1030 1025
1030 1029 1025
1030 1031 1029
940 1030 939
1031 1030 940
1031 940 1032
945 1032 940
945 1033 1032
1034 1033 945
1034 945 947
1034 1035 1033
1036 1035 1034
1034 947 1037
947 948 1037
1036 1034 1038
1037 1038 1034
1039 1036 1038
948 1040 1037
1037 1040 1038
948 977 1040
1041 1038 1040
1039 1038 1041
977 1042 1040
1041 1040 1042
1039 1041 1043
1043 1041 1042
977 1044 1042
977 974 1044
1044 974 978
1044 1045 1042
1043 1042 1045
1044 978 1046
1044 1046 1045
1047 1046 978
1047 1045 1046
1047 978 1048
975 1048 978
979 1048 975
979 1049 1048
1047 1048 1049
1047 1049 1050
1047 1051 1045
1052 1043 1045
1052 1045 1051
1053 1052 1051
1047 1054 1051
1047 1050 1054
1053 1051 1054
1050 1055 1054
1055 1053 1054
1043 1052 1056
1043 1056 1057
1052 1058 1056
1052 1053 1058
1039 1043 1057
1059 1039 1057
1060 1039 1059
1060 1059 1061
1062 1060 1061
1062 1061 1063
1033 1062 1063
1033 1063 1064
1032 1033 1064
1063 1061 1065
1061 1059 1066
1061 1066 1065
1067 1065 1066
1067 1066 1068
1059 1068 1066
1059 1057 1069
1059 1069 1068
1063 1065 1070
1064 1063 1070
1057 1071 1069
1057 1072 1071
1073 1068 1069
1073 1069 1071
1072 1074 1071
1072 1058 1074
1067 1075 1065
1070 1065 1075
1076 1068 1073
1067 1068 1076
1077 1073 1071
1077 1071 1074
1058 1078 1074
1079 1077 1074
1079 1074 1078
1073 1077 1080
1080 1077 1079
1076 1073 1081
1073 1080 1081
1081 1082 1076
1067 1076 1082
1067 1082 1083
1081 1084 1082
1080 1084 1081
1080 1085 1084
1085 1080 1086
1080 1079 1086
1085 1086 1087
1086 1079 1088
1088 1079 1078
1087 1086 1089
1086 1088 1089
1087 1089 1090
1090 1089 1091
1090 1091 1092
1093 1092 1091
1089 1088 1094
1089 1094 1091
1095 1093 1091
1095 1096 1093
1097 1096 1095
1098 1095 1091
1098 1091 1094
1097 1095 1098
1088 1078 1099
1088 1100 1094
1088 1099 1100
1094 1101 1098
1094 1100 1101
1099 1078 1102
1058 1102 1078
1053 1102 1058
1099 1102 1103
1099 1103 1104
1099 1104 1100
1100 1104 1105
1100 1105 1101
1106 1101 1105
1106 1107 1101
1107 1098 1101
1108 1107 1106
1053 1109 1102
1110 1102 1109
1107 1111 1098
1097 1098 1111
1108 1112 1107
1112 1111 1107
1112 1108 1113
1112 1114 1111
1097 1111 1114
1112 1113 1115
1114 1112 1115
1115 1113 1116
1115 1116 1117
1117 1116 1118
1109 1053 1119
1055 1119 1053
1114 1115 1120
1120 1115 1117
1117 1118 1121
1120 1117 1122
1122 1117 1121
1114 1120 1123
1122 1123 1120
1124 1121 1118
1124 1118 1125
1126 1124 1125
1122 1121 1127
1124 1127 1121
1114 1123 1128
1097 1114 1128
1122 1129 1123
1127 1129 1122
1126 1130 1124
1124 1131 1127
1130 1131 1124
1129 1127 1132
1131 1132 1127
1123 1129 1133
1133 1129 1132
1128 1123 1134
1123 1133 1134
1097 1128 1135
1128 1134 1135
1126 1136 1130
1126 1137 1136
1130 1138 1131
1136 1138 1130
1131 1139 1132
1138 1139 1131
1133 1132 1140
1139 1140 1132
1141 1133 1140
1134 1133 1141
1134 1141 1142
1134 1142 1143
1134 1143 1135
1135 1143 1144
1141 1140 1145
1139 1145 1140
1146 1141 1145
1135 1144 1147
1097 1135 1147
1147 1148 1097
1147 1144 1149
1147 1150 1148
1147 1149 1150
1151 1148 1150
1151 1150 1152
1152 1150 1149
1152 1149 1153
1154 1145 1139
1154 1155 1145
1146 1145 1155
1155 1154 1156
1146 1155 1157
1155 1156 1157
1146 1157 1158
1158 1157 1159
1158 1159 1160
1156 1161 1157
1156 1162 1161
1156 1163 1162
1156 1164 1163
1164 1156 1165
1138 1165 1139
1164 1165 1138
1136 1164 1138
1163 1164 1136
1163 1136 1166
1163 1166 1167
1168 1162 1163
1168 1169 1162
1168 1170 1169
1163 1167 1171
1168 1163 1171
1172 1171 1167
1172 1168 1171
1172 1167 1173
1174 1170 1168
1172 1174 1168
1174 1175 1170
1173 1176 1172
1174 1172 1176
1173 1177 1176
1175 1174 1178
1174 1176 1178
1175 1178 1179
1180 1179 1178
1180 1178 1176
1180 1181 1179
1177 1182 1176
1180 1176 1182
1177 1183 1182
1181 1180 1184
1181 1184 1185
1180 1182 1186
1180 1186 1184
1187 1185 1184
1186 1187 1184
1187 1188 1185
1188 1187 1189
1190 1182 1183
1190 1186 1182
1187 1191 1189
1191 1192 1189
1193 1192 1191
1194 1190 1183
1194 1183 1195
1186 1196 1187
1196 1191 1187
1197 1186 1190
1197 1196 1186
1194 1197 1190
1193 1191 1198
1199 1193 1198
1196 1200 1191
1197 1200 1196
1200 1198 1191
1201 1194 1195
1201 1195 1028
1201 1202 1194
1194 1202 1197
1201 1203 1202
1202 1203 1204
1199 1198 1205
1206 1199 1205
1202 1207 1197
1197 1207 1200
1202 1204 1208
1202 1208 1207
1032 1208 1204
1200 1209 1198
1209 1205 1198
1200 1207 1210
1208 1210 1207
1200 1210 1209
1032 1211 1208
1208 1211 1210
1032 1064 1211
1210 1211 1064
1210 1064 1212
1209 1210 1212
1064 1070 1212
1209 1212 1213
1213 1212 1070
1209 1213 1205
1213 1070 1214
1214 1205 1213
1070 1075 1214
1214 1215 1205
1206 1205 1215
1216 1206 1215
1214 1217 1215
1216 1215 1217
1214 1075 1217
1218 1216 1217
1219 1217 1075
1219 1218 1217
1219 1075 1067
1219 1220 1218
1219 1067 1221
1067 1222 1221
1220 1219 1223
1221 1223 1219
1220 1223 1224
1223 1221 1225
1224 1223 1226
1223 1225 1226
1226 1227 1224
1228 1226 1225
1226 1228 1227
1228 1225 1229
1230 1228 1229
1227 1228 1231
1230 1231 1228
1227 1231 1232
1231 1230 1233
1232 1231 1234
1231 1233 1235
1232 1234 1236
1233 1237 1235
1236 1234 1237
1233 1238 1237
1236 1237 1239
1238 1240 1237
1239 1237 1240
1238 1241 1240
1239 1240 1242
1243 1244 1245
1243 1246 1244
1246 1247 1244
1246 1248 1247
1249 1247 1248
1249 1248 1250
1251 1249 1250
1251 1250 1252
1253 1251 1252
1253 1252 1254
1255 1253 1254
1255 1254 1256
1255 1256 1257
1255 1257 1258
1259 1258 1257
1259 1260 1258
1259 1261 1260
1259 1262 1261
1263 1261 1262
1263 1264 1261
1265 1264 1263
1266 1265 1263
1263 1267 1266
1263 1268 1267
1269 1267 1268
1269 1268 1270
1271 1269 1270
1271 1272 1269
1273 1272 1271
1273 1274 1272
1274 1273 1275
1274 1275 1276
1277 1276 1275
1277 1278 1276
1278 1277 1279
1278 1279 1280
1279 1281 1280
1279 1282 1281
1281 1282 1283
1281 1283 1284
1283 1285 1284
1283 1286 1285
1287 1288 1289
1287 1289 1290
1291 1287 1290
1292 1290 1289
1290 1293 1291
1293 1290 1292
1292 1289 1294
1294 1289 1295
1293 1296 1291
1293 1297 1296
1291 1296 1298
1297 1293 1299
1293 1292 1299
1297 1299 1300
1301 1300 1299
1301 1299 1302
1292 1302 1299
1292 1303 1302
1303 1292 1294
1303 1294 1304
1305 1304 1294
1294 1295 1305
1305 1306 1304
1291 1298 1307
1308 1291 1307
1309 1306 1305
1309 1310 1306
1305 1311 1309
1295 1311 1305
1307 1298 1312
1313 1312 1298
1312 1313 1314
1309 1311 1315
1309 1315 1316
1316 1315 1317
1316 1317 1318
1319 1317 1315
1311 1319 1315
1319 1320 1317
1295 1321 1311
1311 1321 1319
1295 1322 1321
1319 1321 1322
1295 1308 1322
1312 1314 1323
1323 1314 1324
1320 1319 1325
1319 1322 1325
1308 1326 1322
1308 1307 1326
1307 1312 1327
1327 1326 1307
1312 1323 1328
1327 1312 1328
1323 1324 1329
1328 1323 1329
1330 1325 1322
1330 1322 1326
1324 1331 1329
1324 1332 1331
1333 1329 1331
1333 1334 1329
1328 1329 1334
1334 1333 1335
1336 1328 1334
1327 1328 1336
1334 1335 1337
1336 1334 1337
1338 1327 1336
1338 1336 1337
1335 1339 1337
1338 1337 1339
1340 1338 1339
1335 1341 1339
1327 1342 1326
1342 1327 1338
1340 1343 1338
1342 1338 1343
1344 1326 1342
1344 1330 1326
1345 1342 1343
1345 1343 1340
1345 1344 1342
1346 1340 1339
1346 1339 1347
1339 1348 1347
1349 1341 1348
1346 1350 1340
1350 1351 1340
1351 1352 1340
1345 1340 1352
1351 1353 1352
1354 1344 1345
1354 1345 1352
1353 1355 1352
1354 1352 1355
1356 1355 1353
1356 1357 1355
1320 1355 1357
1320 1354 1355
1354 1358 1344
1344 1358 1330
1359 1354 1320
1359 1358 1354
1358 1359 1330
1320 1325 1359
1359 1325 1330
1356 1318 1360
1361 1362 1363
1361 1363 1364
1365 1361 1364
1365 1364 1366
1367 1365 1366
1367 1366 1368
1369 1367 1368
1369 1368 1370
1370 1371 1369
1370 1372 1371
1373 1371 1372
1373 1372 1374
1374 1375 1373
1374 1376 1375
1376 1377 1375
1376 1378 1377
1377 1378 1379
1377 1379 1380
1381 1380 1379
1381 1382 1380
1382 1381 1383
1383 1381 1384
1381 1385 1384
1381 1386 1385
1387 1385 1386
1387 1388 1385
1387 1389 1388
1387 1390 1389
1391 1389 1390
1391 1390 1392
1391 1392 1393
1391 1393 1394
1394 1393 1395
1394 1395 1396
1396 1395 1397
1396 1397 1398
1397 1399 1398
1397 1400 1399
1401 1399 1400
1401 1400 1402
1403 1401 1402
1403 1404 1401
1405 1406 1407
1408 1407 1409
1408 1409 1410
1411 1408 1410
1409 1412 1410
1409 1413 1412
1411 1410 1414
1411 1414 1415
1410 1416 1414
1410 1412 1416
1416 1415 1414
1415 1417 1411
1417 1418 1411
1419 1417 1415
1419 1415 1420
1421 1419 1420
1421 1420 1422
1423 1421 1422
1415 1424 1420
1424 1422 1420
1416 1425 1415
1415 1425 1424
1412 1426 1416
1425 1416 1426
1423 1422 1427
1428 1423 1427
1428 1427 1429
1424 1425 1430
1425 1426 1430
1424 1431 1422
1431 1427 1422
1431 1424 1430
1432 1429 1427
1431 1432 1427
1432 1433 1429
1431 1434 1432
1434 1433 1432
1434 1431 1430
1434 1435 1433
1434 1436 1435
1430 1437 1434
1434 1437 1436
1430 1426 1438
1430 1438 1437
1437 1439 1436
1440 1436 1439
1441 1437 1438
1437 1441 1439
1442 1440 1439
1442 1443 1440
1444 1443 1442
1439 1445 1442
1444 1442 1446
1446 1442 1445
1447 1445 1439
1447 1439 1441
1448 1444 1446
1448 1449 1444
1450 1448 1446
1446 1445 1451
1450 1446 1451
1451 1445 1447
1452 1450 1451
1451 1447 1452
1452 1453 1450
1454 1447 1441
1452 1447 1454
1455 1453 1452
1452 1454 1455
1455 1456 1453
1457 1454 1441
1441 1438 1457
1455 1454 1458
1457 1458 1454
1459 1457 1438
1460 1458 1457
1460 1457 1459
1459 1438 1461
1461 1438 1426
1461 1426 1462
1412 1462 1426
1413 1462 1412
1463 1461 1462
1413 1463 1462
1459 1461 1464
1464 1461 1463
1465 1459 1464
1463 1465 1464
1465 1460 1459
1463 1413 1465
1458 1460 1466
1466 1460 1465
1467 1465 1413
1466 1465 1467
1467 1413 1468
1405 1467 1468
1405 1469 1467
1469 1466 1467
1470 1466 1469
1458 1466 1471
1470 1471 1466
1472 1471 1470
1455 1458 1473
1474 1473 1472
1474 1455 1473
1474 1475 1455
1476 1475 1477
1476 1477 1456
1478 1479 1480
1478 1481 1479
1478 1482 1481
1478 1483 1482
1484 1485 1486
1484 1486 1487
1488 1489 1490
1488 1490 1491
1492 1493 1494
1492 1495 1493
1496 1495 1497
1496 1497 1498
1499 1500 1501
1499 1501 1502
1503 1501 1504
1503 1504 1505
1504 1506 1505
1504 1507 1506
1508 1509 1507
1508 1510 1509
1511 1510 1508
1511 1512 1510
1513 1512 1511
1513 1514 1512
1515 1514 1513
1516 1517 1518
1519 1516 1518
1520 1519 1518
1521 1516 1519
1522 1519 1520
1521 1519 1522
1523 1516 1521
1523 1524 1516
1525 1521 1522
1525 1522 1526
1527 1523 1521
1527 1521 1528
1522 1520 1529
1526 1522 1529
1530 1520 1518
1529 1520 1530
1529 1530 1531
1526 1529 1532
1532 1529 1531
1533 1530 1518
1531 1530 1533
1531 1533 1534
1534 1533 1535
1536 1534 1535
1532 1531 1537
1537 1531 1538
1537 1538 1536
1539 1533 1518
1535 1533 1539
1540 1526 1532
1540 1532 1541
1542 1540 1541
1542 1543 1540
1544 1532 1537
1545 1542 1544
1544 1537 1546
1545 1544 1546
1546 1537 1536
1547 1545 1546
1547 1546 1548
1546 1536 1548
1549 1547 1548
1548 1536 1550
1536 1535 1550
1549 1548 1551
1548 1550 1551
1552 1549 1551
1550 1535 1553
1535 1539 1553
1552 1551 1554
1555 1552 1554
1551 1550 1556
1550 1553 1556
1551 1556 1554
1553 1539 1557
1557 1539 1518
1555 1554 1558
1559 1555 1558
1559 1558 1560
1556 1553 1561
1553 1557 1561
1554 1556 1562
1554 1562 1558
1556 1561 1562
1563 1557 1518
1561 1557 1563
1558 1562 1564
1558 1564 1560
1562 1561 1565
1561 1563 1565
1562 1565 1564
1566 1563 1518
1565 1563 1566
1567 1566 1518
1568 1567 1518
1564 1565 1569
1565 1566 1569
1564 1569 1570
1560 1564 1570
1560 1570 1571
1572 1560 1571
1572 1573 1560
1566 1567 1574
1574 1567 1568
1566 1574 1575
1575 1574 1576
1575 1576 1577
1574 1568 1578
1576 1574 1578
1577 1576 1579
1577 1579 1580
1581 1580 1579
1581 1582 1580
1583 1581 1579
1579 1576 1584
1576 1578 1584
1583 1579 1585
1579 1584 1585
1586 1583 1585
1586 1585 1587
1585 1588 1587
1585 1584 1588
1578 1568 1589
1589 1568 1518
1584 1578 1590
1578 1589 1590
1584 1590 1588
1590 1589 1591
1591 1589 1518
1588 1590 1592
1590 1591 1592
1588 1592 1593
1594 1588 1593
1595 1586 1594
1595 1594 1596
1594 1593 1596
1592 1591 1597
1593 1592 1597
1598 1591 1518
1597 1591 1598
1593 1597 1599
1600 1593 1599
1601 1595 1600
1601 1600 1602
1600 1599 1602
1603 1601 1602
1603 1602 1604
1602 1605 1604
1602 1599 1605
1599 1597 1606
1597 1598 1606
1599 1606 1605
1606 1598 1607
1607 1598 1518
1605 1606 1608
1606 1607 1608
1609 1607 1518
1608 1607 1609
1608 1609 1610
1605 1608 1611
1611 1608 1610
1611 1610 1612
1613 1605 1611
1614 1603 1613
1615 1611 1612
1613 1611 1615
1614 1613 1615
1615 1612 1616
1617 1614 1615
1617 1615 1616
1618 1619 1518
1620 1619 1618
1621 1618 1518
1622 1621 1518
1620 1618 1623
1623 1618 1621
1624 1620 1623
1623 1621 1625
1625 1621 1622
1624 1623 1626
1626 1623 1625
1627 1624 1626
1625 1622 1628
1626 1625 1629
1629 1625 1628
1627 1626 1630
1630 1626 1629
1631 1627 1630
1631 1632 1627
1633 1631 1630
1633 1630 1634
1630 1629 1634
1635 1633 1634
1634 1629 1636
1629 1628 1636
1635 1634 1637
1634 1636 1637
1638 1635 1637
1628 1622 1639
1639 1622 1518
1636 1628 1640
1628 1639 1640
1637 1636 1641
1636 1640 1641
1638 1637 1642
1637 1641 1642
1640 1639 1643
1643 1639 1518
1641 1640 1644
1640 1643 1644
1641 1644 1645
1642 1641 1645
1646 1638 1642
1646 1647 1638
1648 1644 1643
1645 1644 1648
1642 1645 1649
1642 1649 1646
1649 1645 1650
1645 1648 1650
1646 1649 1651
1649 1650 1651
1646 1651 1652
1653 1652 1651
1653 1651 1654
1655 1653 1654
1651 1650 1656
1651 1656 1654
1655 1654 1657
1658 1655 1657
1648 1643 1659
1643 1518 1659
1650 1648 1660
1650 1660 1656
1648 1659 1661
1661 1659 1518
1648 1661 1660
1654 1656 1662
1654 1662 1657
1658 1657 1663
1664 1658 1663
1665 1661 1518
1660 1661 1665
1656 1660 1666
1660 1665 1666
1656 1666 1662
1667 1665 1518
1666 1665 1667
1524 1667 1518
1666 1667 1668
1668 1667 1524
1662 1666 1668
1668 1524 1523
1657 1662 1669
1662 1668 1669
1669 1668 1523
1657 1669 1663
1669 1523 1670
1663 1669 1670
1670 1523 1671
1663 1670 1672
1672 1670 1671
1664 1663 1672
1672 1671 1673
1674 1664 1672
1674 1672 1673
1675 1676 1677
1676 1675 1678
1676 1678 1679
1680 1679 1678
1680 1681 1679
1682 1681 1680
1682 1680 1683
1684 1682 1683
1684 1683 1685
1684 1685 1686
1687 1688 1689
1687 1690 1688
1691 1688 1690
1691 1690 1692
1693 1694 1695
1693 1695 1696
1697 1698 1696
1697 1699 1698
1700 1701 1702
1700 1702 1703
1704 1705 1702
1704 1706 1705
1706 1707 1705
1706 1708 1707
1709 1707 1710
1709 1710 1711
1712 1709 1711
1712 1711 1713
1714 1712 1713
1714 1713 1715
1716 1714 1715
1717 1718 1719
1720 1717 1719
1717 1720 1721
1717 1721 1722
1722 1721 1723
1722 1723 1724
1724 1723 1725
1724 1725 1726
1726 1725 1727
1726 1727 1728
1725 1729 1727
1725 1730 1729
1723 1730 1725
1730 1731 1729
1721 1732 1723
1723 1732 1730
1730 1733 1731
1732 1733 1730
1721 1734 1732
1720 1734 1721
1731 1733 1735
1731 1735 1736
1735 1737 1736
1738 1737 1735
1733 1738 1735
1739 1737 1738
1732 1740 1733
1733 1740 1738
1734 1740 1732
1740 1739 1738
1734 1741 1740
1740 1741 1739
1720 1742 1734
1742 1741 1734
1741 1743 1739
1743 1737 1739
1741 1744 1743
1742 1744 1741
1745 1742 1720
1719 1745 1720
1745 1746 1742
1746 1744 1742
1719 1747 1745
1747 1746 1745
1719 1748 1747
1749 1747 1748
1744 1750 1743
1750 1737 1743
1746 1751 1744
1744 1751 1750
1749 1752 1747
1753 1752 1749
1747 1754 1746
1754 1751 1746
1752 1754 1747
1755 1750 1751
1754 1755 1751
1753 1756 1752
1757 1756 1753
1752 1758 1754
1758 1755 1754
1756 1758 1752
1757 1759 1756
1760 1759 1757
1756 1761 1758
1759 1761 1756
1760 1762 1759
1763 1762 1760
1763 1764 1762
1762 1765 1759
1759 1765 1761
1764 1766 1762
1762 1766 1765
1764 1767 1766
1767 1768 1766
1761 1769 1758
1758 1769 1755
1765 1770 1761
1761 1770 1769
1766 1771 1765
1766 1768 1771
1765 1771 1770
1755 1769 1772
1769 1770 1773
1769 1773 1772
1770 1771 1774
1770 1774 1773
1755 1772 1775
1755 1775 1750
1750 1775 1737
1772 1737 1775
1773 1737 1772
1774 1737 1773
1776 1737 1774
1771 1776 1774
1771 1768 1776
1768 1777 1776
1777 1737 1778
1768 1779 1777
1780 1779 1768
1780 1768 1781
1782 1737 1777
1779 1782 1777
1779 1783 1782
1784 1737 1782
1783 1784 1782
1785 1783 1779
1785 1779 1786
1783 1787 1784
1788 1737 1784
1787 1788 1784
1789 1783 1785
1789 1787 1783
1787 1790 1788
1791 1737 1788
1790 1791 1788
1792 1787 1789
1792 1790 1787
1793 1789 1785
1793 1785 1794
1795 1793 1794
1795 1794 1796
1797 1792 1789
1797 1789 1798
1799 1798 1795
1799 1797 1798
1800 1797 1799
1800 1801 1797
1801 1792 1797
1802 1801 1800
1803 1790 1792
1801 1803 1792
1803 1804 1790
1802 1805 1801
1805 1803 1801
1806 1805 1802
1805 1807 1803
1807 1808 1803
1790 1808 1791
1806 1809 1805
1809 1807 1805
1810 1809 1806
1808 1811 1791
1807 1811 1808
1810 1812 1809
1813 1812 1810
1813 1814 1812
1809 1815 1807
1812 1815 1809
1815 1811 1807
1814 1816 1812
1812 1816 1815
1814 1817 1816
1811 1818 1791
1818 1737 1791
1815 1819 1811
1816 1819 1815
1811 1819 1818
1820 1737 1818
1819 1820 1818
1821 1737 1820
1737 1821 1822
1816 1823 1819
1819 1823 1820
1823 1821 1820
1817 1823 1816
1823 1824 1821
1824 1822 1821
1817 1824 1823
1824 1825 1822
1825 1824 1817
1825 1817 1826
1826 1817 1827
1826 1827 1828
1828 1827 1829
1828 1829 1830
1831 1737 1822
1832 1831 1822
1832 1833 1831
1834 1737 1831
1833 1834 1831
1835 1833 1832
1835 1832 1836
1837 1835 1836
1837 1836 1838
1839 1837 1838
1839 1838 1840
1841 1837 1839
1841 1842 1837
1842 1835 1837
1843 1842 1841
1843 1844 1842
1842 1845 1835
1844 1845 1842
1845 1833 1835
1844 1846 1845
1845 1847 1833
1846 1847 1845
1833 1847 1834
1847 1848 1834
1848 1737 1834
1847 1849 1848
1846 1849 1847
1850 1737 1848
1849 1850 1848
1851 1849 1846
1852 1851 1846
1852 1846 1853
1854 1853 1843
1854 1852 1853
1849 1855 1850
1851 1855 1849
1856 1737 1850
1855 1857 1850
1857 1856 1850
1858 1855 1851
1858 1857 1855
1859 1737 1856
1860 1737 1859
1857 1861 1856
1861 1859 1856
1862 1860 1859
1861 1862 1859
1862 1863 1860
1864 1863 1862
1864 1862 1865
1865 1862 1861
1866 1864 1865
1867 1861 1857
1865 1861 1867
1867 1857 1858
1866 1865 1868
1868 1865 1867
1869 1866 1868
1869 1868 1870
1868 1867 1871
1870 1868 1871
1870 1871 1872
1873 1867 1858
1872 1873 1874
1873 1858 1874
1874 1858 1851
1872 1874 1875
1874 1851 1876
1875 1874 1876
1875 1876 1854
1877 1878 1879
1878 1880 1879
1878 1780 1880
1881 1882 1883
1882 1884 1883
1882 1785 1884
1885 1886 1887
1887 1888 1885
1887 1889 1888
1890 1888 1889
1890 1889 1891
1892 1890 1891
1892 1893 1890
1894 1893 1892
1894 1895 1893
1894 1896 1895
1897 1898 1899
1897 1899 1900
1900 1899 1901
1897 1900 1902
1897 1902 1903
1902 1904 1903
1902 1905 1904
1906 1904 1905
1900 1901 1907
1900 1908 1902
1900 1907 1908
1907 1901 1909
1910 1909 1901
1902 1911 1905
1902 1908 1911
1907 1909 1912
1908 1907 1912
1910 1913 1909
1914 1913 1910
1915 1912 1909
1915 1909 1913
1914 1916 1913
1916 1914 1917
1905 1911 1918
1908 1919 1911
1919 1918 1911
1908 1912 1920
1908 1920 1919
1905 1918 1921
1906 1905 1921
1906 1921 1922
1918 1922 1921
1906 1922 1923
1923 1922 1924
1923 1924 1925
1925 1924 1926
1925 1926 1927
1927 1926 1928
1927 1928 1929
1928 1930 1929
1918 1931 1922
1922 1932 1924
1922 1931 1932
1924 1933 1926
1924 1932 1933
1934 1931 1918
1919 1934 1918
1926 1935 1928
1926 1933 1935
1936 1935 1933
1928 1935 1937
1936 1937 1935
1928 1938 1930
1928 1937 1938
1930 1938 1939
1930 1939 1940
1941 1938 1937
1941 1939 1938
1940 1939 1942
1940 1942 1943
1936 1933 1944
1945 1936 1944
1932 1944 1933
1946 1941 1937
1936 1946 1937
1947 1936 1945
1945 1948 1947
1936 1949 1946
1936 1950 1949
1951 1946 1949
1946 1951 1941
1951 1949 1952
1953 1951 1952
1941 1951 1953
1953 1952 1954
1945 1955 1948
1955 1956 1948
1941 1953 1957
1957 1939 1941
1957 1942 1939
1954 1958 1953
1954 1959 1958
1953 1960 1957
1960 1942 1957
1953 1958 1960
1959 1961 1958
1959 1962 1961
1960 1963 1942
1943 1942 1963
1943 1963 1964
1958 1965 1960
1965 1963 1960
1958 1961 1965
1966 1964 1963
1965 1966 1963
1966 1967 1964
1966 1968 1967
1966 1969 1968
1965 1969 1966
1969 1970 1968
1962 1971 1961
1962 1972 1971
1971 1972 1973
1961 1974 1965
1965 1974 1969
1961 1971 1974
1969 1975 1970
1974 1975 1969
1976 1970 1975
1977 1971 1973
1977 1973 1978
1979 1977 1978
1980 1974 1971
1980 1971 1977
1974 1980 1975
1979 1980 1977
1976 1975 1981
1981 1975 1980
1982 1976 1981
1981 1980 1983
1979 1983 1980
1982 1981 1984
1984 1981 1983
1984 1985 1982
1984 1983 1986
1979 1986 1983
1984 1987 1985
1986 1987 1984
1987 1988 1985
1987 1989 1988
1989 1990 1988
1986 1991 1987
1991 1989 1987
1989 1992 1990
1991 1993 1989
1993 1992 1989
1986 1994 1991
1993 1991 1994
1995 1990 1992
1995 1996 1990
1997 1996 1995
1993 1998 1992
1995 1992 1998
1986 1999 1994
1979 1999 1986
1993 1994 2000
1993 2000 1998
1997 1995 2001
1995 1998 2002
2001 1995 2002
1997 2001 2003
1997 2003 2004
2001 2002 2005
2003 2001 2005
1979 2006 1999
1999 2007 1994
1999 2006 2007
1994 2008 2000
1994 2007 2008
2000 2009 1998
2008 2009 2000
1998 2010 2002
1998 2009 2010
2002 2011 2005
2002 2010 2011
2005 2011 2012
2003 2005 2013
2005 2012 2013
2014 2003 2013
2012 2014 2013
2014 2015 2003
2014 1917 2015
2008 2016 2009
2010 2009 2016
2017 2016 2008
2007 2017 2008
2007 2018 2017
2007 2019 2018
2007 2006 2019
2006 2020 2019
2017 2021 2016
2010 2016 2021
2022 2021 2017
2006 2023 2020
1979 2023 2006
2023 2024 2020
2023 1979 2025
2010 2021 2026
2022 2026 2021
2010 2026 2027
2026 2012 2027
2023 2028 2024
2023 2025 2028
2029 2024 2028
2029 2028 2030
2030 2028 2025
2030 2025 2031
2022 2032 2026
2026 2032 2012
2022 2033 2032
2033 2034 2032
2033 2035 2034
2012 2032 2036
2012 2036 2037
2012 2037 2014
2038 2014 2037
2038 2037 2039
2038 2039 2040
2038 2041 2014
2014 2041 1917
1916 1917 2041
1916 2041 2038
2042 2038 2040
1916 2038 2042
2042 2040 2043
2042 1913 1916
2043 2044 2042
2042 2044 1913
2043 2045 2044
1915 1913 2044
1915 2044 2045
1915 2045 2046
2046 2047 1915
2046 2048 2047
1915 2047 1912
2049 2047 2048
1912 2047 2049
2049 2048 2050
1912 2049 1920
2050 2051 2049
1920 2049 2052
2049 2051 2052
2052 2051 2053
1920 2052 1919
2054 2052 2053
1919 2052 2055
2054 2055 2052
2056 2055 2054
1919 2055 1934
2056 2057 2055
1934 2055 2057
2058 2057 2056
1934 2057 2059
1934 2059 1931
2059 1932 1931
2059 2060 1932
2060 2059 2057
1932 2060 1944
2058 2061 2057
2060 2057 2061
2062 2061 2058
2060 2063 1944
2060 2061 2063
2062 2063 2061
2064 2063 2062
1945 1944 2063
1945 2063 2064
1945 2064 2065
2065 1955 1945
2065 2066 1955
2066 2067 1955
1955 2067 1956
2067 2066 2068
2069 1956 2067
2067 2068 2069
2069 2070 1956
2071 2070 2069
2068 2072 2069
2071 2069 2072
2068 2073 2072
2072 2074 2071
2073 2075 2072
2072 2076 2074
2073 2077 2075
2074 2076 2078
2077 2078 2075
2074 2078 2079
2077 2080 2078
2079 2078 2081
2080 2081 2078
2079 2081 2082
2080 2083 2081
2084 2085 2086
2084 2087 2085
2087 2088 2085
2089 2087 2084
2089 2084 2090
2087 2091 2088
2092 2088 2091
2092 2093 2088
2094 2093 2092
2094 2092 2095
2096 2094 2095
2096 2097 2094
2098 2095 2092
2098 2092 2099
2100 2101 2102
2100 2102 2103
2104 2103 2102
2104 2105 2103
2106 2107 2108
2106 2109 2107
2110 2109 2106
2110 2111 2109
2109 2111 2112
2109 2113 2107
2109 2112 2114
2109 2114 2113
2115 2114 2112
2113 2114 2116
2115 2116 2114
2113 2116 2117
2116 2118 2117
2116 2115 2119
2116 2120 2118
2116 2119 2120
2121 2118 2120
2121 2120 2122
2119 2122 2120
2119 2123 2122
2124 2122 2123
2124 2125 2122
2126 2125 2124
2126 2124 2127
2122 2125 2128
2128 2125 2126
2129 2122 2128
2128 2126 2130
2131 2130 2126
2127 2132 2126
2131 2126 2132
2127 2133 2132
2131 2132 2134
2134 2132 2133
2135 2136 2137
2135 2138 2136
2139 2136 2138
2140 2138 2135
2139 2138 2141
2140 2142 2138
2141 2138 2142
2141 2142 2143
2144 2142 2140
2145 2143 2142
2144 2146 2142
2145 2142 2146
2147 2146 2144
2145 2146 2147
2148 2149 2150
2151 2150 2149
2151 2149 2152
2153 2151 2152
2153 2154 2151
2155 2156 2157
2155 2157 2158
2157 2159 2158
2157 2160 2159
2160 2161 2159
2162 2163 2164
2162 2165 2163
2165 2166 2163
2162 2167 2165
2162 2168 2167
2165 2169 2166
2167 2169 2165
2169 2170 2166
2168 2171 2167
2168 2172 2171
2173 2171 2172
2173 2174 2171
2169 2175 2170
2175 2176 2170
2167 2177 2169
2171 2177 2167
2177 2175 2169
2174 2178 2171
2171 2178 2177
2174 2179 2178
2177 2180 2175
2180 2176 2175
2178 2180 2177
2179 2181 2178
2178 2181 2180
2181 2176 2180
2179 2182 2181
2182 2176 2181
2183 2184 2185
2183 2186 2184
2186 2187 2184
2183 2188 2186
2183 2189 2188
2186 2190 2187
2188 2190 2186
2190 2191 2187
2189 2192 2188
2189 2193 2192
2194 2192 2193
2194 2195 2192
2190 2196 2191
2196 2197 2191
2188 2198 2190
2192 2198 2188
2198 2196 2190
2195 2199 2192
2192 2199 2198
2195 2200 2199
2198 2201 2196
2201 2197 2196
2199 2201 2198
2200 2202 2199
2199 2202 2201
2202 2197 2201
2200 2203 2202
2203 2197 2202
2204 2205 2206
2206 2205 2207
2205 2208 2207
2205 2209 2208
2210 2208 2209
2211 2206 2207
2208 2211 2207
2211 2212 2206
2208 2213 2211
2214 2206 2212
2210 2215 2208
2213 2208 2215
2210 2216 2215
2213 2215 2217
2216 2217 2215
2214 2218 2206
2219 2206 2218
2219 2218 2220
2221 2218 2214
2221 2220 2218
2221 2222 2220
2221 2214 2223
2224 2222 2221
2223 2225 2221
2224 2221 2225
2223 2226 2225
2225 2227 2224
2225 2226 2228
2225 2229 2227
2225 2228 2229
2230 2227 2229
2231 2229 2228
2230 2229 2231
2231 2228 2232
2233 2230 2234
2233 2234 2235
2235 2234 2236
2235 2236 2237
2238 2233 2235
2235 2237 2239
2238 2235 2240
2235 2239 2240
2241 2238 2240
2240 2239 2242
2241 2240 2243
2240 2242 2243
2244 2241 2243
2243 2242 2245
2244 2243 2246
2243 2245 2246
2244 2246 2247
2247 2246 2245
2244 2247 2248
2247 2245 2249
2247 2249 2250
2251 2248 2247
2247 2250 2252
2251 2247 2252
2253 2252 2250
2251 2252 2254
2253 2254 2252
2251 2254 2255
2256 2255 2254
2253 2257 2254
2256 2254 2257
2256 2257 2258
2253 2259 2257
2258 2257 2259
2256 2258 2260
2258 2259 2261
2262 2260 2258
2263 2258 2261
2262 2258 2264
2263 2264 2258
2262 2264 2265
2265 2264 2263
2266 2267 2268
2266 2268 2269
2270 2269 2268
2271 2266 2269
2270 2272 2269
2271 2269 2273
2272 2273 2269
2272 2274 2273
2275 2271 2273
2276 2273 2274
2275 2273 2277
2276 2277 2273
2278 2275 2277
2276 2278 2277
2279 2280 2281
2282 2281 2280
2282 2283 2281
2284 2283 2282
2284 2282 2285
2286 2287 2288
2286 2289 2287
2287 2289 2290
2287 2290 2291
2291 2290 2292
2293 2294 2295
2293 2295 2296
2296 2295 2297
2293 2296 2298
2293 2298 2299
2296 2297 2300
2298 2296 2300
2300 2297 2301
2299 2298 2302
2299 2302 2303
2304 2303 2302
2304 2302 2305
2300 2301 2306
2306 2301 2307
2298 2300 2308
2302 2298 2308
2308 2300 2306
2305 2302 2309
2302 2308 2309
2305 2309 2310
2308 2306 2311
2311 2306 2307
2309 2308 2311
2310 2309 2312
2309 2311 2312
2312 2311 2307
2310 2312 2313
2313 2312 2307
2314 2315 2316
2314 2316 2317
2317 2316 2318
2314 2317 2319
2314 2319 2320
2317 2318 2321
2319 2317 2321
2321 2318 2322
2320 2319 2323
2320 2323 2324
2325 2324 2323
2325 2323 2326
2321 2322 2327
2327 2322 2328
2319 2321 2329
2323 2319 2329
2329 2321 2327
2326 2323 2330
2323 2329 2330
2326 2330 2331
2329 2327 2332
2332 2327 2328
2330 2329 2332
2331 2330 2333
2330 2332 2333
2333 2332 2328
2331 2333 2334
2334 2333 2328
2335 2336 1528
2335 1528 2337
2338 2335 2337
2339 2340 1526
2339 1526 2341
2342 2339 2341
2343 2344 2345
2343 2346 2344
2346 2347 2344
2346 2348 2347
2349 2346 2343
2346 2350 2348
2349 2351 2346
2346 2351 2350
2352 2351 2349
2351 2353 2350
2352 2354 2351
2351 2354 2353
2355 2354 2352
2354 2356 2353
2355 2357 2354
2354 2357 2356
2355 2358 2357
2358 2356 2357
2355 2359 2358
2358 2360 2356
2358 2361 2360
2362 2358 2359
2358 2363 2361
2362 2363 2358
2364 2361 2363
2362 2365 2363
2364 2363 2365
2362 2366 2365
2367 2365 2366
2364 2365 2368
2367 2368 2365
2367 2369 2368
2364 2368 2370
2369 2370 2368
2367 2371 2369
2369 2372 2370
2373 2369 2371
2374 2372 2369
2373 2375 2369
2374 2369 2375
2373 2376 2375
2376 2374 2375
2377 2378 2379
2380 2377 2379
2377 2381 2378
2381 2382 2378
2381 2383 2382
2383 2384 2382
2383 2385 2384
2383 2386 2385
2387 2383 2381
2383 2387 2386
2387 2381 2377
2388 2386 2387
2388 2387 2389
2389 2387 2377
2390 2388 2389
2380 2391 2377
2389 2377 2391
2392 2391 2380
2392 2393 2391
2393 2389 2391
2393 2392 2394
2390 2389 2395
2393 2395 2389
2393 2394 2396
2396 2395 2393
2397 2396 2394
2398 2390 2395
2396 2398 2395
2398 2399 2390
2397 2400 2396
2400 2398 2396
2399 2398 2401
2400 2401 2398
2401 2400 2397
2399 2401 2402
2401 2397 2403
2403 2402 2401
2403 2404 2402
2405 2406 2404
2405 2407 2406
2408 2406 2407
2409 2407 2405
2409 2405 2410
2408 2407 2411
2409 2411 2407
2411 2412 2408
2413 2409 2410
2409 2413 2411
2413 2410 2414
2411 2415 2412
2415 2411 2413
2415 2416 2412
2414 2417 2413
2415 2413 2417
2414 2418 2417
2419 2417 2418
2415 2420 2416
2417 2420 2415
2419 2421 2417
2417 2421 2420
2421 2419 2422
2421 2422 2423
2420 2421 2423
2423 2422 2424
2425 2416 2420
2420 2423 2425
2425 2426 2416
2423 2424 2427
2425 2423 2427
2428 2427 2424
2426 2425 2429
2425 2427 2429
2428 2429 2427
2426 2429 2430
2428 2430 2429
2428 2384 2430
2431 2432 2433
2434 2433 2432
2431 2435 2432
2436 2435 2431
2436 2437 2435
2437 2436 2438
2437 2438 2439
2437 2439 2440
2435 2437 2441
2437 2440 2441
2435 2441 2432
2442 2441 2440
2442 2443 2441
2432 2441 2443
2444 2443 2442
2434 2432 2445
2432 2443 2445
2445 2446 2434
2445 2447 2446
2443 2447 2445
2447 2448 2446
2444 2449 2443
2443 2449 2447
2447 2450 2448
2450 2447 2449
2451 2448 2450
2452 2449 2444
2450 2449 2452
2452 2444 2453
2451 2450 2454
2454 2450 2452
2455 2452 2453
2454 2452 2455
2451 2454 2455
2455 2453 2456
2451 2455 2457
2457 2455 2456
2457 2456 2458
2459 2458 2460
2459 2460 2461
2462 2461 2460
2463 2459 2461
2463 2464 2459
2462 2465 2461
2463 2461 2465
2466 2465 2462
2464 2463 2467
2463 2465 2467
2464 2467 2468
2466 2469 2465
2469 2467 2465
2470 2469 2466
2471 2468 2467
2469 2471 2467
2471 2472 2468
2473 2472 2471
2470 2474 2469
2471 2469 2474
2473 2471 2475
2471 2474 2475
2476 2473 2475
2476 2475 2477
2477 2475 2474
2478 2476 2477
2470 2479 2474
2477 2474 2479
2470 2480 2479
2478 2477 2481
2479 2481 2477
2482 2478 2481
2483 2479 2480
2479 2483 2481
2482 2481 2483
2483 2480 2484
2484 2482 2483
2484 2438 2482
2485 2486 2487
2488 2485 2487
2485 2489 2486
2486 2489 2490
2486 2490 2491
2491 2490 2492
2491 2492 2493
2493 2492 2494
2493 2494 2495
2496 2495 2494
2496 2497 2495
2498 2496 2494
2492 2499 2494
2498 2494 2499
2500 2492 2490
2492 2500 2499
2498 2499 2501
2501 2499 2500
2498 2501 2502
2501 2500 2503
2500 2490 2504
2503 2500 2504
2489 2504 2490
2503 2504 2505
2489 2506 2504
2506 2505 2504
2506 2507 2505
2485 2506 2489
2508 2507 2506
2485 2508 2506
2508 2509 2507
2510 2509 2508
2511 2508 2485
2488 2511 2485
2510 2508 2512
2511 2512 2508
2513 2510 2512
2488 2513 2514
2488 2514 2511
2511 2514 2512
2513 2512 2514
2515 2497 2516
2515 2516 2517
2518 2515 2517
2519 2517 2516
2518 2517 2520
2521 2518 2520
2519 2522 2517
2522 2520 2517
2521 2520 2523
2523 2524 2521
2519 2525 2522
2519 2502 2525
2522 2526 2520
2526 2522 2525
2523 2520 2526
2526 2525 2527
2527 2528 2526
2523 2526 2528
2527 2529 2528
2523 2530 2524
2530 2523 2528
2529 2531 2528
2530 2528 2531
2529 2532 2531
2533 2524 2530
2533 2530 2531
2533 2534 2524
2533 2535 2534
2533 2536 2535
2532 2537 2531
2533 2531 2537
2537 2536 2533
2532 2538 2537
2537 2539 2536
2537 2538 2540
2537 2540 2539
2541 2542 2543
2541 2543 2544
2541 2544 2545
2541 2545 2546
2541 2547 2542
2547 2548 2542
2541 2546 2549
2547 2541 2549
2549 2546 2550
2549 2550 2551
2551 2552 2549
2547 2549 2552
2551 2553 2552
2547 2554 2548
2552 2554 2547
2555 2552 2553
2552 2555 2554
2555 2553 2556
2548 2554 2557
2555 2557 2554
2548 2557 2558
2557 2559 2558
2560 2555 2556
2555 2560 2557
2560 2556 2561
2560 2561 2562
2557 2563 2559
2560 2563 2557
2564 2559 2563
2564 2563 2565
2563 2566 2565
2560 2562 2567
2560 2567 2563
2563 2567 2566
2567 2562 2568
2567 2568 2566
2544 2569 2570
2544 2570 2571
2570 2569 2572
2573 2571 2570
2570 2572 2574
2575 2574 2572
2573 2570 2576
2576 2570 2574
2550 2573 2576
2550 2576 2577
2578 2577 2576
2576 2574 2578
2578 2579 2577
2575 2580 2574
2580 2578 2574
2579 2578 2581
2580 2581 2578
2579 2581 2582
2583 2580 2575
2583 2581 2580
2583 2575 2584
2583 2584 2585
2582 2581 2586
2583 2586 2581
2582 2586 2587
2588 2587 2586
2583 2585 2589
2586 2583 2589
2589 2585 2590
2588 2586 2591
2586 2589 2591
2591 2592 2588
2591 2593 2592
2593 2591 2589
2594 2592 2593
2589 2590 2595
2593 2589 2595
2590 2594 2596
2594 2593 2596
2593 2595 2596
2590 2596 2595
2597 2598 2599
1050 2598 2597
2597 2599 2600
2601 2600 2599
1050 2597 2602
1050 2602 1055
2603 2602 2597
2603 1055 2602
2601 2604 2600
2605 2604 2601
2606 2597 2600
2603 2597 2606
2603 2607 1055
2607 1119 1055
2605 2608 2604
2608 2605 2609
2604 2610 2600
2606 2600 2610
2606 2611 2603
2607 2603 2611
2608 2612 2604
2604 2612 2610
2610 2613 2606
2606 2613 2611
2612 2614 2610
2610 2614 2613
2607 2615 1119
2607 2611 2616
2615 2607 2616
2617 2611 2613
2617 2616 2611
2617 2613 2618
2614 2618 2613
2617 2619 2616
2614 2620 2618
2621 2616 2619
2615 2616 2621
2621 2619 2622
2620 2614 2623
2612 2623 2614
2620 2623 2624
2625 2624 2623
2622 2626 2621
2622 2627 2626
2628 2626 2627
2629 2615 2621
2629 2621 2626
2623 2612 2630
2608 2630 2612
2625 2623 2631
2623 2630 2631
2630 2608 2632
2608 2609 2632
2609 2633 2632
2609 2634 2633
2633 2634 2635
2630 2632 2636
2631 2630 2636
2636 2632 2633
2625 2631 2637
2631 2636 2637
2625 2637 2638
2639 2638 2637
2636 2640 2637
2639 2637 2640
2636 2641 2640
2636 2633 2641
2639 2640 2642
2641 2642 2640
2639 2642 2643
2633 2635 2644
2644 2635 2645
2633 2646 2641
2633 2644 2646
2641 2646 2642
2644 2645 2647
2647 2646 2644
2648 2647 2645
2643 2642 2649
2643 2649 2650
2651 2650 2649
2642 2646 2652
2647 2652 2646
2642 2652 2649
2647 2653 2652
2653 2649 2652
2648 2654 2647
2647 2654 2653
2654 2648 242
2654 242 244
244 2653 2654
2651 2649 2655
2653 2655 2649
2655 2656 2651
244 2657 2653
2657 244 237
2653 2658 2655
2653 2657 2658
2655 2658 2656
2658 2657 237
2659 2656 2658
2658 237 2659
2659 2660 2656
237 239 2659
2660 2659 239
2661 2662 2663
2664 2663 2662
2661 2665 2662
2666 2662 2665
2665 2661 2667
2664 2662 2668
2669 2664 2668
2665 2667 2670
2666 2665 2670
2668 2662 2671
2666 2671 2662
2672 2670 2667
2672 2667 2673
2670 2672 2674
2674 2672 2675
2673 2675 2672
2674 2675 2676
775 2674 2676
2666 2670 2677
2670 2674 2677
775 2678 2674
774 2678 775
2677 2674 2679
2679 2666 2677
2680 2678 774
777 2680 774
777 796 2680
2681 2674 2678
2680 2681 2678
796 2681 2680
2674 2681 2679
796 2682 2681
797 2682 796
797 2683 2682
2682 2683 2684
2685 2681 2682
2685 2679 2681
2682 2684 2685
2679 2686 2666
2686 2679 2685
2687 2685 2684
2686 2685 2687
2687 2684 2688
2689 2666 2686
2687 2689 2686
2689 2671 2666
2688 2690 2687
2687 2690 2689
2688 2691 2690
2689 2692 2671
2668 2671 2692
2693 2690 2691
2693 2691 2694
2693 2694 2695
2696 2689 2690
2689 2696 2692
2696 2690 2693
2697 2692 2696
2697 2696 2693
2693 2695 2698
2697 2693 2698
2699 2698 2695
2700 2668 2692
2697 2700 2692
2699 2701 2698
2701 2697 2698
2700 2702 2668
2669 2668 2702
2703 2700 2697
2703 2702 2700
2669 2702 2704
2703 2704 2702
2669 2704 2705
2628 2705 2704
2628 2704 2706
2706 2704 2703
2628 2706 2626
2626 2706 2707
2706 2703 2707
2626 2707 2629
2703 2697 2708
2707 2703 2708
2701 2708 2697
2707 2708 2709
2709 2629 2707
2709 2708 2701
2709 2710 2629
2710 2615 2629
2710 1119 2615
1109 1119 2710
2709 2701 2711
2711 2710 2709
2711 1109 2710
2711 2701 2699
1110 1109 2711
2711 2699 1110
2712 2713 2714
2714 2713 2715
2714 2715 2716
2717 2716 2715
2717 2718 2716
2719 2718 2717
2714 2716 2720
2716 2718 2720
2719 2721 2718
2718 2721 2720
2722 2714 2720
2712 2714 2722
2723 2722 2720
2712 2722 2723
2712 2723 2724
2721 2719 2725
2726 2724 2723
2726 2723 2720
2726 2727 2724
2728 2727 2726
2728 2726 2720
2728 2729 2727
2730 2729 2728
2730 2728 2720
2730 2731 2729
2731 2730 2732
2732 2730 2720
2731 2732 2733
2733 2732 2734
2734 2732 2720
2733 2734 2735
2736 2735 2734
2737 2734 2720
2736 2734 2737
2738 2736 2737
2739 2737 2720
2738 2737 2739
2740 2739 2720
2741 2738 2739
2741 2739 2740
2741 2740 2742
2742 2740 2720
2741 2742 2743
2744 2743 2742
2744 2742 2745
2745 2742 2720
2744 2745 2746
2746 2745 2720
2744 2746 2747
2747 2746 2748
2748 2746 2720
2747 2748 2749
2749 2748 2750
2750 2748 2720
2749 2750 2751
2725 2751 2750
2752 2750 2720
2725 2750 2752
2721 2752 2720
2721 2725 2752
2753 2754 2755
2755 2756 2753
2755 2754 2757
2758 2756 2755
2757 2759 2755
2755 2760 2758
2755 2759 2761
2762 2760 2755
2761 2763 2755
2755 2764 2762
2755 2763 2765
2766 2764 2755
2765 2767 2755
2755 2768 2766
2755 2767 2769
2770 2768 2755
2769 2771 2755
2755 2772 2770
2755 2771 2773
2774 2772 2755
2773 2775 2755
2755 2776 2774
2755 2775 2777
2777 2776 2755
2778 2779 2780
2779 2781 2780
2779 2782 2781
2783 2781 2782
2783 2782 2784
2785 2783 2784
2779 2786 2782
2782 2786 2784
2785 2784 2787
2784 2786 2787
2788 2786 2779
2778 2788 2779
2789 2786 2788
2778 2789 2788
2778 2790 2789
2787 2791 2785
2792 2789 2790
2792 2786 2789
2792 2790 2793
2794 2792 2793
2794 2786 2792
2794 2793 2795
2796 2794 2795
2796 2786 2794
2796 2795 2797
2797 2798 2796
2798 2786 2796
2797 2799 2798
2799 2800 2798
2800 2786 2798
2799 2801 2800
2802 2800 2801
2803 2786 2800
2802 2803 2800
2804 2803 2802
2805 2786 2803
2804 2805 2803
2806 2786 2805
2807 2805 2804
2807 2806 2805
2807 2808 2806
2808 2786 2806
2807 2809 2808
2810 2808 2809
2810 2811 2808
2811 2786 2808
2810 2812 2811
2812 2786 2811
2810 2813 2812
2813 2814 2812
2814 2786 2812
2813 2815 2814
2815 2816 2814
2816 2786 2814
2815 2817 2816
2791 2816 2817
2818 2786 2816
2791 2818 2816
2787 2786 2818
2787 2818 2791
2819 2820 2821
2820 2819 2822
2820 2823 2821
2824 2820 2822
2823 2820 2825
2820 2824 2826
2820 2827 2825
2828 2820 2826
2827 2820 2829
2820 2828 2830
2820 2831 2829
2832 2820 2830
2831 2820 2833
2820 2832 2834
2820 2835 2833
2836 2820 2834
2835 2820 2837
2820 2836 2838
2820 2839 2837
2840 2820 2838
2839 2820 2841
2820 2840 2842
2820 2843 2841
2843 2820 2842
