byte offset: 0
first index: 54042
index count: 3165
topology: trianglelist
format: DXGI_FORMAT_R16_UINT

14319 14320 14321
14319 14322 14320
14319 14323 14322
14319 14324 14323
14325 14324 14319
14325 14326 14324
14324 14327 14323
14328 14326 14325
14324 14329 14327
14329 14324 14326
14329 14330 14327
14329 14331 14330
14329 14332 14331
14329 14333 14332
14333 14329 14326
14333 14334 14332
14333 14335 14334
14335 14333 14326
14335 14336 14334
14335 14337 14336
14335 14338 14337
14335 14339 14338
14335 14340 14339
14340 14341 14339
14340 14342 14341
14340 14343 14342
14340 14344 14343
14340 14345 14344
14335 14326 14346
14346 14340 14335
14340 14347 14345
14345 14347 14348
14349 14346 14326
14328 14349 14326
14350 14349 14328
14346 14351 14340
14347 14340 14351
14348 14347 14352
14348 14352 14353
14352 14354 14353
14352 14355 14354
14347 14351 14356
14352 14347 14356
14355 14352 14357
14357 14352 14356
14355 14357 14358
14358 14357 14359
14358 14359 14360
14360 14359 14361
14361 14359 14362
14363 14351 14346
14356 14351 14363
14357 14356 14364
14359 14357 14364
14365 14362 14359
14365 14366 14362
14366 14365 14367
14363 14346 14368
14349 14368 14346
14356 14363 14369
14369 14364 14356
14370 14359 14364
14370 14365 14359
14365 14371 14367
14371 14372 14367
14371 14373 14372
14374 14373 14371
14374 14375 14373
14365 14376 14371
14365 14370 14376
14376 14374 14371
14377 14363 14368
14363 14377 14369
14369 14378 14364
14378 14370 14364
14374 14379 14375
14375 14379 14380
14380 14379 14381
14381 14379 14374
14381 14374 14382
14381 14382 14383
14383 14382 14384
14385 14377 14368
14349 14385 14368
14386 14369 14377
14378 14369 14386
14378 14386 14387
14377 14388 14386
14387 14386 14388
14382 14374 14389
14376 14389 14374
14390 14384 14382
14390 14391 14384
14390 14392 14391
14390 14393 14392
14393 14390 14394
14393 14394 14395
14394 14396 14395
14394 14397 14396
14394 14398 14397
14398 14399 14397
14398 14400 14399
14398 14401 14400
14402 14390 14382
14394 14390 14402
14398 14394 14403
14394 14402 14403
14402 14382 14404
14382 14389 14404
14403 14402 14405
14405 14402 14404
14398 14406 14401
14398 14403 14407
14406 14398 14407
14407 14403 14408
14403 14405 14408
14406 14409 14401
14409 14410 14401
14406 14407 14411
14411 14407 14408
14412 14406 14411
14413 14406 14412
14413 14409 14406
14409 14414 14410
14414 14415 14410
14414 14416 14415
14416 14414 14417
14417 14414 14418
14418 14414 14409
14418 14409 14413
14419 14413 14412
14413 14419 14420
14419 14421 14420
14419 14422 14421
14419 14423 14422
14423 14419 14412
14424 14423 14412
14424 14412 14425
14423 14426 14422
14423 14424 14426
14424 14427 14426
14424 14428 14427
14424 14429 14428
14424 14430 14429
14430 14424 14425
14430 14431 14429
14430 14432 14431
14432 14430 14433
14430 14425 14433
14434 14432 14433
14434 14433 14435
14425 14435 14433
14434 14435 14436
14436 14435 14437
14437 14435 14438
14438 14435 14439
14439 14435 14440
14439 14440 14441
14441 14440 14442
14425 14443 14435
14443 14440 14435
14444 14443 14425
14440 14445 14442
14445 14446 14442
14445 14447 14446
14445 14448 14447
14440 14443 14449
14440 14449 14445
14443 14444 14449
14448 14445 14450
14449 14450 14445
14444 14425 14451
14451 14425 14412
14451 14412 14452
14412 14411 14452
14450 14453 14448
14448 14453 14454
14453 14455 14454
14455 14453 14456
14456 14453 14457
14450 14457 14453
14450 14458 14457
14458 14459 14457
14458 14460 14459
14460 14461 14459
14461 14460 14462
14463 14458 14450
14460 14458 14463
14449 14463 14450
14464 14463 14449
14444 14464 14449
14460 14465 14462
14465 14466 14462
14464 14467 14463
14460 14463 14467
14465 14468 14466
14468 14469 14466
14468 14470 14469
14470 14471 14469
14470 14472 14471
14472 14473 14471
14473 14472 14474
14474 14472 14470
14474 14470 14475
14475 14470 14468
14475 14468 14476
14465 14476 14468
14465 14477 14476
14460 14478 14465
14478 14477 14465
14478 14479 14477
14479 14480 14477
14479 14481 14480
14479 14482 14481
14483 14478 14460
14479 14478 14483
14483 14460 14467
14484 14483 14467
14464 14484 14467
14484 14464 14485
14444 14485 14464
14479 14486 14482
14486 14487 14482
14488 14487 14486
14487 14489 14482
14487 14490 14489
14487 14491 14490
14487 14492 14491
14486 14479 14493
14479 14483 14493
14486 14493 14488
14487 14494 14492
14494 14487 14488
14495 14494 14488
14494 14496 14492
14494 14495 14496
14495 14497 14496
14495 14498 14497
14495 14499 14498
14500 14493 14483
14484 14500 14483
14500 14501 14493
14501 14488 14493
14502 14500 14484
14501 14500 14502
14502 14484 14503
14484 14485 14503
14495 14488 14504
14495 14505 14499
14505 14495 14504
14501 14506 14488
14506 14504 14488
14505 14507 14499
14507 14508 14499
14507 14509 14508
14509 14510 14508
14509 14511 14510
14511 14512 14510
14511 14513 14512
14513 14514 14512
14514 14513 14515
14513 14516 14515
14513 14511 14516
14511 14517 14516
14511 14509 14517
14518 14517 14509
14518 14509 14507
14519 14518 14507
14505 14519 14507
14519 14520 14518
14520 14521 14518
14520 14522 14521
14522 14523 14521
14522 14524 14523
14522 14525 14524
14519 14526 14520
14526 14522 14520
14527 14519 14505
14519 14527 14526
14522 14528 14525
14528 14529 14525
14528 14530 14529
14530 14531 14529
14530 14532 14531
14530 14533 14532
14526 14534 14522
14534 14528 14522
14535 14534 14526
14527 14535 14526
14534 14536 14528
14530 14528 14536
14535 14536 14534
14530 14537 14533
14537 14538 14533
14537 14539 14538
14539 14540 14538
14539 14541 14540
14530 14536 14542
14537 14530 14542
14543 14542 14536
14535 14543 14536
14537 14542 14544
14539 14537 14544
14543 14544 14542
14539 14545 14541
14545 14546 14541
14545 14547 14546
14547 14548 14546
14547 14549 14548
14549 14550 14548
14549 14551 14550
14551 14552 14550
14552 14551 14553
14551 14554 14553
14551 14549 14554
14549 14555 14554
14549 14547 14555
14547 14556 14555
14547 14545 14556
14545 14557 14556
14556 14557 14558
14557 14559 14558
14557 14560 14559
14560 14561 14559
14560 14562 14561
14561 14562 14563
14562 14564 14563
14562 14565 14564
14562 14566 14565
14562 14567 14566
14562 14568 14567
14560 14568 14562
14560 14569 14568
14545 14570 14557
14539 14570 14545
14571 14570 14539
14557 14570 14571
14571 14539 14544
14572 14571 14544
14543 14572 14544
14557 14571 14573
14574 14560 14557
14574 14557 14573
14572 14575 14571
14573 14571 14575
14560 14576 14569
14576 14577 14569
14577 14578 14569
14577 14579 14578
14579 14577 14580
14577 14581 14580
14577 14582 14581
14577 14583 14582
14577 14584 14583
14577 14576 14584
14576 14585 14584
14560 14586 14576
14560 14574 14586
14576 14587 14585
14587 14576 14586
14585 14587 14588
14587 14589 14588
14587 14590 14589
14590 14587 14591
14587 14586 14591
14591 14592 14590
14591 14593 14592
14594 14586 14574
14594 14574 14573
14595 14593 14591
14595 14596 14593
14597 14596 14595
14598 14591 14586
14598 14595 14591
14598 14597 14595
14594 14598 14586
14594 14573 14599
14573 14575 14599
14598 14600 14597
14601 14597 14600
14598 14594 14602
14598 14602 14600
14601 14600 14602
14602 14594 14599
14599 14575 14603
14603 14575 14572
14604 14601 14602
14605 14601 14604
14606 14605 14604
14602 14599 14607
14604 14602 14607
14599 14603 14607
14606 14604 14607
14606 14607 14603
14603 14572 14608
14606 14603 14608
14572 14609 14608
14572 14543 14609
14606 14610 14605
14611 14605 14610
14612 14606 14608
14612 14608 14609
14613 14612 14609
14614 14609 14543
14613 14609 14614
14614 14543 14535
14606 14612 14615
14606 14615 14610
14615 14612 14613
14616 14611 14610
14616 14610 14615
14611 14616 14617
14618 14614 14535
14527 14618 14535
14619 14616 14615
14617 14616 14619
14620 14613 14614
14618 14620 14614
14615 14613 14621
14619 14615 14621
14622 14618 14527
14623 14620 14618
14623 14618 14622
14624 14620 14623
14620 14625 14613
14624 14625 14620
14613 14625 14626
14613 14626 14621
14626 14625 14624
14627 14621 14626
14627 14619 14621
14619 14627 14628
14627 14626 14629
14626 14624 14629
14622 14527 14630
14527 14505 14630
14505 14504 14630
14622 14630 14504
14506 14622 14504
14631 14622 14506
14631 14623 14622
14631 14624 14623
14631 14506 14501
14631 14501 14632
14501 14502 14632
14631 14633 14624
14633 14631 14632
14632 14502 14634
14633 14632 14634
14634 14502 14503
14624 14633 14635
14635 14633 14634
14624 14635 14629
14636 14634 14503
14636 14503 14485
14485 14637 14636
14638 14634 14636
14635 14634 14638
14485 14639 14637
14444 14639 14485
14640 14639 14444
14637 14639 14640
14640 14444 14451
14640 14451 14452
14638 14636 14641
14637 14641 14636
14629 14635 14642
14643 14635 14638
14643 14642 14635
14629 14642 14644
14627 14629 14644
14628 14627 14644
14644 14642 14645
14645 14642 14643
14646 14643 14638
14646 14638 14641
14628 14644 14647
14644 14645 14647
14648 14647 14645
14645 14643 14649
14649 14643 14646
14650 14628 14647
14648 14650 14647
14651 14645 14649
14651 14648 14645
14652 14646 14641
14649 14646 14653
14652 14653 14646
14654 14651 14649
14654 14649 14653
14648 14651 14655
14655 14651 14654
14652 14641 14656
14637 14656 14641
14637 14657 14656
14652 14656 14657
14652 14658 14653
14658 14654 14653
14637 14659 14657
14637 14640 14659
14652 14657 14660
14658 14652 14660
14659 14640 14661
14640 14452 14661
14452 14662 14661
14452 14411 14662
14411 14408 14662
14661 14663 14659
14661 14662 14663
14662 14408 14664
14662 14664 14663
14408 14405 14664
14659 14663 14665
14659 14665 14657
14664 14665 14663
14666 14660 14657
14666 14657 14665
14405 14667 14664
14664 14667 14665
14668 14660 14666
14658 14660 14668
14669 14667 14405
14405 14404 14669
14404 14670 14669
14404 14389 14670
14669 14670 14671
14669 14671 14667
14672 14667 14671
14673 14665 14667
14673 14666 14665
14672 14673 14667
14666 14673 14674
14674 14673 14672
14675 14670 14389
14675 14671 14670
14675 14389 14376
14370 14675 14376
14668 14666 14676
14666 14674 14676
14675 14387 14671
14672 14671 14387
14370 14677 14675
14675 14677 14387
14378 14677 14370
14378 14387 14677
14678 14668 14676
14678 14658 14668
14674 14679 14676
14678 14676 14679
14672 14387 14680
14387 14388 14680
14678 14681 14658
14658 14681 14654
14681 14682 14654
14655 14654 14682
14683 14681 14678
14681 14683 14682
14684 14655 14682
14683 14684 14682
14685 14678 14679
14683 14678 14685
14684 14686 14655
14686 14648 14655
14672 14680 14687
14680 14388 14688
14680 14688 14687
14672 14687 14689
14674 14672 14689
14690 14689 14687
14690 14687 14688
14674 14689 14691
14690 14691 14689
14674 14691 14692
14674 14692 14679
14685 14679 14693
14692 14693 14679
14694 14685 14693
14694 14683 14685
14694 14695 14683
14683 14695 14684
14695 14696 14684
14696 14686 14684
14694 14697 14695
14695 14697 14696
14692 14691 14698
14692 14699 14693
14692 14698 14699
14694 14693 14700
14699 14700 14693
14691 14701 14698
14691 14690 14701
14702 14699 14698
14702 14698 14701
14699 14702 14700
14700 14703 14694
14694 14703 14697
14704 14701 14690
14702 14701 14704
14702 14705 14700
14700 14705 14703
14704 14690 14706
14690 14688 14706
14688 14707 14706
14707 14704 14706
14704 14708 14702
14702 14708 14705
14688 14709 14707
14388 14709 14688
14707 14710 14704
14704 14710 14708
14711 14710 14707
14708 14710 14711
14705 14708 14712
14708 14711 14712
14388 14713 14709
14377 14713 14388
14713 14377 14385
14713 14385 14714
14709 14713 14714
14715 14707 14709
14711 14707 14715
14385 14716 14714
14385 14349 14716
14350 14716 14349
14716 14350 14717
14709 14714 14718
14715 14709 14718
14718 14714 14716
14719 14711 14715
14719 14715 14718
14718 14716 14720
14716 14717 14720
14719 14718 14720
14719 14720 14717
14719 14717 14721
14721 14722 14719
14719 14722 14711
14712 14711 14722
14712 14722 14723
14724 14712 14723
14724 14725 14712
14725 14724 14726
14705 14712 14725
14725 14726 14727
14705 14725 14727
14727 14726 14728
14705 14727 14703
14727 14728 14729
14703 14727 14729
14729 14728 14730
14703 14729 14697
14729 14730 14731
14697 14729 14731
14731 14730 14732
14697 14731 14696
14731 14732 14733
14696 14731 14733
14734 14733 14732
14734 14732 14735
14696 14733 14736
14734 14736 14733
14696 14736 14686
14686 14736 14737
14686 14737 14648
14736 14738 14737
14738 14648 14737
14734 14738 14736
14738 14650 14648
14739 14738 14734
14739 14650 14738
14739 14734 14735
14650 14739 14628
14739 14735 14740
14740 14628 14739
14735 14741 14740
14740 14741 14617
14740 14742 14628
14740 14617 14742
14619 14628 14742
14617 14619 14742
14743 14744 14745
14745 14744 14746
14745 14746 14747
14747 14746 14748
14748 14749 14747
14749 14750 14747
14751 14750 14749
14751 14752 14750
14751 14753 14752
14751 14754 14753
14751 14755 14754
14756 14751 14749
14756 14757 14751
14757 14758 14751
14751 14759 14755
14751 14758 14759
14758 14760 14759
14758 14761 14760
14762 14757 14756
14758 14763 14761
14758 14764 14763
14764 14765 14763
14764 14766 14765
14764 14767 14766
14764 14768 14767
14762 14769 14757
14770 14769 14762
14770 14771 14769
14772 14771 14770
14757 14773 14758
14764 14758 14773
14757 14769 14774
14771 14774 14769
14772 14775 14771
14776 14775 14772
14757 14777 14773
14757 14774 14777
14774 14778 14777
14774 14779 14778
14771 14779 14774
14779 14771 14775
14764 14773 14780
14780 14773 14777
14776 14781 14775
14782 14781 14776
14783 14779 14775
14778 14779 14783
14781 14783 14775
14782 14784 14781
14785 14784 14782
14781 14786 14783
14781 14784 14786
14785 14787 14784
14786 14784 14787
14788 14787 14785
14788 14789 14787
14790 14789 14788
14791 14777 14778
14780 14777 14791
14792 14780 14791
14792 14791 14778
14786 14793 14783
14778 14783 14793
14786 14787 14794
14787 14789 14794
14790 14795 14789
14796 14795 14790
14786 14797 14793
14794 14797 14786
14778 14793 14798
14797 14798 14793
14794 14789 14799
14795 14799 14789
14796 14800 14795
14801 14800 14796
14778 14798 14802
14792 14778 14802
14794 14803 14797
14794 14799 14803
14804 14799 14795
14804 14795 14800
14799 14805 14803
14805 14797 14803
14799 14804 14805
14801 14806 14800
14807 14806 14801
14797 14808 14798
14805 14808 14797
14804 14809 14805
14809 14808 14805
14800 14810 14804
14800 14806 14810
14804 14810 14809
14807 14811 14806
14812 14811 14807
14813 14798 14808
14813 14802 14798
14806 14814 14810
14806 14811 14814
14812 14815 14811
14814 14811 14815
14816 14815 14812
14810 14814 14817
14810 14817 14809
14809 14818 14808
14813 14808 14818
14819 14818 14809
14819 14809 14817
14813 14818 14819
14816 14820 14815
14821 14820 14816
14814 14815 14822
14817 14814 14822
14822 14815 14820
14819 14817 14823
14817 14822 14823
14821 14824 14820
14825 14824 14821
14825 14826 14824
14827 14826 14825
14827 14828 14826
14829 14828 14827
14829 14830 14828
14831 14830 14829
14831 14832 14830
14833 14832 14831
14833 14834 14832
14835 14834 14833
14835 14836 14834
14837 14836 14835
14836 14837 14838
14836 14838 14839
14836 14839 14840
14841 14836 14840
14834 14842 14832
14832 14842 14830
14836 14843 14834
14834 14843 14842
14836 14841 14844
14836 14844 14843
14841 14845 14844
14844 14845 14843
14846 14845 14841
14847 14845 14846
14830 14842 14848
14843 14848 14842
14845 14849 14843
14843 14849 14848
14845 14850 14849
14849 14850 14848
14851 14845 14847
14845 14851 14850
14852 14851 14847
14850 14851 14852
14852 14847 14853
14852 14853 14854
14855 14852 14854
14855 14854 14856
14855 14856 14857
14855 14857 14858
14859 14830 14848
14828 14830 14859
14850 14860 14848
14859 14848 14860
14850 14852 14861
14852 14855 14861
14850 14861 14860
14862 14855 14858
14862 14858 14863
14864 14862 14863
14864 14863 14865
14864 14865 14866
14864 14866 14867
14868 14864 14867
14868 14867 14869
14868 14869 14870
14855 14871 14861
14855 14862 14871
14861 14872 14860
14861 14871 14872
14862 14873 14871
14862 14864 14873
14871 14873 14872
14874 14873 14864
14874 14864 14868
14875 14873 14874
14875 14872 14873
14876 14860 14872
14876 14859 14860
14877 14876 14872
14877 14872 14875
14859 14876 14878
14878 14876 14877
14868 14870 14879
14879 14870 14880
14881 14879 14880
14882 14874 14868
14882 14875 14874
14883 14879 14881
14883 14881 14884
14885 14883 14884
14885 14884 14886
14885 14886 14887
14885 14887 14888
14889 14868 14879
14882 14868 14889
14883 14889 14879
14890 14882 14889
14890 14889 14883
14882 14891 14875
14891 14882 14890
14892 14890 14883
14892 14883 14885
14893 14885 14888
14893 14888 14894
14895 14890 14892
14895 14891 14890
14896 14892 14885
14896 14885 14893
14895 14892 14896
14897 14875 14891
14897 14877 14875
14898 14893 14894
14898 14894 14899
14898 14899 14900
14898 14900 14901
14902 14898 14901
14902 14901 14903
14902 14903 14904
14905 14902 14904
14902 14905 14906
14902 14906 14768
14907 14893 14898
14902 14907 14898
14907 14896 14893
14908 14896 14907
14908 14895 14896
14909 14902 14768
14909 14768 14764
14909 14764 14780
14792 14909 14780
14792 14902 14909
14902 14910 14907
14792 14910 14902
14910 14908 14907
14802 14910 14792
14802 14908 14910
14813 14908 14802
14908 14911 14895
14908 14813 14911
14911 14891 14895
14813 14819 14911
14911 14897 14891
14912 14911 14819
14912 14897 14911
14877 14897 14912
14819 14823 14912
14877 14912 14913
14913 14912 14823
14878 14877 14913
14913 14823 14914
14822 14914 14823
14913 14915 14878
14913 14914 14915
14822 14916 14914
14916 14915 14914
14822 14820 14916
14917 14916 14820
14916 14917 14915
14824 14917 14820
14918 14917 14824
14918 14915 14917
14824 14826 14918
14915 14919 14878
14915 14918 14919
14919 14918 14826
14859 14878 14919
14919 14826 14828
14828 14859 14919
14920 14921 14922
14920 14922 14923
14923 14922 14924
14923 14924 14925
14925 14924 14926
14925 14926 14927
14928 14927 14926
14928 14929 14927
14928 14930 14929
14928 14931 14930
14931 14932 14930
14931 14933 14932
14932 14933 14934
14932 14934 14935
14935 14934 14936
14935 14936 14937
14937 14936 14938
14937 14938 14939
14939 14938 14940
14939 14940 14941
14941 14940 14942
14941 14942 14943
14943 14942 14944
14943 14944 14945
14945 14944 14946
14945 14946 14947
14947 14946 14948
14947 14948 14949
14949 14948 14950
14949 14950 14951
14951 14950 14952
14951 14952 14953
14953 14952 14954
14953 14954 14955
14955 14954 14956
14955 14956 14957
14958 14957 14956
14958 14959 14957
14959 14958 14960
14959 14960 14961
14961 14960 14962
14961 14962 14963
14963 14962 14964
14963 14964 14965
14965 14964 14966
14965 14966 14967
14967 14966 14968
14967 14968 14969
14969 14968 14970
14969 14970 14971
14971 14970 14972
14971 14972 14973
14973 14972 14974
14973 14974 14975
14975 14974 14976
14975 14976 14977
14977 14976 14978
14977 14978 14979
14980 14979 14978
14980 14981 14979
14981 14980 14982
14981 14982 14983
14983 14982 14984
14983 14984 14985
14985 14984 14986
14985 14986 14987
14987 14986 14988
14987 14988 14989
14989 14988 14990
14989 14990 14991
14991 14990 14992
14991 14992 14993
14993 14992 14994
14994 14992 14995
14994 14995 14996
14996 14995 14997
14996 14997 14998
14998 14997 14999
14998 14999 15000
15000 14999 15001
15000 15001 15002
15002 15001 15003
15002 15003 15004
15004 15003 15005
15004 15005 15006
15006 15005 15007
15005 15008 15007
15005 15009 15008
15005 15010 15009
15010 15011 15009
15010 15012 15011
15012 15013 15011
15012 15014 15013
15013 15014 15015
15013 15015 15016
15016 15015 15017
