byte offset: 0
first index: 11505
index count: 6267
topology: trianglelist
format: DXGI_FORMAT_R16_UINT

3478 3479 3480
3478 3481 3479
3482 3481 3478
3482 3478 3483
3479 3481 3484
3479 3484 3485
3481 3482 3486
3481 3486 3484
3487 3482 3483
3487 3483 3488
3487 3488 3489
3485 3484 3490
3485 3490 3491
3482 3487 3492
3482 3492 3486
3487 3489 3493
3493 3492 3487
3494 3484 3486
3494 3490 3484
3491 3490 3495
3491 3495 3496
3495 3497 3496
3489 3498 3493
3489 3499 3498
3500 3498 3499
3490 3501 3495
3490 3494 3501
3495 3502 3497
3502 3495 3501
3503 3497 3502
3504 3494 3486
3504 3486 3492
3493 3505 3492
3498 3505 3493
3500 3506 3498
3507 3506 3500
3508 3501 3494
3508 3494 3504
3502 3501 3509
3509 3501 3508
3503 3502 3510
3510 3502 3509
3492 3511 3504
3492 3505 3511
3498 3512 3505
3506 3512 3498
3507 3513 3506
3514 3513 3507
3503 3510 3515
3503 3515 3516
3510 3509 3517
3517 3515 3510
3504 3511 3518
3504 3518 3508
3509 3508 3519
3519 3517 3509
3508 3518 3520
3508 3520 3519
3521 3518 3511
3520 3518 3521
3514 3522 3513
3523 3522 3514
3524 3516 3515
3524 3525 3516
3521 3511 3526
3526 3511 3505
3526 3505 3512
3523 3527 3522
3528 3527 3523
3529 3525 3524
3529 3530 3525
3530 3529 3531
3532 3529 3524
3532 3524 3533
3534 3532 3533
3515 3533 3524
3534 3533 3535
3535 3536 3534
3515 3537 3533
3535 3533 3537
3517 3537 3515
3535 3538 3536
3539 3536 3538
3535 3537 3540
3540 3537 3517
3540 3538 3535
3539 3538 3541
3541 3542 3539
3540 3517 3543
3519 3543 3517
3519 3544 3543
3544 3540 3543
3519 3520 3544
3540 3545 3538
3544 3545 3540
3545 3541 3538
3541 3546 3542
3547 3542 3546
3520 3548 3544
3548 3545 3544
3545 3549 3541
3549 3546 3541
3548 3549 3545
3550 3549 3548
3520 3551 3548
3551 3550 3548
3520 3521 3551
3547 3546 3552
3552 3553 3547
3549 3554 3546
3550 3554 3549
3552 3546 3554
3521 3555 3551
3551 3555 3550
3552 3556 3553
3556 3557 3553
3552 3554 3558
3558 3554 3550
3558 3556 3552
3521 3559 3555
3526 3559 3521
3526 3560 3559
3512 3560 3526
3555 3559 3561
3561 3559 3560
3550 3555 3562
3555 3561 3562
3512 3563 3560
3506 3563 3512
3513 3563 3506
3563 3564 3560
3561 3560 3564
3513 3565 3563
3563 3565 3564
3522 3565 3513
3522 3566 3565
3564 3565 3566
3527 3566 3522
3550 3562 3567
3562 3568 3567
3558 3550 3567
3568 3558 3567
3561 3569 3562
3562 3569 3568
3564 3570 3561
3561 3570 3569
3564 3566 3571
3564 3571 3570
3569 3570 3572
3572 3570 3571
3571 3566 3573
3527 3573 3566
3571 3573 3574
3572 3571 3574
3527 3575 3573
3574 3573 3575
3568 3576 3558
3558 3576 3556
3577 3556 3576
3556 3577 3557
3577 3576 3578
3578 3576 3568
3557 3577 3579
3578 3579 3577
3557 3579 3580
3579 3581 3580
3579 3582 3581
3582 3583 3581
3578 3584 3579
3584 3582 3579
3578 3568 3585
3584 3578 3585
3568 3586 3585
3568 3569 3586
3569 3572 3586
3582 3587 3583
3584 3588 3582
3587 3582 3588
3583 3587 3589
3583 3589 3590
3591 3589 3587
3587 3588 3591
3591 3592 3589
3593 3588 3584
3591 3588 3593
3592 3591 3594
3591 3593 3594
3594 3593 3595
3592 3594 3596
3597 3596 3594
3593 3584 3598
3595 3593 3598
3584 3585 3598
3597 3594 3599
3594 3595 3599
3600 3597 3599
3601 3598 3585
3595 3598 3601
3601 3585 3586
3586 3602 3601
3602 3595 3601
3586 3572 3602
3600 3599 3603
3595 3603 3599
3600 3603 3604
3600 3604 3605
3604 3606 3605
3595 3607 3603
3602 3607 3595
3604 3603 3607
3608 3602 3572
3607 3602 3608
3608 3572 3574
3574 3575 3608
3607 3608 3609
3604 3607 3609
3575 3609 3608
3604 3610 3606
3610 3611 3606
3604 3609 3612
3575 3612 3609
3604 3612 3610
3610 3613 3611
3614 3611 3613
3614 3613 3615
3615 3613 3616
3613 3617 3616
3618 3613 3610
3618 3610 3612
3613 3618 3617
3619 3612 3575
3619 3618 3612
3617 3618 3619
3527 3619 3575
3617 3619 3528
3528 3619 3527
3620 3621 3622
3620 3622 3623
3623 3622 3624
3623 3624 3625
3625 3624 3626
3625 3626 3627
3627 3626 3628
3627 3628 3629
3629 3628 3630
3629 3630 3631
3631 3630 3632
3631 3632 3633
3633 3632 3634
3633 3634 3635
3635 3634 3636
3635 3636 3637
3637 3636 3638
3637 3638 3639
3639 3638 3640
3639 3640 3641
3642 3643 3644
3642 3645 3643
3646 3643 3645
3646 3647 3643
3648 3647 3646
3648 3646 3649
3648 3649 3650
3648 3650 3651
3652 3651 3650
3652 3653 3651
3654 3653 3652
3654 3655 3653
3656 3655 3654
3656 3657 3655
3658 3657 3656
3658 3659 3657
3660 3659 3658
3660 3661 3659
3662 3661 3660
3662 3663 3661
3664 3663 3662
3664 3665 3663
3666 3667 3668
3666 3669 3667
3670 3669 3666
3670 3671 3669
3672 3671 3670
3672 3673 3671
3674 3673 3672
3674 3675 3673
3676 3675 3674
3676 3677 3675
3678 3679 3677
3678 3680 3679
3680 3681 3679
3680 3682 3681
3682 3683 3681
3682 3684 3683
3684 3685 3683
3684 3686 3685
3686 3687 3685
3686 3688 3687
3689 3690 3691
3689 3691 3692
3693 3689 3692
3693 3694 3689
3691 3695 3692
3691 3696 3695
3692 3697 3693
3692 3695 3697
3698 3694 3693
3698 3699 3694
3698 3700 3699
3696 3701 3695
3696 3702 3701
3693 3703 3698
3693 3697 3703
3698 3704 3700
3704 3698 3703
3705 3697 3695
3705 3695 3701
3702 3706 3701
3702 3707 3706
3708 3706 3707
3700 3704 3709
3700 3709 3710
3711 3710 3709
3712 3703 3697
3712 3697 3705
3701 3713 3705
3701 3706 3713
3708 3714 3706
3714 3708 3715
3704 3703 3716
3709 3704 3716
3711 3709 3717
3718 3711 3717
3719 3706 3714
3719 3713 3706
3720 3705 3713
3720 3712 3705
3714 3715 3721
3719 3714 3721
3703 3712 3722
3703 3722 3716
3709 3716 3723
3717 3709 3723
3724 3720 3713
3724 3713 3719
3712 3720 3725
3712 3725 3722
3726 3716 3722
3726 3723 3716
3715 3727 3721
3715 3728 3727
3720 3724 3729
3720 3729 3725
3730 3722 3725
3730 3726 3722
3731 3727 3728
3731 3728 3732
3733 3725 3729
3733 3730 3725
3734 3731 3732
3734 3732 3735
3735 3736 3734
3737 3731 3734
3737 3738 3731
3727 3731 3738
3739 3738 3737
3727 3738 3740
3721 3727 3740
3739 3741 3738
3741 3740 3738
3741 3739 3742
3721 3740 3743
3719 3721 3743
3741 3744 3740
3744 3743 3740
3741 3742 3745
3744 3741 3745
3746 3745 3742
3719 3743 3747
3744 3747 3743
3719 3747 3724
3746 3748 3745
3748 3746 3749
3744 3745 3750
3747 3744 3750
3750 3745 3748
3751 3724 3747
3747 3750 3751
3751 3729 3724
3748 3749 3752
3753 3752 3749
3750 3748 3754
3751 3750 3754
3754 3748 3752
3755 3729 3751
3751 3754 3755
3755 3733 3729
3753 3756 3752
3756 3753 3757
3754 3752 3758
3755 3754 3758
3756 3758 3752
3759 3733 3755
3730 3733 3759
3756 3757 3760
3760 3757 3761
3755 3758 3762
3759 3755 3762
3756 3763 3758
3763 3762 3758
3763 3756 3760
3763 3764 3762
3764 3759 3762
3730 3759 3765
3726 3730 3765
3763 3760 3766
3764 3763 3766
3760 3761 3767
3767 3766 3760
3761 3768 3767
3761 3769 3768
3768 3769 3770
3767 3771 3766
3771 3767 3768
3768 3770 3772
3772 3770 3773
3774 3765 3759
3764 3774 3759
3764 3766 3775
3771 3775 3766
3771 3768 3776
3776 3768 3772
3777 3774 3764
3777 3764 3775
3774 3778 3765
3778 3774 3777
3771 3779 3775
3776 3779 3771
3780 3777 3775
3780 3775 3779
3776 3781 3779
3780 3779 3781
3776 3772 3782
3781 3776 3782
3778 3783 3765
3726 3765 3783
3723 3726 3783
3778 3777 3784
3780 3784 3777
3723 3783 3785
3717 3723 3785
3778 3786 3783
3786 3778 3784
3785 3783 3786
3787 3717 3785
3718 3717 3787
3788 3718 3787
3787 3785 3789
3785 3786 3789
3788 3787 3790
3790 3787 3789
3791 3788 3790
3786 3792 3789
3790 3789 3792
3791 3790 3793
3793 3790 3792
3794 3791 3793
3786 3784 3795
3786 3795 3792
3794 3793 3796
3797 3794 3796
3793 3792 3798
3795 3798 3792
3799 3795 3784
3780 3799 3784
3793 3800 3796
3793 3798 3800
3795 3801 3798
3799 3801 3795
3802 3798 3801
3802 3800 3798
3802 3801 3799
3803 3799 3780
3780 3781 3803
3803 3804 3799
3802 3799 3804
3781 3805 3803
3804 3803 3805
3806 3802 3804
3804 3805 3806
3800 3802 3807
3806 3807 3802
3808 3807 3806
3800 3807 3809
3808 3809 3807
3796 3800 3809
3781 3810 3805
3781 3782 3810
3811 3806 3805
3810 3811 3805
3796 3809 3812
3797 3796 3812
3812 3809 3813
3808 3813 3809
3814 3797 3812
3812 3813 3814
3814 3815 3797
3816 3815 3814
3817 3816 3814
3817 3814 3818
3813 3818 3814
3813 3819 3818
3808 3819 3813
3808 3820 3819
3821 3820 3808
3821 3808 3822
3808 3806 3822
3811 3822 3806
3821 3822 3811
3821 3811 3823
3811 3824 3823
3824 3825 3823
3810 3824 3811
3826 3825 3824
3827 3824 3810
3826 3824 3827
3827 3810 3782
3827 3828 3826
3829 3827 3782
3827 3829 3828
3829 3782 3772
3772 3773 3829
3773 3828 3829
3773 3830 3828
3831 3832 3833
3831 3834 3832
3834 3835 3832
3834 3836 3835
3836 3837 3835
3836 3838 3837
3838 3839 3837
3838 3840 3839
3840 3841 3839
3840 3842 3841
3842 3843 3841
3842 3844 3843
3844 3845 3843
3844 3846 3845
3846 3847 3845
3846 3848 3847
3848 3849 3847
3848 3850 3849
3850 3851 3849
3850 3852 3851
3853 3854 3855
3853 3855 3856
3857 3856 3855
3857 3855 3858
3859 3857 3858
3859 3858 3860
3859 3860 3861
3859 3861 3862
3863 3862 3861
3863 3861 3864
3865 3863 3864
3865 3864 3866
3867 3865 3866
3867 3866 3868
3869 3867 3868
3869 3868 3870
3871 3869 3870
3871 3870 3872
3873 3871 3872
3873 3872 3874
3875 3873 3874
3875 3874 3876
3877 3878 3879
3877 3879 3880
3881 3880 3879
3882 3877 3880
3881 3883 3880
3882 3880 3884
3883 3884 3880
3883 3885 3884
3884 3886 3882
3884 3885 3887
3884 3888 3886
3884 3887 3888
3888 3889 3886
3888 3890 3889
3890 3888 3887
3891 3889 3890
3890 3887 3892
3887 3893 3892
3892 3893 3894
3891 3890 3895
3895 3890 3892
3895 3896 3891
3892 3894 3897
3895 3892 3897
3895 3898 3896
3898 3895 3897
3898 3899 3896
3900 3897 3894
3898 3897 3900
3900 3894 3901
3898 3902 3899
3902 3898 3900
3903 3899 3902
3902 3904 3903
3902 3900 3905
3905 3904 3902
3901 3905 3900
3905 3906 3904
3901 3907 3905
3906 3905 3907
3901 231 3907
3906 3907 3908
231 3908 3907
231 232 3908
3909 3910 3911
3909 3912 3910
3913 3912 3909
3913 3914 3912
3915 3914 3913
3915 3916 3914
3917 3916 3915
3917 3918 3916
3919 3918 3917
3919 3920 3918
3921 3920 3919
3921 3922 3920
3923 3922 3921
3923 3924 3922
3925 3924 3923
3925 3926 3924
3927 3926 3925
3927 3928 3926
3929 3928 3927
3929 3930 3928
3931 3930 3929
3931 3932 3930
281 3932 3931
281 280 3932
3933 3934 3935
3933 3936 3934
3937 3934 3936
3938 3936 3933
3937 3936 3939
3938 3940 3936
3939 3936 3940
3939 3940 3941
3940 3938 3942
3940 3943 3941
3940 3942 3944
3940 3944 3943
3944 3942 3945
3944 3945 3946
3946 3943 3944
3947 3946 3945
3946 3948 3943
3943 3948 3949
3948 3950 3949
3947 3951 3946
3951 3948 3946
3951 3947 3952
3948 3953 3950
3951 3953 3948
3951 3952 3954
3954 3953 3951
3954 3952 3955
3956 3950 3953
3954 3956 3953
3956 3957 3950
3954 3955 3958
3958 3956 3954
3959 3958 3955
3958 3959 3960
3958 3961 3956
3961 3958 3960
3957 3956 3961
3961 3960 3962
3957 3961 3963
3962 3963 3961
3957 3963 620
3962 3964 3963
620 3963 3964
620 3964 618
3965 3966 3967
3965 3967 3968
3969 3965 3968
3969 3968 3970
3971 3969 3970
3971 3970 3972
3973 3971 3972
3973 3972 3974
3975 3973 3974
3975 3974 3976
3977 3975 3976
3977 3976 3978
3979 3977 3978
3979 3978 3980
3981 3979 3980
3981 3980 3982
3983 3981 3982
3983 3982 3984
3985 3983 3984
3985 3984 3986
3987 3985 3986
3987 3986 3988
293 3987 3988
293 3988 292
3989 3990 3991
3992 3989 3991
3992 3993 3989
3993 3992 3994
3993 3994 3995
3995 3994 3996
3995 3996 3997
3997 3996 3998
3997 3998 3999
3999 3998 4000
3999 4000 4001
4001 4000 4002
4001 4002 4003
4003 4002 4004
4003 4004 4005
4006 4007 4008
4009 4007 4006
4009 4006 4010
4009 4011 4007
4012 4009 4010
4009 4013 4011
4014 4013 4009
4015 4011 4013
4016 4009 4012
4014 4009 4016
4016 4012 4017
4018 4016 4017
4018 4019 4016
4019 4014 4016
4019 4020 4014
4020 4021 4014
4015 4013 4022
4022 4013 4014
4023 4015 4022
4023 4022 4024
4023 4024 4025
4026 4025 4024
4022 4014 4027
4027 4014 4021
4024 4022 4027
4026 4024 4028
4029 4026 4028
4029 4028 4030
4030 4031 4029
4030 4032 4031
4032 4033 4031
4027 4021 4034
4021 4035 4034
4021 4036 4035
4036 4037 4035
4024 4027 4038
4038 4027 4034
4039 4028 4024
4039 4024 4038
4040 4030 4028
4040 4028 4039
4030 4041 4032
4030 4040 4041
4032 4042 4033
4042 4032 4041
4038 4034 4043
4043 4034 4035
4044 4039 4038
4044 4038 4043
4040 4045 4041
4041 4045 4042
4046 4040 4039
4046 4039 4044
4040 4046 4045
4047 4044 4043
4043 4035 4047
4046 4044 4048
4047 4048 4044
4033 4042 4049
4033 4049 4050
4051 4045 4046
4046 4048 4051
4050 4049 4052
4050 4052 4053
4052 4054 4053
4052 4055 4054
4055 4056 4054
4055 4057 4056
4057 4058 4056
4052 4059 4055
4059 4057 4055
4060 4052 4049
4052 4060 4059
4057 4061 4058
4061 4062 4058
4061 4063 4062
4063 4064 4062
4057 4065 4061
4065 4063 4061
4060 4049 4066
4066 4049 4042
4059 4067 4057
4057 4067 4065
4063 4068 4064
4068 4069 4064
4068 4070 4069
4070 4071 4069
4066 4042 4072
4042 4045 4072
4063 4073 4068
4073 4070 4068
4070 4074 4071
4074 4075 4071
4073 4076 4070
4076 4074 4070
4077 4073 4063
4076 4073 4077
4078 4063 4065
4077 4063 4078
4074 4079 4075
4079 4080 4075
4076 4081 4074
4079 4074 4081
4079 4082 4080
4083 4080 4082
4078 4065 4084
4084 4065 4067
4084 4067 4085
4085 4067 4059
4076 4077 4086
4086 4081 4076
4079 4081 4087
4079 4087 4082
4087 4081 4088
4086 4088 4081
4082 4089 4083
4083 4089 4090
4089 4091 4090
4082 4087 4092
4087 4088 4092
4082 4093 4089
4082 4092 4093
4089 4094 4091
4089 4093 4094
4094 4093 4092
4091 4094 4095
4088 4096 4092
4094 4092 4096
4095 4094 4097
4094 4096 4097
4095 4097 4098
4088 4099 4096
4097 4096 4099
4086 4099 4088
4098 4097 4100
4097 4099 4100
4098 4100 4101
4086 4102 4099
4100 4099 4102
4077 4102 4086
4101 4100 4103
4100 4102 4103
4101 4103 4104
4105 4104 4103
4077 4106 4102
4102 4106 4103
4105 4103 4106
4106 4077 4078
4105 4106 4107
4106 4078 4107
4105 4107 4108
4109 4108 4107
4107 4078 4110
4110 4078 4084
4085 4110 4084
4109 4107 4111
4107 4110 4111
4085 4112 4110
4111 4110 4112
4109 4111 4113
4111 4112 4113
4109 4113 4114
4115 4112 4085
4085 4059 4115
4115 4059 4060
4113 4112 4116
4115 4116 4112
4114 4113 4117
4113 4116 4117
4114 4117 4118
4115 4060 4119
4119 4116 4115
4119 4060 4066
4117 4116 4120
4119 4120 4116
4118 4117 4121
4117 4120 4121
4118 4121 4122
4119 4066 4123
4123 4120 4119
4123 4066 4072
4121 4120 4124
4123 4124 4120
4122 4121 4125
4121 4124 4125
4122 4125 4126
4127 4124 4123
4123 4072 4127
4125 4124 4128
4127 4128 4124
4126 4125 4129
4125 4128 4129
4126 4129 4130
4131 4130 4129
4132 4128 4127
4129 4128 4132
4133 4127 4072
4132 4127 4133
4131 4129 4134
4129 4132 4134
4131 4134 4135
4131 4135 4136
4137 4134 4132
4135 4134 4137
4136 4135 4138
4137 4138 4135
4136 4138 4139
4140 4139 4138
4137 4132 4141
4141 4132 4133
4137 4142 4138
4141 4142 4137
4140 4138 4143
4143 4138 4142
4133 4072 4144
4144 4072 4045
4051 4144 4045
4051 4133 4144
4051 4145 4133
4141 4133 4145
4145 4051 4048
4141 4146 4142
4145 4146 4141
4145 4048 4147
4145 4147 4146
4147 4048 4047
4148 4142 4146
4143 4142 4148
4149 4143 4148
4148 4146 4150
4147 4150 4146
4150 4149 4148
4147 4047 4151
4147 4151 4150
4151 4047 4035
4151 4152 4150
4150 4152 4149
4151 4035 4153
4151 4153 4152
4035 4037 4153
4153 4037 4154
4155 4153 4154
4153 4155 4152
4156 4152 4155
4157 4152 4156
4152 4157 4149
4158 4149 4157
4159 4149 4158
4149 4159 4160
4149 4160 4143
4161 4160 4159
4140 4143 4160
4162 4160 4161
4140 4160 4163
4160 4162 4163
4163 4162 4164
4165 4166 4167
4168 4166 4165
4168 4165 4169
4169 4170 4168
4169 4171 4170
4171 4172 4170
4171 4173 4172
4173 4174 4172
4173 4175 4174
4175 4176 4174
4175 4177 4176
4177 4178 4176
4177 4179 4178
4179 4180 4178
4179 4181 4180
4182 4183 4184
4182 4184 4185
4185 4184 4186
4187 4182 4185
4185 4186 4188
4189 4188 4186
4187 4185 4190
4190 4185 4188
4189 4191 4188
4191 4189 4192
4188 4191 4193
4190 4188 4193
4191 4192 4194
4193 4191 4194
4195 4194 4192
4195 4196 4194
4196 4195 4197
4196 4197 4198
4196 4198 4199
4194 4196 4200
4196 4199 4200
4193 4194 4200
4200 4199 4201
4200 4201 4202
4202 4201 4203
4204 4193 4200
4204 4200 4202
4202 4203 4205
4205 4204 4202
4205 4203 4206
4205 4206 4207
4207 4206 4208
4207 4208 4209
4208 4210 4209
4211 4207 4209
4212 4205 4207
4205 4212 4204
4211 4213 4207
4212 4207 4213
4214 4213 4211
4215 4193 4204
4215 4190 4193
4204 4212 4216
4216 4212 4213
4204 4216 4215
4214 4217 4213
4217 4216 4213
4218 4217 4214
4217 4219 4216
4218 4214 4220
4221 4218 4220
4221 4220 4222
4223 4216 4219
4223 4215 4216
4223 4190 4215
4223 4224 4190
4187 4190 4224
4224 4225 4187
4224 4226 4225
4225 4227 4187
4226 4227 4225
4226 4228 4227
4229 4230 4231
4232 4229 4231
4232 4233 4229
4232 4231 4234
4235 4233 4232
4232 4234 4236
4237 4232 4236
4238 4236 4234
4239 4235 4232
4237 4239 4232
4239 4240 4235
4241 4240 4239
4241 4239 4242
4237 4242 4239
4237 4243 4242
4243 4237 4244
4238 4245 4236
4245 4237 4236
4246 4245 4238
4246 4247 4245
4246 4248 4247
4249 4247 4248
4245 4250 4237
4250 4244 4237
4247 4250 4245
4249 4251 4247
4252 4251 4249
4252 4253 4251
4253 4252 4254
4253 4254 4255
4255 4254 4256
4250 4257 4244
4244 4257 4258
4244 4258 4259
4259 4258 4260
4247 4261 4250
4261 4257 4250
4262 4247 4251
4262 4261 4247
4263 4251 4253
4263 4262 4251
4253 4255 4264
4253 4264 4263
4255 4256 4265
4265 4264 4255
4261 4266 4257
4266 4258 4257
4267 4261 4262
4267 4266 4261
4263 4264 4268
4264 4265 4268
4269 4262 4263
4269 4267 4262
4263 4268 4269
4270 4266 4267
4266 4270 4258
4269 4271 4267
4270 4267 4271
4256 4272 4265
4256 4273 4272
4274 4269 4268
4269 4274 4271
4273 4275 4272
4273 4276 4275
4275 4276 4277
4275 4277 4278
4278 4277 4279
4278 4279 4280
4281 4278 4280
4275 4278 4281
4281 4280 4282
4283 4281 4282
4284 4272 4275
4275 4281 4284
4283 4285 4281
4285 4284 4281
4285 4283 4286
4284 4287 4272
4287 4265 4272
4285 4288 4284
4288 4287 4284
4285 4286 4289
4288 4285 4289
4290 4289 4286
4287 4291 4265
4265 4291 4268
4288 4292 4287
4292 4291 4287
4290 4293 4289
4294 4293 4290
4294 4295 4293
4288 4289 4296
4293 4296 4289
4292 4288 4296
4295 4297 4293
4293 4297 4296
4295 4298 4297
4292 4296 4299
4297 4299 4296
4298 4300 4297
4297 4300 4299
4298 4301 4300
4302 4292 4299
4292 4302 4291
4301 4303 4300
4301 4304 4303
4305 4303 4304
4300 4306 4299
4302 4299 4306
4300 4303 4306
4307 4302 4306
4303 4307 4306
4308 4291 4302
4307 4308 4302
4305 4309 4303
4303 4309 4307
4305 4310 4309
4305 4311 4310
4312 4307 4309
4310 4312 4309
4311 4313 4310
4312 4310 4313
4311 4314 4313
4315 4313 4314
4312 4316 4307
4316 4308 4307
4312 4313 4317
4316 4312 4317
4315 4318 4313
4318 4317 4313
4308 4319 4291
4319 4268 4291
4274 4268 4319
4274 4319 4308
4274 4308 4320
4316 4320 4308
4320 4271 4274
4316 4317 4321
4320 4316 4321
4320 4322 4271
4320 4321 4322
4322 4270 4271
4323 4321 4317
4318 4323 4317
4324 4323 4318
4323 4325 4321
4322 4321 4325
4325 4323 4324
4322 4326 4270
4322 4325 4326
4326 4258 4270
4326 4325 4327
4325 4324 4327
4326 4328 4258
4326 4327 4328
4258 4328 4260
4328 4329 4260
4330 4329 4328
4328 4327 4330
4331 4330 4327
4332 4331 4327
4327 4324 4332
4333 4332 4324
4334 4333 4324
4324 4335 4334
4324 4318 4335
4336 4334 4335
4315 4335 4318
4337 4336 4335
4315 4338 4335
4335 4338 4337
4338 4339 4337
4340 4341 4342
4340 4343 4341
4343 4344 4341
4343 4345 4344
4345 4346 4344
4345 4347 4346
4348 4347 4345
4348 4345 4349
4350 4347 4348
4350 4351 4347
4347 4351 4352
4353 4346 4347
4353 4347 4352
4354 4346 4353
4353 4352 4355
4356 4354 4353
4355 4357 4353
4356 4353 4357
4355 4358 4357
4359 4356 4357
4357 4358 4360
4359 4357 4361
4357 4360 4361
4362 4363 4364
4362 4364 4365
4366 4367 4368
4366 4368 4369
4370 4366 4369
4370 4369 4371
4372 4370 4371
4372 4371 4373
4374 4372 4373
4374 4373 4375
4376 4374 4375
4376 4375 4377
4377 4378 4376
4377 4379 4378
4379 4380 4378
4379 4381 4380
4382 4380 4381
4382 4383 4380
4382 4384 4383
4382 4385 4384
4385 4386 4384
4385 4387 4386
4386 4387 4388
4386 4388 4389
4389 4388 4390
4389 4390 4391
4392 4391 4390
4392 4390 4393
4394 4392 4393
4394 4393 4395
4396 4397 4398
4396 4398 4399
4400 4396 4399
4400 4399 4401
4402 4403 4404
4402 4404 4405
4405 4404 4406
4405 4406 4407
4407 4406 4408
4407 4408 4409
4410 4407 4409
4410 4411 4407
4412 4410 4409
4412 4409 4413
4409 4414 4413
4415 4409 4408
4415 4414 4409
4416 4415 4408
4415 4417 4414
4418 4415 4416
4417 4415 4419
4418 4419 4415
4417 4419 4420
4421 4419 4418
4419 4422 4420
4421 4423 4419
4419 4423 4422
4424 4425 4426
4424 4426 4427
4428 4429 4430
4428 4431 4429
4432 4431 4428
4432 4433 4431
4434 4433 4432
4434 4435 4433
4436 4435 4434
4436 4437 4435
4438 4437 4436
4438 4439 4437
4439 4438 4440
4439 4440 4441
4441 4440 4442
4441 4442 4443
4444 4443 4442
4444 4442 4445
4444 4445 4446
4444 4446 4447
4447 4446 4448
4447 4448 4449
4448 4450 4449
4448 4451 4450
4451 4452 4450
4451 4453 4452
4454 4452 4453
4454 4455 4452
4456 4455 4454
4456 4457 4455
4458 4459 4460
4458 4461 4459
4462 4461 4458
4462 4463 4461
4464 4465 4466
4464 4466 4467
4468 4467 4466
4468 4466 4469
4470 4468 4469
4470 4469 4471
4472 4470 4471
4472 4471 4473
4474 4472 4473
4474 4475 4472
4476 4475 4474
4476 4477 4475
4476 4478 4477
4476 4479 4478
4480 4478 4479
4480 4479 4481
4480 4481 4482
4480 4482 4483
4483 4482 4484
4485 4486 4487
4485 4488 4486
4489 4488 4485
4489 4490 4488
4491 4490 4489
4491 4492 4490
4493 4492 4491
4493 4491 4494
4494 4495 4493
4494 4496 4495
4497 4495 4496
4497 4498 4495
4497 4499 4498
4497 4500 4499
4499 4500 4501
4499 4501 4502
4502 4501 4503
4502 4503 4504
4504 4503 4505
4504 4505 4506
4507 4508 4509
4507 4509 4510
4510 4509 4511
4512 4507 4510
4510 4511 4513
4512 4510 4514
4514 4510 4513
4515 4512 4514
4514 4513 4516
4515 4514 4517
4517 4514 4516
4518 4515 4517
4517 4516 4519
4518 4517 4520
4520 4517 4519
4521 4518 4520
4520 4519 4522
4521 4520 4523
4523 4520 4522
4524 4521 4523
4523 4522 4525
4524 4523 4526
4526 4523 4525
4527 4524 4526
4526 4525 4528
4527 4526 4529
4529 4526 4528
4530 4527 4529
4529 4528 4531
4530 4529 4532
4532 4529 4531
4533 4530 4532
4532 4531 4534
4533 4532 4535
4535 4532 4534
4536 4533 4535
4535 4534 4537
4536 4535 4538
4538 4535 4537
4538 4537 4539
4540 4541 4542
4540 4542 4543
4544 4540 4543
4544 4543 4545
4546 4544 4545
4546 4545 4547
4548 4546 4547
4548 4547 4549
4550 4548 4549
4550 4549 4551
4552 4550 4551
4552 4551 4553
4554 4552 4553
4554 4553 4555
4556 4554 4555
4556 4555 4557
4558 4556 4557
4558 4557 4559
4560 4558 4559
4560 4559 4561
4562 4563 4564
4562 4564 4565
4565 4564 4566
4565 4566 4567
4567 4566 4568
4567 4568 4569
4569 4568 4570
4569 4570 4571
4571 4570 4572
4571 4572 4573
4574 4573 4572
4574 4572 4575
4574 4575 4576
4574 4576 4577
4578 4577 4576
4579 4580 4581
4579 4582 4580
4582 4583 4580
4582 4584 4583
4584 4585 4583
4584 4586 4585
4586 4587 4585
4586 4588 4587
4588 4589 4587
4588 4590 4589
4591 4589 4590
4591 4590 4592
4593 4591 4592
4594 4595 4596
4594 4596 4597
4598 4599 4600
4598 4600 4601
4602 4603 4604
4602 4604 4605
4606 4607 4608
4606 4608 4609
4610 4608 4611
4610 4611 4612
4613 4614 4615
4613 4615 4616
4617 4618 4619
4617 4619 4620
4621 4622 4623
4621 4623 4624
4625 4626 4627
4625 4627 4628
4629 4630 4631
4629 4631 4632
4633 4634 4635
4633 4635 4636
4637 4638 4639
4637 4639 4640
4641 4642 4643
4641 4643 4644
4645 4646 4647
4645 4647 4648
4649 4650 4651
4649 4651 4652
4653 4654 4655
4653 4655 4656
4657 4653 4656
4657 4656 4658
4659 4657 4658
4659 4658 4660
4661 4659 4660
4662 4657 4659
4661 4660 4663
4663 4664 4661
4663 4665 4664
4666 4665 4663
4666 4663 4667
4662 4668 4657
4669 4668 4662
4669 4670 4668
4671 4669 4662
4672 4671 4662
4672 4662 4673
4672 4673 4674
4675 4676 4677
4675 4677 4678
4679 4680 4681
4679 4681 4682
4683 4684 4685
4683 4685 4686
4687 4688 4689
4687 4689 4690
4691 4692 4693
4691 4693 4694
4695 4696 4697
4695 4697 4698
4699 4700 4701
4699 4701 4702
4703 4704 4705
4703 4705 4706
4707 4708 4709
4707 4709 4710
4711 4712 4713
4711 4713 4714
4715 4716 4717
4715 4717 4718
4719 4720 4721
4719 4721 4722
4723 4724 4725
4723 4725 4726
4727 4728 4725
4727 4729 4728
4730 4731 4732
4730 4732 4733
4734 4735 4736
4734 4736 4737
4738 4734 4737
4738 4739 4734
4740 4739 4738
4740 4741 4739
4742 4741 4740
4743 4740 4738
4742 4744 4741
4744 4742 4745
4744 4745 4746
4747 4744 4746
4747 4746 4748
4743 4738 4749
4743 4749 4750
4751 4750 4749
4751 4752 4750
4750 4752 4753
4750 4753 4754
4743 4750 4754
4755 4743 4754
4756 4743 4755
4756 4757 4743
4756 4755 4758
4758 4759 4756
4760 4758 4755
4758 4761 4759
4760 4761 4758
4762 4763 4764
4762 4764 4765
4766 4767 4768
4766 4768 4769
4770 4771 4772
4770 4773 4771
4773 4774 4771
4773 4775 4774
4776 4774 4775
4776 4775 4777
4778 4776 4777
4778 4779 4776
4780 4779 4778
4780 4781 4779
4782 4781 4780
4782 4783 4781
4784 4783 4782
4784 4785 4783
4786 4785 4784
4786 4787 4785
4788 4787 4786
4788 4789 4787
4790 4791 4792
4790 4792 4793
4794 4795 4796
4794 4796 4797
4798 4799 4800
4798 4800 4801
4802 4803 4804
4802 4804 4805
4806 4807 4808
4806 4808 4809
4810 4811 4812
4810 4812 4813
4814 4815 4816
4814 4816 4817
4818 4819 4820
4818 4820 4821
4822 4823 4824
4822 4824 4825
4826 4827 4828
4826 4828 4829
4830 4831 4832
4830 4832 4833
4834 4835 4836
4834 4836 4837
4838 4839 4840
4838 4840 4841
4842 4843 4844
4842 4844 4845
4846 4847 4848
4846 4848 4849
4850 4851 4852
4850 4852 4853
4854 4855 4856
4854 4856 4857
4858 4859 4860
4858 4860 4861
2473 4862 2474
2473 4863 4862
4863 2473 2476
4863 2476 2480
4864 4862 4863
4863 2480 4865
4866 4863 4865
4865 2480 2482
4865 2482 4867
4866 4865 4867
4867 2482 2485
4867 2485 4868
4868 2485 2490
4868 2490 4869
4869 4870 4868
4871 4868 4870
4872 4867 4868
4866 4867 4872
4871 4873 4868
4872 4868 4873
4873 4871 4874
4873 4874 4875
4872 4873 4875
4876 4875 4874
4877 4875 4876
4878 4872 4875
4866 4872 4878
4877 4879 4875
4878 4875 4879
4880 4879 4877
4880 4878 4879
4881 4878 4880
4881 4866 4878
4866 4881 4882
4882 4881 4883
4866 4882 4884
4866 4884 4863
4864 4863 4884
4864 4884 4882
4882 4883 4885
4885 4883 4886
4864 4882 4887
4887 4882 4885
4887 4888 4864
4887 4889 4888
4885 4886 4890
4890 4886 4891
4887 4885 4892
4889 4887 4892
4892 4885 4890
4893 4890 4891
4892 4890 4893
4893 4891 4894
4889 4892 4895
4893 4895 4892
4895 4896 4889
4897 4893 4894
4893 4897 4895
4897 4894 4898
4895 4899 4896
4899 4895 4897
4900 4897 4898
4899 4897 4900
4900 4898 4901
4902 4900 4901
4902 4903 4900
4899 4900 4903
4904 4903 4902
4905 4896 4899
4899 4903 4905
4905 4906 4896
4904 4907 4903
4905 4903 4907
4906 4905 4908
4905 4907 4908
4904 4909 4907
4908 4907 4909
4904 4910 4909
4911 4909 4910
4911 4912 4909
4908 4909 4912
4911 4913 4912
4914 4912 4913
4906 4908 4915
4915 4908 4912
4915 4916 4906
4915 4917 4916
4914 4918 4912
4915 4912 4918
4917 4915 4918
4919 4918 4914
4917 4918 4920
4920 4918 4919
4921 4917 4920
4922 4917 4921
4923 4920 4919
4921 4920 4923
4922 4921 4924
4924 2383 4922
4924 2384 2383
4924 2388 2384
4924 4921 4925
4921 4923 4925
4926 2388 4924
4924 4925 4926
4926 2391 2388
2391 4926 4927
4925 4927 4926
2391 4927 2396
4928 4923 4919
4928 4919 4929
4925 4923 4930
4925 4930 4927
4923 4928 4930
2396 4927 4931
4931 4927 4930
2396 4931 2397
4932 4928 4929
4932 4929 4933
4928 4934 4930
4931 4930 4934
4932 4934 4928
4935 2397 4931
4935 2401 2397
4931 4934 4936
4932 4936 4934
4931 4936 4935
4933 4937 4932
4932 4937 4936
4933 4938 4937
4939 4937 4938
4940 4937 4939
4941 4937 4940
4941 4936 4937
4941 4935 4936
4941 4942 4935
4942 2401 4935
4942 2406 2401
4943 4944 4945
4943 4945 4946
4946 4945 4947
4946 4947 4948
4949 4948 4947
4949 4950 4948
4951 4950 4949
4951 4952 4950
4953 4952 4951
4953 4954 4952
4955 4954 4953
4955 4953 4956
2565 2564 4957
2565 4957 4958
4958 4957 4959
4958 4959 4960
4960 4959 4961
4960 4961 4962
4962 4961 4963
4962 4963 4964
4964 4963 4965
4964 4965 4966
4966 4965 4967
4966 4967 4968
4968 4967 4969
4968 4969 4970
4970 4969 4971
4970 4971 4972
4972 4971 4973
4972 4973 4974
4974 4973 2555
4974 2555 2554
4975 4976 4977
4975 4977 4978
4977 4979 4978
4977 4980 4979
4980 4981 4979
4980 4982 4981
4981 4982 4983
4981 4983 4984
4985 4984 4983
4985 4986 4984
4987 4986 4985
4987 4988 4986
4988 4987 4989
4988 4989 4990
4990 4989 4991
4990 4991 4992
4992 4991 4993
4992 4993 4994
4994 4993 4995
4994 4995 4996
4996 4995 4997
4996 4997 4998
4998 4997 4999
4998 4999 5000
5000 4999 5001
5000 5001 5002
5002 5001 5003
5002 5003 5004
5004 5003 5005
5004 5005 5006
5006 5005 5007
5006 5007 5008
5008 5007 5009
5008 5009 5010
5010 5009 5011
5010 5011 5012
5013 5012 5011
5013 5014 5012
5014 5013 5015
5014 5015 5016
5016 5015 5017
5016 5017 5018
5019 2647 2646
5019 5020 2647
5021 5020 5019
5021 5022 5020
2668 5022 5021
2668 2667 5022
2793 2794 5023
2793 5023 5024
5024 2796 2793
5024 2800 2796
5025 5024 5023
5024 5026 2800
5027 5026 5024
5026 2802 2800
5026 5028 2802
5027 5028 5026
5028 2805 2802
5028 5029 2805
5029 2810 2805
5029 5030 2810
5030 5029 5031
5032 5031 5029
5033 5029 5028
5027 5033 5028
5032 5029 5034
5033 5034 5029
5034 5035 5032
5034 5036 5035
5033 5036 5034
5037 5035 5036
5038 5037 5036
5039 5036 5033
5027 5039 5033
5038 5036 5040
5039 5040 5036
5041 5038 5040
5041 5040 5039
5042 5041 5039
5042 5039 5027
5027 5043 5042
5043 5044 5042
5027 5045 5043
5027 5024 5045
5025 5045 5024
5025 5043 5045
5043 5046 5044
5046 5047 5044
5025 5048 5043
5048 5046 5043
5048 5025 5049
5048 5049 5050
5046 5051 5047
5051 5052 5047
5048 5053 5046
5050 5053 5048
5053 5051 5046
5054 5052 5051
5053 5054 5051
5054 5055 5052
5050 5056 5053
5054 5053 5056
5056 5050 5057
5058 5055 5054
5054 5056 5058
5058 5059 5055
5056 5057 5060
5060 5058 5056
5061 5059 5058
5060 5061 5058
5061 5062 5059
5063 5062 5061
5063 5061 5064
5060 5064 5061
5065 5063 5064
5066 5060 5057
5060 5066 5064
5066 5057 5067
5065 5064 5068
5066 5068 5064
5067 5069 5066
5066 5069 5068
5065 5068 5070
5069 5070 5068
5065 5070 5071
5072 5071 5070
5072 5070 5073
5069 5073 5070
5072 5073 5074
5075 5074 5073
5067 5076 5069
5076 5073 5069
5076 5067 5077
5076 5077 5078
5075 5073 5079
5076 5079 5073
5078 5079 5076
5080 5075 5079
5078 5081 5079
5081 5080 5079
5082 5081 5078
5083 5082 5078
5084 5080 5081
5082 5084 5081
5083 5085 5082
5085 5083 2703
5085 2703 2705
5085 2705 2708
5085 5086 5082
5082 5086 5084
5087 5085 2708
5085 5087 5086
5087 2708 2711
2711 5088 5087
5086 5087 5088
2711 2716 5088
5089 5080 5084
5089 5090 5080
5086 5091 5084
5086 5088 5091
5084 5091 5089
2716 5092 5088
5092 5091 5088
2716 2717 5092
5093 5090 5089
5093 5094 5090
5089 5091 5095
5092 5095 5091
5093 5089 5095
5096 5092 2717
5096 2717 2721
5092 5097 5095
5093 5095 5097
5092 5096 5097
5094 5093 5098
5093 5097 5098
5094 5098 5099
5100 5099 5098
5101 5100 5098
5102 5101 5098
5102 5098 5097
5102 5097 5096
5102 5096 5103
5103 5096 2721
5103 2721 2726
5104 5105 5106
5104 5107 5105
5107 5108 5105
5107 5109 5108
5110 5108 5109
5110 5109 5111
5112 5110 5111
5112 5111 5113
5114 5112 5113
5114 5113 5115
5116 5114 5115
5116 5117 5114
2885 5118 2884
2885 5119 5118
5119 5120 5118
5119 5121 5120
5121 5122 5120
5121 5123 5122
5123 5124 5122
5123 5125 5124
5125 5126 5124
5125 5127 5126
5127 5128 5126
5127 5129 5128
5129 5130 5128
5129 5131 5130
5131 5132 5130
5131 5133 5132
5133 5134 5132
5133 5135 5134
5135 2876 5134
5135 2874 2876
5136 5137 5138
5136 5139 5137
5137 5139 5140
5137 5140 5141
5141 5140 5142
5141 5142 5143
5142 5144 5143
5142 5145 5144
5146 5144 5145
5146 5145 5147
5148 5146 5147
5148 5147 5149
5149 5150 5148
5149 5151 5150
5151 5152 5150
5151 5153 5152
5153 5154 5152
5153 5155 5154
5155 5156 5154
5155 5157 5156
5157 5158 5156
5157 5159 5158
5159 5160 5158
5159 5161 5160
5161 5162 5160
5161 5163 5162
5163 5164 5162
5163 5165 5164
5165 5166 5164
5165 5167 5166
5167 5168 5166
5167 5169 5168
5169 5170 5168
5169 5171 5170
5171 5172 5170
5171 5173 5172
5174 5172 5173
5174 5173 5175
5175 5176 5174
5175 5177 5176
5177 5178 5176
5177 5179 5178
5180 2964 2963
5180 2963 5181
2987 5180 5181
2987 5181 2986
5182 5183 5184
5182 5184 5185
5186 5187 5188
5186 5188 5189
5190 5191 5192
5190 5192 5193
5194 5195 5196
5194 5196 5197
5198 5199 5200
5198 5200 5201
5202 5203 5204
5202 5204 5205
5206 5207 5208
5206 5208 5209
5210 5211 5212
5210 5212 5213
