byte offset: 0
first index: 53571
index count: 1470
topology: trianglelist
format: DXGI_FORMAT_R16_UINT

14659 14660 14661
14659 14661 14662
14663 14659 14662
14664 14662 14661
14664 14661 14665
14664 14665 14666
14663 14662 14667
14667 14662 14664
14667 14668 14663
14667 14669 14668
14669 14670 14668
14667 14664 14671
14669 14667 14671
14664 14666 14672
14671 14664 14672
14673 14672 14666
14673 14666 14674
14675 14672 14673
14675 14671 14672
14676 14671 14675
14669 14677 14670
14677 14678 14670
14669 14671 14679
14676 14679 14671
14677 14669 14679
14680 14679 14676
14677 14679 14680
14680 14676 14681
14677 14682 14678
14682 14677 14680
14682 14683 14678
14684 14680 14681
14682 14680 14684
14684 14681 14685
14686 14684 14685
14682 14687 14683
14687 14682 14684
14687 14688 14683
14686 14689 14684
14687 14684 14689
14687 14690 14688
14690 14687 14689
14690 14691 14688
14692 14689 14686
14692 14686 14693
14690 14694 14691
14694 14695 14691
14690 14689 14696
14696 14689 14692
14697 14692 14693
14697 14693 14698
14694 14699 14695
14700 14695 14699
14694 14690 14701
14701 14690 14696
14699 14694 14701
14692 14702 14696
14701 14696 14702
14692 14697 14702
14703 14697 14698
14703 14698 14704
14699 14701 14705
14705 14701 14702
14706 14702 14697
14706 14697 14703
14705 14702 14706
14700 14699 14707
14707 14699 14705
14708 14703 14704
14708 14704 14709
14710 14706 14703
14710 14703 14708
14711 14705 14706
14711 14706 14710
14707 14705 14711
14700 14707 14712
14700 14712 14713
14712 14714 14713
14715 14708 14709
14715 14709 14716
14717 14710 14708
14711 14710 14717
14717 14708 14715
14707 14711 14718
14711 14717 14718
14707 14718 14712
14712 14719 14714
14719 14720 14714
14721 14715 14716
14721 14716 14722
14723 14717 14715
14718 14717 14723
14723 14715 14721
14712 14718 14724
14712 14724 14719
14718 14723 14724
14719 14725 14720
14725 14719 14724
14725 14726 14720
14727 14721 14722
14727 14722 14728
14729 14727 14728
14730 14724 14723
14725 14724 14730
14725 14731 14726
14730 14731 14725
14731 14732 14726
14733 14723 14721
14733 14721 14727
14730 14723 14733
14729 14734 14727
14734 14733 14727
14735 14734 14729
14736 14730 14733
14734 14736 14733
14735 14737 14734
14736 14734 14737
14738 14737 14735
14730 14739 14731
14736 14739 14730
14731 14740 14732
14739 14740 14731
14738 14741 14737
14742 14741 14738
14736 14737 14743
14743 14737 14741
14736 14744 14739
14739 14744 14740
14736 14743 14744
14745 14732 14740
14744 14745 14740
14745 14746 14732
14743 14741 14747
14744 14743 14747
14742 14748 14741
14748 14747 14741
14749 14746 14745
14749 14750 14746
14744 14751 14745
14744 14747 14751
14749 14745 14751
14742 14752 14748
14742 14753 14752
14754 14752 14753
14748 14755 14747
14755 14751 14747
14752 14755 14748
14750 14749 14756
14750 14756 14757
14756 14754 14757
14749 14751 14758
14755 14758 14751
14758 14756 14749
14752 14759 14755
14754 14759 14752
14759 14758 14755
14758 14759 14756
14756 14759 14754
14760 14761 14762
14760 14762 14763
14764 14760 14763
14764 14765 14760
14766 14763 14762
14766 14762 14767
14768 14766 14767
14768 14767 14769
14770 14766 14768
14771 14763 14766
14770 14771 14766
14771 14764 14763
14772 14771 14770
14772 14773 14771
14773 14764 14771
14774 14773 14772
14775 14765 14764
14773 14775 14764
14775 14776 14765
14774 14777 14773
14777 14775 14773
14778 14776 14775
14777 14778 14775
14778 14779 14776
14779 14778 14780
14780 14778 14777
14779 14780 14781
14782 14777 14774
14780 14777 14782
14783 14780 14782
14782 14774 14784
14783 14782 14784
14783 14784 14785
14786 14781 14780
14783 14786 14780
14786 14787 14781
14788 14787 14786
14788 14789 14787
14790 14789 14788
14791 14783 14785
14791 14785 14792
14791 14792 14793
14786 14783 14794
14788 14786 14794
14790 14788 14795
14795 14796 14790
14794 14783 14797
14797 14783 14791
14788 14794 14798
14798 14794 14797
14795 14788 14798
14799 14797 14791
14798 14797 14799
14791 14793 14800
14799 14791 14800
14795 14798 14801
14801 14798 14799
14795 14802 14796
14802 14795 14801
14803 14800 14793
14803 14793 14804
14805 14799 14800
14799 14805 14801
14805 14800 14803
14804 14806 14803
14804 14807 14806
14801 14805 14808
14801 14808 14802
14803 14809 14805
14808 14805 14809
14803 14806 14809
14796 14802 14810
14796 14810 14811
14812 14811 14810
14802 14808 14813
14802 14813 14810
14808 14809 14813
14812 14810 14814
14814 14810 14813
14814 14815 14812
14816 14806 14807
14816 14807 14817
14818 14809 14806
14818 14806 14816
14819 14813 14809
14814 14813 14819
14819 14809 14818
14814 14820 14815
14819 14820 14814
14821 14815 14820
14817 14822 14816
14817 14823 14822
14818 14824 14819
14819 14824 14820
14821 14820 14825
14825 14820 14824
14826 14821 14825
14816 14827 14818
14818 14827 14824
14816 14822 14827
14823 14828 14822
14823 14829 14828
14826 14825 14830
14830 14831 14826
14825 14824 14832
14832 14824 14827
14830 14825 14832
14822 14833 14827
14832 14827 14833
14822 14828 14833
14834 14828 14829
14834 14829 14835
14836 14834 14835
14830 14837 14831
14837 14838 14831
14830 14832 14839
14839 14832 14833
14839 14837 14830
14840 14833 14828
14840 14828 14834
14839 14833 14840
14836 14841 14834
14841 14840 14834
14842 14841 14836
14837 14843 14838
14843 14844 14838
14839 14840 14845
14841 14845 14840
14842 14846 14841
14846 14845 14841
14847 14846 14842
14839 14848 14837
14839 14845 14848
14848 14843 14837
14845 14846 14848
14848 14849 14843
14848 14846 14849
14843 14850 14844
14850 14843 14849
14849 14846 14851
14847 14851 14846
14844 14850 14852
14853 14844 14852
14850 14849 14854
14849 14851 14854
14852 14850 14854
14847 14855 14851
14854 14851 14855
14847 14856 14855
14847 14857 14856
14858 14856 14857
14854 14855 14859
14852 14854 14859
14855 14856 14859
14853 14852 14860
14860 14852 14859
14860 14859 14856
14861 14853 14860
14858 14862 14856
14863 14862 14858
14864 14860 14856
14861 14860 14864
14864 14856 14862
14863 14865 14862
14865 14864 14862
14866 14861 14864
14865 14866 14864
14866 14867 14861
14867 14866 14868
14868 14866 14865
14867 14868 14869
14863 14870 14865
14868 14865 14870
14863 14871 14870
14869 14868 14872
14872 14868 14870
14869 14872 14873
14874 14873 14872
14871 14875 14870
14872 14870 14875
14871 14876 14875
14877 14875 14876
14874 14872 14878
14878 14872 14875
14877 14879 14875
14878 14875 14879
14874 14878 14880
14880 14878 14879
14874 14880 14881
14880 14879 14882
14882 14879 14877
14882 14877 14883
14884 14885 14886
14884 14887 14885
14887 14888 14885
14887 14889 14888
14890 14889 14887
14891 14889 14890
14890 14887 14892
14891 14893 14889
14892 14887 14894
14895 14893 14891
14892 14894 14896
14895 14897 14893
14896 14894 14898
14899 14897 14895
14896 14898 14899
14899 14898 14897
14900 14901 14902
14900 14902 14903
14903 14902 14904
14903 14904 14905
14906 14903 14905
14907 14906 14905
14906 14908 14903
14907 14905 14909
14908 14910 14903
14911 14907 14909
14908 14912 14910
14911 14909 14913
14912 14914 14910
14915 14911 14913
14912 14915 14914
14915 14913 14914
14916 14917 14918
14916 14919 14917
14916 14920 14919
14916 14921 14920
14921 14922 14920
14921 14923 14922
14924 14922 14923
14924 14925 14922
14926 14925 14924
14926 14927 14925
14926 14928 14927
14926 14929 14928
14929 14930 14928
14929 14931 14930
14932 14930 14931
14932 14933 14930
14934 14933 14932
14934 14935 14933
14934 14936 14935
14934 14937 14936
14936 14937 14938
14936 14938 14939
14938 14940 14939
14938 14941 14940
14940 14941 14942
14940 14942 14943
14944 14943 14942
14944 14942 14945
14945 14946 14944
14945 14947 14946
14948 14946 14947
14948 14947 14949
14950 14948 14949
14950 14949 14951
14952 14953 14954
14953 14955 14954
14955 14953 14956
14955 14956 14957
14957 14956 14958
14957 14958 14959
14959 14958 14960
14959 14960 14961
14961 14960 14962
14961 14962 14963
14963 14962 14964
14963 14964 14965
14965 14964 14966
14965 14966 14967
14967 14966 14968
14967 14968 14969
14969 14968 14970
14969 14970 14971
14972 14971 14970
14972 14970 14973
14974 14975 14976
14974 14976 14977
14978 14977 14976
14978 14976 14979
14980 14978 14979
14980 14979 14981
14982 14980 14981
14982 14981 14983
14984 14982 14983
14984 14983 14985
14986 14984 14985
14986 14985 14987
14988 14986 14987
14988 14987 14989
14990 14988 14989
14990 14989 14991
14992 14990 14991
14992 14991 14993
14994 14992 14993
14994 14993 14995
14996 14997 14998
14996 14998 14999
14996 14999 15000
14996 15000 15001
15001 15000 15002
15001 15002 15003
15004 15003 15002
15004 15002 15005
15006 15004 15005
15006 15005 15007
15006 15007 15008
15006 15008 15009
15009 15008 15010
15009 15010 15011
15012 15011 15010
15012 15010 15013
15014 15012 15013
15014 15013 15015
15014 15015 15016
15014 15016 15017
15016 15018 15017
15016 15019 15018
15018 15019 15020
15018 15020 15021
15020 15022 15021
15020 15023 15022
15024 15022 15023
15024 15025 15022
15025 15024 15026
15025 15026 15027
15028 15027 15026
15028 15029 15027
15030 15029 15028
15030 15031 15029
