byte offset: 0
first index: 0
index count: 11589
topology: trianglelist
format: DXGI_FORMAT_R16_UINT

0 1 2
3 4 5
6 7 8
9 10 11
12 13 14
15 16 17
18 19 20
21 22 23
24 25 26
26 27 28
26 28 29
30 31 32
31 33 34
31 34 35
34 36 35
34 37 36
37 38 36
34 39 37
34 40 39
37 41 38
42 38 41
42 43 38
44 45 46
47 48 45
47 49 48
50 49 47
50 47 51
51 52 50
51 53 52
54 53 51
54 55 53
56 55 54
56 57 55
58 59 60
58 60 61
61 60 62
63 58 61
61 62 64
64 62 65
64 65 66
67 66 65
67 68 66
68 67 69
70 63 61
61 64 71
61 71 70
72 64 66
72 71 64
73 66 68
73 72 66
74 63 70
75 63 74
75 74 76
75 76 77
74 78 76
79 74 70
74 79 78
71 80 70
80 79 70
81 78 79
80 81 79
81 82 78
71 72 83
71 83 80
84 72 73
84 83 72
80 85 81
83 85 80
82 81 86
82 86 87
86 88 87
86 89 88
81 90 86
90 89 86
81 85 90
90 91 89
92 91 90
92 90 85
92 93 91
83 94 85
92 85 94
83 95 94
95 92 94
83 84 95
96 93 92
95 96 92
96 97 93
98 97 96
98 99 97
98 100 99
101 95 84
101 84 73
96 95 102
96 102 98
101 102 95
101 73 103
68 103 73
98 104 100
104 105 100
104 106 105
104 107 106
108 104 98
104 108 107
102 101 109
109 101 103
68 110 103
68 69 110
98 102 111
108 98 111
112 111 102
108 111 112
102 109 112
107 108 113
108 112 113
112 114 113
115 107 113
115 113 116
113 117 116
113 114 117
117 114 118
119 110 69
119 69 120
112 109 121
112 121 114
122 118 114
122 123 118
124 122 114
124 125 122
125 124 126
127 126 124
128 124 114
128 114 121
128 127 124
129 121 109
129 128 121
120 130 119
119 130 129
120 131 130
132 130 131
132 133 130
134 133 132
129 109 135
119 129 135
109 103 135
135 110 119
135 103 110
130 136 129
129 136 128
130 133 136
136 137 128
137 136 133
137 127 128
134 138 133
137 133 138
139 138 134
139 134 140
138 141 137
141 127 137
138 139 141
140 142 139
140 143 142
143 144 142
143 145 144
142 144 146
139 142 147
142 146 147
139 147 141
147 146 148
149 141 147
147 148 149
149 150 141
141 150 127
151 149 148
150 149 151
151 148 152
153 127 150
150 151 153
152 154 151
154 153 151
152 155 154
153 156 127
127 156 126
157 126 156
157 158 126
159 156 153
157 156 159
160 158 157
160 161 158
160 162 161
163 160 157
159 163 157
164 162 160
163 164 160
155 165 154
155 166 165
154 167 153
159 153 167
154 168 167
159 167 168
154 165 168
159 169 163
159 168 169
166 170 165
166 171 170
172 163 169
164 163 172
164 173 162
174 162 173
175 169 168
172 169 175
165 176 168
165 170 176
175 168 176
171 177 170
171 178 177
177 178 179
164 172 180
173 164 180
181 172 175
180 172 181
170 182 176
170 177 182
177 179 183
183 182 177
183 179 184
183 184 185
176 186 175
181 175 186
176 182 186
185 187 183
183 187 182
185 188 187
189 186 182
189 182 187
189 187 188
189 181 186
189 188 190
190 191 189
189 191 181
190 192 191
193 181 191
180 181 193
194 191 192
193 191 194
194 192 195
196 180 193
173 180 196
197 173 196
196 193 198
198 193 194
198 197 196
199 194 195
198 194 199
199 195 200
201 198 199
198 201 197
200 202 199
201 199 202
200 203 202
202 204 201
204 197 201
205 202 203
202 205 204
205 203 206
207 205 206
207 206 208
209 207 208
205 210 204
205 207 210
204 211 197
211 204 210
209 212 207
213 212 209
213 209 214
215 213 214
216 207 212
216 210 207
213 216 212
216 217 210
211 210 217
213 218 216
211 217 219
219 220 211
211 220 221
221 197 211
222 218 213
215 223 213
222 213 223
224 223 215
221 225 197
221 226 225
197 225 173
225 226 174
174 173 225
227 222 223
224 227 223
227 224 228
227 229 222
230 227 228
230 229 227
230 231 229
232 231 230
233 234 235
233 236 234
236 237 234
236 238 237
236 239 238
240 234 237
241 237 238
240 237 241
240 242 234
243 234 242
242 244 243
242 245 244
246 244 245
240 241 247
248 240 247
248 242 240
242 248 249
242 249 245
241 250 247
241 238 250
251 245 249
245 251 252
245 252 253
245 253 246
246 253 254
255 246 254
256 254 253
254 256 257
257 256 258
254 259 255
258 260 257
254 261 259
254 257 261
259 261 262
261 257 262
263 262 257
263 257 264
260 264 257
263 264 265
260 266 264
264 266 265
267 266 260
268 266 267
266 269 265
266 268 270
266 270 269
270 268 271
269 270 271
272 269 271
272 273 269
272 274 273
272 275 274
276 273 274
276 274 277
276 277 278
279 280 281
279 282 280
283 282 279
283 284 282
285 284 283
285 286 284
287 288 286
287 289 288
289 290 288
289 291 290
291 292 290
291 293 292
294 295 296
294 297 295
298 297 294
299 297 298
300 297 299
300 301 297
295 297 301
295 301 302
303 304 305
303 305 306
306 305 307
308 303 306
306 307 309
309 307 310
308 306 311
311 306 309
309 310 312
312 310 313
314 308 311
314 315 308
311 309 316
316 309 312
312 313 317
317 313 318
319 315 314
319 320 315
321 314 311
321 311 316
316 312 322
322 312 317
317 318 323
323 318 324
325 320 319
325 326 320
327 319 314
327 314 321
328 321 316
328 316 322
322 317 329
329 317 323
323 324 330
330 324 331
332 321 328
332 327 321
333 328 322
333 322 329
332 328 333
334 319 327
334 325 319
329 323 335
335 323 330
330 331 336
336 331 337
338 329 335
338 333 329
335 330 339
339 330 336
338 335 339
340 327 332
340 334 327
341 325 334
342 334 340
342 341 334
343 340 332
342 340 343
332 333 344
343 332 344
345 333 338
345 344 333
338 339 346
345 338 346
339 336 347
346 339 347
348 344 345
348 343 344
345 346 349
348 345 349
347 336 350
336 337 350
346 347 351
349 346 351
337 352 350
337 353 352
350 352 354
347 350 355
350 354 355
351 347 355
355 354 356
355 356 357
351 355 357
357 356 358
357 358 359
359 351 357
359 358 360
349 351 361
359 361 351
359 360 362
362 361 359
362 360 363
364 349 361
348 349 364
362 365 361
364 361 365
362 363 366
366 363 367
368 348 364
368 343 348
369 365 362
369 362 366
370 364 365
368 364 370
370 365 369
366 367 371
371 367 372
368 373 343
342 343 373
374 368 370
374 373 368
375 369 366
375 366 371
371 372 376
376 375 371
376 372 377
378 370 369
374 370 378
378 369 375
379 378 375
379 374 378
380 342 373
380 341 342
374 381 373
380 373 381
382 381 374
379 382 374
382 383 381
383 380 381
376 384 375
379 375 384
385 384 376
379 384 385
386 382 379
386 383 382
385 376 387
376 377 387
379 385 388
386 379 388
389 387 377
389 377 390
389 390 391
392 385 387
392 388 385
392 387 389
389 391 393
393 391 394
393 394 395
392 396 388
386 388 396
397 392 389
397 389 393
396 392 397
393 395 398
398 395 399
400 393 398
400 397 393
398 399 401
401 400 398
401 399 402
401 402 403
404 401 403
404 405 401
401 405 400
406 405 404
407 400 405
406 407 405
408 397 400
407 408 400
396 397 409
408 409 397
406 410 407
406 411 410
412 410 411
413 396 409
386 396 413
407 414 408
407 410 414
412 415 410
415 414 410
416 415 412
408 417 409
408 414 417
413 409 417
416 418 415
419 418 416
415 420 414
420 417 414
418 420 415
419 421 418
422 421 419
423 413 417
420 423 417
418 424 420
421 424 418
422 425 421
426 425 422
426 427 425
420 424 428
420 428 423
421 429 424
425 429 421
429 428 424
427 430 425
425 430 429
427 431 430
430 432 429
429 432 428
431 433 430
430 433 432
431 434 433
428 432 435
433 435 432
434 436 433
433 436 435
434 437 436
438 436 437
423 428 439
428 435 439
438 440 436
441 440 438
436 442 435
439 435 442
436 440 442
423 439 443
423 443 413
441 444 440
445 444 441
440 446 442
440 444 446
439 442 447
443 439 447
447 442 446
413 443 448
443 447 448
413 448 386
386 448 383
445 449 444
446 444 449
449 445 450
448 447 451
448 451 383
447 446 451
383 451 380
451 446 452
451 452 380
446 449 452
380 452 341
449 450 453
452 449 453
452 453 341
453 450 326
341 453 325
453 326 325
454 455 456
456 457 454
456 458 457
457 458 459
457 459 460
459 461 460
462 463 464
462 465 463
465 466 463
467 465 462
465 468 466
468 469 466
468 470 469
471 469 470
471 470 472
472 473 471
474 465 467
465 475 468
465 474 475
476 470 468
476 468 475
477 472 470
477 470 476
478 474 467
479 478 467
472 480 473
472 477 481
472 481 480
482 473 480
482 483 473
484 480 481
484 482 480
483 482 485
483 485 486
487 486 485
482 484 488
482 488 485
489 484 481
488 484 489
490 481 477
489 481 490
487 485 491
492 487 491
485 488 493
485 493 491
490 477 494
494 477 476
494 476 495
475 495 476
490 494 496
495 496 494
497 489 490
490 496 497
475 498 495
475 474 498
498 474 499
499 474 478
500 491 493
493 501 500
500 501 502
488 501 493
488 489 503
488 503 501
501 503 504
505 503 489
505 504 503
497 505 489
500 506 491
492 491 506
506 500 507
507 500 502
508 492 506
506 507 508
508 509 492
509 508 510
509 510 511
511 510 512
511 512 513
510 514 512
508 515 510
510 515 514
508 507 515
515 516 514
517 515 507
515 517 516
517 507 518
507 502 518
519 516 517
518 519 517
519 520 516
518 521 519
521 518 502
520 519 522
522 519 521
520 522 523
523 522 524
523 524 525
525 524 526
525 526 527
527 526 528
527 528 529
528 530 529
528 531 530
531 532 530
531 533 532
526 534 528
531 528 534
533 531 535
531 534 535
533 535 536
537 536 535
537 535 534
537 538 536
524 539 526
526 539 534
538 537 540
538 540 541
537 534 542
539 542 534
524 543 539
522 543 524
537 542 544
537 544 540
539 545 542
545 539 543
544 542 545
546 541 540
546 547 541
522 548 543
522 521 548
549 543 548
549 548 521
545 543 550
549 550 543
551 545 550
544 545 551
552 540 544
552 546 540
553 547 546
553 554 547
549 521 555
521 502 555
549 556 550
551 550 556
557 544 551
557 552 544
558 546 552
558 553 546
554 553 559
554 559 560
561 549 555
549 561 556
502 562 555
561 555 562
563 551 556
563 557 551
564 552 557
564 558 552
558 564 565
566 564 557
566 557 563
565 564 566
502 567 562
501 567 502
501 504 567
568 562 567
567 569 568
567 504 569
556 570 563
556 561 570
561 562 571
570 561 571
570 571 572
570 572 573
563 570 573
563 573 566
574 566 573
574 575 566
575 574 576
565 566 575
577 575 576
577 565 575
569 504 578
569 578 579
580 578 504
581 580 504
581 582 580
583 582 581
505 581 504
583 581 584
585 581 505
584 581 585
577 586 565
586 577 587
588 586 587
586 588 589
586 589 590
591 590 589
592 565 586
586 590 592
585 505 593
585 593 594
505 497 593
594 593 497
595 584 585
585 594 595
595 596 584
595 597 596
595 598 597
594 598 595
594 599 598
594 600 599
601 594 497
594 601 600
601 602 600
601 497 496
601 603 602
496 603 601
603 604 602
496 605 603
495 605 496
495 606 605
603 605 606
495 498 606
603 607 604
603 606 607
607 608 604
498 609 606
609 607 606
498 499 609
607 610 608
609 610 607
610 611 608
610 612 611
613 612 610
613 610 609
609 614 613
609 499 614
478 614 499
478 615 614
479 615 478
479 616 615
479 617 616
618 619 620
619 621 620
619 622 621
619 623 622
622 623 624
622 625 621
624 626 622
622 626 625
625 626 627
624 628 626
628 627 626
625 627 629
628 630 627
627 591 629
627 630 631
627 632 591
627 631 632
591 632 633
631 633 632
631 634 633
591 633 590
633 634 635
636 590 633
633 635 636
636 635 560
636 592 590
636 560 559
559 592 636
559 637 592
637 559 553
592 637 565
637 553 558
558 565 637
638 639 640
638 640 641
641 640 642
641 642 643
641 643 644
645 642 640
646 643 642
645 646 642
645 640 647
648 647 640
647 648 649
647 649 650
651 650 649
645 652 646
653 652 645
653 645 647
647 654 653
647 650 654
646 652 655
646 655 643
656 654 650
650 657 656
650 658 657
650 651 658
651 659 658
660 659 651
661 658 659
659 662 661
662 663 661
659 660 664
663 662 665
659 664 666
659 666 662
664 667 666
666 667 662
668 662 667
668 669 662
665 662 669
668 670 669
665 669 671
669 670 671
672 665 671
673 672 671
671 670 674
671 675 673
671 674 675
675 676 673
674 676 675
677 676 674
677 674 678
677 678 679
677 679 680
681 679 678
681 682 679
681 683 682
684 685 686
684 686 687
688 684 687
689 688 687
690 689 687
690 687 691
686 691 687
686 692 691
693 694 695
693 696 694
696 697 694
698 696 693
696 699 697
699 700 697
698 701 696
701 699 696
699 702 700
702 703 700
704 701 698
704 698 705
701 706 699
706 702 699
702 707 703
707 708 703
709 704 705
709 705 710
711 701 704
711 706 701
706 712 702
712 707 702
707 713 708
713 714 708
715 709 710
715 710 716
717 704 709
717 711 704
718 706 711
718 712 706
712 719 707
719 713 707
713 720 714
720 721 714
722 718 711
722 711 717
723 712 718
723 719 712
722 723 718
724 717 709
724 709 715
719 725 713
725 720 713
720 726 721
726 727 721
728 725 719
728 719 723
725 729 720
729 726 720
728 729 725
730 722 717
730 717 724
731 724 715
732 730 724
732 724 731
733 722 730
732 733 730
722 734 723
733 734 722
735 728 723
735 723 734
728 736 729
735 736 728
737 735 734
737 734 733
731 715 738
738 715 716
738 716 739
740 738 739
740 739 741
742 740 741
743 731 738
743 738 740
742 744 740
745 744 742
746 740 744
746 743 740
745 747 744
747 746 744
748 747 745
749 731 743
749 732 731
748 750 747
751 750 748
747 752 746
750 752 747
753 743 746
753 749 743
751 754 750
755 754 751
749 756 732
732 756 733
750 757 752
754 757 750
758 746 752
758 753 746
755 759 754
760 759 755
761 733 756
761 737 733
754 762 757
759 762 754
763 752 757
763 758 752
760 764 759
765 764 760
765 766 764
759 767 762
764 767 759
768 757 762
768 763 757
767 768 762
766 769 764
764 769 767
766 770 769
769 771 767
767 771 768
770 772 769
769 772 771
770 773 772
774 768 771
772 774 771
773 775 772
772 775 774
773 776 775
777 763 768
774 777 768
776 778 775
776 779 778
780 778 779
775 781 774
775 778 781
780 782 778
782 781 778
774 781 783
774 783 777
777 784 763
784 758 763
777 785 784
777 783 785
784 786 758
785 786 784
786 753 758
787 783 781
782 787 781
780 788 782
780 789 788
786 790 753
790 749 753
782 788 791
782 791 787
789 792 788
792 791 788
789 793 792
792 793 794
792 794 795
796 792 795
792 796 791
796 795 797
798 796 797
791 796 798
798 797 799
798 799 800
787 791 801
791 798 801
802 798 800
801 798 802
802 800 803
802 803 804
787 801 805
787 805 783
785 783 805
806 805 801
785 805 806
801 802 807
806 801 807
802 804 808
807 802 808
809 785 806
785 809 786
809 790 786
810 808 804
810 804 811
807 808 812
812 808 810
807 813 806
809 806 813
807 812 813
809 813 814
814 813 812
809 815 790
809 814 815
815 816 790
790 816 749
749 816 756
815 817 816
817 756 816
814 817 815
817 761 756
818 810 811
818 811 819
812 810 820
814 812 820
810 821 820
810 818 821
814 820 821
822 818 819
821 818 822
822 819 823
814 824 817
814 821 824
817 825 761
817 824 825
824 821 826
821 822 826
824 826 825
827 822 823
826 822 827
827 823 828
761 825 829
761 829 737
825 826 830
826 827 830
825 830 829
831 827 828
831 828 832
827 833 830
829 830 833
827 831 833
737 829 834
829 833 834
737 834 735
735 834 736
834 833 835
831 835 833
834 835 736
836 831 832
831 836 835
836 832 837
838 836 837
835 836 838
838 837 839
736 835 840
835 838 840
736 840 729
729 840 726
841 838 839
840 838 841
840 841 726
841 839 842
726 841 727
727 841 842
727 842 843
844 845 846
844 846 847
846 848 847
849 848 846
849 846 850
850 851 849
850 852 851
849 851 853
854 848 849
849 853 854
848 854 855
854 853 856
855 854 857
854 856 858
857 854 858
858 856 859
857 858 860
860 861 857
858 859 862
860 858 862
862 859 863
860 864 861
861 864 865
865 864 866
865 866 867
868 867 866
866 869 868
870 868 869
870 869 871
871 869 872
873 864 860
860 862 873
873 866 864
862 863 874
874 873 862
874 863 875
866 873 876
874 876 873
874 875 877
877 875 878
877 878 879
877 879 880
874 877 881
877 880 881
874 881 876
881 880 882
866 876 883
866 883 869
876 881 884
876 884 883
881 882 884
884 869 883
882 885 884
884 885 869
882 886 885
885 872 869
886 887 885
872 885 887
872 887 888
889 890 891
889 892 890
890 892 893
894 890 893
894 895 890
895 894 896
895 896 897
894 898 896
893 899 894
894 899 898
893 900 899
899 901 898
899 900 902
899 903 901
903 899 902
903 904 901
903 902 905
905 902 906
903 907 904
905 907 903
907 908 904
905 906 909
906 910 909
910 911 909
910 912 911
913 911 912
911 913 914
915 914 913
915 916 914
916 917 914
918 905 909
905 918 907
918 909 911
907 919 908
919 907 918
919 920 908
911 921 918
919 918 921
919 922 920
922 923 920
922 924 923
922 925 924
919 926 922
922 926 925
919 921 926
926 927 925
911 928 921
911 914 928
921 929 926
921 928 929
926 929 927
929 928 914
927 929 930
929 914 930
927 930 931
930 914 917
931 930 917
931 917 932
933 934 935
933 935 936
936 935 937
936 937 938
938 937 939
938 939 940
940 939 941
940 941 942
942 941 943
942 943 944
944 943 945
944 945 946
946 945 947
946 947 948
949 948 947
949 947 950
951 952 953
951 953 954
954 953 955
954 955 956
956 955 957
956 957 958
958 957 959
958 959 960
960 959 961
960 961 962
962 961 963
962 963 964
965 964 963
965 963 966
964 965 967
964 967 968
969 970 971
969 972 970
973 972 969
972 974 970
973 975 972
972 976 974
975 976 972
976 977 974
975 978 976
978 975 979
976 980 977
978 980 976
980 981 977
978 979 982
978 982 980
982 979 983
982 983 984
980 985 981
982 985 980
985 986 981
982 984 987
982 987 985
985 988 986
987 988 985
988 989 986
990 987 984
987 990 988
990 984 250
990 250 238
988 991 989
990 991 988
991 992 989
990 238 993
990 993 991
238 239 993
993 994 991
991 994 992
993 239 994
995 992 994
995 996 992
994 997 995
994 239 997
998 997 239
998 999 997
998 1000 999
998 1001 1000
1002 1003 1004
1005 1002 1004
1006 1005 1004
1006 1007 1005
1007 1006 1008
1007 1008 1009
1010 1009 1008
1010 1008 1011
1011 1012 1010
1011 1013 1012
1012 1013 1014
1014 1013 1015
1016 1017 1018
1016 1018 1019
1019 1018 1020
1019 1020 1021
1022 1023 1024
1022 1024 1025
1024 1026 1025
1026 1027 1025
1028 1025 1027
1028 1029 1025
1030 1022 1025
1030 1031 1022
1032 1029 1028
1032 1033 1029
1032 1034 1033
1032 1035 1034
1030 1036 1031
1030 1037 1036
1035 1038 1034
1039 1036 1037
1039 1040 1036
1035 1041 1038
1039 1042 1040
1039 1038 1042
1043 1038 1041
1044 1038 1043
1042 1038 1044
1042 1044 1045
1046 1047 1048
1046 1049 1047
1049 1050 1047
1049 1051 1050
1051 1052 1050
1051 1053 1052
1053 1054 1052
1053 1055 1054
1055 1056 1054
1055 1057 1056
1057 1058 1056
1057 1059 1058
1059 1060 1058
1059 1061 1060
1062 1060 1061
1062 1063 1060
1064 1065 1066
1064 1067 1065
1067 1068 1065
1067 1069 1068
1069 1070 1068
1069 1071 1070
1071 1072 1070
1071 1073 1072
1073 1074 1072
1073 1075 1074
1075 1076 1074
1075 1077 1076
1078 1076 1077
1078 1079 1076
1077 1080 1078
1077 1081 1080
1082 1083 1084
1082 1084 1085
1086 1082 1085
1085 1084 1087
1086 1085 1088
1085 1087 1089
1088 1085 1089
1089 1087 1090
1088 1089 1091
1091 1092 1088
1089 1090 1093
1091 1089 1093
1093 1090 1094
1091 1095 1092
1091 1093 1095
1095 1096 1092
1095 1097 1096
1093 1094 1098
1095 1093 1098
1098 1094 1099
1095 1100 1097
1095 1098 1100
1098 1099 1101
1100 1098 1101
1101 1099 1102
1103 1097 1100
1100 1101 1103
1103 655 1097
1103 643 655
1101 1102 1104
1103 1101 1104
1104 1102 1105
1103 1106 643
1103 1104 1106
643 1106 644
1106 1104 1107
1104 1105 1107
1106 1107 644
1108 1107 1105
1108 1105 1109
1107 1108 1110
1107 1110 644
1111 644 1110
1111 1110 1112
1111 1112 1113
1111 1113 1114
1115 1116 1117
1115 1118 1116
1118 1119 1116
1118 1120 1119
1121 1122 1123
1121 1123 1124
1125 1121 1124
1125 1124 1126
1125 1126 1127
1127 1126 1128
1129 1128 1126
1129 1126 1130
1129 1131 1128
1130 1132 1129
1129 1133 1131
1131 1133 1134
1129 1132 1135
1136 1135 1132
1129 1137 1133
1137 1134 1133
1129 1135 1137
1136 1138 1135
1135 1138 1139
1140 1138 1136
1139 1138 1140
1137 1141 1134
1134 1141 1142
1141 1143 1142
1144 1137 1135
1135 1139 1144
1141 1137 1145
1144 1145 1137
1143 1141 1146
1141 1145 1146
1143 1146 1147
1146 1148 1147
1146 1149 1148
1145 1149 1146
1148 1149 1150
1149 1151 1150
1145 1152 1149
1144 1152 1145
1151 1149 1152
1144 1153 1152
1153 1144 1139
1151 1152 1154
1154 1152 1153
1155 1151 1154
1154 1156 1155
1154 1157 1156
1154 1153 1157
1157 1158 1156
1153 1159 1157
1157 1159 1158
1153 1139 1160
1153 1160 1159
1139 1161 1160
1159 1160 1161
1159 1162 1158
1159 1161 1162
1158 1162 1163
1162 1164 1163
1161 1164 1162
1161 1165 1164
1166 1165 1161
1139 1167 1161
1166 1161 1167
1139 1140 1167
1166 1167 1140
1166 1140 1168
1169 1170 1171
1169 1171 1172
1173 1172 1171
1173 1174 1172
1173 1175 1174
1176 1177 1178
1176 1178 1179
1180 1181 1182
1180 1182 1183
1184 1185 1186
1184 1186 1187
1188 1189 1190
1188 1190 1191
1192 1193 1194
1192 1194 1195
1196 1197 1198
1196 1198 1199
1200 1201 1202
1200 1202 1203
1204 1205 1206
1204 1206 1207
1208 1209 1210
1208 1210 1211
1212 1213 1214
1212 1214 1215
1216 1217 1218
1216 1218 1219
1220 1221 1222
1220 1222 1223
1224 1225 1226
1224 1226 1227
1228 1229 1230
1228 1230 1231
1232 1233 1234
1232 1234 1235
1236 1237 1238
1236 1238 1239
1240 1241 1242
1240 1242 1243
1244 1245 1246
1244 1246 1247
1247 1246 1248
1247 1248 1249
1250 1247 1249
1250 1251 1247
1244 1247 1251
1244 1251 1252
1253 1254 1255
1253 1255 1256
1257 1258 1259
1257 1259 1260
1261 1262 1263
1261 1263 1264
1265 1266 1267
1265 1267 1268
1269 1270 1271
1269 1271 1272
1273 1274 1275
1273 1275 1276
1277 1278 1279
1280 1277 1279
1280 1279 1281
1281 1279 1282
1281 1282 1283
1284 1285 1286
1284 1286 1287
1287 1286 1288
1287 1288 1289
1289 1288 1290
1289 1290 1291
1291 1290 1292
1291 1292 1293
1293 1294 1295
1293 1295 1296
1296 1295 1297
1296 1297 1298
1298 1297 1299
1298 1299 1300
1301 1302 1303
1301 1304 1302
1305 1304 1301
1305 1306 1304
1307 1306 1305
1307 1308 1306
1309 1308 1307
1309 1310 1308
1311 1310 1309
1311 1312 1310
1313 1312 1311
1313 1314 1312
1315 1316 1317
1315 1317 1318
1318 1317 1319
1318 1319 1320
1320 1319 1321
1320 1321 1322
1323 1324 1325
1323 1326 1324
1326 1323 1327
1326 1327 1328
1329 1328 1327
1329 1327 1330
1331 1329 1330
1331 1330 1332
1331 1332 1333
1331 1333 1334
1335 1334 1333
1335 1333 1336
1337 1335 1336
1337 1336 1338
1339 1337 1338
1339 1338 1340
1341 1339 1340
1341 1340 1342
1343 1341 1342
1343 1342 1344
1345 1346 1347
1345 1348 1346
1348 1345 1349
1348 1349 1350
1350 1349 1351
1350 1351 1352
1352 1351 1353
1352 1353 1354
1353 1355 1354
1353 1356 1355
1357 1355 1356
1357 1358 1355
1358 1357 1359
1358 1359 1360
1361 1360 1359
1361 1359 1362
1361 1362 1363
1361 1363 1364
1365 1364 1363
1365 1366 1364
1367 1368 1369
1367 1369 1370
1367 1370 1371
1367 1371 1372
1373 1372 1371
1373 1371 1374
1375 1373 1374
1375 1374 1376
1375 1376 1377
1375 1377 1378
1378 1377 1379
1378 1379 1380
1381 1380 1379
1381 1379 1382
1381 1382 1383
1381 1383 1384
1385 1384 1383
1385 1383 1386
1386 1387 1385
1386 1388 1387
1388 1389 1387
1388 1390 1389
1390 1391 1389
1390 1392 1391
1392 1393 1391
1392 1394 1393
1394 1395 1393
1394 1396 1395
1395 1396 1397
1395 1397 1398
1399 1400 1401
1399 1401 1402
1403 1399 1402
1403 1402 1404
1405 1403 1404
1405 1404 1406
1407 1405 1406
1407 1406 1408
1407 1408 1409
1407 1409 1410
1410 1409 1411
1410 1411 1412
1413 1412 1411
1413 1411 1414
1413 1414 1415
1413 1415 1416
1417 1416 1415
1417 1415 1418
1418 1419 1417
1418 1420 1419
1421 1422 1423
1421 1424 1422
1424 1425 1422
1424 1426 1425
1426 1427 1425
1426 1428 1427
1428 1429 1427
1428 1430 1429
1431 1429 1430
1431 1432 1429
1433 1432 1431
1433 1434 1432
1435 1434 1433
1435 1436 1434
1437 1436 1435
1437 1438 1436
1439 1438 1437
1439 1440 1438
1441 1440 1439
1441 1442 1440
1443 1442 1441
1443 1444 1442
1445 1444 1443
1445 1446 1444
1447 1446 1445
1447 1448 1446
1447 1449 1448
1447 1450 1449
1451 1449 1450
1451 1450 1452
1453 1454 1455
1453 1455 1456
1457 1453 1456
1457 1456 1458
1459 1457 1458
1459 1458 1460
1461 1459 1460
1461 1460 1462
1461 1462 1463
1461 1463 1464
1464 1463 1465
1464 1465 1466
1466 1465 1467
1466 1467 1468
1468 1467 1469
1468 1469 1470
1470 1469 1471
1470 1471 1472
1472 1471 1473
1472 1473 1474
1474 1473 1475
1474 1475 1476
1476 1475 1477
1476 1477 1478
1478 1477 1479
1478 1479 1480
1480 1479 1481
1480 1481 1482
1483 1482 1481
1483 1484 1482
1485 1486 1487
1485 1487 1488
1489 1490 1491
1489 1492 1490
1492 1493 1490
1492 1494 1493
1495 1493 1494
1495 1496 1493
1495 1497 1496
1495 1498 1497
1498 1499 1497
1497 1499 1500
1500 1501 1497
1499 1502 1500
1503 1502 1499
1503 1499 1504
1500 1505 1501
1506 1501 1505
1506 1505 1507
1508 1501 1506
1508 1509 1501
1510 1509 1508
1510 1508 1511
1512 1510 1511
1512 1511 1513
1512 1513 1514
1512 1514 1515
1516 1517 1514
1516 1514 1518
1516 1518 1519
1516 1519 1520
1520 1519 1521
1520 1521 1522
1521 1523 1522
1521 1524 1523
1524 1525 1523
1524 1526 1525
1527 1523 1525
1527 1528 1523
1529 1528 1527
1529 1527 1530
1531 1529 1530
1531 1532 1529
1533 1528 1529
1534 1528 1533
1534 1535 1528
1534 1536 1535
1534 1537 1536
1538 1536 1537
1538 1539 1536
1540 1539 1538
1540 1541 1539
1542 1543 1544
1542 1545 1543
1545 1546 1543
1545 1547 1546
1547 1548 1546
1547 1549 1548
1549 1550 1548
1549 1551 1550
1551 1552 1550
1551 1553 1552
1553 1554 1552
1553 1555 1554
1554 1555 1556
1542 1557 1558
1542 1558 1559
1559 1558 1560
1559 1560 1561
1561 1560 1562
1561 1562 1563
1563 1562 1564
1563 1564 1565
1565 1564 1566
1565 1566 1567
1567 1566 1568
1567 1568 1569
1568 1570 1569
1571 1572 1573
1571 1574 1572
1574 1575 1572
1574 1576 1575
1576 1577 1575
1576 1578 1577
1578 1579 1577
1578 1580 1579
1580 1581 1579
1580 1582 1581
1582 1583 1581
1582 1584 1583
1584 1585 1583
1584 1586 1585
1586 1587 1585
1586 1588 1587
1588 1589 1587
1588 1590 1589
1591 1592 1590
1591 1593 1592
1594 1593 1591
1594 1595 1593
1596 1595 1594
1596 1597 1595
1598 1597 1596
1598 1599 1597
1600 1599 1598
1600 1601 1599
1602 1601 1600
1602 1603 1601
1604 1603 1602
1604 1605 1603
1606 1605 1604
1606 1607 1605
1571 1607 1606
1571 1608 1607
1609 1610 1611
1609 1611 1612
1612 1611 1613
1612 1613 1614
1609 1612 1615
1609 1615 1616
1617 1616 1615
1617 1615 1618
1619 1618 1615
1619 1615 1620
1615 1612 1620
1620 1621 1619
1612 1614 1622
1612 1622 1620
1620 1622 1621
1622 1614 1623
1624 1621 1622
1624 1622 1623
1625 1626 1627
1626 1625 1628
1626 1628 1629
1629 1628 1630
1631 1632 1633
1634 1632 1631
1634 1631 1635
1634 1635 1636
1637 1638 1639
1637 1639 1640
1640 1639 1641
1640 1641 1642
1642 1641 1643
1642 1643 1644
1644 1643 1645
1644 1645 1646
1646 1645 1647
1646 1647 1648
1649 1648 1647
1649 1647 1650
1649 1650 1651
1649 1651 1652
1653 1652 1651
1654 1655 1656
1654 1657 1655
1657 1658 1655
1657 1659 1658
1659 1660 1658
1659 1661 1660
1661 1662 1660
1661 1663 1662
1663 1664 1662
1663 1665 1664
1666 1664 1665
1666 1665 1667
1668 1666 1667
1669 1670 1671
1669 1671 1672
1673 1669 1672
1673 1672 1674
1675 1673 1674
1675 1674 1676
1675 1676 1677
1677 1678 1675
1677 1679 1678
1680 1677 1676
1680 1676 1681
1679 1682 1678
1680 1681 1683
1679 1684 1682
1680 1683 1685
1682 1684 1686
1683 1687 1685
1687 1683 1688
1687 1688 1689
1685 1687 1690
1685 1690 1691
1692 1691 1690
1692 1690 1693
1694 1682 1686
1682 1694 1695
1682 1695 1696
1697 1694 1686
1698 1697 1686
1694 1697 1699
1694 1699 1700
1701 1700 1699
1701 1699 1702
1703 1701 1702
1703 1702 1704
1698 1686 1705
1698 1705 1706
1698 1706 1707
1698 1707 1708
1709 1710 1711
1709 1711 1712
1713 1714 1715
1713 1715 1716
1717 1718 1719
1717 1719 1720
1721 1722 1723
1721 1723 1724
1725 1726 1727
1725 1727 1728
1729 1730 1731
1729 1731 1732
1733 1734 1735
1733 1735 1736
1737 1738 1739
1737 1739 1740
1741 1742 1743
1741 1743 1744
1745 1746 1747
1745 1747 1748
1749 1750 1751
1749 1751 1752
1753 1754 1755
1753 1755 1756
1757 1758 1759
1757 1759 1760
1761 1762 1763
1761 1763 1764
1765 1766 1767
1765 1768 1766
1765 1769 1768
1769 1765 1770
1769 1770 1771
1771 1770 1772
1771 1772 1773
1774 1773 1772
1774 1775 1773
1776 1777 1778
1776 1778 1779
1780 1781 1782
1780 1782 1783
1784 1785 1786
1784 1787 1785
1788 1787 1784
1788 1789 1787
1790 1789 1788
1790 1791 1789
1792 1793 1794
1792 1794 1795
1796 1797 1798
1796 1798 1799
1800 1801 1802
1800 1802 1803
1804 1805 1806
1804 1806 1807
1808 1809 1810
1808 1810 1811
1812 1813 1814
1812 1814 1815
1816 1817 1818
1816 1818 1819
1820 1821 1822
1820 1822 1823
1824 1825 1826
1824 1826 1827
1828 1829 1830
1828 1830 1831
1832 1833 1834
1832 1834 1835
1836 1837 1838
1836 1838 1839
1840 1841 1842
1840 1843 1841
1844 1843 1840
1844 1845 1843
1846 1845 1844
1846 1847 1845
1846 1848 1847
1848 1846 1849
1848 1849 1850
1851 1847 1848
1851 1852 1847
1850 1849 1853
1851 1854 1852
1850 1853 1855
1851 1856 1854
1853 1857 1855
1854 1856 1858
1858 1859 1854
1858 1860 1859
1856 1861 1858
1856 1862 1861
1863 1861 1862
1863 1864 1861
1865 1857 1853
1853 1866 1865
1853 1867 1866
1868 1857 1865
1869 1857 1868
1865 1870 1868
1865 1871 1870
1872 1870 1871
1872 1873 1870
1874 1873 1872
1874 1875 1873
1869 1876 1857
1869 1877 1876
1869 1878 1877
1869 1879 1878
1880 1881 1882
1880 1882 1883
1884 1885 1886
1884 1886 1887
1888 1889 1890
1888 1890 1891
1892 1893 1894
1892 1894 1895
1896 1897 1898
1896 1898 1899
1900 1901 1902
1900 1902 1903
1904 1905 1906
1904 1906 1907
1908 1909 1910
1908 1910 1911
1912 1913 1914
1912 1914 1915
1916 1917 1918
1916 1918 1919
1920 1921 1922
1920 1922 1923
1924 1925 1926
1924 1926 1927
1928 1929 1930
1928 1930 1931
1932 1933 1934
1932 1934 1935
1936 1937 1938
1936 1938 1939
1940 1936 1939
1940 1941 1936
1940 1942 1941
1942 1943 1941
1942 1944 1943
1945 1943 1944
1945 1944 1946
1947 1948 1949
1947 1949 1950
1951 1952 1953
1951 1953 1954
1955 1956 1957
1955 1957 1958
1959 1955 1958
1959 1958 1960
1961 1959 1960
1961 1960 1962
1963 1964 1965
1963 1965 1966
1967 1968 1969
1967 1969 1970
1971 1972 1973
1971 1973 1974
1975 1976 1977
1975 1977 1978
1979 1980 1981
1979 1981 1982
1983 1984 1985
1983 1985 1986
1987 1988 1989
1987 1989 1990
1991 1992 1993
1991 1993 1994
1995 1996 1997
1995 1997 1998
1999 2000 2001
1999 2001 2002
2003 2004 2005
2003 2005 2006
2007 2008 2009
2010 2009 2008
2010 2008 2011
2012 2011 2008
2012 2008 2013
2011 2012 2014
2011 2014 2015
2015 2014 2016
2015 2016 2017
2018 2012 2013
2018 2019 2012
2018 2013 2020
2021 2022 2023
2021 2023 2024
2024 2023 2025
2026 2021 2024
2026 2027 2021
2028 2021 2027
2029 2027 2026
2029 2026 2030
2030 2026 2031
2028 2027 2032
2033 2028 2032
2033 2032 2034
2035 2036 2037
2035 2037 2038
2039 2040 2041
2039 2041 2042
2043 2039 2042
2043 2042 2044
2045 2043 2044
2045 2044 2046
2047 2045 2046
2047 2046 2048
2049 2047 2048
2049 2048 2050
2051 2049 2050
2051 2050 2052
2053 2051 2052
2053 2052 2054
2055 2053 2054
2055 2054 2056
2057 2055 2056
2057 2056 2058
2059 2060 2061
2059 2061 2062
2063 2064 2065
2063 2065 2066
2067 2068 2069
2067 2069 2070
2071 2072 2073
2071 2073 2074
2075 2076 2077
2078 2076 2075
2079 2076 2078
2078 2080 2079
2080 2081 2079
2082 2079 2081
2082 2083 2079
2084 2083 2082
2085 2083 2084
2083 2085 2086
2085 2087 2086
2086 2087 2088
2089 2090 2091
2089 2091 2092
2093 2094 2095
2093 2095 2096
2097 2098 2099
2097 2099 2100
2101 2102 2103
2101 2103 2104
2105 2106 2107
2105 2107 2108
2109 2110 2111
2109 2111 2112
2113 2114 2115
2113 2115 2116
2117 2118 2119
2117 2119 2120
2121 2122 2123
2121 2123 2124
2125 2126 2127
2125 2127 2128
2129 2130 2131
2129 2131 2132
2133 2134 2135
2133 2135 2136
2137 2138 2139
2140 2138 2137
2141 2140 2137
2140 2141 2142
2142 2141 2143
2144 2143 2141
2144 2141 2145
2146 2144 2145
2147 2146 2145
2147 2145 2148
2149 2148 2145
2150 2149 2145
2151 2152 2150
2151 2150 2153
2154 2155 2156
2154 2156 2157
2158 2159 2160
2158 2160 2161
2162 2163 2164
2162 2164 2165
2166 2167 2168
2166 2168 2169
2170 2171 2172
2170 2172 2173
2174 2175 2176
2174 2176 2177
2178 2179 2180
2178 2180 2181
2182 2183 2184
2182 2184 2185
2186 2187 2188
2186 2188 2189
2190 2191 2192
2190 2192 2193
2194 2195 2196
2194 2196 2197
2198 2199 2200
2198 2201 2199
2202 2199 2201
2202 2201 2203
2204 2205 2206
2204 2206 2207
2208 2209 2210
2208 2210 2211
2212 2208 2211
2212 2211 2213
2214 2215 2216
2214 2216 2217
2218 2219 2220
2218 2220 2221
2222 2221 2220
2222 2220 2223
2224 2225 2226
2224 2227 2225
2227 2228 2225
2229 2225 2228
2229 2228 2230
2230 2228 2231
2228 2232 2231
2228 2233 2232
2234 2233 2228
2234 2228 2227
2224 2235 2227
2235 2234 2227
2236 2235 2224
2235 2237 2234
2238 2235 2236
2238 2237 2235
2239 2240 2241
2242 2240 2239
2243 2242 2239
2242 2243 2244
2242 2244 2245
2243 2246 2244
2243 2247 2246
2247 2248 2246
2247 2249 2248
2249 2247 2250
2251 2250 2247
2252 2251 2247
2253 2254 2255
2256 2254 2253
2257 2254 2256
2258 2257 2256
2258 2259 2257
2259 2260 2257
2259 2261 2260
2262 2260 2261
2262 2263 2260
2260 2263 2264
2263 2265 2264
2264 2265 2266
2267 2268 2269
2267 2269 2270
2271 2272 2273
2271 2274 2272
2274 2275 2272
2274 2276 2275
2276 2277 2275
2276 2278 2277
2278 2279 2277
2278 2280 2279
2280 2281 2279
2280 2282 2281
2282 2283 2281
2282 2284 2283
2284 2285 2283
2284 2286 2285
2286 2287 2285
2286 2288 2287
2289 2287 2288
2289 2290 2287
2291 2290 2289
2291 2292 2290
2293 2292 2291
2293 2294 2292
2295 2294 2293
2295 2296 2294
2297 2296 2295
2297 2298 2296
2299 2298 2297
2299 2297 2300
2299 2300 2301
2299 2301 2302
2302 2301 2303
2302 2303 2304
2304 2303 2305
2304 2305 2306
2307 2306 2305
2307 2305 2308
2309 2307 2308
2309 2308 2310
2311 2309 2310
2311 2310 2312
2313 2311 2312
2313 2312 2314
2315 2313 2314
2315 2314 2316
2317 2315 2316
2317 2316 2318
2319 2317 2318
2319 2320 2317
2321 2322 2323
2321 2323 2324
2325 2324 2323
2325 2326 2324
2327 2328 2329
2327 2329 2330
2331 2327 2330
2330 2329 2332
2331 2330 2333
2334 2331 2333
2330 2332 2335
2333 2330 2335
2335 2332 2336
2334 2333 2337
2338 2334 2337
2333 2335 2339
2337 2333 2339
2335 2336 2340
2339 2335 2340
2340 2336 2341
2340 2341 2342
2343 2340 2342
2339 2340 2343
2343 2342 2344
2338 2337 2345
2346 2338 2345
2337 2339 2347
2347 2339 2343
2345 2337 2347
2348 2343 2344
2347 2343 2348
2348 2344 2349
2346 2345 2350
2351 2346 2350
2351 2350 2352
2345 2347 2353
2353 2347 2348
2350 2345 2353
2354 2348 2349
2353 2348 2354
2354 2349 2355
2352 2350 2356
2350 2353 2356
2356 2353 2354
2352 2356 2357
2358 2354 2355
2356 2354 2358
2357 2356 2358
2358 2355 2359
2357 2358 2360
2360 2358 2359
2360 2359 2361
2362 2363 2364
2362 2365 2363
2365 2366 2363
2365 2367 2366
2368 2369 2370
2368 2371 2369
2372 2369 2371
2372 2371 2373
2374 2375 2376
2374 2377 2375
2378 2377 2374
2377 2379 2375
2378 2380 2377
2381 2380 2378
2377 2382 2379
2380 2382 2377
2382 2383 2379
2381 2384 2380
2385 2384 2381
2380 2386 2382
2384 2386 2380
2382 2387 2383
2386 2387 2382
2387 2388 2383
2387 2389 2388
2390 2389 2387
2386 2390 2387
2390 2391 2389
2385 2392 2384
2393 2392 2385
2384 2394 2386
2394 2390 2386
2392 2394 2384
2395 2391 2390
2394 2395 2390
2395 2396 2391
2393 2397 2392
2398 2397 2393
2398 2399 2397
2392 2400 2394
2400 2395 2394
2397 2400 2392
2401 2396 2395
2400 2401 2395
2401 2402 2396
2399 2403 2397
2397 2403 2400
2403 2401 2400
2399 2404 2403
2405 2402 2401
2403 2405 2401
2404 2405 2403
2405 2406 2402
2404 2407 2405
2407 2406 2405
2407 2408 2406
2409 2410 2411
2409 2411 2412
2412 2411 2413
2412 2413 2414
2415 2416 2417
2418 2417 2416
2418 2416 2419
2419 2416 2420
2419 2420 2421
2418 2419 2422
2421 2420 2423
2421 2423 2424
2421 2424 2425
2424 2426 2425
2427 2424 2423
2427 2423 2428
2427 2428 2429
2424 2430 2426
2427 2430 2424
2431 2426 2430
2427 2429 2432
2433 2432 2429
2431 2430 2434
2435 2431 2434
2427 2436 2430
2432 2436 2427
2434 2430 2436
2433 2437 2432
2437 2433 2438
2437 2438 2439
2440 2437 2439
2432 2441 2436
2437 2441 2432
2440 2442 2437
2437 2442 2441
2443 2442 2440
2444 2436 2441
2434 2436 2444
2443 2445 2442
2445 2443 2446
2447 2441 2442
2444 2441 2447
2447 2442 2445
2448 2444 2447
2447 2445 2448
2449 2445 2446
2448 2445 2449
2449 2446 2450
2451 2449 2450
2448 2449 2451
2451 2450 2452
2448 2451 2452
2448 2452 2453
2454 2448 2453
2448 2455 2444
2454 2455 2448
2434 2444 2455
2456 2434 2455
2454 2456 2455
2435 2434 2456
2454 2457 2456
2457 2435 2456
2458 2457 2454
2458 2454 2459
2460 2458 2459
2460 2461 2458
2462 2458 2461
2457 2463 2435
2463 2457 2458
2463 2464 2435
2462 2465 2458
2465 2462 2466
2463 2458 2467
2458 2465 2467
2463 2468 2464
2468 2463 2467
2469 2465 2466
2470 2469 2466
2465 2471 2467
2468 2467 2471
2471 2465 2469
2470 2472 2469
2470 2473 2472
2473 2474 2472
2473 2475 2474
2476 2474 2475
2469 2477 2471
2469 2472 2477
2477 2468 2471
2474 2477 2472
2468 2478 2464
2464 2478 2479
2478 2480 2479
2477 2481 2468
2478 2468 2481
2478 2482 2480
2422 2480 2482
2422 2482 2418
2483 2482 2478
2478 2481 2483
2484 2481 2477
2474 2484 2477
2418 2482 2485
2483 2485 2482
2484 2486 2481
2483 2481 2486
2474 2487 2484
2487 2486 2484
2483 2486 2488
2488 2485 2483
2418 2485 2489
2418 2489 2417
2488 2486 2490
2487 2490 2486
2488 2491 2485
2489 2485 2491
2490 2491 2488
2492 2417 2489
2489 2491 2492
2492 2493 2417
2492 2491 2494
2490 2494 2491
2495 2493 2492
2492 2494 2495
2495 2496 2493
2497 2496 2495
2497 2498 2496
2495 2494 2499
2495 2499 2497
2500 2494 2490
2500 2499 2494
2490 2501 2500
2490 2487 2501
2502 2499 2500
2501 2502 2500
2497 2499 2503
2502 2503 2499
2504 2498 2497
2497 2503 2504
2504 2505 2498
2505 2506 2498
2507 2505 2504
2508 2505 2507
2504 2509 2507
2504 2503 2509
2508 2507 2510
2503 2511 2509
2503 2502 2511
2510 2512 2508
2510 2513 2512
2513 2514 2512
2515 2511 2502
2516 2514 2513
2516 2517 2514
2516 2513 2518
2519 2515 2502
2501 2519 2502
2516 2520 2517
2516 2521 2520
2520 2522 2517
2520 2523 2522
2521 2523 2520
2521 2524 2523
2521 2525 2524
2518 2526 2516
2516 2526 2521
2518 2527 2526
2526 2527 2528
2526 2528 2529
2529 2521 2526
2529 2528 2530
2521 2531 2525
2529 2531 2521
2531 2532 2525
2533 2532 2531
2534 2531 2529
2533 2531 2534
2529 2530 2534
2535 2533 2534
2534 2530 2536
2515 2536 2530
2515 2519 2536
2535 2534 2537
2536 2537 2534
2535 2537 2538
2537 2539 2538
2540 2539 2537
2541 2540 2537
2536 2541 2537
2541 2542 2540
2543 2541 2536
2542 2541 2543
2543 2536 2519
2542 2543 2544
2543 2545 2544
2519 2546 2543
2543 2546 2545
2519 2501 2546
2487 2546 2501
2547 2545 2546
2487 2547 2546
2547 2476 2545
2474 2547 2487
2476 2547 2474
2548 2549 2550
2548 2551 2549
2552 2551 2548
2552 2553 2551
2554 2553 2552
2554 2555 2553
2556 2555 2554
2556 2557 2555
2558 2557 2556
2558 2559 2557
2560 2559 2558
2560 2561 2559
2562 2561 2560
2562 2563 2561
2564 2563 2562
2564 2565 2563
2566 2565 2564
2566 2567 2565
2568 2567 2566
2568 2569 2567
2570 2569 2568
2570 2571 2569
2572 2571 2570
2572 2573 2571
2574 2573 2572
2574 2575 2573
2576 2575 2574
2576 2577 2575
2578 2577 2576
2578 2579 2577
2580 2579 2578
2580 2581 2579
2582 2581 2580
2582 2583 2581
2583 2582 2584
2583 2584 2585
2586 2587 2588
2586 2588 2589
2589 2588 2590
2589 2590 2591
2591 2590 2592
2591 2592 2593
2593 2592 2594
2593 2594 2595
2595 2594 2596
2595 2596 2597
2598 2599 2600
2598 2600 2601
2602 2603 2604
2602 2605 2603
2606 2605 2602
2606 2607 2605
2608 2609 2610
2608 2610 2611
2612 2613 2614
2612 2615 2613
2612 2616 2615
2617 2616 2612
2616 2618 2615
2617 2619 2616
2617 2620 2619
2620 2621 2619
2621 2622 2619
2623 2619 2622
2623 2624 2619
2624 2616 2619
2625 2624 2623
2626 2618 2616
2624 2626 2616
2626 2627 2618
2625 2628 2624
2628 2626 2624
2629 2628 2625
2630 2627 2626
2628 2630 2626
2630 2631 2627
2629 2632 2628
2632 2630 2628
2633 2632 2629
2634 2631 2630
2632 2634 2630
2634 2635 2631
2633 2636 2632
2636 2634 2632
2637 2636 2633
2638 2635 2634
2636 2638 2634
2638 2639 2635
2637 2640 2636
2640 2638 2636
2641 2640 2637
2642 2639 2638
2640 2642 2638
2642 2643 2639
2641 2644 2640
2644 2642 2640
2645 2644 2641
2646 2643 2642
2644 2646 2642
2646 2647 2643
2645 2648 2644
2648 2646 2644
2649 2648 2645
2650 2647 2646
2648 2650 2646
2650 2651 2647
2649 2652 2648
2652 2650 2648
2653 2652 2649
2654 2651 2650
2652 2654 2650
2654 2655 2651
2653 2656 2652
2656 2654 2652
2657 2656 2653
2658 2655 2654
2656 2658 2654
2658 2659 2655
2660 2658 2656
2657 2660 2656
2661 2659 2658
2660 2661 2658
2661 2662 2659
2663 2661 2660
2662 2661 2663
2660 2657 2663
2662 2663 2664
2663 2657 2665
2665 2657 2666
2667 2664 2663
2667 2668 2664
2669 2668 2667
2669 2670 2668
2670 2671 2668
2672 2673 2671
2674 2675 2669
2676 2673 2675
2676 2675 2674
2677 2678 2679
2677 2679 2680
2681 2677 2680
2681 2680 2682
2683 2681 2682
2683 2684 2681
2684 2683 2685
2684 2685 2686
2686 2685 2687
2686 2687 2688
2688 2687 2689
2688 2689 2690
2691 2692 2693
2691 2693 2694
2694 2693 2695
2694 2695 2696
2696 2695 2697
2696 2697 2698
2699 2698 2697
2699 2700 2698
2701 2702 2703
2701 2704 2702
2705 2704 2701
2705 2706 2704
2707 2706 2705
2707 2708 2706
2708 2707 2709
2708 2709 2710
2711 2710 2709
2711 2709 2712
2713 2711 2712
2713 2714 2711
2713 2715 2714
2716 2717 2718
2716 2718 2719
2716 2719 2720
2720 2719 2721
2720 2721 2722
2722 2721 2723
2722 2723 2724
2724 2723 2725
2724 2725 2726
2727 2726 2725
2727 2728 2726
2728 2727 2729
2728 2729 2730
2730 2729 2731
2730 2731 2732
2732 2731 2733
2732 2733 2734
2735 2736 2737
2738 2737 2736
2738 2739 2737
2739 2740 2737
2739 2741 2740
2738 2742 2739
2741 2743 2740
2741 2744 2743
2741 2745 2744
2744 2745 2746
2747 2743 2744
2747 2748 2743
2747 2749 2748
2744 2746 2750
2747 2744 2750
2751 2750 2746
2747 2752 2749
2753 2749 2752
2751 2754 2750
2755 2754 2751
2747 2750 2756
2752 2747 2756
2754 2756 2750
2753 2752 2757
2757 2758 2753
2757 2759 2758
2760 2759 2757
2752 2756 2761
2757 2752 2761
2760 2757 2762
2757 2761 2762
2763 2760 2762
2764 2761 2756
2754 2764 2756
2763 2762 2765
2765 2766 2763
2767 2762 2761
2764 2767 2761
2767 2765 2762
2768 2767 2764
2767 2768 2765
2769 2766 2765
2768 2769 2765
2769 2770 2766
2771 2770 2769
2768 2771 2769
2771 2772 2770
2768 2772 2771
2768 2773 2772
2774 2773 2768
2768 2764 2775
2774 2768 2775
2754 2775 2764
2775 2754 2776
2774 2775 2776
2776 2754 2755
2774 2776 2777
2777 2776 2755
2778 2774 2777
2778 2779 2774
2780 2779 2778
2780 2778 2781
2782 2781 2778
2777 2755 2783
2755 2784 2783
2782 2778 2785
2786 2782 2785
2787 2778 2777
2787 2777 2783
2778 2787 2785
2784 2788 2783
2788 2787 2783
2789 2786 2785
2790 2786 2789
2787 2791 2785
2788 2791 2787
2791 2789 2785
2790 2789 2792
2790 2792 2793
2793 2792 2794
2793 2794 2795
2796 2795 2794
2789 2791 2797
2789 2797 2792
2797 2791 2788
2794 2792 2797
2788 2784 2798
2784 2799 2798
2798 2799 2800
2797 2788 2801
2798 2801 2788
2798 2800 2802
2742 2802 2800
2742 2738 2802
2803 2798 2802
2798 2803 2801
2804 2797 2801
2794 2797 2804
2738 2805 2802
2803 2802 2805
2804 2801 2806
2803 2806 2801
2794 2804 2807
2807 2804 2806
2803 2808 2806
2808 2803 2805
2738 2809 2805
2738 2736 2809
2808 2810 2806
2807 2806 2810
2808 2805 2811
2809 2811 2805
2810 2808 2811
2812 2809 2736
2809 2812 2811
2812 2736 2813
2812 2814 2811
2810 2811 2814
2815 2812 2813
2812 2815 2814
2815 2813 2816
2817 2815 2816
2817 2816 2818
2815 2819 2814
2815 2817 2819
2820 2810 2814
2820 2814 2819
2810 2820 2821
2810 2821 2807
2822 2820 2819
2821 2820 2822
2817 2823 2819
2822 2819 2823
2824 2817 2818
2817 2824 2823
2824 2818 2825
2825 2818 2826
2827 2824 2825
2828 2827 2825
2824 2827 2829
2824 2829 2823
2828 2830 2827
2823 2829 2831
2823 2831 2822
2830 2828 2832
2830 2832 2833
2833 2832 2834
2835 2822 2831
2836 2833 2834
2836 2834 2837
2836 2838 2833
2839 2822 2835
2821 2822 2839
2836 2837 2840
2836 2840 2841
2840 2837 2842
2840 2842 2843
2841 2840 2843
2841 2843 2844
2841 2844 2845
2838 2836 2846
2836 2841 2846
2838 2846 2847
2846 2848 2847
2846 2849 2848
2849 2846 2841
2849 2850 2848
2841 2845 2851
2849 2841 2851
2851 2845 2852
2853 2851 2852
2854 2849 2851
2853 2854 2851
2849 2854 2850
2855 2854 2853
2854 2856 2850
2835 2850 2856
2835 2856 2839
2855 2857 2854
2856 2854 2857
2855 2858 2857
2857 2858 2859
2860 2857 2859
2861 2857 2860
2856 2857 2861
2861 2860 2862
2863 2856 2861
2862 2863 2861
2863 2839 2856
2862 2864 2863
2863 2864 2865
2839 2863 2866
2863 2865 2866
2839 2866 2821
2807 2821 2866
2867 2866 2865
2807 2866 2867
2867 2865 2796
2794 2807 2867
2796 2794 2867
2868 2869 2870
2868 2870 2871
2872 2868 2871
2872 2871 2873
2874 2872 2873
2874 2873 2875
2876 2874 2875
2876 2875 2877
2878 2876 2877
2878 2877 2879
2880 2878 2879
2880 2879 2881
2882 2880 2881
2882 2881 2883
2884 2882 2883
2884 2883 2885
2886 2884 2885
2886 2885 2887
2888 2886 2887
2888 2887 2889
2890 2888 2889
2890 2889 2891
2892 2890 2891
2892 2891 2893
2894 2892 2893
2894 2893 2895
2896 2894 2895
2896 2895 2897
2898 2896 2897
2898 2897 2899
2900 2898 2899
2900 2899 2901
2902 2900 2901
2902 2901 2903
2903 2904 2902
2903 2905 2904
2906 2907 2908
2906 2909 2907
2909 2910 2907
2909 2911 2910
2911 2912 2910
2911 2913 2912
2913 2914 2912
2913 2915 2914
2915 2916 2914
2915 2917 2916
2918 2919 2920
2918 2920 2921
2922 2923 2924
2922 2924 2925
2926 2922 2925
2926 2925 2927
2928 2929 2930
2928 2930 2931
2932 2933 2613
2932 2613 2934
2934 2935 2932
2934 2936 2935
2932 2935 2937
2932 2937 2938
2937 2939 2938
2937 2940 2939
2941 2940 2937
2935 2936 2942
2943 2941 2937
2935 2942 2944
2937 2935 2944
2944 2942 2945
2943 2937 2946
2937 2944 2946
2947 2943 2946
2944 2945 2948
2946 2944 2948
2948 2945 2949
2947 2946 2950
2946 2948 2950
2951 2947 2950
2948 2949 2952
2950 2948 2952
2952 2949 2953
2951 2950 2954
2950 2952 2954
2955 2951 2954
2952 2953 2956
2954 2952 2956
2956 2953 2957
2955 2954 2958
2954 2956 2958
2959 2955 2958
2956 2957 2960
2958 2956 2960
2960 2957 2961
2959 2958 2962
2958 2960 2962
2963 2959 2962
2960 2961 2964
2962 2960 2964
2964 2961 2965
2963 2962 2966
2962 2964 2966
2967 2963 2966
2964 2965 2968
2966 2964 2968
2968 2965 2969
2967 2966 2970
2966 2968 2970
2971 2967 2970
2968 2969 2972
2970 2968 2972
2972 2969 2973
2971 2970 2974
2970 2972 2974
2975 2971 2974
2972 2973 2976
2974 2972 2976
2976 2973 2977
2975 2974 2978
2974 2976 2978
2979 2975 2978
2976 2977 2980
2978 2976 2980
2979 2978 2981
2978 2980 2981
2979 2981 2982
2982 2981 2983
2984 2983 2981
2981 2980 2984
2977 2984 2980
2977 2985 2984
2986 2984 2985
2986 2985 2987
2988 2986 2987
2988 2987 2989
2990 2988 2989
2987 2991 2989
2992 2990 2989
2989 2991 2993
2992 2989 2993
2994 2995 2996
2994 2997 2995
2998 2997 2994
2998 2999 2997
2998 3000 2999
2998 3001 3000
3001 3002 3000
3001 3003 3002
3003 3004 3002
3003 3005 3004
3005 3006 3004
3005 3007 3006
3008 3009 3010
3008 3011 3009
3011 3012 3009
3011 3013 3012
3013 3014 3012
3013 3015 3014
3015 3016 3014
3015 3017 3016
3017 3018 3016
3017 3019 3018
3020 3021 3022
3020 3022 3023
3024 3020 3023
3024 3023 3025
3026 3024 3025
3026 3025 3027
3028 3026 3027
3028 3027 3029
3028 3029 3030
3028 3030 3031
3032 3031 3030
3032 3030 3033
3032 3033 3034
3035 3036 3037
3035 3038 3036
3035 3039 3038
3039 3040 3038
3039 3041 3040
3041 3042 3040
3041 3043 3042
3044 3042 3043
3044 3043 3045
3045 3046 3044
3045 3047 3046
3047 3048 3046
3047 3049 3048
3049 3050 3048
3049 3051 3050
3051 3052 3050
3051 3053 3052
3054 3055 3056
3054 3056 3057
3057 3056 3058
3054 3057 3059
3054 3059 3060
3058 3061 3057
3058 3062 3061
3061 3062 3063
3064 3059 3057
3064 3057 3061
3060 3059 3065
3065 3059 3064
3060 3065 3066
3060 3066 3067
3068 3067 3066
3068 3069 3067
3070 3069 3068
3070 3071 3069
3071 3070 3072
3071 3072 3073
3074 3072 3070
3061 3063 3075
3061 3076 3064
3061 3075 3076
3077 3075 3063
3077 3063 3078
3075 3079 3076
3075 3077 3079
3080 3077 3078
3080 3078 3081
3082 3079 3077
3082 3077 3080
3083 3079 3082
3083 3084 3079
3084 3076 3079
3082 3085 3083
3086 3085 3082
3080 3086 3082
3080 3087 3086
3087 3080 3081
3087 3081 3088
3085 3089 3083
3090 3088 3081
3083 3089 3091
3083 3091 3092
3083 3092 3093
3090 3094 3088
3093 3095 3083
3096 3083 3095
3096 3095 3097
3096 3097 3098
3099 3096 3098
3096 3084 3083
3099 3100 3096
3101 3094 3090
3101 3102 3094
3103 3101 3090
3102 3101 3104
3101 3103 3105
3101 3105 3104
3106 3104 3105
3096 3107 3084
3084 3107 3076
3064 3076 3107
3064 3107 3108
3065 3064 3108
3109 3108 3107
3096 3109 3107
3096 3110 3109
3109 3111 3108
3065 3108 3111
3111 3109 3110
3065 3111 3112
3112 3066 3065
3110 3096 3113
3096 3100 3113
3113 3100 3114
3110 3113 3114
3100 3115 3114
3110 3114 3116
3117 3110 3116
3111 3110 3118
3117 3118 3110
3118 3112 3111
3119 3118 3117
3119 3120 3118
3118 3120 3112
3121 3120 3119
3112 3122 3066
3122 3112 3120
3068 3066 3122
3121 3123 3120
3122 3120 3123
3124 3123 3121
3124 3122 3123
3124 3121 3125
3124 3125 3126
3068 3122 3127
3124 3127 3122
3070 3068 3127
3070 3127 3128
3124 3128 3127
3074 3070 3128
3124 3126 3129
3124 3129 3128
3129 3074 3128
3129 3130 3074
3131 3129 3126
3131 3130 3129
3131 3132 3133
3131 3134 3132
3135 3132 3134
3135 3134 3136
3132 3137 3133
3135 3136 3138
3132 3139 3137
3135 3139 3132
3137 3139 3140
3137 3140 3141
3142 3141 3140
3142 3143 3141
3140 3144 3142
3140 3139 3145
3135 3145 3139
3140 3146 3144
3140 3145 3146
3146 3147 3144
3135 3148 3145
3146 3145 3148
3146 3149 3147
3146 3148 3149
3150 3147 3149
3135 3138 3151
3135 3151 3148
3138 3152 3151
3148 3151 3152
3138 3153 3152
3154 3149 3148
3148 3152 3154
3153 3155 3152
3155 3154 3152
3153 3156 3155
3156 3157 3155
3156 3158 3157
3157 3158 3159
3150 3149 3160
3154 3160 3149
3155 3161 3154
3161 3155 3157
3160 3154 3161
3150 3160 3162
3163 3150 3162
3160 3161 3164
3160 3165 3162
3160 3164 3165
3163 3162 3166
3165 3166 3162
3167 3164 3161
3161 3157 3167
3163 3166 3168
3163 3168 3169
3166 3170 3168
3170 3166 3171
3165 3171 3166
3170 3171 3172
3171 3173 3172
3167 3174 3164
3165 3164 3174
3175 3167 3157
3175 3174 3167
3157 3176 3175
3175 3177 3174
3157 3159 3176
3165 3174 3178
3171 3165 3178
3177 3178 3174
3159 3179 3176
3176 3179 3175
3179 3159 3180
3181 3175 3179
3181 3182 3175
3175 3182 3183
3175 3183 3184
3175 3184 3185
3175 3185 3177
3186 3185 3184
3185 3186 3187
3185 3187 3188
3185 3188 3189
3190 3185 3189
3185 3191 3177
3177 3191 3178
3192 3185 3190
3185 3192 3191
3193 3192 3190
3194 3178 3191
3171 3178 3194
3171 3194 3173
3194 3191 3195
3195 3173 3194
3192 3195 3191
3195 3196 3173
3197 3192 3193
3192 3197 3195
3197 3196 3195
3197 3193 3198
3197 3199 3196
3198 3199 3197
3198 3200 3199
3201 3199 3200
3201 3200 3202
3203 3201 3202
3203 3202 3204
3205 3201 3203
3204 3206 3203
3203 3207 3205
3203 3206 3207
3106 3207 3206
3208 3209 3210
3208 3210 3211
3212 3213 3214
3212 3214 3215
3216 3217 3218
3216 3218 3219
3220 3221 3222
3220 3222 3223
3224 3225 3226
3224 3226 3227
3228 3229 3230
3228 3230 3231
3231 3232 3228
3233 3231 3230
3233 3230 3234
3234 3235 3233
3234 3236 3235
3231 3237 3232
3238 3232 3237
3238 3239 3232
3239 3240 3232
3239 3241 3240
3242 3243 3239
3242 3239 3244
3245 3244 3239
3245 3239 3246
3247 3244 3245
3247 3248 3244
3248 3247 3249
3248 3249 3250
3251 3249 3247
3251 3252 3249
3252 3251 3253
3252 3253 3254
3255 3256 3257
3255 3257 3258
3259 3258 3257
3259 3260 3258
3261 3260 3259
3261 3262 3260
3263 3262 3261
3263 3264 3262
3265 3264 3263
3265 3266 3264
3267 3266 3265
3267 3268 3266
3269 3268 3267
3269 3270 3268
3271 3270 3269
3271 3272 3270
3273 3272 3271
3273 3274 3272
3275 3274 3273
3275 3276 3274
3277 3276 3275
3277 3278 3276
3279 3278 3277
3279 3280 3278
3281 3280 3282
3281 3283 3280
3284 3283 3281
3284 3281 3285
3285 3286 3284
3285 3287 3286
3287 3288 3286
3287 3289 3288
3289 3290 3288
3289 3291 3290
3291 3292 3290
3291 3293 3292
3293 3294 3292
3293 3295 3294
3295 3296 3294
3295 3297 3296
3297 3298 3296
3297 3299 3298
3299 3300 3298
3299 3301 3300
3301 3302 3300
3301 3303 3302
3304 3302 3303
3304 3305 3302
3306 3307 3308
3306 3308 3309
3310 3311 3312
3310 3312 3313
3314 3315 3316
3314 3316 3317
3318 3319 3320
3318 3320 3321
3322 3323 3324
3322 3324 3325
3322 3325 3326
3322 3326 3327
3328 3327 3326
3328 3326 3329
3330 3331 3332
3330 3333 3331
3334 3333 3330
3334 3335 3333
3335 3334 3336
3335 3336 3337
3338 3339 3340
3338 3341 3339
3338 3340 3342
3338 3343 3341
3338 3342 3344
3338 3344 3343
3345 3346 3347
3345 3347 3348
3345 3349 3346
3345 3348 3350
3345 3351 3349
3345 3350 3351
3352 3353 3354
3355 3354 3353
3352 3354 3356
3354 3357 3356
3358 3352 3356
3357 3358 3356
3357 3359 3358
3360 3359 3357
3355 3361 3354
3354 3361 3357
3355 3362 3361
3363 3361 3362
3363 3364 3361
3364 3357 3361
3363 3365 3364
3360 3357 3366
3364 3366 3357
3366 3364 3365
3367 3360 3366
3366 3365 3367
3368 3369 3370
3371 3370 3369
3368 3372 3369
3369 3372 3373
3374 3372 3368
3373 3372 3374
3373 3374 3375
3376 3373 3375
3371 3369 3377
3369 3373 3377
3371 3377 3378
3379 3378 3377
3379 3377 3380
3380 3377 3373
3379 3380 3381
3376 3382 3373
3380 3373 3382
3382 3381 3380
3383 3382 3376
3382 3383 3381
3384 3385 3386
3384 3386 3387
3384 3388 3385
3384 3387 3389
3384 3390 3388
3384 3389 3390
3391 3392 3393
3391 3394 3392
3391 3393 3395
3391 3396 3394
3391 3395 3397
3391 3397 3396
3398 3399 3400
3401 3400 3399
3401 3399 3402
3401 3402 3403
3402 3404 3403
3402 3405 3404
3406 3404 3405
3402 3407 3405
3407 3406 3405
3402 3399 3407
3407 3408 3406
3409 3408 3407
3410 3407 3399
3409 3407 3410
3398 3411 3399
3410 3399 3411
3409 3410 3412
3412 3410 3411
3409 3412 3413
3414 3413 3412
3398 3414 3415
3398 3415 3411
3414 3412 3415
3412 3411 3415
3416 3417 3418
3419 3418 3417
3419 3420 3418
3419 3421 3420
3420 3421 3422
3420 3422 3423
3424 3423 3422
3420 3423 3425
3425 3423 3424
3420 3425 3418
3425 3424 3426
3427 3425 3426
3428 3418 3425
3427 3428 3425
3416 3418 3429
3428 3429 3418
3416 3429 3430
3430 3429 3428
3416 3430 3431
3427 3432 3428
3430 3428 3432
3431 3430 3432
3427 3433 3432
3431 3432 3433
3434 3435 3436
3434 3436 3437
3438 3435 3434
3437 3436 3439
3438 3440 3435
3437 3439 3441
3442 3440 3438
3441 3439 3443
3442 3444 3440
3441 3443 3445
3446 3444 3442
3445 3443 3447
3446 3448 3444
3445 3447 3449
3450 3448 3446
3449 3447 3451
3450 3452 3448
3449 3451 3453
3454 3452 3450
3453 3451 3455
3454 3456 3452
3453 3455 3457
3458 3456 3454
3457 3455 3459
3458 3460 3456
3457 3459 3461
3462 3460 3458
3461 3459 3463
3462 3463 3460
3461 3463 3462
3464 3465 3466
3464 3466 3467
3465 3468 3466
3469 3464 3467
3465 3470 3468
3469 3467 3471
3470 3472 3468
3473 3469 3471
3470 3474 3472
3473 3471 3475
3474 3476 3472
3477 3473 3475
3474 3478 3476
3477 3475 3479
3478 3480 3476
3481 3477 3479
3478 3482 3480
3481 3479 3483
3482 3484 3480
3485 3481 3483
3482 3486 3484
3485 3483 3487
3486 3488 3484
3489 3485 3487
3486 3490 3488
3489 3487 3491
3490 3492 3488
3493 3489 3491
3490 3493 3492
3493 3491 3492
3494 3495 3496
3494 3496 3497
3498 3495 3494
3497 3496 3499
3498 3500 3495
3497 3499 3501
3502 3500 3498
3501 3499 3503
3502 3504 3500
3501 3503 3505
3506 3504 3502
3507 3505 3503
3506 3508 3504
3507 3509 3505
3509 3508 3506
3509 3507 3508
