byte offset: 0
first index: 0
index count: 19140
topology: trianglelist
format: DXGI_FORMAT_R16_UINT

0 1 2
3 4 5
6 7 5
6 5 8
9 6 8
9 8 10
11 10 12
11 13 10
10 13 14
10 14 15
13 16 14
13 17 16
17 18 16
19 17 13
19 13 20
17 21 18
21 22 18
23 17 19
23 21 17
21 24 22
24 21 23
24 25 22
26 23 19
26 19 27
27 28 20
24 23 29
23 26 29
27 20 30
30 20 31
24 32 25
33 24 29
33 32 24
25 32 34
34 32 33
25 34 35
34 36 35
37 29 26
37 33 29
38 37 26
27 38 26
33 37 39
40 27 30
27 40 38
41 30 31
40 30 42
34 33 43
33 39 43
34 44 36
44 34 43
43 39 45
44 43 45
46 45 39
45 46 47
36 44 48
48 44 45
36 48 49
45 47 50
48 45 50
50 47 51
49 48 52
52 48 50
49 52 53
54 53 52
54 52 55
50 51 56
52 50 56
52 56 55
56 51 57
56 57 55
58 59 60
58 61 62
61 63 62
61 64 63
64 65 63
64 66 65
67 65 66
67 68 65
67 69 68
67 70 69
71 69 70
71 70 72
73 71 72
73 72 74
73 74 75
76 73 75
77 76 75
77 75 78
75 79 78
80 81 82
83 84 81
83 85 84
86 87 88
89 90 87
90 91 92
90 93 91
93 94 91
93 95 94
95 96 94
95 97 96
97 98 96
97 99 98
99 100 98
99 101 100
101 102 100
103 92 104
105 102 106
107 105 106
106 102 108
107 106 109
109 106 108
110 107 109
109 108 111
110 109 112
112 109 111
113 110 112
112 111 114
113 112 115
115 112 114
116 113 115
115 114 117
116 115 118
118 115 117
118 117 119
120 116 118
121 118 119
120 118 121
121 119 103
121 103 122
121 122 123
121 124 120
121 123 124
120 124 125
120 125 126
126 127 120
127 126 128
127 128 129
128 130 129
126 131 128
126 132 131
126 125 132
131 133 128
128 133 130
133 134 130
134 135 130
125 136 132
124 137 125
125 137 136
123 138 124
124 138 137
136 137 139
139 137 138
140 136 139
123 141 138
142 141 123
139 138 143
141 143 138
140 139 144
144 139 143
141 145 143
145 141 146
145 146 147
148 140 144
148 149 140
144 143 150
150 143 145
150 148 144
151 145 147
150 145 151
151 147 152
151 153 150
150 153 148
151 154 153
148 153 155
154 155 153
148 155 156
155 157 156
154 158 155
155 159 157
158 159 155
158 160 159
161 162 163
164 165 166
167 168 169
170 171 169
170 172 171
173 171 172
171 174 169
174 175 169
173 176 171
171 176 177
171 178 174
171 177 178
176 179 177
176 180 179
180 181 179
180 182 181
183 181 182
183 182 184
183 184 185
183 185 186
187 186 185
178 177 188
178 188 189
177 190 188
177 179 190
178 189 191
178 191 174
179 192 190
179 181 192
190 192 193
194 193 192
191 195 174
174 195 175
191 196 195
197 192 181
194 192 197
197 181 183
198 197 183
198 183 186
199 198 186
200 175 195
196 200 195
200 201 175
202 201 200
199 186 203
187 203 186
187 204 203
187 205 204
206 199 203
206 203 204
205 207 204
205 208 207
209 206 204
209 204 207
210 209 207
211 207 208
210 207 211
211 208 212
213 211 212
214 210 211
213 214 211
214 215 210
216 214 213
216 215 214
216 213 217
218 216 217
218 219 216
216 220 215
219 220 216
218 221 219
218 222 221
222 223 221
222 224 223
225 223 224
225 224 226
227 225 226
227 228 225
228 227 229
220 230 215
215 230 231
215 231 232
231 233 232
231 234 233
234 206 233
234 235 206
235 199 206
235 236 199
236 237 199
236 238 237
238 239 237
238 194 239
220 240 230
241 240 220
241 242 240
219 241 220
243 242 241
219 244 241
243 241 244
219 221 244
245 243 244
221 245 244
245 246 243
221 223 245
247 246 245
223 248 245
247 245 248
223 225 248
249 247 248
225 249 248
249 250 247
225 228 249
250 249 251
250 251 252
251 253 252
251 254 253
249 228 255
249 255 251
228 229 255
255 256 251
229 257 255
255 257 256
229 258 257
259 253 256
259 260 253
261 256 257
261 259 256
262 257 258
262 261 257
263 259 261
263 261 262
263 264 259
263 262 265
258 265 262
258 266 265
267 266 268
267 268 269
270 267 269
270 271 267
270 272 271
270 273 272
273 274 272
273 275 274
276 274 275
276 275 277
278 276 277
278 279 276
278 280 279
278 281 280
282 280 281
282 283 280
282 284 283
282 285 284
285 286 284
285 287 286
287 288 286
287 289 288
289 290 288
289 291 290
291 292 290
291 293 292
293 294 292
293 295 294
295 296 294
295 297 296
298 296 297
298 299 296
298 173 299
298 300 173
301 302 303
304 301 305
306 304 305
304 306 307
308 304 307
309 308 307
310 308 309
305 311 312
312 311 313
314 315 316
314 317 318
314 318 319
320 321 322
323 324 325
324 326 327
328 329 330
331 332 333
332 334 335
334 336 335
334 332 337
334 337 338
337 339 338
337 340 339
340 341 339
340 342 341
341 342 343
341 343 344
345 344 343
345 346 344
345 347 346
345 348 347
349 347 348
349 348 350
351 349 350
351 352 349
353 352 351
353 351 354
353 354 355
353 355 356
355 357 356
355 358 357
359 357 358
359 358 360
361 359 360
362 363 364
363 365 366
363 366 367
366 368 367
366 369 368
370 367 368
368 369 371
368 371 372
370 368 373
373 368 374
373 374 375
376 377 378
376 379 380
376 380 381
382 381 380
382 383 381
379 376 384
379 384 385
383 386 387
383 387 388
387 389 388
387 390 389
391 384 392
391 393 384
394 393 391
395 394 391
396 391 392
396 395 391
397 396 392
398 395 399
400 401 393
400 402 401
403 404 402
403 402 405
406 403 405
406 405 407
408 406 407
408 407 409
410 411 409
412 413 409
412 414 410
415 414 412
415 412 416
417 418 415
417 419 418
419 420 418
420 419 421
420 421 422
423 424 425
426 427 424
426 428 427
429 428 426
429 426 430
429 430 431
431 430 432
433 431 432
433 434 431
435 429 431
435 436 429
437 429 438
437 438 439
429 437 440
429 440 441
440 442 441
440 443 442
444 442 443
445 446 447
448 446 445
448 445 449
449 445 450
451 448 449
451 452 448
453 452 451
449 450 454
451 449 454
454 450 455
455 450 456
455 456 457
457 456 458
457 458 459
458 196 459
458 460 196
196 460 461
196 461 462
196 462 200
462 461 463
462 464 200
202 200 464
462 463 465
462 465 464
463 466 465
463 467 466
466 467 468
468 469 466
470 202 464
465 470 464
465 466 470
470 471 202
472 471 470
466 472 470
472 473 471
469 474 466
466 474 472
469 475 474
474 475 476
474 476 477
474 477 478
474 478 472
478 473 472
478 479 473
480 455 481
482 455 480
482 480 483
454 455 482
484 482 483
485 454 482
484 485 482
485 486 454
451 454 486
487 485 484
487 484 488
486 489 451
453 451 489
490 486 485
490 485 487
486 490 489
491 487 488
491 490 487
491 488 492
493 453 489
490 493 489
493 494 453
495 494 493
496 491 492
496 492 497
498 496 497
491 499 490
490 499 493
499 491 496
495 493 500
500 493 499
499 496 501
500 499 501
498 502 496
502 501 496
503 495 500
503 504 495
505 504 503
506 500 501
506 503 500
502 506 501
498 507 502
498 508 507
505 503 509
506 509 503
510 506 502
506 510 509
507 510 502
511 505 509
510 511 509
511 512 505
513 512 511
510 514 511
507 514 510
515 507 508
515 508 516
517 515 516
513 511 518
518 511 514
519 514 507
519 507 515
518 514 519
517 520 515
520 519 515
521 513 518
521 522 513
523 522 521
523 521 524
525 518 519
525 521 518
520 525 519
525 526 521
527 523 526
517 528 520
517 529 528
530 525 520
525 530 526
530 520 528
527 526 531
530 531 526
532 528 529
532 529 533
534 532 533
535 530 528
530 535 531
535 528 532
536 527 531
535 536 531
536 537 527
538 537 536
534 539 532
539 535 532
539 534 540
538 536 541
542 538 541
535 543 536
539 543 535
541 536 543
539 540 544
543 539 544
542 541 545
546 542 545
541 543 547
543 544 547
545 541 547
540 548 544
540 549 548
544 550 547
545 547 550
544 548 550
546 545 551
551 545 550
552 548 549
552 549 553
554 552 553
555 550 548
555 548 552
551 550 555
556 546 551
556 557 546
558 557 556
554 559 552
559 555 552
560 551 555
560 556 551
559 560 555
558 556 561
561 556 560
562 559 554
562 554 563
564 560 559
564 559 562
561 560 564
565 562 563
565 564 562
565 563 566
565 566 567
568 558 561
568 569 558
570 561 564
565 570 564
570 568 561
565 567 571
570 565 571
569 568 572
569 572 573
572 574 573
568 570 575
568 575 572
570 571 575
572 576 574
575 576 572
577 574 576
567 578 571
567 579 578
578 579 580
571 581 575
575 581 576
571 578 581
577 576 582
583 577 582
583 582 584
585 583 584
585 584 586
587 585 586
576 581 588
588 581 578
576 588 589
588 590 589
578 580 591
588 578 591
588 592 590
592 588 591
592 593 590
594 587 593
592 594 593
580 595 591
592 591 595
580 596 595
597 592 595
587 597 598
597 595 598
596 598 595
599 587 598
596 599 598
600 601 602
603 600 602
602 604 603
600 603 605
600 605 606
605 607 606
605 608 607
609 604 602
609 602 610
611 609 610
611 612 609
613 612 611
613 611 614
615 613 614
615 614 616
617 613 615
617 618 613
619 615 616
619 616 620
621 619 620
621 620 622
615 619 623
623 619 621
617 615 624
615 623 624
625 621 622
625 622 626
627 625 626
627 626 628
629 627 628
621 625 630
621 630 631
623 621 631
632 630 625
632 625 627
633 624 623
633 623 631
633 634 624
634 617 624
633 631 635
631 636 635
631 637 636
638 636 637
638 637 632
639 638 632
639 640 638
634 641 617
642 640 639
641 643 617
641 644 643
617 643 618
643 644 645
618 643 646
643 645 646
618 646 647
645 648 646
648 647 646
645 649 648
648 650 647
648 649 651
650 648 652
648 651 652
650 652 653
652 651 654
653 652 655
652 654 655
656 655 654
653 655 657
656 658 655
658 657 655
658 659 657
660 661 662
660 662 663
664 663 662
664 665 663
666 665 664
666 667 665
668 667 666
663 665 669
663 669 670
660 663 670
665 671 669
665 667 671
672 660 670
660 672 673
667 674 671
660 673 675
676 660 675
676 675 677
678 677 675
675 673 679
678 675 679
679 680 678
679 681 680
681 682 680
681 683 682
683 684 682
682 684 685
684 686 685
667 687 674
668 687 667
674 687 688
674 688 689
688 690 689
687 691 688
687 668 691
688 692 690
691 692 688
692 693 690
668 694 691
668 695 694
695 668 696
694 697 691
691 697 692
694 698 697
698 699 697
699 692 697
698 700 699
701 699 700
692 702 693
699 702 692
701 703 699
703 702 699
704 703 701
705 693 702
703 705 702
705 706 693
704 707 703
707 705 703
708 707 704
709 706 705
707 709 705
709 710 706
708 711 707
711 709 707
712 710 709
711 712 709
712 713 710
712 714 713
708 715 711
715 712 711
708 716 715
717 715 716
712 718 714
715 718 712
717 719 715
719 718 715
720 719 717
721 714 718
719 721 718
721 722 714
720 723 719
723 721 719
724 723 720
725 722 721
723 725 721
725 726 722
724 727 723
727 725 723
728 726 725
727 728 725
728 729 726
728 730 729
724 731 727
731 728 727
724 732 731
733 731 732
728 734 730
731 734 728
735 730 734
733 736 731
736 734 731
736 733 737
735 734 738
736 738 734
735 738 739
739 738 736
735 739 740
741 740 739
736 737 742
739 736 742
743 739 742
741 739 744
743 744 739
745 741 744
746 744 743
745 744 747
746 743 748
749 745 747
749 747 750
751 749 750
752 746 748
752 748 753
751 752 754
751 754 755
756 755 754
756 757 755
758 757 756
758 759 757
759 758 760
759 760 737
761 762 763
761 763 764
765 761 764
765 764 766
764 767 766
763 768 764
764 768 767
763 769 768
768 770 767
769 771 768
768 771 770
769 772 771
771 772 773
774 770 771
771 773 774
774 775 770
774 776 775
774 773 777
774 778 776
774 777 778
778 779 776
777 780 778
778 780 779
777 781 780
780 781 782
779 780 783
780 782 783
779 783 784
783 782 785
786 784 783
783 785 786
786 787 784
786 788 787
786 785 789
786 790 788
786 789 790
790 791 788
789 792 790
790 792 791
789 793 792
792 793 794
791 792 795
792 794 795
791 795 796
797 795 794
798 796 795
797 799 795
798 795 799
800 799 797
798 799 801
800 801 799
798 801 802
803 802 801
800 804 801
803 801 804
800 805 804
806 803 804
807 804 805
806 804 807
807 805 808
809 806 807
810 807 808
809 807 810
810 808 811
812 809 810
812 810 811
813 814 815
813 816 814
817 816 813
816 818 814
817 819 816
820 819 817
816 821 818
819 821 816
821 822 818
821 823 822
824 823 821
819 824 821
824 825 823
820 826 819
826 824 819
827 826 820
827 828 826
829 825 824
826 829 824
828 829 826
829 830 825
828 831 829
831 830 829
831 832 830
833 834 835
833 836 834
836 833 837
836 837 838
838 837 839
838 839 840
841 840 839
841 842 840
843 842 841
840 842 844
840 844 845
843 846 842
846 843 847
842 848 844
848 842 846
844 848 849
845 844 849
849 848 850
850 848 846
849 850 851
845 849 852
853 845 852
853 854 845
853 852 855
853 856 854
850 857 851
858 853 855
859 856 853
858 860 853
859 853 860
861 860 858
862 859 860
861 863 860
862 860 863
864 863 861
864 862 863
850 865 857
865 850 846
857 865 866
857 866 867
865 846 868
865 868 866
846 847 868
868 869 866
870 868 847
868 870 869
870 847 871
872 871 847
873 872 847
874 873 847
875 873 874
875 876 873
877 876 875
877 878 876
879 878 877
879 880 878
881 880 879
881 882 880
883 882 881
883 884 882
864 884 883
864 883 834
872 885 871
885 886 871
885 887 886
886 870 871
887 888 886
887 889 888
888 889 890
886 891 870
870 891 869
891 892 869
891 893 892
891 894 893
895 891 886
891 895 894
895 886 888
888 890 896
896 890 897
896 897 898
888 896 899
899 896 900
899 900 901
895 888 902
900 903 901
894 895 904
895 902 904
894 904 905
906 905 904
897 907 900
900 907 903
897 908 907
907 908 909
910 904 902
906 904 910
910 902 911
912 906 910
903 907 913
907 909 913
903 913 914
913 915 914
916 910 911
912 910 916
916 911 917
916 917 918
912 916 919
916 918 919
912 919 920
919 921 920
918 922 919
919 922 921
918 915 922
921 922 923
923 922 915
923 924 921
924 923 925
925 926 924
923 915 927
925 923 927
925 928 926
928 929 926
925 927 930
928 925 930
928 931 929
931 932 929
928 930 933
933 931 928
934 930 927
934 933 930
915 935 927
934 927 935
915 936 935
913 936 915
909 936 913
936 937 935
937 934 935
909 938 936
936 938 937
931 939 932
932 939 940
940 939 941
932 940 942
940 943 942
944 939 931
944 941 939
933 944 931
933 945 944
945 941 944
934 946 933
933 946 945
937 947 934
947 946 934
946 948 945
948 941 945
938 949 937
949 947 937
938 950 949
951 950 938
951 938 952
949 953 947
947 954 946
953 954 947
946 954 948
953 955 954
954 955 956
954 956 948
948 956 957
948 957 958
948 958 941
959 951 909
959 960 951
961 960 959
961 959 962
963 961 962
963 964 961
964 963 965
964 965 966
965 967 966
965 968 967
967 968 969
967 969 970
969 971 970
969 972 971
971 972 973
971 973 974
974 973 975
974 975 976
977 976 975
977 978 976
979 978 977
979 980 978
981 982 979
981 979 983
981 983 984
981 984 985
984 986 985
987 988 989
990 987 989
990 989 991
992 990 991
992 991 993
994 992 993
994 995 992
996 995 994
996 997 995
997 996 998
997 998 999
998 1000 999
998 1001 1000
1002 1000 1001
1002 1001 1003
1004 1002 1003
1004 1005 1002
1006 1005 1004
1006 1004 1007
1008 1006 1007
1008 1009 1006
1010 1009 1008
1010 1008 1011
1010 1011 1012
1010 1012 1013
1013 1012 1014
1010 1013 1015
1010 1015 1016
1017 1010 1016
1017 1016 1018
1019 1017 1018
1019 1018 1020
1021 1019 1020
1021 1020 1022
1023 1021 1022
1024 1023 1022
1024 1025 1023
1026 1025 1024
1024 1027 1026
1024 1028 1027
1029 1027 1028
1029 1030 1027
1031 1030 1029
1031 1032 1030
1033 1032 1031
1033 1034 1032
1034 1033 1035
869 1036 1037
869 1038 1036
1039 1040 1038
1039 1041 1040
1041 1042 1040
1041 1043 1042
1043 1044 1042
1043 1045 1044
1044 1045 1046
1044 1046 1047
1047 1046 1048
1047 1048 1049
1048 1050 1049
1048 1051 1050
1050 1051 1052
1050 1052 1053
1052 1054 1053
1052 1055 1054
1056 1054 1055
1056 1057 1054
1056 1058 1057
1056 1059 1058
1058 1059 1060
1058 1060 1061
1060 1062 1061
1060 1063 1062
1064 1065 1066
1064 1067 1068
1067 1069 1068
1067 1070 1069
1065 1069 1071
1065 1071 1072
1064 1072 1073
1074 1071 1069
1075 1073 1072
1071 1075 1072
1075 1076 1073
1077 1076 1075
1077 1078 1076
1079 1078 1077
1075 1071 1080
1074 1080 1071
1075 1080 1077
1074 940 1080
940 1074 943
943 1081 1070
943 1074 1081
940 1082 1080
1077 1080 1082
940 941 1082
1082 941 1083
1077 1082 1083
1084 1083 941
1084 957 1079
1085 1077 1083
1084 1085 1083
1084 1079 1085
1079 1077 1085
1086 1087 1088
1086 1088 1089
1090 1089 1088
1090 1091 1089
1092 1086 1089
1091 1092 1089
1092 1093 1086
1091 1094 1092
1095 1093 1092
1096 1092 1094
1095 1092 1096
1096 1094 1097
1095 1096 1098
1098 1096 1097
1098 1097 1099
1100 1095 1098
1101 1098 1099
1102 1100 1098
1101 1102 1098
1103 1100 1102
1104 1102 1101
1103 1102 1104
1104 1101 1105
1106 1104 1105
1107 1103 1104
1106 1107 1104
1107 1108 1103
1014 1108 1107
1109 1107 1106
1014 1107 1109
1109 1106 1110
1013 1014 1109
1015 1109 1110
1015 1013 1109
1111 1112 1113
1111 1114 1112
1115 1114 1111
1114 1116 1112
1115 1117 1114
1114 1118 1116
1117 1118 1114
1118 1119 1116
1117 1120 1118
1118 1121 1119
1120 1121 1118
1120 1122 1121
1123 1124 1125
1123 1126 1124
1124 1126 1127
1124 1127 1128
1128 1127 1129
1128 1129 1130
1130 1129 1131
1130 1131 1132
1132 1131 1133
1134 1130 1132
1134 1135 1130
1135 1128 1136
1135 1137 1128
1138 1134 1132
1138 1132 1139
1132 1133 1139
1139 1133 1140
1139 1140 1141
1141 1142 1139
1141 1143 1142
1141 1140 1144
1141 1144 1145
1145 1144 1146
1141 1145 1147
1141 1147 1148
1145 1146 1149
1150 1145 1149
1145 1150 1151
1149 1146 1152
1146 1153 1152
1152 1153 1154
1152 1154 1155
1155 1154 1156
1155 1156 1157
1158 1152 1155
1149 1152 1159
1158 1159 1152
1160 1159 1158
1160 1161 1159
1161 1149 1159
1161 1162 1149
1162 1163 1149
1164 1156 1165
1164 1165 1166
1167 1166 1165
1167 1168 1166
1169 1168 1167
1168 1170 1166
1170 1157 1166
1169 1171 1168
1171 1169 1172
1171 1173 1168
1168 1174 1170
1171 1175 1173
1171 1172 1176
1177 1176 1172
1178 1171 1176
1178 1175 1171
1177 1179 1176
1179 1180 1176
1179 1181 1180
1179 1177 1182
1183 1181 1179
1179 1182 1184
1183 1179 1184
1184 1182 1185
1186 1183 1184
1187 1175 1178
1188 1187 1178
1188 1189 1187
1187 1190 1175
1190 1174 1175
1190 1191 1174
1191 1170 1174
1191 1192 1170
1192 1193 1170
1170 1193 1157
1193 1194 1157
1192 1195 1193
1193 1158 1194
1195 1158 1193
1195 1196 1158
1197 1198 1188
1197 1188 1199
1200 1197 1199
1200 1199 1201
1202 1200 1201
1202 1203 1200
1204 1203 1202
1204 1202 1205
1206 1204 1205
1206 1205 1207
1208 1206 1207
1208 1209 1206
1210 1209 1208
1210 1208 1211
1212 1210 1211
1213 1214 1211
1213 1211 1215
1216 1215 1211
1217 1213 1215
1216 1217 1215
1217 1218 1213
1217 1216 1219
1218 1217 1220
1217 1219 1220
1218 1220 1221
1219 1222 1220
1222 1221 1220
1219 1223 1222
1222 1224 1221
1222 1223 1225
1224 1222 1226
1222 1225 1226
1224 1226 1227
1226 1225 1186
1185 1227 1226
1226 1186 1228
1185 1226 1228
1186 1184 1228
1184 1185 1228
1229 1230 1231
1229 1231 1232
1232 1233 1229
1232 1234 1233
1233 1234 1235
1233 1235 1137
1236 1237 1238
1236 1238 1239
1240 1236 1239
1240 1239 1241
1241 1239 1242
1241 1242 1243
1243 1242 1244
1243 1244 1245
1245 1244 1246
1245 1246 1247
1247 1246 1248
1247 1248 1249
1249 1248 1250
1249 1250 1251
1251 1250 1252
1251 1252 1253
1253 1252 1254
1253 1254 1255
1255 1254 1256
1257 1241 1243
1258 1243 1245
1257 1243 1258
1259 1245 1247
1258 1245 1259
1260 1247 1249
1259 1247 1260
1261 1249 1251
1260 1249 1261
1262 1251 1253
1261 1251 1262
1263 1253 1255
1262 1253 1263
1264 1241 1257
1264 1240 1241
1265 1240 1264
1266 1259 1260
1267 1260 1261
1266 1260 1267
1268 1261 1262
1267 1261 1268
1268 1262 1269
1269 1262 1263
1269 1263 1270
1270 1263 1271
1263 1255 1271
1270 1271 1272
1271 1273 1272
1274 1271 1255
1271 1274 1273
1275 1259 1266
1275 1258 1259
1266 1267 1276
1276 1267 1277
1276 1277 1278
1266 1276 1279
1266 1279 1280
1266 1280 1275
1281 1275 1280
1282 1258 1275
1281 1282 1275
1282 1257 1258
1283 1282 1281
1284 1257 1282
1283 1284 1282
1284 1264 1257
1285 1284 1283
1286 1264 1284
1285 1286 1284
1286 1265 1264
1287 1286 1285
1288 1265 1286
1287 1288 1286
1288 1289 1265
1290 1288 1287
1289 1288 1290
1290 1287 1291
1289 1290 1292
1293 1290 1291
1293 1292 1290
1293 1294 1295
1293 1296 1294
1294 1297 1295
1296 1298 1294
1294 1298 1297
1296 1299 1298
1297 1298 1300
1300 1298 1299
1300 1299 1301
1300 1301 1302
1297 1300 1303
1300 1302 1236
1303 1300 1236
1303 1236 1240
1304 1305 1306
1304 1306 1307
1308 1307 1306
1308 1309 1307
1308 1310 1309
1308 1311 1310
1311 1312 1310
1311 1313 1312
1312 1313 1314
1312 1314 1315
1314 1316 1315
1314 1317 1316
1316 1317 1318
1316 1318 1319
1320 1319 1318
1321 1320 1318
1322 1323 1320
1322 1324 1323
1324 1325 1326
1326 1327 1324
1326 1328 1327
1326 1329 1328
1330 1331 1332
1330 1332 1333
1334 1330 1333
1334 1335 1330
1335 1334 1336
1335 1336 1337
1337 1336 1338
1337 1338 1273
1338 1339 1273
1338 1340 1339
1341 1339 1340
1341 1270 1339
1337 1273 1274
1342 1335 1337
1337 1274 1342
1342 1343 1335
1344 1335 1343
1345 1342 1274
1274 1255 1345
1255 1256 1345
1345 1346 1342
1256 1346 1345
1346 1343 1342
1256 1347 1346
1348 1346 1347
1348 1349 1346
1346 1349 1343
1349 1348 1350
1344 1343 1351
1352 1344 1351
1352 1351 1353
1343 1349 1354
1343 1354 1351
1349 1350 1354
1354 1353 1351
1350 1355 1354
1354 1355 1353
1350 1356 1355
1355 1356 1357
1358 1353 1355
1355 1357 1359
1358 1355 1359
1357 1360 1359
1357 1361 1360
1362 1353 1358
1362 1363 1353
1364 1358 1359
1364 1359 1360
1361 1365 1360
1361 1366 1365
1367 1363 1362
1367 1332 1363
1368 1367 1362
1369 1362 1358
1368 1362 1369
1369 1358 1364
1370 1368 1369
1370 1369 1371
1371 1369 1364
1372 1370 1371
1373 1364 1360
1373 1360 1365
1371 1364 1373
1366 1374 1365
1374 1373 1365
1366 1375 1374
1376 1374 1375
1372 1371 1377
1378 1372 1377
1379 1371 1373
1374 1379 1373
1379 1377 1371
1376 1380 1374
1380 1379 1374
1378 1377 1381
1381 1382 1378
1383 1377 1379
1380 1383 1379
1383 1381 1377
1376 1384 1380
1384 1383 1380
1376 1385 1384
1384 1385 1386
1381 1387 1382
1388 1382 1387
1389 1388 1387
1390 1381 1383
1390 1387 1381
1384 1390 1383
1390 1389 1387
1384 1386 1391
1390 1384 1391
1386 1392 1391
1390 1393 1389
1390 1391 1393
1393 1394 1389
1391 1394 1393
1394 1391 1392
1392 1395 1394
1392 1396 1395
1397 1395 1396
1397 1396 1398
1398 1399 1397
1400 1399 1398
1400 1398 1401
1402 1403 1404
1402 1404 1405
1404 38 1405
1406 1402 1405
1406 1407 1402
38 1408 1405
1408 1406 1405
1406 1409 1407
1409 1410 1407
1408 38 1411
1411 38 40
1406 1412 1409
1408 1412 1406
1409 1413 1410
1414 1410 1413
1412 1415 1409
1413 1409 1415
1416 1412 1408
1412 1416 1415
1417 1408 1411
1416 1408 1417
1411 40 1418
40 42 1418
42 1419 1418
1417 1411 1420
1420 1411 1418
1414 1413 1421
1413 1415 1422
1421 1413 1422
1423 1414 1421
1423 1424 1414
1421 1422 1425
1423 1421 1425
1415 1426 1422
1425 1422 1426
1415 1427 1426
1416 1427 1415
1428 1416 1417
1416 1428 1427
1428 1429 1427
1428 1430 1429
1428 1431 1430
1428 1417 1431
1431 1417 1420
1431 1420 1432
1432 1420 1433
1432 1433 1434
1420 1418 1433
1435 1434 1433
1418 1435 1433
1435 1436 1434
1418 1419 1435
1419 1437 1435
1437 1438 1435
1437 1439 1438
1437 1440 1439
1437 1441 1440
1442 1441 1437
1419 1442 1437
1442 1443 1441
1444 1442 1419
1444 1443 1442
1444 1419 41
1444 1445 1443
41 31 1444
31 1445 1444
31 1446 1445
31 1447 1446
31 10 1447
10 1448 1447
1448 1449 1447
1448 1450 1449
1450 1451 1449
1427 1452 1453
1427 1453 1426
1454 1426 1453
1454 1453 1455
1425 1426 1454
1455 1456 1454
1455 1457 1456
1456 1457 1458
1454 1459 1425
1454 1456 1459
1423 1425 1459
1456 1458 1460
1459 1456 1460
1423 1459 1461
1459 1460 1461
1462 1460 1458
1462 1458 1463
1464 1462 1463
1465 1460 1462
1465 1461 1460
1464 1466 1462
1466 1465 1462
1467 1466 1464
1423 1461 1468
1424 1423 1468
1469 1461 1465
1469 1468 1461
1467 1470 1466
1471 1470 1467
1466 1472 1465
1472 1469 1465
1470 1472 1466
1424 1468 1473
1424 1473 1474
1475 1473 1468
1474 1473 1475
1475 1468 1469
1474 1475 1476
1472 1477 1469
1477 1475 1469
1478 1476 1475
1477 1478 1475
1478 1479 1476
1470 1480 1472
1480 1477 1472
1481 1478 1477
1480 1481 1477
1482 1479 1478
1481 1482 1478
1483 1480 1470
1471 1483 1470
1484 1481 1480
1483 1484 1480
1471 1485 1483
1485 1484 1483
1471 1486 1485
1487 1485 1486
1484 1488 1481
1488 1482 1481
1482 1489 1479
1489 1490 1479
1489 1491 1490
1487 1492 1485
1493 1492 1487
1485 1494 1484
1494 1488 1484
1492 1494 1485
1488 1495 1482
1495 1489 1482
1496 1491 1489
1495 1496 1489
1496 1497 1491
1488 1498 1495
1488 1494 1498
1498 1496 1495
1499 1497 1496
1498 1499 1496
1499 1500 1497
1493 1501 1492
1502 1501 1493
1492 1503 1494
1503 1498 1494
1501 1503 1492
1504 1499 1498
1503 1504 1498
1505 1500 1499
1504 1505 1499
1505 1506 1500
1501 1507 1503
1507 1504 1503
1502 1508 1501
1508 1507 1501
1509 1505 1504
1507 1509 1504
1510 1506 1505
1509 1510 1505
1510 1511 1506
1502 1512 1508
1502 1513 1512
1514 1512 1513
1508 1515 1507
1515 1509 1507
1512 1515 1508
1516 1510 1509
1515 1516 1509
1517 1511 1510
1516 1517 1510
1517 1518 1511
1519 1518 1517
1520 1517 1516
1515 1520 1516
1520 1521 1517
1512 1522 1515
1515 1522 1520
1514 1523 1512
1523 1522 1512
1524 1521 1520
1524 1525 1521
1526 1525 1524
1526 1524 1527
1528 1520 1522
1528 1524 1520
1523 1528 1522
1527 1524 1528
1529 1523 1514
1529 1514 1530
1531 1529 1530
1532 1528 1523
1532 1523 1529
1527 1528 1532
1531 1533 1529
1533 1532 1529
1534 1527 1532
1533 1534 1532
1535 1533 1531
1535 1531 1536
1534 1537 1527
1537 1538 1527
1537 1539 1538
1540 1539 1537
1540 1537 1541
1542 1534 1533
1537 1534 1542
1542 1533 1535
1537 1542 1541
1543 1535 1536
1543 1536 1544
1545 1543 1544
1546 1535 1543
1546 1542 1535
1545 1546 1543
1542 1546 1547
1545 1547 1546
1542 1547 1541
1545 1548 1547
1548 1541 1547
1548 1549 1541
1550 1551 1552
1550 1552 1553
1554 1555 1556
1554 1556 1557
1557 1556 1558
1557 1558 1559
1557 1559 1560
1554 1557 1561
1557 1560 1561
1554 1561 1562
1563 1561 1560
1564 1562 1561
1563 1564 1561
1564 1565 1562
1564 1566 1565
1563 1567 1564
1564 1567 1566
1563 1568 1567
1569 1567 1568
1570 1566 1567
1569 1570 1567
1570 1571 1566
1570 1572 1571
1569 1573 1570
1570 1573 1572
1569 1574 1573
1573 1574 1575
1572 1573 1576
1573 1575 1576
1572 1576 1577
1578 1577 1576
1579 1576 1575
1578 1576 1579
1579 1575 1580
1581 1579 1580
1582 1578 1579
1581 1583 1579
1582 1584 1578
1585 1583 1581
1585 1586 1583
1587 1584 1582
1587 1588 1584
1585 1589 1586
1585 1590 1589
1591 1589 1590
1591 1592 1589
1593 1592 1591
1587 1594 1588
1587 1595 1594
1596 1594 1595
1596 1597 1594
1593 1598 1592
1598 1597 1596
1598 1599 1597
1600 1598 1593
1601 1599 1598
1600 1601 1598
1601 1602 1599
1601 1603 1602
1600 1604 1601
1601 1604 1603
1600 1605 1604
1606 1604 1605
1607 1603 1604
1606 1607 1604
1607 1608 1603
1609 1607 1606
1610 1608 1607
1609 1610 1607
1610 1611 1608
1612 1611 1610
1613 1610 1609
1612 1610 1613
1613 1609 1614
1615 1612 1613
1615 1613 1614
1616 1617 1618
1616 1619 1617
1619 1620 1617
1621 1619 1616
1619 1622 1620
1621 1623 1619
1623 1622 1619
1624 1623 1621
1624 1625 1623
1626 1625 1624
1623 1627 1622
1625 1627 1623
1626 1628 1625
1629 1628 1626
1625 1630 1627
1628 1630 1625
1629 1631 1628
1632 1631 1629
1628 1633 1630
1631 1633 1628
1632 1634 1631
1635 1634 1632
1631 1636 1633
1634 1636 1631
1627 1637 1622
1622 1637 1638
1622 1638 1639
1627 1640 1637
1630 1640 1627
1630 1641 1640
1633 1641 1630
1633 1642 1641
1636 1642 1633
1636 1643 1642
1644 1643 1636
1634 1644 1636
1644 1645 1643
1646 1644 1634
1635 1646 1634
1645 1644 1647
1646 1647 1644
1645 1647 1648
1649 1648 1647
1650 1646 1635
1647 1646 1650
1647 1650 1649
1650 1635 1651
1652 1650 1651
1653 1649 1650
1652 1653 1650
1653 1654 1649
1655 1653 1652
1656 1654 1653
1655 1656 1653
1656 1657 1654
1656 1655 1658
1659 1657 1656
1656 1658 1660
1659 1656 1660
1661 1660 1658
1662 1659 1660
1661 1662 1660
1662 1663 1659
1662 1661 1664
1665 1663 1662
1662 1664 1666
1665 1662 1666
1667 1666 1664
1668 1665 1666
1667 1668 1666
1668 1669 1665
1668 1667 1670
1671 1669 1668
1668 1670 1672
1671 1668 1672
1672 1670 1673
1674 1671 1672
1672 1673 1675
1674 1672 1675
1675 1673 1676
1674 1675 1677
1675 1676 1677
1674 1677 1678
1676 1679 1677
1679 1678 1677
1676 1680 1679
1679 1681 1678
1682 1679 1680
1682 1681 1679
1683 1684 1685
1684 1686 1685
1686 1687 1685
1686 1688 1687
1689 1688 1686
1689 1690 1688
1684 1691 1686
1690 1691 1692
1690 1692 1693
1693 1692 1694
1693 1694 1695
1684 1696 1691
1696 1684 1697
1684 1698 1697
1696 1697 1699
1698 1700 1697
1699 1697 1700
1699 1700 1701
1700 1702 1701
1700 1703 1702
1700 1704 1703
1700 1705 1704
1706 1703 1704
1706 1707 1703
1707 1702 1703
1708 1707 1706
1708 1709 1707
1707 1710 1702
1710 1707 1711
1712 1701 1702
1710 1712 1702
1712 1713 1701
1714 1701 1713
1714 1715 1701
1710 1716 1712
1717 1716 1710
1710 1711 1718
1717 1710 1718
1719 1718 1711
1720 1717 1718
1719 1720 1718
1721 1719 1711
1721 1711 1722
1723 1719 1721
1720 1724 1717
1723 1725 1719
1720 1719 1725
1726 1724 1720
1727 1725 1723
1727 1723 1728
1727 1728 1729
1720 1725 1730
1726 1720 1730
1730 1725 1727
1727 1729 1731
1732 1731 1729
1730 1727 1733
1726 1730 1733
1733 1727 1731
1732 1734 1731
1735 1734 1732
1735 1736 1734
1726 1733 1737
1733 1731 1738
1734 1738 1731
1737 1733 1738
1734 1739 1738
1739 1734 1736
1737 1738 1740
1739 1740 1738
1741 1737 1740
1741 1740 1742
1739 1743 1740
1743 1744 1740
1743 1745 1744
1746 1743 1739
1746 1747 1743
1746 1748 1747
1739 1736 1749
1746 1739 1749
1750 1749 1736
1751 1746 1749
1750 1751 1749
1750 1752 1751
1751 1753 1746
1752 1753 1751
1753 1754 1746
1753 1755 1754
1756 1755 1753
1752 1756 1753
1756 1757 1755
1757 1756 1758
1758 1756 1752
1757 1758 1759
1760 1759 1758
1760 1758 1761
1758 1752 1761
1760 1761 1762
1752 1762 1761
1752 1763 1762
1750 1763 1752
1763 1750 1764
1763 1764 1765
1764 1750 1736
1764 1736 1766
1767 1768 1769
1768 1770 1769
1768 1771 1770
1772 1773 1774
1772 1774 1775
1776 1775 1774
1776 1777 1775
1778 1777 1776
1778 1779 1777
1780 1779 1716
1780 1781 1779
1782 1781 1717
1782 1783 1781
1784 1785 1783
1784 1783 1724
1786 1714 1772
1786 1787 1714
1787 1699 1714
1787 1788 1699
1789 1786 1790
1789 1791 1786
1691 1788 1791
1691 1791 1789
1792 1793 1794
1792 1726 1793
1795 1796 1797
1796 1798 1797
1797 1798 1799
1797 1799 1800
1798 1801 1799
1798 1802 1801
1796 1803 1798
1803 1802 1798
1801 1802 1804
1801 1804 1805
1805 1804 1806
1805 1806 1807
1808 1807 1806
1809 1806 1804
1810 1804 1802
1809 1811 1806
1808 1806 1812
1812 1806 1811
1803 1813 1802
1810 1802 1813
1808 1812 1814
1808 1814 1815
1814 1816 1815
1814 1817 1816
1817 1818 1816
1812 1819 1814
1819 1817 1814
1812 1811 1820
1812 1820 1819
1810 1821 1811
1820 1811 1821
1813 1822 1810
1810 1822 1821
1823 1813 1803
1813 1823 1822
1823 1803 1824
1824 1803 1796
1824 1796 1825
58 1825 1796
1820 1821 1826
1819 1820 1826
1819 1826 1827
1828 1819 1827
1828 1827 1829
1819 1828 1817
1830 1828 1829
1830 1829 1831
1828 1832 1817
1828 1833 1832
1817 1832 1818
1832 1833 1834
1818 1832 1835
1832 1834 1835
1818 1835 1836
1837 1835 1834
1838 1836 1835
1837 1838 1835
1838 1839 1836
1840 1839 1838
1841 1838 1837
1840 1838 1841
1841 1837 1842
1843 1841 1842
1844 1840 1841
1843 1844 1841
1844 1845 1840
1846 1844 1843
1847 1845 1844
1846 1847 1844
1847 1848 1845
1847 1849 1848
1846 1850 1847
1847 1850 1849
1846 1851 1850
1852 1849 1850
1850 1851 1853
1852 1850 1853
1853 1854 1852
1853 1855 1854
1856 1857 1858
1856 1859 1857
1860 1859 1856
1860 1861 1859
1862 1861 1860
1862 1863 1861
1821 1863 1862
1821 1864 1863
1822 1864 1865
1822 1866 1864
1867 1866 1868
1867 1869 1866
1870 1869 1867
1870 1867 1871
1872 1870 1871
1872 1871 1873
58 1872 1873
1874 1875 1876
1874 1877 1875
1878 1875 1877
1879 1877 1874
1879 1880 1877
1878 1877 1881
1881 1877 1880
1882 1878 1881
1882 1881 1883
1881 1880 1883
1884 1882 1883
1880 1884 1883
1880 1885 1884
1886 1885 1880
1886 1880 1887
1888 1886 1887
1888 1887 1889
1889 1890 1888
1889 1891 1890
1892 1887 1874
1893 1890 1891
1892 1874 1894
1894 1891 1892
1894 1874 1895
1894 1895 1896
1894 1896 1897
1894 1897 1898
1894 1898 1891
1898 1897 1899
1893 1891 1900
1900 1891 1898
1901 1893 1900
1898 1899 1902
1900 1898 1902
1901 1900 1903
1903 1900 1902
1904 1901 1903
1905 1902 1899
1903 1902 1905
1905 1899 1906
1907 1905 1906
1904 1903 1908
1908 1903 1905
1909 1904 1908
1907 1910 1905
1908 1905 1910
1909 1908 1911
1911 1908 1910
1912 1910 1907
1911 1910 1912
1912 1907 1913
1914 1912 1913
1914 1915 1912
1915 1911 1912
1916 1915 1914
1917 1909 1911
1917 1918 1909
1919 1918 1917
1919 1917 1920
1915 1921 1911
1922 1919 1920
1922 1920 1923
1922 1923 1924
1922 1924 1925
1924 1926 1925
1924 1927 1926
1928 1926 1927
1928 1927 1929
1930 1928 1929
1930 1931 1928
1915 1932 1921
1930 1933 1931
1915 1934 1932
1916 1934 1915
1934 1935 1932
1934 1916 1936
1934 1937 1935
1934 1936 1937
1938 1935 1937
1937 1936 1939
1938 1937 1940
1937 1939 1940
1941 1938 1940
1939 1942 1940
1941 1940 1942
1939 1943 1942
1942 1944 1941
1943 1945 1942
1942 1945 1944
1943 1946 1945
1945 1930 1944
1946 1947 1945
1945 1947 1930
1946 1948 1947
1949 1930 1947
1930 1949 1933
1949 1950 1933
1949 1951 1950
1948 1952 1947
1947 1952 1949
1952 1951 1949
1948 1953 1952
1954 1951 1952
1953 1955 1952
1954 1952 1955
1953 1956 1955
1957 1954 1955
1958 1955 1956
1958 1957 1955
1959 1960 1961
1959 1961 1962
1962 1961 1963
1964 1959 1962
1962 1963 1965
1964 1962 1966
1966 1962 1965
1966 1965 1967
1968 1964 1966
1969 1966 1967
1968 1966 1969
1969 1967 1970
1971 1968 1969
1971 1969 1970
1971 1972 1968
1971 1970 1973
1972 1971 1974
1974 1971 1973
1972 1974 1975
1974 1973 1976
1974 1977 1975
1978 1974 1976
1974 1979 1977
1978 1976 1980
1981 1978 1980
1981 1980 1982
1977 1979 1983
1977 1983 1984
1985 1981 1982
1985 1982 1986
1987 1985 1986
1983 1988 1984
1983 1989 1988
1987 1990 1985
1988 1989 1990
1991 1990 1987
1988 1990 1992
1992 1990 1991
1993 1994 1995
1993 1995 1996
1997 1993 1996
1997 1996 1998
1999 1997 1998
1999 1998 2000
2001 1999 2000
2001 2002 1999
2002 2003 1999
2002 2004 2003
2005 2004 2002
2006 2002 2001
2005 2002 2006
2006 2001 2007
2008 2005 2006
2008 2006 2007
2008 2007 2009
2008 2010 2005
2011 2008 2009
2012 2010 2008
2011 2012 2008
2012 2013 2010
2014 2012 2011
2014 2013 2012
2014 2011 2015
2014 2016 2013
2017 2014 2015
2018 2016 2014
2017 2018 2014
2018 2019 2016
2020 2018 2017
2020 2019 2018
2020 2017 2021
2020 2022 2019
2023 2020 2021
2024 2022 2020
2023 2024 2020
2024 2025 2022
2026 2024 2023
2027 2025 2024
2026 2028 2024
2027 2024 2028
2026 2029 2028
2027 2028 2029
2026 2030 2029
2027 2029 2031
2032 2029 2030
2032 2031 2029
2033 2034 2035
2033 2036 2034
2033 2037 2036
2038 2037 2033
2036 2037 2039
2040 2034 2036
2040 2041 2034
2041 2042 2034
2042 2043 2034
2044 2033 2043
2042 2044 2043
2044 2045 2033
2042 2046 2044
2040 2036 2047
2036 2048 2047
2049 2047 2048
2049 2040 2047
2040 2049 2050
2051 2040 2050
2052 2040 2051
2053 2052 2051
2054 2050 2049
2054 2051 2050
2055 2054 2049
2055 2049 2056
2053 2051 2057
2057 2058 2053
2059 2057 2051
2059 2051 2060
2054 2060 2061
2059 2060 2062
2060 2054 2062
2062 2054 2063
2064 2058 2065
2064 2065 2059
2066 2067 2068
2069 2067 2066
2070 2069 2066
2070 2066 2071
2072 2070 2071
2072 2073 2070
2074 2073 2072
2074 2072 2075
2076 2074 2075
2076 2077 2074
2078 2077 2076
2078 2079 2077
2080 2079 2078
2080 2081 2079
2081 2080 2082
2081 2082 2083
2084 2083 2082
2084 2085 2083
2086 2085 2084
2086 2087 2085
2088 2089 2090
2088 2090 2091
2092 2088 2091
2092 2093 2088
2093 2092 2094
2095 2093 2094
2095 2096 2093
2097 2096 2095
2097 2095 2098
2099 2097 2098
2099 2100 2097
2101 2100 2099
2101 2099 2102
2103 2101 2102
2103 2104 2101
2104 2103 2105
2104 2105 2106
2107 2106 2105
2107 2108 2106
2109 2108 2107
2109 2107 2110
2111 2109 2110
2111 2112 2109
2113 2112 2111
2113 2114 2112
2115 2114 2113
2116 2117 2118
2116 2119 2117
2120 2117 2119
2120 2119 2121
2121 2122 2120
2123 2119 2116
2121 2119 2123
2123 2116 2124
2124 2116 2125
2124 2125 2126
2125 2127 2126
2125 2128 2127
2127 2128 2129
2127 2129 2130
2129 2131 2130
2129 2132 2131
2121 2123 2133
2121 2134 2122
2134 2121 2133
2134 2133 2135
2134 2136 2122
2137 2134 2135
2134 2138 2136
2137 2138 2134
2138 2139 2136
2137 2140 2138
2138 2140 2139
2137 2141 2140
2140 2141 2142
2139 2140 2143
2140 2142 2143
2139 2143 2144
2143 2142 2145
2144 2143 2146
2143 2145 2146
2144 2146 2147
2146 2145 2148
2147 2146 2149
2146 2148 2149
2147 2149 2150
2149 2148 2151
2150 2149 2152
2149 2151 2152
2150 2152 2153
2154 2153 2152
2155 2152 2151
2154 2152 2155
2155 2151 2156
2155 2157 2154
2156 2158 2155
2155 2158 2157
2156 2159 2158
2158 2160 2157
2159 2161 2158
2158 2161 2160
2159 2162 2161
2163 2160 2161
2161 2162 2164
2163 2161 2165
2161 2164 2165
2166 2163 2165
2164 2167 2165
2166 2165 2167
2164 2168 2167
2167 2169 2166
2168 2170 2167
2167 2170 2169
2168 2171 2170
2170 2172 2169
2171 2173 2170
2170 2173 2172
2171 2174 2173
2173 2175 2172
2174 2176 2173
2173 2176 2175
2174 2177 2176
2176 2178 2175
2177 2178 2176
2179 2180 2181
2179 2182 2180
2179 2183 2182
2179 2184 2183
2183 2184 2185
2182 2186 2180
2183 2187 2182
2182 2187 2186
2188 2183 2185
2189 2188 2185
2189 2185 2190
2189 2190 2191
2189 2191 2192
2193 2192 2191
2193 2194 2192
2193 2195 2194
2193 2196 2195
2197 2195 2196
2197 2198 2195
2188 2199 2183
2183 2199 2187
2199 2188 2200
2199 2200 2201
2199 2201 2187
2202 2187 2201
2202 2186 2187
2186 2202 2203
2186 2203 2204
2180 2186 2204
2205 2204 2203
2205 2203 2206
2207 2205 2206
2180 2204 2208
2208 2209 2180
2208 2210 2209
2208 2211 2210
2204 2212 2208
2208 2212 2211
2204 2205 2212
2212 2213 2211
2212 2214 2213
2205 2214 2212
2214 2215 2213
2207 2216 2205
2205 2216 2214
2214 2217 2215
2216 2217 2214
2217 2218 2215
2219 2216 2207
2216 2219 2217
2219 2207 2220
2221 2219 2220
2217 2222 2218
2219 2222 2217
2223 2218 2222
2221 2224 2219
2219 2224 2222
2223 2222 2225
2225 2222 2224
2226 2223 2225
2224 2221 2227
2227 2221 2228
2227 2228 2229
2226 2225 2230
2231 2226 2230
2225 2224 2232
2224 2227 2232
2232 2230 2225
2233 2227 2229
2233 2229 2234
2235 2233 2234
2235 2234 2236
2237 2235 2236
2238 2232 2227
2238 2227 2233
2232 2238 2230
2238 2233 2235
2231 2230 2239
2239 2230 2238
2240 2231 2239
2239 2238 2241
2238 2235 2241
2240 2239 2242
2242 2239 2241
2243 2240 2242
2237 2244 2235
2245 2244 2237
2235 2246 2241
2242 2241 2246
2235 2244 2246
2243 2242 2247
2247 2242 2246
2245 2248 2244
2248 2246 2244
2249 2248 2245
2249 2245 2250
2248 2251 2246
2247 2246 2251
2249 2251 2248
2252 2243 2247
2252 2253 2243
2254 2253 2252
2255 2247 2251
2255 2252 2247
2249 2255 2251
2256 2249 2250
2256 2250 2257
2254 2252 2258
2258 2252 2255
2259 2255 2249
2259 2249 2256
2258 2255 2259
2257 2260 2256
2260 2259 2256
2257 2261 2260
2260 2261 2262
2263 2254 2258
2263 2264 2254
2265 2264 2263
2266 2258 2259
2260 2266 2259
2266 2263 2258
2260 2262 2267
2266 2260 2267
2268 2267 2262
2268 2262 2269
2270 2268 2269
2265 2263 2271
2271 2263 2266
2266 2267 2272
2272 2267 2268
2271 2266 2272
2265 2271 2273
2265 2273 2274
2273 2275 2274
2271 2272 2276
2271 2276 2273
2272 2268 2276
2270 2277 2268
2278 2277 2270
2273 2279 2275
2276 2279 2273
2268 2280 2276
2268 2277 2280
2276 2280 2279
2278 2281 2277
2281 2280 2277
2281 2278 2282
2283 2275 2279
2283 2279 2280
2281 2283 2280
2283 2284 2275
2283 2285 2284
2283 2286 2285
2286 2283 2281
2286 2287 2285
2281 2282 2288
2286 2281 2288
2286 2289 2287
2289 2286 2288
2289 2290 2287
2282 2291 2288
2289 2288 2291
2282 2292 2291
2289 2293 2290
2293 2289 2291
2294 2290 2293
2292 2295 2291
2293 2291 2295
2292 2296 2295
2294 2293 2297
2297 2293 2295
2298 2294 2297
2299 2295 2296
2297 2295 2299
2299 2296 2300
2298 2297 2301
2301 2297 2299
2302 2298 2301
2303 2299 2300
2301 2299 2303
2302 2301 2303
2303 2300 2304
2302 2303 2304
2305 2306 2307
2305 2308 2306
2308 2309 2306
2308 2310 2309
2311 2308 2305
2312 2310 2308
2311 2312 2308
2312 2313 2310
2314 2313 2312
2315 2312 2311
2314 2312 2315
2315 2311 2316
2317 2315 2316
2318 2314 2315
2317 2318 2315
2318 2319 2314
2320 2318 2317
2321 2319 2318
2320 2321 2318
2321 2322 2319
2323 2321 2320
2324 2322 2321
2323 2324 2321
2324 2325 2322
2326 2324 2323
2326 2325 2324
2326 2323 2327
2326 2328 2325
2329 2326 2327
2330 2328 2326
2329 2330 2326
2330 2331 2328
2332 2330 2329
2332 2331 2330
2332 2329 2333
2332 2334 2331
2335 2332 2333
2336 2334 2332
2335 2336 2332
2336 2337 2334
2338 2336 2335
2338 2337 2336
2338 2335 2339
2338 2340 2337
2341 2338 2339
2342 2340 2338
2341 2342 2338
2342 2343 2340
2344 2343 2342
2345 2342 2341
2344 2342 2345
2345 2341 2346
2347 2345 2346
2348 2344 2345
2347 2348 2345
2348 2349 2344
2348 2350 2349
2347 2351 2348
2348 2351 2350
2347 2352 2351
2351 2353 2350
2352 2354 2351
2351 2354 2353
2352 2355 2354
2356 2353 2354
2356 2354 2355
2357 2358 2359
2357 2359 2360
2361 2357 2360
2361 2360 2362
2363 2361 2362
2363 2362 2364
2365 2363 2364
2365 2364 2366
2367 2365 2366
2367 2366 2368
2368 2366 2369
2370 2367 2368
2368 2369 2371
2370 2368 2372
2372 2368 2371
2373 2370 2372
2372 2371 2374
2373 2372 2375
2375 2372 2374
2375 2374 2376
2377 2373 2375
2378 2375 2376
2377 2375 2378
2378 2376 2379
2380 2378 2379
2381 2377 2378
2380 2381 2378
2381 2382 2377
2383 2381 2380
2384 2382 2381
2383 2384 2381
2384 2385 2382
2386 2384 2383
2387 2385 2384
2386 2387 2384
2387 2388 2385
2389 2388 2387
2390 2387 2386
2389 2387 2390
2390 2386 2391
2392 2390 2391
2393 2389 2390
2392 2393 2390
2393 2394 2389
2395 2394 2393
2396 2393 2392
2395 2393 2396
2396 2392 2397
2398 2396 2397
2399 2395 2396
2398 2399 2396
2399 2400 2395
2399 2398 2401
2400 2399 2402
2399 2401 2402
2400 2402 2403
2402 2404 2403
2401 2405 2402
2402 2405 2404
2401 2406 2405
2405 2406 2407
2404 2405 2408
2405 2407 2408
2404 2408 2409
2410 2408 2407
2410 2409 2408
2411 2412 2413
2411 2413 2414
2415 2411 2414
2413 2416 2414
2413 2417 2416
2416 2417 2418
2415 2414 2419
2414 2416 2420
2414 2420 2419
2416 2421 2420
2416 2418 2422
2416 2422 2421
2418 2423 2422
2418 2424 2423
2422 2423 2425
2421 2422 2425
2421 2425 2426
2421 2426 2427
2428 2420 2421
2419 2420 2428
2421 2427 2429
2428 2421 2429
2429 2427 2430
2429 2430 2431
2431 2430 2432
2433 2428 2429
2433 2429 2431
2419 2428 2434
2434 2428 2433
2431 2432 2435
2436 2435 2432
2437 2419 2434
2437 2415 2419
2438 2433 2431
2438 2431 2435
2436 2439 2435
2440 2439 2436
2441 2438 2435
2441 2435 2439
2433 2438 2442
2442 2438 2441
2434 2433 2443
2433 2442 2443
2444 2437 2434
2444 2434 2443
2444 2445 2437
2445 2415 2437
2446 2444 2443
2446 2443 2442
2445 2447 2415
2415 2447 2448
2415 2448 2449
2449 2448 2450
2449 2450 2451
2452 2446 2442
2452 2442 2453
2442 2441 2453
2452 2453 2454
2441 2454 2453
2455 2452 2454
2441 2456 2454
2456 2441 2439
2457 2455 2454
2456 2457 2454
2457 2458 2455
2459 2456 2439
2440 2459 2439
2440 2460 2459
2459 2461 2456
2460 2461 2459
2456 2461 2457
2460 2462 2461
2462 2457 2461
2463 2462 2460
2457 2464 2458
2462 2464 2457
2463 2465 2462
2465 2464 2462
2465 2463 2466
2467 2458 2464
2465 2467 2464
2467 2468 2458
2469 2468 2467
2469 2467 2470
2470 2467 2465
2470 2471 2469
2465 2466 2472
2470 2465 2472
2473 2472 2466
2473 2474 2472
2474 2470 2472
2475 2474 2473
2470 2476 2471
2474 2476 2470
2475 2477 2474
2477 2476 2474
2478 2477 2475
2479 2471 2476
2477 2479 2476
2479 2480 2471
2478 2481 2477
2481 2479 2477
2482 2480 2479
2481 2482 2479
2482 2483 2480
2484 2483 2482
2485 2481 2478
2485 2478 2486
2487 2485 2486
2488 2482 2481
2484 2482 2488
2488 2481 2485
2487 2489 2485
2489 2488 2485
2490 2484 2488
2489 2490 2488
2490 2491 2484
2490 2492 2491
2490 2493 2492
2493 2490 2489
2493 2494 2492
2487 2495 2489
2493 2489 2495
2487 2496 2495
2496 2497 2495
2497 2493 2495
2496 2498 2497
2493 2499 2494
2497 2499 2493
2500 2494 2499
2500 2499 2501
2501 2499 2497
2502 2500 2501
2503 2497 2498
2501 2497 2503
2503 2498 2504
2505 2503 2504
2506 2501 2503
2505 2506 2503
2502 2501 2507
2506 2507 2501
2502 2507 2508
2508 2507 2506
2502 2508 2509
2508 2510 2509
2511 2506 2505
2508 2506 2511
2511 2505 2512
2513 2511 2512
2508 2514 2510
2515 2510 2514
2516 2508 2511
2513 2516 2511
2516 2514 2508
2515 2514 2517
2517 2514 2516
2518 2515 2517
2519 2516 2513
2517 2516 2519
2519 2513 2520
2518 2517 2521
2521 2517 2519
2521 2519 2520
2522 2518 2521
2521 2520 2523
2522 2521 2523
2524 2525 2526
2524 2526 2527
2527 2526 2528
2527 2528 2529
2528 2530 2529
2528 2531 2530
2530 2531 2532
2533 2534 2535
2533 2535 2536
2536 2535 2537
2538 2533 2536
2538 2539 2533
2540 2539 2538
2540 2541 2539
2542 2541 2540
2543 2542 2540
2543 2544 2542
2545 2544 2543
2545 2546 2544
2545 2547 2546
2545 2548 2547
2549 2547 2548
2549 2548 2550
2550 2551 2549
2545 2552 2548
2548 2552 2550
2553 2545 2543
2545 2553 2552
2554 2543 2540
2553 2543 2554
2554 2540 2555
2538 2555 2540
2538 2556 2555
2556 2538 2536
2556 2536 2557
2536 2537 2557
2558 2557 2537
2558 2537 2559
2560 2558 2559
2561 2556 2557
2561 2557 2558
2556 2562 2555
2556 2561 2562
2555 2563 2554
2555 2562 2563
2554 2564 2553
2554 2563 2564
2560 2565 2558
2565 2561 2558
2560 2566 2565
2560 2567 2566
2566 2568 2565
2565 2568 2561
2566 2569 2568
2568 2569 2570
2561 2568 2571
2568 2570 2571
2561 2571 2562
2571 2570 2572
2562 2571 2573
2571 2572 2573
2562 2573 2563
2573 2572 2574
2563 2573 2575
2573 2574 2575
2575 2574 2576
2563 2575 2564
2575 2576 2577
2564 2575 2577
2577 2576 2578
2564 2577 2579
2553 2564 2579
2553 2579 2552
2580 2552 2579
2577 2580 2579
2580 2550 2552
2577 2578 2581
2577 2581 2580
2581 2578 2582
2580 2581 2583
2581 2582 2583
2550 2580 2584
2580 2583 2584
2585 2583 2582
2584 2583 2585
2585 2582 2586
2587 2585 2586
2587 2588 2585
2589 2588 2587
2550 2584 2590
2550 2590 2551
2551 2590 2591
2591 2590 2584
2551 2591 2592
2584 2585 2593
2591 2584 2593
2588 2593 2585
2594 2592 2591
2593 2594 2591
2594 2595 2592
2589 2596 2588
2596 2589 2597
2588 2598 2593
2593 2598 2594
2596 2598 2588
2599 2595 2594
2599 2600 2595
2601 2600 2599
2602 2594 2598
2602 2599 2594
2596 2602 2598
2603 2599 2602
2603 2601 2599
2596 2603 2602
2596 2597 2604
2596 2604 2603
2604 2597 2605
2604 2605 2606
2603 2604 2606
2606 2605 2607
2601 2603 2608
2603 2606 2608
2601 2608 2609
2610 2609 2608
2606 2611 2608
2610 2608 2611
2606 2607 2612
2606 2612 2611
2613 2610 2611
2612 2613 2611
2613 2614 2610
2613 2615 2614
2607 2616 2612
2612 2616 2613
2607 2617 2616
2613 2618 2615
2616 2618 2613
2619 2615 2618
2617 2620 2616
2616 2620 2618
2617 2621 2620
2620 2621 2622
2619 2618 2623
2623 2618 2620
2620 2622 2624
2623 2620 2624
2622 2625 2624
2625 2623 2624
2622 2626 2625
2627 2619 2623
2625 2627 2623
2627 2628 2619
2627 2629 2628
2626 2630 2625
2626 2631 2630
2625 2632 2627
2627 2632 2629
2625 2633 2632
2631 2634 2633
2634 2629 2632
2634 2632 2633
2635 2636 2637
2638 2635 2637
2638 2639 2635
2640 2641 2638
2640 2642 2641
2643 2640 2644
2645 2643 2644
2645 2646 2643
2647 2646 2645
2647 2648 2646
2649 2648 2647
2649 2647 2650
2650 2651 2649
2652 2653 2654
2652 2654 2655
2655 2654 2656
2655 2656 2657
2658 2652 2655
2659 2655 2657
2658 2655 2659
2659 2657 2660
2661 2658 2659
2660 2661 2659
2661 2662 2658
2660 2663 2661
2664 2662 2661
2665 2661 2663
2664 2661 2665
2665 2663 2666
2667 2665 2666
2668 2664 2665
2667 2668 2665
2668 2669 2664
2670 2668 2667
2671 2669 2668
2670 2671 2668
2671 2672 2669
2673 2672 2671
2674 2671 2670
2673 2671 2674
2674 2670 2675
2676 2674 2675
2677 2673 2674
2676 2677 2674
2677 2678 2673
2679 2677 2676
2680 2678 2677
2679 2680 2677
2680 2681 2678
2682 2681 2680
2683 2680 2679
2682 2680 2683
2683 2679 2684
2685 2683 2684
2686 2682 2683
2685 2686 2683
2686 2687 2682
2688 2686 2685
2689 2687 2686
2688 2689 2686
2689 2690 2687
2689 2688 2691
2690 2689 2691
2692 2693 2694
2692 2694 2695
2696 2697 2698
2696 2698 2699
2699 2698 2700
2699 2700 2701
2702 2701 2700
2702 2703 2701
2704 2703 2702
2704 2705 2703
2706 2699 2701
2703 2707 2701
2706 2701 2707
2708 2696 2699
2708 2699 2706
2705 2709 2703
2703 2709 2707
2696 2708 2710
2708 2711 2710
2696 2710 2712
2708 2713 2711
2713 2708 2706
2713 2714 2711
2715 2696 2712
2715 2716 2696
2717 2715 2712
2717 2712 2718
2719 2717 2718
2720 2713 2706
2713 2720 2714
2721 2706 2707
2720 2706 2721
2722 2714 2720
2722 2723 2714
2724 2722 2720
2724 2720 2721
2725 2724 2721
2721 2707 2726
2725 2721 2726
2727 2725 2726
2709 2726 2707
2728 2727 2726
2728 2726 2709
2728 2709 2729
2705 2729 2709
2730 2728 2729
2731 2730 2729
2732 2728 2730
2732 2730 2731
2733 2729 2705
2733 2731 2729
2733 2705 2734
2733 2734 2735
2731 2736 2732
2737 2732 2736
2737 2736 2738
2738 2736 2739
2739 2736 2731
2738 2739 2740
2731 2733 2741
2733 2735 2741
2739 2742 2740
2742 2743 2740
2739 2731 2744
2731 2741 2744
2742 2739 2744
2741 2745 2744
2742 2744 2745
2742 2746 2743
2746 2747 2743
2735 2748 2741
2741 2748 2745
2742 2745 2749
2746 2742 2749
2746 2750 2747
2750 2751 2747
2752 2745 2748
2752 2749 2745
2746 2749 2753
2753 2750 2746
2750 2754 2751
2754 2755 2751
2756 2749 2752
2756 2753 2749
2735 2757 2748
2758 2752 2748
2758 2748 2757
2759 2757 2735
2759 2758 2757
2759 2735 2760
2759 2761 2758
2761 2762 2758
2761 2763 2762
2758 2764 2752
2764 2756 2752
2765 2764 2763
2765 2766 2764
2767 2756 2764
2767 2765 2768
2767 2768 2769
2770 2756 2767
2770 2753 2756
2770 2767 2771
2772 2771 2768
2773 2770 2771
2772 2774 2771
2774 2772 2775
2774 2775 2776
2773 2777 2770
2777 2773 2778
2779 2778 2775
2780 2777 2778
2781 2777 2779
2782 2781 2780
2782 2783 2781
2781 2784 2777
2784 2785 2777
2785 2784 2753
2753 2784 2750
2781 2786 2784
2784 2786 2750
2783 2786 2781
2786 2754 2750
2786 2787 2754
2783 2787 2786
2787 2755 2754
2755 2787 2783
2788 2755 2783
2789 2760 2790
2789 2791 2760
2792 2791 2789
2792 2704 2791
2793 2794 2795
2793 2796 2794
2797 2796 2793
2797 2798 2796
2796 2799 2794
2798 2800 2796
2796 2800 2799
2798 2801 2800
2802 2800 2801
2803 2799 2800
2802 2803 2800
2803 2804 2799
2805 2803 2802
2805 2804 2803
2805 2806 2804
2805 2802 2807
2808 2806 2805
2807 2809 2805
2808 2805 2809
2807 2810 2809
2811 2808 2809
2810 2811 2809
2811 2812 2808
2810 2813 2811
2814 2812 2811
2813 2815 2811
2814 2811 2815
2813 2816 2815
2817 2814 2815
2816 2817 2815
2817 2818 2814
2816 2819 2817
2820 2818 2817
2819 2821 2817
2820 2817 2821
2819 2822 2821
2823 2820 2821
2822 2823 2821
2824 2825 2826
2824 2827 2825
2828 2827 2824
2828 2829 2827
2830 2827 2829
2831 2825 2827
2830 2831 2827
2831 2832 2825
2833 2831 2830
2833 2832 2831
2833 2830 2834
2833 2835 2832
2836 2833 2834
2837 2835 2833
2836 2837 2833
2838 2837 2836
2837 2839 2835
2838 2839 2837
2838 2836 2840
2838 2841 2839
2842 2838 2840
2843 2841 2838
2842 2844 2838
2843 2838 2844
2845 2844 2842
2843 2844 2846
2845 2846 2844
2843 2846 2847
2848 2847 2846
2849 2846 2845
2848 2846 2849
2849 2845 2850
2851 2848 2849
2851 2849 2850
2852 2853 2854
2852 2854 2855
2856 2852 2855
2856 2857 2852
2858 2857 2856
2858 2856 2859
2860 2858 2859
2861 2860 2859
2862 2860 2861
2862 2861 2863
2864 2862 2863
2864 2865 2862
2866 2865 2864
2866 2867 2865
2866 2868 2867
2866 2869 2868
2870 2868 2869
2860 2871 2858
2860 2872 2871
2858 2871 2873
2858 2873 2857
2857 2873 2874
2857 2874 2852
2852 2874 2875
2852 2875 2876
2870 2877 2878
2879 2878 2877
2879 2877 2880
2879 2880 2881
2879 2881 2882
2882 2881 2883
2882 2883 2884
2884 2883 2872
2884 2872 2885
2886 2887 2888
2886 2889 2887
2890 2889 2886
2890 2891 2889
2892 2893 2894
2892 2895 2893
2892 2896 2895
2896 2897 2895
2896 2892 2898
2896 2899 2897
2899 2900 2897
2901 2899 2896
2902 2900 2899
2901 2896 2903
2896 2898 2903
2904 2901 2903
2904 2903 2905
2905 2903 2898
2905 2898 2906
2902 2907 2900
2907 2902 2908
2907 2908 2909
2907 2909 2910
2900 2907 2911
2907 2910 2911
2900 2911 2912
2911 2913 2912
2911 2914 2913
2910 2914 2911
2910 2915 2914
2916 2905 2917
2916 2917 2918
2917 2905 2919
2920 2918 2917
2917 2919 2921
2920 2917 2922
2922 2917 2921
2922 2921 2923
2922 2923 2924
2922 2924 2925
2926 2922 2925
2926 2925 2927
2928 2927 2925
2929 2925 2924
2928 2925 2929
2930 2928 2929
2929 2924 2931
2930 2929 2932
2932 2929 2931
2932 2931 2933
2934 2935 2936
2934 2936 2937
2938 2937 2936
2938 2936 2939
2940 2938 2939
2940 2941 2938
2942 2941 2940
2942 2940 2943
2944 2942 2943
2944 2943 2945
2944 2945 2946
2945 2947 2946
2948 2941 2942
2949 2941 2948
2949 2950 2941
2951 2950 2949
2951 2952 2950
2953 2952 2951
2953 2954 2952
2948 2942 2955
2956 2955 2942
2944 2956 2942
2956 2957 2955
2957 2958 2955
2944 2959 2956
2959 2957 2956
2957 2960 2958
2960 2961 2958
2960 2962 2961
2962 2963 2961
2962 2964 2963
2965 2964 2962
2965 2962 2960
2965 2966 2964
2967 2966 2965
2965 2960 2968
2957 2968 2960
2967 2965 2968
2957 2969 2968
2959 2969 2957
2970 2967 2968
2969 2970 2968
2944 2971 2959
2969 2959 2972
2972 2959 2971
2969 2973 2970
2969 2972 2973
2970 2974 2967
2973 2974 2970
2967 2974 2975
2976 2967 2975
2973 2977 2974
2978 2977 2973
2978 2973 2972
2979 2978 2972
2979 2972 2980
2972 2971 2980
2981 2979 2980
2971 2981 2980
2979 2981 2982
2981 2983 2982
2971 2984 2981
2944 2984 2971
2944 2946 2984
2981 2985 2983
2984 2985 2981
2985 2986 2983
2985 2987 2986
2984 2988 2985
2988 2987 2985
2946 2988 2984
2988 2989 2987
2946 2990 2988
2990 2989 2988
2947 2990 2946
2990 2991 2989
2947 2991 2990
2947 2992 2991
2993 2994 2995
2993 2995 2996
2996 2997 2993
2996 2998 2997
2999 2998 2996
3000 2996 2995
2999 2996 3000
3001 2999 3000
3000 2995 3002
3001 3000 3002
3001 3003 2999
3001 3002 3004
3005 3003 3001
3001 3004 3006
3005 3001 3007
3001 3006 3007
3008 3009 3010
3008 3011 3009
3012 3011 3008
3012 3008 3013
3012 3013 3014
3015 3011 3012
3014 3016 3012
3014 3017 3016
3018 3015 3012
3018 3012 3016
3017 3019 3016
3018 3016 3019
3017 3020 3019
3020 3021 3019
3022 3019 3021
3022 3023 3019
3018 3019 3023
3015 3018 3024
3015 3024 3025
3026 3024 3018
3026 3025 3024
3018 3023 3026
3022 3027 3023
3022 3028 3027
3023 3027 3029
3026 3023 3029
3027 3030 3029
3027 3031 3030
3030 3031 3032
3026 3033 3025
3033 3034 3025
3026 3029 3035
3035 3033 3026
3030 3035 3029
3036 3034 3033
3035 3036 3033
3036 3037 3034
3038 3037 3036
3039 3038 3036
3039 3036 3035
3039 3035 3040
3030 3040 3035
3041 3040 3030
3030 3032 3042
3041 3030 3042
3043 3042 3032
3044 3041 3042
3043 3044 3042
3044 3043 3045
3044 3046 3041
3044 3045 3047
3046 3044 3047
3046 3047 3048
3049 3048 3047
3049 3047 3050
3051 3049 3050
3051 3052 3049
3047 3053 3050
3053 3051 3050
3047 3054 3053
3053 3055 3051
3056 3057 3053
3052 3057 3056
3052 3056 3058
3052 3058 3059
3058 3060 3059
3056 3061 3058
3058 3062 3060
3061 3062 3058
3061 3063 3062
3064 3065 3066
3064 3066 3067
3068 3064 3069
3068 3070 3066
3071 3068 3069
3068 3072 3070
3073 3070 3072
3071 3074 3068
3074 3072 3068
3074 3071 3075
3076 3073 3072
3074 3076 3072
3076 3077 3073
3078 3074 3075
3079 3078 3075
3080 3077 3076
3081 3077 3080
3081 3080 3082
3083 3081 3082
3083 3084 3081
3081 3084 3085
3081 3085 3086
3080 3076 3087
3086 3085 3088
3074 3089 3076
3089 3087 3076
3078 3089 3074
3089 3090 3087
3090 3091 3078
3090 3078 3092
3093 3092 3078
3086 3088 3094
3095 3094 3088
3086 3094 3096
3086 3096 3097
3098 3096 3094
3095 3098 3094
3098 3067 3096
3095 3099 3098
3099 3067 3098
3095 3100 3099
3099 3101 3067
3067 3101 3102
3067 3102 3103
3038 3093 3079
3093 3104 3079
3105 3106 3107
3105 3107 3108
3108 3109 3110
3108 3110 3111
3112 3113 3114
3112 3114 3115
3116 3117 3118
3116 3118 3119
3119 3120 3116
3120 3121 3116
3120 3122 3121
3123 3120 3119
3120 3124 3122
3123 3125 3120
3120 3126 3124
3127 3125 3123
3126 3128 3124
3127 3129 3125
3126 3130 3128
3131 3128 3130
3131 3130 3132
3133 3129 3127
3133 3132 3129
3134 3132 3133
3134 3133 3135
3136 3134 3135
3137 3136 3135
3137 3138 3136
3136 3138 3139
3136 3139 3134
3139 3131 3140
3139 3140 3134
3141 3142 3143
3141 3144 3142
3145 3144 3141
3145 3146 3144
3147 3146 3145
3147 3145 3148
3147 3148 3149
3147 3149 3150
3151 3150 3149
3151 3152 3150
3153 3152 3151
3154 3151 3149
3155 3151 3154
3155 3154 3156
3154 3149 3157
3156 3154 3157
3148 3157 3149
3156 3157 3158
3148 3159 3157
3145 3159 3148
3160 3157 3159
3145 3161 3159
3161 3145 3162
3161 3162 3163
3163 3162 3164
3163 3164 3165
3166 3163 3165
3166 3167 3163
3167 3161 3163
3168 3167 3166
3169 3159 3161
3167 3169 3161
3170 3167 3168
3170 3168 3171
3172 3170 3171
3172 3171 3173
3174 3172 3173
3174 3175 3172
3176 3167 3172
3176 3169 3167
3177 3172 3175
3176 3172 3177
3177 3175 3178
3176 3177 3179
3180 3177 3178
3180 3179 3177
3169 3181 3159
3160 3159 3181
3169 3182 3181
3160 3181 3182
3169 3183 3182
3182 3183 3184
3184 3180 3185
3184 3185 3186
3186 3187 3184
3182 3184 3187
3187 3186 3188
3160 3182 3189
3189 3182 3187
3187 3188 3190
3189 3187 3190
3191 3160 3189
3191 3189 3190
3191 3192 3160
3193 3192 3191
3188 3194 3190
3191 3190 3194
3193 3191 3194
3188 3195 3194
3193 3194 3195
3196 3197 3198
3196 3198 3199
3198 3200 3201
3198 3201 3202
3202 3201 3203
3202 3203 3204
3204 3203 3205
3203 3206 3205
3205 3206 3207
3205 3207 3208
3209 3208 3207
3209 3210 3208
3210 3209 3211
3210 3211 3212
3213 3210 3212
3213 3214 3210
3210 3214 3215
3210 3215 3208
3215 3216 3208
3215 3217 3216
3218 3216 3217
3219 3220 3221
3219 3222 3220
3223 3222 3219
3223 3224 3222
3225 3226 3227
3225 3227 3228
3229 3227 3230
3229 3230 3231
3232 3233 3234
3232 3235 3233
3233 3235 3236
3237 3236 3235
3237 3238 3236
3233 3236 3239
3240 3236 3238
3239 3236 3241
3240 3242 3236
3239 3241 3243
3240 3244 3242
3245 3243 3241
3245 3246 3243
3245 3247 3246
3245 3248 3247
3240 3249 3244
3250 3244 3249
3250 3251 3244
3252 3250 3249
3252 3249 3253
3253 3249 3254
3253 3254 3255
3256 3253 3255
3256 3257 3253
3257 3252 3253
3257 3258 3252
3259 3260 3261
3259 3261 3262
3262 3261 3263
3264 3259 3262
3262 3263 3265
3265 3263 3266
3264 3262 3267
3267 3262 3265
3268 3264 3267
3268 3269 3264
3270 3269 3268
3270 3271 3269
3272 3270 3268
3272 3268 3273
3273 3268 3267
3274 3272 3273
3267 3265 3275
3273 3267 3275
3265 3266 3276
3275 3265 3276
3274 3273 3277
3278 3274 3277
3279 3273 3275
3275 3276 3279
3279 3277 3273
3266 3280 3276
3266 3281 3280
3280 3281 3282
3280 3282 3283
3280 3283 3284
3280 3284 3285
3276 3280 3285
3276 3285 3279
3285 3277 3279
3285 3286 3277
3278 3277 3286
3287 3278 3286
3287 3286 3288
3289 3288 3286
3289 3290 3288
3291 3292 3293
3291 3293 3294
3295 3291 3294
3295 3294 3296
3295 3296 3297
3295 3297 3298
3299 3298 3297
3299 3300 3298
3301 3302 3303
3301 3303 3304
3304 3303 3305
3301 3304 3306
3301 3306 3307
3308 3306 3304
3304 3305 3309
3308 3304 3309
3309 3310 3308
3311 3309 3305
3309 3312 3310
3311 3312 3309
3312 3313 3310
3312 3314 3313
3311 3314 3312
3315 3313 3314
3311 3316 3314
3311 3317 3316
3316 3317 3318
3316 3318 3319
3314 3316 3319
3319 3318 3320
3315 3314 3321
3314 3319 3321
3315 3321 3322
3322 3321 3319
3315 3322 3323
3322 3324 3323
3319 3320 3325
3322 3319 3325
3322 3326 3324
3326 3322 3325
3327 3324 3326
3320 3328 3325
3326 3325 3328
3320 3329 3328
3330 3326 3328
3327 3326 3330
3330 3328 3331
3330 3331 3332
3327 3330 3333
3330 3332 3333
3327 3333 3334
3335 3334 3333
3336 3333 3332
3335 3333 3336
3336 3332 3337
3336 3337 3338
3339 3335 3336
3336 3338 3339
3339 3340 3335
3339 3338 3341
3340 3339 3342
3339 3341 3342
3340 3342 3343
3341 3344 3342
3344 3343 3342
3344 3345 3343
3341 3346 3344
3347 3345 3344
3346 3348 3344
3347 3344 3348
3346 3349 3348
3350 3347 3348
3351 3348 3349
3350 3348 3351
3351 3349 3352
3351 3352 3353
3354 3350 3351
3351 3353 3354
3354 3355 3350
3356 3355 3354
3353 3357 3354
3356 3354 3357
3353 3358 3357
3359 3356 3357
3357 3358 3360
3359 3357 3361
3357 3360 3361
3362 3359 3361
3360 3362 3361
3362 3363 3359
3360 3364 3362
3365 3363 3362
3364 3366 3362
3365 3362 3366
3367 3365 3366
3364 3368 3366
3368 3369 3366
3370 3371 3372
3370 3373 3371
3373 3370 3374
3373 3374 3375
3376 3375 3374
3376 3374 3377
3378 3376 3377
3378 3379 3376
3380 3373 3375
3380 3375 3381
3381 3375 3376
3381 3376 3382
3376 3383 3382
3376 3379 3383
3384 3373 3380
3384 3371 3373
3385 3383 3379
3385 3379 3386
3387 3385 3386
3384 3388 3371
3384 3389 3388
3371 3388 3390
3371 3390 3391
3388 3392 3390
3393 3388 3389
3388 3393 3392
3393 3389 3394
3392 3393 3395
3395 3393 3394
3395 3394 3396
3392 3395 3397
3398 3395 3396
3399 3397 3395
3398 3399 3395
3399 3400 3397
3401 3399 3398
3400 3399 3402
3401 3402 3399
3403 3402 3401
3400 3402 3404
3403 3405 3402
3405 3404 3402
3405 3406 3404
3406 3405 3407
3406 3407 3408
3408 3407 3409
3408 3409 3410
3411 3412 3413
3411 3413 3414
3415 3416 3417
3415 3417 3418
3419 3420 3421
3419 3421 3422
3422 3421 3423
3422 3423 3424
3422 3424 3425
3419 3422 3426
3422 3425 3426
3419 3426 3427
3428 3427 3426
3429 3426 3425
3428 3426 3429
3429 3425 3430
3431 3429 3430
3432 3428 3429
3431 3432 3429
3432 3433 3428
3434 3433 3432
3435 3432 3431
3434 3432 3435
3435 3431 3436
3437 3435 3436
3438 3434 3435
3437 3438 3435
3438 3439 3434
3440 3438 3437
3441 3439 3438
3440 3441 3438
3441 3442 3439
3443 3441 3440
3444 3442 3441
3443 3444 3441
3444 3445 3442
3446 3444 3443
3447 3445 3444
3446 3448 3444
3447 3444 3448
3449 3448 3446
3450 3447 3448
3449 3451 3448
3450 3448 3451
3449 3452 3451
3450 3451 3452
3449 3453 3452
3450 3452 3454
3455 3452 3453
3456 3454 3452
3455 3457 3452
3456 3452 3457
3458 3457 3455
3456 3457 3459
3458 3459 3457
3456 3459 3460
3461 3460 3459
3462 3459 3458
3461 3459 3462
3462 3458 3463
3464 3461 3462
3464 3462 3463
3465 3466 3467
3465 3467 3468
3467 3469 3468
3467 3470 3469
3469 3470 3471
3469 3471 3472
3473 3472 3471
3468 3469 3474
3474 3469 3472
3468 3474 3475
3465 3468 3475
3474 3472 3476
3465 3475 3477
3465 3477 3478
3479 3476 3472
3473 3480 3472
3479 3472 3480
3481 3480 3473
3465 3478 3482
3482 3483 3465
3482 3484 3483
3485 3482 3478
3479 3480 3486
3481 3486 3480
3479 3486 3487
3488 3487 3486
3489 3484 3482
3485 3489 3482
3489 3490 3484
3491 3490 3489
3492 3486 3481
3488 3486 3492
3492 3481 3493
3494 3488 3492
3494 3492 3493
3495 3489 3485
3491 3489 3495
3495 3485 3496
3497 3491 3495
3497 3495 3496
3497 3496 3498
3497 3499 3491
3497 3498 3500
3499 3497 3501
3497 3500 3501
3499 3501 3502
3501 3503 3502
3500 3504 3501
3501 3504 3503
3500 3505 3504
3506 3503 3504
3507 3504 3505
3506 3504 3507
3507 3505 3508
3507 3508 3509
3507 3509 3510
3506 3507 3510
3506 3510 3511
3512 3513 3514
3512 3515 3513
3512 3516 3515
3512 3517 3516
3518 3516 3517
3518 3517 3519
3518 3519 3520
3518 3520 3521
3521 3520 3522
3523 3516 3518
3523 3518 3521
3523 3524 3516
3516 3524 3525
3516 3525 3515
3515 3525 3526
3515 3526 3513
3523 3521 3527
3513 3526 3528
3521 3522 3529
3527 3521 3529
3529 3522 3530
3527 3529 3531
3529 3530 3532
3531 3529 3532
3532 3530 3533
3531 3532 3534
3532 3533 3535
3534 3532 3535
3535 3533 3536
3534 3535 3537
3535 3536 3538
3537 3535 3538
3537 3538 3539
3540 3538 3536
3538 3541 3539
3540 3542 3538
3538 3542 3541
3543 3542 3540
3543 3544 3542
3544 3541 3542
3544 3545 3541
3546 3547 3548
3546 3513 3547
3513 3528 3547
3528 3549 3547
3528 3550 3549
3549 3550 3551
3549 3551 3552
3551 3553 3552
3551 3554 3553
3555 3553 3554
3555 3554 3556
3557 3555 3556
3547 3549 3558
3547 3558 3559
3558 3549 3560
3558 3560 3561
3560 3562 3561
3560 3563 3562
3564 3562 3563
3557 3564 3565
3564 3563 3565
3566 3567 3568
3566 3568 3569
3568 3570 3569
3568 3571 3570
3570 3571 3572
3570 3572 3573
3572 3574 3573
3572 3575 3574
3576 3574 3575
3576 3575 3577
3578 3576 3577
3578 3579 3580
3579 3581 3580
3579 3582 3581
3583 3581 3582
3583 3582 3584
3585 3583 3584
3585 3584 3586
3587 3585 3586
3586 3584 3588
3586 3588 3589
3587 3586 3590
3590 3586 3589
3590 3589 3591
3592 3587 3590
3593 3590 3591
3593 3591 3594
3592 3590 3595
3596 3592 3595
3596 3597 3592
3596 3598 3597
3596 3599 3598
3600 3595 3594
3600 3594 3601
3596 3595 3602
3600 3601 3603
3596 3602 3604
3600 3603 3604
3596 3604 3605
3596 3605 3599
3606 3604 3603
3606 3603 3607
3606 3607 3608
3609 3599 3605
3609 3605 3610
3609 3610 3611
3609 3612 3599
3609 3606 3613
3606 3608 3613
3609 3613 3614
3614 3612 3609
3614 3615 3612
3616 3615 3614
3616 3614 3617
3617 3614 3618
3619 3618 3608
3617 3618 3619
3619 3608 3620
3619 3620 3621
3619 3621 3622
3617 3619 3622
3617 3622 3623
3616 3617 3623
3616 3623 3624
3624 3623 3625
3624 3625 3626
3626 3625 3627
3626 3627 3628
3627 3629 3628
3627 3630 3629
3631 3629 3630
3631 3632 3629
3633 3634 3631
3633 3631 3635
3636 3633 3635
3636 3637 3633
3638 3637 3636
3638 3639 3637
3638 3640 3639
3638 3641 3640
3642 3643 3644
3645 3644 3643
3645 3646 3644
3647 3646 3645
3647 3645 3588
3648 3649 3650
3648 3651 3649
3651 3652 3649
3651 3653 3652
3648 3654 3651
3653 3651 3654
3648 3655 3654
3653 3654 3656
3655 3657 3654
3654 3658 3656
3657 3658 3654
3656 3658 3659
3657 3660 3658
3661 3658 3660
3661 3659 3662
3663 3664 3665
3663 3665 3666
3667 3663 3666
3667 3666 3668
3668 3669 3670
3668 3671 3669
3671 3672 3669
3671 3673 3672
3674 3675 3676
3674 3676 3677
3678 3677 3676
3678 3676 3679
3680 3678 3679
3680 3679 3681
3681 3682 3680
3681 3683 3682
3684 3674 3685
3684 3685 3686
3686 3685 3687
3686 3687 3688
3687 3680 3689
3687 3689 3690
3691 3689 3680
3691 3692 3689
3693 3694 3695
3693 3695 3696
3697 3698 3699
3697 3699 3700
3699 3701 3700
3699 3702 3701
3703 3704 3705
3703 3705 3706
3707 3708 3709
3707 3710 3708
3711 3710 3707
3711 3707 3712
3713 3711 3712
3713 3714 3711
3715 3716 3717
3715 3717 3718
3715 3718 3719
3720 3721 3719
3720 3722 3721
3723 3721 3722
3723 3722 3724
3723 3725 3721
3723 3726 3725
3725 3727 3721
3725 3728 3727
3728 3729 3727
3728 3730 3729
3731 3732 3733
3731 3734 3735
3736 3735 3734
3731 3735 3737
3731 3737 3738
3739 3733 3738
3737 3739 3738
3739 3740 3733
3736 3741 3735
3741 3737 3735
3742 3741 3736
3737 3743 3739
3741 3743 3737
3744 3740 3739
3743 3744 3739
3744 3745 3740
3742 3746 3741
3746 3743 3741
3747 3746 3742
3746 3748 3743
3743 3748 3744
3747 3749 3746
3749 3748 3746
3750 3749 3747
3745 3744 3751
3745 3751 3752
3744 3748 3753
3749 3753 3748
3744 3753 3751
3750 3754 3749
3754 3753 3749
3755 3754 3750
3756 3752 3751
3756 3757 3752
3758 3757 3756
3759 3751 3753
3754 3759 3753
3759 3756 3751
3755 3760 3754
3760 3759 3754
3761 3760 3755
3756 3759 3762
3760 3762 3759
3761 3763 3760
3763 3762 3760
3764 3763 3761
3758 3756 3765
3756 3762 3765
3764 3766 3763
3767 3766 3764
3763 3768 3762
3768 3765 3762
3766 3768 3763
3769 3758 3765
3768 3769 3765
3769 3770 3758
3771 3770 3769
3767 3772 3766
3773 3772 3767
3766 3774 3768
3769 3768 3774
3772 3774 3766
3771 3769 3775
3769 3774 3775
3776 3775 3774
3772 3776 3774
3776 3777 3775
3773 3778 3772
3778 3776 3772
3778 3773 3779
3780 3777 3776
3778 3780 3776
3780 3781 3777
3778 3779 3782
3782 3779 3783
3784 3780 3778
3781 3780 3784
3784 3778 3782
3782 3783 3785
3786 3784 3782
3786 3782 3785
3783 3787 3785
3787 3786 3785
3783 3788 3787
3789 3787 3788
3789 3790 3787
3790 3791 3787
3787 3791 3786
3790 3792 3791
3791 3792 3793
3786 3794 3784
3781 3784 3794
3791 3795 3786
3786 3795 3794
3791 3793 3796
3791 3796 3795
3797 3796 3793
3797 3798 3796
3796 3798 3799
3796 3799 3795
3795 3799 3800
3795 3800 3794
3800 3781 3794
3800 3801 3781
3781 3801 3802
3781 3802 3803
3803 3802 3771
3803 3771 3804
3805 3806 3807
3805 3807 3808
3808 3807 3809
3808 3809 3810
3811 3808 3810
3812 3805 3808
3811 3812 3808
3812 3813 3805
3814 3813 3812
3814 3815 3813
3816 3815 3814
3816 3814 3817
3816 3817 3818
3816 3818 3819
3819 3818 3820
3819 3820 3821
3822 3821 3820
3822 3820 3823
3822 3823 3824
3822 3824 3825
3826 3825 3824
3826 3824 3827
3826 3827 3828
3826 3828 3829
3830 3829 3828
3830 3828 3831
3830 3831 3832
3830 3832 3833
3834 3833 3832
3834 3835 3833
3836 3835 3834
3823 3820 3837
3838 3837 3820
3823 3837 3839
3838 3840 3837
3823 3839 3841
3823 3841 3842
3827 3842 3841
3827 3841 3843
3844 3840 3838
3844 3845 3840
3844 3846 3845
3844 3847 3846
3846 3847 3848
3846 3848 3811
3849 3843 3850
3849 3850 3851
3852 3851 3850
3852 3850 3853
3852 3853 3854
3852 3854 3855
3856 3855 3854
3856 3857 3855
3836 3857 3856
3858 3859 3860
3858 3861 3859
3862 3861 3858
3862 3863 3861
3862 3864 3863
3862 3865 3864
3866 3867 3865
3866 3868 3867
3869 3868 3866
3869 3870 3868
3869 3871 3870
3869 3872 3871
3873 3874 3875
3873 3876 3874
3877 3876 3873
3877 3878 3876
3877 3879 3878
3877 3880 3879
3881 3879 3882
3881 3883 3879
3884 3883 3885
3884 3886 3883
3884 3887 3886
3884 3888 3887
3889 3890 3891
3889 3892 3890
3893 3892 3889
3893 3894 3892
3895 3894 3893
3895 3893 3896
3897 3895 3896
3897 3898 3899
3898 3900 3899
3898 3901 3900
3900 3901 3902
3900 3902 3903
3903 3902 3904
3903 3904 3905
3906 3907 3908
3906 3909 3907
3910 3909 3906
3910 3906 3911
3912 3910 3911
3912 3911 3913
3914 3912 3913
3915 3909 3910
3912 3915 3910
3915 3916 3909
3909 3916 3917
3909 3917 3918
3912 3919 3915
3920 3919 3912
3914 3920 3912
3920 3921 3919
3922 3921 3920
3923 3920 3914
3922 3920 3923
3923 3914 3924
3923 3924 3925
3923 3925 3926
3922 3923 3926
3922 3926 3927
3928 3929 3930
3929 3931 3930
3929 3932 3931
3933 3931 3932
3933 3934 3931
3933 3935 3934
3933 3936 3935
3937 3938 3939
3937 3940 3938
3941 3940 3937
3941 3942 3940
3943 3942 3941
3943 3941 3944
3945 3943 3944
3946 3947 3948
3946 3948 3949
3949 3948 3950
3949 3950 3951
3952 3946 3949
3953 3949 3951
3952 3949 3954
3953 3954 3949
3955 3952 3954
3956 3954 3953
3955 3954 3957
3956 3957 3954
3955 3957 3958
3956 3958 3957
3955 3958 3959
3956 3960 3958
3961 3962 3963
3961 3964 3962
3965 3962 3964
3965 3966 3962
3967 3965 3964
3961 3968 3964
3967 3964 3968
3961 3969 3968
3970 3968 3969
3971 3967 3968
3970 3971 3968
3971 3972 3967
3973 3971 3970
3973 3972 3971
3974 3975 3976
3974 3977 3975
3978 3975 3977
3978 3977 3979
3980 3978 3979
3980 3979 3981
3981 3979 3982
3981 3982 3983
3979 3984 3982
3979 3985 3984
3986 3985 3974
3986 3984 3985
3987 3988 3989
3987 3989 3990
3990 3989 3991
3990 3991 3992
3993 3990 3992
3994 3987 3990
3993 3994 3990
3994 3995 3987
3996 3994 3993
3996 3995 3994
3996 3997 3995
3996 3998 3997
3996 3993 3999
3996 4000 3998
4000 3996 3999
4000 3999 4001
4002 4003 4004
4002 4005 4003
4006 4003 4005
4006 4007 4003
4008 4006 4005
4002 4009 4005
4008 4005 4009
4002 4010 4009
4011 4009 4010
4012 4008 4009
4011 4012 4009
4012 4013 4008
4014 4012 4011
4014 4013 4012
4015 4016 4017
4015 4017 4018
4019 4015 4018
4019 4018 4020
4021 4020 4018
4022 4018 4017
4021 4018 4022
4023 4021 4022
4022 4017 4024
4023 4022 4025
4025 4026 4024
4025 4024 4027
4028 4029 4030
4028 4031 4029
4031 4032 4029
4031 4033 4032
4034 4035 4036
4034 4037 4035
4037 4038 4035
4037 4039 4038
4040 4041 4042
4040 4043 4041
4044 4043 4040
4044 4045 4043
4044 4046 4045
4044 4047 4046
4048 4049 4050
4048 4051 4049
4052 4051 4048
4052 4053 4051
4052 4054 4053
4052 4055 4054
4056 4057 4058
4056 4059 4057
4060 4059 4056
4060 4061 4059
4062 4061 4060
4062 4060 4063
4064 4062 4063
4064 4065 4066
4065 4067 4066
4065 4068 4067
4067 4068 4069
4067 4069 4070
4070 4069 4071
4070 4071 4072
4073 4074 4075
4073 4076 4074
4076 4077 4074
4076 4078 4077
4079 4076 4073
4080 4078 4076
4079 4081 4076
4080 4076 4081
4082 4081 4079
4082 4083 4081
4080 4081 4083
4080 4083 4084
4085 4086 4087
4085 4088 4086
4085 4089 4088
4085 4090 4089
4088 4089 4091
4088 4091 4092
4086 4088 4092
4086 4092 4093
4094 4095 4096
4095 4097 4096
4095 4098 4097
4099 4097 4098
4099 4100 4097
4099 4101 4100
4099 4102 4101
4103 4104 4105
4103 4106 4104
4107 4106 4103
4107 4108 4106
4109 4108 4107
4109 4107 4110
4111 4109 4110
4112 4113 4114
4112 4115 4113
4116 4115 4112
4117 4113 4115
4117 4118 4113
4116 4119 4115
4120 4119 4116
4120 4121 4119
4122 4119 4121
4123 4115 4119
4122 4123 4119
4123 4117 4115
4124 4123 4122
4124 4125 4123
4125 4117 4123
4126 4125 4124
4127 4118 4117
4125 4127 4117
4127 4128 4118
4126 4129 4125
4129 4127 4125
4130 4129 4126
4131 4128 4127
4131 4132 4128
4133 4132 4131
4133 4134 4132
4135 4134 4133
4129 4136 4127
4135 4137 4134
4130 4138 4129
4138 4136 4129
4139 4138 4130
4138 4140 4136
4139 4141 4138
4141 4140 4138
4141 4135 4140
4142 4141 4139
4142 4143 4141
4143 4135 4141
4144 4143 4142
4145 4137 4135
4143 4145 4135
4145 4146 4137
4144 4147 4143
4147 4145 4143
4148 4147 4144
4149 4146 4145
4147 4149 4145
4149 4150 4146
4148 4151 4147
4151 4149 4147
4152 4150 4149
4151 4152 4149
4152 4153 4150
4152 4154 4153
4148 4155 4151
4148 4156 4155
4157 4155 4156
4151 4158 4152
4152 4158 4154
4151 4155 4158
4157 4159 4155
4159 4158 4155
4160 4159 4157
4161 4154 4158
4159 4161 4158
4161 4162 4154
4160 4163 4159
4163 4161 4159
4164 4162 4161
4163 4164 4161
4164 4165 4162
4166 4165 4164
4166 4164 4167
4167 4164 4163
4168 4166 4167
4169 4163 4160
4167 4163 4169
4168 4167 4169
4169 4160 4170
4168 4169 4170
4171 4172 4173
4171 4174 4172
4175 4174 4171
4175 4171 4176
4174 4175 4177
4178 4172 4174
4174 4177 4178
4178 4179 4172
4178 4180 4179
4177 4181 4178
4178 4181 4180
4177 4182 4181
4181 4182 4183
4180 4181 4184
4181 4183 4184
4180 4184 4185
4184 4186 4185
4184 4183 4187
4184 4188 4186
4184 4187 4188
4188 4189 4186
4187 4190 4188
4188 4190 4189
4187 4191 4190
4190 4191 4192
4193 4189 4190
4190 4192 4193
4193 4194 4189
4193 4195 4194
4193 4192 4196
4193 4197 4195
4193 4196 4197
4197 4198 4195
4196 4199 4197
4197 4199 4198
4196 4200 4199
4199 4200 4201
4198 4199 4202
4199 4201 4202
4198 4202 4203
4204 4202 4201
4205 4203 4202
4204 4206 4202
4205 4202 4206
4207 4206 4204
4205 4206 4208
4207 4208 4206
4205 4208 4209
4210 4209 4208
4211 4208 4207
4210 4208 4211
4211 4207 4212
4213 4210 4211
4213 4211 4212
4214 4215 4216
4215 4214 4217
4215 4217 4218
4218 4217 4219
4218 4219 4220
4220 4219 4221
4220 4221 4222
4221 4223 4222
4221 4224 4223
4223 4224 4225
4223 4225 4226
4225 4227 4226
4225 4228 4227
4226 4227 4229
4226 4229 4230
4231 4226 4230
4231 4232 4226
4233 4232 4231
4233 4231 4234
4235 4233 4234
4235 4236 4233
4237 4236 4235
4237 4238 4236
4239 4238 4237
4239 4240 4238
4240 4239 4241
4242 4243 4244
4242 4244 4245
4245 4244 4246
4247 4242 4245
4245 4246 4248
4247 4245 4249
4249 4245 4248
4249 4248 4250
4251 4247 4249
4252 4249 4250
4251 4249 4252
4252 4250 4253
4254 4252 4253
4255 4251 4252
4254 4255 4252
4255 4256 4251
4255 4254 4257
4256 4255 4258
4255 4257 4258
4256 4258 4259
4258 4260 4259
4257 4261 4258
4258 4261 4260
4257 4262 4261
4263 4260 4261
4264 4261 4262
4263 4261 4264
4264 4262 4265
4266 4264 4265
4267 4263 4264
4266 4267 4264
4267 4268 4263
4269 4267 4266
4269 4268 4267
4270 4271 4272
4270 4273 4271
4273 4274 4271
4273 4275 4274
4276 4275 4273
4270 4277 4273
4276 4273 4277
4270 4278 4277
4278 4279 4277
4279 4276 4277
4278 4280 4279
4281 4279 4280
4281 4282 4279
4283 4282 4281
4279 4284 4276
4282 4284 4279
4283 4285 4282
4286 4285 4283
4284 4287 4276
4287 4288 4276
4282 4289 4284
4289 4287 4284
4285 4289 4282
4289 4290 4287
4291 4290 4289
4285 4291 4289
4291 4292 4290
4286 4293 4285
4293 4291 4285
4294 4292 4291
4293 4294 4291
4294 4295 4292
4296 4295 4294
4293 4296 4294
4296 4297 4295
4286 4298 4293
4293 4298 4296
4286 4299 4298
4300 4298 4299
4300 4301 4298
4301 4296 4298
4302 4301 4300
4303 4297 4296
4301 4303 4296
4303 4304 4297
4302 4305 4301
4305 4303 4301
4306 4305 4302
4307 4304 4303
4305 4307 4303
4307 4308 4304
4306 4309 4305
4309 4307 4305
4310 4308 4307
4309 4310 4307
4306 4311 4309
4306 4312 4311
4310 4313 4308
4314 4311 4312
4315 4313 4310
4316 4315 4310
4316 4311 4315
4315 4317 4313
4314 4318 4311
4318 4315 4311
4319 4318 4314
4320 4317 4315
4318 4320 4315
4320 4321 4317
4319 4322 4318
4322 4320 4318
4323 4321 4320
4323 4324 4321
4325 4324 4323
4325 4323 4326
4322 4327 4320
4328 4322 4319
4327 4322 4328
4328 4319 4329
4330 4328 4329
4327 4328 4331
4332 4325 4331
4332 4331 4328
4333 4334 4335
4334 4336 4335
4334 4337 4336
4338 4336 4337
4338 4339 4336
4338 4340 4339
4338 4341 4340
4342 4340 4341
4343 4339 4340
4344 4339 4343
4344 4345 4339
4346 4345 4344
4346 4344 4347
4348 4346 4347
4343 4340 4349
4350 4349 4340
4342 4350 4340
4350 4351 4349
4352 4351 4350
4353 4350 4342
4352 4350 4353
4353 4342 4354
4355 4352 4353
4355 4353 4354
4355 4354 4356
4355 4357 4352
4355 4356 4358
4359 4357 4355
4355 4358 4359
4359 4360 4357
4361 4359 4358
4362 4360 4359
4361 4362 4359
4362 4363 4360
4364 4362 4361
4364 4363 4362
4364 4361 4365
4364 4365 4366
4364 4367 4363
4364 4366 4368
4368 4367 4364
4368 4369 4367
4370 4371 4368
4370 4368 4372
4372 4368 4373
4372 4373 4374
4375 4372 4374
4370 4372 4375
4375 4374 4376
4370 4375 4377
4378 4370 4377
4379 4375 4376
4379 4376 4380
4375 4379 4381
4375 4381 4382
4383 4378 4382
4383 4382 4381
4384 4385 4386
4384 4387 4385
4388 4387 4384
4387 4389 4385
4387 4390 4389
4388 4391 4387
4391 4390 4387
4391 4392 4390
4391 4388 4393
4394 4392 4391
4391 4393 4395
4394 4391 4395
4396 4395 4393
4397 4394 4395
4396 4397 4395
4397 4398 4394
4397 4396 4399
4400 4398 4397
4400 4401 4398
4397 4399 4402
4400 4397 4402
4399 4403 4402
4399 4404 4403
4405 4400 4402
4405 4402 4403
4406 4400 4405
4407 4405 4403
4407 4406 4405
4404 4408 4403
4407 4403 4408
4404 4409 4408
4409 4410 4408
4409 4411 4410
4411 4412 4410
4413 4408 4410
4413 4407 4408
4406 4414 4400
4400 4414 4401
4415 4414 4406
4415 4406 4416
4414 4417 4401
4414 4418 4417
4401 4417 4419
4401 4419 4420
4421 4401 4420
4421 4420 4422
4420 4419 4423
4422 4420 4424
4420 4423 4424
4422 4424 4425
4425 4424 4426
4425 4426 4427
4427 4426 4428
4427 4428 4389
4426 4429 4428
4424 4430 4426
4426 4430 4429
4424 4423 4430
4431 4429 4430
4431 4430 4432
4432 4430 4423
4432 4423 4433
4433 4423 4434
4433 4434 4435
4434 4436 4435
4434 4437 4436
4436 4437 4418
4436 4418 4438
4438 4418 4416
4438 4416 4439
4416 4440 4439
4416 4441 4440
4406 4441 4416
4406 4442 4441
4407 4442 4406
4443 4442 4407
4407 4444 4443
4407 4413 4444
4444 4413 4445
4443 4444 4446
4444 4445 4446
4447 4445 4413
4447 4413 4410
4412 4447 4410
4448 4445 4447
4446 4445 4448
4412 4449 4447
4448 4447 4449
4412 4450 4449
4412 4451 4450
4452 4450 4451
4452 4453 4450
4453 4449 4450
4453 4452 4454
4453 4454 4455
4455 4454 4456
4455 4456 4457
4457 4456 4458
4457 4458 4459
4460 4459 4458
4460 4461 4459
4461 4460 4462
4463 4457 4459
4461 4463 4459
4464 4455 4457
4463 4464 4457
4465 4453 4455
4464 4465 4455
4453 4466 4449
4465 4466 4453
4467 4449 4466
4467 4448 4449
4468 4466 4465
4468 4467 4466
4469 4465 4464
4469 4468 4465
4448 4467 4470
4470 4467 4468
4461 4462 4471
4472 4471 4462
4472 4473 4471
4473 4472 4474
4475 4461 4471
4473 4475 4471
4476 4469 4464
4476 4464 4463
4469 4477 4468
4470 4468 4477
4461 4478 4463
4475 4478 4461
4469 4479 4477
4479 4469 4476
4480 4476 4463
4480 4463 4478
4481 4478 4475
4481 4480 4478
4473 4474 4482
4482 4474 4483
4473 4484 4475
4484 4481 4475
4482 4483 4485
4486 4485 4483
4486 4487 4485
4487 4486 4488
4489 4473 4482
4489 4484 4473
4487 4488 4490
4488 4491 4490
4488 4492 4491
4493 4489 4482
4493 4482 4494
4487 4493 4494
4487 4495 4493
4495 4487 4496
4484 4489 4497
4489 4493 4498
4489 4498 4497
4493 4499 4498
4493 4500 4499
4501 4499 4495
4495 4496 4502
4501 4495 4502
4496 4491 4503
4496 4503 4502
4484 4497 4504
4484 4504 4481
4505 4497 4498
4505 4504 4497
4505 4498 4506
4507 4505 4506
4505 4508 4504
4504 4509 4481
4504 4508 4509
4509 4480 4481
4508 4510 4509
4508 4511 4510
4512 4510 4511
4509 4513 4480
4510 4513 4509
4480 4513 4514
4480 4514 4476
4479 4476 4514
4513 4515 4514
4515 4479 4514
4510 4516 4513
4513 4516 4515
4512 4517 4510
4517 4516 4510
4517 4512 4518
4518 4512 4519
4517 4520 4516
4520 4515 4516
4518 4519 4521
4519 4522 4521
4520 4517 4523
4517 4518 4523
4515 4524 4479
4520 4525 4515
4525 4524 4515
4479 4524 4526
4479 4526 4477
4526 4470 4477
4525 4527 4524
4526 4524 4527
4520 4528 4525
4528 4527 4525
4520 4523 4529
4520 4529 4528
4529 4530 4528
4531 4529 4523
4518 4531 4523
4528 4532 4527
4530 4532 4528
4527 4532 4533
4526 4527 4534
4527 4533 4534
4526 4535 4470
4535 4526 4534
4529 4536 4530
4531 4536 4529
4537 4533 4532
4530 4537 4532
4538 4470 4535
4448 4470 4538
4446 4448 4538
4535 4534 4539
4533 4539 4534
4540 4446 4538
4443 4446 4540
4538 4535 4541
4541 4535 4539
4540 4538 4541
4542 4443 4540
4442 4443 4542
4543 4540 4541
4542 4540 4543
4544 4442 4542
4544 4542 4543
4541 4539 4545
4543 4541 4545
4539 4546 4545
4546 4543 4545
4533 4547 4539
4539 4547 4546
4533 4548 4547
4546 4547 4548
4546 4549 4543
4544 4543 4549
4442 4544 4550
4442 4550 4551
4549 4546 4552
4546 4548 4552
4544 4549 4553
4544 4553 4550
4549 4552 4553
4551 4550 4554
4551 4554 4440
4550 4555 4554
4550 4553 4555
4553 4556 4555
4553 4552 4556
4552 4557 4556
4552 4548 4557
4558 4557 4548
4533 4558 4548
4558 4559 4557
4537 4558 4533
4559 4558 4537
4559 4537 4560
4560 4537 4530
4560 4530 4561
4530 4562 4561
4530 4536 4562
4536 4563 4562
4536 4531 4563
4531 4564 4563
4531 4565 4564
4518 4565 4531
4564 4565 4566
4566 4565 4518
4564 4566 4567
4566 4568 4567
4566 4518 4521
4566 4569 4568
4569 4566 4521
4569 4570 4568
4569 4571 4570
4569 4521 4572
4521 4573 4572
4574 4569 4572
4572 4573 4575
4574 4572 4575
4576 4570 4574
4575 4577 4574
4576 4574 4577
4578 4576 4577
4575 4579 4577
4578 4577 4580
4579 4580 4577
4581 4578 4580
4579 4582 4580
4582 4579 4501
4581 4580 4583
4582 4583 4580
4584 4581 4583
4582 4501 4585
4585 4501 4502
4585 4502 4503
4582 4586 4583
4586 4582 4585
4586 4584 4583
4587 4585 4503
4586 4585 4587
4587 4503 4588
4588 4503 4491
4588 4491 4589
4590 4586 4587
4590 4587 4588
4586 4591 4584
4590 4591 4586
4591 4590 4592
4584 4591 4593
4591 4592 4593
4584 4593 4594
4593 4595 4594
4590 4588 4596
4592 4590 4596
4593 4597 4595
4592 4597 4593
4598 4596 4588
4598 4588 4589
4595 4597 4599
4597 4600 4599
4595 4599 4601
4602 4601 4599
4600 4602 4599
4602 4603 4601
4604 4603 4602
4592 4605 4597
4597 4605 4600
4592 4596 4606
4606 4596 4598
4607 4605 4592
4600 4605 4607
4607 4592 4606
4608 4598 4589
4608 4609 4598
4492 4608 4589
4492 4589 4610
4606 4598 4611
4611 4598 4612
4611 4612 4613
4614 4611 4613
4615 4606 4611
4615 4607 4606
4614 4615 4611
4616 4607 4615
4600 4607 4616
4617 4615 4614
4616 4615 4617
4617 4614 4618
4619 4617 4618
4620 4600 4616
4617 4620 4616
4619 4621 4617
4617 4621 4620
4621 4619 4622
4620 4623 4600
4600 4623 4602
4624 4620 4621
4623 4620 4624
4621 4622 4625
4624 4621 4625
4626 4625 4622
4627 4602 4623
4604 4602 4627
4623 4624 4628
4627 4623 4628
4629 4604 4627
4628 4629 4627
4629 4630 4604
4629 4631 4630
4626 4632 4625
4633 4632 4626
4625 4634 4624
4634 4628 4624
4625 4632 4634
4628 4635 4629
4634 4635 4628
4629 4636 4631
4635 4636 4629
4633 4637 4632
4637 4634 4632
4638 4635 4634
4637 4638 4634
4639 4638 4637
4639 4637 4640
4640 4641 4633
4640 4633 4642
4643 4640 4642
4638 4644 4635
4635 4644 4636
4644 4638 4639
4631 4636 4645
4631 4645 4646
4645 4647 4646
4636 4644 4648
4636 4648 4645
4644 4639 4648
4643 4649 4640
4649 4639 4640
4645 4650 4647
4648 4650 4645
4639 4651 4648
4648 4651 4650
4647 4650 4652
4647 4652 4653
4652 4654 4653
4650 4655 4652
4650 4651 4655
4651 4656 4655
4639 4657 4651
4649 4657 4639
4651 4657 4656
4656 4657 4649
4658 4649 4643
4656 4649 4658
4658 4643 4659
4660 4658 4659
4652 4661 4654
4655 4661 4652
4660 4662 4658
4662 4656 4658
4656 4663 4655
4655 4663 4661
4654 4661 4664
4654 4664 4665
4664 4666 4665
4661 4667 4664
4661 4663 4667
4663 4668 4667
4656 4669 4663
4662 4669 4656
4663 4669 4668
4668 4669 4662
4670 4662 4660
4668 4662 4670
4670 4660 4671
4672 4670 4671
4672 4673 4670
4673 4668 4670
4672 4674 4673
4674 4675 4673
4673 4675 4668
4668 4675 4676
4668 4676 4667
4677 4676 4675
4666 4676 4677
4667 4676 4678
4666 4678 4676
4667 4678 4664
4664 4678 4666
4679 4680 4681
4682 4680 4679
4683 4682 4679
4683 4679 4684
4685 4683 4684
4686 4685 4684
4685 4687 4683
4685 4686 4688
4687 4689 4688
4687 4688 4690
4691 4690 4688
4692 4691 4688
4686 4692 4688
4686 4693 4692
4684 4679 4694
4695 4694 4679
4686 4684 4696
4684 4694 4696
4686 4697 4693
4697 4698 4693
4699 4686 4696
4694 4699 4696
4699 4697 4686
4700 4694 4695
4694 4700 4699
4700 4695 4701
4697 4702 4698
4702 4703 4698
4704 4697 4699
4700 4704 4699
4704 4702 4697
4705 4702 4704
4702 4706 4703
4705 4706 4702
4707 4706 4705
4708 4700 4701
4700 4708 4704
4708 4705 4704
4708 4701 4709
4710 4708 4709
4710 4711 4708
4708 4711 4705
4711 4710 4712
4711 4712 4713
4705 4711 4713
4713 4712 4714
4705 4713 4715
4707 4705 4715
4713 4714 4716
4715 4713 4716
4714 4717 4716
4715 4716 4718
4717 4718 4716
4707 4715 4718
4717 4719 4718
4719 4717 4720
4707 4718 4721
4719 4721 4718
4719 4720 4722
4722 4720 4723
4722 4723 4724
4725 4722 4724
4725 4719 4722
4725 4724 4726
4725 4726 4727
4725 4727 4728
4725 4729 4719
4729 4725 4728
4719 4729 4721
4729 4728 4730
4721 4729 4730
4721 4730 4731
4707 4721 4731
4707 4731 4732
4733 4707 4732
4733 4732 4703
4734 4735 4736
4734 4736 4737
4736 4738 4737
4736 4739 4738
4740 4739 4736
4740 4741 4739
4740 4736 4742
4740 4742 4743
4737 4744 4745
4737 4745 4746
4747 4737 4748
4747 4749 4737
4749 4750 4737
4751 4750 4749
4750 4752 4737
4753 4741 4754
4753 4754 4755
4755 4756 4753
4755 4757 4756
4757 4758 4756
4757 4759 4758
4759 4760 4758
4759 4761 4760
4762 4760 4761
4762 4761 4763
4764 4762 4763
4764 4763 4765
4766 4764 4765
4766 4765 4767
4768 4766 4767
4768 4767 4769
4770 4768 4769
4770 4769 4771
4772 4770 4771
4772 4771 4773
4774 4772 4773
4774 4775 4772
4776 4774 4777
4776 4777 4778
4777 4779 4778
4777 4780 4779
4780 4781 4779
4780 4782 4781
4782 4783 4781
4782 4784 4783
4784 4785 4783
4784 4786 4785
4786 4787 4785
4786 4788 4787
4788 4789 4787
4788 4761 4789
4790 4791 4789
4790 4792 4791
4792 4757 4793
4792 4793 4794
4795 4796 4797
4795 4755 4796
4798 4799 4800
4798 4754 4799
4801 4802 4803
4801 4804 4802
4804 4801 4805
4804 4806 4802
4804 4805 4807
4804 4808 4806
4808 4804 4807
4808 4807 4809
4810 4806 4808
4808 4809 4811
4810 4808 4812
4808 4811 4812
4813 4810 4812
4813 4812 4814
4815 4813 4814
4815 4814 4816
4817 4815 4816
4817 4816 4818
4811 4819 4812
4811 4820 4819
4819 4820 4821
4819 4821 4822
4818 4823 4817
4818 4824 4823
4822 4821 4825
4822 4825 4826
4823 4824 4827
4823 4827 4828
4825 4829 4826
4825 4830 4829
4827 4831 4828
4829 4830 4832
4829 4832 4833
4832 4834 4833
4832 4835 4834
4827 4836 4831
4836 4835 4837
4831 4836 4838
4836 4837 4838
4831 4838 4839
4838 4840 4839
4837 4841 4838
4838 4841 4840
4837 4842 4841
4841 4842 4843
4840 4841 4844
4841 4843 4844
4840 4844 4845
4844 4846 4845
4843 4847 4844
4844 4847 4846
4843 4848 4847
4846 4847 4849
4848 4849 4847
4850 4851 4852
4853 4850 4852
4853 4852 4854
4855 4853 4854
4855 4854 4856
4856 4857 4855
4856 4858 4857
4858 4859 4857
4858 4860 4859
4861 4859 4860
4861 4860 4862
4863 4861 4862
4863 4862 4864
4865 4863 4864
4865 4864 4866
4867 4865 4866
4867 4866 4868
4869 4867 4868
4869 4868 4870
4871 4869 4870
4871 4870 4872
4873 4871 4872
4873 4872 4874
4875 4873 4874
4875 4874 4876
4877 4875 4876
4877 4876 4878
4879 4877 4878
4879 4878 4880
4881 4879 4880
4881 4880 4882
4883 4881 4882
4883 4882 4884
4885 4883 4884
4885 4884 4886
4886 4887 4885
4886 4888 4887
4888 4889 4887
4888 4890 4889
4890 4891 4889
4890 4892 4891
4893 4891 4892
4893 4892 4894
4895 4893 4894
4895 4894 4896
4897 4895 4896
4897 4896 4898
4899 4897 4898
4899 4898 4900
4901 4899 4900
4901 4900 4902
4903 4901 4902
4903 4902 4904
4905 4903 4904
4905 4904 4906
4907 4905 4906
4907 4906 4908
4909 4907 4908
4909 4908 4910
4911 4912 4913
4911 4913 4914
4915 4911 4914
4915 4914 4916
4917 4915 4916
4917 4916 4918
4919 4917 4918
4919 4918 4920
4921 4919 4920
4921 4920 4922
4923 4921 4924
4923 4924 4925
4926 4923 4925
4926 4925 4927
4928 4926 4927
4928 4927 4929
4930 4928 4929
4930 4929 4931
4932 4930 4931
4932 4931 4933
4934 4932 4933
4934 4933 4935
4936 4934 4935
4936 4935 4937
4938 4936 4937
4938 4937 4939
4940 4938 4939
4940 4939 4941
4942 4940 4941
4942 4941 4943
4943 4944 4942
4943 4945 4944
4945 4946 4944
4945 4947 4946
4947 4948 4946
4947 4949 4948
4948 4949 4950
4948 4950 4951
4950 4952 4951
4950 4953 4952
4954 4952 4953
4954 4953 4955
4956 4954 4955
4956 4955 4957
4958 4956 4957
4958 4957 4959
4960 4958 4959
4960 4959 4961
4962 4960 4961
4962 4961 4963
4964 4962 4963
4964 4963 4965
4966 4964 4965
4966 4967 4964
4968 4969 4970
4968 4970 4971
4972 4968 4971
4972 4973 4968
4974 4973 4972
4974 4972 4975
4976 4974 4975
4976 4975 4977
4978 4976 4977
4979 4980 4970
4979 4981 4980
4981 4982 4980
4981 4983 4982
4983 4984 4982
4983 4985 4984
4985 4986 4984
4985 4987 4986
4987 4988 4986
4983 4989 4985
4989 4987 4985
4987 4990 4988
4990 4991 4988
4989 4992 4987
4992 4990 4987
4990 4993 4991
4993 4994 4991
4993 4995 4994
4995 4996 4994
4990 4997 4993
4997 4995 4993
4992 4998 4990
4990 4998 4997
4995 4999 4996
4999 5000 4996
4999 5001 5000
5001 5002 5000
5001 5003 5002
5003 5004 5002
5003 5005 5004
5005 5006 5004
5005 5007 5006
5007 5008 5006
5009 5005 5003
5009 5007 5005
5001 5010 5003
5010 5009 5003
5011 5001 4999
5001 5011 5010
4995 5012 4999
5012 5011 4999
5013 5009 5010
5011 5013 5010
5011 5014 5013
5015 5014 5011
5015 5011 5012
5013 5016 5009
5017 5015 5012
4995 5018 5012
5017 5012 5018
4997 5018 4995
5019 5017 5018
5019 5018 4997
4998 5019 4997
4998 5020 5019
5021 5020 4998
5021 4998 4992
5022 5021 4992
5022 4992 4989
5016 5023 5009
5016 5024 5023
5009 5023 5007
5025 5022 4989
5025 5026 5022
4983 5025 4989
5027 5026 5025
5028 5025 4983
5027 5025 5028
5028 4983 4981
5029 5027 5028
5030 5028 4981
5029 5028 5030
5030 4981 4979
5030 5031 5029
5032 5030 4979
5030 5032 5031
5032 4979 5033
5032 5034 5031
5035 5032 5033
5032 5036 5034
5035 5036 5032
5037 5034 5036
5038 5036 5035
5037 5036 5038
5038 5035 5039
5040 5037 5038
5041 5038 5039
5040 5038 5041
5041 5039 5042
4978 5040 5041
4978 5041 5042
1278 1268 5043
1278 5043 5044
5044 5043 5045
5044 5045 1341
5046 5047 2712
5046 5048 5047
5048 2719 5047
5049 5050 3379
5049 5051 5050
5051 3387 5050
5052 5053 627
5052 639 5053
629 5052 627
5054 639 5052
642 639 5054
5055 5052 629
5054 5052 5055
5055 629 5056
5057 5055 5056
5058 642 5054
5058 5059 642
5060 5059 5058
5061 5054 5055
5057 5061 5055
5061 5058 5054
5060 5058 5062
5062 5058 5061
5063 5061 5057
5062 5061 5063
5063 5057 5064
5065 5063 5064
5066 5060 5062
5066 5067 5060
5068 5067 5066
5069 5062 5063
5065 5069 5063
5069 5066 5062
5068 5066 5070
5070 5066 5069
5070 5069 5071
5071 5069 5065
5071 5065 5072
5073 5071 5072
5073 5074 5071
5074 5075 5071
5076 5068 5075
5074 5076 5075
5076 5077 5068
5073 5078 5074
5073 5079 5078
5079 5080 5078
5074 5078 5081
5074 5081 5082
5083 5077 5082
5078 5080 5084
5080 5083 5084
5083 5082 5084
5085 5086 5087
5088 5087 5086
5085 5089 5086
5090 5089 5085
5090 5091 5089
5092 5091 5090
5088 5086 5093
5089 5094 5086
5093 5086 5094
5089 5095 5094
5091 5095 5089
5093 5094 5096
5091 5097 5095
5088 5093 5098
5098 5093 5096
5088 5098 5099
5098 5096 5100
5101 5099 5098
5102 5097 5091
5092 5102 5091
5102 5103 5097
5102 5104 5103
5105 5098 5100
5101 5098 5105
5105 5100 5106
5092 5107 5102
5102 5107 5104
5092 5108 5107
5109 5107 5108
5110 5104 5107
5101 5105 5111
5111 5105 5106
5111 5106 5112
5101 5111 5113
5114 5111 5112
5109 5115 5107
5110 5107 5115
5116 5115 5109
5117 5113 5111
5114 5117 5111
5117 5118 5113
5119 5117 5114
5110 5115 5120
5116 5120 5115
5110 5120 5121
5122 5121 5120
5123 5118 5117
5119 5123 5117
5123 5124 5118
5125 5123 5119
5123 5126 5124
5127 5120 5116
5122 5120 5127
5127 5116 5128
5129 5122 5127
5129 5127 5128
5125 5130 5123
5123 5130 5126
5130 5125 5131
5126 5130 5132
5130 5131 5132
5133 5134 5135
5136 5134 5133
5133 5135 5137
5137 5135 5138
5137 5138 5139
5140 5137 5139
5140 5141 5137
5133 5137 5141
5133 5141 5142
5143 5133 5142
5136 5133 5143
5143 5142 5144
5145 5136 5143
5145 5143 5144
5145 5144 5146
5145 5147 5136
5148 5145 5146
5149 5147 5145
5148 5149 5145
5149 5150 5147
5151 5150 5149
5152 5149 5148
5151 5149 5152
5152 5148 5153
5154 5151 5152
5155 5152 5153
5154 5152 5155
5155 5153 5156
5157 5154 5155
5158 5155 5156
5157 5155 5159
5158 5159 5155
5157 5159 5160
5160 5159 5158
5157 5160 5161
5160 5158 5162
5160 5163 5161
5164 5160 5162
5160 5165 5163
5164 5165 5160
5166 5163 5165
5167 5165 5164
5166 5165 5167
5167 5164 5168
5169 5166 5167
5170 5167 5168
5169 5167 5171
5170 5171 5167
5169 5171 5172
5172 5171 5170
5169 5172 5173
5172 5170 5174
5172 5175 5173
5176 5172 5174
5172 5177 5175
5176 5177 5172
5178 5175 5177
5179 5177 5176
5178 5177 5179
5179 5176 5180
5181 5178 5179
5182 5179 5180
5181 5179 5182
5182 5180 5183
5184 5181 5182
5184 5182 5183
5185 5186 5187
5185 5187 5188
5189 5188 5187
5186 5190 5187
5186 5191 5190
5191 5192 5190
5191 5193 5192
5193 5194 5192
5193 5195 5194
5195 5196 5194
5195 5197 5196
5197 5198 5196
5197 5199 5198
5200 5198 5199
5200 5199 5201
5201 5202 5200
5201 5203 5202
5187 5190 5204
5190 5205 5204
5203 5206 5202
5203 5207 5206
5187 5204 5208
5189 5187 5208
5209 5189 5208
5209 5208 5210
5204 5210 5208
5211 5209 5210
5211 5210 5212
5210 5213 5212
5204 5214 5210
5210 5214 5213
5205 5214 5204
5214 5215 5213
5214 5216 5215
5205 5216 5214
5216 5217 5215
5205 5218 5216
5216 5218 5217
5205 5219 5218
5218 5220 5217
5219 5221 5218
5218 5221 5220
5219 5222 5221
5221 5223 5220
5222 5224 5221
5221 5224 5223
5222 5225 5224
5224 5226 5223
5225 5227 5224
5224 5227 5226
5225 5228 5227
5227 5229 5226
5230 5227 5228
5227 5230 5229
5230 5228 5202
5230 5231 5229
5206 5230 5202
5230 5232 5231
5206 5232 5230
5232 5233 5231
5232 5234 5233
5206 5234 5232
5234 5235 5233
5206 5236 5234
5236 5206 5207
5236 5207 5237
5234 5238 5235
5236 5238 5234
5238 5239 5235
5240 5236 5237
5236 5240 5238
5240 5237 5241
5008 5240 5241
5238 5242 5239
5240 5242 5238
5024 5239 5242
5024 5242 5023
5008 5243 5240
5240 5243 5242
5023 5242 5243
5007 5243 5008
5023 5243 5007
