byte offset: 0
first index: 61983
index count: 10080
topology: trianglelist
format: DXGI_FORMAT_R16_UINT

17430 17431 17432
17433 17432 17431
17433 17434 17432
17435 17432 17434
17436 17432 17435
17435 17434 17437
17438 17434 17433
17437 17434 17438
17438 17433 17439
17437 17438 17440
17441 17438 17439
17441 17440 17438
17441 17439 17442
17441 17443 17440
17442 17444 17441
17444 17443 17441
17444 17445 17443
17442 17446 17444
17447 17445 17444
17448 17444 17446
17447 17444 17448
17448 17446 17449
17448 17449 17450
17447 17448 17451
17448 17450 17451
17447 17451 17452
17451 17450 17453
17452 17451 17454
17451 17453 17454
17452 17454 17455
17454 17453 17456
17457 17455 17454
17454 17456 17457
17457 17458 17455
17456 17459 17457
17459 17458 17457
17459 17460 17458
17456 17461 17459
17462 17460 17459
17463 17459 17461
17462 17459 17463
17463 17461 17464
17463 17464 17465
17462 17463 17466
17463 17465 17466
17462 17466 17467
17466 17465 17468
17467 17466 17468
17469 17470 17471
17472 17471 17470
17472 17470 17473
17474 17473 17470
17475 17474 17470
17474 17476 17473
17477 17472 17473
17476 17477 17473
17477 17478 17472
17476 17479 17477
17480 17478 17477
17480 17477 17479
17480 17481 17478
17480 17479 17482
17481 17480 17483
17483 17480 17482
17483 17482 17484
17481 17483 17485
17486 17483 17484
17487 17485 17483
17486 17487 17483
17487 17488 17485
17487 17489 17488
17486 17490 17487
17487 17490 17489
17486 17491 17490
17490 17492 17489
17491 17493 17490
17490 17493 17492
17491 17494 17493
17493 17495 17492
17496 17493 17494
17493 17496 17495
17496 17494 17497
17495 17496 17498
17498 17496 17497
17498 17497 17499
17495 17498 17500
17501 17498 17499
17502 17500 17498
17501 17502 17498
17502 17503 17500
17502 17504 17503
17501 17505 17502
17502 17505 17504
17501 17506 17505
17505 17507 17504
17506 17507 17505
8728 8730 7810
8728 7810 7809
11807 10966 10967
11807 10967 11808
17508 17509 17510
17508 17510 17511
17511 17510 17512
17513 17508 17511
17513 17514 17508
17514 17515 17508
17514 17516 17515
17517 17515 17516
17513 17511 17518
17511 17512 17518
17513 17518 17519
17518 17520 17519
17512 17521 17518
17518 17521 17520
17512 17522 17521
17521 17523 17520
17524 17521 17522
17521 17525 17523
17524 17525 17521
17523 17525 17526
17525 17524 17526
17517 17527 17528
17527 17529 17528
17527 17530 17529
17531 17532 17533
17531 17534 17532
17534 17535 17532
17536 17534 17531
17536 17531 17537
17536 17537 17538
17534 17539 17535
17540 17534 17536
17540 17539 17534
17541 17535 17539
17540 17541 17539
17541 17542 17535
17540 17543 17541
17536 17538 17544
17544 17540 17536
17538 17545 17544
17538 17546 17545
17547 17545 17546
17548 17543 17540
17544 17548 17540
17545 17548 17544
17548 17549 17543
17550 17549 17548
17545 17550 17548
17550 17551 17549
17551 17550 17552
17545 17552 17550
17551 17552 17553
17547 17554 17545
17545 17554 17552
17547 17555 17554
17555 17552 17554
17547 17556 17555
17557 17553 17552
17555 17557 17552
17557 17558 17553
17559 17558 17557
17560 17555 17556
17560 17557 17555
17560 17556 17561
17562 17560 17561
17559 17557 17563
17560 17563 17557
17562 17564 17560
17564 17563 17560
17559 17563 17565
17564 17565 17563
17559 17565 17566
17567 17566 17565
17567 17565 17564
17567 17568 17566
17569 17568 17567
17562 17570 17564
17567 17564 17570
17562 17571 17570
17570 17571 17572
17569 17567 17573
17573 17567 17570
17574 17569 17573
17570 17572 17575
17573 17570 17575
17576 17575 17572
17573 17575 17576
17576 17572 17577
17576 17577 17578
17574 17573 17579
17573 17576 17579
17580 17574 17579
17576 17580 17579
17580 17581 17574
17576 17578 17582
17576 17582 17580
17583 17582 17578
17583 17584 17582
17584 17580 17582
17584 17583 17585
17586 17581 17580
17584 17586 17580
17586 17587 17581
17588 17587 17586
17588 17586 17589
17589 17586 17584
17590 17588 17589
17584 17585 17591
17589 17584 17591
17592 17591 17585
17589 17591 17592
17590 17589 17592
17592 17585 17593
17594 17592 17593
17595 17590 17592
17594 17595 17592
17595 17596 17590
17597 17595 17594
17598 17596 17595
17597 17598 17595
17598 17599 17596
17600 17598 17597
17600 17599 17598
17601 17602 17603
17601 17603 17604
17601 17604 17605
17606 17604 17603
17606 17603 17607
17608 17606 17607
17609 17608 17607
17609 17607 17610
17610 17607 17603
17611 17609 17610
17610 17603 17612
17603 17613 17612
17611 17610 17614
17614 17610 17612
17615 17612 17613
17614 17612 17615
17615 17613 17616
17617 17615 17616
17618 17611 17614
17618 17614 17615
17618 17619 17611
17618 17615 17620
17617 17620 17615
17621 17619 17618
17621 17618 17620
17621 17622 17619
17623 17622 17621
17623 17624 17622
17625 17624 17623
17625 17626 17624
17627 17626 17625
17621 17620 17628
17629 17623 17621
17629 17621 17628
17630 17628 17620
17630 17620 17617
17630 17629 17628
17631 17625 17623
17631 17623 17629
17627 17625 17632
17632 17625 17631
17630 17633 17629
17633 17631 17629
17617 17634 17630
17634 17633 17630
17617 17635 17634
17617 17636 17635
17637 17636 17617
17637 17617 17638
17639 17637 17638
17639 17640 17637
17634 17641 17633
17641 17642 17633
17633 17642 17631
17641 17643 17642
17642 17643 17644
17645 17631 17642
17632 17631 17645
17642 17644 17646
17645 17642 17646
17646 17644 17647
17646 17647 17648
17645 17646 17648
17648 17647 17649
17632 17645 17650
17645 17648 17650
17648 17649 17651
17650 17648 17651
17632 17650 17652
17627 17632 17652
17627 17652 17653
17654 17653 17652
17652 17650 17655
17650 17651 17655
17656 17651 17649
17656 17649 17657
17654 17652 17658
17652 17655 17658
17654 17658 17659
17659 17658 17655
17654 17659 17660
17661 17660 17659
17662 17655 17651
17662 17651 17656
17659 17655 17662
17663 17656 17657
17663 17657 17664
17665 17663 17664
17666 17662 17656
17666 17656 17663
17659 17662 17666
17663 17665 17666
17665 17661 17667
17661 17659 17667
17666 17665 17667
17659 17666 17667
17601 17640 17668
17669 17670 17671
17669 17672 17670
17672 17669 17673
17674 17670 17672
17672 17673 17675
17675 17673 17676
17674 17672 17677
17677 17672 17675
17675 17676 17678
17678 17676 17679
17680 17674 17677
17680 17681 17674
17682 17680 17677
17677 17675 17683
17682 17677 17683
17683 17675 17678
17682 17683 17684
17683 17678 17684
17685 17684 17678
17682 17684 17686
17686 17684 17685
17686 17685 17687
17688 17687 17685
17678 17679 17689
17685 17678 17689
17679 17690 17689
17685 17689 17690
17679 17691 17690
17690 17691 17692
17688 17685 17693
17685 17690 17693
17688 17693 17694
17694 17693 17690
17688 17694 17695
17690 17692 17696
17694 17690 17696
17697 17696 17692
17698 17695 17694
17698 17694 17696
17698 17699 17695
17700 17699 17698
17697 17701 17696
17698 17696 17701
17700 17698 17702
17702 17698 17701
17700 17702 17703
17700 17703 17704
17703 17705 17704
17697 17706 17701
17702 17701 17706
17703 17702 17706
17697 17707 17706
17706 17707 17708
17706 17708 17709
17703 17706 17709
17710 17709 17708
17710 17711 17709
17711 17703 17709
17712 17711 17710
17703 17713 17705
17711 17713 17703
17714 17705 17713
17711 17714 17713
17714 17715 17705
17714 17716 17715
17712 17717 17711
17711 17717 17714
17718 17717 17712
17714 17717 17718
17718 17712 17719
17714 17720 17716
17714 17718 17720
17721 17716 17720
17721 17720 17722
17722 17720 17718
17722 17723 17721
17724 17718 17719
17722 17718 17724
17724 17719 17725
17726 17724 17725
17726 17727 17724
17727 17722 17724
17728 17727 17726
17722 17729 17723
17727 17729 17722
17730 17723 17729
17727 17730 17729
17728 17730 17727
17730 17731 17723
17732 17731 17730
17733 17730 17728
17732 17730 17733
17733 17728 17734
17735 17732 17733
17736 17733 17734
17735 17733 17736
17736 17734 17737
17738 17735 17736
17738 17736 17737
17739 17740 17741
17739 17741 17742
17739 17742 17743
17744 17742 17741
17744 17745 17742
17745 17744 17746
17747 17742 17745
17742 17747 17748
17749 17748 17747
17750 17745 17746
17747 17745 17750
17750 17746 17751
17752 17750 17751
17753 17747 17750
17752 17753 17750
17749 17747 17754
17753 17754 17747
17755 17753 17752
17755 17754 17753
17755 17752 17756
17749 17754 17757
17755 17757 17754
17749 17757 17758
17759 17755 17756
17759 17757 17755
17759 17756 17760
17761 17759 17760
17761 17760 17762
17763 17761 17762
17763 17762 17764
17765 17763 17764
17759 17766 17757
17767 17759 17761
17767 17766 17759
17768 17757 17766
17768 17758 17757
17768 17766 17767
17769 17761 17763
17769 17767 17761
17765 17770 17763
17770 17769 17763
17768 17767 17771
17771 17767 17769
17758 17768 17772
17772 17768 17771
17758 17772 17773
17758 17773 17774
17775 17758 17774
17775 17776 17758
17775 17777 17776
17775 17778 17777
17772 17771 17779
17779 17771 17780
17771 17769 17780
17779 17780 17781
17780 17782 17781
17783 17780 17769
17770 17783 17769
17780 17784 17782
17783 17784 17780
17784 17785 17782
17784 17786 17785
17783 17786 17784
17786 17787 17785
17770 17788 17783
17783 17788 17786
17786 17789 17787
17788 17789 17786
17770 17790 17788
17765 17790 17770
17765 17791 17790
17792 17790 17791
17790 17793 17788
17788 17793 17789
17794 17787 17789
17794 17795 17787
17792 17796 17790
17790 17796 17793
17792 17797 17796
17797 17793 17796
17792 17798 17797
17799 17797 17798
17800 17789 17793
17800 17794 17789
17797 17800 17793
17801 17795 17794
17801 17802 17795
17803 17802 17801
17804 17794 17800
17804 17801 17794
17797 17804 17800
17801 17804 17803
17803 17805 17799
17799 17805 17797
17804 17805 17803
17797 17805 17804
17739 17806 17778
17807 17808 17809
17810 17807 17809
17807 17810 17811
17810 17809 17812
17813 17812 17809
17810 17814 17811
17815 17811 17814
17815 17816 17811
17815 17817 17816
17818 17814 17810
17819 17815 17814
17819 17814 17818
17815 17820 17817
17819 17820 17815
17818 17810 17821
17821 17810 17812
17817 17820 17822
17817 17822 17823
17824 17823 17822
17824 17822 17825
17826 17824 17825
17827 17822 17820
17825 17822 17827
17826 17825 17828
17829 17826 17828
17830 17819 17818
17830 17818 17821
17819 17831 17820
17827 17820 17831
17825 17827 17832
17825 17832 17828
17829 17828 17833
17834 17829 17833
17835 17833 17828
17832 17835 17828
17836 17834 17833
17835 17836 17833
17834 17836 17837
17836 17838 17837
17836 17835 17838
17835 17839 17838
17832 17827 17840
17840 17827 17831
17832 17841 17835
17835 17841 17839
17832 17840 17841
17840 17839 17841
17840 17842 17839
17842 17840 17843
17840 17831 17843
17842 17843 17844
17845 17843 17831
17845 17844 17843
17845 17831 17819
17845 17846 17844
17847 17846 17845
17830 17845 17819
17847 17845 17830
17848 17847 17830
17848 17830 17849
17850 17848 17849
17830 17821 17849
17850 17849 17851
17851 17849 17821
17852 17850 17851
17852 17853 17850
17852 17854 17853
17851 17821 17855
17821 17812 17855
17852 17856 17854
17857 17854 17856
17851 17858 17852
17851 17855 17858
17856 17852 17858
17855 17812 17859
17855 17859 17858
17813 17859 17812
17857 17856 17860
17861 17857 17860
17856 17858 17862
17859 17862 17858
17860 17856 17862
17813 17863 17859
17859 17863 17862
17813 17864 17863
17861 17860 17865
17866 17861 17865
17860 17862 17867
17867 17862 17863
17865 17860 17867
17865 17867 17868
17864 17869 17863
17867 17863 17869
17867 17869 17868
17864 17870 17869
17870 17868 17869
17870 17871 17868
17872 17868 17871
17866 17865 17873
17868 17873 17865
17874 17866 17873
17872 17875 17868
17868 17875 17873
17872 17876 17875
17873 17875 17876
17874 17873 17877
17873 17876 17877
17877 17878 17874
17879 17877 17876
17877 17879 17878
17879 17876 17880
17879 17881 17878
17882 17879 17880
17879 17882 17881
17883 17881 17882
17882 17880 17884
17884 17883 17882
17884 17885 17883
17883 17886 17881
17883 17887 17886
17883 17888 17887
17889 17888 17883
17889 17883 17890
17891 17888 17889
17887 17888 17892
17891 17892 17888
17887 17892 17893
17894 17892 17891
17893 17892 17894
17895 17896 17897
17898 17896 17895
17895 17899 17898
17898 17900 17896
17901 17896 17900
17898 17899 17902
17903 17902 17899
17903 17899 17904
17903 17904 17905
17906 17898 17902
17907 17902 17903
17907 17906 17902
17903 17905 17908
17907 17903 17908
17906 17909 17898
17909 17900 17898
17905 17910 17908
17905 17911 17910
17912 17910 17911
17912 17913 17910
17914 17913 17912
17915 17908 17910
17913 17915 17910
17914 17916 17913
17917 17916 17914
17918 17906 17907
17918 17909 17906
17907 17908 17919
17915 17919 17908
17913 17920 17915
17913 17916 17920
17917 17921 17916
17922 17921 17917
17923 17916 17921
17920 17916 17923
17924 17921 17922
17923 17921 17924
17922 17925 17924
17924 17925 17926
17924 17926 17923
17923 17926 17927
17920 17928 17915
17928 17919 17915
17920 17923 17929
17923 17927 17929
17920 17929 17928
17928 17929 17927
17928 17927 17930
17930 17931 17928
17928 17931 17919
17930 17932 17931
17933 17919 17931
17933 17931 17932
17933 17907 17919
17933 17932 17934
17935 17933 17934
17918 17907 17933
17935 17918 17933
17936 17918 17935
17936 17937 17918
17938 17937 17936
17918 17937 17909
17938 17939 17937
17939 17909 17937
17940 17939 17938
17940 17938 17941
17940 17941 17942
17939 17943 17909
17909 17943 17900
17940 17942 17944
17945 17944 17942
17939 17940 17946
17939 17946 17943
17944 17946 17940
17943 17947 17900
17943 17946 17947
17901 17900 17947
17945 17948 17944
17949 17948 17945
17944 17950 17946
17947 17946 17950
17948 17950 17944
17901 17947 17951
17947 17950 17951
17901 17951 17952
17949 17953 17948
17954 17953 17949
17948 17955 17950
17955 17951 17950
17953 17955 17948
17952 17951 17956
17955 17956 17951
17952 17956 17957
17955 17958 17956
17957 17956 17958
17953 17958 17955
17957 17958 17959
17960 17959 17958
17960 17958 17961
17953 17961 17958
17960 17961 17962
17954 17963 17953
17953 17963 17961
17963 17962 17961
17964 17963 17954
17964 17965 17963
17963 17965 17962
17965 17964 17966
17967 17962 17965
17965 17966 17967
17967 17968 17962
17967 17966 17969
17970 17968 17967
17967 17969 17970
17971 17970 17969
17970 17972 17968
17972 17970 17971
17972 17971 17973
17971 17969 17974
17971 17974 17975
17971 17975 17976
17977 17971 17976
17977 17978 17971
17979 17977 17976
17975 17980 17976
17979 17976 17980
17975 17981 17980
17982 17979 17980
17981 17982 17980
17983 17984 17985
17983 17986 17984
17986 17983 17987
17986 17988 17984
17989 17986 17987
17990 17988 17986
17990 17986 17989
17991 17992 17993
17993 17992 17994
17995 17996 17997
17996 17998 17997
17999 17998 17996
18000 17998 17999
17998 18001 17997
18000 18002 17998
17998 18002 18001
18000 18003 18002
18002 18003 18004
18005 18001 18002
18002 18004 18005
18006 18005 18004
18005 18007 18001
18007 18005 18006
18006 18004 18008
18009 18007 18006
18010 18006 18008
18011 18009 18006
18010 18012 18006
18011 18006 18012
18013 18012 18010
18013 18011 18012
18013 18010 18014
18013 18015 18011
18013 18014 18016
18015 18013 18017
18013 18016 18017
18015 18017 18018
18017 18016 18019
18020 18018 18017
18017 18019 18021
18020 18017 18021
18022 18021 18019
18020 18021 18023
18022 18023 18021
18020 18023 18024
18023 18025 18024
18022 18026 18023
18023 18026 18025
18022 18027 18026
18026 18028 18025
18027 18029 18026
18026 18029 18028
18027 18030 18029
18029 18030 18031
18028 18029 18032
18029 18031 18032
18028 18032 18033
18032 18031 18034
18035 18033 18032
18032 18034 18036
18035 18032 18036
18034 18037 18036
18037 18035 18036
18034 18038 18037
18037 18039 18035
18037 18038 18040
18039 18037 18041
18037 18040 18041
18039 18041 18042
18040 18043 18041
18043 18042 18041
18040 18044 18043
18043 18045 18042
18046 18043 18044
18045 18043 18046
18047 18048 18049
18047 18049 18050
18050 18051 18047
18050 18049 18052
18053 18051 18050
18054 18050 18052
18054 18053 18050
18055 18056 18057
18056 18058 18057
18059 18060 18061
18061 18060 18062
18063 18061 18062
18064 18063 18062
18062 18060 18065
18064 18062 18066
18062 18065 18066
18064 18066 18067
18066 18068 18067
18069 18066 18065
18066 18069 18068
18070 18068 18069
18069 18065 18071
18070 18069 18071
18070 18072 18068
18073 18070 18071
18074 18072 18070
18075 18070 18073
18074 18070 18076
18075 18076 18070
18077 18074 18076
18077 18076 18075
18077 18078 18074
18077 18075 18079
18077 18080 18078
18079 18081 18077
18077 18081 18080
18079 18082 18081
18081 18083 18080
18084 18081 18082
18081 18085 18083
18084 18085 18081
18086 18083 18085
18084 18087 18085
18086 18085 18087
18084 18088 18087
18087 18088 18089
18086 18087 18090
18087 18089 18090
18086 18090 18091
18090 18089 18092
18091 18090 18093
18090 18092 18093
18091 18093 18094
18093 18095 18094
18092 18096 18093
18093 18096 18095
18092 18097 18096
18096 18098 18095
18099 18096 18097
18096 18100 18098
18099 18100 18096
18098 18100 18101
18101 18100 18099
18098 18101 18102
18101 18099 18103
18101 18104 18102
18103 18105 18101
18101 18105 18104
18103 18106 18105
18104 18105 18107
18107 18105 18106
18104 18107 18108
18107 18106 18109
18110 18108 18107
18109 18110 18107
18111 18112 18113
18114 18112 18111
18114 18115 18112
18114 18116 18115
18114 18117 18116
18114 18118 18117
18119 18116 18117
18118 18119 18117
18118 18120 18119
18119 18121 18116
18119 18120 18122
18121 18119 18123
18119 18122 18123
18121 18123 18124
18125 18123 18122
18124 18123 18126
18125 18126 18123
18124 18126 18127
18127 18126 18128
18129 18126 18125
18128 18126 18129
18129 18125 18130
18129 18130 18131
18128 18129 18132
18129 18131 18132
18128 18132 18133
18132 18134 18133
18131 18135 18132
18132 18135 18134
18131 18136 18135
18137 18134 18135
18136 18137 18135
18136 18138 18137
18137 18139 18134
18137 18138 18140
18139 18137 18141
18137 18140 18141
18139 18141 18142
18141 18143 18142
18140 18144 18141
18141 18144 18143
18140 18145 18144
18143 18144 18146
18146 18144 18145
18147 18148 18149
18150 18147 18149
18150 18149 18151
18150 18151 18152
18150 18152 18153
18150 18153 18154
18155 18153 18152
18154 18153 18155
18154 18155 18156
18155 18152 18157
18155 18158 18156
18157 18159 18155
18155 18159 18158
18157 18160 18159
18161 18158 18159
18160 18162 18159
18161 18159 18162
18160 18163 18162
18163 18164 18162
18165 18161 18162
18164 18165 18162
18165 18166 18161
18165 18167 18166
18164 18168 18165
18165 18168 18167
18164 18169 18168
18168 18169 18170
18167 18168 18171
18168 18170 18171
18167 18171 18172
18173 18171 18170
18172 18171 18173
18172 18173 18174
18173 18170 18175
18173 18176 18174
18175 18177 18173
18173 18177 18176
18175 18178 18177
18177 18178 18179
18176 18177 18180
18177 18179 18180
18176 18180 18181
18179 18182 18180
18182 18181 18180
18183 18184 18185
18186 18183 18185
18183 18187 18184
18184 18187 18188
18188 18187 18189
18190 18189 18187
18190 18187 18183
18183 18191 18190
18186 18192 18183
18183 18192 18191
18192 18193 18191
18194 18192 18186
18192 18195 18193
18194 18195 18192
18195 18196 18193
18194 18197 18195
18195 18197 18196
18194 18198 18197
18199 18196 18197
18198 18199 18197
18199 18200 18196
18198 18201 18199
18200 18199 18202
18199 18201 18202
18200 18202 18203
18202 18201 18204
18205 18203 18202
18206 18202 18204
18205 18202 18206
18206 18204 18207
18208 18206 18207
18205 18206 18209
18208 18209 18206
18205 18209 18210
18211 18209 18208
18210 18209 18211
18212 18213 18214
18215 18213 18212
18212 18214 18216
18214 18217 18216
18217 18218 18216
18219 18216 18218
18219 18212 18216
18212 18219 18220
18215 18212 18221
18212 18220 18221
18221 18220 18222
18223 18215 18221
18221 18222 18224
18223 18221 18224
18224 18222 18225
18223 18224 18226
18224 18225 18226
18223 18226 18227
18228 18226 18225
18227 18226 18228
18228 18225 18229
18227 18228 18230
18229 18231 18228
18228 18231 18230
18229 18232 18231
18231 18233 18230
18234 18231 18232
18235 18233 18231
18234 18235 18231
18235 18236 18233
18237 18236 18235
18234 18238 18235
18237 18235 18238
18234 18239 18238
18240 18237 18238
18239 18240 18238
18241 18242 18243
18241 18243 18244
18243 18245 18244
18242 18246 18243
18243 18246 18245
18242 18247 18246
18246 18248 18245
18247 18249 18246
18247 18250 18249
18246 18251 18248
18249 18251 18246
18252 18248 18251
18252 18251 18249
18252 18253 18248
18250 18254 18249
18252 18249 18254
18255 18252 18254
18250 18256 18254
18254 18256 18257
18254 18257 18255
18255 18257 18258
18255 18258 18259
18260 18253 18252
18255 18260 18252
18260 18261 18253
18262 18261 18260
18255 18262 18260
18262 18263 18261
18255 18259 18264
18255 18264 18262
18259 18265 18264
18264 18265 18266
18266 18262 18264
18266 18265 18267
18266 18267 18268
18269 18263 18262
18266 18269 18262
18269 18270 18263
18266 18268 18271
18271 18269 18266
18268 18272 18271
18271 18272 18273
18273 18272 18274
18273 18274 18275
18276 18270 18269
18271 18276 18269
18273 18276 18271
18276 18277 18270
18278 18277 18276
18278 18276 18279
18273 18279 18276
18278 18279 18280
18280 18279 18273
18278 18280 18281
18273 18275 18282
18280 18273 18282
18281 18280 18283
18283 18280 18282
18281 18283 18284
18285 18282 18275
18283 18282 18285
18285 18275 18286
18287 18285 18286
18288 18284 18283
18285 18288 18283
18288 18289 18284
18290 18289 18288
18287 18291 18285
18285 18291 18288
18291 18290 18288
18292 18291 18287
18293 18290 18291
18292 18293 18291
18294 18295 18296
18294 18297 18295
18295 18297 18298
18296 18295 18299
18295 18298 18299
18296 18299 18300
18299 18298 18301
18300 18299 18302
18300 18302 18303
18299 18301 18304
18302 18299 18304
18305 18304 18301
18305 18302 18304
18305 18301 18306
18303 18302 18307
18305 18307 18302
18308 18307 18305
18303 18307 18309
18307 18310 18309
18307 18308 18310
18308 18311 18310
18308 18312 18311
18313 18305 18306
18308 18305 18313
18313 18306 18314
18315 18313 18314
18308 18313 18315
18315 18314 18316
18308 18317 18312
18308 18315 18317
18312 18317 18318
18317 18319 18318
18319 18317 18315
18319 18320 18318
18319 18321 18320
18322 18315 18316
18319 18315 18322
18322 18316 18323
18319 18324 18321
18324 18319 18322
18321 18324 18325
18324 18326 18325
18326 18327 18325
18326 18328 18327
18329 18322 18323
18324 18322 18329
18326 18324 18329
18329 18323 18330
18331 18329 18330
18331 18332 18329
18326 18329 18332
18331 18333 18332
18333 18326 18332
18331 18334 18333
18326 18335 18328
18333 18335 18326
18334 18336 18333
18336 18335 18333
18334 18337 18336
18338 18328 18335
18336 18338 18335
18338 18339 18328
18340 18339 18338
18341 18336 18337
18338 18336 18341
18341 18337 18342
18343 18341 18342
18340 18338 18344
18338 18341 18344
18344 18341 18343
18345 18340 18344
18346 18344 18343
18345 18344 18346
18347 18348 18349
18347 18350 18348
18349 18348 18351
18350 18351 18348
18349 18351 18352
18350 18353 18351
18352 18351 18354
18353 18354 18351
18353 18355 18354
18352 18354 18356
18354 18355 18357
18358 18356 18354
18354 18357 18358
18358 18359 18356
18360 18359 18358
18357 18361 18358
18360 18358 18361
18360 18361 18362
18357 18363 18361
18362 18361 18363
18360 18362 18364
18362 18363 18365
18366 18364 18362
18367 18362 18365
18365 18368 18367
18366 18362 18369
18367 18369 18362
18366 18369 18370
18371 18367 18368
18369 18367 18371
18371 18368 18372
18372 18373 18371
18371 18373 18374
18375 18374 18370
18369 18375 18370
18371 18374 18375
18369 18371 18375
18376 18377 18378
18376 18378 18379
18377 18380 18378
18379 18378 18380
18377 18381 18380
18379 18380 18382
18381 18383 18380
18382 18380 18383
18382 18383 18384
18381 18385 18383
18383 18386 18384
18387 18383 18385
18383 18387 18386
18387 18385 18388
18389 18387 18388
18386 18387 18390
18389 18390 18387
18389 18391 18390
18386 18390 18392
18391 18392 18390
18389 18393 18391
18391 18394 18392
18395 18391 18393
18396 18394 18391
18394 18396 18397
18395 18398 18391
18396 18391 18398
18395 18399 18398
18400 18397 18396
18398 18400 18396
18400 18401 18397
18401 18400 18402
18400 18403 18402
18404 18399 18403
18398 18399 18404
18400 18404 18403
18398 18404 18400
18405 18406 18407
18408 18405 18407
18408 18409 18405
18410 18409 18408
18410 18411 18409
18411 18410 18412
18405 18413 18406
18409 18414 18405
18414 18413 18405
18409 18415 18414
18409 18416 18415
18409 18411 18416
18414 18417 18413
18418 18416 18411
18413 18417 18419
18406 18413 18420
18413 18419 18420
18406 18420 18421
18420 18422 18421
18419 18423 18420
18420 18423 18422
18419 18424 18423
18423 18425 18422
18424 18426 18423
18423 18426 18425
18424 18427 18426
18426 18428 18425
18427 18429 18426
18426 18429 18428
18427 18430 18429
18429 18431 18428
18430 18431 18429
18432 18433 18434
18435 18432 18434
18432 18412 18433
18418 18432 18435
18432 18436 18412
18418 18436 18432
18411 18412 18436
18418 18411 18436
18437 18438 18439
18438 18440 18439
18439 18440 18441
18437 18439 18442
18442 18439 18441
18443 18437 18442
18442 18441 18444
18443 18442 18445
18445 18442 18444
18446 18443 18445
18445 18444 18447
18446 18445 18448
18448 18445 18447
18448 18447 18449
18450 18446 18448
18451 18448 18449
18450 18448 18451
18452 18450 18451
18451 18449 18453
18453 18452 18451
18452 18454 18450
18453 18455 18452
18456 18454 18452
18452 18455 18457
18456 18452 18458
18452 18457 18458
18459 18456 18458
18460 18458 18457
18459 18458 18460
18460 18457 18461
18462 18459 18460
18462 18460 18461
18463 18464 18465
18466 18464 18463
18466 18463 18467
18468 18466 18467
18468 18467 18469
18469 18470 18468
18463 18465 18471
18467 18463 18472
18472 18463 18471
18467 18472 18473
18472 18471 18474
18467 18473 18475
18467 18475 18469
18471 18476 18474
18465 18477 18471
18471 18477 18476
18465 18478 18477
18477 18478 18479
18480 18469 18475
18469 18480 18470
18480 18475 18481
18482 18480 18481
18476 18477 18483
18477 18479 18483
18476 18483 18484
18483 18479 18485
18486 18470 18480
18482 18486 18480
18486 18487 18470
18482 18488 18486
18486 18488 18487
18484 18483 18489
18483 18485 18489
18484 18489 18490
18489 18485 18491
18490 18489 18492
18489 18491 18492
18490 18492 18493
18492 18491 18494
18493 18492 18494
18495 18496 18497
18497 18496 18498
18496 18499 18498
18495 18500 18496
18500 18499 18496
18501 18500 18495
18500 18502 18499
18501 18503 18500
18503 18502 18500
18504 18503 18501
18503 18505 18502
18504 18506 18503
18506 18505 18503
18506 18507 18505
18508 18506 18504
18509 18507 18506
18508 18509 18506
18510 18509 18508
18509 18511 18507
18511 18509 18510
18510 18508 18512
18511 18510 18513
18510 18514 18513
18515 18510 18512
18510 18516 18514
18515 18516 18510
18517 18514 18516
18518 18516 18515
18517 18516 18518
18518 18515 18519
18520 18517 18518
18520 18518 18519
18521 18522 18523
18524 18521 18523
18522 18525 18523
18524 18523 18526
18527 18524 18526
18528 18523 18525
18526 18523 18528
18528 18525 18529
18527 18526 18530
18530 18526 18528
18530 18531 18527
18528 18529 18532
18530 18528 18532
18532 18529 18533
18533 18534 18532
18534 18530 18532
18533 18535 18534
18530 18536 18531
18534 18536 18530
18537 18531 18536
18535 18538 18534
18535 18539 18538
18540 18536 18534
18537 18536 18540
18540 18534 18538
18537 18540 18541
18541 18540 18538
18537 18541 18542
18541 18543 18542
18539 18544 18538
18541 18538 18544
18539 18545 18544
18544 18545 18546
18541 18547 18543
18544 18547 18541
18546 18548 18544
18544 18548 18547
18543 18547 18549
18549 18547 18548
18543 18549 18550
18549 18551 18550
18552 18548 18546
18549 18548 18552
18553 18552 18546
18549 18554 18551
18552 18554 18549
18555 18551 18554
18555 18554 18556
18553 18557 18552
18552 18557 18554
18556 18554 18557
18553 18558 18557
18558 18556 18557
18559 18560 18561
18561 18560 18562
18563 18562 18560
18564 18560 18559
18563 18560 18564
18564 18559 18565
18566 18563 18564
18567 18564 18565
18566 18564 18567
18567 18565 18568
18569 18566 18567
18570 18567 18568
18569 18567 18570
18570 18568 18571
18572 18569 18570
18573 18570 18571
18572 18570 18573
18573 18571 18574
18573 18575 18572
18576 18573 18574
18573 18577 18575
18576 18577 18573
18577 18578 18575
18579 18577 18576
18577 18580 18578
18579 18580 18577
18580 18581 18578
18582 18580 18579
18580 18583 18581
18582 18583 18580
18584 18581 18583
18585 18583 18582
18584 18583 18585
18585 18582 18586
18585 18587 18584
18588 18585 18586
18585 18589 18587
18588 18589 18585
18589 18590 18587
18591 18589 18588
18589 18592 18590
18591 18592 18589
18592 18593 18590
18594 18592 18591
18592 18595 18593
18594 18595 18592
18595 18596 18593
18597 18595 18594
18595 18598 18596
18597 18598 18595
18598 18599 18596
18600 18598 18597
18598 18601 18599
18600 18601 18598
18601 18602 18599
18603 18601 18600
18604 18603 18600
18601 18605 18602
18603 18605 18601
18605 18606 18602
18607 18603 18604
18607 18605 18603
18605 18607 18606
18604 18608 18607
18607 18609 18606
18608 18610 18607
18607 18610 18609
18608 18611 18610
18609 18610 18612
18610 18611 18613
18612 18610 18613
18614 18615 18616
18615 18617 18616
18615 18618 18617
18619 18617 18618
18619 18618 18620
18621 18619 18620
18614 18622 18615
18623 18618 18615
18623 18615 18622
18623 18624 18618
18620 18618 18624
18623 18622 18625
18620 18624 18626
18627 18622 18614
18625 18622 18627
18627 18614 18628
18625 18627 18629
18630 18620 18626
18621 18620 18630
18630 18626 18631
18630 18631 18632
18633 18627 18628
18629 18627 18633
18629 18633 18634
18633 18628 18635
18633 18636 18634
18637 18621 18630
18630 18632 18637
18637 18638 18621
18637 18632 18639
18639 18638 18637
18635 18640 18633
18633 18640 18636
18635 18641 18640
18636 18640 18642
18642 18640 18641
18643 18644 18645
18646 18643 18645
18643 18647 18644
18647 18648 18644
18647 18649 18648
18649 18650 18648
18651 18647 18643
18651 18652 18647
18652 18649 18647
18643 18653 18651
18652 18654 18649
18643 18655 18653
18646 18655 18643
18655 18656 18653
18654 18657 18649
18649 18657 18650
18654 18658 18657
18646 18659 18655
18655 18659 18656
18646 18660 18659
18661 18659 18660
18650 18657 18662
18662 18657 18658
18650 18662 18663
18662 18658 18664
18663 18662 18665
18662 18664 18665
18656 18659 18666
18661 18666 18659
18656 18666 18667
18668 18666 18661
18667 18666 18668
18669 18670 18671
18672 18669 18671
18672 18673 18669
18674 18673 18672
18674 18675 18673
18676 18675 18674
18676 18677 18675
18678 18677 18676
18678 18679 18677
18680 18679 18678
18680 18681 18679
18677 18679 18681
18682 18681 18680
18683 18681 18682
18677 18681 18684
18675 18677 18684
18683 18684 18681
18675 18684 18685
18685 18684 18683
18673 18675 18685
18685 18683 18686
18687 18685 18686
18673 18685 18688
18687 18688 18685
18669 18673 18688
18689 18688 18687
18669 18688 18689
18689 18687 18690
18689 18691 18669
18669 18691 18670
18690 18692 18689
18689 18692 18691
18690 18693 18692
18670 18691 18694
18694 18691 18692
18670 18694 18695
18694 18696 18695
18697 18692 18693
18694 18692 18697
18697 18693 18698
18694 18699 18696
18697 18699 18694
18699 18700 18696
18698 18701 18697
18697 18701 18699
18698 18702 18701
18699 18703 18700
18701 18703 18699
18703 18704 18700
18702 18705 18701
18701 18705 18703
18702 18706 18705
18703 18707 18704
18705 18707 18703
18704 18707 18708
18706 18709 18705
18705 18709 18707
18708 18707 18709
18706 18710 18709
18708 18709 18710
18711 18712 18713
18711 18713 18714
18715 18713 18712
18714 18713 18716
18715 18716 18713
18714 18716 18717
18716 18718 18717
18719 18716 18715
18716 18720 18718
18719 18720 18716
18720 18721 18718
18719 18722 18720
18720 18722 18721
18719 18723 18722
18722 18723 18724
18721 18722 18725
18722 18724 18725
18721 18725 18726
18725 18724 18727
18728 18726 18725
18725 18727 18729
18728 18725 18729
18727 18730 18729
18729 18730 18728
18731 18732 18733
18731 18733 18734
18735 18733 18732
18734 18733 18736
18735 18736 18733
18734 18736 18737
18738 18736 18735
18738 18737 18736
18738 18735 18739
18738 18740 18737
18738 18739 18741
18740 18738 18742
18738 18741 18742
18740 18742 18743
18742 18741 18744
18743 18742 18745
18742 18744 18745
18743 18745 18746
18745 18744 18747
18748 18746 18745
18745 18747 18749
18748 18745 18749
18747 18750 18749
18749 18750 18748
18751 18752 18753
18751 18753 18754
18755 18753 18752
18754 18753 18756
18755 18756 18753
18754 18756 18757
18758 18756 18755
18757 18756 18759
18758 18759 18756
18757 18759 18760
18761 18759 18758
18761 18760 18759
18761 18762 18760
18761 18758 18763
18764 18762 18761
18765 18761 18763
18764 18761 18765
18765 18763 18766
18765 18766 18767
18764 18765 18768
18765 18767 18768
18764 18768 18769
18768 18767 18770
18771 18769 18768
18768 18770 18771
18771 18772 18769
18771 18770 18773
18774 18772 18771
18771 18773 18774
18774 18775 18772
18774 18773 18776
18777 18775 18774
18774 18776 18778
18777 18774 18778
18776 18779 18778
18778 18779 18777
18780 18781 18782
18780 18782 18783
18784 18782 18781
18783 18782 18785
18784 18785 18782
18783 18785 18786
18787 18785 18784
18787 18786 18785
18787 18788 18786
18787 18784 18789
18790 18788 18787
18791 18787 18789
18790 18787 18791
18791 18789 18792
18791 18792 18793
18790 18791 18794
18791 18793 18794
18790 18794 18795
18794 18793 18796
18797 18795 18794
18794 18796 18798
18797 18794 18798
18799 18798 18796
18800 18797 18798
18799 18800 18798
18800 18801 18797
18802 18801 18800
18799 18803 18800
18802 18800 18803
18799 18804 18803
18803 18805 18802
18804 18805 18803
18806 18807 18808
18808 18809 18806
18808 18807 18810
18810 18807 18811
18811 18812 18810
18812 18808 18810
18811 18813 18812
18812 18813 18814
18808 18815 18809
18812 18815 18808
18812 18814 18816
18816 18815 18812
18816 18814 18817
18809 18815 18818
18816 18818 18815
18809 18818 18819
18818 18820 18819
18816 18817 18821
18821 18818 18816
18821 18817 18822
18818 18823 18820
18821 18823 18818
18824 18820 18823
18825 18823 18821
18824 18823 18825
18821 18822 18826
18825 18821 18826
18827 18824 18825
18826 18827 18825
18827 18828 18824
18829 18828 18827
18822 18830 18826
18826 18830 18827
18822 18831 18830
18830 18831 18832
18829 18827 18833
18833 18827 18830
18834 18829 18833
18830 18832 18835
18833 18830 18835
18835 18832 18836
18834 18833 18837
18837 18833 18835
18838 18834 18837
18835 18836 18839
18837 18835 18839
18839 18836 18840
18838 18837 18841
18841 18837 18839
18841 18842 18838
18839 18840 18843
18841 18839 18843
18843 18840 18844
18841 18845 18842
18843 18845 18841
18846 18842 18845
18843 18844 18847
18843 18847 18845
18846 18845 18848
18848 18845 18847
18849 18847 18844
18848 18847 18849
18849 18844 18850
18851 18849 18850
18846 18848 18852
18852 18848 18849
18846 18852 18853
18851 18854 18849
18852 18849 18854
18855 18854 18851
18853 18852 18856
18856 18852 18854
18853 18856 18857
18858 18857 18856
18858 18859 18855
18855 18859 18854
18856 18854 18859
18858 18856 18859
18860 18861 18862
18860 18862 18863
18864 18862 18861
18863 18862 18865
18864 18865 18862
18863 18865 18866
18867 18865 18864
18867 18866 18865
18867 18864 18868
18867 18869 18866
18868 18870 18867
18870 18869 18867
18868 18871 18870
18870 18872 18869
18870 18871 18873
18872 18870 18874
18870 18873 18874
18872 18874 18875
18874 18873 18876
18877 18875 18874
18874 18876 18877
18877 18878 18875
18877 18879 18878
18876 18880 18877
18877 18880 18879
18876 18881 18880
18879 18880 18882
18880 18881 18882
18883 18884 18885
18886 18884 18883
18885 18884 18887
18886 18888 18884
18889 18888 18886
18890 18887 18884
18888 18890 18884
18890 18891 18887
18889 18892 18888
18892 18890 18888
18892 18889 18893
18890 18894 18891
18892 18894 18890
18894 18895 18891
18895 18894 18896
18896 18894 18892
18895 18896 18897
18892 18893 18898
18896 18892 18898
18899 18898 18893
18897 18896 18900
18897 18900 18901
18902 18896 18898
18899 18902 18898
18902 18900 18896
18899 18903 18902
18903 18900 18902
18899 18904 18903
18903 18904 18905
18901 18900 18906
18903 18906 18900
18901 18906 18907
18906 18908 18907
18903 18905 18909
18906 18903 18909
18908 18906 18910
18906 18909 18910
18905 18911 18909
18911 18910 18909
18905 18912 18911
18911 18912 18913
18908 18910 18914
18911 18914 18910
18915 18908 18914
18911 18913 18916
18914 18911 18916
18917 18916 18913
18917 18918 18916
18915 18914 18919
18914 18916 18919
18918 18919 18916
18915 18919 18920
18920 18919 18918
18921 18922 18923
18922 18924 18923
18925 18923 18924
18926 18921 18923
18925 18926 18923
18926 18927 18921
18928 18926 18925
18929 18927 18926
18928 18929 18926
18929 18930 18927
18931 18929 18928
18932 18930 18929
18931 18932 18929
18932 18933 18930
18934 18932 18931
18935 18933 18932
18934 18935 18932
18935 18936 18933
18935 18934 18937
18938 18936 18935
18935 18937 18939
18938 18935 18939
18939 18937 18940
18941 18938 18939
18939 18940 18942
18941 18939 18942
18942 18940 18943
18944 18941 18942
18942 18943 18945
18944 18942 18945
18946 18945 18943
18947 18944 18945
18946 18947 18945
18947 18948 18944
18947 18946 18949
18950 18948 18947
18947 18949 18951
18950 18947 18951
18951 18949 18952
18953 18950 18951
18951 18952 18954
18953 18951 18954
18954 18952 18955
18956 18953 18954
18954 18955 18957
18956 18954 18957
18957 18955 18958
18959 18956 18957
18957 18958 18960
18959 18957 18960
18960 18958 18961
18962 18959 18960
18960 18961 18963
18962 18960 18963
18963 18961 18964
18963 18964 18965
18962 18963 18965
18965 18964 18966
18962 18965 18967
18968 18962 18967
18969 18968 18967
18965 18966 18970
18970 18966 18971
18967 18965 18972
18969 18967 18972
18972 18965 18970
18973 18969 18972
18973 18972 18970
18973 18974 18969
18974 18973 18975
18975 18973 18970
18974 18975 18976
18977 18976 18975
18970 18971 18978
18971 18977 18978
18975 18970 18978
18977 18975 18978
18979 18980 18981
18981 18980 18982
18981 18982 18983
18984 18983 18982
18984 18985 18983
18986 18985 18984
18979 18981 18987
18988 18981 18983
18988 18987 18981
18988 18983 18989
18985 18989 18983
18988 18990 18987
18985 18991 18989
18992 18979 18987
18990 18992 18987
18992 18993 18979
18990 18994 18992
18995 18991 18985
18986 18995 18985
18995 18996 18991
18995 18997 18996
18998 18993 18992
18994 18998 18992
18994 18999 18998
18998 19000 18993
18998 18999 19001
19002 18995 18986
18995 19002 18997
19002 18986 19003
19002 19004 18997
19004 19002 19003
19000 18998 19005
18998 19001 19005
19000 19005 19006
19001 19007 19005
19007 19006 19005
19008 19009 19010
19011 19009 19008
19008 19010 19012
19012 19010 19013
19012 19013 19014
19014 19013 19015
19016 19008 19012
19016 19012 19017
19017 19012 19014
19008 19016 19018
19017 19014 19019
19008 19018 19020
19011 19008 19020
19020 19018 19021
19019 19014 19022
19014 19015 19022
19019 19022 19023
19011 19020 19024
19020 19021 19024
19011 19024 19025
19026 19025 19024
19015 19027 19022
19027 19023 19022
19015 19028 19027
19027 19029 19023
19028 19030 19027
19027 19030 19029
19021 19031 19024
19026 19024 19031
19021 19032 19031
19033 19026 19031
19032 19033 19031
19034 19035 19036
19037 19035 19034
19037 19034 19038
19039 19037 19038
19039 19038 19040
19041 19039 19040
19041 19040 19042
19043 19041 19042
19043 19042 19044
19045 19043 19044
19045 19044 19046
19042 19046 19044
19047 19045 19046
19048 19047 19046
19042 19049 19046
19040 19049 19042
19048 19046 19049
19040 19050 19049
19050 19048 19049
19038 19050 19040
19050 19051 19048
19052 19051 19050
19038 19053 19050
19052 19050 19053
19034 19053 19038
19054 19052 19053
19034 19054 19053
19054 19055 19052
19054 19034 19056
19034 19036 19056
19055 19054 19057
19054 19056 19057
19055 19057 19058
19036 19059 19056
19059 19057 19056
19036 19060 19059
19059 19060 19061
19062 19058 19057
19059 19062 19057
19062 19063 19058
19059 19061 19064
19062 19059 19064
19064 19061 19065
19063 19062 19066
19062 19064 19066
19063 19066 19067
19064 19065 19068
19066 19064 19068
19068 19065 19069
19067 19066 19070
19066 19068 19070
19067 19070 19071
19068 19069 19072
19070 19068 19072
19069 19073 19072
19071 19070 19074
19070 19072 19074
19073 19074 19072
19071 19074 19075
19073 19075 19074
19076 19077 19078
19076 19079 19077
19080 19078 19077
19079 19081 19077
19080 19077 19081
19079 19082 19081
19083 19080 19081
19083 19081 19082
19083 19084 19080
19083 19082 19085
19083 19086 19084
19085 19087 19083
19083 19087 19086
19085 19088 19087
19087 19089 19086
19088 19090 19087
19087 19090 19089
19088 19091 19090
19090 19092 19089
19093 19090 19091
19090 19094 19092
19093 19094 19090
19092 19094 19095
19094 19093 19095
19096 19097 19098
19096 19099 19097
19100 19098 19097
19099 19101 19097
19100 19097 19101
19099 19102 19101
19103 19100 19101
19102 19104 19101
19103 19101 19104
19102 19105 19104
19106 19103 19104
19106 19104 19105
19106 19105 19107
19106 19108 19103
19109 19106 19107
19110 19108 19106
19109 19110 19106
19110 19111 19108
19110 19112 19111
19109 19113 19110
19110 19113 19112
19109 19114 19113
19113 19115 19112
19116 19113 19114
19113 19116 19115
19116 19114 19117
19116 19118 19115
19119 19116 19117
19116 19119 19118
19119 19117 19120
19119 19121 19118
19122 19119 19120
19119 19123 19121
19122 19123 19119
19121 19123 19124
19123 19122 19124
19125 19126 19127
19125 19128 19126
19129 19127 19126
19128 19130 19126
19129 19126 19130
19128 19131 19130
19132 19129 19130
19132 19130 19131
19132 19131 19133
19132 19134 19129
19135 19132 19133
19136 19134 19132
19135 19136 19132
19136 19137 19134
19136 19138 19137
19135 19139 19136
19136 19139 19138
19135 19140 19139
19139 19141 19138
19142 19139 19140
19139 19142 19141
19141 19142 19143
19142 19140 19144
19143 19142 19144
19141 19143 19145
19143 19144 19146
19143 19147 19145
19148 19143 19146
19143 19149 19147
19148 19149 19143
19147 19149 19150
19149 19148 19150
19151 19152 19153
19152 19151 19154
19152 19155 19153
19155 19156 19153
19156 19155 19157
19157 19155 19152
19156 19157 19158
19157 19159 19158
19152 19154 19160
19157 19152 19160
19157 19161 19159
19161 19157 19160
19161 19162 19159
19154 19163 19160
19161 19160 19163
19154 19164 19163
19163 19164 19165
19161 19166 19162
19166 19161 19163
19166 19167 19162
19163 19165 19168
19166 19163 19168
19169 19168 19165
19170 19166 19168
19169 19170 19168
19166 19171 19167
19170 19171 19166
19172 19170 19169
19171 19170 19172
19172 19169 19173
19174 19172 19173
19167 19171 19175
19171 19172 19175
19167 19175 19176
19175 19177 19176
19174 19178 19172
19178 19175 19172
19179 19178 19174
19175 19180 19177
19178 19180 19175
19180 19181 19177
19179 19182 19178
19182 19180 19178
19183 19182 19179
19180 19184 19181
19182 19184 19180
19184 19185 19181
19183 19186 19182
19186 19184 19182
19186 19183 19187
19184 19188 19185
19186 19188 19184
19188 19189 19185
19186 19187 19190
19188 19186 19190
19191 19190 19187
19188 19192 19189
19188 19190 19192
19191 19193 19190
19193 19192 19190
19194 19189 19192
19193 19194 19192
19194 19195 19189
19196 19195 19194
19191 19197 19193
19197 19194 19193
19191 19198 19197
19196 19194 19199
19197 19199 19194
19200 19196 19199
19198 19201 19197
19201 19199 19197
19198 19202 19201
19203 19201 19202
19203 19200 19204
19200 19199 19204
19201 19204 19199
19203 19204 19201
19205 19206 19207
19205 19208 19206
19209 19207 19206
19208 19210 19206
19209 19206 19210
19208 19211 19210
19212 19209 19210
19212 19210 19211
19212 19213 19209
19212 19211 19214
19213 19212 19215
19215 19212 19214
19213 19215 19216
19215 19214 19217
19215 19218 19216
19217 19219 19215
19215 19219 19218
19217 19220 19219
19219 19221 19218
19222 19219 19220
19219 19222 19221
19222 19220 19223
19222 19223 19224
19221 19222 19225
19222 19224 19225
19221 19225 19226
19224 19227 19225
19225 19227 19226
19228 19229 19230
19231 19229 19228
19230 19229 19232
19231 19233 19229
19234 19233 19231
19232 19229 19235
19235 19229 19233
19232 19235 19236
19237 19236 19235
19234 19238 19233
19239 19238 19234
19240 19235 19233
19237 19235 19240
19240 19233 19238
19239 19241 19238
19241 19240 19238
19241 19239 19242
19243 19237 19240
19241 19243 19240
19243 19244 19237
19245 19244 19243
19246 19243 19241
19245 19243 19246
19241 19242 19247
19246 19241 19247
19248 19245 19246
19247 19248 19246
19248 19249 19245
19250 19249 19248
19242 19251 19247
19247 19251 19248
19242 19252 19251
19253 19248 19251
19250 19248 19253
19254 19251 19252
19253 19251 19254
19254 19252 19255
19254 19255 19256
19254 19256 19257
19257 19253 19254
19256 19258 19257
19256 19259 19258
19258 19259 19260
19257 19261 19253
19262 19257 19258
19262 19261 19257
19258 19260 19263
19262 19258 19263
19253 19261 19264
19253 19264 19250
19261 19262 19265
19261 19265 19264
19262 19263 19266
19266 19265 19262
19263 19267 19266
19260 19268 19263
19263 19268 19267
19260 19269 19268
19268 19269 19270
19268 19270 19271
19267 19268 19271
19271 19270 19272
19250 19264 19273
19265 19273 19264
19271 19272 19274
19275 19274 19272
19267 19271 19276
19276 19271 19274
19250 19273 19277
19250 19277 19278
19278 19277 19279
19277 19280 19279
19277 19273 19280
19265 19281 19273
19281 19280 19273
19282 19281 19265
19281 19283 19280
19282 19284 19281
19284 19283 19281
19267 19284 19282
19284 19285 19283
19267 19286 19284
19286 19285 19284
19286 19287 19285
19276 19286 19267
19288 19287 19286
19276 19289 19286
19288 19286 19289
19290 19289 19276
19291 19288 19289
19291 19289 19290
19290 19276 19292
19276 19274 19292
19292 19274 19293
19275 19293 19274
19290 19292 19294
19292 19293 19294
19295 19293 19275
19294 19293 19295
19295 19275 19296
19296 19297 19295
19296 19298 19297
19299 19297 19298
19291 19290 19300
19290 19294 19300
19294 19301 19300
19294 19295 19302
19297 19302 19295
19294 19302 19301
19301 19302 19297
19291 19300 19303
19303 19300 19301
19304 19291 19303
19288 19291 19304
19299 19305 19297
19306 19305 19299
19306 19307 19305
19308 19307 19306
19308 19309 19307
19297 19305 19310
19310 19305 19307
19309 19311 19307
19310 19307 19311
19309 19312 19311
19313 19311 19312
19313 19314 19311
19315 19311 19314
19310 19311 19315
19315 19314 19316
19316 19317 19315
19317 19310 19315
19316 19318 19317
19297 19310 19319
19317 19319 19310
19301 19297 19319
19318 19320 19317
19320 19319 19317
19320 19301 19319
19318 19321 19320
19322 19301 19320
19321 19322 19320
19322 19303 19301
19321 19323 19322
19304 19303 19322
19304 19322 19323
19304 19323 19324
19325 19304 19324
19325 19324 19326
19288 19304 19325
19327 19325 19326
19288 19325 19327
19328 19329 19330
19331 19328 19330
19329 19332 19330
19331 19330 19333
19334 19331 19333
19332 19335 19330
19335 19333 19330
19332 19336 19335
19337 19335 19336
19334 19333 19338
19339 19334 19338
19340 19333 19335
19337 19340 19335
19340 19338 19333
19339 19338 19341
19341 19338 19340
19341 19342 19339
19343 19340 19337
19341 19340 19343
19343 19337 19344
19345 19343 19344
19346 19341 19343
19345 19346 19343
19341 19347 19342
19346 19347 19341
19348 19346 19345
19347 19346 19348
19348 19345 19349
19350 19348 19349
19342 19347 19351
19347 19348 19351
19342 19351 19352
19353 19351 19348
19350 19353 19348
19354 19352 19351
19353 19354 19351
19354 19355 19352
19354 19356 19355
19357 19354 19353
19354 19358 19356
19357 19358 19354
19356 19358 19359
19359 19358 19357
19356 19359 19360
19353 19350 19361
19353 19361 19357
19362 19360 19359
19362 19363 19360
19363 19362 19364
19363 19364 19365
19364 19366 19365
19364 19367 19366
19367 19368 19366
19362 19369 19364
19369 19367 19364
19359 19370 19362
19362 19370 19369
19359 19371 19370
19359 19357 19371
19370 19371 19372
19357 19372 19371
19357 19361 19372
19367 19373 19368
19374 19368 19373
19372 19361 19375
19350 19375 19361
19369 19376 19367
19376 19373 19367
19372 19375 19377
19378 19372 19377
19350 19379 19375
19350 19380 19379
19380 19381 19379
19379 19381 19382
19379 19382 19375
19377 19375 19382
19377 19382 19383
19378 19377 19384
19384 19377 19383
19369 19378 19384
19384 19383 19385
19369 19384 19386
19386 19384 19385
19386 19385 19387
19376 19369 19386
19388 19386 19387
19376 19386 19389
19388 19389 19386
19390 19376 19389
19391 19389 19388
19391 19390 19389
19390 19392 19376
19376 19392 19373
19392 19393 19373
19374 19373 19393
19390 19394 19392
19392 19394 19393
19395 19374 19393
19394 19395 19393
19395 19396 19374
19396 19395 19397
19396 19397 19398
19399 19398 19397
19391 19400 19390
19390 19400 19394
19394 19400 19401
19394 19402 19395
19397 19395 19402
19394 19401 19402
19401 19397 19402
19391 19403 19400
19403 19401 19400
19404 19403 19391
19388 19404 19391
19399 19397 19405
19406 19399 19405
19406 19405 19407
19408 19406 19407
19408 19407 19409
19397 19410 19405
19410 19407 19405
19409 19407 19411
19410 19411 19407
19409 19411 19412
19413 19412 19411
19413 19411 19414
19415 19414 19411
19410 19415 19411
19415 19416 19414
19416 19415 19417
19417 19415 19410
19416 19417 19418
19397 19419 19410
19417 19410 19419
19401 19419 19397
19418 19417 19420
19420 19417 19419
19420 19419 19401
19418 19420 19421
19422 19420 19401
19421 19420 19422
19422 19401 19403
19421 19422 19423
19404 19422 19403
19404 19423 19422
19404 19424 19423
19425 19424 19404
19425 19426 19424
19388 19425 19404
19427 19426 19425
19388 19427 19425
19428 19429 19430
19429 19431 19430
19432 19430 19431
19433 19428 19430
19432 19433 19430
19433 19434 19428
19435 19433 19432
19436 19434 19433
19435 19436 19433
19436 19437 19434
19438 19436 19435
19439 19437 19436
19438 19439 19436
19439 19440 19437
19441 19440 19439
19442 19439 19438
19441 19439 19442
19442 19438 19443
19444 19441 19442
19445 19442 19443
19444 19442 19445
19445 19443 19446
19447 19445 19446
19448 19444 19445
19447 19448 19445
19448 19449 19444
19450 19449 19448
19447 19451 19448
19450 19448 19451
19447 19452 19451
19453 19451 19452
19454 19450 19451
19453 19454 19451
19454 19455 19450
19454 19453 19456
19457 19455 19454
19454 19456 19458
19457 19454 19458
19458 19456 19459
19460 19457 19458
19458 19459 19461
19460 19458 19461
19459 19462 19461
19462 19460 19461
19462 19463 19460
19459 19464 19462
19462 19465 19463
19464 19466 19462
19462 19466 19465
19464 19467 19466
19468 19465 19466
19467 19469 19466
19468 19466 19469
19467 19470 19469
19471 19468 19469
19470 19471 19469
19472 19473 19474
19473 19475 19474
19476 19474 19475
19477 19472 19474
19476 19477 19474
19477 19478 19472
19479 19477 19476
19480 19478 19477
19479 19480 19477
19480 19481 19478
19482 19481 19480
19483 19480 19479
19482 19480 19483
19483 19479 19484
19485 19483 19484
19486 19482 19483
19485 19486 19483
19486 19487 19482
19488 19486 19485
19489 19487 19486
19488 19489 19486
19489 19490 19487
19491 19490 19489
19489 19488 19492
19491 19489 19493
19489 19492 19493
19494 19491 19493
19495 19493 19492
19494 19493 19495
19495 19492 19496
19495 19497 19494
19498 19495 19496
19495 19499 19497
19498 19499 19495
19499 19500 19497
19498 19501 19499
19499 19501 19500
19498 19502 19501
19503 19500 19501
19502 19504 19501
19503 19501 19504
19502 19505 19504
19506 19503 19504
19505 19506 19504
19507 19508 19509
19508 19510 19509
19509 19510 19511
19512 19507 19509
19509 19511 19513
19512 19509 19513
19514 19513 19511
19515 19512 19513
19514 19515 19513
19515 19516 19512
19514 19517 19515
19517 19516 19515
19514 19518 19517
19517 19519 19516
19517 19518 19520
19519 19517 19521
19517 19520 19521
19519 19521 19522
19520 19523 19521
19523 19522 19521
19520 19524 19523
19523 19525 19522
19524 19526 19523
19526 19525 19523
19524 19527 19526
19527 19528 19526
19526 19529 19525
19528 19529 19526
19527 19530 19528
19528 19531 19529
19532 19531 19528
19528 19530 19533
19532 19528 19534
19528 19533 19534
19534 19535 19532
19533 19536 19534
19534 19536 19535
19533 19537 19536
19536 19537 19538
19535 19536 19539
19536 19538 19539
19535 19539 19540
19541 19540 19539
19538 19542 19539
19541 19539 19542
19538 19543 19542
19542 19544 19541
19545 19542 19543
19542 19546 19544
19545 19546 19542
19544 19546 19547
19547 19546 19545
19544 19547 19548
19547 19545 19549
19550 19548 19547
19551 19547 19549
19550 19547 19551
19551 19549 19552
19550 19551 19553
19553 19551 19552
19554 19555 19556
19557 19555 19554
19554 19556 19558
19558 19556 19559
19557 19554 19560
19561 19557 19560
19558 19559 19562
19559 19563 19562
19562 19563 19564
19565 19562 19564
19565 19558 19562
19566 19558 19565
19566 19554 19558
19554 19566 19567
19554 19567 19560
19560 19567 19568
19560 19568 19569
19561 19560 19569
19570 19569 19568
19571 19561 19569
19570 19571 19569
19571 19572 19561
19571 19573 19572
19570 19574 19571
19571 19574 19573
19570 19575 19574
19573 19574 19576
19576 19574 19575
19573 19576 19577
19576 19575 19578
19577 19576 19579
19579 19576 19578
19577 19579 19580
19579 19578 19581
19580 19579 19582
19582 19579 19581
19580 19582 19583
19582 19581 19584
19583 19582 19585
19585 19582 19584
19583 19585 19586
19585 19584 19587
19586 19585 19588
19588 19585 19587
19589 19590 19591
19592 19589 19591
19589 19593 19590
19590 19593 19594
19590 19594 19595
19595 19594 19596
19595 19596 19597
19597 19596 19598
19597 19598 19599
19600 19599 19598
19600 19601 19599
19601 19600 19602
19602 19600 19603
19604 19603 19600
19604 19600 19598
19604 19598 19596
19604 19596 19605
19605 19596 19594
19605 19594 19606
19594 19607 19606
19594 19593 19607
19608 19607 19593
19608 19593 19589
19608 19589 19609
19608 19609 19610
19592 19609 19589
19610 19609 19611
19611 19609 19592
19611 19592 19612
19610 19611 19613
19611 19612 19614
19613 19611 19615
19611 19614 19615
19613 19615 19616
19614 19617 19615
19616 19615 19617
19614 19618 19617
19616 19617 19619
19620 19617 19618
19619 19617 19620
19620 19618 19621
19619 19620 19622
19623 19620 19621
19622 19620 19623
19623 19621 19624
19622 19623 19625
19626 19623 19624
19627 19625 19623
19626 19627 19623
19627 19628 19625
19629 19628 19627
19630 19627 19626
19629 19627 19630
19630 19626 19631
19629 19630 19632
19631 19632 19630
19629 19632 19633
19631 19634 19632
19632 19635 19633
19634 19636 19632
19632 19636 19635
19634 19637 19636
19636 19638 19635
19637 19639 19636
19636 19639 19638
19637 19640 19639
19638 19639 19641
19641 19639 19640
19638 19641 19642
19641 19640 19643
19642 19641 19644
19644 19641 19643
19645 19646 19647
19647 19646 19648
19649 19646 19645
19650 19648 19646
19649 19650 19646
19650 19651 19648
19652 19651 19650
19653 19650 19649
19652 19650 19653
19653 19649 19654
19655 19652 19653
19656 19653 19654
19655 19653 19656
19656 19654 19657
19656 19658 19655
19659 19656 19657
19656 19660 19658
19659 19660 19656
19661 19658 19660
19659 19662 19660
19661 19660 19662
19659 19663 19662
19662 19663 19664
19661 19662 19665
19662 19664 19665
19661 19665 19666
19667 19665 19664
19665 19668 19666
19667 19669 19665
19665 19669 19668
19670 19669 19667
19668 19669 19671
19670 19671 19669
19668 19671 19672
19670 19673 19671
19672 19671 19673
19670 19674 19673
19672 19673 19675
19676 19673 19674
19675 19673 19677
19676 19677 19673
19675 19677 19678
19677 19679 19678
19676 19680 19677
19677 19680 19679
19676 19681 19680
19682 19679 19680
19683 19680 19681
19682 19680 19683
19683 19681 19684
19683 19685 19682
19684 19686 19683
19683 19686 19685
19684 19687 19686
19688 19686 19687
19685 19686 19689
19688 19689 19686
19685 19689 19690
19691 19689 19688
19692 19690 19689
19691 19692 19689
19692 19693 19690
19694 19692 19691
19693 19692 19694
19695 19696 19697
19698 19696 19695
19695 19697 19699
19697 19700 19699
19697 19701 19700
19701 19702 19700
19701 19703 19702
19703 19704 19702
19703 19705 19704
19706 19704 19705
19706 19705 19707
19707 19708 19706
19708 19709 19706
19710 19706 19709
19710 19704 19706
19710 19702 19704
19710 19711 19702
19711 19700 19702
19711 19712 19700
19700 19712 19713
19700 19713 19699
19714 19699 19713
19714 19695 19699
19714 19715 19695
19714 19716 19715
19698 19695 19715
19716 19717 19715
19717 19698 19715
19717 19718 19698
19716 19719 19717
19717 19720 19718
19719 19721 19717
19717 19721 19720
19719 19722 19721
19720 19721 19723
19722 19723 19721
19720 19723 19724
19722 19725 19723
19726 19724 19723
19725 19726 19723
19726 19727 19724
19725 19728 19726
19729 19727 19726
19728 19729 19726
19729 19730 19727
19728 19731 19729
19732 19730 19729
19733 19729 19731
19732 19729 19733
19733 19731 19734
19735 19733 19734
19736 19732 19733
19735 19736 19733
19736 19737 19732
19735 19738 19736
19737 19736 19738
19735 19739 19738
19737 19738 19740
19738 19739 19741
19740 19738 19742
19738 19741 19742
19740 19742 19743
19742 19741 19744
19743 19742 19745
19742 19744 19745
19743 19745 19746
19744 19747 19745
19747 19746 19745
19744 19748 19747
19747 19749 19746
19748 19750 19747
19750 19749 19747
19751 19752 19753
19752 19754 19753
19755 19751 19753
19756 19753 19754
19755 19753 19756
19756 19754 19757
19758 19756 19757
19759 19755 19756
19758 19759 19756
19759 19760 19755
19761 19759 19758
19762 19760 19759
19761 19762 19759
19762 19763 19760
19762 19761 19764
19765 19763 19762
19762 19764 19766
19765 19762 19766
19767 19766 19764
19765 19766 19768
19767 19768 19766
19765 19768 19769
19768 19770 19769
19767 19771 19768
19768 19771 19770
19767 19772 19771
19773 19770 19771
19771 19772 19774
19773 19771 19775
19771 19774 19775
19776 19773 19775
19774 19777 19775
19776 19775 19777
19774 19778 19777
19776 19777 19779
19778 19779 19777
19776 19779 19780
19778 19781 19779
19782 19780 19779
19781 19783 19779
19782 19779 19783
19781 19784 19783
19783 19784 19785
19782 19783 19786
19783 19785 19786
19782 19786 19787
19788 19786 19785
19789 19787 19786
19788 19789 19786
19789 19790 19787
19789 19788 19791
19790 19789 19792
19789 19791 19792
19790 19792 19793
19794 19793 19792
19791 19795 19792
19794 19792 19795
19791 19796 19795
19797 19794 19795
19798 19795 19796
19797 19795 19798
19798 19796 19799
19800 19797 19798
19799 19800 19798
19801 19802 19803
19803 19802 19804
19805 19804 19802
19806 19802 19801
19805 19802 19806
19806 19801 19807
19808 19805 19806
19809 19806 19807
19808 19806 19809
19809 19807 19810
19811 19808 19809
19812 19809 19810
19811 19809 19812
19812 19810 19813
19814 19812 19813
19815 19811 19812
19814 19815 19812
19815 19816 19811
19817 19815 19814
19818 19816 19815
19817 19818 19815
19818 19819 19816
19820 19819 19818
19821 19818 19817
19820 19818 19821
19821 19817 19822
19823 19821 19822
19820 19821 19824
19823 19824 19821
19820 19824 19825
19826 19825 19824
19827 19824 19823
19826 19824 19827
19827 19823 19828
19827 19829 19826
19830 19827 19828
19827 19831 19829
19830 19831 19827
19831 19832 19829
19833 19831 19830
19831 19834 19832
19833 19834 19831
19832 19834 19835
19835 19834 19833
19835 19833 19836
19832 19835 19837
19835 19836 19838
19837 19835 19839
19835 19838 19839
19837 19839 19840
19841 19839 19838
19840 19839 19842
19841 19842 19839
19840 19842 19843
19844 19842 19841
19843 19842 19844
19845 19846 19847
19847 19846 19848
19849 19848 19846
19850 19846 19845
19849 19846 19850
19850 19845 19851
19852 19849 19850
19853 19850 19851
19852 19850 19853
19853 19851 19854
19855 19853 19854
19856 19852 19853
19855 19856 19853
19856 19857 19852
19858 19857 19856
19859 19856 19855
19858 19856 19859
19859 19855 19860
19861 19858 19859
19862 19859 19860
19861 19859 19862
19862 19860 19863
19864 19862 19863
19862 19865 19861
19864 19866 19862
19862 19866 19865
19867 19866 19864
19868 19865 19866
19867 19868 19866
19868 19869 19865
19868 19867 19870
19871 19869 19868
19868 19870 19872
19871 19868 19872
19872 19870 19873
19871 19872 19874
19872 19873 19874
19871 19874 19875
19876 19874 19873
19875 19874 19877
19876 19877 19874
19875 19877 19878
19879 19877 19876
19878 19877 19879
19880 19881 19882
19882 19881 19883
19881 19884 19883
19885 19881 19880
19881 19886 19884
19885 19886 19881
19887 19884 19886
19888 19886 19885
19887 19886 19888
19888 19885 19889
19887 19888 19890
19890 19888 19889
19887 19890 19891
19890 19889 19892
19890 19893 19891
19892 19894 19890
19890 19894 19893
19892 19895 19894
19893 19894 19896
19896 19894 19895
19893 19896 19897
19896 19895 19898
19897 19896 19899
19899 19896 19898
19897 19899 19900
19900 19899 19901
19899 19898 19902
19901 19899 19902
19900 19901 19903
19901 19902 19904
19905 19901 19904
19901 19906 19903
19905 19907 19901
19901 19907 19906
19907 19905 19908
19906 19907 19909
19907 19908 19909
19906 19909 19910
19909 19911 19910
19908 19912 19909
19909 19912 19911
19908 19913 19912
19914 19912 19913
19911 19912 19915
19914 19915 19912
19911 19915 19916
19915 19914 19917
19918 19916 19915
19915 19917 19919
19918 19915 19919
19917 19920 19919
19920 19918 19919
19917 19921 19920
19920 19922 19918
19923 19920 19921
19924 19922 19920
19923 19924 19920
19924 19925 19922
19923 19926 19924
19926 19925 19924
19927 19928 19929
19930 19927 19929
19927 19931 19928
19931 19932 19928
19930 19933 19927
19934 19933 19930
19931 19935 19932
19932 19935 19936
19935 19937 19936
19938 19937 19935
19938 19935 19931
19939 19938 19931
19939 19931 19927
19927 19940 19939
19927 19933 19940
19933 19941 19940
19933 19942 19941
19934 19942 19933
19943 19941 19942
19944 19942 19934
19943 19942 19944
19944 19934 19945
19944 19945 19946
19943 19944 19947
19944 19946 19947
19943 19947 19948
19946 19949 19947
19949 19948 19947
19946 19950 19949
19949 19951 19948
19950 19952 19949
19952 19951 19949
19950 19953 19952
19952 19954 19951
19953 19955 19952
19955 19954 19952
19953 19956 19955
19955 19957 19954
19956 19958 19955
19958 19957 19955
19956 19959 19958
19958 19960 19957
19959 19961 19958
19961 19960 19958
