byte offset: 0
first index: 0
index count: 15342
topology: trianglelist
format: DXGI_FORMAT_R16_UINT

0 1 2
3 4 5
6 7 8
6 8 9
10 6 9
9 8 11
10 9 12
13 10 12
14 9 11
15 14 11
9 14 16
9 16 12
14 15 17
14 17 16
15 18 17
15 19 18
18 19 20
21 16 17
18 21 17
21 22 16
12 16 22
18 23 21
24 23 18
13 12 25
12 22 25
26 13 25
26 25 22
13 26 27
22 28 26
22 29 28
18 20 30
24 18 30
20 31 30
31 24 30
20 32 31
31 33 24
31 32 34
35 33 31
31 34 35
35 36 33
35 34 37
38 36 35
35 37 39
38 35 39
40 41 42
40 42 43
40 43 44
44 43 45
44 45 46
46 47 44
48 47 46
45 48 46
49 48 45
45 50 49
45 51 50
52 53 54
53 52 55
52 56 55
57 55 56
52 58 56
59 57 56
56 58 59
60 57 59
58 61 59
58 62 61
61 62 63
60 59 64
64 59 61
61 63 65
65 64 61
65 63 66
60 64 67
67 64 65
67 65 66
60 67 68
68 67 69
68 69 70
69 71 70
72 67 66
72 69 67
69 73 71
74 69 72
74 73 69
75 72 66
74 72 75
75 66 76
77 76 66
74 75 78
74 78 79
71 73 80
71 80 81
81 80 82
82 80 83
80 84 83
85 73 74
85 80 73
80 85 84
74 79 85
84 85 86
79 87 85
85 87 86
87 88 86
87 89 88
79 90 87
90 89 87
89 90 91
90 92 91
90 93 92
92 93 94
95 96 97
98 95 97
98 97 99
100 95 98
98 99 101
102 100 98
102 103 100
104 98 101
102 98 104
105 104 101
106 104 105
107 104 106
107 102 104
107 106 108
102 109 103
102 107 109
110 107 108
110 108 111
110 111 112
107 113 109
113 107 110
114 110 112
115 114 112
114 115 116
113 110 117
114 117 110
109 113 118
117 118 113
119 114 116
119 116 120
121 119 120
114 122 117
117 122 118
114 119 122
109 118 123
103 109 123
121 124 119
125 124 121
125 121 126
127 125 126
119 124 128
119 128 122
128 124 125
122 129 118
122 128 129
118 130 123
118 129 130
129 128 131
128 125 131
127 132 125
133 132 127
129 131 134
130 129 134
125 135 131
125 132 135
131 135 134
133 136 132
135 132 136
137 136 133
137 138 136
136 138 139
140 136 139
135 136 140
140 139 141
140 141 142
135 143 134
143 135 140
144 140 142
143 140 144
143 144 145
144 142 146
145 144 146
145 146 147
145 147 148
134 143 149
130 134 149
150 143 145
143 150 149
151 145 148
151 148 152
151 152 153
154 150 145
154 145 151
153 155 151
153 156 155
157 155 156
157 156 158
159 155 157
151 155 160
159 160 155
151 160 154
161 160 159
161 162 160
154 160 162
162 161 163
164 150 154
154 162 164
164 149 150
162 163 165
165 163 166
162 167 164
167 149 164
162 165 167
165 166 168
167 165 168
167 169 149
169 130 149
170 169 167
167 168 170
130 169 171
170 171 169
130 171 123
103 123 171
103 171 170
103 170 172
168 172 170
173 103 172
174 103 173
175 174 173
175 173 176
177 176 173
172 177 173
177 172 178
177 179 176
179 177 178
179 178 180
181 180 178
168 182 172
172 182 178
183 182 168
183 178 182
183 168 166
181 178 184
183 184 178
166 185 183
166 186 185
186 187 185
188 183 185
187 188 185
188 184 183
188 187 189
184 188 190
188 189 190
181 184 190
191 190 189
191 192 190
192 181 190
192 193 181
194 195 196
197 194 196
197 196 198
199 197 198
198 200 199
199 200 201
200 202 201
203 200 198
200 204 202
203 204 200
205 202 204
206 204 203
206 203 207
206 207 208
209 205 204
209 210 205
211 210 209
209 212 211
213 212 209
204 214 209
213 209 214
204 206 214
215 213 214
206 215 214
215 216 213
217 216 215
206 208 218
206 218 215
217 215 219
218 219 215
220 217 219
208 221 218
218 221 219
208 222 221
223 221 222
219 221 223
223 222 224
220 219 225
219 223 225
220 225 226
223 226 225
220 226 227
228 227 226
229 223 224
223 229 226
229 224 230
231 229 230
232 226 229
232 228 226
231 232 229
228 232 233
233 232 231
228 233 234
233 231 235
234 233 236
236 233 235
237 238 239
237 239 240
240 239 241
240 242 237
240 241 243
240 244 242
243 244 240
244 245 242
243 246 244
244 247 245
246 247 244
245 247 248
245 248 249
246 250 247
248 247 250
251 250 246
251 252 250
253 252 251
248 250 254
254 250 252
249 248 255
255 248 254
249 255 256
249 256 257
255 254 258
256 255 258
257 256 259
257 259 260
259 256 261
256 258 261
259 261 262
258 254 263
254 252 263
253 264 252
265 264 253
261 258 266
258 263 266
262 261 267
261 266 267
262 267 268
267 269 268
252 264 270
252 270 263
265 271 264
270 264 271
266 272 267
267 272 269
263 273 266
263 270 273
266 273 272
269 272 274
269 274 275
274 276 275
273 270 277
270 271 277
272 273 278
272 278 274
273 277 278
274 279 276
278 279 274
280 276 279
277 281 278
278 281 279
271 282 277
277 282 281
280 279 283
281 283 279
271 284 282
265 284 271
265 285 284
286 284 285
286 282 284
287 281 282
281 287 283
288 280 283
288 289 280
290 289 288
287 282 291
286 291 282
292 283 287
292 288 283
291 292 287
286 285 293
293 285 294
295 291 286
293 295 286
293 294 296
296 294 297
296 297 298
291 299 292
295 299 291
300 292 299
300 299 295
288 292 301
300 301 292
293 302 295
296 302 293
303 296 298
298 304 303
303 304 305
300 295 306
306 295 302
296 307 302
303 307 296
308 302 307
306 302 308
309 300 306
309 301 300
310 307 303
308 307 310
303 305 311
310 303 311
312 306 308
309 306 312
313 308 310
312 308 313
305 314 311
305 315 314
316 310 311
313 310 316
315 317 314
315 318 317
317 318 319
314 320 311
316 311 320
317 320 314
317 319 321
321 319 322
321 322 323
317 324 320
324 317 321
325 321 323
324 321 325
325 323 326
325 326 327
328 316 320
320 324 328
324 325 329
325 327 329
324 329 328
330 316 328
330 328 329
330 313 316
331 329 327
330 329 331
331 327 332
331 332 333
331 333 334
330 331 334
313 330 335
330 334 335
313 335 312
312 335 336
335 334 337
335 337 336
338 312 336
338 309 312
339 336 337
339 338 336
338 340 309
309 340 301
338 341 340
339 341 338
301 340 342
342 340 341
301 342 343
288 301 343
290 288 343
342 290 343
342 344 290
344 342 345
342 341 345
344 345 346
345 347 346
345 348 347
341 348 345
348 349 347
339 350 341
341 350 348
348 351 349
350 351 348
352 349 351
352 351 353
353 351 354
350 354 351
353 354 355
356 355 354
357 350 339
357 354 350
356 354 357
357 339 337
356 357 358
357 337 358
356 358 359
334 358 337
358 360 359
334 361 358
358 361 360
362 361 334
360 361 362
360 362 363
364 365 366
364 367 365
368 367 364
368 364 369
368 369 370
365 367 371
365 371 372
373 367 368
373 371 367
368 370 374
373 368 374
372 371 375
372 375 376
375 377 376
370 378 374
370 379 378
380 371 373
380 375 371
373 374 381
378 381 374
380 373 381
375 382 377
383 375 380
383 382 375
384 382 383
377 382 385
384 385 382
377 385 386
385 387 386
380 381 388
383 380 388
378 389 381
389 388 381
385 390 387
384 390 385
383 388 391
384 383 391
392 389 378
379 392 378
379 393 392
379 394 393
392 395 389
393 395 392
389 396 388
395 396 389
388 397 391
388 396 397
394 398 393
394 260 398
398 399 393
393 399 395
398 400 399
395 401 396
399 401 395
400 402 399
399 402 401
400 403 402
402 403 404
396 401 405
396 405 397
401 402 406
402 404 406
401 406 405
404 407 406
404 408 407
407 408 409
406 410 405
406 407 410
407 409 411
410 407 411
412 411 409
405 413 397
405 410 413
410 411 414
413 410 414
412 415 411
414 411 415
397 413 416
397 416 391
384 391 416
413 414 417
416 413 417
384 416 418
416 417 418
384 418 419
384 419 390
420 419 418
420 418 417
421 417 414
414 415 421
422 415 412
422 412 423
424 422 423
425 390 419
420 425 419
420 417 426
421 426 417
427 421 415
427 415 422
426 421 427
428 420 426
425 420 428
425 429 390
429 387 390
429 430 387
426 427 431
428 426 431
432 431 427
432 428 431
422 433 427
432 427 433
425 428 434
429 425 434
435 430 429
430 435 436
435 437 436
432 438 428
438 434 428
429 434 439
435 429 439
440 439 434
438 440 434
441 438 432
441 432 433
442 435 439
440 442 439
435 443 437
442 443 435
444 440 438
441 444 438
445 442 440
444 445 440
437 443 446
437 446 447
448 443 442
445 448 442
447 446 449
447 449 450
449 451 450
446 443 452
448 452 443
449 446 452
449 453 451
453 454 451
453 455 454
449 452 456
456 453 449
457 455 453
456 457 453
457 458 455
457 459 458
460 452 448
452 460 456
456 461 457
457 461 459
456 460 461
462 460 448
462 461 460
462 448 445
463 459 461
462 463 461
463 464 459
463 465 464
463 466 465
462 466 463
445 467 462
462 467 466
445 444 467
444 468 467
467 469 466
467 468 469
470 468 444
470 444 441
471 469 468
471 468 470
470 441 472
441 433 472
470 472 473
471 470 473
433 474 472
474 473 472
433 475 474
422 475 433
424 475 422
474 475 424
474 424 476
476 477 474
474 477 473
476 346 477
477 346 478
473 477 479
477 478 479
471 473 480
473 479 480
478 481 479
480 479 481
478 482 481
483 481 482
483 484 481
484 485 481
480 481 485
484 486 485
487 485 486
488 471 480
488 480 485
487 488 485
488 469 471
487 489 488
488 489 469
487 490 489
466 469 489
489 490 491
466 489 492
489 491 492
493 466 492
491 493 492
491 494 493
495 496 497
495 497 498
495 498 499
500 501 502
502 501 503
504 505 506
504 507 505
504 508 507
509 510 511
509 511 512
511 513 512
511 514 513
512 513 515
516 509 512
512 515 516
516 517 509
516 515 518
519 517 516
516 518 520
519 516 520
521 520 518
520 522 519
521 523 520
520 523 522
524 525 526
525 527 526
525 528 527
528 529 527
530 527 529
530 529 531
529 528 532
529 532 533
533 532 534
532 535 534
535 536 534
537 534 536
538 534 537
539 534 538
540 539 538
540 538 541
541 542 540
543 542 541
544 540 542
544 545 540
543 546 542
547 546 543
548 549 550
548 551 549
552 551 548
552 553 551
554 553 552
554 555 553
554 556 555
556 554 557
555 556 558
555 558 559
559 558 560
559 560 561
562 556 557
563 562 557
561 560 564
565 562 563
561 564 566
566 564 567
567 564 568
568 564 569
568 569 570
571 570 569
571 569 572
571 572 573
574 573 572
565 574 562
574 575 573
574 565 575
576 575 565
577 575 576
577 576 578
577 578 579
577 579 580
581 577 580
581 580 582
581 582 583
581 583 584
584 583 585
586 585 583
586 587 585
587 586 588
589 590 591
589 591 592
589 592 593
589 593 594
595 596 597
595 598 596
595 599 598
595 600 599
601 602 603
601 603 604
605 601 604
605 604 606
607 605 606
607 606 608
607 608 609
609 610 607
608 611 609
608 612 611
612 613 611
612 614 613
615 610 609
616 610 615
614 617 613
618 616 615
614 619 617
619 620 617
620 621 617
621 622 617
621 623 622
624 622 623
624 625 622
624 626 625
627 625 626
618 615 627
627 626 628
627 628 618
629 618 628
630 629 628
630 631 629
630 632 631
630 633 632
634 633 630
634 635 633
634 636 635
634 637 636
637 638 636
639 636 638
639 638 640
640 641 639
642 643 644
644 643 645
644 645 646
646 645 647
648 647 645
648 649 647
647 650 646
647 651 650
651 652 650
650 652 653
653 652 654
655 654 652
656 655 652
657 656 652
658 656 657
658 659 656
659 658 660
661 659 660
662 660 658
662 658 663
661 660 664
665 661 664
666 667 668
669 666 668
669 668 670
670 671 669
670 672 671
672 673 671
672 674 673
672 675 674
675 676 674
675 677 676
675 678 677
678 679 677
678 680 679
678 681 680
682 680 681
682 681 683
681 684 683
685 686 684
687 686 685
687 685 688
689 688 685
689 690 688
689 691 690
692 691 689
692 693 691
692 694 693
695 694 692
695 696 694
695 697 696
698 697 695
698 699 697
699 698 700
699 700 701
701 700 702
703 704 705
705 706 703
707 703 706
708 703 707
709 708 707
709 707 710
709 710 711
709 711 712
713 709 712
714 713 712
714 715 713
713 715 716
717 709 713
717 708 709
717 713 718
713 719 718
718 719 720
718 720 721
720 722 721
723 721 722
721 723 724
721 724 725
726 725 724
726 727 725
728 727 726
729 721 725
727 729 725
730 718 721
729 730 721
730 731 718
717 718 731
731 730 729
727 732 729
731 729 732
717 731 733
717 733 708
734 731 732
734 733 731
733 735 708
735 703 708
736 735 733
736 703 735
736 733 734
736 737 703
703 737 738
739 738 737
740 737 736
739 737 740
740 736 734
741 739 740
742 734 732
740 734 742
741 740 743
743 740 742
741 743 744
741 744 745
745 744 746
744 747 746
742 732 748
727 748 732
743 742 749
744 743 749
748 749 742
744 750 747
747 750 751
752 751 750
753 752 750
753 754 752
755 754 753
728 755 753
728 756 727
756 748 727
728 753 756
757 750 744
744 749 757
757 753 750
748 758 749
756 758 748
757 749 758
753 758 756
757 758 753
759 760 761
759 761 762
761 763 762
764 762 763
762 764 765
765 764 766
767 765 766
767 768 765
769 768 767
770 762 765
768 770 765
771 759 762
770 771 762
772 759 771
770 772 771
769 773 768
769 774 773
769 775 774
775 776 774
774 776 777
768 778 770
773 778 768
770 779 772
770 778 779
774 780 773
773 780 778
774 777 781
777 782 781
783 781 782
784 781 783
784 783 785
786 784 785
787 784 786
788 774 781
774 788 780
788 781 784
784 780 788
787 789 784
784 789 780
790 778 780
789 790 780
787 791 789
789 791 790
787 792 791
778 790 793
778 793 779
792 794 791
792 795 794
796 794 795
791 797 790
790 797 793
791 794 797
779 793 798
798 793 797
779 798 772
799 794 796
797 794 799
796 800 799
801 799 800
802 799 801
802 801 803
802 803 804
797 799 805
798 797 805
805 799 802
805 802 798
772 798 806
798 802 806
806 759 772
807 802 804
806 802 807
808 807 804
808 809 807
806 810 759
806 807 810
810 807 809
759 810 811
810 809 812
810 812 811
813 814 815
816 813 815
816 817 813
813 817 818
818 817 819
818 819 820
818 820 821
822 813 818
818 821 823
822 818 823
823 821 824
821 825 824
826 824 825
824 826 827
822 828 813
813 828 829
828 830 829
828 831 830
830 831 832
833 832 831
831 834 833
831 835 834
836 834 835
836 835 837
838 836 837
839 835 831
837 835 839
840 831 828
839 831 840
840 828 841
822 841 828
841 839 840
837 839 842
841 842 839
822 843 841
822 823 843
844 842 841
844 841 843
843 823 845
845 823 824
846 843 845
846 845 824
846 844 843
846 824 847
824 848 847
849 847 848
850 846 847
849 850 847
850 844 846
851 850 849
852 842 844
850 852 844
851 853 850
853 852 850
851 854 853
851 855 854
855 856 854
854 856 857
852 858 842
837 842 858
853 859 852
854 859 853
858 852 859
854 857 860
857 861 860
862 860 861
863 860 862
863 862 864
865 863 864
838 863 865
838 837 866
866 837 858
838 866 863
867 854 860
854 867 859
867 860 863
858 859 868
866 858 868
867 868 859
863 866 868
867 863 868
869 870 871
872 869 871
872 871 873
874 872 873
874 873 875
876 874 875
876 877 874
878 877 876
878 876 879
879 876 880
879 880 881
880 882 881
880 883 882
883 884 882
883 885 884
885 886 884
877 878 887
877 887 888
887 889 888
887 890 889
890 891 889
890 892 891
892 893 891
878 879 894
894 879 895
894 895 896
895 897 896
895 898 897
898 899 897
898 900 899
900 901 899
878 894 902
878 902 903
902 904 903
902 905 904
905 906 904
905 907 906
907 908 906
909 910 911
909 912 910
913 912 909
913 914 912
915 914 913
915 916 914
917 910 918
917 918 919
919 918 920
919 920 921
921 920 922
921 922 923
923 922 924
923 924 925
925 924 926
925 926 927
927 926 928
927 928 929
929 928 930
929 930 931
931 930 932
931 932 933
933 932 934
933 934 935
935 934 936
935 936 937
937 936 938
937 938 939
940 941 942
940 942 943
943 942 944
943 944 945
946 944 947
946 947 948
948 947 949
948 949 950
950 949 951
950 951 952
952 951 953
952 953 954
955 956 957
955 957 958
958 957 959
958 959 960
960 959 961
960 961 962
962 961 963
962 963 964
965 963 966
965 966 967
967 966 968
967 968 969
970 971 972
970 972 973
973 972 974
973 974 975
975 974 976
975 976 977
977 976 978
977 978 979
979 978 980
979 980 981
981 980 982
981 982 983
983 982 984
983 984 985
985 984 986
985 986 987
987 986 988
987 988 989
989 988 990
989 990 991
991 990 992
991 992 993
994 992 995
994 995 996
996 995 997
996 997 998
998 997 916
998 916 999
1000 1001 1002
1000 1003 1001
1003 1004 1001
1003 1005 1004
1004 1005 1006
1006 1007 1004
1006 1008 1007
1009 1007 1008
1009 1008 1010
1010 1011 1009
1012 1009 1011
1012 1011 1013
1014 1012 1013
1014 1013 1015
1016 1017 1018
1016 1019 1017
1019 1020 1017
1019 1021 1020
1021 1022 1020
1022 1021 1023
1022 1023 1024
1024 1023 1025
1024 1025 1026
1027 1026 1025
1028 1027 1025
1028 1025 1029
1030 1028 1029
1030 1029 1031
1032 1033 1034
1032 1035 1033
1035 1036 1033
1035 1037 1036
1037 1038 1036
1038 1039 1036
1038 1040 1039
1041 1039 1040
1041 1040 1042
1041 1042 1043
1044 1041 1043
1044 1043 1045
1046 1044 1045
1046 1045 1047
1048 1049 1050
1048 1050 1051
1051 1050 1052
1051 1052 1053
1052 1054 1053
1054 1052 1055
1054 1055 1056
1057 1056 1055
1057 1058 1056
1058 1057 1059
1060 1059 1057
1060 1061 1059
1062 1061 1060
1062 1063 1061
1064 1065 1066
1064 1066 1067
1067 1066 1068
1067 1068 1069
1069 1068 1070
1070 1071 1069
1070 1072 1071
1072 1073 1071
1072 1074 1073
1075 1073 1074
1076 1073 1075
1076 1077 1073
1078 1077 1076
1078 1079 1077
1080 1081 1082
1080 1082 1083
1083 1082 1084
1083 1084 1085
1085 1084 1086
1086 1084 1087
1086 1087 1088
1089 1088 1087
1089 1090 1088
1089 1091 1090
1092 1091 1089
1092 1093 1091
1094 1093 1092
1094 1095 1093
1096 1097 1098
1096 1098 1099
1099 1098 1100
1099 1100 1101
1100 1102 1101
1102 1100 1103
1102 1103 1104
1105 1104 1103
1105 1106 1104
1106 1105 1107
1108 1107 1105
1108 1109 1107
1110 1109 1108
1110 1111 1109
1112 1113 1114
1112 1114 1115
1115 1114 1116
1115 1116 1117
1117 1116 1118
1118 1119 1117
1118 1120 1119
1120 1121 1119
1120 1122 1121
1123 1121 1122
1124 1121 1123
1124 1125 1121
1126 1125 1124
1126 1127 1125
1128 1129 1130
1128 1130 1131
1131 1130 1132
1131 1132 1133
1133 1132 1134
1134 1132 1135
1134 1135 1136
1137 1136 1135
1137 1138 1136
1137 1139 1138
1140 1139 1137
1140 1141 1139
1142 1141 1140
1142 1143 1141
1144 1145 1146
1144 1147 1145
1147 1148 1145
1147 1149 1148
1148 1149 1150
1150 1151 1148
1150 1152 1151
1153 1151 1152
1153 1152 1154
1154 1155 1153
1156 1153 1155
1156 1155 1157
1158 1156 1157
1158 1157 1159
1160 1161 1162
1160 1163 1161
1163 1164 1161
1163 1165 1164
1165 1166 1164
1166 1165 1167
1166 1167 1168
1168 1167 1169
1168 1169 1170
1171 1170 1169
1172 1171 1169
1172 1169 1173
1174 1172 1173
1174 1173 1175
1176 1177 1178
1176 1179 1177
1179 1180 1177
1179 1181 1180
1181 1182 1180
1182 1183 1180
1182 1184 1183
1185 1183 1184
1185 1184 1186
1185 1186 1187
1188 1185 1187
1188 1187 1189
1190 1188 1189
1190 1189 1191
1192 1193 1194
1192 1195 1193
1196 1193 1195
1196 1197 1193
1198 1197 1196
1198 1196 1199
1200 1198 1199
1200 1199 1201
1201 1202 1200
1201 1203 1202
1202 1203 1204
1205 1206 1207
1206 1208 1207
1208 1209 1207
1206 1210 1208
1208 1211 1209
1210 1212 1208
1212 1211 1208
1212 1213 1211
1210 1214 1212
1215 1213 1212
1216 1212 1214
1215 1212 1216
1216 1214 1217
1216 1218 1215
1216 1217 1219
1216 1219 1218
1220 1221 1222
1222 1221 1223
1224 1223 1221
1225 1222 1223
1222 1225 1226
1225 1227 1226
1227 1225 1228
1223 1228 1225
1227 1228 1229
1229 1228 1230
1229 1230 1231
1230 1232 1231
1224 1233 1223
1223 1233 1228
1234 1233 1224
1233 1235 1228
1235 1230 1228
1230 1236 1232
1236 1237 1232
1233 1234 1238
1233 1238 1235
1234 1239 1238
1235 1238 1239
1235 1239 1240
1241 1240 1239
1242 1230 1235
1242 1235 1243
1234 1244 1239
1244 1234 1245
1246 1244 1245
1244 1247 1239
1246 1247 1244
1241 1239 1248
1239 1247 1248
1246 1249 1247
1247 1249 1248
1246 1250 1249
1241 1248 1251
1251 1248 1249
1241 1251 1252
1253 1252 1251
1254 1249 1250
1251 1249 1254
1254 1250 1255
1253 1251 1256
1254 1256 1251
1256 1257 1253
1255 1258 1254
1254 1258 1256
1255 1259 1258
1260 1258 1259
1261 1256 1258
1260 1261 1258
1257 1256 1261
1262 1261 1260
1261 1262 1257
1263 1257 1262
1262 1260 1264
1257 1263 1265
1266 1262 1264
1266 1267 1262
1263 1262 1267
1266 1268 1267
1266 1269 1268
1267 1268 1270
1263 1267 1270
1269 1271 1268
1268 1271 1270
1270 1271 1272
1269 1273 1271
1273 1274 1271
1273 1275 1274
1263 1276 1265
1276 1277 1265
1278 1263 1270
1272 1278 1270
1279 1263 1278
1279 1276 1263
1274 1280 1271
1271 1280 1272
1281 1274 1275
1281 1275 1282
1282 1283 1281
1281 1283 1284
1281 1284 1285
1274 1281 1285
1285 1284 1286
1287 1285 1286
1274 1285 1288
1274 1288 1280
1287 1288 1285
1280 1288 1289
1280 1289 1272
1289 1290 1272
1272 1290 1291
1292 1288 1287
1293 1288 1292
1292 1287 1294
1295 1293 1292
1296 1292 1294
1295 1292 1296
1297 1295 1296
1298 1296 1294
1297 1296 1299
1299 1296 1298
1300 1297 1299
1301 1299 1298
1300 1299 1301
1301 1298 1302
1303 1300 1301
1304 1301 1302
1303 1301 1304
1304 1302 1305
1304 1306 1303
1237 1304 1305
1304 1307 1306
1237 1307 1304
1308 1306 1307
1236 1307 1237
1308 1307 1236
1308 1236 1230
1309 1310 1230
1311 1310 1309
1309 1230 1242
1311 1309 1242
1311 1312 1310
1311 1313 1312
1242 1314 1311
1314 1242 1243
1314 1243 1315
1314 1315 1277
1311 1316 1313
1316 1317 1313
1311 1314 1318
1316 1311 1318
1314 1277 1319
1314 1319 1318
1276 1319 1277
1318 1319 1276
1318 1276 1279
1316 1318 1279
1316 1320 1317
1316 1279 1320
1291 1317 1320
1321 1320 1279
1291 1320 1321
1321 1279 1278
1272 1291 1321
1272 1321 1278
1322 1323 1324
1322 1324 1325
1326 1325 1324
1326 1324 1327
1328 1326 1327
1328 1329 1326
1330 1329 1328
1330 1331 1329
1331 1330 1332
1331 1332 1333
1332 1334 1333
1335 1336 1337
1338 1337 1336
1338 1336 1339
1338 1340 1337
1340 1338 1341
1338 1339 1342
1341 1338 1342
1340 1341 1343
1341 1342 1344
1345 1343 1341
1346 1341 1344
1345 1341 1347
1346 1347 1341
1345 1347 1348
1347 1346 1349
1347 1349 1348
1350 1351 1352
1351 1353 1352
1354 1352 1353
1351 1355 1353
1356 1355 1351
1355 1356 1357
1357 1358 1355
1353 1355 1358
1357 1359 1358
1359 1360 1358
1359 1361 1360
1360 1361 1362
1354 1353 1363
1353 1358 1363
1364 1354 1363
1363 1358 1365
1365 1358 1360
1360 1362 1366
1366 1362 1367
1363 1368 1364
1363 1365 1368
1364 1368 1369
1369 1368 1365
1370 1369 1365
1371 1369 1370
1365 1360 1372
1372 1373 1365
1374 1373 1372
1364 1369 1375
1375 1376 1364
1377 1376 1375
1375 1369 1378
1377 1375 1378
1371 1379 1369
1369 1379 1378
1377 1378 1380
1378 1379 1380
1377 1380 1381
1371 1382 1379
1382 1380 1379
1371 1383 1382
1384 1381 1380
1382 1384 1380
1384 1385 1381
1383 1386 1382
1384 1382 1386
1383 1387 1386
1386 1387 1388
1385 1384 1389
1384 1386 1389
1385 1389 1390
1391 1390 1389
1392 1389 1386
1391 1389 1392
1388 1392 1386
1393 1391 1392
1392 1388 1393
1393 1394 1391
1395 1394 1393
1396 1393 1388
1397 1396 1388
1395 1393 1398
1396 1398 1393
1395 1398 1399
1395 1399 1400
1398 1401 1399
1396 1401 1398
1400 1399 1402
1399 1401 1402
1401 1403 1402
1400 1402 1404
1397 1405 1396
1405 1397 1406
1401 1396 1407
1403 1401 1407
1407 1396 1405
1404 1402 1408
1404 1408 1409
1405 1406 1410
1410 1406 1374
1410 1374 1411
1374 1372 1411
1372 1412 1411
1413 1410 1411
1413 1405 1410
1413 1411 1412
1407 1405 1414
1413 1414 1405
1408 1402 1415
1402 1403 1415
1416 1409 1408
1416 1417 1409
1417 1416 1418
1416 1419 1418
1416 1420 1419
1408 1420 1416
1420 1421 1419
1422 1421 1420
1408 1423 1420
1408 1415 1423
1422 1420 1423
1415 1424 1423
1415 1403 1424
1424 1403 1425
1403 1426 1425
1427 1422 1423
1428 1427 1423
1427 1429 1422
1430 1427 1428
1431 1429 1427
1430 1431 1427
1432 1431 1430
1433 1429 1431
1432 1434 1431
1434 1433 1431
1435 1434 1432
1436 1433 1434
1435 1436 1434
1436 1437 1433
1438 1436 1435
1439 1437 1436
1438 1439 1436
1439 1440 1437
1439 1438 1441
1367 1440 1439
1439 1441 1442
1367 1439 1442
1443 1442 1441
1366 1367 1442
1443 1366 1442
1443 1360 1366
1444 1372 1360
1444 1360 1445
1412 1372 1444
1412 1444 1445
1412 1445 1446
1412 1446 1447
1412 1447 1448
1448 1413 1412
1448 1447 1449
1448 1414 1413
1448 1449 1450
1448 1450 1414
1426 1450 1449
1451 1414 1450
1426 1451 1450
1451 1407 1414
1403 1451 1426
1403 1407 1451
1452 1453 1454
1452 1455 1453
1455 1456 1453
1457 1453 1456
1458 1457 1456
1459 1457 1458
1460 1459 1458
1459 1461 1457
1460 1462 1459
1463 1461 1459
1462 1464 1459
1463 1459 1465
1465 1459 1464
1464 1466 1465
1467 1463 1465
1465 1466 1468
1467 1465 1469
1468 1469 1465
1468 1470 1469
1469 1470 1471
1472 1467 1469
1469 1471 1473
1472 1469 1473
1473 1471 1474
1473 1474 1475
1472 1473 1475
1474 1476 1475
1476 1477 1475
1472 1475 1477
1477 1476 1478
1472 1477 1479
1477 1478 1479
1478 1480 1479
1472 1479 1481
1482 1472 1481
1480 1478 1483
1484 1482 1481
1485 1480 1483
1484 1481 1486
1480 1485 1487
1488 1481 1479
1480 1488 1479
1480 1489 1488
1488 1490 1481
1489 1480 1491
1491 1480 1487
1491 1487 1492
1491 1492 1493
1481 1490 1494
1495 1486 1481
1481 1494 1495
1496 1486 1495
1495 1494 1497
1496 1495 1498
1495 1497 1498
1498 1499 1496
1497 1500 1498
1498 1501 1499
1500 1501 1498
1502 1503 1504
1505 1502 1504
1505 1504 1506
1506 1507 1505
1508 1507 1506
1508 1506 1509
1510 1508 1509
1511 1510 1509
1510 1511 1512
1512 1513 1510
1511 1514 1512
1513 1515 1510
1516 1514 1511
1513 1517 1515
1516 1511 1518
1517 1519 1515
1518 1520 1516
1518 1521 1520
1521 1522 1520
1521 1523 1522
1523 1524 1522
1523 1525 1524
1525 1526 1524
1525 1527 1526
1517 1528 1519
1519 1528 1529
1528 1530 1529
1527 1531 1526
1527 1532 1531
1531 1532 1533
1531 1533 1534
1535 1534 1533
1535 1536 1534
1535 1537 1536
1528 1538 1530
1538 1539 1530
1538 1540 1539
1538 1541 1540
1538 1542 1541
1543 1544 1545
1543 1545 1546
1547 1543 1546
1547 1546 1548
1549 1547 1548
1549 1548 1550
1549 1550 1551
1552 1551 1550
1549 1551 1553
1551 1554 1553
1551 1555 1554
1552 1555 1551
1556 1554 1555
1557 1556 1555
1557 1558 1556
1559 1558 1557
1557 1560 1559
1561 1560 1557
1562 1561 1557
1563 1562 1557
1564 1563 1557
1564 1557 1555
1552 1565 1555
1564 1555 1565
1564 1565 1566
1567 1564 1566
1567 1568 1564
1569 1568 1567
1570 1569 1567
1571 1570 1567
1571 1567 1566
1571 1566 1572
1565 1573 1566
1572 1566 1573
1565 1574 1573
1574 1565 1552
1575 1572 1573
1573 1574 1575
1576 1572 1575
1576 1577 1572
1578 1577 1576
1579 1578 1576
1580 1579 1576
1580 1576 1575
1581 1580 1575
1574 1581 1575
1574 1582 1581
1582 1574 1552
1583 1582 1552
1582 1583 1584
1585 1584 1583
1583 1552 1586
1552 1550 1586
1550 1587 1586
1550 1588 1587
1588 1589 1587
1589 1590 1587
1590 1591 1587
1587 1591 1592
1587 1592 1593
1586 1587 1593
1586 1593 1594
1594 1583 1586
1595 1583 1594
1583 1595 1596
1585 1583 1597
1583 1596 1597
1598 1585 1597
1598 1597 1596
1599 1600 1601
1599 1601 1602
1602 1601 1603
1604 1599 1602
1602 1603 1605
1604 1602 1606
1606 1602 1605
1607 1604 1606
1607 1608 1604
1609 1608 1607
1606 1605 1610
1610 1605 1611
1612 1607 1606
1612 1606 1610
1613 1612 1610
1610 1611 1614
1613 1610 1614
1614 1611 1615
1613 1614 1615
1613 1615 1616
1609 1607 1617
1617 1607 1612
1618 1612 1613
1617 1612 1618
1613 1616 1619
1620 1619 1616
1621 1619 1620
1622 1613 1619
1622 1619 1621
1618 1613 1622
1623 1622 1621
1623 1618 1622
1623 1624 1618
1624 1617 1618
1625 1624 1623
1626 1609 1617
1624 1626 1617
1625 1626 1624
1626 1627 1609
1625 1628 1626
1628 1627 1626
1628 1629 1627
1630 1631 1632
1630 1633 1631
1633 1634 1631
1635 1633 1630
1633 1636 1634
1635 1637 1633
1637 1636 1633
1638 1637 1635
1638 1635 1639
1640 1638 1639
1637 1641 1636
1641 1642 1636
1643 1637 1638
1643 1641 1637
1644 1641 1643
1641 1645 1642
1644 1645 1641
1645 1646 1642
1644 1646 1645
1644 1647 1646
1640 1648 1638
1648 1643 1638
1649 1644 1643
1648 1649 1643
1644 1650 1647
1651 1647 1650
1652 1651 1650
1653 1650 1644
1653 1652 1650
1649 1653 1644
1652 1653 1654
1654 1653 1649
1654 1649 1655
1655 1649 1648
1654 1655 1656
1657 1648 1640
1655 1648 1657
1656 1655 1657
1657 1640 1658
1656 1657 1659
1659 1657 1658
1659 1658 1660
1661 1662 1663
1661 1664 1662
1662 1664 1665
1666 1665 1664
1664 1667 1666
1667 1668 1666
1669 1668 1667
1669 1667 1670
1671 1669 1670
1672 1667 1664
1670 1667 1672
1673 1664 1661
1672 1664 1673
1674 1673 1661
1672 1673 1674
1671 1670 1675
1671 1675 1676
1671 1676 1677
1677 1676 1678
1676 1679 1678
1670 1672 1680
1675 1670 1680
1672 1674 1681
1672 1681 1680
1676 1675 1682
1675 1680 1682
1676 1683 1679
1679 1683 1684
1685 1684 1683
1686 1685 1683
1686 1687 1685
1688 1687 1686
1689 1688 1686
1690 1683 1676
1676 1682 1690
1690 1686 1683
1686 1690 1682
1689 1686 1691
1686 1682 1691
1692 1682 1680
1691 1682 1692
1689 1691 1693
1691 1692 1693
1689 1693 1694
1680 1695 1692
1680 1681 1695
1694 1693 1696
1694 1696 1697
1698 1697 1696
1693 1692 1699
1692 1695 1699
1693 1699 1696
1681 1700 1695
1700 1699 1695
1681 1674 1700
1701 1698 1696
1699 1701 1696
1698 1701 1702
1703 1702 1701
1704 1703 1701
1704 1705 1703
1706 1705 1704
1699 1707 1701
1700 1707 1699
1707 1704 1701
1707 1700 1704
1674 1708 1700
1700 1708 1704
1708 1674 1661
1709 1706 1704
1708 1709 1704
1710 1706 1709
1710 1709 1711
1708 1661 1712
1708 1712 1709
1712 1711 1709
1661 1713 1712
1712 1714 1711
1712 1713 1714
1715 1716 1717
1715 1717 1718
1715 1719 1716
1720 1719 1715
1720 1721 1719
1722 1721 1720
1722 1720 1723
1720 1715 1723
1715 1718 1723
1722 1723 1724
1723 1725 1724
1723 1718 1726
1723 1726 1725
1718 1727 1726
1727 1725 1726
1728 1727 1718
1718 1729 1728
1728 1729 1716
1728 1716 1730
1731 1728 1730
1731 1727 1728
1731 1730 1732
1733 1731 1732
1733 1727 1731
1727 1734 1725
1733 1734 1727
1735 1722 1724
1736 1724 1725
1735 1724 1736
1737 1725 1734
1736 1725 1738
1737 1738 1725
1734 1739 1737
1733 1739 1734
1740 1735 1736
1738 1740 1736
1738 1737 1741
1741 1737 1739
1740 1738 1742
1743 1738 1741
1741 1744 1743
1743 1744 1745
1741 1739 1746
1746 1744 1741
1747 1739 1733
1746 1739 1747
1742 1748 1740
1745 1748 1742
1740 1749 1735
1750 1740 1748
1750 1749 1740
1735 1749 1751
1752 1749 1750
1752 1751 1749
1735 1751 1753
1722 1735 1753
1748 1754 1750
1745 1755 1748
1748 1755 1754
1755 1745 1756
1750 1754 1757
1750 1757 1752
1758 1754 1755
1757 1754 1758
1745 1759 1756
1745 1744 1759
1758 1755 1760
1756 1760 1755
1752 1761 1751
1752 1762 1761
1757 1762 1752
1751 1761 1763
1757 1764 1762
1751 1763 1753
1765 1764 1757
1757 1758 1765
1765 1766 1764
1767 1766 1765
1758 1767 1765
1763 1768 1753
1763 1769 1768
1768 1722 1753
1768 1769 1770
1758 1771 1767
1760 1771 1758
1772 1767 1771
1760 1773 1771
1756 1773 1760
1772 1771 1774
1774 1771 1773
1774 1773 1775
1774 1776 1772
1756 1777 1773
1775 1773 1777
1756 1778 1777
1778 1775 1777
1779 1774 1775
1774 1779 1776
1756 1780 1778
1756 1759 1780
1781 1780 1759
1744 1781 1759
1744 1782 1781
1746 1782 1744
1783 1782 1746
1781 1782 1783
1783 1746 1784
1746 1747 1784
1779 1785 1776
1779 1775 1786
1785 1779 1786
1785 1787 1776
1788 1787 1785
1789 1788 1785
1787 1790 1776
1787 1791 1790
1791 1792 1790
1785 1786 1793
1793 1789 1785
1794 1793 1786
1793 1794 1789
1789 1794 1795
1796 1786 1775
1794 1786 1796
1796 1775 1797
1797 1775 1778
1798 1794 1796
1797 1798 1796
1799 1797 1778
1780 1799 1778
1797 1800 1798
1800 1797 1799
1800 1799 1801
1798 1802 1794
1795 1794 1802
1780 1803 1799
1781 1803 1780
1799 1804 1801
1799 1803 1804
1801 1804 1805
1804 1806 1805
1807 1803 1781
1807 1804 1803
1804 1807 1806
1807 1808 1806
1781 1783 1807
1807 1783 1808
1783 1809 1808
1783 1784 1809
1784 1810 1809
1784 1747 1810
1747 1811 1810
1747 1812 1811
1812 1813 1811
1733 1812 1747
1812 1814 1813
1814 1815 1813
1816 1814 1812
1814 1816 1815
1733 1816 1812
1816 1817 1815
1733 1817 1818
1733 1818 1816
1816 1818 1817
1819 1820 1821
1822 1819 1821
1822 1823 1819
1819 1823 1824
1819 1824 1825
1825 1824 1826
1827 1819 1825
1827 1820 1819
1825 1826 1828
1828 1827 1825
1828 1826 1829
1828 1829 1830
1830 1829 1831
1828 1832 1827
1830 1832 1828
1830 1831 1833
1833 1831 1834
1835 1820 1827
1827 1832 1835
1830 1836 1832
1833 1836 1830
1832 1837 1835
1832 1836 1837
1833 1834 1838
1833 1839 1836
1838 1839 1833
1836 1840 1837
1836 1839 1840
1839 1841 1840
1834 1842 1838
1834 1843 1842
1842 1843 1844
1838 1845 1839
1839 1845 1841
1842 1844 1846
1846 1844 1847
1842 1848 1838
1838 1848 1845
1846 1848 1842
1846 1847 1849
1848 1846 1849
1849 1847 1850
1848 1851 1845
1841 1845 1851
1849 1850 1852
1852 1850 1853
1849 1854 1848
1849 1852 1854
1848 1854 1851
1852 1853 1855
1855 1854 1852
1855 1853 1856
1854 1857 1851
1855 1857 1854
1855 1856 1858
1858 1856 1859
1860 1857 1855
1860 1855 1858
1861 1851 1857
1861 1857 1860
1858 1859 1862
1862 1859 1863
1864 1851 1861
1841 1851 1864
1861 1865 1864
1860 1865 1861
1865 1866 1864
1858 1867 1860
1858 1862 1867
1860 1867 1865
1868 1867 1862
1865 1867 1868
1862 1863 1869
1868 1862 1869
1865 1868 1870
1865 1870 1866
1871 1869 1863
1871 1863 1872
1871 1872 1873
1874 1868 1869
1874 1870 1868
1874 1869 1871
1875 1871 1873
1875 1874 1871
1876 1870 1874
1870 1876 1866
1873 1877 1875
1873 1878 1877
1879 1874 1875
1879 1876 1874
1866 1876 1880
1876 1879 1881
1880 1876 1881
1882 1866 1880
1883 1866 1882
1881 1884 1880
1882 1880 1884
1879 1875 1885
1879 1885 1886
1879 1886 1881
1875 1887 1885
1875 1877 1887
1886 1885 1887
1888 1883 1882
1882 1884 1889
1889 1888 1882
1883 1888 1890
1841 1883 1890
1881 1886 1891
1886 1887 1892
1891 1886 1892
1877 1893 1887
1892 1887 1893
1884 1881 1894
1881 1891 1894
1894 1891 1895
1891 1892 1896
1894 1895 1897
1884 1894 1898
1894 1897 1898
1889 1884 1898
1899 1898 1897
1889 1898 1899
1899 1897 1900
1901 1899 1900
1901 1889 1899
1901 1900 1902
1892 1893 1903
1896 1892 1903
1901 1904 1889
1889 1904 1888
1888 1904 1905
1905 1904 1901
1888 1905 1890
1906 1901 1902
1905 1901 1906
1906 1902 1907
1906 1908 1905
1905 1908 1890
1909 1906 1907
1906 1909 1908
1909 1907 1910
1890 1908 1911
1911 1908 1909
1912 1909 1910
1911 1909 1912
1912 1910 1913
1914 1912 1913
1914 1911 1912
1914 1913 1915
1890 1911 1916
1841 1890 1916
1914 1917 1911
1917 1916 1911
1918 1914 1915
1914 1918 1917
1918 1915 1919
1920 1918 1919
1921 1841 1916
1917 1921 1916
1921 1922 1841
1917 1918 1923
1920 1923 1918
1917 1923 1921
1924 1923 1920
1923 1924 1921
1924 1920 1925
1926 1922 1921
1924 1926 1921
1926 1837 1922
1927 1924 1925
1924 1927 1926
1927 1925 1928
1929 1837 1926
1927 1929 1926
1929 1835 1837
1930 1927 1928
1927 1930 1929
1930 1928 1931
1932 1835 1929
1930 1932 1929
1835 1932 1820
1933 1930 1931
1930 1933 1932
1933 1931 1934
1932 1935 1820
1932 1933 1935
1935 1933 1934
1935 1936 1820
1935 1934 1937
1822 1936 1935
1822 1935 1937
1938 1791 1787
1788 1938 1787
1938 1939 1791
1938 1788 1940
1939 1938 1940
1939 1940 1941
1942 1939 1941
1942 1941 1943
1939 1944 1791
1939 1942 1944
1788 1945 1940
1945 1946 1940
1945 1947 1946
1947 1948 1946
1949 1945 1788
1949 1947 1945
1791 1944 1950
1791 1950 1792
1949 1788 1951
1951 1788 1789
1943 1952 1942
1942 1953 1944
1942 1952 1953
1943 1954 1952
1943 1955 1954
1954 1955 1956
1954 1956 1957
1957 1952 1954
1957 1956 1958
1957 1958 1959
1959 1958 1960
1959 1960 1961
1961 1960 1962
1961 1962 1963
1963 1962 1964
1963 1964 1965
1965 1964 1966
1967 1961 1963
1963 1965 1967
1959 1961 1968
1967 1968 1961
1969 1957 1959
1959 1968 1969
1957 1970 1952
1969 1970 1957
1952 1970 1971
1952 1971 1953
1972 1970 1969
1972 1971 1970
1973 1971 1972
1971 1974 1953
1973 1974 1971
1944 1953 1974
1969 1975 1972
1969 1968 1975
1972 1975 1973
1976 1968 1967
1975 1968 1976
1944 1974 1977
1944 1977 1950
1973 1978 1974
1974 1978 1977
1950 1977 1979
1950 1979 1792
1980 1979 1977
1980 1977 1978
1792 1979 1981
1981 1979 1980
1792 1981 1982
1983 1982 1981
1981 1980 1983
1983 1984 1982
1985 1980 1978
1983 1980 1985
1986 1984 1983
1983 1985 1986
1986 1987 1984
1988 1987 1986
1985 1988 1986
1988 1989 1987
1985 1978 1990
1990 1978 1973
1990 1991 1985
1985 1991 1988
1992 1989 1988
1992 1993 1989
1973 1994 1990
1990 1994 1991
1988 1995 1992
1988 1991 1995
1996 1993 1992
1995 1996 1992
1996 1997 1993
1973 1998 1994
1973 1975 1998
1998 1975 1976
1999 1991 1994
1995 1991 1999
1994 1998 1999
1999 2000 1995
1995 2000 1996
1998 2000 1999
2001 1997 1996
2000 2001 1996
2001 2002 1997
1976 2003 1998
1998 2003 2000
2000 2004 2001
2003 2004 2000
2005 2002 2001
2004 2005 2001
2005 2006 2002
2007 2006 2005
2004 2008 2005
2008 2004 2003
1976 2009 2003
1967 2009 1976
1967 1965 2009
2003 2009 2010
2010 2009 1965
2003 2010 2008
2007 2005 2011
2008 2011 2005
2012 2007 2011
2008 2012 2011
2008 2010 2012
2012 2013 2007
2010 1965 2014
2010 2014 2012
2014 2013 2012
1965 1966 2014
2014 1966 2013
2015 2016 2017
2018 2016 2015
2015 2017 2019
2019 2017 2020
2015 2021 2018
2021 2022 2018
2019 2020 2023
2023 2020 2024
2025 2015 2019
2025 2021 2015
2021 2026 2022
2026 1878 2022
2023 2024 2027
2027 2024 2028
2019 2023 2029
2019 2029 2025
2027 2028 2030
2030 2028 2031
2032 2023 2027
2032 2029 2023
2030 2032 2027
2025 2029 2033
2032 2033 2029
2034 2021 2025
2025 2033 2034
2034 2033 2035
2034 2036 2021
2035 2036 2034
2026 2021 2036
2030 2031 2037
2037 2031 2038
2030 2039 2032
2037 2039 2030
2040 2033 2032
2032 2039 2040
2035 2033 2041
2041 2033 2040
2039 2042 2040
2037 2042 2039
2043 2042 2037
2037 2038 2044
2043 2037 2044
2044 2038 2045
2046 2040 2042
2041 2040 2046
2046 2042 2043
2044 2045 2047
2043 2044 2047
2045 2048 2047
2043 2047 2048
2045 2049 2048
2048 2049 2050
2048 2050 2051
2051 2043 2048
2051 2050 2052
2043 2053 2046
2051 2053 2043
2046 2054 2041
2046 2053 2054
2051 2052 2055
2055 2052 2056
2057 2053 2051
2054 2053 2057
2057 2051 2055
2054 2058 2041
2035 2041 2058
2054 2057 2059
2059 2057 2055
2059 2058 2054
2055 2056 2060
2059 2055 2060
2060 2056 2061
2060 2061 2062
2062 2059 2060
2062 2061 2063
2064 2058 2059
2062 2064 2059
2065 2058 2064
2035 2058 2065
2066 2064 2062
2065 2064 2066
2062 2063 2067
2066 2062 2067
2068 2067 2063
2067 2068 2066
2068 2063 2069
1948 2068 2069
2070 2068 1948
2066 2068 2070
1947 2070 1948
2066 2071 2065
2066 2070 2071
2065 2071 2035
1947 2071 2070
2035 2071 2072
2072 2071 1947
2035 2072 2036
2026 2036 2072
2026 2072 1947
1949 2026 1947
2026 1949 1878
1949 1951 1878
1951 1877 1878
1877 1951 1893
1789 1893 1951
1789 1903 1893
1903 1789 1795
2073 1903 1795
2073 1896 1903
1896 2073 2074
2073 2075 2074
1896 2074 2076
2077 2076 2074
2073 1795 2078
2073 2078 2075
2079 2078 1795
2075 2078 2079
2079 1795 2080
1795 1802 2080
2075 2079 2081
2082 2079 2080
2080 1802 2083
1798 2083 1802
1798 2084 2083
2082 2080 2085
2080 2083 2085
2084 2086 2083
2084 2087 2086
2088 2082 2085
2088 2089 2082
2085 2083 2090
2083 2086 2090
2085 2090 2088
2091 2075 2081
2091 2081 2092
2093 2086 2087
2090 2086 2094
2086 2093 2094
2093 2087 2095
2087 2096 2095
2095 2097 2093
2093 2097 2094
2098 2095 2096
2095 2098 2097
2098 2096 2099
2090 2094 2100
2088 2090 2100
2097 2101 2094
2101 2100 2094
2098 2102 2097
2097 2102 2101
2103 2098 2099
2098 2103 2102
2103 2099 2104
2105 2102 2103
2101 2102 2105
2106 2103 2104
2105 2103 2106
2106 2104 2107
2108 2106 2107
2108 2107 2109
2106 2108 2110
2106 2110 2105
2111 2108 2109
2111 2110 2108
2111 2109 2112
2113 2111 2112
2113 2112 2114
2115 2110 2111
2113 2115 2111
2105 2110 2116
2116 2110 2115
2101 2105 2117
2105 2116 2117
2118 2113 2114
2118 2114 2119
2120 2118 2119
2121 2101 2117
2121 2100 2101
2117 2116 2122
2121 2117 2122
2123 2116 2115
2122 2116 2123
2124 2123 2115
2113 2125 2115
2113 2118 2125
2124 2115 2125
2118 2124 2125
2120 2126 2118
2118 2126 2124
2127 2126 2120
2127 2124 2126
2127 2120 2128
2129 2127 2128
2129 2128 2130
2127 2131 2124
2127 2129 2131
2132 2124 2131
2123 2124 2132
2129 2132 2131
2133 2129 2130
2129 2133 2132
2133 2130 2134
2135 2123 2132
2135 2122 2123
2133 2136 2132
2132 2136 2135
2137 2133 2134
2137 2136 2133
2137 2134 2138
2122 2135 2139
2139 2135 2136
2121 2122 2139
2140 2136 2137
2139 2136 2140
2141 2137 2138
2140 2137 2141
2141 2138 2142
2143 2141 2142
2143 2140 2141
2143 2142 2144
2145 2121 2139
2140 2145 2139
2143 2146 2140
2140 2146 2145
2147 2143 2144
2147 2144 2148
2149 2146 2143
2145 2146 2149
2149 2143 2147
2145 2150 2121
2145 2149 2150
2121 2150 2100
2088 2100 2150
2149 2151 2150
2151 2088 2150
2147 2151 2149
2089 2088 2151
2152 2147 2148
2147 2152 2151
2089 2151 2152
2152 2148 2153
2089 2152 2153
2154 2155 2156
2077 2154 2156
2154 2157 2155
2157 2158 2155
2154 2077 2159
2159 2157 2154
2157 2160 2158
2160 2161 2158
2160 2162 2161
2162 2163 2161
2157 2164 2160
2164 2162 2160
2162 2165 2163
2165 2166 2163
2159 2077 2167
2077 2074 2167
2159 2168 2157
2157 2168 2164
2169 2168 2159
2167 2169 2159
2168 2169 2164
2164 2170 2162
2165 2162 2170
2074 2171 2167
2074 2075 2171
2172 2170 2164
2169 2172 2164
2169 2173 2172
2174 2169 2167
2174 2167 2171
2174 2173 2169
2171 2075 2175
2174 2171 2175
2175 2075 2091
2170 2172 2176
2165 2170 2176
2174 2175 2177
2174 2177 2173
2175 2091 2178
2177 2175 2178
2178 2091 2092
2176 2172 2179
2179 2172 2173
2180 2165 2176
2176 2179 2180
2178 2092 2181
2092 2182 2181
2181 2182 2183
2184 2178 2181
2181 2183 2184
2185 2177 2178
2184 2185 2178
2186 2184 2183
2186 2183 2187
2188 2185 2184
2177 2185 2188
2188 2184 2186
2189 2186 2187
2189 2187 2190
2191 2177 2188
2173 2177 2191
2186 2192 2188
2186 2189 2192
2188 2192 2191
2193 2189 2190
2193 2190 2194
2195 2192 2189
2191 2192 2195
2195 2189 2193
2173 2191 2196
2196 2191 2195
2197 2193 2194
2197 2194 2198
2199 2197 2198
2200 2195 2193
2196 2195 2200
2200 2193 2197
2196 2201 2173
2173 2201 2179
2179 2201 2180
2202 2196 2200
2197 2202 2200
2202 2201 2196
2199 2203 2197
2197 2203 2202
2204 2203 2199
2204 2202 2203
2204 2199 2205
2206 2204 2205
2201 2202 2207
2207 2202 2204
2180 2201 2207
2206 2208 2204
2204 2208 2207
2209 2208 2206
2209 2207 2208
2209 2180 2207
2209 2206 2210
2209 2211 2180
2211 2209 2210
2211 2165 2180
2211 2210 2166
2165 2211 2166
1722 2212 2213
2214 2213 2212
2215 2212 1722
2214 2212 2215
1768 2215 1722
1770 2214 2215
1768 1770 2216
1770 2215 2216
1768 2216 2215
2217 2218 2219
2217 2220 2218
2217 2219 2221
2222 2217 2221
2222 2221 2223
2224 2222 2223
2224 2225 2222
2222 2225 2217
2217 2225 2220
2224 2226 2225
2225 2226 2227
2225 2228 2220
2225 2227 2228
2220 2228 2229
2229 2228 2227
2230 2220 2229
2220 2230 2231
2230 2219 2231
2230 2232 2219
2233 2232 2230
2233 2230 2229
2233 2234 2232
2235 2234 2233
2235 2233 2229
2229 2227 2236
2235 2229 2236
2237 2226 2224
2238 2227 2226
2237 2238 2226
2239 2236 2227
2238 2240 2227
2239 2227 2240
2236 2239 2241
2235 2236 2241
2242 2238 2237
2240 2238 2242
2240 2243 2239
2243 2241 2239
2242 2244 2240
2245 2243 2240
2243 2245 2246
2245 2247 2246
2243 2248 2241
2248 2243 2246
2249 2235 2241
2248 2249 2241
2244 2242 2250
2247 2244 2250
2242 2237 2251
2252 2250 2242
2252 2242 2251
2237 2253 2251
2254 2252 2251
2254 2251 2253
2237 2255 2253
2224 2255 2237
2250 2252 2256
2247 2250 2257
2250 2256 2257
2257 2258 2247
2252 2259 2256
2252 2254 2259
2260 2257 2256
2259 2260 2256
2258 2257 2261
2260 2261 2257
2247 2258 2262
2247 2262 2246
2254 2253 2263
2254 2263 2264
2259 2254 2264
2253 2265 2263
2259 2264 2266
2253 2255 2265
2267 2259 2266
2259 2267 2260
2267 2266 2268
2269 2267 2268
2260 2267 2269
2265 2255 2270
2265 2270 2271
2270 2255 2224
2270 2272 2271
2260 2269 2273
2261 2260 2273
2274 2273 2269
2261 2273 2275
2258 2261 2275
2274 2276 2273
2276 2275 2273
2276 2277 2275
2276 2274 2278
2258 2275 2279
2277 2279 2275
2258 2279 2280
2280 2279 2277
2281 2277 2276
2276 2278 2281
2258 2280 2282
2258 2282 2262
2283 2262 2282
2246 2262 2283
2246 2283 2284
2248 2246 2284
2285 2248 2284
2283 2285 2284
2285 2286 2248
2248 2286 2249
2281 2278 2287
2281 2288 2277
2287 2288 2281
2287 2278 2289
2290 2287 2289
2291 2287 2290
2289 2278 2292
2289 2292 2293
2293 2292 2294
2287 2295 2288
2295 2287 2291
2296 2288 2295
2295 2291 2296
2291 2297 2296
2298 2277 2288
2296 2298 2288
2298 2299 2277
2299 2280 2277
2300 2298 2296
2299 2298 2300
2301 2280 2299
2282 2280 2301
2299 2300 2302
2302 2301 2299
2302 2303 2301
2300 2296 2304
2297 2304 2296
2282 2301 2305
2283 2282 2305
2301 2303 2306
2301 2306 2305
2303 2307 2306
2306 2307 2308
2309 2283 2305
2309 2305 2306
2306 2308 2309
2309 2308 2310
2283 2309 2285
2309 2310 2285
2285 2310 2311
2285 2311 2286
2286 2311 2312
2286 2312 2249
2249 2312 2313
2249 2313 2314
2314 2313 2315
2235 2249 2314
2314 2315 2316
2316 2315 2317
2318 2314 2316
2316 2317 2318
2235 2314 2318
2318 2317 2319
2235 2320 2319
2235 2318 2320
2318 2319 2320
2321 2322 2323
2324 2322 2321
2324 2321 2325
2321 2326 2325
2321 2327 2326
2327 2328 2326
2329 2327 2321
2329 2321 2323
2327 2330 2328
2330 2327 2329
2330 2331 2328
2330 2332 2331
2332 2333 2331
2330 2329 2334
2332 2330 2334
2332 2335 2333
2335 2336 2333
2337 2329 2323
2329 2337 2334
2332 2334 2338
2335 2332 2338
2334 2337 2339
2334 2339 2338
2335 2340 2336
2335 2338 2341
2340 2335 2341
2338 2339 2342
2338 2342 2341
2341 2342 2343
2336 2340 2344
2336 2344 2345
2344 2346 2345
2340 2341 2347
2341 2343 2347
2344 2348 2346
2348 2349 2346
2344 2340 2350
2340 2347 2350
2348 2344 2350
2348 2351 2349
2350 2351 2348
2351 2352 2349
2350 2347 2353
2343 2353 2347
2351 2354 2352
2354 2355 2352
2351 2350 2356
2351 2356 2354
2350 2353 2356
2354 2357 2355
2357 2354 2356
2357 2358 2355
2356 2353 2359
2357 2356 2359
2357 2360 2358
2360 2361 2358
2362 2357 2359
2362 2360 2357
2363 2359 2353
2363 2362 2359
2360 2364 2361
2364 2365 2361
2366 2363 2353
2343 2366 2353
2363 2366 2367
2362 2363 2367
2367 2366 2368
2360 2362 2369
2360 2369 2364
2362 2367 2369
2370 2364 2369
2367 2370 2369
2364 2371 2365
2370 2371 2364
2367 2372 2370
2367 2368 2372
2373 2365 2371
2373 2374 2365
2373 2375 2374
2376 2371 2370
2376 2370 2372
2376 2373 2371
2377 2375 2373
2377 2373 2376
2376 2372 2378
2368 2378 2372
2375 2377 2379
2375 2379 2380
2381 2377 2376
2381 2376 2378
2382 2378 2368
2383 2381 2378
2382 2383 2378
2384 2382 2368
2385 2384 2368
2383 2382 2386
2384 2386 2382
2381 2387 2377
2381 2388 2387
2381 2383 2388
2377 2387 2389
2377 2389 2379
2388 2389 2387
2390 2384 2385
2384 2391 2386
2391 2384 2390
2385 2392 2390
2343 2392 2385
2383 2393 2388
2388 2394 2389
2393 2394 2388
2379 2389 2395
2394 2395 2389
2386 2396 2383
2383 2396 2393
2396 2397 2393
2393 2398 2394
2396 2399 2397
2386 2400 2396
2396 2400 2399
2391 2400 2386
2401 2399 2400
2391 2401 2400
2401 2402 2399
2403 2402 2401
2403 2401 2391
2403 2404 2402
2394 2405 2395
2398 2405 2394
2403 2391 2406
2391 2390 2406
2390 2407 2406
2407 2403 2406
2390 2392 2407
2408 2404 2403
2407 2408 2403
2408 2409 2404
2408 2407 2410
2407 2392 2410
2411 2409 2408
2408 2410 2411
2411 2412 2409
2392 2413 2410
2413 2411 2410
2414 2412 2411
2413 2414 2411
2414 2415 2412
2416 2415 2414
2416 2414 2413
2416 2417 2415
2392 2418 2413
2343 2418 2392
2416 2413 2419
2419 2413 2418
2420 2417 2416
2416 2419 2420
2420 2421 2417
2422 2421 2420
2423 2418 2343
2419 2418 2423
2423 2343 2424
2419 2425 2420
2422 2420 2425
2419 2423 2425
2426 2422 2425
2425 2423 2426
2426 2427 2422
2428 2423 2424
2426 2423 2428
2428 2424 2339
2429 2427 2426
2426 2428 2429
2429 2430 2427
2431 2428 2339
2429 2428 2431
2431 2339 2337
2432 2430 2429
2429 2431 2432
2432 2433 2430
2434 2431 2337
2432 2431 2434
2337 2323 2434
2435 2433 2432
2432 2434 2435
2435 2436 2433
2434 2323 2437
2434 2437 2435
2437 2436 2435
2437 2323 2438
2437 2439 2436
2324 2437 2438
2324 2439 2437
2440 2289 2293
2290 2289 2440
2440 2293 2441
2440 2442 2290
2441 2442 2440
2441 2443 2442
2444 2443 2441
2444 2445 2443
2441 2293 2446
2441 2446 2444
2290 2442 2447
2447 2442 2448
2447 2448 2449
2449 2448 2450
2451 2290 2447
2451 2447 2449
2293 2452 2446
2293 2294 2452
2451 2453 2290
2453 2291 2290
2452 2294 2454
2446 2452 2455
2452 2454 2455
2294 2456 2454
2294 2457 2456
2456 2458 2454
2458 2455 2454
2459 2456 2457
2456 2459 2458
2459 2457 2460
2461 2459 2460
2461 2460 2462
2459 2463 2458
2459 2461 2463
2464 2461 2462
2463 2461 2464
2464 2462 2465
2458 2466 2455
2463 2466 2458
2446 2455 2467
2467 2455 2466
2468 2467 2466
2463 2469 2466
2469 2468 2466
2446 2467 2470
2444 2446 2470
2469 2463 2471
2463 2464 2471
2472 2464 2465
2472 2465 2473
2474 2470 2467
2468 2474 2467
2444 2470 2475
2475 2470 2474
2445 2444 2475
2464 2472 2476
2464 2476 2471
2477 2472 2473
2476 2472 2477
2477 2473 2478
2479 2477 2478
2479 2478 2480
2476 2477 2481
2481 2477 2479
2476 2482 2471
2482 2476 2481
2483 2479 2480
2483 2480 2484
2485 2483 2484
2482 2486 2471
2469 2471 2486
2468 2469 2486
2486 2482 2487
2487 2482 2481
2468 2486 2487
2481 2479 2488
2488 2479 2483
2489 2481 2488
2487 2481 2489
2488 2483 2490
2490 2489 2488
2485 2491 2483
2490 2483 2491
2492 2491 2485
2490 2491 2492
2492 2485 2493
2490 2492 2494
2489 2490 2494
2495 2492 2493
2494 2492 2495
2495 2493 2496
2497 2495 2496
2494 2495 2497
2497 2496 2498
2489 2494 2499
2494 2497 2499
2500 2487 2489
2500 2489 2499
2501 2497 2498
2501 2498 2502
2503 2499 2497
2501 2503 2497
2503 2500 2499
2504 2501 2502
2503 2501 2504
2504 2502 2505
2487 2500 2506
2468 2487 2506
2500 2503 2507
2503 2504 2507
2506 2500 2507
2508 2504 2505
2508 2507 2504
2508 2505 2509
2510 2468 2506
2468 2510 2474
2511 2506 2507
2508 2511 2507
2511 2510 2506
2512 2508 2509
2511 2508 2512
2512 2509 2513
2510 2514 2474
2510 2511 2514
2511 2512 2514
2475 2474 2514
2512 2475 2514
2515 2512 2513
2512 2515 2475
2515 2513 2516
2445 2475 2515
2445 2515 2516
2517 2518 2519
2520 2517 2519
2517 2521 2518
2521 2522 2518
2517 2520 2523
2523 2520 2524
2521 2525 2522
2525 2526 2522
2527 2521 2517
2527 2517 2523
2523 2524 2528
2528 2524 2380
2525 2529 2526
2529 2530 2526
2521 2531 2525
2521 2527 2531
2529 2532 2530
2532 2533 2530
2534 2529 2525
2534 2525 2531
2532 2529 2534
2527 2535 2531
2534 2531 2535
2536 2527 2523
2527 2536 2535
2536 2537 2535
2536 2523 2538
2537 2536 2538
2528 2538 2523
2532 2539 2533
2539 2540 2533
2532 2534 2541
2539 2532 2541
2542 2534 2535
2534 2542 2541
2537 2543 2535
2543 2542 2535
2541 2542 2544
2539 2541 2544
2545 2539 2544
2539 2546 2540
2545 2546 2539
2546 2547 2540
2548 2544 2542
2543 2548 2542
2548 2545 2544
2546 2549 2547
2545 2549 2546
2547 2549 2550
2545 2550 2549
2547 2550 2551
2550 2552 2551
2550 2553 2552
2553 2550 2545
2553 2554 2552
2545 2548 2555
2553 2545 2555
2548 2543 2556
2548 2556 2555
2553 2557 2554
2557 2558 2554
2559 2553 2555
2556 2559 2555
2559 2557 2553
2556 2543 2560
2537 2560 2543
2556 2561 2559
2561 2557 2559
2561 2556 2560
2557 2562 2558
2561 2562 2557
2562 2563 2558
2562 2564 2563
2564 2562 2561
2564 2565 2563
2566 2561 2560
2564 2561 2566
2567 2566 2560
2537 2567 2560
2568 2564 2566
2567 2568 2566
2564 2569 2565
2568 2569 2564
2570 2565 2569
2569 2568 2570
2570 2571 2565
2450 2571 2570
2572 2450 2570
2568 2572 2570
2449 2450 2572
2568 2567 2573
2568 2573 2572
2567 2537 2573
2449 2572 2573
2537 2574 2573
2574 2449 2573
2537 2538 2574
2528 2574 2538
2528 2449 2574
2451 2449 2528
2528 2380 2451
2451 2380 2453
2453 2380 2379
2379 2395 2453
2291 2453 2395
2291 2395 2405
2405 2297 2291
2575 2297 2405
2575 2405 2398
2398 2576 2575
2575 2576 2577
2398 2578 2576
2579 2576 2578
2575 2580 2297
2575 2577 2580
2581 2297 2580
2577 2581 2580
2581 2582 2297
2297 2582 2304
2577 2583 2581
2584 2582 2581
2582 2585 2304
2300 2304 2585
2300 2585 2586
2584 2587 2582
2582 2587 2585
2586 2585 2588
2586 2588 2589
2590 2587 2584
2590 2584 2591
2587 2592 2585
2585 2592 2588
2587 2590 2592
2593 2583 2577
2593 2594 2583
2595 2589 2588
2592 2596 2588
2588 2596 2595
2595 2597 2589
2589 2597 2598
2597 2595 2599
2595 2596 2599
2600 2598 2597
2597 2599 2600
2600 2601 2598
2592 2602 2596
2590 2602 2592
2599 2596 2603
2603 2596 2602
2600 2599 2604
2599 2603 2604
2605 2601 2600
2600 2604 2605
2605 2606 2601
2607 2605 2604
2603 2607 2604
2608 2606 2605
2607 2608 2605
2608 2609 2606
2610 2609 2608
2610 2611 2609
2608 2612 2610
2608 2607 2612
2613 2611 2610
2613 2610 2612
2613 2614 2611
2615 2614 2613
2615 2616 2614
2617 2613 2612
2615 2613 2617
2607 2618 2612
2618 2617 2612
2603 2619 2607
2607 2619 2618
2620 2616 2615
2620 2621 2616
2622 2621 2620
2623 2619 2603
2623 2603 2602
2619 2624 2618
2623 2624 2619
2625 2617 2618
2624 2625 2618
2626 2617 2625
2615 2617 2627
2615 2627 2620
2626 2627 2617
2620 2627 2626
2622 2620 2628
2620 2626 2628
2629 2622 2628
2629 2628 2626
2629 2630 2622
2631 2630 2629
2631 2632 2630
2629 2626 2633
2629 2633 2631
2634 2633 2626
2625 2634 2626
2631 2633 2634
2635 2632 2631
2631 2634 2635
2635 2636 2632
2637 2634 2625
2637 2625 2624
2635 2634 2638
2634 2637 2638
2639 2636 2635
2639 2635 2638
2639 2640 2636
2624 2641 2637
2641 2638 2637
2623 2641 2624
2642 2639 2638
2641 2642 2638
2643 2640 2639
2642 2643 2639
2643 2644 2640
2645 2644 2643
2645 2643 2642
2645 2646 2644
2647 2641 2623
2642 2641 2647
2645 2642 2648
2642 2647 2648
2649 2646 2645
2649 2650 2646
2651 2645 2648
2647 2651 2648
2651 2649 2645
2647 2623 2652
2647 2652 2651
2623 2602 2652
2590 2652 2602
2651 2652 2653
2653 2652 2590
2649 2651 2653
2591 2653 2590
2654 2650 2649
2649 2653 2654
2591 2654 2653
2654 2655 2650
2591 2655 2654
2656 2657 2658
2579 2657 2656
2656 2658 2659
2659 2658 2660
2656 2661 2579
2661 2656 2659
2659 2660 2662
2662 2660 2663
2662 2663 2664
2664 2663 2665
2659 2662 2666
2666 2662 2664
2664 2665 2667
2667 2665 2668
2661 2669 2579
2579 2669 2576
2661 2659 2670
2659 2666 2670
2671 2661 2670
2669 2661 2671
2670 2666 2671
2666 2664 2672
2667 2672 2664
2576 2669 2673
2576 2673 2577
2674 2666 2672
2671 2666 2674
2671 2674 2675
2676 2669 2671
2676 2673 2669
2676 2671 2675
2673 2677 2577
2676 2677 2673
2677 2593 2577
2672 2678 2674
2667 2678 2672
2676 2679 2677
2676 2675 2679
2677 2680 2593
2679 2680 2677
2680 2594 2593
2678 2681 2674
2681 2675 2674
2682 2678 2667
2678 2682 2681
2680 2683 2594
2594 2683 2684
2683 2685 2684
2686 2683 2680
2683 2686 2685
2687 2680 2679
2686 2680 2687
2688 2685 2686
2688 2689 2685
2690 2686 2687
2679 2690 2687
2690 2688 2686
2691 2689 2688
2691 2692 2689
2693 2690 2679
2675 2693 2679
2688 2690 2694
2688 2694 2691
2690 2693 2694
2695 2692 2691
2695 2696 2692
2697 2691 2694
2693 2697 2694
2697 2695 2691
2675 2698 2693
2698 2697 2693
2699 2696 2695
2699 2700 2696
2701 2700 2699
2702 2695 2697
2698 2702 2697
2702 2699 2695
2698 2675 2703
2675 2681 2703
2681 2682 2703
2704 2702 2698
2699 2702 2704
2704 2698 2703
2701 2699 2705
2699 2704 2705
2706 2701 2705
2706 2705 2704
2706 2707 2701
2708 2707 2706
2703 2709 2704
2709 2706 2704
2682 2709 2703
2708 2706 2710
2706 2709 2710
2711 2708 2710
2711 2710 2709
2711 2709 2682
2711 2712 2708
2711 2682 2713
2713 2712 2711
2713 2682 2667
2713 2668 2712
2667 2668 2713
2224 2714 2715
2716 2715 2714
2717 2224 2715
2716 2717 2715
2270 2224 2717
2272 2717 2716
2270 2718 2272
2272 2718 2717
2270 2717 2718
2719 2720 2721
2722 2719 2721
2720 2723 2721
2721 2723 2724
2721 2725 2722
2726 2725 2721
2727 2721 2724
2727 2726 2721
2725 2726 2728
2729 2726 2727
2726 2730 2728
2731 2730 2726
2732 2726 2729
2732 2731 2726
2730 2731 2733
2734 2731 2732
2731 2735 2733
2736 2735 2731
2737 2731 2734
2737 2736 2731
2738 2735 2736
2736 2737 2739
2736 2740 2738
2741 2736 2739
2736 2742 2740
2742 2736 2741
2743 2742 2741
2742 2744 2740
2745 2742 2743
2742 2746 2744
2745 2746 2742
2747 2744 2746
2747 2746 2745
2748 2749 2750
2751 2749 2748
2752 2748 2750
2748 2752 2753
2748 2754 2751
2755 2754 2748
2756 2748 2753
2756 2755 2748
2754 2755 2757
2758 2755 2756
2755 2759 2757
2759 2755 2760
2761 2755 2758
2755 2761 2760
2759 2760 2762
2763 2760 2761
2760 2764 2762
2764 2760 2765
2766 2760 2763
2760 2766 2765
2764 2765 2767
2768 2765 2766
2765 2769 2767
2770 2765 2768
2765 2771 2769
2770 2771 2765
2771 2772 2769
2773 2771 2770
2771 2774 2772
2773 2774 2771
2775 2772 2774
2775 2774 2773
2776 2777 2778
2777 2776 2779
2780 2776 2778
2776 2780 2781
2779 2776 2782
2783 2782 2776
2784 2776 2781
2784 2783 2776
2782 2783 2785
2783 2784 2786
2785 2783 2787
2787 2783 2788
2789 2783 2786
2783 2789 2788
2787 2788 2790
2788 2789 2791
2790 2788 2792
2793 2788 2791
2792 2788 2794
2788 2793 2794
2792 2794 2795
2794 2793 2796
2794 2797 2795
2798 2794 2796
2798 2797 2794
2799 2797 2798
2798 2796 2800
2798 2801 2799
2800 2802 2798
2798 2802 2801
2800 2803 2802
2802 2804 2801
2803 2804 2802
2805 2806 2807
2808 2806 2805
2807 2806 2809
2806 2810 2809
2806 2808 2811
2812 2806 2811
2813 2810 2806
2813 2806 2812
2811 2814 2812
2815 2813 2812
2812 2814 2816
2817 2812 2816
2818 2815 2812
2818 2812 2817
2816 2819 2817
2820 2818 2817
2817 2819 2821
2822 2817 2821
2823 2820 2817
2823 2817 2822
2824 2822 2821
2822 2825 2823
2822 2824 2826
2827 2825 2822
2822 2826 2828
2828 2827 2822
2829 2827 2828
2828 2826 2830
2831 2829 2828
2828 2830 2832
2831 2828 2832
2833 2832 2830
2833 2831 2832
2834 2835 2836
2837 2834 2836
2838 2835 2834
2834 2839 2838
2834 2837 2840
2841 2834 2840
2842 2839 2834
2842 2834 2841
2840 2843 2841
2844 2842 2841
2841 2843 2845
2845 2846 2841
2847 2844 2841
2841 2846 2847
2845 2848 2846
2849 2847 2846
2846 2848 2850
2850 2851 2846
2852 2849 2846
2846 2851 2852
2850 2853 2851
2854 2852 2851
2851 2853 2855
2856 2854 2851
2851 2855 2857
2856 2851 2857
2857 2855 2858
2859 2856 2857
2857 2858 2860
2859 2857 2860
2861 2860 2858
2861 2859 2860
2862 2863 2864
2864 2865 2862
2866 2863 2862
2862 2867 2866
2865 2868 2862
2869 2862 2868
2870 2867 2862
2870 2862 2869
2868 2871 2869
2869 2872 2870
2871 2873 2869
2873 2874 2869
2875 2872 2869
2869 2874 2875
2873 2876 2874
2874 2877 2875
2876 2878 2874
2879 2877 2874
2878 2880 2874
2874 2880 2879
2878 2881 2880
2880 2882 2879
2880 2881 2883
2884 2882 2880
2884 2880 2883
2885 2884 2883
2884 2886 2882
2884 2885 2887
2886 2884 2888
2884 2887 2888
2886 2888 2889
2888 2887 2890
2889 2888 2890
2891 2892 2893
2891 2893 2894
2892 2895 2893
2895 2894 2893
2892 2896 2895
2895 2897 2894
2896 2898 2895
2898 2897 2895
2896 2899 2898
2898 2900 2897
2899 2901 2898
2901 2900 2898
2899 2902 2901
2901 2903 2900
2902 2904 2901
2903 2901 2905
2901 2904 2905
2903 2905 2906
2904 2907 2905
2908 2906 2905
2907 2908 2905
2907 2909 2908
2908 2910 2906
2909 2911 2908
2910 2908 2912
2908 2911 2912
2910 2912 2913
2911 2914 2912
2915 2913 2912
2914 2915 2912
2915 2916 2913
2914 2917 2915
2918 2916 2915
2917 2918 2915
2918 2919 2916
2917 2920 2918
2921 2919 2918
2920 2921 2918
2921 2922 2919
2920 2923 2921
2924 2922 2921
2923 2924 2921
2924 2925 2922
2923 2926 2924
2927 2925 2924
2926 2927 2924
2927 2928 2925
2926 2929 2927
2930 2928 2927
2929 2930 2927
2930 2931 2928
2929 2932 2930
2933 2931 2930
2933 2930 2932
2933 2934 2931
2933 2932 2935
2936 2934 2933
2935 2936 2933
2936 2937 2934
2938 2937 2936
2939 2938 2936
2935 2939 2936
2938 2939 2940
2940 2939 2935
2941 2938 2940
2942 2941 2940
2940 2935 2943
2942 2940 2943
2943 2935 2944
2945 2942 2943
2943 2944 2946
2945 2943 2946
2946 2944 2947
2948 2945 2946
2946 2947 2949
2948 2946 2949
2949 2947 2950
2951 2948 2949
2949 2950 2952
2951 2949 2952
2952 2950 2953
2954 2951 2952
2952 2953 2955
2954 2952 2955
2953 2956 2955
2957 2954 2955
2955 2956 2958
2957 2955 2959
2955 2958 2959
2960 2957 2959
2959 2958 2961
2960 2959 2962
2959 2961 2962
2963 2960 2962
2963 2962 2961
2964 2965 2966
2966 2965 2967
2966 2967 2968
2967 2969 2968
2970 2968 2969
2971 2968 2970
2971 2972 2968
2972 2966 2968
2964 2966 2973
2966 2974 2973
2964 2973 2975
2974 2975 2973
2964 2975 2976
2975 2977 2976
2977 2975 2978
2979 2977 2978
2972 2980 2966
2966 2980 2974
2972 2981 2980
2981 2974 2980
2982 2978 2975
2974 2982 2975
2982 2983 2978
2974 2983 2982
2979 2978 2984
2984 2978 2983
2983 2985 2984
2986 2985 2983
2974 2987 2983
2986 2983 2987
2981 2987 2974
2986 2987 2981
2986 2981 2988
2981 2989 2988
2972 2990 2981
2981 2990 2989
2991 2990 2972
2989 2990 2992
2991 2993 2990
2993 2992 2990
2979 2994 2995
2979 2995 2996
2994 2997 2995
2997 2994 2998
2999 2997 2998
2996 2995 3000
3000 3001 2996
3002 3001 3000
3003 2995 2997
3003 3000 2995
3004 3003 2997
3004 3000 3003
2999 3005 2997
3004 2997 3005
2999 3006 3005
3006 3004 3005
2999 3007 3006
3006 3007 3008
3002 3000 3009
3004 3009 3000
3002 3009 3010
3010 3009 3004
3002 3010 3011
3010 3012 3011
3006 3013 3004
3010 3004 3013
3006 3008 3014
3008 3015 3014
3016 3014 3015
3017 3014 3016
3017 3018 3014
3018 3006 3014
3018 3013 3006
3018 3010 3013
3010 3019 3012
3018 3019 3010
3012 3019 3020
3021 3019 3018
3022 3020 3019
3021 3022 3019
3023 3024 3025
3025 3024 3026
3025 3026 3027
3026 3028 3027
3029 3027 3028
3030 3027 3029
3030 3031 3027
3031 3025 3027
3023 3025 3032
3025 3033 3032
3023 3032 3034
3033 3034 3032
3023 3034 3035
3034 3036 3035
3036 3034 3037
3038 3036 3037
3031 3039 3025
3025 3039 3033
3031 3040 3039
3040 3033 3039
3041 3037 3034
3033 3041 3034
3041 3042 3037
3033 3042 3041
3038 3037 3043
3043 3037 3042
3042 3044 3043
3045 3044 3042
3033 3046 3042
3045 3042 3046
3040 3046 3033
3045 3046 3040
3045 3040 3047
3040 3048 3047
3031 3049 3040
3040 3049 3048
3050 3049 3031
3048 3049 3051
3050 3052 3049
3052 3051 3049
3038 3053 3054
3053 3055 3054
3055 3053 3056
3057 3055 3056
3038 3054 3058
3058 3054 3059
3059 3060 3058
3061 3060 3059
3062 3054 3055
3062 3059 3054
3063 3062 3055
3063 3059 3062
3057 3064 3055
3063 3055 3064
3057 3065 3064
3065 3063 3064
3057 3066 3065
3065 3066 3067
3061 3059 3068
3063 3068 3059
3061 3068 3069
3069 3068 3063
3061 3069 3070
3069 3071 3070
3065 3072 3063
3069 3063 3072
3065 3067 3073
3067 3074 3073
3075 3073 3074
3076 3073 3075
3076 3077 3073
3077 3065 3073
3077 3072 3065
3077 3069 3072
3069 3078 3071
3077 3078 3069
3071 3078 3079
3080 3078 3077
3081 3079 3078
3080 3081 3078
3082 3083 3084
3084 3083 3085
3084 3085 3086
3085 3087 3086
3088 3086 3087
3089 3086 3088
3089 3090 3086
3090 3084 3086
3082 3084 3091
3084 3092 3091
3082 3091 3093
3092 3093 3091
3082 3093 3094
3093 3095 3094
3095 3093 3096
3038 3095 3096
3038 3096 3097
3098 3096 3093
3092 3098 3093
3097 3096 3099
3098 3099 3096
3092 3099 3098
3099 3100 3097
3101 3100 3099
3101 3099 3102
3092 3102 3099
3101 3102 3103
3103 3102 3092
3101 3103 3104
3103 3105 3104
3103 3092 3106
3084 3106 3092
3090 3106 3084
3090 3103 3106
3103 3107 3105
3090 3107 3103
3105 3107 3108
3109 3107 3090
3110 3108 3107
3109 3110 3107
3111 3112 3113
3113 3112 3114
3111 3113 3115
3111 3115 3116
3115 3117 3116
3113 3114 3118
3114 3119 3118
3120 3118 3119
3121 3118 3120
3121 3122 3118
3122 3113 3118
3123 3115 3113
3122 3123 3113
3115 3124 3117
3123 3125 3115
3115 3125 3124
3123 3126 3125
3126 3124 3125
3122 3127 3123
3123 3127 3126
3122 3128 3127
3129 3128 3122
3129 3130 3128
3130 3131 3128
3132 3128 3131
3127 3128 3132
3127 3132 3133
3134 3127 3133
3134 3126 3127
3134 3135 3126
3126 3135 3136
3124 3126 3136
3137 3124 3136
3137 3117 3124
3137 3138 3117
3138 3139 3117
3139 3140 3117
3141 3140 3139
3141 3139 3142
3141 3142 3143
3142 3144 3143
3142 3145 3144
3144 3145 3146
3147 3146 3145
3148 3147 3145
3148 3145 3149
3149 3145 3142
3150 3142 3139
3149 3142 3150
3139 3138 3151
3150 3139 3151
3152 3151 3138
3150 3151 3152
3149 3150 3153
3150 3152 3153
3152 3138 3154
3137 3154 3138
3152 3154 3155
3156 3152 3155
3156 3153 3152
3156 3157 3153
3153 3157 3158
3149 3153 3159
3153 3158 3159
3160 3149 3159
3158 3161 3159
3160 3159 3162
3162 3159 3161
3137 3163 3164
3137 3164 3165
3166 3164 3163
3166 3163 3167
3168 3166 3167
3164 3169 3165
3169 3170 3165
3171 3170 3169
3168 3172 3166
3168 3173 3172
3172 3173 3174
3166 3175 3164
3169 3164 3175
3176 3175 3166
3176 3169 3175
3176 3166 3172
3171 3169 3177
3176 3177 3169
3171 3177 3178
3177 3179 3178
3172 3174 3180
3174 3181 3180
3182 3180 3181
3183 3180 3182
3183 3184 3180
3184 3172 3180
3184 3176 3172
3184 3177 3176
3177 3185 3179
3184 3185 3177
3179 3185 3186
3187 3185 3184
3188 3186 3185
3187 3188 3185
3189 3190 3191
3191 3190 3192
3189 3191 3193
3189 3193 3194
3193 3195 3194
3191 3192 3196
3192 3197 3196
3198 3196 3197
3199 3196 3198
3199 3200 3196
3200 3191 3196
3193 3201 3195
3202 3195 3201
3202 3201 3203
3204 3193 3191
3200 3204 3191
3193 3205 3201
3204 3205 3193
3201 3206 3203
3206 3201 3205
3204 3206 3205
3206 3207 3203
3208 3207 3206
3204 3209 3206
3208 3206 3209
3200 3209 3204
3208 3209 3210
3209 3211 3210
3200 3212 3209
3209 3212 3211
3213 3212 3200
3211 3212 3214
3213 3215 3212
3215 3214 3212
3216 3217 3218
3219 3217 3216
3219 3216 3220
3221 3219 3220
3222 3218 3217
3223 3222 3217
3223 3224 3222
3225 3224 3223
3226 3219 3221
3227 3225 3223
3228 3217 3219
3228 3223 3217
3219 3229 3228
3223 3228 3230
3228 3229 3230
3219 3231 3229
3226 3231 3219
3231 3232 3229
3230 3229 3232
3223 3230 3233
3227 3223 3233
3226 3234 3231
3231 3234 3232
3230 3232 3235
3233 3230 3235
3227 3233 3236
3233 3235 3236
3235 3232 3237
3234 3237 3232
3226 3238 3234
3238 3226 3239
3236 3235 3240
3235 3237 3240
3238 3239 3241
3241 3239 3242
3241 3242 3243
3244 3241 3243
3245 3241 3244
3245 3238 3241
3245 3246 3238
3238 3246 3234
3245 3247 3246
3234 3246 3248
3234 3248 3237
3249 3246 3247
3248 3246 3249
3249 3247 3250
3251 3249 3250
3252 3237 3248
3248 3249 3252
3253 3249 3251
3252 3249 3253
3253 3251 3254
3252 3255 3237
3255 3252 3253
3240 3237 3255
3253 3254 3256
3257 3256 3254
3257 3258 3256
3255 3253 3259
3256 3259 3253
3260 3256 3258
3260 3259 3256
3258 3261 3260
3255 3259 3262
3240 3255 3262
3259 3260 3262
3260 3261 3263
3261 3264 3263
3265 3240 3262
3236 3240 3265
3260 3266 3262
3266 3260 3263
3265 3262 3266
3265 3266 3263
3267 3263 3264
3265 3263 3267
3236 3265 3267
3267 3264 3268
3269 3267 3268
3270 3236 3267
3269 3270 3267
3227 3236 3270
3270 3269 3271
3227 3270 3272
3270 3271 3272
3227 3272 3273
3272 3271 3274
3273 3272 3275
3275 3272 3274
3276 3277 3278
3279 3277 3276
3279 3276 3280
3281 3279 3280
3282 3278 3277
3283 3282 3277
3283 3284 3282
3285 3284 3283
3286 3279 3281
3287 3285 3283
3288 3277 3279
3288 3283 3277
3279 3289 3288
3283 3288 3289
3286 3290 3279
3279 3290 3289
3287 3283 3291
3283 3289 3291
3286 3292 3290
3286 3293 3292
3290 3294 3289
3291 3289 3294
3290 3292 3294
3287 3291 3295
3291 3294 3295
3287 3295 3296
3293 3297 3292
3293 3298 3297
3299 3297 3298
3299 3298 3300
3300 3301 3299
3302 3299 3301
3292 3303 3294
3295 3294 3303
3292 3297 3304
3304 3297 3299
3292 3304 3303
3296 3295 3305
3296 3305 3306
3307 3306 3305
3307 3308 3306
3308 3307 3309
3310 3309 3307
3295 3311 3305
3295 3303 3311
3311 3307 3305
3303 3304 3312
3303 3312 3311
3304 3299 3313
3312 3304 3313
3314 3310 3307
3314 3315 3310
3316 3315 3314
3311 3317 3307
3312 3317 3311
3317 3314 3307
3312 3318 3317
3312 3313 3318
3318 3314 3317
3313 3299 3319
3318 3313 3319
3319 3299 3302
3319 3302 3320
3319 3320 3321
3314 3322 3316
3318 3322 3314
3318 3319 3322
3319 3321 3322
3323 3316 3322
3323 3322 3321
3324 3325 3326
3327 3324 3326
3327 3328 3324
3329 3328 3327
3330 3326 3325
3331 3326 3330
3331 3330 3332
3333 3331 3332
3334 3329 3327
3335 3331 3333
3336 3327 3326
3336 3326 3331
3327 3336 3337
3331 3338 3336
3336 3338 3337
3327 3337 3339
3334 3327 3339
3339 3337 3340
3338 3340 3337
3331 3341 3338
3335 3341 3331
3334 3339 3342
3339 3340 3342
3338 3343 3340
3341 3343 3338
3335 3344 3341
3341 3344 3343
3343 3345 3340
3342 3340 3345
3334 3342 3346
3346 3347 3334
3344 3348 3343
3343 3348 3345
3346 3349 3347
3349 3350 3347
3349 3351 3350
3352 3351 3349
3353 3352 3349
3353 3349 3346
3353 3346 3354
3346 3342 3354
3353 3354 3355
3342 3356 3354
3342 3345 3356
3357 3355 3354
3356 3357 3354
3357 3358 3355
3359 3358 3357
3360 3356 3345
3356 3360 3357
3361 3359 3357
3360 3361 3357
3361 3362 3359
3360 3345 3363
3363 3361 3360
3348 3363 3345
3361 3364 3362
3365 3362 3364
3365 3364 3366
3363 3367 3361
3364 3361 3367
3368 3366 3364
3368 3364 3367
3366 3368 3369
3363 3370 3367
3348 3370 3363
3367 3370 3368
3368 3371 3369
3369 3371 3372
3373 3370 3348
3344 3373 3348
3368 3370 3374
3374 3371 3368
3373 3374 3370
3373 3371 3374
3375 3372 3371
3373 3375 3371
3344 3375 3373
3375 3376 3372
3377 3376 3375
3378 3375 3344
3377 3375 3378
3335 3378 3344
3378 3379 3377
3335 3380 3378
3378 3380 3379
3335 3381 3380
3380 3382 3379
3381 3383 3380
3383 3382 3380
3384 3385 714
3384 3386 3385
3386 3387 3385
3384 714 3388
3386 3389 3387
3388 3390 3384
3391 3390 3388
3391 3392 3390
3384 3390 3393
3393 3386 3384
3390 3392 3394
3393 3390 3394
3392 3395 3394
3386 3396 3389
3389 3396 3397
3398 3397 3396
3394 3395 3399
3395 3400 3399
3401 3399 3400
3396 3402 3398
3402 3403 3398
3404 3403 3402
3404 3402 3405
3406 3404 3405
3407 3402 3396
3405 3402 3407
3408 3396 3386
3407 3396 3408
3409 3408 3386
3407 3408 3409
3409 3386 3393
3399 3401 3410
3401 3411 3410
3412 3410 3411
3412 3413 3410
3414 3413 3412
3415 3399 3410
3413 3415 3410
3405 3407 3416
3407 3409 3416
3409 3393 3417
3393 3394 3417
3418 3394 3399
3415 3418 3399
3418 3417 3394
3417 3418 3415
3409 3417 3419
3417 3415 3419
3409 3419 3416
3413 3419 3415
3405 3416 3420
3419 3420 3416
3413 3421 3419
3419 3421 3420
3422 3405 3420
3406 3405 3422
3406 3422 3423
3406 3423 3424
3424 3423 3425
3423 3426 3425
3422 3420 3427
3420 3421 3427
3423 3422 3427
3428 3421 3413
3428 3427 3421
3429 3427 3428
3414 3428 3413
3414 3429 3428
3414 3430 3429
3430 3431 3429
3429 3431 3432
3423 3433 3426
3429 3432 3433
3426 3433 3434
3432 3434 3433
3429 3435 3427
3423 3427 3435
3435 3429 3433
3435 3433 3423
3436 816 3437
3436 3437 3438
3437 3439 3438
3436 3440 816
3438 3439 3441
3440 3436 3442
3443 3440 3442
3443 3442 3444
3436 3445 3442
3445 3436 3438
3442 3446 3444
3445 3446 3442
3446 3447 3444
3438 3441 3448
3441 3449 3448
3450 3448 3449
3446 3451 3447
3447 3451 3452
3453 3452 3451
3448 3450 3454
3454 3450 3455
3456 3454 3455
3456 3457 3454
3458 3457 3456
3459 3448 3454
3457 3459 3454
3460 3438 3448
3459 3460 3448
3461 3438 3460
3459 3461 3460
3461 3445 3438
3451 3462 3453
3453 3462 3463
3464 3463 3462
3464 3462 3465
3466 3464 3465
3467 3462 3451
3465 3462 3467
3457 3468 3459
3459 3468 3461
3461 3469 3445
3445 3469 3446
3470 3451 3446
3467 3451 3470
3470 3446 3469
3469 3467 3470
3461 3471 3469
3469 3471 3467
3461 3468 3471
3465 3467 3471
3457 3472 3468
3471 3468 3472
3465 3471 3473
3471 3472 3473
3474 3472 3457
3458 3474 3457
3458 3475 3474
3458 3476 3475
3476 3477 3475
3475 3477 3478
3474 3479 3472
3472 3479 3473
3475 3479 3474
3480 3465 3473
3480 3473 3479
3481 3480 3479
3466 3465 3480
3466 3480 3481
3466 3481 3482
3482 3481 3483
3481 3484 3483
3475 3478 3485
3481 3485 3484
3478 3486 3485
3484 3485 3486
3481 3479 3487
3475 3487 3479
3487 3485 3481
3487 3475 3485
3488 3489 3490
3490 3489 3491
3492 3489 3488
3493 3492 3488
3494 3492 3493
3489 3495 3491
3491 3495 3496
3496 3495 3497
3498 3492 3494
3495 3498 3497
3499 3498 3494
3497 3498 3499
3500 3495 3489
3500 3489 3492
3500 3498 3495
3500 3492 3498
3501 3502 3503
3502 3504 3503
3505 3501 3503
3506 3501 3505
3507 3506 3505
3503 3504 3508
3504 3509 3508
3509 3510 3508
3511 3507 3505
3508 3510 3511
3512 3507 3511
3510 3512 3511
3513 3503 3508
3513 3505 3503
3513 3508 3511
3513 3511 3505
3514 3515 3516
3515 3517 3516
3518 3514 3516
3519 3514 3518
3520 3519 3518
3516 3517 3521
3517 3522 3521
3522 3523 3521
3524 3520 3518
3521 3523 3524
3525 3520 3524
3523 3525 3524
3526 3516 3521
3526 3518 3516
3526 3521 3524
3526 3524 3518
3527 3528 3529
3529 3528 3530
3531 3528 3527
3532 3531 3527
3533 3531 3532
3528 3534 3530
3530 3534 3535
3535 3534 3536
3537 3531 3533
3534 3537 3536
3538 3537 3533
3536 3537 3538
3539 3534 3528
3539 3528 3531
3539 3537 3534
3539 3531 3537
3540 3541 3542
3543 3540 3542
3542 3541 3544
3545 3543 3542
3542 3544 3546
3545 3542 3546
3546 3544 3547
3548 3545 3546
3546 3547 3549
3548 3546 3549
3549 3547 3550
3551 3548 3549
3549 3550 3552
3549 3552 3551
3552 3550 3553
3552 3554 3551
3552 3553 3555
3556 3555 3553
3557 3554 3552
3557 3552 3555
3558 3554 3557
3559 3558 3557
3557 3560 3559
3561 3557 3555
3557 3561 3560
3556 3562 3555
3561 3555 3562
3563 3560 3561
3563 3561 3562
3563 3564 3560
3565 3564 3563
3566 3562 3556
3563 3562 3566
3566 3556 3567
3568 3566 3567
3565 3563 3569
3569 3563 3566
3568 3570 3566
3569 3566 3570
3571 3565 3569
3571 3569 3570
3571 3572 3565
3573 3570 3568
3573 3571 3570
3573 3568 3574
3572 3571 3575
3573 3575 3571
3572 3575 3576
3575 3577 3576
3578 3573 3574
3573 3578 3575
3575 3578 3577
3578 3574 3579
3580 3577 3578
3579 3580 3578
3581 3582 3583
3581 3583 3584
3582 3585 3583
3585 3586 3583
3585 3587 3586
3588 3584 3583
3586 3588 3583
3586 3587 3589
3586 3590 3588
3591 3586 3589
3591 3592 3586
3593 3590 3586
3592 3593 3586
3592 3594 3593
3592 3595 3594
3591 3596 3592
3597 3595 3592
3596 3598 3592
3597 3592 3598
3596 3599 3598
3598 3600 3597
3599 3601 3598
3602 3600 3598
3601 3602 3598
3603 3604 3605
3606 3604 3603
3607 3603 3605
3607 3606 3603
3607 3605 3608
3607 3609 3606
3610 3607 3608
3611 3609 3607
3610 3611 3607
3611 3612 3609
3612 3613 3609
3613 3612 3614
3615 3613 3614
3614 3616 3615
3614 3617 3616
3618 3612 3611
3610 3618 3611
3610 3608 3619
3620 3610 3619
3608 3621 3619
3620 3619 3621
3620 3621 3622
3622 3623 3620
3624 3614 3612
3618 3624 3612
3625 3617 3614
3625 3626 3617
3625 3627 3626
3628 3627 3625
3628 3629 3627
3628 3630 3629
3631 3630 3628
3632 3631 3628
3633 3632 3628
3634 3632 3633
3634 3633 3635
3636 3635 3633
3637 3614 3624
3637 3625 3614
3638 3628 3625
3633 3628 3638
3638 3625 3637
3639 3633 3638
3640 3637 3624
3640 3624 3618
3641 3638 3637
3639 3638 3641
3641 3637 3640
3636 3633 3642
3633 3639 3643
3633 3643 3642
3636 3642 3644
3644 3645 3636
3644 3646 3645
3646 3644 3647
3647 3648 3646
3649 3648 3647
3649 3650 3648
3651 3650 3649
3642 3652 3644
3644 3652 3647
3653 3652 3642
3653 3647 3652
3653 3654 3647
3647 3654 3655
3655 3649 3647
3655 3656 3649
3656 3657 3649
3658 3651 3649
3657 3658 3649
3658 3659 3651
3657 3660 3658
3661 3659 3658
3660 3661 3658
3662 3653 3642
3663 3653 3662
3663 3662 3664
3664 3665 3663
3643 3662 3642
3666 3665 3664
3667 3662 3643
3639 3667 3643
3667 3668 3662
3668 3664 3662
3639 3669 3667
3639 3670 3669
3671 3670 3639
3671 3639 3641
3672 3671 3641
3668 3673 3664
3672 3641 3640
3673 3674 3664
3675 3672 3640
3674 3676 3664
3674 3677 3676
3666 3664 3676
3677 3678 3676
3678 3666 3676
3679 3675 3640
3679 3640 3618
3680 3675 3679
3675 3680 3681
3682 3679 3618
3610 3682 3618
3620 3682 3610
3679 3682 3620
3679 3620 3683
3680 3679 3683
3683 3620 3623
3623 3684 3683
3684 3680 3683
3684 3685 3680
3680 3686 3681
3680 3685 3686
3687 3681 3686
3685 3688 3686
3689 3687 3686
3688 3689 3686
