byte offset: 0
first index: 50910
index count: 1410
topology: trianglelist
format: DXGI_FORMAT_R16_UINT

14514 14515 14516
14514 14517 14515
14518 14517 14514
14517 14519 14515
14520 14515 14519
14521 14520 14519
14521 14522 14520
14518 14523 14517
14524 14523 14518
14517 14525 14519
14521 14519 14525
14523 14525 14517
14524 14526 14523
14527 14526 14524
14528 14522 14521
14529 14522 14528
14530 14529 14528
14530 14528 14531
14528 14521 14531
14532 14530 14531
14532 14533 14530
14532 14534 14533
14523 14535 14525
14526 14535 14523
14527 14536 14526
14537 14536 14527
14526 14538 14535
14536 14538 14526
14525 14535 14539
14539 14535 14538
14521 14525 14540
14525 14539 14540
14537 14541 14536
14542 14541 14537
14536 14543 14538
14541 14543 14536
14539 14538 14544
14544 14538 14543
14542 14545 14541
14546 14545 14542
14546 14547 14545
14545 14548 14541
14541 14548 14543
14547 14549 14545
14545 14549 14548
14547 14550 14549
14549 14550 14551
14543 14548 14552
14552 14548 14549
14549 14551 14553
14552 14549 14553
14543 14552 14554
14544 14543 14554
14555 14539 14544
14540 14539 14555
14556 14553 14551
14556 14551 14557
14558 14552 14553
14554 14552 14558
14558 14553 14556
14559 14544 14554
14555 14544 14559
14560 14556 14557
14560 14557 14561
14554 14558 14562
14559 14554 14562
14563 14558 14556
14563 14556 14560
14562 14558 14563
14564 14560 14561
14564 14561 14565
14566 14564 14565
14567 14563 14560
14567 14560 14564
14562 14563 14568
14568 14563 14567
14569 14559 14562
14569 14562 14568
14566 14570 14564
14571 14570 14566
14564 14572 14567
14564 14570 14572
14571 14573 14570
14574 14573 14571
14575 14559 14569
14575 14555 14559
14570 14576 14572
14570 14573 14576
14577 14555 14575
14540 14555 14577
14578 14540 14577
14578 14521 14540
14579 14521 14578
14580 14578 14577
14581 14578 14580
14581 14580 14532
14532 14580 14582
14580 14577 14583
14577 14575 14583
14582 14580 14583
14583 14575 14584
14584 14575 14569
14532 14582 14585
14532 14585 14534
14586 14534 14585
14582 14586 14585
14586 14587 14534
14586 14588 14587
14583 14584 14589
14582 14583 14589
14590 14582 14589
14584 14590 14589
14584 14569 14591
14591 14569 14568
14582 14592 14586
14590 14592 14582
14584 14593 14590
14591 14593 14584
14591 14568 14594
14568 14567 14594
14567 14595 14594
14595 14591 14594
14567 14572 14595
14595 14596 14591
14591 14596 14593
14572 14597 14595
14597 14596 14595
14572 14576 14597
14593 14598 14590
14598 14592 14590
14592 14599 14586
14599 14600 14586
14592 14601 14599
14598 14601 14592
14601 14602 14599
14596 14603 14593
14593 14603 14598
14604 14601 14598
14604 14602 14601
14596 14605 14603
14597 14605 14596
14598 14603 14606
14598 14606 14604
14606 14603 14605
14597 14576 14607
14573 14607 14576
14608 14605 14597
14597 14607 14608
14606 14605 14609
14608 14609 14605
14573 14610 14607
14574 14610 14573
14611 14610 14574
14611 14574 14612
14613 14607 14610
14613 14610 14611
14614 14611 14612
14614 14612 14615
14616 14611 14614
14616 14613 14611
14617 14613 14616
14618 14607 14613
14617 14618 14613
14618 14608 14607
14619 14618 14617
14620 14608 14618
14619 14620 14618
14620 14609 14608
14621 14620 14619
14622 14609 14620
14621 14622 14620
14622 14606 14609
14623 14622 14621
14624 14606 14622
14623 14624 14622
14624 14604 14606
14623 14625 14624
14625 14604 14624
14623 14626 14625
14625 14602 14604
14626 14627 14625
14628 14627 14626
14625 14627 14629
14625 14629 14602
14602 14629 14630
14602 14630 14631
14630 14632 14631
14633 14602 14631
14633 14631 14632
14634 14633 14632
14635 14633 14634
14635 14634 14636
14637 14635 14636
14637 14636 14638
14639 14637 14638
14639 14638 14640
14641 14639 14640
14641 14640 14642
14643 14641 14642
14643 14642 14644
14529 14643 14644
14645 14646 14647
14645 14648 14646
14649 14648 14645
14650 14646 14648
14651 14648 14649
14650 14648 14651
14652 14646 14650
14652 14653 14646
14653 14654 14646
14655 14652 14650
14656 14655 14650
14656 14650 14651
14657 14656 14651
14657 14651 14658
14651 14649 14658
14659 14657 14658
14659 14658 14660
14649 14660 14658
14661 14659 14660
14654 14662 14645
14654 14663 14662
14645 14662 14664
14645 14664 14665
14649 14645 14665
14665 14664 14666
14665 14666 14667
14667 14649 14665
14667 14666 14668
14649 14669 14660
14667 14669 14649
14667 14668 14670
14670 14669 14667
14670 14668 14671
14661 14660 14672
14669 14672 14660
14673 14661 14672
14673 14674 14661
14669 14675 14672
14670 14675 14669
14675 14673 14672
14670 14671 14676
14676 14675 14670
14676 14671 14677
14678 14674 14673
14678 14679 14674
14680 14679 14678
14676 14681 14675
14675 14681 14673
14676 14677 14682
14682 14677 14683
14673 14684 14678
14680 14678 14684
14685 14673 14681
14673 14685 14684
14686 14681 14676
14686 14676 14682
14685 14681 14686
14682 14683 14687
14687 14686 14682
14687 14683 8465
14687 8465 8464
8469 14687 8464
14687 14688 14686
8469 14688 14687
14688 14685 14686
8488 14688 8469
14688 14689 14685
8488 14689 14688
14689 14684 14685
8489 14689 8488
14689 14690 14684
8489 14690 14689
14690 14680 14684
14691 14690 8489
14691 14680 14690
14691 8489 8491
8491 14692 14691
8491 8493 14692
8493 14693 14692
8493 8497 14693
14693 8497 14694
14693 14694 14695
14693 14695 14696
14692 14693 14697
14693 14696 14697
14698 14697 14696
14698 14696 14699
14700 14698 14699
14692 14697 14701
14691 14692 14701
14701 14697 14698
14691 14701 14702
14702 14680 14691
14702 14701 14703
14701 14698 14703
14704 14680 14702
14702 14703 14704
14704 14705 14680
14706 14705 14704
14703 14706 14704
14707 14706 14703
14698 14707 14703
14707 14708 14706
14707 14709 14708
14700 14710 14698
14698 14710 14707
14710 14709 14707
14711 14710 14700
14710 14712 14709
14711 14713 14710
14713 14712 14710
14713 14714 14712
14715 14714 14713
14715 14716 14714
14717 14716 14711
14717 14718 14716
14719 14720 14721
14719 14721 14722
14721 14723 14722
14724 14719 14722
14725 14719 14724
14726 14725 14724
14726 14727 14725
14726 14728 14727
14723 14729 14722
14724 14722 14729
14726 14724 14729
14723 14730 14729
14729 14730 14731
14730 14732 14731
14733 14731 14732
14734 14729 14731
14726 14729 14734
14735 14731 14733
14734 14731 14735
14735 14733 14736
14737 14735 14736
14738 14734 14735
14738 14726 14734
14738 14735 14737
14726 14739 14728
14738 14739 14726
14739 14740 14728
14737 14741 14738
14737 14742 14741
14741 14742 14743
14738 14744 14739
14738 14741 14744
14739 14744 14740
14744 14741 14743
14740 14744 14745
14744 14743 14745
14740 14745 14746
14745 14747 14746
14745 14748 14747
14748 14745 14743
14748 14743 14749
14743 14750 14749
14743 14751 14750
14749 14750 14752
14751 14753 14750
14753 14752 14750
14753 14754 14752
14751 14755 14753
14756 14754 14753
14757 14753 14755
14756 14753 14757
14757 14755 14758
14759 14756 14757
14758 14760 14757
14759 14757 14760
14758 14761 14760
14761 14762 14760
14762 14759 14760
14761 14763 14762
14763 14764 14762
14762 14765 14759
14764 14765 14762
14766 14759 14765
14767 14766 14765
14764 14767 14765
14768 14767 14764
14768 14764 14769
14770 14768 14769
14771 14772 14773
14771 14773 14774
14774 14773 14775
14776 14771 14774
14776 14777 14771
14778 14774 14775
14778 14776 14774
14779 14777 14776
14779 14776 14778
14779 14780 14777
14781 14780 14779
14781 14782 14780
14781 14783 14782
14784 14778 14775
14784 14775 14785
14786 14784 14785
14779 14778 14787
14781 14779 14787
14778 14784 14788
14778 14788 14787
14784 14786 14789
14784 14789 14788
14790 14787 14788
14781 14787 14790
14781 14791 14783
14791 14792 14783
14790 14788 14793
14793 14788 14789
14794 14781 14790
14794 14791 14781
14794 14790 14793
14786 14795 14789
14786 14796 14795
14796 14797 14795
14791 14798 14792
14798 14799 14792
14793 14789 14800
14800 14789 14795
14795 14797 14801
14802 14801 14797
14802 14803 14801
14803 14804 14801
14795 14801 14805
14804 14805 14801
14800 14795 14805
14804 14806 14805
14800 14807 14793
14794 14793 14807
14805 14806 14808
14806 14809 14808
14805 14810 14800
14805 14808 14810
14809 14810 14808
14800 14810 14807
14809 14811 14810
14810 14811 14812
14807 14810 14812
14811 14813 14812
14794 14807 14814
14807 14812 14814
14812 14813 14815
14812 14815 14814
14794 14814 14816
14816 14791 14794
14816 14798 14791
14814 14817 14816
14817 14798 14816
14814 14815 14817
14813 14818 14815
14813 14819 14818
14819 14820 14818
14815 14818 14821
14820 14821 14818
14815 14821 14817
14820 14822 14821
14817 14823 14798
14821 14823 14817
14798 14823 14799
14823 14824 14799
14821 14825 14823
14823 14825 14824
14822 14825 14821
14825 14826 14824
14822 14826 14825
14822 14827 14826
