byte offset: 0
first index: 49713
index count: 2574
topology: trianglelist
format: DXGI_FORMAT_R16_UINT

14036 14037 14038
14036 14038 14039
14039 14038 14040
14039 14040 14041
14041 14040 14042
14041 14042 14043
14043 14042 14044
14043 14044 14045
14045 14044 14046
14047 14041 14043
14045 14047 14043
14045 14046 14048
14048 14046 14049
14048 14049 14050
14050 14049 14051
14052 14045 14048
14050 14052 14048
14045 14053 14047
14052 14053 14045
14050 14051 14054
14054 14051 14055
14054 14055 14056
14056 14055 14057
14058 14050 14054
14056 14059 14054
14059 14058 14054
14056 14057 14060
14059 14056 14060
14057 14061 14060
14057 14062 14061
14061 14062 14063
14059 14060 14064
14064 14060 14061
14064 14061 14065
14065 14061 14066
14061 14063 14066
14065 14066 14067
14063 14068 14066
14068 14067 14066
14063 14069 14068
14068 14069 14070
14068 14071 14067
14068 14070 14072
14072 14071 14068
14072 14070 14073
14072 14073 14074
14074 14073 14075
14074 14075 14076
14076 14075 14077
14078 14072 14074
14076 14078 14074
14072 14079 14071
14078 14079 14072
14076 14077 14080
14080 14077 14081
14080 14081 14082
14080 14082 14083
14083 14076 14080
14083 14082 14084
14083 14085 14076
14076 14085 14078
14083 14084 14086
14086 14085 14083
14086 14084 14087
14078 14085 14088
14086 14088 14085
14086 14087 14089
14089 14087 14090
14089 14090 14091
14092 14086 14089
14089 14091 14092
14092 14088 14086
14092 14091 14093
14092 14093 14094
14094 14088 14092
14094 14093 14095
14078 14088 14096
14094 14096 14088
14096 14079 14078
14094 14095 14097
14097 14096 14094
14097 14095 14098
14097 14099 14096
14096 14099 14079
14097 14098 14100
14100 14099 14097
14100 14098 14101
14100 14101 14102
14102 14101 14103
14100 14104 14099
14102 14104 14100
14079 14099 14105
14099 14104 14105
14102 14103 14106
14106 14103 14107
14102 14108 14104
14105 14104 14108
14106 14108 14102
14106 14107 14109
14109 14107 14110
14111 14079 14105
14079 14111 14071
14071 14111 14112
14112 14111 14105
14071 14112 14113
14112 14114 14113
14112 14105 14115
14105 14108 14115
14112 14116 14114
14116 14112 14115
14116 14117 14114
14116 14118 14117
14118 14116 14115
14118 14059 14117
14108 14119 14115
14119 14118 14115
14118 14120 14059
14119 14120 14118
14059 14120 14058
14058 14120 14119
14108 14121 14119
14106 14121 14108
14109 14121 14106
14119 14121 14122
14058 14119 14122
14109 14122 14121
14122 14123 14058
14058 14123 14050
14050 14123 14052
14124 14122 14109
14109 14110 14124
14124 14110 14125
14122 14126 14123
14052 14123 14126
14124 14126 14122
14124 14125 14127
14127 14126 14124
14127 14125 14128
14052 14126 14129
14127 14129 14126
14129 14053 14052
14129 14130 14053
14127 14130 14129
14047 14053 14130
14127 14128 14131
14127 14131 14130
14131 14128 14132
14131 14132 14133
14130 14131 14133
14133 14132 14134
14047 14130 14135
14130 14133 14135
14133 14134 14136
14136 14134 14137
14135 14138 14047
14047 14138 14041
14133 14139 14135
14133 14136 14139
14135 14139 14138
14136 14137 14140
14139 14136 14140
14140 14137 14141
14041 14138 14142
14142 14138 14139
14041 14142 14039
14139 14140 14143
14142 14139 14143
14039 14142 14144
14144 14142 14143
14039 14144 14036
14140 14141 14145
14143 14140 14145
14144 14143 14146
14143 14145 14146
14144 14147 14036
14036 14147 14148
14147 14149 14148
14144 14150 14147
14147 14150 14149
14146 14150 14144
14150 14151 14149
14146 14152 14150
14145 14152 14146
14150 14152 14151
14145 14141 14153
14145 14153 14152
14153 14151 14152
14154 14153 14141
14153 14154 14151
14155 14156 14157
14158 14156 14155
14158 14159 14156
14160 14159 14158
14160 14161 14159
14162 14161 14160
14162 14163 14161
14164 14163 14162
14164 14162 14165
14166 14164 14165
14164 14166 14167
14168 14164 14167
14168 14169 14164
14170 14169 14168
14170 14171 14169
14172 14171 14170
14172 14173 14171
14174 14173 14172
14174 14175 14173
14176 14175 14174
14176 14177 14175
14178 14177 14176
14178 14179 14177
14180 14179 14178
14180 14181 14179
14182 14181 14180
14182 14183 14181
14184 14183 14182
14184 14185 14183
14186 14185 14184
14187 14185 14186
14187 14188 14185
14189 14188 14187
14190 14191 14192
14193 14192 14191
14193 14194 14192
14195 14194 14193
14195 14196 14194
14197 14196 14195
14198 14199 14200
14198 14200 14201
14200 14202 14201
14200 14203 14202
14204 14205 14206
14204 14206 14207
14208 14204 14207
14208 14209 14204
14210 14209 14208
14210 14208 14211
14212 14210 14211
14212 14213 14210
14214 14213 14212
14214 14215 14213
14216 14215 14214
14216 14217 14215
14218 14217 14216
14218 14219 14217
14220 14219 14218
14220 14218 14221
14222 14220 14221
14223 14224 14225
14224 14226 14225
14226 14227 14225
14226 14228 14227
14226 14224 14229
14230 14228 14226
14226 14229 14231
14230 14226 14231
14232 14230 14231
14231 14229 14233
14232 14231 14233
14234 14232 14233
14234 14233 14235
14234 14235 14236
14236 14235 14237
14236 14237 14238
14238 14237 14239
14238 14239 14240
14240 14239 14241
14240 14241 14242
14242 14241 14243
14242 14243 14244
14244 14243 14245
14244 14245 14246
14246 14245 14247
14246 14247 14248
14249 14248 14247
14249 14250 14248
14250 14249 14251
14250 14251 14252
14252 14251 14253
14252 14253 14254
14254 14253 14255
14254 14255 14256
14256 14255 14257
14256 14257 14258
14258 14257 14259
14257 14260 14259
14258 14259 14261
14259 14260 14262
14261 14259 14263
14259 14262 14263
14261 14263 14264
14265 14264 14263
14262 14265 14263
14265 14266 14264
14267 14266 14265
14268 14266 14267
14269 14268 14267
14270 14267 14265
14262 14270 14265
14270 14271 14267
14271 14272 14267
14273 14272 14271
14274 14273 14271
14274 14271 14270
14270 14262 14274
14275 14274 14262
14276 14275 14262
14275 14276 14277
14276 14278 14277
14278 14279 14277
14278 14280 14279
14280 14281 14279
14280 14282 14281
14282 14283 14281
14282 14284 14283
14284 14285 14283
14284 14286 14285
14287 14285 14286
14287 14286 14288
14289 14287 14288
14289 14290 14287
14291 14290 14289
14291 14292 14290
14293 14292 14291
14293 14294 14292
14295 14294 14293
14296 14297 14298
14299 14296 14298
14299 14300 14296
14301 14300 14299
14301 14302 14300
14303 14302 14301
14303 14304 14302
14305 14304 14303
14305 14306 14304
14307 14306 14305
14307 14308 14306
14309 14308 14307
14309 14310 14308
14311 14310 14309
14311 14312 14310
14313 14312 14311
14313 14314 14312
14315 14314 14313
14315 14316 14314
14317 14316 14315
14317 14318 14316
14319 14318 14317
14319 14320 14318
14321 14320 14319
14321 14322 14320
14323 14322 14321
14323 14324 14322
14325 14324 14323
14325 14326 14324
14327 14326 14325
14327 14328 14326
14329 14328 14327
14329 14330 14328
14331 14330 14329
14331 14332 14330
14333 14332 14331
14333 14334 14332
14335 14336 14337
14335 14337 14338
14337 14339 14338
14337 14340 14339
14341 14342 14343
14341 14344 14342
14345 14344 14341
14345 14346 14344
14347 14346 14345
14347 14348 14346
14349 14348 14347
14349 14350 14348
14351 14350 14349
14351 14352 14350
14353 14352 14351
14353 14354 14352
14355 14354 14353
14355 14356 14354
14357 14356 14355
14357 14358 14356
14359 14358 14357
14359 14360 14358
14361 14362 14363
14361 14364 14362
14365 14364 14361
14365 14361 14366
14365 14366 14367
14365 14367 14368
14368 14367 14369
14368 14369 14370
14371 14372 14373
14371 14374 14372
14375 14374 14371
14375 14376 14374
14375 14377 14376
14375 14378 14377
14377 14378 14379
14377 14379 14380
14381 14382 14383
14381 14383 14384
14385 14381 14384
14385 14384 14386
14387 14385 14386
14387 14386 14388
14389 14387 14388
14389 14388 14390
14391 14389 14390
14391 14390 14392
14393 14391 14392
14393 14392 14394
14395 14393 14394
14395 14394 14396
14397 14395 14396
14397 14396 14398
14399 14397 14398
14399 14398 14400
14401 14402 14403
14401 14403 14404
14405 14401 14404
14405 14406 14401
14405 14407 14406
14405 14408 14407
14408 14409 14407
14408 14410 14409
14411 14412 14413
14411 14413 14414
14415 14411 14414
14415 14414 14416
14415 14416 14417
14415 14417 14418
14417 14419 14418
14417 14420 14419
14421 14422 14423
14421 14424 14422
14424 14421 14425
14424 14425 14426
14426 14425 14427
14427 14425 14428
14426 14427 14429
14426 14429 14430
14427 14428 14431
14427 14431 14432
14433 14431 14428
14433 14428 14434
14433 14434 14435
14436 14432 14431
14433 14436 14431
14436 14437 14432
14432 14437 14438
14432 14438 14439
14440 14436 14433
14440 14441 14436
14433 14435 14442
14440 14433 14442
14441 14440 14443
14444 14441 14443
14444 14445 14441
14445 14444 14446
14445 14446 14447
14447 14446 14448
14447 14448 14449
14447 14449 14450
14450 14449 14451
14447 14450 14452
14447 14452 14453
14435 14454 14442
14435 14455 14454
14454 14455 14456
14457 14442 14454
14440 14442 14457
14458 14440 14457
14454 14456 14459
14459 14456 14460
14457 14454 14461
14461 14454 14459
14458 14457 14462
14461 14462 14457
14458 14462 14463
14458 14463 14464
14461 14465 14462
14458 14464 14466
14467 14465 14461
14461 14459 14467
14467 14468 14465
14469 14468 14467
14470 14466 14464
14470 14464 14471
14470 14472 14466
14472 14470 14473
14472 14473 14474
14467 14459 14475
14459 14460 14475
14469 14467 14476
14467 14475 14476
14460 14477 14475
14476 14475 14477
14460 14478 14477
14477 14478 14479
14480 14469 14476
14476 14477 14480
14480 14481 14469
14477 14479 14482
14480 14477 14482
14482 14479 14483
14484 14481 14480
14480 14482 14484
14484 14485 14481
14482 14483 14486
14484 14482 14486
14486 14483 14487
14488 14485 14484
14484 14486 14488
14488 14489 14485
14490 14489 14488
14486 14487 14491
14488 14486 14491
14490 14488 14492
14488 14491 14492
14487 14493 14491
14492 14491 14493
14487 14494 14493
14493 14494 14495
14496 14490 14492
14492 14493 14496
14496 14497 14490
14498 14497 14496
14493 14495 14499
14496 14493 14499
14498 14496 14500
14496 14499 14500
14495 14501 14499
14500 14499 14501
14495 14502 14501
14501 14502 14503
14504 14498 14500
14500 14501 14504
14504 14505 14498
14506 14505 14504
14501 14503 14507
14504 14501 14507
14506 14504 14508
14504 14507 14508
14509 14506 14508
14509 14508 14510
14507 14510 14508
14511 14509 14510
14511 14510 14512
14503 14513 14507
14507 14513 14510
14513 14512 14510
14503 14514 14513
14513 14515 14512
14514 14515 14513
14514 14516 14515
14517 14518 14519
14517 14519 14520
14520 14521 14517
14520 14522 14521
14522 14523 14521
14523 14524 14521
14522 14525 14523
14522 14526 14525
14523 14527 14524
14523 14528 14527
14529 14524 14527
14529 14530 14524
14529 14531 14530
14532 14527 14528
14529 14527 14532
14532 14528 14533
14528 14534 14533
14528 14535 14534
14536 14529 14532
14536 14532 14537
14529 14538 14531
14536 14538 14529
14537 14539 14536
14540 14539 14537
14540 14537 14541
14541 14542 14540
14541 14543 14542
14543 14544 14542
14543 14545 14544
14543 14546 14545
14546 14547 14545
14543 14548 14546
14543 14549 14548
14531 14538 14550
14531 14550 14551
14550 14552 14551
14553 14550 14538
14536 14553 14538
14554 14553 14536
14550 14555 14552
14555 14556 14552
14553 14557 14550
14557 14555 14550
14554 14558 14553
14557 14553 14558
14554 14559 14558
14554 14560 14559
14557 14558 14561
14554 14562 14560
14563 14557 14561
14557 14563 14555
14563 14561 14564
14565 14563 14564
14566 14560 14562
14566 14567 14560
14566 14562 14568
14568 14569 14566
14568 14570 14569
14563 14571 14555
14555 14571 14556
14565 14572 14563
14563 14572 14571
14556 14571 14573
14572 14573 14571
14556 14573 14574
14573 14575 14574
14576 14572 14565
14572 14576 14573
14576 14565 14577
14573 14578 14575
14576 14578 14573
14578 14579 14575
14580 14576 14577
14576 14580 14578
14580 14577 14581
14578 14582 14579
14580 14582 14578
14582 14583 14579
14584 14580 14581
14580 14584 14582
14584 14581 14585
14586 14584 14585
14582 14587 14583
14584 14587 14582
14586 14588 14584
14584 14588 14587
14583 14587 14589
14588 14589 14587
14583 14589 14590
14589 14591 14590
14592 14588 14586
14588 14592 14589
14592 14586 14593
14594 14592 14593
14589 14595 14591
14592 14595 14589
14594 14596 14592
14592 14596 14595
14591 14595 14597
14596 14597 14595
14591 14597 14598
14597 14599 14598
14600 14596 14594
14596 14600 14597
14600 14594 14601
14602 14600 14601
14597 14603 14599
14600 14603 14597
14602 14604 14600
14600 14604 14603
14605 14604 14602
14603 14604 14605
14605 14602 14606
14607 14605 14606
14607 14608 14605
14605 14608 14609
14599 14603 14610
14603 14605 14610
14605 14609 14610
14599 14610 14611
14610 14609 14612
14610 14612 14611
14613 14614 14615
14613 14615 14616
14616 14615 14617
14616 14617 14618
14618 14617 14619
14618 14619 14620
14621 14622 14623
14621 14623 14624
14625 14626 14627
14625 14628 14626
14629 14628 14625
14629 14630 14628
14631 14630 14629
14631 14632 14630
14633 14634 14635
14633 14636 14634
14637 14636 14633
14637 14638 14636
14639 14638 14637
14639 14640 14638
14641 14640 14639
14641 14642 14640
14643 14642 14641
14643 14644 14642
14645 14644 14643
14645 14646 14644
14647 14646 14645
14647 14648 14646
14649 14648 14647
14649 14650 14648
14651 14650 14649
14651 14652 14650
14653 14652 14651
14653 14654 14652
14655 14654 14653
14655 14656 14654
14657 14656 14655
14657 14658 14656
14659 14658 14657
14659 14660 14658
14661 14660 14659
14661 14662 14660
14663 14662 14661
14663 14664 14662
14665 14664 14663
14665 14666 14664
14667 14666 14665
14667 14665 14668
14669 14667 14668
14669 14670 14667
14671 14672 14673
14671 14673 14674
14674 14673 14675
14674 14675 14676
14676 14675 14677
14676 14677 14678
14679 14680 14681
14679 14681 14682
14682 14681 14683
14682 14683 14684
14684 14683 14685
14684 14685 14686
14687 14688 14689
14687 14689 14690
14691 14692 14693
14691 14694 14692
14695 14694 14691
14695 14696 14694
14697 14696 14695
14697 14698 14696
14699 14700 14701
14699 14701 14702
14702 14701 14703
14702 14703 14704
14704 14703 14705
14704 14705 14706
14706 14705 14707
14706 14707 14708
14708 14707 14709
14708 14709 14710
14710 14709 14711
14710 14711 14712
14712 14711 14713
14712 14713 14714
14714 14713 14715
14714 14715 14716
14716 14715 14717
14716 14717 14718
14718 14717 14719
14718 14719 14720
14720 14719 14721
14720 14721 14722
14722 14721 14723
14722 14723 14724
14724 14723 14725
14724 14725 14726
14726 14725 14727
14726 14727 14728
14728 14727 14729
14728 14729 14730
14730 14729 14731
14730 14731 14732
14732 14731 14733
14732 14733 14734
14734 14733 14735
14734 14735 14736
14735 14737 14736
14735 14738 14737
14739 14740 14741
14739 14741 14742
14743 14744 14745
14743 14745 14746
14746 14745 14747
14746 14747 14748
14748 14747 14749
14748 14749 14750
14751 14752 14753
14751 14753 14754
14755 14756 14757
14755 14757 14758
14758 14757 14759
14758 14759 14760
14760 14759 14761
14760 14761 14762
14762 14761 14763
14762 14763 14764
14764 14763 14765
14764 14765 14766
14767 14768 14769
14767 14769 14770
14770 14769 14771
14770 14771 14772
14772 14771 14773
14772 14773 14774
14774 14773 14775
14774 14775 14776
14777 14778 14779
14777 14780 14778
14780 14781 14778
14782 14780 14777
14780 14783 14781
14782 14784 14780
14784 14783 14780
14785 14784 14782
14784 14786 14783
14785 14787 14784
14787 14786 14784
14788 14787 14785
14787 14789 14786
14788 14790 14787
14790 14789 14787
14790 14791 14789
14792 14791 14790
14790 14788 14793
14792 14790 14794
14790 14793 14794
14795 14794 14793
14796 14797 14798
14799 14798 14797
14799 14800 14798
14799 14797 14801
14799 14802 14800
14803 14799 14801
14804 14802 14799
14803 14804 14799
14804 14805 14802
14806 14804 14803
14807 14805 14804
14806 14808 14804
14807 14804 14808
14809 14808 14806
14810 14807 14808
14809 14810 14808
14810 14811 14807
14810 14809 14812
14813 14811 14810
14810 14812 14814
14813 14810 14814
