byte offset: 0
first index: 0
index count: 5994
topology: trianglelist
format: DXGI_FORMAT_R16_UINT

0 1 2
3 4 5
6 7 8
9 10 11
12 13 14
15 16 17
18 19 20
18 20 21
21 22 18
21 20 23
21 24 22
24 25 22
21 23 26
26 24 21
27 26 23
27 28 26
28 29 26
26 29 24
28 30 29
30 31 29
24 29 31
30 32 31
24 33 25
24 31 33
34 25 33
35 31 32
33 31 35
35 32 36
34 33 37
33 35 37
36 38 35
36 39 38
38 40 35
39 40 38
40 37 35
39 41 40
42 34 37
40 42 37
41 42 40
42 43 34
41 43 42
44 45 46
44 47 45
48 47 44
45 47 49
45 49 50
48 51 47
49 47 51
50 49 52
50 52 53
49 51 54
52 49 54
55 53 52
55 56 53
56 55 57
56 57 58
59 55 52
55 60 57
55 59 60
61 60 59
61 59 62
63 62 59
59 52 64
63 59 64
52 54 64
54 63 64
54 65 63
65 54 51
65 51 66
66 51 67
66 67 68
67 51 48
68 67 48
68 48 69
48 70 69
48 71 70
72 73 74
72 74 75
76 72 75
76 77 72
78 77 76
74 79 75
74 80 79
81 79 80
75 79 82
82 76 75
78 76 83
83 84 78
83 85 84
76 86 83
86 85 83
82 86 76
86 87 85
81 88 79
88 82 79
82 89 86
86 89 90
81 91 88
81 92 91
92 93 91
88 94 82
94 88 91
94 89 82
93 95 91
94 91 95
93 96 95
95 97 94
97 89 94
90 89 98
90 98 99
100 90 99
98 89 101
89 102 101
102 103 101
103 102 104
105 98 101
101 103 105
99 98 106
106 98 105
104 107 103
104 108 107
107 108 109
109 108 110
100 99 111
112 100 111
112 113 100
111 114 112
111 99 115
99 106 115
111 116 114
115 116 111
116 117 114
116 118 117
119 118 116
115 119 116
119 120 118
110 121 109
110 122 121
123 122 110
124 109 121
124 107 109
122 123 125
123 126 125
122 127 121
127 124 121
124 128 107
128 103 107
125 126 129
126 130 129
131 103 128
103 131 105
132 122 125
122 133 127
132 133 122
125 129 134
125 134 132
135 134 129
136 132 134
136 137 132
137 133 132
138 137 136
131 128 139
139 128 140
140 128 124
141 131 139
142 140 124
143 140 142
142 144 143
142 124 127
144 142 145
127 145 142
146 144 145
147 146 145
141 148 131
148 105 131
127 149 145
133 149 127
147 145 150
150 145 149
151 147 150
151 152 147
152 151 153
141 154 148
141 155 154
148 156 105
148 154 156
156 106 105
157 149 133
137 157 133
150 149 158
151 150 158
157 158 149
159 154 155
159 155 160
159 160 161
156 162 106
115 106 162
163 156 154
163 162 156
163 154 159
162 164 115
163 164 162
115 164 119
159 161 165
161 166 165
167 163 159
167 164 163
165 167 159
165 166 168
168 167 165
166 169 168
170 119 164
164 167 170
168 169 171
171 169 172
168 173 167
167 173 170
174 119 170
174 120 119
175 173 168
168 171 175
175 171 176
175 176 177
175 177 173
173 177 170
177 174 170
172 178 171
176 171 178
153 178 172
153 151 178
178 151 176
151 179 176
151 158 179
180 179 158
180 158 157
181 180 157
181 157 137
138 181 137
182 179 180
182 180 181
181 138 183
182 181 183
183 138 184
176 179 185
182 185 179
176 185 186
187 185 182
187 186 185
182 183 188
182 188 187
176 186 189
177 176 189
190 177 189
177 190 174
190 189 191
191 189 186
186 192 191
187 192 186
190 193 174
187 194 192
187 188 194
193 120 174
195 194 188
183 195 188
195 196 194
195 197 196
193 198 120
199 198 193
183 200 195
184 200 183
195 201 197
201 195 200
201 202 197
184 203 200
203 201 200
184 204 203
201 205 202
205 201 203
205 206 202
203 204 207
205 203 207
205 207 206
207 204 208
207 208 209
210 206 207
207 209 210
211 210 212
211 212 213
210 211 214
211 213 215
216 214 211
216 217 214
218 211 215
216 211 218
219 218 215
220 217 216
216 218 220
220 221 217
219 222 218
218 222 220
223 221 220
220 222 223
223 224 221
223 225 224
219 226 222
226 223 222
226 219 227
223 228 225
226 228 223
229 225 228
229 230 225
231 228 226
231 229 228
232 226 227
231 226 232
229 233 230
233 234 230
227 235 232
227 236 235
229 231 237
229 237 233
238 233 237
238 237 239
231 239 237
240 238 239
234 233 241
238 241 233
199 234 241
199 241 242
242 241 238
242 198 199
231 232 243
231 243 239
232 244 243
232 235 244
243 245 239
240 239 245
243 244 245
235 246 244
244 247 245
244 246 247
240 245 248
248 245 247
235 249 246
236 249 235
236 250 249
248 247 251
246 252 247
252 251 247
249 253 246
253 252 246
254 249 250
249 254 253
240 248 255
255 248 251
240 255 256
255 251 257
256 258 240
257 251 259
258 260 240
258 261 260
260 238 240
259 251 262
262 263 259
252 262 251
263 262 264
261 265 260
238 260 265
265 261 266
262 252 267
262 267 264
268 238 265
268 242 238
269 265 266
269 268 265
270 269 266
268 271 242
268 269 271
272 269 270
273 272 270
271 274 242
242 274 198
269 275 271
269 272 275
275 274 271
276 272 273
272 276 275
276 273 277
276 277 278
198 274 279
198 279 120
279 280 120
281 274 275
274 281 279
276 278 282
283 282 278
275 276 284
275 284 281
284 276 282
279 285 280
285 286 280
285 287 286
288 279 281
288 285 279
289 287 285
288 289 285
289 290 287
284 291 281
291 288 281
284 282 292
284 292 291
290 289 293
290 293 294
293 289 295
289 288 295
293 295 296
288 291 297
295 288 297
292 297 291
298 292 282
283 298 282
296 295 299
295 297 299
292 300 297
298 300 292
297 300 299
283 301 298
301 300 298
283 302 301
296 299 303
304 296 303
300 305 299
299 305 303
301 302 306
302 264 306
264 267 306
307 300 301
305 300 307
301 306 307
303 305 308
308 305 307
307 309 308
306 310 307
309 307 310
267 310 306
309 310 311
310 312 311
267 312 310
312 313 311
267 314 312
313 312 314
252 314 267
253 314 252
313 314 253
315 313 253
253 254 315
315 254 316
254 317 316
316 317 318
254 250 317
319 317 250
320 321 317
317 321 322
321 320 323
323 320 324
323 324 325
326 323 325
326 325 327
327 328 326
327 329 328
329 330 328
323 326 331
326 328 331
321 323 332
323 331 332
333 328 330
333 330 334
331 328 335
335 328 333
322 321 336
332 336 321
332 331 337
337 331 335
338 336 332
332 337 338
339 322 336
336 338 340
339 336 340
341 322 339
341 342 322
342 341 343
342 343 344
344 343 345
346 344 345
346 345 347
346 347 348
347 345 349
349 345 350
343 350 345
351 350 343
341 351 343
352 351 341
339 352 341
353 352 339
340 353 339
352 353 354
353 355 354
355 353 356
355 356 357
353 340 358
353 358 356
359 357 356
357 359 360
358 340 361
340 338 361
356 358 362
362 358 361
338 362 361
356 362 359
338 337 362
360 359 363
360 363 364
365 359 362
337 365 362
365 363 359
364 363 366
365 366 363
337 367 365
337 335 367
368 364 366
369 364 368
365 370 366
365 367 370
368 366 370
335 371 367
370 367 371
335 333 371
369 368 372
368 370 372
372 370 371
369 372 373
374 372 371
374 373 372
374 371 333
374 375 373
374 333 376
376 333 334
376 377 374
334 377 376
377 375 374
334 378 377
379 380 375
381 379 375
379 382 380
383 380 382
383 382 384
383 384 385
384 382 386
384 387 385
384 386 387
385 387 388
389 385 388
390 388 387
390 387 386
389 388 391
390 391 388
392 389 391
382 393 386
379 393 382
391 394 392
395 392 394
390 386 396
386 393 396
390 397 391
394 391 397
395 394 398
398 399 395
400 399 398
401 390 396
401 397 390
402 396 393
401 396 402
379 403 393
402 393 403
394 397 404
398 394 404
379 405 403
405 379 381
406 405 381
405 406 403
406 381 407
403 406 408
403 408 409
402 403 409
410 409 408
411 409 410
412 402 409
401 402 412
411 413 409
413 412 409
413 411 414
413 414 415
415 412 413
415 414 416
415 416 417
418 401 412
415 418 412
419 415 417
419 418 415
417 129 419
129 420 419
418 421 401
421 397 401
418 419 422
420 422 419
421 418 422
421 423 397
397 423 404
424 423 421
404 423 424
422 424 421
398 404 424
425 424 422
424 425 398
425 422 420
398 425 400
426 425 420
425 426 400
426 420 427
400 426 428
427 429 426
426 429 428
427 430 429
428 429 431
430 432 429
429 432 431
433 431 432
434 432 430
435 433 432
434 435 432
434 436 435
437 438 439
440 439 438
440 441 439
442 441 440
440 438 443
444 443 438
442 440 445
445 446 442
447 446 445
440 448 445
449 447 445
449 445 448
440 443 450
440 450 448
451 447 449
452 447 451
453 452 451
453 451 454
454 451 455
449 455 451
454 455 456
457 456 455
458 449 448
449 458 455
457 455 459
455 458 459
459 460 457
459 461 460
462 461 459
462 459 458
458 448 463
462 458 463
462 463 464
465 464 463
465 463 466
463 448 450
463 450 466
450 467 466
450 443 467
468 467 443
468 469 467
468 470 469
468 443 471
444 471 443
472 468 471
473 471 444
472 471 473
473 444 474
475 473 474
472 473 475
475 474 476
476 477 475
470 472 478
472 475 478
478 475 477
470 478 479
478 480 479
478 481 480
478 477 481
482 480 481
482 481 483
483 484 482
483 485 484
481 486 483
485 483 486
477 486 481
485 486 487
476 488 477
476 489 488
488 489 490
488 490 491
491 477 488
491 490 492
491 492 493
491 494 477
477 494 486
494 491 495
494 495 496
496 486 494
496 487 486
497 487 498
499 498 487
497 498 500
500 501 497
500 502 501
502 500 503
503 500 498
504 503 498
502 503 505
499 506 498
504 498 506
506 499 507
506 507 508
508 504 506
509 505 503
509 503 504
509 510 505
511 510 509
511 509 512
509 504 513
512 509 513
508 514 504
515 513 504
515 504 514
515 514 516
514 517 516
514 508 517
508 518 517
508 519 518
513 515 520
513 520 521
512 513 521
521 520 522
512 521 523
521 522 523
512 523 524
522 525 523
524 523 525
522 526 525
527 525 526
527 526 528
529 528 526
527 528 530
531 527 530
531 532 527
532 531 533
534 532 533
524 525 535
524 535 536
524 536 511
537 535 525
527 537 525
537 538 535
527 532 539
527 539 537
540 538 537
540 537 539
541 538 540
541 540 542
543 542 540
544 532 534
544 539 532
545 540 539
543 540 545
545 539 544
546 544 534
547 546 534
548 546 547
548 549 546
544 546 550
549 550 546
544 550 545
549 551 550
552 550 551
543 545 553
550 553 545
552 553 550
543 553 554
553 552 555
553 555 554
556 557 558
556 558 559
560 559 558
556 559 561
561 559 560
556 561 562
563 561 560
562 561 564
563 564 561
562 564 565
564 566 565
567 564 563
564 567 566
567 563 568
566 567 569
567 568 569
570 566 569
568 570 569
571 572 573
573 572 574
573 574 575
576 575 574
577 575 576
577 576 578
577 578 579
579 578 580
581 579 580
582 583 584
582 585 583
582 586 585
582 587 586
588 586 587
588 587 589
590 588 589
590 591 588
592 593 594
592 595 593
595 596 593
595 597 596
598 596 597
598 597 599
598 599 600
598 600 601
602 603 604
602 604 605
602 605 606
606 607 602
605 604 608
606 605 609
605 608 609
604 610 608
604 611 610
606 609 612
606 612 613
614 606 613
609 608 615
612 609 616
609 615 616
612 616 617
613 612 617
617 616 618
616 615 618
608 619 615
608 610 619
620 617 618
613 617 620
615 621 618
615 619 621
620 618 621
622 614 613
623 613 620
622 613 623
624 620 621
623 620 624
619 625 621
624 621 625
610 626 619
619 626 625
627 614 622
627 628 614
629 627 622
629 622 630
630 622 623
630 623 631
631 623 624
632 630 631
632 631 633
631 624 634
633 631 634
634 624 625
633 634 635
634 625 636
635 634 636
626 636 625
635 636 637
638 637 636
626 638 636
638 639 637
640 638 626
610 640 626
611 640 610
641 639 638
640 641 638
641 642 639
611 643 640
643 641 640
644 642 641
643 644 641
644 645 642
646 643 611
646 647 643
647 644 643
647 648 644
648 645 644
648 649 645
650 651 611
652 651 650
653 654 655
653 655 656
657 658 659
657 659 660
661 662 663
661 663 664
665 666 667
667 666 668
669 667 668
668 666 670
669 668 671
672 669 671
668 670 673
671 668 673
672 671 674
671 673 675
674 671 675
672 674 676
672 676 677
678 677 676
674 675 679
676 674 679
675 673 680
679 675 680
678 676 681
682 678 681
682 681 683
681 676 684
676 679 684
683 681 685
681 684 685
683 685 686
685 684 687
679 687 684
686 685 687
673 688 680
680 688 689
690 680 689
679 680 690
679 690 687
687 690 689
673 670 688
670 691 688
688 691 689
686 687 692
692 687 689
670 693 691
694 693 670
694 695 693
696 695 694
696 697 695
695 698 693
693 698 691
697 699 695
695 699 698
697 700 699
698 701 691
699 701 698
700 702 699
699 702 701
700 703 702
701 704 691
691 704 689
703 705 702
703 706 705
702 707 701
701 707 704
702 705 707
704 708 689
707 708 704
706 709 705
706 710 709
705 711 707
707 711 708
705 709 711
708 712 689
711 712 708
712 692 689
711 713 712
709 713 711
713 692 712
710 714 709
709 714 713
710 715 714
715 716 714
715 717 716
717 718 716
716 718 719
716 719 720
716 720 686
713 721 692
714 721 713
714 716 721
716 686 721
721 686 692
722 723 724
722 725 723
725 722 726
725 727 723
725 726 728
728 726 729
725 730 727
730 725 728
731 727 730
731 730 732
732 730 733
730 728 733
732 733 734
734 733 735
728 735 733
734 735 736
728 729 737
728 737 735
738 737 729
739 736 735
737 739 735
739 740 736
738 741 737
737 741 739
740 739 742
740 742 743
742 739 744
743 742 744
744 739 741
743 744 745
746 741 738
744 741 746
745 744 746
746 738 747
745 746 747
748 749 57
748 57 750
750 751 748
750 57 752
750 753 751
754 751 753
750 752 755
755 753 750
756 755 752
756 757 755
758 755 757
758 759 755
755 759 753
760 759 758
753 759 760
760 758 761
754 753 762
753 760 762
763 754 762
761 764 760
762 760 764
761 765 764
763 762 766
762 764 766
765 767 764
765 768 767
767 769 764
768 769 767
769 766 764
768 770 769
769 770 771
772 771 763
772 763 766
769 771 772
769 772 766
773 774 775
773 776 774
777 776 773
777 773 778
779 777 778
774 776 780
774 780 781
782 781 780
776 783 780
783 776 777
779 784 777
784 779 785
784 785 786
777 784 304
304 784 786
783 777 304
304 786 787
783 304 303
782 780 788
788 780 783
789 783 303
788 783 789
790 789 303
791 789 790
782 788 792
789 792 788
789 791 792
782 792 793
793 792 794
794 792 791
794 791 795
796 797 798
796 799 797
800 797 799
796 801 799
801 800 799
796 802 801
803 800 801
802 804 801
803 801 804
802 805 804
804 805 806
807 803 804
804 806 807
807 808 803
806 809 807
807 809 808
810 809 806
808 809 810
811 812 813
812 814 813
812 815 814
816 814 815
817 816 815
817 818 816
817 819 818
819 820 818
821 820 819
822 823 824
822 824 825
822 825 826
822 826 827
828 827 826
828 829 827
830 829 828
830 828 831
832 833 834
832 834 835
835 834 836
835 836 837
838 837 836
838 839 837
838 840 839
838 841 840
842 843 844
842 845 843
842 846 845
846 842 847
845 848 843
846 849 845
845 849 848
843 848 850
843 850 851
846 852 849
846 853 852
854 853 846
849 855 848
852 856 849
849 856 855
852 857 856
853 857 852
857 858 856
856 858 855
848 855 859
848 859 850
860 858 857
853 860 857
855 858 861
855 861 859
860 861 858
862 853 854
863 860 853
862 863 853
864 861 860
863 864 860
859 861 865
864 865 861
850 859 866
859 865 866
867 862 854
867 854 868
869 862 867
869 870 862
870 863 862
870 871 863
871 864 863
872 871 870
872 873 871
871 874 864
873 874 871
874 865 864
873 875 874
874 876 865
875 876 874
866 865 876
875 877 876
878 876 877
866 876 878
878 877 879
880 866 878
850 866 880
851 850 880
881 878 879
880 878 881
881 879 882
851 880 883
883 880 881
884 881 882
883 881 884
884 882 885
886 851 883
886 883 887
887 883 884
887 884 888
888 884 885
888 885 889
890 851 891
892 890 891
893 894 895
893 895 896
897 898 899
897 899 900
901 902 903
901 903 904
905 906 907
906 908 907
909 908 906
908 910 907
909 911 908
912 911 909
908 913 910
911 913 908
912 914 911
911 915 913
914 915 911
912 916 914
912 917 916
918 916 917
914 919 915
916 919 914
915 920 913
919 920 915
918 921 916
922 921 918
922 923 921
921 924 916
916 924 919
923 925 921
921 925 924
923 926 925
925 927 924
919 924 927
926 927 925
913 920 928
920 929 928
930 929 920
919 930 920
919 927 930
927 929 930
913 928 910
910 928 931
928 929 931
926 932 927
932 929 927
910 931 933
934 910 933
934 933 935
936 934 935
936 935 937
935 933 938
933 931 938
937 935 939
935 938 939
937 939 940
938 931 941
939 938 941
940 939 942
939 941 942
940 942 943
941 931 944
931 929 944
943 942 945
943 945 946
942 941 947
941 944 947
942 947 945
944 929 948
947 944 948
946 945 949
946 949 950
945 947 951
947 948 951
945 951 949
948 929 952
951 948 952
952 929 932
951 952 953
949 951 953
953 952 932
950 949 954
949 953 954
950 954 955
955 954 956
955 956 957
957 956 958
956 959 958
956 960 959
956 926 960
953 932 961
954 953 961
954 961 956
956 961 926
961 932 926
962 963 964
964 963 965
963 966 965
967 966 963
967 968 966
969 968 967
969 970 968
965 971 964
972 971 965
972 965 973
973 965 966
974 973 966
966 975 974
966 976 975
968 976 966
977 975 976
978 977 976
978 976 979
979 976 968
980 978 979
980 979 981
981 979 982
983 979 968
982 979 983
968 984 983
968 970 984
984 970 985
984 985 986
983 984 987
983 987 982
984 986 987
988 982 987
987 986 988
989 982 988
986 990 988
988 991 989
990 992 988
988 992 991
993 994 995
994 993 996
996 993 997
997 993 998
999 997 998
1000 997 999
1000 1001 997
1001 1000 1002
1003 1001 1002
1004 1001 1003
1005 1004 1003
1004 1006 1001
1005 1007 1004
1008 1006 1004
1009 1008 1004
1004 1007 1010
1009 1004 1011
1010 1011 1004
1011 1012 1009
1011 1013 1012
1013 1011 1010
1014 1013 1010
1015 1013 1014
1015 1016 1013
1015 1017 1016
1018 1019 1020
1018 1021 1019
1022 1021 1018
1023 1021 1022
1024 1021 1023
1024 1025 1021
1026 1025 1024
1027 1025 1026
1028 1025 1027
1027 1026 1029
1030 1027 1029
1031 1027 1030
1032 1028 1027
1031 1033 1027
1032 1027 1034
1033 1034 1027
1035 1032 1034
1036 1034 1033
1035 1034 1037
1037 1034 1036
1037 1038 1035
1039 1037 1036
1037 1040 1038
1041 1037 1039
1041 1040 1037
1040 1041 1042
1042 1041 1043
1042 1043 1044
1044 1043 1045
1045 1043 1046
1047 1045 1046
1048 1049 1050
1050 1051 1048
1048 1051 1052
1050 1053 1051
1050 1054 1053
1055 1052 1051
1052 1055 1056
1055 1057 1056
1057 1055 1058
1059 1053 1054
1059 1054 1060
1061 1053 1059
1061 1062 1053
1053 1062 1051
1051 1062 1055
1058 1055 1063
1055 1062 1063
1064 1058 1063
1062 1065 1063
1063 1066 1064
1064 1066 1067
1067 1066 1068
1063 1065 1069
1069 1066 1063
1068 1066 1070
1069 1070 1066
1068 1070 1071
1068 1071 1072
1072 1071 1073
1071 1074 1073
1075 1073 1074
1076 1073 1075
1075 1077 1076
1074 1077 1075
1077 1074 1078
1079 1077 1078
1079 1080 1077
1071 1070 1081
1081 1070 1069
1082 1074 1071
1082 1071 1081
1083 1080 1079
1084 1080 1083
1083 1085 1084
1083 1086 1085
1086 1087 1085
1083 1088 1086
1088 1087 1086
1079 1088 1083
1088 1089 1087
1090 1089 1088
1090 1088 1091
1091 1088 1079
1092 1090 1091
1079 1093 1091
1093 1079 1078
1091 1094 1092
1093 1094 1091
1092 1094 1095
1095 1094 1093
1093 1096 1095
1095 1096 1097
1098 1097 1096
1096 1099 1098
1100 1093 1078
1093 1100 1096
1100 1078 1101
1096 1100 1102
1101 1078 1103
1103 1078 1104
1105 1104 1078
1078 1074 1105
1074 1106 1105
1074 1107 1106
1082 1107 1074
1108 1107 1082
1081 1108 1082
1109 1108 1081
1081 1110 1109
1111 1096 1102
1081 1069 1110
1096 1111 1112
1096 1112 1099
1113 1112 1111
1099 1112 1114
1114 1112 1113
1069 1115 1110
1069 1065 1115
1110 1115 1116
1115 1065 1116
1117 1118 1119
1118 1120 1119
1119 1120 1121
1120 1118 971
1122 1120 971
1122 1123 1120
1123 1121 1120
1124 1121 1123
1125 1119 1121
1125 1121 1126
1127 1125 1126
1121 1124 1128
1127 1126 1129
1121 1128 1130
1126 1121 1130
1131 1130 1128
1132 1130 1131
1132 1133 1130
1133 1126 1130
1134 1133 1132
1134 1135 1133
1135 1136 1133
1126 1137 1129
1137 1138 1129
1137 1139 1138
1140 1126 1133
1126 1140 1137
1136 1140 1133
1140 1141 1137
1137 1141 1139
1140 1136 1141
1141 1142 1139
1142 1141 1136
1139 1142 1143
1144 1142 1136
1143 1142 1145
1142 1144 1146
1142 1146 1145
1147 1148 1149
1149 1150 1147
1150 1151 1147
1151 1152 1147
1153 1152 1151
1151 1154 1153
1155 1154 1151
1154 1155 1156
1157 1156 1155
1158 1157 1155
1159 1157 1158
1158 1155 1160
1159 1158 1161
1162 1158 1160
1163 1158 1162
1158 1164 1161
1163 1165 1158
1164 1158 1165
1165 1163 1166
1165 1166 1167
1167 1164 1165
1168 1164 1167
1169 1168 1167
1169 1167 1170
1169 1170 1171
1172 1173 1174
1172 1174 1175
1176 1172 1175
1177 1176 1175
1178 1177 1175
1178 1175 1179
1180 1178 1179
1181 1180 1179
1182 1181 1179
1181 1183 1180
1184 1183 1181
1185 1184 1181
1186 1181 1182
1185 1181 1187
1186 1188 1181
1187 1181 1188
1189 1188 1186
1190 1187 1188
1189 1191 1188
1191 1190 1188
1191 1189 1192
1193 1190 1191
1191 1192 1194
1195 1193 1191
1195 1191 1194
1194 1196 1195
1196 1197 1195
1196 1198 1197
1198 1199 1197
1199 1200 1197
1201 1200 1199
1202 1203 1204
1203 1202 1205
1202 1206 1205
1203 1205 1207
1203 1207 1208
1209 1205 1206
1206 1210 1209
1209 1210 1211
1211 1212 1209
1213 1208 1207
1213 1214 1208
1215 1213 1207
1215 1207 1216
1207 1205 1216
1205 1209 1216
1212 1217 1209
1209 1217 1216
1218 1217 1212
1216 1217 1219
1217 1218 1220
1218 1221 1220
1221 1222 1220
1217 1223 1219
1223 1217 1220
1222 1224 1220
1223 1220 1224
1222 1225 1224
1222 1226 1225
1226 1227 1225
1225 1227 1228
1229 1228 1227
1230 1229 1227
1229 1230 1231
1228 1229 1231
1231 1232 1228
1233 1232 1231
1233 1231 1234
1225 1235 1224
1235 1223 1224
1236 1225 1228
1236 1235 1225
1237 1233 1234
1238 1237 1234
1237 1238 1239
1237 1239 1240
1240 1239 1241
1237 1240 1242
1242 1240 1241
1233 1237 1242
1242 1241 1243
1244 1242 1243
1244 1245 1242
1245 1233 1242
1246 1245 1244
1233 1245 1247
1247 1232 1233
1245 1246 1248
1247 1245 1248
1246 1249 1248
1249 1247 1248
1247 1249 1250
1249 1251 1250
1252 1250 1251
1250 1252 1253
1254 1232 1247
1247 1250 1254
1254 1255 1232
1250 1256 1254
1255 1257 1232
1257 1258 1232
1259 1232 1258
1232 1259 1228
1228 1259 1260
1228 1260 1261
1236 1228 1261
1262 1236 1261
1235 1236 1262
1263 1235 1262
1235 1263 1264
1265 1256 1250
1235 1264 1223
1250 1266 1265
1250 1253 1266
1267 1265 1266
1253 1268 1266
1268 1267 1266
1223 1264 1269
1223 1269 1219
1264 1270 1269
1269 1270 1219
1271 1272 1273
1273 1272 1274
1274 1275 1273
1273 1275 1276
1276 1277 1273
1278 1279 1280
1279 1281 1280
1279 1282 1281
1282 1283 1281
1284 1285 1286
1287 1285 1284
1287 1288 1285
1288 1287 1289
1288 1289 1290
1290 1289 1291
1290 1291 1292
1293 1292 1291
1294 1292 1293
1295 1294 1293
1295 1293 1296
1297 1295 1296
1297 1298 1295
1299 1298 1297
1299 1300 1298
1301 1300 1299
1302 1303 1304
1305 1304 1303
1305 1303 1306
1307 1305 1306
1307 1306 1308
1307 1308 1309
1307 1309 1310
1310 1309 1311
1310 1311 1312
1312 1311 1313
1312 1313 1314
1315 1314 1313
1315 1313 1316
1315 1316 1317
1318 1319 1320
1319 1321 1320
1321 1319 1322
1319 1323 1322
1323 1319 1324
1325 1326 1327
1327 1326 1328
1327 1328 1329
1329 1328 1330
1331 1332 1333
1334 1331 1333
1334 1333 1335
1335 1336 1334
1335 1337 1336
1337 1338 1336
1337 1339 1338
1339 1340 1338
1339 1341 1340
1342 1340 1341
1342 1343 1340
1344 1343 1342
1344 1342 1345
1346 1344 1345
1346 1345 1347
1348 1346 1347
1349 1350 1351
1352 1351 1350
1352 1353 1351
1354 1353 1352
1354 1355 1353
1354 1356 1355
1354 1357 1356
1357 1358 1356
1357 1359 1358
1359 1360 1358
1359 1361 1360
1362 1360 1361
1362 1363 1360
1362 1364 1363
1365 1366 1367
1366 1368 1367
1365 1369 1366
1369 1365 1370
1369 1370 1371
1372 1369 1371
1372 1366 1369
1366 1372 1373
1366 1374 1368
1366 1373 1374
1375 1368 1374
1376 1374 1373
1376 1377 1374
1375 1374 1377
1376 1378 1377
1375 1377 1378
1376 1379 1378
1380 1378 1379
1375 1378 1380
1380 1379 1381
1382 1375 1380
1383 1382 1380
1383 1380 1384
1385 1382 1383
1382 1386 1375
1385 1386 1382
1375 1386 1387
1387 1386 1385
1375 1387 1388
1387 1385 1389
1390 1388 1387
1390 1387 1389
1390 1391 1388
1390 1389 1392
1393 1391 1390
1392 1394 1390
1393 1390 1394
1392 1395 1394
1394 1396 1393
1394 1395 1396
1397 1384 1398
1397 1398 1399
1400 1397 1399
1401 1399 1398
1401 1402 1399
1400 1399 1402
1401 1403 1402
1400 1402 1403
1401 1404 1403
1405 1403 1404
1405 1404 1406
1400 1403 1407
1405 1407 1403
1405 1408 1407
1409 1408 1405
1410 1396 1409
1409 1405 1410
1406 1410 1405
1410 1411 1396
1406 1411 1410
1412 1397 1400
1413 1397 1412
1413 1381 1397
1414 1413 1412
1412 1400 1415
1414 1412 1415
1400 1416 1415
1416 1414 1415
1400 1417 1416
1416 1418 1414
1419 1416 1417
1419 1418 1416
1419 1417 1420
1419 1421 1418
1422 1419 1420
1421 1419 1423
1422 1423 1419
1421 1423 1424
1423 1422 1370
1423 1370 1424
1425 1426 1427
1428 1427 1426
1429 1426 1425
1425 1430 1429
1429 1430 1431
1431 1430 1432
1433 1431 1432
1428 1426 1434
1428 1434 1435
1436 1429 1431
1436 1426 1429
1436 1437 1426
1426 1437 1438
1426 1438 1434
1436 1431 1439
1433 1440 1431
1440 1439 1431
1441 1440 1433
1440 1442 1439
1438 1443 1434
1434 1443 1435
1444 1443 1438
1445 1443 1444
1441 1446 1440
1446 1442 1440
1447 1446 1441
1446 1448 1442
1435 1443 1449
1445 1449 1443
1449 1450 1435
1451 1449 1445
1451 1450 1449
1447 1452 1446
1453 1452 1447
1454 1452 1453
1455 1452 1454
1456 1448 1446
1446 1452 1456
1452 1455 1456
1455 1457 1456
1456 1458 1448
1456 1457 1459
1456 1459 1458
1459 1457 1460
1458 1459 1461
1459 1460 1461
1458 1461 1462
1460 1463 1461
1463 1462 1461
1464 1465 1466
1467 1466 1465
1468 1464 1466
1464 1468 1469
1468 1470 1469
1470 1471 1469
1472 1471 1470
1467 1473 1466
1467 1474 1473
1475 1470 1468
1475 1468 1466
1475 1466 1476
1466 1477 1476
1466 1473 1477
1475 1478 1470
1472 1470 1479
1479 1470 1478
1480 1472 1479
1479 1478 1481
1477 1473 1482
1473 1474 1482
1483 1477 1482
1484 1483 1482
1480 1479 1485
1485 1479 1481
1486 1480 1485
1485 1481 1487
1474 1488 1482
1484 1482 1488
1488 1474 1489
1490 1484 1488
1490 1488 1489
1486 1485 1491
1492 1486 1491
1493 1492 1491
1494 1493 1491
1495 1485 1487
1485 1495 1491
1491 1495 1494
1495 1487 1496
1494 1495 1497
1495 1496 1497
1494 1497 1498
1497 1499 1498
1496 1500 1497
1497 1500 1499
1496 1501 1500
1499 1500 1502
1502 1500 1501
1503 1504 1505
1506 1503 1505
1504 1507 1505
1508 1506 1505
1507 1509 1505
1510 1508 1505
1509 1511 1505
1512 1510 1505
1511 1513 1505
1514 1512 1505
1513 1515 1505
1516 1514 1505
1515 1517 1505
1518 1516 1505
1517 1519 1505
1519 1518 1505
1520 1521 1522
1523 1521 1520
1522 1521 1524
1525 1521 1523
1524 1521 1526
1527 1521 1525
1526 1521 1528
1529 1521 1527
1528 1521 1530
1531 1521 1529
1530 1521 1532
1533 1521 1531
1532 1521 1534
1535 1521 1533
1534 1521 1536
1536 1521 1535
1537 1538 1539
1540 1537 1539
1538 1541 1539
1542 1540 1539
1541 1543 1539
1544 1542 1539
1543 1545 1539
1545 1544 1539
1546 1547 1548
1549 1546 1548
1547 1550 1548
1551 1549 1548
1550 1552 1548
1553 1551 1548
1552 1554 1548
1554 1553 1548
