byte offset: 0
first index: 47634
index count: 5439
topology: trianglelist
format: DXGI_FORMAT_R16_UINT

13113 13114 13115
13116 13114 13117
13118 13119 13120
13120 13121 13122
13123 13124 13125
13126 13124 13127
13128 13129 13130
13130 13131 13132
13133 13134 13135
13136 13137 13138
13139 13140 13141
13142 13143 13144
13145 13146 13147
13147 13148 13149
13147 13150 13151
13147 13151 13152
13152 13151 13153
13152 13153 13154
13151 13155 13153
13153 13155 13156
13153 13157 13154
13153 13158 13157
13157 13158 13159
13153 13160 13158
13161 13160 13153
13158 13162 13159
13159 13162 13163
13164 13165 13166
13167 13166 13168
13169 13166 13167
13170 13166 13169
13171 13170 13169
13171 13172 13170
13173 13171 13169
13174 13171 13173
13175 13172 13171
13175 13171 13176
13177 13175 13176
13178 13177 13176
13176 13171 13179
13179 13171 13180
13181 13177 13182
13183 13184 13185
13186 13187 13188
13189 13190 13191
13191 13192 13193
13191 13194 13195
13191 13195 13196
13196 13195 13197
13196 13197 13198
13195 13199 13197
13197 13199 13200
13197 13201 13198
13197 13202 13201
13201 13202 13203
13197 13204 13202
13205 13204 13197
13202 13206 13203
13203 13206 13207
13208 13209 13210
13211 13210 13212
13213 13210 13211
13214 13210 13213
13215 13214 13213
13215 13216 13214
13217 13215 13213
13218 13215 13217
13219 13216 13215
13219 13215 13220
13221 13219 13220
13222 13221 13220
13220 13215 13223
13223 13215 13224
13225 13221 13226
13227 13228 13229
13230 13231 13232
13233 13234 13235
13236 13237 13238
13239 13240 13241
13242 13243 13244
13245 13246 13247
13248 13249 13250
13251 13252 13253
13254 13255 13256
13257 13258 13259
13257 13259 13260
13257 13260 13261
13262 13261 13260
13262 13260 13263
13264 13262 13263
13264 13263 13265
13266 13264 13265
13261 13262 13267
13267 13262 13264
13257 13261 13268
13261 13267 13268
13257 13268 13269
13270 13257 13269
13266 13271 13264
13267 13264 13271
13272 13267 13271
13272 13273 13267
13266 13274 13271
13272 13271 13274
13266 13275 13274
13272 13274 13275
13272 13275 13276
13277 13272 13276
13277 13278 13272
13272 13279 13273
13279 13269 13273
13280 13279 13277
13279 13281 13269
13280 13281 13279
13281 13282 13269
13283 13281 13280
13284 13285 13286
13284 13287 13285
13284 13288 13287
13289 13287 13288
13289 13290 13287
13291 13290 13289
13291 13292 13290
13293 13292 13291
13288 13294 13289
13294 13291 13289
13284 13295 13288
13288 13295 13294
13284 13296 13295
13297 13296 13284
13293 13291 13298
13294 13298 13291
13299 13298 13294
13299 13294 13300
13293 13298 13301
13299 13301 13298
13293 13301 13302
13299 13302 13301
13299 13303 13302
13304 13303 13299
13304 13299 13305
13299 13300 13306
13306 13300 13296
13307 13304 13306
13306 13296 13308
13307 13306 13308
13308 13296 13309
13310 13307 13308
13311 13312 13313
13313 13312 13314
13314 13312 13315
13315 13312 13316
13317 13312 13318
13319 13312 13317
13320 13312 13319
13321 13312 13320
13322 13323 13324
13324 13323 13325
13326 13327 13328
13328 13327 13329
13330 13331 13332
13333 13331 13330
13334 13335 13336
13337 13335 13334
13338 13339 13340
13340 13339 13341
13341 13339 13342
13341 13342 13343
13344 13343 13342
13341 13343 13345
13345 13343 13346
13346 13343 13347
13347 13343 13344
13344 13342 13348
13344 13348 13349
13349 13348 13350
13350 13348 13351
13342 13351 13348
13342 13352 13351
13342 13353 13352
13342 13354 13353
13353 13354 13355
13355 13354 13356
13357 13354 13342
13356 13358 13357
13357 13342 13359
13357 13359 13360
13360 13359 13361
13362 13363 13364
13362 13365 13363
13366 13363 13365
13366 13365 13367
13366 13367 13368
13366 13368 13369
13367 13370 13368
13367 13371 13370
13371 13372 13370
13371 13373 13372
13374 13373 13371
13374 13375 13373
13376 13375 13374
13376 13377 13375
13367 13378 13371
13367 13379 13378
13380 13378 13379
13380 13381 13378
13382 13383 13372
13382 13384 13383
13384 13385 13383
13382 13386 13384
13382 13387 13386
13388 13386 13387
13388 13387 13389
13384 13390 13385
13390 13369 13385
13390 13391 13369
13392 13391 13390
13392 13393 13391
13394 13393 13392
13394 13395 13393
13384 13396 13390
13384 13397 13396
13398 13396 13397
13398 13399 13396
13400 13401 13402
13400 13403 13401
13401 13403 13404
13404 13403 13405
13404 13405 13406
13407 13408 13405
13407 13409 13408
13409 13407 13410
13410 13407 13411
13410 13411 13412
13413 13414 13415
13413 13415 13416
13416 13417 13413
13416 13418 13417
13418 13419 13417
13418 13420 13419
13420 13421 13419
13420 13422 13421
13423 13421 13422
13423 13424 13421
13425 13424 13423
13425 13426 13424
13424 13426 13427
13424 13427 13428
13421 13424 13429
13419 13421 13430
13421 13429 13430
13417 13419 13431
13419 13430 13431
13417 13431 13432
13413 13417 13432
13433 13431 13430
13432 13431 13433
13413 13432 13434
13434 13435 13413
13434 13436 13435
13434 13432 13437
13432 13433 13437
13434 13437 13438
13438 13439 13434
13438 13440 13439
13438 13441 13440
13437 13442 13438
13438 13442 13441
13433 13443 13437
13437 13443 13442
13441 13442 13444
13441 13444 13445
13442 13443 13446
13442 13446 13444
13433 13447 13443
13443 13448 13446
13443 13447 13448
13447 13433 13449
13433 13430 13449
13430 13450 13449
13430 13429 13450
13429 13451 13450
13429 13452 13451
13447 13449 13453
13448 13447 13453
13454 13453 13449
13454 13455 13453
13454 13456 13455
13454 13457 13456
13448 13458 13446
13446 13458 13459
13446 13459 13444
13444 13459 13460
13444 13460 13461
13448 13462 13458
13462 13448 13463
13448 13453 13463
13462 13463 13464
13453 13465 13463
13465 13464 13463
13453 13466 13465
13465 13467 13464
13466 13468 13465
13468 13467 13465
13466 13469 13468
13468 13470 13467
13471 13472 13473
13474 13473 13472
13474 13475 13473
13474 13476 13475
13474 13477 13476
13476 13477 13478
13478 13477 13479
13479 13477 13480
13480 13477 13474
13480 13474 13481
13480 13481 13482
13482 13481 13483
13484 13474 13472
13484 13472 13485
13485 13472 13486
13484 13487 13474
13488 13487 13484
13489 13487 13488
13490 13487 13489
13491 13487 13490
13491 13474 13487
13491 13492 13474
13493 13492 13491
13494 13492 13493
13495 13496 13497
13495 13498 13496
13499 13500 13496
13499 13501 13500
13501 13498 13502
13501 13502 13503
13498 13504 13502
13498 13505 13504
13502 13504 13506
13502 13506 13507
13508 13502 13507
13508 13507 13509
13507 13506 13510
13511 13507 13510
13512 13513 13514
13512 13514 13515
13516 13512 13515
13516 13515 13517
13518 13519 13512
13518 13512 13520
13520 13512 13521
13522 13518 13520
13520 13521 13523
13522 13520 13524
13524 13520 13523
13522 13524 13525
13524 13523 13526
13524 13526 13527
13528 13529 13530
13528 13530 13531
13532 13530 13533
13532 13533 13534
13534 13535 13531
13534 13536 13535
13531 13535 13537
13531 13537 13538
13535 13539 13537
13536 13540 13535
13535 13540 13539
13536 13541 13540
13540 13542 13539
13543 13542 13540
13544 13545 13546
13544 13547 13545
13548 13547 13544
13548 13549 13547
13550 13544 13551
13550 13552 13544
13552 13553 13544
13554 13552 13550
13552 13555 13553
13554 13556 13552
13556 13555 13552
13554 13557 13556
13556 13558 13555
13556 13559 13558
13560 13561 13562
13560 13562 13563
13562 13564 13563
13562 13565 13564
13566 13564 13567
13567 13568 13566
13568 13567 13569
13570 13566 13568
13570 13571 13566
13572 13566 13571
13573 13566 13572
13573 13574 13567
13573 13572 13575
13576 13575 13572
13572 13577 13576
13571 13570 13578
13577 13572 13579
13571 13578 13580
13581 13580 13578
13581 13582 13580
13571 13580 13583
13582 13583 13580
13572 13571 13584
13584 13571 13583
13572 13585 13579
13585 13572 13584
13586 13584 13583
13586 13585 13584
13579 13585 13587
13579 13587 13588
13589 13588 13587
13585 13590 13587
13585 13586 13590
13591 13589 13587
13587 13590 13591
13589 13591 13592
13593 13592 13591
13592 13593 13594
13590 13595 13591
13593 13591 13595
13586 13583 13596
13590 13586 13597
13586 13596 13597
13590 13597 13598
13590 13598 13595
13598 13597 13599
13596 13599 13597
13583 13600 13596
13582 13600 13583
13595 13598 13601
13598 13599 13601
13602 13593 13595
13595 13601 13602
13596 13603 13599
13600 13603 13596
13604 13600 13582
13605 13604 13582
13605 13606 13604
13600 13607 13603
13604 13607 13600
13601 13599 13608
13609 13599 13603
13599 13609 13608
13610 13609 13603
13607 13610 13603
13610 13611 13609
13611 13608 13609
13610 13607 10886
13611 13610 10886
10886 13607 10883
13604 10883 13607
13611 10886 10887
13604 13612 10883
13604 13613 13612
10883 13612 10885
13614 13611 10887
13611 13614 13608
13614 10887 10888
10890 13614 10888
10890 13608 13614
13608 10890 13615
13601 13608 13615
13602 13601 13615
13616 13615 10890
13602 13615 13616
10890 13617 13616
10890 10891 13617
13602 13616 13618
13602 13618 13593
13617 10891 13619
10891 10896 13619
10896 13620 13619
13620 13617 13619
13617 13621 13616
13616 13621 13618
13622 13620 10896
13622 10896 10897
13623 13621 13617
13620 13623 13617
10897 13624 13622
10897 10905 13624
10905 13625 13624
10905 10926 13625
10938 13625 10926
13625 10938 13626
10939 13626 10938
10939 13627 13626
13628 13626 13627
13628 13629 13626
13629 13628 13630
13623 13620 13631
13632 13620 13622
13632 13631 13620
13633 13622 13624
13622 13633 13632
13634 13624 13625
13633 13624 13634
13623 13631 13635
13635 13621 13623
13634 13625 13636
13637 13636 13629
13637 13634 13636
13625 13638 13636
13638 13629 13636
13629 13630 13639
13637 13629 13639
13630 13640 13639
13640 13637 13639
13630 13641 13640
13635 13642 13621
13635 13643 13642
13642 13618 13621
13618 13642 13643
13644 13640 13641
13644 13641 13645
13618 13643 13646
13618 13646 13593
13593 13646 13647
13593 13647 13648
13649 13646 13643
13649 13643 13650
13643 13651 13650
13651 13643 13652
13651 13652 13653
13635 13652 13643
13653 13652 13654
13635 13654 13652
13635 13631 13654
13655 13654 13631
13655 13631 13632
13656 13654 13655
13656 13653 13657
13656 13655 13658
13659 13658 13655
13660 13655 13632
13660 13659 13655
13660 13632 13633
13660 13661 13659
13633 13662 13660
13634 13662 13633
13660 13663 13661
13660 13662 13663
13663 13664 13661
13634 13665 13662
13637 13665 13634
13662 13665 13666
13662 13666 13663
13666 13665 13637
13663 13667 13664
13663 13666 13667
13664 13667 13668
13667 13669 13668
13666 13637 13670
13640 13670 13637
13671 13666 13670
13671 13670 13640
13671 13667 13666
13671 13640 13644
13667 13672 13669
13667 13671 13672
13669 13672 13673
13672 13674 13673
13675 13671 13644
13675 13672 13671
13675 13676 13672
13672 13676 13677
13644 13678 13675
13644 13679 13678
13680 13678 13679
13681 10751 10752
13681 13682 10751
10751 13682 13683
10751 13683 10750
13683 10430 10750
13684 13682 13681
13684 13683 13682
13684 13681 13685
13686 13684 13685
13686 13687 13684
13688 13687 13686
13683 13689 10430
10424 10430 13689
13684 13690 13683
13690 13684 13687
13688 13691 13687
13691 13688 13692
10424 13689 13693
13693 10421 10424
13694 13689 13683
13694 13683 13690
13694 13693 13689
13690 13687 13695
13691 13695 13687
13691 13692 13696
13697 13696 13692
13697 13698 13696
13699 13694 13690
13699 13690 13695
13691 13700 13695
13696 13700 13691
13696 13698 13701
13702 13701 13698
13702 13703 13701
13704 13699 13695
13704 13695 13700
13705 13694 13699
13704 13705 13699
13696 13706 13700
13706 13696 13701
13703 13707 13701
13703 13708 13707
13709 13707 13708
13709 13710 13707
13701 13707 13711
13707 13710 13711
13701 13711 13706
13711 13710 13712
13706 13713 13700
13711 13713 13706
13713 13704 13700
13711 13712 13713
13713 13714 13704
13704 13714 13705
13712 13715 13713
13714 13713 13715
13712 13716 13715
13716 13717 13715
13717 13714 13715
13717 13718 13714
13714 13719 13705
13714 13720 13719
13719 13721 13705
13705 13721 13694
13694 13721 13693
13719 13722 13721
13693 13721 13722
13720 13723 13719
13693 13722 13724
13693 13724 10421
13723 13720 13725
13718 13726 13725
10421 13724 13727
10421 13727 10420
13728 13727 13724
10420 13727 13729
10420 13729 10417
13728 13730 13727
13730 13728 13731
13731 13723 13730
13727 13732 13729
13727 13730 13732
13733 10417 13729
13732 13733 13729
13733 10416 10417
13733 10413 10416
13723 13734 13730
13732 13730 13734
13732 13735 13733
13735 10413 13733
13732 13734 13735
13734 13723 13736
13725 13736 13723
13735 13737 10413
13737 13738 10413
13737 13739 13738
13734 13740 13735
13737 13735 13740
13736 13740 13734
13739 13737 13741
13737 13740 13741
13739 13741 13742
13743 13742 13741
13725 13744 13736
13726 13744 13725
13736 13745 13740
13745 13741 13740
13744 13745 13736
13743 13741 13746
13745 13746 13741
13747 13743 13746
13726 13748 13744
13726 13749 13748
13749 13750 13748
13750 13751 13748
13752 13746 13745
13747 13746 13752
13744 13753 13745
13748 13753 13744
13752 13745 13753
13751 13754 13748
13748 13754 13753
13751 13755 13754
13756 13754 13755
13747 13752 13757
13753 13757 13752
13753 13754 13757
13756 13757 13754
13758 13747 13757
13758 13757 13756
13759 13760 13761
13759 13761 13762
13763 13759 13762
13763 13762 13764
13765 13766 13763
13765 13767 13766
13768 13766 13767
13768 13767 13769
13770 13768 13769
13770 13771 13768
13770 13772 13771
13773 13772 13770
13774 13772 13773
13774 13773 13775
13776 13774 13775
13777 13775 13778
13778 13775 13779
13780 13777 13778
13778 13779 13781
13782 13778 13781
13780 13778 13782
13782 13781 13783
13780 13782 13784
13784 13782 13783
13784 13783 13785
13785 13786 13784
13785 13787 13786
13788 13785 13783
13783 13789 13788
13783 13790 13789
13790 13779 13791
13790 13791 13789
13789 13791 13792
13789 13792 13793
13788 13789 13793
13793 13792 13794
13793 13794 13795
13795 13794 13764
13788 13793 13796
13796 13793 13795
13788 13797 13785
13797 13788 13796
13798 13787 13785
13798 13785 13797
13795 13764 13799
13796 13795 13800
13800 13795 13799
13797 13796 13801
13800 13801 13796
13764 13802 13799
13764 13803 13802
13802 13803 13761
13802 13761 13804
13805 13797 13801
13805 13798 13797
13798 13805 13806
13802 13807 13799
13800 13799 13807
13808 13802 13804
13802 13808 13807
13808 13804 13809
13800 13810 13801
13805 13801 13810
13811 13800 13807
13811 13810 13800
13807 13808 13812
13808 13809 13812
13807 13812 13811
13809 13813 13812
13813 13811 13812
13813 13809 13814
13815 13810 13811
13813 13815 13811
13816 13815 13813
13813 13814 13817
13813 13817 13816
13814 13818 13817
13819 13816 13817
13805 13810 13820
13815 13820 13810
13821 13805 13820
13821 13822 13805
13820 13815 13823
13821 13820 13823
13819 13824 13816
13824 13819 13825
13816 13826 13815
13826 13823 13815
13827 13823 13826
13826 13816 13828
13827 13826 13828
13829 13828 13816
13824 13829 13816
13829 13827 13828
13824 13830 13829
13824 13825 13830
13829 13831 13827
13830 13831 13829
13832 13821 13823
13827 13833 13823
13832 13823 13833
13834 13821 13832
13834 13822 13821
13835 13832 13833
13835 13834 13832
13836 13833 13827
13835 13833 13836
13831 13837 13827
13836 13827 13837
13836 13838 13835
13837 13839 13836
13836 13839 13838
13840 13837 13831
13837 13840 13839
13830 13841 13831
13840 13831 13841
13835 13842 13834
13838 13842 13835
13822 13834 13843
13834 13842 13844
13834 13844 13843
13822 13843 13845
13845 13798 13822
13798 13845 13846
13798 13846 13787
13847 13787 13846
13787 13847 13848
13849 13848 13847
13848 13849 13850
13851 13847 13846
13851 13852 13847
13852 13849 13853
13845 13854 13846
13854 13851 13846
13855 13845 13843
13855 13854 13845
13856 13843 13844
13856 13855 13843
13857 13851 13854
13858 13854 13855
13858 13857 13854
13859 13858 13855
13859 13855 13856
13851 13860 13852
13857 13860 13851
13857 13858 13861
13861 13858 13859
13860 13857 13862
13857 13861 13862
13852 13860 13863
13860 13862 13863
13852 13863 13864
13849 13852 13864
13849 13864 13865
13849 13865 13850
13863 13862 13866
13864 13863 13867
13866 13867 13863
13868 13865 13864
13864 13867 13868
13868 13869 13865
13850 13865 13869
13862 13861 13870
13862 13870 13866
13867 13871 13868
13871 13869 13868
13850 13869 13872
13872 13869 13873
13871 13873 13869
13872 13873 13874
13874 13873 13875
13874 13875 13876
13873 13871 13877
13877 13875 13873
13867 13878 13871
13878 13877 13871
13879 13867 13866
13879 13878 13867
13880 13866 13870
13880 13879 13866
13881 13878 13879
13878 13881 13877
13881 13879 13882
13879 13880 13882
13881 13883 13877
13881 13882 13883
13876 13875 13884
13876 13884 13885
13877 13886 13875
13883 13886 13877
13875 13886 13887
13884 13875 13887
13883 13888 13886
13888 13887 13886
13883 13882 13889
13888 13883 13889
13888 13890 13887
13889 13890 13888
13882 13880 13891
13882 13891 13889
13885 13884 13892
13885 13892 13893
13887 13894 13884
13890 13894 13887
13892 13895 13893
13895 13896 13893
13895 13892 13897
13884 13898 13892
13894 13898 13884
13899 13897 13892
13898 13899 13892
13900 13897 13899
13900 13899 13901
13900 13902 13897
13902 13900 13903
13901 13903 13900
13904 13902 13903
13898 13905 13899
13899 13905 13901
13906 13905 13898
13894 13906 13898
13901 13905 13906
13904 13903 13907
13908 13904 13907
13907 13909 13908
13908 13909 13910
13906 13894 13911
13894 13890 13911
13912 13911 13890
13889 13912 13890
13913 13912 13889
13913 13889 13891
13912 13914 13911
13914 13912 13913
13906 13911 13915
13915 13911 13914
13916 13913 13891
13891 13880 13916
13917 13906 13915
13901 13906 13917
13917 13918 13901
13918 13917 13915
13880 13919 13916
13870 13919 13880
13918 13920 13901
13901 13920 13903
13921 13903 13920
13918 13921 13920
13921 13922 13903
13921 13909 13922
13870 13923 13919
13923 13870 13861
13923 13861 13924
13925 13923 13924
13861 13859 13924
13859 13925 13924
13859 13926 13925
13926 13859 13856
13926 13856 13927
13927 13856 13844
13927 13844 13928
13842 13928 13844
13929 13926 13927
13928 13929 13927
13842 13930 13928
13838 13930 13842
13930 13931 13928
13928 13931 13929
13929 13932 13926
13932 13925 13926
13933 13930 13838
13930 13933 13931
13934 13929 13931
13932 13929 13934
13933 13838 13935
13935 13838 13839
13933 13936 13931
13934 13931 13936
13937 13933 13935
13933 13937 13936
13839 13938 13935
13937 13935 13938
13937 13939 13936
13934 13936 13939
13839 13940 13938
13840 13940 13839
13941 13937 13938
13937 13941 13939
13941 13938 13942
13938 13940 13942
13840 13943 13940
13943 13840 13841
13944 13940 13943
13944 13942 13940
13945 13941 13942
13939 13941 13945
13943 13841 13946
13944 13943 13946
13947 13946 13841
13830 13947 13841
13947 13948 13946
13949 13942 13944
13945 13942 13949
13944 13946 13950
13950 13946 13948
13951 13949 13944
13951 13944 13950
13939 13945 13952
13952 13953 13939
13934 13939 13953
13952 13954 13953
13955 13934 13953
13956 13955 13953
13932 13934 13955
13956 13953 13957
13952 13958 13957
13945 13959 13952
13952 13959 13958
13945 13949 13960
13945 13960 13959
13955 13961 13932
13932 13961 13925
13960 13949 13962
13951 13962 13949
13963 13959 13960
13960 13962 13963
13955 13964 13961
13956 13964 13955
13965 13925 13961
13964 13965 13961
13963 13966 13959
13966 13958 13959
13962 13967 13963
13967 13966 13963
13956 13968 13964
13964 13968 13965
13965 13969 13925
13925 13969 13923
13970 13923 13969
13970 13919 13923
13969 13965 13971
13969 13971 13970
13965 13968 13972
13965 13972 13971
13973 13971 13972
13974 13919 13970
13974 13916 13919
13975 13970 13971
13973 13975 13971
13975 13974 13970
13972 13968 13976
13956 13976 13968
13977 13916 13974
13977 13913 13916
13974 13975 13978
13974 13978 13977
13977 13979 13913
13914 13913 13979
13980 13979 13977
13980 13977 13978
13981 13914 13979
13981 13979 13980
13915 13914 13981
13975 13982 13978
13975 13973 13982
13978 13983 13980
13978 13982 13983
13981 13984 13915
13918 13915 13984
13985 13981 13980
13985 13980 13983
13981 13985 13984
13983 13986 13985
13984 13985 13986
13982 13987 13983
13983 13987 13986
13988 13918 13984
13918 13988 13921
13988 13984 13989
13984 13986 13989
13988 13990 13921
13989 13990 13988
13990 13991 13921
13986 13992 13989
13989 13992 13990
13993 13991 13990
13993 13910 13991
13993 13990 13994
13994 13990 13992
13986 13995 13992
13995 13986 13987
13982 13996 13987
13973 13996 13982
13994 13992 13997
13997 13992 13995
13995 13987 13998
13998 13987 13996
13997 13995 13999
13999 13995 13998
13998 13996 14000
13973 14001 13996
14000 13996 14001
13999 13998 14002
14002 13998 14000
13999 14002 14003
14002 14000 14004
14004 14003 14002
14003 14004 14005
13999 14003 14006
13997 13999 14006
14004 14000 14007
14000 14001 14007
14008 14007 14001
13973 14009 14001
14008 14001 14009
13973 14010 14009
14008 14009 14010
13973 13972 14010
13972 13976 14010
14008 14010 13976
14011 14006 14003
14011 14003 14005
13997 14006 14012
14012 14006 14011
14004 14007 14013
14005 14004 14013
14014 14013 14007
14014 14007 14008
14005 14013 14014
14008 14015 14014
14008 13976 14016
14008 14016 14015
14016 13976 13956
14016 13956 14017
14015 14016 14017
13956 13957 14017
13957 14018 14017
14015 14017 14018
13957 13958 14018
13958 14015 14018
14019 14014 14015
14005 14014 14019
13958 14020 14015
14019 14015 14020
14021 14005 14019
14020 14021 14019
14022 14020 13958
14020 14022 14021
13966 14022 13958
14023 14022 13966
14023 13966 14024
14025 14023 14024
14026 14022 14023
14021 14022 14026
14021 14027 14005
14027 14011 14005
14028 14027 14021
14028 14011 14027
14028 14021 14029
14026 14023 14030
14025 14030 14023
14028 14031 14011
14012 14011 14031
14026 14032 14028
14026 14030 14032
14031 14028 14032
14012 14031 14033
14031 14032 14033
14034 14032 14030
14025 14034 14030
14034 14033 14032
14012 14033 14035
13997 14012 14035
13997 14035 13994
14034 14036 14033
14036 14034 14037
14035 14033 14038
14037 14034 14039
14034 14025 14039
14038 14037 14040
14041 14039 14025
13994 14035 14042
14035 14038 14042
14038 14040 14042
13994 14042 14043
14040 14043 14042
14040 13910 14043
14025 14044 14041
13967 14044 14025
14044 14045 14041
14045 14046 14041
14045 14047 14046
13967 14048 14044
13962 14048 13967
14049 14048 13962
14049 13962 13951
14050 14044 14048
14049 14050 14048
14044 14051 14045
14044 14050 14051
14045 14052 14047
14045 14051 14052
14053 14049 13951
13950 14053 13951
14049 14054 14050
14051 14050 14054
13950 14055 14053
13950 13948 14055
14053 14056 14049
14049 14056 14054
14054 14056 14057
14058 14053 14055
14058 14056 14053
13948 14058 14055
14057 14056 14058
14051 14054 14059
14059 14054 14057
13948 14060 14058
14060 13948 14061
14051 14059 14062
14051 14062 14052
14057 14058 14063
14060 14063 14058
14060 14061 14064
14064 14061 13830
14064 13830 13825
14060 14065 14063
14064 14065 14060
13825 14066 14064
14064 14066 14065
14065 14067 14063
14067 14057 14063
14059 14057 14068
14062 14059 14068
14068 14057 14069
14069 14057 14067
14062 14068 14070
14069 14070 14068
13825 14071 14066
14072 14071 13825
14066 14073 14065
14065 14073 14067
14066 14074 14073
14074 14066 14071
14075 14067 14073
14074 14075 14073
14076 14069 14067
14076 14067 14075
14070 14077 14062
14062 14077 14052
14069 14078 14070
14078 14069 14076
14072 14079 14071
14074 14071 14080
14080 14071 14079
14074 14081 14075
14076 14075 14082
14081 14082 14075
14074 14083 14081
14080 14083 14074
14081 14084 14082
14083 14084 14081
14076 14082 14085
14084 14085 14082
14078 14076 14086
14076 14085 14086
14078 14086 14087
14085 14087 14086
14080 14088 14083
14080 14079 14089
14088 14080 14089
14083 14090 14084
14088 14090 14083
14084 14091 14085
14084 14090 14092
14084 14092 14091
14088 14093 14090
14093 14092 14090
14088 14089 14094
14094 14093 14088
14079 14095 14089
14095 14094 14089
14091 14096 14085
14085 14096 14087
14092 14097 14091
14091 14097 14096
14079 14098 14095
14072 14098 14079
14094 14099 14093
14093 14100 14092
14099 14100 14093
14095 14101 14094
14099 14094 14101
14092 14102 14097
14100 14102 14092
14098 14103 14095
14103 14101 14095
14072 14104 14098
14072 13818 14104
13818 14072 14105
14106 14098 14104
14098 14106 14103
14106 14104 14107
14099 14101 14108
14109 14108 14101
14103 14110 14101
14109 14111 14108
14112 14108 14111
14111 14110 14113
14113 14110 14103
14111 14113 14114
14115 14103 14106
14113 14103 14115
14107 14116 14106
14115 14106 14116
14108 14117 14099
14099 14117 14100
14112 14118 14108
14108 14118 14117
14112 14119 14118
14114 14113 14120
14120 14113 14115
14107 14121 14116
14107 14122 14121
14123 14115 14116
14120 14115 14123
14123 14116 14121
14117 14124 14100
14100 14124 14102
14121 14125 14123
14120 14123 14125
14114 14120 14126
14126 14127 14114
14121 14122 14128
14121 14128 14125
14122 14129 14128
14122 14130 14129
14128 14129 14131
14128 14131 14125
14125 14131 14132
14120 14125 14133
14125 14132 14133
14126 14120 14133
14133 14132 14134
14133 14134 14135
14126 14133 14135
14135 14134 14136
14137 14126 14135
14126 14137 14127
14135 14136 14138
14137 14135 14138
14136 14139 14138
14139 14137 14138
14136 14140 14139
14139 14140 14141
14139 14142 14137
14139 14141 14143
14144 14143 14141
14145 14139 14143
14144 14145 14143
14145 14142 14139
14146 14145 14144
14146 14147 14145
14142 14145 14147
14142 14147 14148
14148 14149 14142
14148 14127 14149
14127 14148 14112
14127 14112 14150
14127 14150 14151
14152 14144 14153
14152 14153 14154
14155 14154 14153
14155 14156 14154
14155 14157 14156
14157 14158 14156
14159 14147 14160
14159 14160 14161
14157 14162 14163
14157 14164 14162
14165 14162 14164
14165 14166 14162
14166 14132 14167
14166 14167 14168
14169 14168 14167
14169 14170 14168
14130 14170 14169
14130 14171 14170
14172 14173 14160
14172 14146 14173
14174 14175 14173
14176 14175 14174
14177 14173 14175
14177 14178 14173
14179 14173 14178
14180 14178 14177
14181 14179 14178
14180 14181 14178
14181 14182 14179
14183 14180 14177
14183 14177 14175
14184 14181 14180
14183 14184 14180
14184 14185 14181
14185 14186 14181
14179 14186 14112
14186 14187 14112
14112 14187 14119
14186 14188 14187
14185 14188 14186
14189 14187 14188
14189 14119 14187
14188 14185 14190
14188 14190 14189
14185 14184 14191
14185 14191 14190
14183 14192 14184
14191 14184 14192
14193 14183 14175
14193 14192 14183
14194 14193 14175
14176 14194 14175
14176 14195 14194
14196 14195 14176
14194 14197 14193
14194 14195 14197
14193 14198 14192
14197 14198 14193
14196 14199 14195
14196 14200 14199
14191 14192 14201
14201 14192 14198
14202 14197 14195
14199 14202 14195
14199 14200 14203
14202 14199 14204
14199 14203 14204
14200 14205 14203
14205 14200 14206
14205 14206 14207
14208 14205 14207
14203 14205 14208
14207 14209 14208
14204 14203 14210
14203 14208 14210
14209 14211 14208
14212 14211 14209
14210 14208 14213
14208 14211 14213
14204 14210 14214
14214 14210 14213
14204 14215 14202
14204 14214 14216
14215 14204 14216
14214 14213 14217
14216 14214 14217
14215 14218 14202
14197 14202 14218
14197 14218 14219
14197 14219 14198
14220 14198 14219
14220 14219 14218
14220 14221 14198
14201 14198 14221
14222 14201 14221
14222 14191 14201
14222 14223 14191
14223 14190 14191
14223 14224 14190
14224 14189 14190
14224 14225 14189
14119 14189 14225
14119 14225 14226
14227 14119 14226
14227 14226 14117
14117 14226 14124
14228 14226 14225
14228 14124 14226
14225 14224 14229
14225 14229 14228
14224 14223 14230
14224 14230 14229
14231 14124 14228
14231 14102 14124
14231 14097 14102
14232 14229 14230
14232 14230 14233
14233 14234 14223
14233 14223 14222
14235 14228 14229
14235 14231 14228
14232 14235 14229
14231 14236 14097
14237 14231 14235
14237 14236 14231
14235 14232 14238
14235 14238 14237
14232 14233 14239
14239 14238 14232
14240 14233 14222
14239 14233 14240
14241 14097 14236
14241 14096 14097
14242 14236 14237
14242 14241 14236
14096 14241 14243
14096 14243 14087
14237 14238 14244
14237 14244 14242
14245 14241 14242
14245 14243 14241
14246 14242 14244
14246 14245 14242
14247 14244 14238
14246 14244 14247
14239 14248 14238
14247 14238 14248
14239 14240 14249
14248 14239 14249
14250 14087 14243
14243 14245 14251
14243 14251 14250
14250 14252 14087
14078 14087 14252
14252 14250 14253
14253 14250 14251
14254 14078 14252
14252 14253 14254
14254 14070 14078
14254 14255 14070
14254 14253 14255
14070 14255 14077
14256 14251 14245
14256 14245 14246
14257 14255 14253
14077 14255 14257
14258 14253 14251
14258 14251 14256
14257 14253 14258
14259 14256 14246
14256 14260 14258
14256 14259 14260
14258 14261 14257
14258 14260 14261
14262 14077 14257
14257 14261 14262
14259 14246 14263
14263 14246 14247
14077 14262 14264
14077 14264 14052
14263 14247 14265
14263 14265 14266
14248 14265 14247
14248 14267 14265
14266 14265 14267
14248 14249 14267
14268 14267 14249
14266 14267 14268
14269 14052 14264
14269 14047 14052
14269 14270 14047
14270 14271 14047
14269 14272 14270
14273 14272 14269
14264 14273 14269
14264 14274 14273
14262 14274 14264
14268 14249 14275
14275 14249 14240
14262 14276 14274
14261 14276 14262
14261 14277 14276
14260 14277 14261
14274 14276 14278
14278 14276 14277
14260 14279 14277
14279 14260 14259
14274 14278 14280
14280 14278 14281
14280 14282 14274
14278 14277 14283
14277 14279 14283
14281 14278 14283
14284 14283 14279
14279 14259 14285
14279 14285 14284
14285 14259 14263
14285 14263 14286
14284 14285 14286
14263 14266 14286
14281 14283 14287
14284 14287 14283
14281 14287 14288
14284 14288 14287
14281 14288 14289
14284 14286 14290
14266 14290 14286
14284 14290 14291
14284 14291 14292
14266 14293 14290
14293 14291 14290
14294 14293 14266
14294 14266 14268
14289 14292 14295
14292 14291 14295
14293 14296 14291
14296 14293 14294
14297 14295 14291
14296 14297 14291
14298 14294 14268
14298 14268 14275
14289 14295 14299
14297 14299 14295
14298 14275 14300
14275 14240 14300
14301 14300 14240
14240 14222 14301
14222 14221 14301
14221 14300 14301
14221 14220 14300
14302 14300 14220
14302 14298 14300
14220 14218 14302
14302 14303 14298
14302 14218 14303
14298 14303 14294
14218 14215 14303
14303 14304 14294
14304 14303 14215
14296 14294 14304
14304 14215 14216
14296 14304 14216
14296 14216 14297
14216 14217 14297
14297 14217 14305
14297 14305 14299
14217 14213 14305
14306 14299 14305
14289 14299 14306
14213 14307 14305
14307 14213 14211
14308 14306 14305
14308 14289 14306
14305 14307 14308
14307 14211 14309
14212 14309 14211
14309 14212 14310
14212 14311 14310
14311 14312 14310
14307 14309 14313
14307 14313 14314
14308 14307 14314
14314 14313 14315
14313 14312 14315
14315 14308 14314
14289 14308 14316
14315 14316 14308
14289 14316 14281
14317 14315 14312
14316 14315 14317
14312 14318 14317
14281 14316 14319
14316 14317 14319
14280 14281 14319
14317 14280 14319
14317 14320 14280
14320 14317 14318
14280 14320 14282
14282 14320 14318
14282 14318 14272
14321 14322 14323
14324 14322 14321
14324 14321 14325
14325 14326 14324
14324 14326 14327
14328 14324 14327
14328 14327 14329
14329 14330 14328
14329 14331 14330
14331 14332 14330
14331 14333 14332
13896 14334 14333
13896 14333 14335
14336 14337 14338
14336 14338 14339
14339 14338 14340
14340 14338 14341
14341 14342 14340
14342 14341 14343
14344 14343 14341
14344 14345 14343
14346 14345 14344
14346 14347 14345
14347 14346 14348
14347 14348 14349
14348 14350 14349
13850 13780 14351
13850 14351 13786
14352 14353 14354
14352 14354 14355
14355 14354 14356
14357 14356 14354
14353 14358 14354
14357 14354 14358
14359 14358 14353
14360 14358 14359
14357 14358 14361
14360 14361 14358
14357 14361 14362
14363 14361 14360
14362 14361 14363
14364 14365 14366
14364 14366 14367
14367 14366 14368
14369 14366 14365
14368 14366 14370
14369 14370 14366
14368 14370 14371
14372 14371 14370
14373 14370 14369
14372 14370 14373
14373 14369 14374
14372 14373 14375
14375 14373 14374
14376 14377 14378
14376 14378 14379
14379 14378 14380
14381 14380 14378
14377 14382 14378
14381 14378 14382
14383 14382 14377
14384 14382 14383
14381 14382 14385
14384 14385 14382
14381 14385 14386
14387 14385 14384
14386 14385 14387
14388 14389 14390
14388 14390 14391
14391 14390 14392
14393 14390 14389
14392 14390 14394
14393 14394 14390
14392 14394 14395
14396 14395 14394
14397 14394 14393
14396 14394 14397
14397 14393 14398
14396 14397 14399
14399 14397 14398
14400 14401 14402
14400 14402 14403
14403 14402 14404
14405 14404 14402
14401 14406 14402
14405 14402 14406
14407 14406 14401
14408 14406 14407
14405 14406 14409
14408 14409 14406
14405 14409 14410
14411 14409 14408
14410 14409 14411
14412 14413 14414
14412 14414 14415
14415 14414 14416
14417 14414 14413
14416 14414 14418
14417 14418 14414
14416 14418 14419
14420 14419 14418
14421 14418 14417
14420 14418 14421
14421 14417 14422
14420 14421 14423
14423 14421 14422
14424 14425 14426
14424 14426 14427
14427 14426 14428
14429 14428 14426
14425 14430 14426
14429 14426 14430
14431 14430 14425
14432 14430 14431
14429 14430 14433
14432 14433 14430
14429 14433 14434
14435 14433 14432
14434 14433 14435
14436 14437 14438
14436 14438 14439
14439 14438 14440
14441 14438 14437
14440 14438 14442
14441 14442 14438
14440 14442 14443
14444 14443 14442
14445 14442 14441
14444 14442 14445
14445 14441 14446
14444 14445 14447
14447 14445 14446
14448 14449 14450
14451 14449 14448
14450 14449 14452
14453 14449 14451
14452 14449 14454
14454 14449 14453
