byte offset: 0
first index: 37002
index count: 10632
topology: trianglelist
format: DXGI_FORMAT_R16_UINT

10314 10315 10316
10317 10314 10318
10314 10317 10319
10314 10319 10320
10320 10319 10321
10320 10321 10322
10321 10323 10322
10324 10319 10317
10325 10324 10317
10325 10317 10326
10324 10327 10319
10327 10321 10319
10327 10328 10321
10329 10321 10328
10329 10330 10321
10321 10330 10323
10323 10330 10331
10332 10323 10331
10332 10331 10333
10334 10332 10333
10335 10326 10336
10335 10336 10337
10338 10339 10340
10341 10342 10340
10342 10343 10340
10342 10344 10343
10344 10345 10343
10343 10345 10346
10347 10346 10345
10340 10343 10348
10343 10346 10348
10349 10348 10346
10340 10348 10350
10349 10350 10348
10346 10347 10351
10349 10346 10351
10349 10351 10352
10347 10353 10351
10347 10354 10353
10354 10347 10355
10349 10353 10356
10349 10356 10357
10349 10357 10358
10349 10358 10350
10359 10358 10357
10359 10360 10358
10350 10358 10360
10360 10359 10361
10360 10361 10362
10362 10361 10363
10350 10360 10364
10364 10360 10365
10340 10350 10366
10367 10340 10366
10350 10368 10366
10369 10366 10368
10369 10370 10366
10370 10371 10366
10370 10369 10372
10370 10373 10371
10370 10372 10374
10373 10370 10374
10373 10374 10375
10374 10372 10376
10377 10375 10374
10374 10376 10378
10377 10374 10378
10378 10376 10379
10377 10378 10380
10378 10379 10380
10377 10380 10381
10380 10379 10382
10381 10380 10382
10383 10384 10385
10384 10386 10387
10388 10387 10386
10384 10387 10389
10384 10389 10390
10390 10389 10391
10391 10392 10390
10393 10392 10391
10387 10394 10389
10394 10391 10389
10390 10392 10395
10390 10395 10396
10397 10396 10395
10397 10398 10396
10398 10399 10396
10397 10395 10400
10395 10392 10400
10397 10400 10401
10402 10386 10399
10398 10402 10399
10403 10400 10392
10401 10400 10403
10404 10403 10392
10404 10392 10405
10406 10404 10405
10405 10392 10393
10406 10405 10407
10407 10405 10393
10408 10406 10407
10408 10407 10409
10410 10408 10409
10402 10411 10386
10388 10386 10411
10407 10393 10412
10409 10407 10412
10410 10409 10413
10413 10414 10410
10413 10409 10415
10409 10412 10415
10413 10415 10416
10416 10415 10417
10415 10412 10417
10412 10418 10417
10393 10418 10412
10417 10418 10419
10417 10419 10420
10419 10421 10420
10422 10418 10393
10419 10418 10422
10419 10423 10421
10424 10421 10423
10425 10422 10393
10425 10393 10391
10419 10422 10426
10426 10423 10419
10422 10425 10427
10422 10427 10426
10424 10423 10428
10424 10428 10429
10424 10429 10430
10426 10431 10423
10428 10423 10431
10432 10426 10427
10432 10431 10426
10431 10432 10433
10428 10431 10434
10434 10429 10428
10431 10433 10434
10435 10427 10425
10435 10432 10427
10435 10436 10432
10437 10436 10435
10437 10435 10438
10439 10437 10438
10439 10438 10440
10435 10425 10441
10438 10435 10441
10432 10442 10433
10443 10433 10442
10432 10444 10442
10445 10442 10444
10445 10446 10442
10447 10446 10445
10448 10440 10438
10438 10441 10448
10425 10449 10441
10449 10425 10391
10449 10450 10441
10450 10449 10391
10450 10448 10441
10450 10451 10448
10391 10394 10450
10451 10450 10394
10446 10452 10442
10443 10442 10452
10448 10453 10440
10451 10453 10448
10451 10394 10454
10454 10394 10387
10455 10454 10387
10451 10454 10455
10455 10387 10388
10456 10443 10452
10452 10457 10456
10458 10457 10452
10446 10458 10452
10458 10446 10459
10447 10459 10446
10460 10459 10447
10460 10447 10440
10460 10440 10461
10453 10461 10440
10458 10459 10462
10460 10463 10459
10463 10462 10459
10458 10464 10457
10462 10464 10458
10465 10460 10461
10463 10460 10465
10463 10466 10462
10462 10467 10464
10466 10467 10462
10463 10465 10468
10468 10466 10463
10467 10469 10464
10466 10470 10467
10469 10467 10470
10457 10464 10471
10469 10471 10464
10468 10472 10466
10472 10470 10466
10473 10468 10465
10474 10473 10465
10473 10475 10468
10475 10472 10468
10474 10465 10476
10477 10474 10476
10477 10476 10461
10465 10461 10476
10474 10478 10473
10475 10473 10478
10477 10461 10479
10453 10479 10461
10480 10479 10453
10477 10479 10480
10480 10453 10481
10482 10477 10480
10482 10480 10483
10451 10483 10453
10451 10484 10483
10482 10483 10484
10484 10451 10455
10484 10455 10485
10485 10455 10388
10486 10482 10484
10486 10484 10485
10482 10487 10477
10486 10487 10482
10485 10388 10488
10488 10486 10485
10487 10489 10477
10490 10477 10489
10477 10490 10474
10491 10490 10489
10492 10474 10490
10491 10489 10493
10487 10494 10489
10494 10493 10489
10486 10495 10487
10495 10494 10487
10492 10496 10474
10474 10496 10478
10497 10478 10496
10492 10498 10496
10497 10496 10498
10492 10499 10498
10500 10498 10499
10500 10497 10498
10495 10486 10501
10488 10501 10486
10502 10478 10497
10475 10478 10502
10500 10503 10497
10503 10500 10504
10502 10505 10475
10475 10505 10472
10503 10504 10506
10504 10507 10506
10508 10503 10506
10507 10508 10506
10509 10497 10503
10508 10509 10503
10502 10497 10510
10509 10510 10497
10507 10511 10508
10511 10507 10512
10511 10512 10513
10513 10512 10514
10515 10508 10511
10513 10515 10511
10509 10508 10516
10515 10516 10508
10510 10509 10517
10509 10516 10517
10518 10502 10510
10510 10517 10518
10513 10514 10519
10520 10519 10514
10518 10521 10502
10502 10521 10505
10521 10522 10505
10522 10472 10505
10522 10523 10472
10472 10523 10470
10523 10524 10470
10469 10470 10524
10469 10524 10525
10523 10526 10524
10526 10525 10524
10523 10522 10527
10523 10527 10526
10528 10469 10525
10469 10528 10471
10521 10518 10529
10521 10530 10522
10521 10529 10530
10531 10522 10530
10531 10527 10522
10532 10529 10518
10532 10518 10517
10530 10529 10533
10530 10533 10531
10517 10534 10532
10517 10516 10534
10529 10532 10535
10529 10535 10533
10536 10534 10516
10536 10516 10515
10532 10534 10537
10532 10537 10535
10538 10534 10536
10538 10537 10534
10527 10531 10539
10531 10533 10540
10531 10540 10539
10533 10535 10541
10533 10541 10540
10542 10535 10537
10542 10541 10535
10543 10537 10538
10543 10542 10537
10527 10539 10544
10544 10526 10527
10544 10545 10526
10526 10545 10525
10540 10541 10546
10547 10541 10542
10547 10546 10541
10548 10542 10543
10548 10547 10542
10538 10549 10543
10549 10548 10543
10550 10539 10540
10540 10546 10550
10538 10551 10549
10551 10538 10536
10551 10536 10552
10553 10551 10552
10553 10552 10554
10555 10553 10554
10556 10549 10551
10556 10551 10553
10553 10557 10556
10549 10558 10548
10556 10558 10549
10555 10559 10553
10553 10559 10557
10560 10559 10555
10560 10557 10559
10560 10555 10561
10560 10561 10562
10561 10563 10562
10564 10562 10563
10564 10563 10565
10566 10564 10565
10562 10567 10560
10560 10567 10557
10562 10568 10567
10562 10564 10568
10556 10569 10558
10569 10556 10557
10570 10557 10567
10568 10570 10567
10566 10571 10564
10572 10571 10566
10571 10572 10573
10571 10573 10574
10564 10571 10574
10574 10573 10575
10564 10576 10568
10564 10574 10576
10576 10577 10568
10568 10577 10570
10578 10570 10577
10570 10578 10579
10570 10580 10557
10570 10579 10580
10569 10557 10580
10579 10569 10580
10581 10579 10578
10579 10581 10582
10581 10578 10583
10574 10575 10584
10575 10585 10584
10585 10575 10586
10587 10585 10586
10585 10587 10588
10589 10588 10587
10590 10588 10589
10584 10585 10591
10588 10591 10585
10584 10591 10592
10592 10591 10593
10594 10593 10591
10588 10594 10591
10595 10583 10593
10594 10595 10593
10596 10595 10594
10597 10588 10590
10598 10597 10590
10599 10594 10588
10596 10594 10599
10588 10600 10599
10588 10597 10600
10600 10596 10599
10597 10598 10601
10600 10597 10601
10598 10602 10601
10603 10601 10602
10603 10604 10601
10600 10601 10605
10596 10600 10605
10605 10606 10604
10605 10604 10607
10596 10605 10607
10607 10604 10608
10607 10608 10609
10596 10607 10609
10610 10609 10608
10611 10596 10609
10595 10596 10611
10595 10611 10583
10610 10612 10609
10612 10610 10613
10614 10611 10609
10614 10609 10612
10611 10581 10583
10611 10614 10581
10582 10581 10614
10614 10612 10615
10612 10613 10615
10614 10615 10582
10615 10613 10616
10613 10617 10616
10618 10616 10617
10619 10582 10615
10615 10616 10619
10618 10620 10616
10620 10618 10621
10622 10619 10616
10620 10622 10616
10622 10623 10619
10624 10622 10620
10624 10623 10622
10620 10621 10625
10624 10620 10625
10621 10626 10625
10626 10624 10625
10621 10627 10626
10619 10628 10582
10628 10619 10623
10582 10628 10629
10629 10628 10623
10626 10627 10630
10631 10630 10627
10582 10629 10632
10579 10582 10632
10633 10579 10632
10629 10633 10632
10579 10633 10569
10629 10634 10633
10569 10633 10634
10634 10629 10623
10569 10634 10558
10558 10634 10635
10634 10623 10635
10558 10635 10548
10635 10547 10548
10635 10623 10636
10624 10636 10623
10635 10637 10547
10635 10636 10637
10637 10546 10547
10636 10624 10638
10626 10638 10624
10639 10637 10636
10636 10638 10639
10637 10640 10546
10639 10640 10637
10550 10546 10640
10641 10638 10626
10639 10638 10641
10642 10640 10639
10639 10641 10642
10550 10640 10643
10642 10643 10640
10644 10550 10643
10550 10644 10539
10641 10626 10645
10626 10630 10645
10646 10641 10645
10646 10645 10630
10647 10643 10642
10644 10643 10647
10539 10644 10648
10539 10648 10544
10642 10641 10649
10646 10649 10641
10650 10644 10647
10650 10648 10644
10647 10642 10651
10642 10649 10651
10651 10650 10647
10652 10544 10648
10652 10545 10544
10648 10653 10652
10648 10650 10653
10545 10652 10654
10654 10652 10653
10545 10654 10525
10649 10646 10655
10651 10649 10656
10649 10655 10656
10651 10657 10650
10651 10656 10657
10650 10657 10658
10650 10658 10653
10653 10658 10659
10653 10659 10660
10654 10653 10660
10661 10657 10656
10661 10658 10657
10655 10661 10656
10661 10659 10658
10654 10660 10662
10660 10663 10662
10664 10662 10663
10665 10664 10663
10666 10659 10665
10666 10667 10659
10664 10668 10662
10668 10669 10662
10669 10654 10670
10671 10664 10665
10659 10672 10665
10671 10665 10672
10659 10673 10672
10668 10664 10674
10671 10674 10664
10668 10674 10675
10668 10676 10669
10676 10668 10675
10677 10674 10671
10675 10674 10677
10671 10672 10678
10672 10679 10678
10679 10672 10680
10677 10671 10681
10671 10678 10681
10682 10677 10681
10678 10683 10681
10677 10682 10684
10677 10684 10685
10675 10677 10685
10679 10686 10678
10686 10683 10678
10687 10675 10685
10687 10688 10675
10676 10675 10688
10689 10687 10685
10690 10689 10684
10689 10685 10691
10682 10692 10691
10693 10687 10689
10693 10688 10687
10692 10694 10691
10695 10694 10692
10692 10696 10695
10695 10697 10694
10690 10697 10698
10697 10699 10698
10693 10700 10688
10676 10688 10700
10676 10700 10701
10669 10676 10701
10525 10669 10701
10702 10669 10525
10528 10525 10701
10700 10528 10701
10700 10471 10528
10703 10700 10693
10700 10703 10471
10693 10704 10703
10703 10704 10471
10693 10705 10704
10704 10457 10471
10457 10704 10705
10699 10706 10705
10706 10707 10705
10708 10457 10705
10705 10709 10708
10710 10708 10709
10457 10708 10711
10457 10711 10712
10713 10712 10711
10443 10712 10713
10713 10711 10714
10714 10711 10715
10715 10711 10716
10715 10716 10717
10714 10715 10718
10719 10714 10718
10719 10720 10714
10720 10713 10714
10721 10720 10719
10720 10722 10713
10722 10443 10713
10721 10723 10720
10723 10722 10720
10724 10443 10722
10723 10724 10722
10725 10723 10721
10725 10721 10726
10727 10443 10724
10727 10724 10728
10729 10724 10723
10729 10723 10725
10433 10443 10727
10730 10725 10726
10730 10729 10725
10730 10726 10731
10732 10730 10731
10732 10733 10730
10433 10727 10734
10734 10727 10729
10730 10735 10729
10734 10729 10735
10735 10730 10736
10433 10734 10737
10737 10734 10735
10737 10434 10433
10737 10735 10738
10737 10739 10434
10738 10739 10737
10434 10739 10429
10738 10740 10739
10740 10738 10736
10429 10739 10740
10732 10741 10736
10740 10736 10741
10732 10742 10741
10741 10742 10743
10741 10743 10744
10744 10743 10745
10740 10741 10746
10744 10745 10747
10740 10746 10748
10429 10740 10748
10747 10748 10746
10429 10748 10749
10747 10749 10748
10430 10429 10749
10430 10749 10750
10749 10751 10750
10749 10747 10751
10751 10747 10745
10751 10745 10752
10753 10754 10755
10756 10755 10757
10758 10756 10757
10759 10756 10758
10760 10759 10758
10760 10758 10761
10762 10756 10759
10762 10759 10763
10759 10764 10763
10759 10765 10764
10766 10764 10760
10761 10766 10765
10761 10767 10766
10766 10768 10764
10756 10762 10769
10756 10769 10770
10769 10762 10771
10772 10773 10766
10773 10768 10774
10773 10775 10768
10776 10775 10777
10776 10778 10775
10779 10778 10776
10780 10781 10782
10783 10780 10784
10784 10785 10783
10780 10783 10786
10780 10786 10787
10788 10783 10785
10788 10785 10789
10787 10786 10790
10787 10790 10791
10792 10790 10786
10793 10786 10783
10792 10786 10793
10793 10783 10788
10793 10794 10792
10789 10795 10788
10789 10796 10795
10795 10796 10797
10788 10798 10793
10793 10798 10794
10788 10795 10798
10795 10797 10799
10799 10797 10800
10794 10798 10801
10794 10801 10802
10795 10803 10798
10795 10799 10803
10803 10801 10798
10799 10800 10804
10803 10799 10804
10804 10800 10805
10802 10801 10806
10802 10806 10807
10808 10801 10803
10803 10804 10808
10808 10806 10801
10804 10805 10809
10808 10804 10809
10810 10809 10805
10810 10811 10809
10808 10809 10812
10811 10812 10809
10806 10808 10812
10811 10813 10812
10807 10806 10814
10806 10812 10814
10813 10814 10812
10807 10814 10815
10813 10816 10814
10816 10815 10814
10816 10817 10815
10818 10819 10820
10821 10818 10822
10821 10822 10823
10822 10824 10823
10822 10818 10825
10826 10824 10822
10826 10827 10824
10826 10822 10828
10822 10825 10828
10826 10828 10829
10830 10829 10828
10825 10831 10828
10830 10828 10831
10825 10832 10831
10830 10831 10833
10831 10832 10834
10831 10834 10833
10835 10833 10834
10835 10834 10836
10837 10836 10834
10837 10834 10838
10837 10838 10839
10839 10840 10837
10839 10838 10841
10842 10840 10839
10841 10843 10839
10842 10839 10844
10839 10843 10844
10845 10842 10844
10845 10844 10846
10846 10844 10847
10847 10844 10843
10847 10843 10848
10849 10850 10851
10736 10852 10853
10854 10855 10856
10857 10858 10855
10858 10857 10859
10858 10859 10860
10859 10861 10860
10859 10862 10861
10863 10864 10862
10863 10862 10865
10866 10863 10865
10865 10862 10867
10867 10862 10868
10857 10869 10868
10869 10867 10868
10869 10870 10867
10870 10871 10867
10865 10867 10872
10866 10865 10873
10866 10873 10874
10865 10872 10875
10865 10875 10873
10876 10869 10857
10876 10870 10869
10870 10877 10871
10877 10878 10871
10875 10872 10879
10880 10879 10872
10880 10881 10879
10882 10879 10881
10883 10873 10875
10873 10883 10884
10885 10884 10883
10883 10875 10886
10886 10875 10879
10886 10879 10887
10882 10887 10879
10882 10888 10887
10889 10888 10882
10889 10890 10888
10890 10889 10891
10889 10892 10891
10889 10893 10892
10878 10893 10889
10878 10877 10893
10894 10893 10877
10892 10893 10894
10895 10891 10892
10895 10896 10891
10897 10896 10895
10895 10892 10898
10898 10892 10894
10898 10894 10899
10900 10899 10894
10894 10877 10901
10900 10894 10901
10900 10901 10902
10870 10901 10877
10902 10901 10870
10902 10870 10903
10903 10870 10876
10897 10895 10904
10905 10897 10904
10906 10904 10895
10903 10876 10907
10907 10876 10908
10907 10908 10909
10876 10857 10908
10857 10910 10908
10857 10911 10910
10912 10908 10910
10912 10910 10913
10906 10914 10904
10906 10915 10914
10906 10916 10915
10917 10903 10918
10919 10918 10912
10920 10919 10912
10915 10921 10922
10915 10922 10923
10915 10923 10924
10925 10904 10924
10925 10924 10923
10905 10904 10925
10925 10926 10905
10923 10927 10925
10925 10927 10926
10923 10928 10927
10927 10928 10929
10927 10929 10930
10930 10929 10931
10930 10931 10932
10927 10930 10933
10933 10930 10932
10927 10933 10926
10933 10932 10934
10933 10934 10935
10933 10935 10936
10937 10936 10926
10936 10938 10926
10935 10938 10936
10935 10939 10938
10940 10941 10942
10943 10944 10942
10943 10945 10944
10946 10947 10948
10949 10947 10950
10949 10950 10951
10952 10953 10705
10952 10954 10955
10954 10690 10955
10952 10955 10699
10697 10956 10699
10697 10957 10956
10695 10957 10697
10958 10956 10957
10958 10707 10956
10957 10959 10958
10695 10960 10957
10957 10960 10959
10961 10959 10960
10695 10696 10960
10961 10960 10962
10696 10962 10960
10962 10696 10683
10962 10683 10963
10962 10963 10964
10964 10963 10965
10683 10966 10963
10965 10963 10966
10965 10966 10967
10683 10686 10966
10968 10967 10966
10968 10969 10967
10970 10969 10968
10971 10966 10686
10968 10966 10971
10970 10968 10972
10970 10972 10973
10968 10974 10972
10968 10971 10974
10971 10686 10975
10975 10686 10679
10972 10974 10976
10972 10976 10977
10976 10978 10977
10976 10979 10978
10980 10976 10974
10971 10981 10974
10971 10975 10981
10980 10974 10981
10975 10982 10981
10982 10980 10981
10679 10983 10975
10975 10983 10982
10679 10984 10983
10982 10983 10984
10679 10985 10984
10985 10679 10986
10982 10987 10980
10988 10980 10987
10989 10988 10979
10989 10980 10988
10990 10987 10982
10991 10988 10987
10991 10987 10990
10988 10991 10992
10988 10992 10993
10992 10991 10994
10991 10990 10994
10982 10984 10995
10990 10982 10995
10996 10994 10990
10996 10997 10994
10996 10998 10997
10990 10995 10999
10990 10999 10996
10999 10995 10984
10996 11000 10998
10996 10999 11000
11000 11001 10998
11000 11002 11001
11002 11003 11001
11002 11004 11003
11004 10631 11003
11004 10630 10631
11004 11005 10630
11002 11005 11004
10646 10630 11005
10655 10646 11005
11002 11006 11005
11000 11006 11002
10655 11005 11006
11000 10999 11007
11000 11007 11006
11006 11008 10655
11006 11007 11008
10655 11008 10661
11007 10999 11009
10999 10984 11009
11007 11009 11010
10984 11010 11009
11007 11010 11008
10984 10985 11010
11011 10661 11008
11011 11008 11010
10985 11011 11010
10661 11011 10659
10985 11012 11011
10659 11011 11012
11013 11014 11015
11013 11016 11014
11014 11016 11017
11017 11016 11018
11017 11018 11019
11017 11019 11020
11021 11019 11018
11019 11022 11020
11023 11022 11019
11022 11023 11024
11022 11024 11025
11025 11024 11026
11025 11026 11027
11027 11026 11028
11023 11019 11029
11019 11030 11029
11021 11031 11019
11019 11031 11030
11032 11031 11021
11033 11032 11021
11033 11034 11032
11032 11035 11031
11030 11031 11035
11032 11036 11035
11037 11035 11036
11038 11035 11037
11038 11039 11035
11030 11035 11040
11040 11035 11041
11042 11041 11035
11042 11035 11039
11042 11039 11043
11042 11043 11044
11045 11044 11043
11045 11043 11046
11045 11046 11047
11045 11047 11048
11047 11046 11049
11048 11047 11050
11050 11047 11051
11047 11052 11051
11047 11053 11052
11054 11047 11049
11055 11053 11047
11056 11047 11054
11056 11054 11057
11058 11056 11057
11058 11059 11056
11060 11056 11059
11060 11061 11056
11062 11056 11061
11062 11063 11056
11064 11056 11063
11055 11047 11065
11065 11047 11056
11064 11065 11056
11055 11065 11066
11064 11067 11065
11065 11068 11066
11065 11067 11068
11013 11069 11070
11069 11013 11071
11030 11072 11073
11030 11073 11074
11075 11076 11077
11075 11078 11076
11079 11078 11075
11079 11080 11078
11079 11081 11080
11079 11082 11081
11082 11083 11081
11082 11084 11083
11085 11086 11087
11088 11085 11087
11088 11087 11089
11088 11090 11085
11085 11090 11091
11090 11092 11091
11090 11088 11093
11094 11093 11088
11094 11095 11093
11090 11096 11092
11090 11093 11096
11096 11097 11092
11095 11098 11093
11095 11099 11098
11100 11096 11093
11093 11098 11100
11101 11098 11099
11101 11100 11098
11101 11099 11102
11096 11103 11097
11100 11103 11096
11104 11101 11102
11104 11102 11105
11106 11104 11105
11101 11107 11100
11103 11100 11107
11104 11107 11101
11097 11103 11108
11097 11108 11109
11106 11110 11104
11111 11110 11106
11104 11112 11107
11112 11104 11110
11103 11107 11113
11103 11113 11108
11109 11108 11114
11109 11114 11115
11111 11116 11110
11117 11116 11111
11117 11118 11116
11107 11112 11119
11113 11107 11119
11120 11108 11113
11120 11114 11108
11113 11119 11120
11112 11110 11121
11121 11110 11116
11121 11119 11112
11118 11122 11116
11121 11116 11122
11118 11123 11122
11124 11122 11123
11121 11125 11119
11125 11120 11119
11125 11126 11120
11114 11120 11126
11122 11127 11121
11124 11128 11122
11122 11128 11127
11128 11126 11127
11129 11128 11124
11129 11130 11128
11128 11130 11126
11129 11131 11130
11114 11126 11132
11132 11126 11130
11115 11114 11132
11115 11132 11133
11131 11134 11130
11132 11130 11134
11133 11132 11134
11131 11135 11134
11133 11134 11136
11135 11136 11134
11135 11137 11136
11138 11139 11140
11138 11141 11139
11142 11141 11138
11141 11142 11143
11141 11143 11144
11139 11141 11144
11145 11144 11143
11145 11146 11144
11144 11146 11147
11148 11146 11145
11139 11144 11149
11144 11147 11149
11139 11149 11150
11150 11149 11147
11139 11150 11151
11151 11152 11139
11151 11153 11152
11154 11152 11153
11150 11147 11155
11154 11156 11152
11156 11154 11157
11156 11138 11152
11156 11157 11158
11156 11159 11138
11158 11159 11156
11147 11160 11155
11155 11160 11161
11162 11160 11147
11162 11147 11163
11163 11147 11146
11163 11146 11164
11148 11164 11146
11164 11148 11165
11148 11166 11165
11167 11165 11166
11163 11164 11168
11164 11165 11168
11162 11163 11169
11163 11168 11169
11160 11162 11170
11162 11169 11170
11161 11160 11171
11160 11170 11171
11167 11172 11165
11168 11165 11172
11173 11169 11168
11168 11172 11173
11174 11170 11169
11173 11174 11169
11167 11175 11172
11176 11175 11167
11177 11175 11176
11173 11172 11178
11178 11172 11175
11177 11179 11175
11178 11175 11179
11173 11178 11180
11174 11173 11180
11174 11181 11170
11181 11171 11170
11174 11180 11182
11181 11174 11182
11180 11183 11182
11184 11179 11177
11184 11177 11185
11186 11184 11185
11186 11187 11184
11187 11188 11184
11184 11188 11179
11187 11189 11188
11190 11179 11188
11178 11179 11190
11191 11178 11190
11192 11188 11189
11190 11188 11192
11192 11189 11193
11191 11190 11194
11194 11190 11192
11191 11194 11183
11193 11195 11192
11194 11192 11195
11195 11183 11194
11193 11196 11195
11196 11197 11195
11195 11197 11183
11196 11198 11197
11199 11183 11197
11182 11183 11199
11198 11200 11197
11199 11197 11200
11198 11201 11200
11201 11202 11200
11199 11200 11202
11201 11203 11202
11204 11202 11203
11199 11205 11182
11199 11202 11205
11204 11206 11202
11206 11205 11202
11206 11204 11207
11182 11205 11208
11181 11182 11208
11181 11208 11209
11210 11208 11205
11206 11210 11205
11210 11209 11208
11206 11207 11211
11210 11206 11211
11212 11211 11207
11181 11209 11213
11181 11213 11171
11213 11214 11171
11161 11171 11214
11161 11214 11215
11213 11216 11214
11215 11214 11216
11209 11216 11213
11215 11216 11217
11218 11217 11216
11209 11218 11216
11218 11219 11217
11210 11220 11209
11210 11211 11220
11221 11209 11220
11218 11209 11221
11221 11220 11211
11219 11218 11222
11221 11222 11218
11219 11222 11223
11221 11211 11224
11224 11222 11221
11212 11224 11211
11224 11212 11225
11223 11222 11226
11224 11226 11222
11224 11225 11226
11223 11226 11227
11227 11226 11225
11227 11225 11228
11229 11230 11231
11232 11231 11230
11232 11233 11231
11232 11234 11233
11232 11235 11234
11235 11236 11234
11235 11237 11236
11237 11238 11236
11237 11239 11238
11240 11241 11242
11240 11243 11241
11243 11240 11244
11243 11245 11241
11243 11244 11246
11247 11246 11244
11243 11248 11245
11248 11243 11246
11247 11249 11246
11250 11249 11247
11251 11249 11250
11252 11249 11251
11249 11253 11246
11248 11246 11253
11252 11254 11249
11249 11254 11253
11248 11253 11255
11254 11255 11253
11256 11254 11252
11254 11256 11255
11256 11252 11257
11257 11258 11256
11257 11259 11258
11258 11259 11260
11256 11258 11261
11256 11261 11255
11255 11262 11248
11248 11262 11245
11258 11260 11263
11258 11263 11261
11264 11255 11261
11264 11262 11255
11265 11263 11260
11265 11260 11266
11261 11263 11267
11261 11267 11264
11266 11268 11265
11266 11269 11268
11270 11263 11265
11270 11267 11263
11271 11268 11269
11271 11269 11272
11271 11272 11273
11265 11268 11274
11265 11274 11270
11275 11271 11273
11276 11275 11273
11277 11268 11271
11277 11274 11268
11271 11275 11277
11264 11267 11278
11279 11267 11270
11279 11278 11267
11280 11270 11274
11280 11279 11270
11281 11274 11277
11281 11280 11274
11282 11277 11275
11282 11281 11277
11264 11278 11283
11283 11262 11264
11284 11278 11279
11284 11279 11280
11283 11285 11262
11245 11262 11285
11283 11278 11286
11284 11286 11278
11245 11285 11287
11287 11288 11245
11289 11285 11283
11283 11286 11289
11290 11280 11281
11291 11290 11281
11290 11292 11280
11284 11280 11292
11284 11292 11293
11284 11293 11294
11284 11294 11286
11291 11281 11282
11295 11286 11294
11295 11289 11286
11282 11296 11291
11295 11297 11289
11289 11297 11285
11295 11298 11297
11297 11298 11299
11282 11300 11296
11275 11300 11282
11301 11296 11300
11302 11285 11297
11297 11299 11302
11302 11287 11285
11303 11302 11299
11275 11304 11300
11276 11304 11275
11301 11300 11305
11305 11300 11304
11306 11301 11305
11306 11305 11307
11276 11308 11304
11305 11304 11308
11307 11305 11308
11276 11309 11308
11307 11308 11310
11310 11308 11309
11311 11287 11302
11303 11311 11302
11312 11311 11303
11312 11303 11313
11314 11311 11312
11311 11315 11287
11314 11315 11311
11314 11316 11315
11287 11315 11288
11317 11315 11316
11317 11288 11315
11317 11318 11288
11319 11320 11321
11322 11321 11320
11322 11320 11323
11324 11322 11323
11324 11323 11325
11323 11326 11325
11324 11325 11327
11324 11327 11328
11329 11328 11327
11330 11325 11326
11327 11325 11330
11330 11326 11331
11329 11327 11332
11332 11327 11330
11333 11329 11332
11332 11330 11334
11331 11334 11330
11333 11332 11335
11334 11335 11332
11335 11336 11333
11335 11337 11336
11337 11335 11338
11334 11338 11335
11337 11338 11339
11331 11340 11334
11340 11338 11334
11339 11338 11341
11340 11341 11338
11339 11341 11342
11331 11343 11340
11341 11340 11343
11331 11344 11343
11345 11342 11341
11341 11343 11345
11345 11343 11346
11345 11347 11342
11345 11346 11348
11348 11347 11345
11348 11349 11347
11349 11348 11350
11351 11352 11353
11351 11353 11354
11355 11351 11354
11356 11354 11353
11355 11354 11357
11358 11355 11357
11359 11354 11356
11359 11357 11354
11360 11359 11356
11358 11357 11361
11362 11358 11361
11362 11361 11363
11357 11364 11361
11364 11363 11361
11357 11359 11364
11364 11365 11363
11360 11366 11359
11366 11364 11359
11365 11364 11367
11366 11367 11364
11365 11367 11368
11360 11369 11366
11367 11366 11369
11360 11370 11369
11368 11367 11371
11367 11369 11371
11368 11371 11372
11373 11369 11370
11373 11371 11369
11373 11370 11374
11375 11372 11371
11373 11375 11371
11375 11376 11372
11374 11377 11373
11375 11373 11377
11374 11378 11377
11379 11377 11378
11376 11375 11380
11375 11377 11380
11376 11380 11381
11382 11381 11380
11383 11380 11377
11382 11380 11383
11383 11377 11379
11382 11383 11384
11379 11384 11383
11382 11384 11385
11385 11384 11386
11385 11386 11387
11386 11388 11387
11379 11389 11384
11389 11386 11384
11386 11390 11388
11390 11391 11388
11389 11379 11392
11386 11389 11393
11389 11392 11393
11394 11393 11392
11386 11393 11395
11390 11386 11395
11395 11393 11394
11391 11390 11396
11390 11395 11396
11379 11397 11392
11379 11398 11397
11395 11394 11399
11396 11395 11399
11391 11396 11400
11401 11391 11400
11399 11402 11396
11402 11400 11396
11401 11400 11403
11404 11401 11403
11404 11403 11405
11406 11403 11400
11402 11406 11400
11407 11405 11403
11406 11407 11403
11407 11408 11405
11409 11408 11407
11409 11407 11410
11407 11411 11410
11407 11406 11411
11411 11406 11402
11411 11402 11412
11413 11402 11399
11412 11402 11413
11412 11413 11414
11394 11413 11399
11413 11415 11414
11413 11416 11415
11394 11416 11413
11415 11416 11417
11394 11417 11416
11415 11417 11418
11394 11419 11417
11394 11392 11419
11418 11417 11420
11420 11421 11418
11422 11421 11420
11392 11423 11419
11392 11397 11423
11422 11420 11424
11424 11425 11422
11424 11426 11425
11427 11425 11426
11428 11424 11420
11428 11426 11424
11417 11429 11420
11428 11420 11429
11427 11426 11430
11431 11427 11430
11417 11432 11429
11417 11419 11432
11433 11429 11432
11433 11428 11429
11434 11433 11432
11428 11435 11426
11430 11426 11435
11433 11434 11436
11434 11437 11436
11428 11433 11438
11433 11436 11438
11428 11438 11435
11439 11436 11437
11439 11438 11436
11439 11437 11440
11439 11440 11441
11442 11435 11438
11439 11442 11438
11430 11435 11443
11442 11443 11435
11439 11441 11444
11444 11442 11439
11445 11430 11443
11431 11430 11445
11442 11446 11443
11445 11443 11446
11431 11445 11447
11431 11447 11448
11449 11447 11445
11446 11449 11445
11448 11447 11450
11449 11450 11447
11448 11450 11451
11449 11452 11450
11452 11449 11453
11446 11453 11449
11452 11453 11454
11454 11453 11455
11446 11455 11453
11454 11455 11456
11442 11457 11446
11446 11457 11455
11444 11457 11442
11456 11455 11458
11457 11458 11455
11444 11458 11457
11456 11458 11459
11459 11458 11460
11444 11460 11458
11459 11460 11461
11462 11461 11460
11444 11463 11460
11462 11460 11463
11441 11463 11444
11464 11462 11463
11441 11465 11463
11464 11463 11465
11466 11467 11468
11466 11469 11467
11470 11471 11469
11472 11471 11470
11473 11472 11470
11472 11474 11471
11475 11471 11474
11475 11476 11471
11473 11477 11472
11478 11477 11473
11478 11479 11477
11480 11479 11478
11480 11478 11481
11482 11480 11481
11482 11481 11483
11484 11482 11483
11485 11486 11487
11485 11487 11488
11489 11485 11488
11490 11488 11487
11489 11488 11491
11492 11489 11491
11492 11491 11493
11494 11493 11491
11495 11488 11490
11495 11491 11488
11494 11491 11495
11496 11495 11490
11497 11494 11495
11496 11497 11495
11497 11498 11494
11497 11496 11499
11498 11497 11500
11497 11499 11500
11501 11500 11499
11501 11502 11500
11502 11501 11503
11502 11503 11504
11419 11504 11503
11419 11505 11506
11419 11423 11505
11506 11505 11507
11508 11506 11507
11505 11423 11509
11505 11509 11507
11397 11509 11423
11508 11507 11510
11508 11510 11511
11512 11511 11510
11397 11513 11509
11513 11397 11398
11513 11398 11514
11515 11507 11509
11515 11510 11507
11516 11512 11510
11516 11517 11512
11514 11518 11513
11514 11519 11518
11520 11509 11513
11520 11515 11509
11513 11518 11520
11510 11515 11521
11510 11521 11516
11516 11522 11517
11521 11522 11516
11522 11523 11517
11524 11518 11519
11524 11519 11525
11515 11520 11526
11515 11526 11521
11527 11520 11518
11527 11518 11524
11526 11520 11527
11525 11528 11524
11525 11529 11528
11530 11521 11526
11521 11530 11522
11522 11531 11523
11532 11523 11531
11532 11531 11533
11522 11534 11531
11533 11531 11534
11530 11534 11522
11533 11534 11535
11535 11534 11536
11530 11536 11534
11535 11536 11537
11537 11536 11538
11530 11538 11536
11537 11538 11539
11530 11526 11540
11540 11538 11530
11527 11540 11526
11539 11538 11541
11540 11541 11538
11539 11541 11542
11543 11542 11541
11543 11541 11544
11540 11544 11541
11545 11543 11544
11527 11546 11540
11546 11544 11540
11546 11527 11524
11546 11524 11528
11545 11544 11547
11546 11547 11544
11528 11547 11546
11548 11545 11547
11528 11549 11547
11548 11547 11549
11529 11549 11528
11529 11550 11549
11548 11549 11550
11548 11550 11551
11552 11553 11554
11555 11553 11552
11555 11556 11553
11557 11556 11555
11558 11557 11555
11557 11559 11556
11558 11555 11560
11559 11557 11561
11559 11561 11562
11561 11563 11562
11558 11560 11564
11564 11560 11565
11564 11565 11566
11566 11565 11567
11568 11561 11557
11558 11568 11557
11563 11561 11569
11568 11569 11561
11563 11569 11570
11563 11570 11571
11570 11569 11572
11570 11572 11573
11574 11572 11569
11574 11569 11568
11574 11575 11572
11574 11576 11575
11574 11568 11577
11577 11568 11558
11574 11578 11576
11577 11558 11579
11580 11576 11578
11580 11578 11581
11580 11581 11582
11583 11579 11558
11583 11558 11584
11583 11584 11585
11583 11585 11586
11586 11585 11587
11586 11587 11588
11588 11587 11589
11590 11591 11592
11590 11593 11591
11593 11594 11591
11593 11595 11594
11596 11597 11595
11590 11598 11596
11596 11598 11597
11590 11599 11598
11600 11601 11597
11599 11602 11600
11600 11602 11601
11599 11603 11602
11604 11601 11602
11605 11602 11603
11604 11602 11605
11605 11603 11606
11605 11607 11604
11606 11608 11605
11605 11608 11607
11606 11609 11608
11608 11610 11607
11609 11611 11608
11608 11611 11610
11609 11612 11611
11611 11613 11610
11612 11614 11611
11611 11614 11613
11612 11615 11614
11613 11614 11616
11615 11616 11614
11613 11616 11617
11615 11618 11616
11619 11620 11621
11619 11622 11620
11623 11622 11619
11624 11620 11622
11624 11625 11620
11623 11626 11622
11626 11624 11622
11627 11626 11623
11626 11628 11624
11627 11629 11626
11629 11628 11626
11630 11629 11627
11629 11631 11628
11630 11632 11629
11632 11631 11629
11632 11630 11633
11632 11634 11631
11632 11633 11635
11636 11634 11632
11636 11632 11635
11637 11638 11639
11637 11639 11640
11641 11637 11640
11641 11640 11642
11643 11644 11645
11646 11644 11643
11647 11644 11646
11647 11648 11644
11646 11643 11649
11650 11649 11643
11651 11649 11650
11652 11649 11651
11653 11649 11652
11653 11646 11649
11654 11653 11652
11654 11652 11655
11654 11655 11656
11654 11656 11657
11658 11657 11656
11659 11657 11658
11660 11657 11659
11660 11654 11657
11654 11661 11653
11660 11661 11654
11646 11653 11662
11663 11653 11661
11663 11662 11653
11646 11662 11664
11664 11647 11646
11662 11665 11664
11664 11666 11647
11664 11665 11666
11662 11663 11667
11662 11667 11665
11666 11668 11647
11668 11648 11647
11666 11669 11668
11669 11666 11670
11666 11665 11670
11668 11671 11648
11648 11671 11672
11672 11673 11648
11670 11665 11674
11670 11674 11675
11675 11674 11676
11674 11665 11677
11676 11674 11677
11677 11665 11667
11677 11678 11676
11679 11677 11667
11677 11679 11678
11679 11667 11680
11663 11680 11667
11678 11679 11681
11681 11679 11680
11678 11681 11682
11663 11683 11680
11661 11683 11663
11681 11680 11684
11683 11685 11680
11686 11682 11681
11684 11686 11681
11686 11687 11682
11684 11688 11686
11687 11686 11689
11689 11686 11688
11661 11690 11683
11683 11691 11685
11685 11691 11692
11693 11691 11683
11693 11694 11691
11685 11692 11695
11695 11692 11696
11690 11661 11697
11697 11661 11660
11698 11690 11697
11698 11699 11690
11700 11697 11660
11698 11697 11700
11700 11660 11701
11700 11701 11702
11698 11700 11703
11700 11702 11703
11696 11692 11704
11696 11704 11705
11705 11704 11706
11706 11704 11707
11708 11707 11704
11709 11699 11698
11698 11703 11709
11702 11710 11703
11711 11710 11702
11712 11710 11711
11712 11711 11713
11714 11712 11713
11715 11712 11714
11703 11716 11709
11703 11710 11716
11709 11717 11699
11717 11709 11716
11717 11716 11718
11719 11716 11710
11712 11719 11710
11719 11720 11716
11719 11721 11720
11721 11719 11722
11722 11719 11712
11721 11722 11723
11723 11722 11724
11725 11712 11715
11722 11712 11725
11724 11722 11725
11726 11725 11715
11724 11725 11726
11727 11699 11728
11699 11727 11691
11727 11728 11729
11730 11691 11727
11731 11729 11728
11692 11691 11730
11731 11732 11729
11732 11731 11733
11692 11730 11734
11734 11729 11732
11735 11734 11730
11735 11729 11734
11732 11733 11736
11737 11736 11733
11736 11737 11738
11736 11738 11739
11692 11734 11740
11692 11740 11704
11708 11704 11740
11734 11732 11741
11740 11734 11741
11741 11732 11736
11740 11741 11708
11741 11736 11742
11742 11708 11741
11742 11736 11739
11742 11743 11708
11742 11739 11744
11743 11742 11744
11745 11744 11739
11743 11744 11746
11746 11744 11745
11747 11748 11749
11750 11749 11748
11750 11748 11751
11752 11749 11750
11752 11750 11753
11754 11749 11752
11751 11755 11750
11753 11750 11755
11751 11756 11755
11757 11754 11752
11753 11757 11752
11758 11754 11757
11758 11759 11754
11756 11760 11755
11760 11753 11755
11761 11759 11758
11761 11762 11759
11756 11763 11760
11764 11763 11756
11765 11763 11764
11765 11764 11766
11767 11765 11766
11768 11760 11763
11768 11763 11765
11767 11769 11765
11770 11769 11767
11760 11771 11753
11768 11771 11760
11765 11772 11768
11765 11769 11772
11768 11773 11771
11773 11768 11772
11774 11771 11773
11771 11774 11775
11771 11775 11776
11771 11776 11753
11777 11776 11775
11753 11776 11778
11778 11779 11753
11758 11779 11778
11776 11780 11778
11777 11780 11776
11758 11778 11781
11780 11781 11778
11781 11761 11758
11782 11780 11777
11780 11782 11781
11781 11783 11761
11783 11762 11761
11783 11784 11762
11762 11784 11785
11785 11784 11786
11787 11782 11777
11787 11777 11788
11789 11781 11782
11789 11783 11781
11787 11788 11790
11791 11790 11788
11791 11792 11790
11792 11791 11793
11793 11791 11794
11791 11795 11794
11786 11784 11796
11786 11796 11797
11787 11798 11782
11798 11789 11782
11799 11794 11795
11799 11800 11794
11801 11797 11796
11801 11802 11797
11803 11800 11799
11803 11804 11800
11805 11802 11801
11805 11806 11802
11806 11805 11807
11808 11804 11803
11808 11809 11804
11809 11808 11810
11810 11808 11811
11803 11811 11808
11803 11812 11811
11799 11812 11803
11799 11813 11812
11795 11813 11799
11795 11814 11813
11814 11795 11815
11816 11807 11805
11805 11817 11816
11805 11801 11817
11816 11818 11807
11818 11819 11807
11818 11820 11819
11819 11820 11821
11818 11816 11822
11820 11818 11822
11822 11816 11823
11817 11823 11816
11820 11822 11824
11821 11820 11824
11821 11824 11825
11825 11824 11826
11817 11827 11823
11801 11828 11817
11828 11827 11817
11796 11828 11801
11828 11829 11827
11830 11828 11796
11829 11828 11830
11831 11830 11796
11829 11830 11832
11832 11830 11784
11832 11784 11833
11833 11784 11834
11783 11834 11784
11833 11835 11832
11832 11835 11829
11836 11834 11783
11836 11783 11789
11835 11836 11837
11837 11836 11838
11789 11838 11836
11798 11838 11789
11829 11835 11839
11829 11839 11840
11840 11839 11841
11835 11842 11839
11835 11837 11842
11839 11842 11843
11843 11842 11844
11843 11844 11845
11843 11845 11846
11847 11846 11845
11847 11848 11846
11847 11849 11848
11847 11850 11849
11849 11850 11851
11849 11851 11852
11852 11851 11853
11852 11853 11854
11842 11837 11855
11842 11855 11856
11856 11844 11842
11855 11837 11857
11857 11856 11855
11857 11837 11858
11837 11859 11858
11837 11860 11859
11861 11859 11860
11861 11862 11859
11863 11862 11861
11863 11861 11864
11865 11863 11864
11865 11866 11863
11867 11866 11865
11867 11868 11866
11869 11868 11867
11792 11869 11867
11869 11870 11868
11869 11792 11871
11872 11870 11869
11869 11871 11872
11872 11873 11870
11874 11872 11871
11875 11873 11872
11874 11875 11872
11875 11876 11873
11877 11875 11874
11876 11875 11877
11878 11858 11879
11880 11857 11879
11880 11879 11881
11857 11880 11856
11881 11882 11880
11856 11880 11882
11883 11856 11882
11884 11882 11885
11886 11882 11884
11856 11886 11844
11887 11886 11884
11888 11887 11884
11889 11844 11886
11889 11886 11887
11890 11844 11889
11888 11891 11887
11891 11889 11887
11890 11889 11892
11892 11889 11891
11890 11892 11893
11894 11893 11892
11888 11895 11891
11892 11891 11895
11888 11896 11895
11897 11892 11895
11897 11895 11896
11894 11892 11897
11897 11896 11898
11894 11897 11899
11898 11899 11897
11894 11899 11900
11898 11901 11899
11900 11899 11902
11901 11903 11899
11902 11899 11903
11902 11903 11904
11901 11905 11903
11906 11903 11905
11907 11908 11909
11787 11909 11908
11787 11908 11910
11798 11787 11910
11798 11910 11911
11912 11798 11911
11912 11913 11798
11913 11912 11914
11837 11913 11914
11915 11916 11917
11917 11918 11915
11917 11919 11918
11920 11918 11919
11921 11922 11923
11921 11924 11922
11925 11924 11926
11925 11927 11924
11928 11927 11929
11928 11930 11927
11931 11930 11932
11931 11932 11933
11934 11931 11935
11934 11935 11936
11937 11934 11938
11937 11938 11939
11940 11941 11942
11940 11942 11943
11944 11945 11940
11944 11946 11945
11947 11943 11948
11947 11948 11949
11950 11947 11951
11950 11951 11952
11953 11954 11944
11953 11955 11954
11956 11957 11953
11956 11953 11958
11959 11960 11958
11959 11958 11961
11962 11963 11961
11962 11961 11964
11965 11964 11966
11965 11966 11967
11968 11966 11969
11968 11969 11970
11971 11969 11972
11971 11972 11973
11972 11950 11974
11972 11974 11975
11976 11977 11978
11976 11978 11979
11980 11981 11979
11980 11979 11982
11983 11984 11982
11983 11982 11985
11986 11987 11985
11986 11988 11987
11989 11990 11986
11989 11991 11990
11992 11993 11989
11992 11994 11993
11995 11996 11997
11998 11996 11995
11998 11995 11999
12000 11998 11999
12000 11999 12001
12001 12002 12000
12001 12003 12002
12004 12002 12003
12004 12005 12002
12006 12007 12008
12007 12006 12009
12010 12007 12009
12010 12011 12012
12011 12013 12012
12014 12013 12011
12010 12015 12011
12010 12016 12015
12015 12016 12017
12015 12017 12018
12015 12018 12019
12015 12019 12011
12019 12020 12011
12019 12021 12020
12021 12022 12020
12022 12023 12020
12024 12023 12022
12023 12025 12020
12025 12011 12020
12014 12011 12025
12014 12025 12026
12014 12026 12027
12028 12029 12030
12031 12028 12030
12032 12028 12031
12032 12033 12028
12031 12030 12034
12035 12033 12032
12036 12031 12034
12034 12037 12036
12036 12038 12031
12036 12039 12038
12035 12032 12040
12041 12035 12040
12042 12031 12038
12032 12031 12042
12039 12043 12038
12044 12043 12039
12045 12042 12038
12032 12042 12045
12045 12038 12043
12041 12040 12046
12041 12046 12047
12040 12032 12048
12032 12045 12048
12049 12040 12048
12046 12040 12049
12050 12048 12045
12049 12048 12050
12043 12044 12051
12052 12051 12044
12052 12053 12051
12052 12054 12053
12043 12055 12045
12050 12045 12055
12043 12051 12056
12056 12051 12053
12043 12056 12055
12057 12049 12050
12046 12049 12057
12054 12058 12053
12054 12059 12058
12053 12058 12060
12061 12053 12060
12061 12062 12053
12056 12053 12062
12063 12062 12061
12055 12064 12050
12057 12050 12064
12056 12065 12055
12066 12065 12063
12055 12067 12064
12056 12068 12065
12063 12065 12068
12056 12069 12068
12063 12068 12069
12064 12067 12070
12070 12067 12071
12064 12070 12072
12072 12057 12064
12072 12073 12057
12074 12057 12073
12074 12073 12075
12046 12057 12074
12074 12075 12076
12077 12046 12074
12077 12047 12046
12077 12078 12047
12076 12079 12074
12074 12079 12077
12079 12078 12077
12079 12076 12080
12079 12081 12078
12079 12080 12082
12082 12081 12079
12083 12082 12080
12082 12084 12081
12083 12085 12082
12085 12084 12082
12086 12084 12085
12087 12088 12089
12088 12090 12089
12091 12090 12088
12092 12089 12090
12092 12093 12089
12091 12094 12090
12091 12095 12094
12096 12094 12095
12096 12095 12097
12098 12094 12096
12099 12090 12094
12098 12099 12094
12099 12092 12090
12100 12099 12098
12100 12101 12099
12092 12099 12101
12102 12101 12100
12103 12093 12092
12092 12101 12103
12103 12104 12093
12102 12105 12101
12105 12103 12101
12105 12104 12103
12106 12105 12102
12105 12107 12104
12106 12108 12105
12107 12105 12108
12106 12109 12108
12107 12108 12110
12111 12107 12110
12110 12112 12111
12110 12113 12112
12110 12114 12113
12109 12115 12108
12110 12108 12115
12110 12115 12114
12109 12116 12115
12115 12117 12114
12115 12116 12117
12118 12119 12120
12120 12121 12118
12120 12122 12121
12123 12121 12122
12124 12125 12122
12124 12126 12125
12126 12127 12125
12128 12126 12124
12127 12126 12129
12129 12126 12128
12127 12129 12130
12130 12129 12131
12130 12131 12132
12133 12129 12128
12134 12129 12133
12135 12133 12128
12136 12137 12138
12138 12139 12136
12138 12140 12139
12140 12141 12139
12140 12142 12141
12138 12143 12140
12143 12142 12140
12143 12144 12142
12144 12143 12145
12145 12146 12144
12145 12147 12146
12146 12147 12148
12149 12150 12151
12152 12149 12151
12152 12153 12149
12154 12153 12152
12154 12155 12153
12156 12155 12154
12157 12155 12156
12156 12154 12158
12156 12159 12157
12159 12160 12157
12159 12161 12160
12161 12159 12162
12156 12158 12163
12159 12156 12163
12162 12159 12163
12163 12158 12164
12162 12163 12165
12166 12163 12164
12165 12163 12166
12167 12168 12169
12170 12169 12168
12170 12171 12169
12171 12170 12172
12173 12171 12172
12174 12175 12176
12175 12177 12176
12175 12178 12177
12179 12177 12178
12179 12178 12180
12178 12181 12180
12178 12182 12181
12178 12183 12182
12184 12185 12186
12187 12184 12186
12187 12186 12188
12188 12189 12187
12188 12190 12189
12191 12189 12190
12191 12190 12192
12192 12193 12191
12192 12194 12193
12194 12195 12193
12194 12196 12195
12196 12197 12195
12196 12198 12197
12197 12198 12199
12200 12197 12199
12199 12198 12201
12202 12203 12204
12203 12202 12205
12203 12205 12206
12207 12206 12205
12207 12208 12206
12209 12208 12207
12209 12210 12208
12210 12209 12211
12211 12209 12212
12210 12211 12213
12211 12212 12214
12215 12213 12211
12211 12214 12215
12215 12216 12213
12215 12214 12217
12218 12216 12215
12215 12217 12218
12218 12219 12216
12220 12219 12218
12218 12217 12221
12218 12221 12220
12220 12222 12219
12221 12223 12220
12223 12221 12224
12225 12220 12223
12226 12220 12225
12227 12220 12226
12222 12220 12227
12222 12227 12228
12229 12230 12231
12229 12232 12230
12229 12233 12232
12234 12230 12232
12233 12234 12232
12234 12235 12230
12236 12235 12234
12235 12236 12237
12238 12236 12234
12238 12234 12233
12233 12239 12238
12233 12240 12239
12241 12239 12240
12241 12240 12242
12243 12241 12242
12243 12242 12244
12245 12243 12244
12245 12246 12243
12246 12245 12247
12248 12249 12247
12248 12250 12249
12249 12250 12251
12251 12250 12252
12251 12252 12253
12252 12254 12253
12248 12255 12250
12256 12250 12255
12254 12257 12256
12256 12257 12250
12258 12255 12248
12258 12248 12259
12248 12247 12259
12258 12259 12260
12247 12261 12259
12262 12261 12247
12263 12260 12259
12261 12263 12259
12263 12264 12260
12265 12261 12262
12263 12261 12265
12265 12262 12266
12265 12266 12267
12264 12263 12268
12263 12265 12268
12264 12268 12269
12265 12267 12270
12268 12265 12270
12271 12270 12267
12269 12268 12272
12268 12270 12272
12269 12272 12273
12271 12274 12270
12274 12272 12270
12275 12274 12271
12276 12273 12272
12274 12276 12272
12276 12277 12273
12275 12278 12274
12278 12276 12274
12278 12275 12279
12280 12277 12276
12278 12280 12276
12280 12281 12277
12282 12281 12280
12283 12281 12282
12284 12280 12278
12282 12280 12284
12278 12279 12285
12284 12278 12285
12283 12282 12286
12287 12283 12286
12286 12282 12288
12282 12289 12288
12284 12289 12282
12284 12290 12289
12290 12284 12291
12284 12285 12291
12291 12285 12292
12292 12285 12293
12279 12293 12285
12293 12279 12294
12295 12296 12297
12295 12297 12298
12295 12298 12299
12300 12298 12297
12299 12298 12301
12300 12302 12298
12302 12300 12303
12301 12298 12304
12302 12304 12298
12301 12304 12305
12302 12306 12304
12302 12303 12307
12306 12302 12307
12307 12303 12308
12306 12307 12309
12307 12308 12310
12310 12309 12307
12311 12310 12308
12310 12312 12309
12311 12313 12310
12313 12312 12310
12313 12314 12312
12315 12313 12311
12316 12314 12313
12315 12317 12313
12316 12313 12317
12317 12315 12318
12317 12319 12316
12317 12318 12319
12320 12319 12318
12320 12321 12319
12320 12322 12321
12323 12324 12325
12325 12324 12326
12325 12326 12327
12327 12326 12328
12329 12327 12328
12330 12327 12329
12330 12329 12331
12332 12330 12331
12330 12332 12333
12334 12333 12332
12335 12333 12334
12327 12330 12336
12327 12336 12337
12325 12327 12337
12338 12330 12333
12325 12337 12339
12325 12339 12340
12337 12338 12341
12337 12341 12339
12340 12339 12342
12340 12342 12343
10520 12343 12342
12339 12344 12342
12339 12341 12344
10520 12342 12345
12345 12342 12344
10520 12345 10519
12346 12341 12338
12338 12333 12346
12345 12347 10519
10513 10519 12347
12346 12348 12341
12344 12341 12348
12349 12346 12333
12349 12348 12346
12345 12344 12350
12345 12350 12347
12344 12348 12351
12350 12344 12351
10513 12347 12352
10513 12352 10515
12353 12347 12350
12350 12351 12353
12351 12348 12354
12349 12354 12348
12347 12355 12352
12353 12355 12347
10515 12352 12356
12355 12356 12352
10515 12356 10536
12356 12355 12357
12358 12357 12355
12358 12355 12353
12358 12359 12357
12358 12360 12359
12353 12351 12361
12353 12361 12358
12358 12361 12360
12351 12354 12361
12362 12360 12361
12362 12361 12354
12363 12362 12354
12363 12354 12349
12349 12364 12363
12349 12365 12364
12349 12333 12365
12365 12333 12335
12365 12335 12366
12367 12365 12366
12365 12367 12364
12364 12367 12368
12369 12370 12371
12369 12372 12370
12370 12372 12373
12372 12374 12373
12372 12375 12374
12376 12375 12372
12376 12377 12375
12378 12377 12376
12378 12376 12379
12376 12372 12380
12381 12380 12372
12381 12382 12369
12376 12383 12379
12376 12380 12383
12383 12384 12379
12385 12384 12383
12383 12380 12386
12383 12386 12385
12381 12386 12387
12381 12388 12386
12389 12386 12388
12390 12385 12386
12390 12386 12389
12390 12389 12391
12390 12391 12392
12393 12392 12391
12393 12391 12394
12395 12393 12394
12395 12396 12397
12396 12398 12397
12396 12399 12398
12398 12399 12400
12398 12400 12401
12401 12400 12402
12401 12402 12403
12403 12402 12404
12400 12405 12402
12404 12402 12405
12403 12404 12406
12404 12405 12407
12404 12408 12406
12409 12404 12407
12409 12407 12410
12404 12411 12408
12411 12404 12409
12412 12408 12411
12412 12411 12413
12413 12411 12414
12414 12411 12415
12415 12411 12409
12415 12409 12416
12409 12417 12416
12417 12409 12410
12417 12410 12418
12419 12420 12421
12422 12421 12420
12422 12423 12421
12423 12422 12424
12423 12424 12425
12426 12424 12427
12426 12427 12428
12427 12429 12428
12427 12430 12429
12429 12430 12431
12432 12426 12428
12432 12428 12429
12429 12431 12433
12434 12429 12433
12433 12431 12435
12434 12433 12435
12435 12431 12436
12434 12435 12437
12434 12437 12438
12434 12438 12439
12434 12440 12429
12432 12429 12440
12434 12439 12441
12434 12441 12440
12442 12441 12439
12442 12443 12441
12443 12440 12441
12444 12443 12442
12443 12444 12445
12443 12446 12440
12446 12443 12445
12432 12440 12446
12446 12445 12447
12447 12448 12446
12446 12448 12449
12432 12446 12449
12449 12448 12450
12449 12450 12451
12449 12452 12432
12432 12452 12426
12453 12449 12451
12449 12453 12452
12453 12451 12454
12455 12453 12454
12426 12452 12456
12456 12452 12453
12456 12453 12455
12426 12456 12457
12455 12458 12456
12457 12456 12458
12455 12459 12458
12457 12458 12460
12461 12458 12459
12462 12460 12458
12461 12462 12458
12462 12463 12460
12464 12462 12461
12465 12463 12462
12464 12465 12462
12465 12464 12466
12467 12468 12469
12467 12469 12470
12470 12471 12467
12470 12469 12472
12470 12473 12471
12473 12474 12471
12474 12473 12475
12470 12472 12476
12473 12470 12476
12475 12473 12476
12477 12476 12472
12475 12476 12478
12476 12477 12479
12476 12479 12478
12480 12481 12482
12483 12482 12481
12483 12481 12484
12483 12484 12485
12483 12485 12486
12487 12482 12483
12487 12483 12486
12487 12486 12488
12487 12489 12482
12488 12490 12487
12490 12489 12487
12488 12491 12490
12492 12490 12491
12492 12493 12490
12493 12492 12494
12490 12495 12489
12493 12495 12490
12493 12494 12496
12497 12496 12494
12497 12498 12496
12498 12499 12496
12493 12496 12499
12499 12498 12500
12499 12500 12501
12493 12499 12502
12502 12499 12501
12493 12502 12495
12502 12501 12503
12502 12503 12504
12502 12504 12505
12495 12502 12505
12504 12506 12505
12507 12506 12504
12508 12495 12505
12505 12506 12508
12509 12506 12507
12509 12507 12510
12508 12511 12495
12495 12511 12489
12512 12508 12506
12511 12508 12512
12512 12506 12509
12511 12512 12513
12514 12509 12510
12514 12510 12515
12513 12512 12516
12513 12516 12517
12518 12517 12516
12519 12512 12509
12519 12509 12514
12516 12512 12519
12518 12516 12520
12520 12516 12519
12520 12519 12521
12521 12519 12522
12514 12522 12519
12522 12514 12515
12522 12515 12523
12524 12518 12525
12524 12525 12526
12526 12527 12524
12489 12527 12526
12489 12528 12527
12529 12530 12531
12532 12530 12529
12532 12529 12533
12534 12535 12536
12534 12536 12537
12534 12537 10401
12534 10401 12538
12539 10401 12537
12536 12539 12537
12539 12540 10401
12536 12541 12539
12542 12540 12539
12536 12543 12541
12542 10398 12540
12544 12541 12543
12544 12545 12541
12546 12544 12543
12547 10398 12542
12547 10402 10398
12542 12545 12548
12544 12548 12545
12542 12548 12549
12542 12549 12547
12550 12547 12549
12551 10402 12547
12550 12551 12547
12551 10411 10402
12549 12548 12552
12552 12548 12544
12552 12550 12549
12553 12552 12544
12546 12553 12544
12552 12553 12550
10411 12551 12554
10388 10411 12554
12551 12550 12555
12551 12555 12554
12556 12555 12550
10388 12554 12557
10388 12557 10488
12558 12554 12555
12558 12557 12554
10488 12557 12559
10488 12559 10501
12556 12550 12560
12561 12560 12550
12562 12560 12561
12562 12556 12560
12562 12561 12546
12562 12546 12563
12562 12564 12556
12565 12556 12564
12566 12556 12565
12567 12556 12566
12567 12555 12556
12567 12566 12568
12567 12558 12555
12558 12567 12568
12558 12568 12569
12557 12558 12569
12570 12569 12568
12570 12571 12569
12557 12569 12559
12571 12559 12569
12571 12572 12559
12573 12559 12572
12573 10501 12559
10495 10501 12573
12573 12572 12574
12575 10495 12573
12575 12573 12574
10495 12575 10494
12576 12575 12574
12576 10494 12575
12576 12574 12577
12578 12576 12577
12576 12579 10494
12579 12576 12578
10494 12579 10493
12579 12578 12580
12581 12580 12578
12579 12582 10493
12579 12580 12582
12582 12583 10493
12582 12584 12583
12585 12584 12582
12585 12582 12586
12580 12586 12582
12586 12587 12585
12588 12580 12581
12580 12588 12586
12589 12588 12581
12586 12590 12587
12588 12590 12586
12591 12587 12590
12589 12592 12588
12588 12592 12590
12591 12590 12593
12593 12590 12592
12593 12594 12591
12593 12595 12594
12595 12593 12596
12593 12592 12596
12596 12597 12595
12596 12598 12597
12599 12598 12596
12600 12592 12589
12600 12596 12592
12599 12596 12600
12589 12601 12600
12600 12602 12599
12600 12601 12602
10909 12603 12604
10909 12604 12605
10583 12606 12607
10583 12607 12608
12609 12608 12607
12609 12610 12608
10574 12610 12609
10574 12611 12610
12612 12613 12614
12613 12615 12614
12613 12616 12615
12616 12617 12615
12616 12618 12617
12619 12617 12618
12619 12620 12617
12615 12617 12621
12622 12617 12620
12622 12621 12617
12622 12623 12621
12622 12624 12623
12621 12623 12625
12614 12626 12625
12621 12625 12626
12614 12627 12626
12621 12626 12627
12628 12629 12630
12628 12631 12629
12628 12632 12631
12629 12631 12633
12633 12634 12629
12635 12634 12633
12636 12631 12632
12633 12631 12636
12637 12636 12632
12635 12633 12638
12633 12636 12638
12639 12635 12638
12639 12638 12640
12636 12640 12638
12636 12641 12640
12641 12636 12637
12641 12637 12642
12643 12644 12645
12643 12645 12646
12647 12643 12646
12646 12645 12648
12647 12646 12649
12646 12648 12650
12649 12646 12650
12649 12650 12651
12652 12650 12648
12652 12651 12650
12652 12653 12654
12652 12655 12653
12653 12656 12654
12655 12657 12653
12653 12657 12656
12657 12658 12656
12655 12659 12657
12657 12660 12658
12659 12660 12657
12659 12661 12660
12662 12663 12664
12662 12664 12665
12666 12662 12665
12665 12664 12667
12666 12665 12668
12669 12666 12668
12665 12667 12670
12668 12665 12670
12671 12670 12667
12669 12668 12672
12673 12669 12672
12671 12674 12670
12674 12671 12675
12668 12670 12676
12674 12676 12670
12672 12668 12676
12675 12677 12674
12677 12676 12674
12676 12677 12678
12672 12676 12678
12673 12672 12679
12679 12672 12678
12680 12673 12679
12680 12681 12673
12682 12680 12679
12682 12679 12683
12679 12678 12683
12684 12682 12683
12685 12683 12678
12685 12686 12675
12685 12678 12686
12687 12688 12689
12687 12689 12690
12691 12687 12690
12692 12690 12689
12692 12689 12693
12691 12690 12694
12694 12690 12692
12695 12691 12694
12695 12694 12696
12692 12696 12694
12695 12696 12697
12696 12698 12697
12693 12699 12692
12692 12699 12696
12696 12699 12698
12693 12700 12699
12699 12701 12698
12699 12700 12701
12702 12703 12704
12702 12704 12705
12706 12702 12705
12704 12707 12705
12704 12708 12707
12707 12708 12709
12707 12709 12710
12711 12710 12709
12712 12710 12711
12712 12713 12710
12714 12710 12713
12706 12705 12715
12716 12706 12715
12705 12707 12717
12705 12717 12715
12717 12707 12710
12716 12715 12717
12714 12718 12710
12717 12710 12718
12716 12717 12718
12718 12714 12719
12719 12716 12718
12720 12716 12719
12721 12722 12723
12721 12723 12724
12724 12723 12725
12726 12721 12724
12724 12725 12727
12726 12724 12728
12728 12724 12727
12729 12726 12728
12728 12727 12730
12729 12728 12730
12731 12732 12733
12731 12733 12734
12734 12733 12735
12736 12731 12734
12734 12735 12737
12736 12734 12738
12738 12734 12737
12739 12736 12738
12738 12737 12740
12739 12738 12740
12741 12742 10696
12741 10696 12743
12741 12743 12744
12745 12746 12747
12746 12748 12747
12749 12748 12746
12750 12749 12746
12751 12752 12753
12751 12753 12754
12755 12756 12757
12755 12758 12756
12759 12756 12758
12760 12761 12755
12760 12762 12761
12762 12763 12761
12762 12764 12763
12764 12765 12763
12764 12766 12765
12767 12765 12766
12767 12766 12768
12769 12770 12771
12769 12772 12770
12773 12772 12769
12773 12769 12774
12775 12774 12769
12775 12769 12776
12775 12776 12777
12775 12777 12778
12775 12778 12779
12775 12780 12774
12779 12780 12775
12781 12779 12778
12781 12778 12782
12783 12781 12782
12784 12779 12781
12779 12784 12780
12785 12781 12783
12784 12781 12785
12785 12783 12786
12787 12786 12783
12787 12788 12786
12786 12788 12789
12786 12789 12790
12791 12785 12786
12791 12786 12790
12784 12785 12791
12791 12790 12792
12793 12791 12792
12793 12784 12791
12793 12792 12794
12784 12793 12795
12794 12795 12793
12784 12795 12780
12794 12796 12795
12780 12795 12797
12780 12797 12774
12795 12798 12797
12795 12799 12798
12800 12798 12799
12800 12799 12801
12802 12774 12797
12802 12773 12774
12803 12802 12797
12803 12797 12804
12805 12803 12804
12805 12804 12806
12802 12807 12773
12807 12772 12773
12808 12807 12802
12809 12808 12802
12809 12802 12810
12811 12809 12810
12811 12812 12809
12808 12813 12807
12807 12814 12772
12814 12807 12813
12772 12814 12815
12772 12815 12816
12814 12813 12817
12814 12817 12818
12814 12818 12819
12817 12813 12820
12817 12820 12821
12821 12822 12817
12821 12823 12822
12813 12824 12820
12813 12825 12824
12826 12820 12824
12826 12824 12827
12828 12827 12824
12829 12824 12825
12828 12824 12829
12829 12825 12809
12830 12828 12829
12830 12831 12828
12832 12829 12809
12832 12809 12833
12834 12820 12835
12834 12835 12836
12837 12834 12836
12837 12836 12838
12835 12839 12840
12835 12840 12841
12842 12840 12839
12842 12843 12840
12844 12843 12842
12844 12842 12845
12843 12846 12840
12843 12847 12846
12848 12840 12846
12848 12841 12840
12849 12847 12843
12849 12850 12847
12851 12841 12848
12851 12852 12841
12852 12851 12853
12852 12853 12854
12855 12851 12848
12855 12856 12851
12855 12857 12856
12855 12848 12858
12859 12858 12848
12847 12860 12859
12859 12860 12858
12858 12861 12855
12861 12862 12855
12861 12863 12862
12847 12864 12860
12865 12864 12847
12865 12847 12866
12858 12867 12861
12860 12867 12858
12867 12868 12861
12868 12869 12861
12868 12870 12869
12860 12871 12867
12867 12871 12868
12860 12872 12871
12873 12872 12860
12874 12868 12871
12874 12875 12868
12874 12876 12875
12874 12877 12876
12873 12878 12872
12879 12878 12873
12879 12880 12878
12874 12871 12881
12881 12871 12872
12874 12882 12877
12882 12874 12881
12881 12872 12883
12883 12872 12884
12885 12877 12882
12885 12886 12877
12887 12886 12885
12882 12881 12888
12888 12885 12882
12888 12881 12883
12883 12884 12889
12890 12889 12884
12890 12891 12889
12892 12887 12885
12888 12892 12885
12892 12893 12887
12894 12887 12893
12894 12893 12895
12893 12896 12895
12893 12897 12896
12898 12893 12892
12898 12897 12893
12888 12898 12892
12898 12899 12897
12900 12898 12888
12900 12899 12898
12888 12883 12900
12900 12901 12899
12901 12900 12883
12901 12883 12902
12903 12904 12902
12903 12905 12904
12906 12907 12908
12906 12796 12907
12909 12910 12911
12909 12911 12912
12913 12914 12915
12913 12916 12914
12917 12916 12913
12917 12913 12918
12914 12916 12919
12914 12919 12920
12916 12917 12921
12916 12921 12919
12920 12919 12922
12920 12922 12923
12924 12923 12922
12917 12925 12921
12925 12917 12926
12919 12921 12927
12919 12927 12922
12921 12928 12927
12925 12929 12921
12921 12929 12928
12930 12929 12925
12930 12928 12929
12930 12925 12931
12930 12932 12928
12933 12922 12927
12933 12927 12928
12933 12934 12922
12924 12922 12935
12936 12928 12932
12932 12937 12936
12936 12937 12938
12939 12924 12935
12939 12940 12924
12941 12940 12939
12941 12939 12942
12942 12939 12935
12942 12935 12933
12943 12933 12928
12936 12943 12928
12933 12943 12944
12933 12944 12945
12946 12945 12944
12946 12947 12945
12948 12947 12946
12949 12948 12946
12946 12950 12949
12946 12951 12950
12943 12936 12952
12943 12952 12953
12953 12952 12951
12953 12951 12954
12936 12938 12952
12951 12952 12938
12951 12938 12955
12950 12951 12955
12950 12955 12956
12957 12958 12959
12959 12958 12960
12961 12959 12960
12962 12959 12961
12963 12964 12965
12963 12965 12966
12967 12968 12969
12967 12969 12970
12971 12970 12969
12972 12967 12973
12972 12973 12974
12974 12973 12975
12974 12975 12976
12976 12975 12977
12976 12977 12978
12979 12978 12977
12979 12980 12978
12981 12982 12983
12981 12983 12984
12984 12983 12826
12984 12826 12841
12985 12986 12987
12985 12987 12988
12989 12990 12991
12989 12991 12992
12993 12989 12992
12993 12994 12989
12995 12994 12993
12991 12996 12992
12991 12997 12996
12992 12998 12993
12993 12998 12995
12992 12996 12998
12997 12999 12996
12997 13000 12999
13001 12999 13000
12996 13002 12998
12996 12999 13002
12998 13002 13003
12995 12998 13004
12998 13003 13004
13005 12995 13004
13005 13004 13003
13005 13006 12995
13005 13003 13007
13008 13002 12999
13008 13003 13002
13008 12999 13009
13001 13010 12999
13011 13007 13003
13007 13011 13012
13011 13013 13012
13014 13010 13001
13014 13001 13015
13016 13014 13015
13016 13017 13014
13017 13010 13014
13017 13008 13010
13018 13003 13008
13011 13003 13018
13008 13019 13018
13008 13020 13019
13021 13019 13020
13021 13020 13022
13023 13021 13022
13024 13021 13023
13021 13024 13025
13021 13025 13026
13018 13027 13011
13018 13028 13027
13028 13026 13027
13028 13029 13026
13011 13027 13013
13026 13013 13027
13026 13030 13013
13025 13030 13026
13025 13031 13030
13032 13033 13034
13034 13033 13035
13032 13036 13033
13035 13033 13036
13037 13036 13032
13035 13036 11671
13038 13036 13037
11671 13036 13038
13038 13037 13039
11671 13038 11672
13038 13039 13040
13040 11672 13038
13041 13040 13039
13041 13039 13042
13043 13041 13042
13044 13041 13043
13045 13041 13044
13046 13041 13045
13046 13040 13041
13046 13047 13040
13040 13047 11672
13046 13048 13047
11672 13047 13048
13046 13049 13048
13050 11672 13048
11643 11672 13050
11643 13050 13051
13052 13048 13049
13052 13050 13048
13052 13049 13053
13051 13050 13054
13052 13054 13050
13051 13054 13055
13055 13054 13052
13051 13055 13056
13057 13052 13053
13055 13052 13057
13057 13053 13058
13059 13056 13055
13059 13055 13057
13059 13060 13056
13060 13059 13061
13062 13057 13058
13059 13057 13062
13062 13058 13063
13062 13063 13064
13065 13059 13062
13062 13064 13065
13065 13061 13059
13065 13064 13066
13067 13061 13065
13065 13066 13067
13067 13068 13061
13069 13067 13066
13068 13067 13070
13070 13067 13069
13071 13072 13073
13073 13072 13074
13075 13074 13072
13075 13076 13074
13075 13077 13076
13071 13078 13072
13072 13078 13075
13079 13078 13071
13079 13080 13078
13075 13078 13080
13081 13075 13080
13082 13080 13079
13080 13082 13083
13084 13080 13083
13084 13081 13080
13085 13081 13084
13081 13085 13086
13075 13087 13077
13081 13087 13075
13087 13088 13077
13089 13087 13081
13087 13089 13088
13081 13086 13090
13089 13081 13090
13086 13091 13090
13092 13091 13086
11773 13091 13092
13090 13093 13089
13090 13091 13093
13091 11773 13093
13089 13093 13088
11773 11772 13093
13094 13093 11772
13094 13088 13093
13094 11772 11769
13095 13088 13094
13095 13096 13088
13094 11769 13097
11770 13097 11769
13098 13094 13097
11770 13098 13097
13098 13095 13094
13099 13098 11770
13098 13099 13100
13100 13095 13098
13100 13099 13101
13102 13096 13095
13100 13102 13095
13102 13103 13096
13100 13101 13104
13100 13104 13102
13103 13102 13104
13104 13105 13103
13106 13104 13101
13104 13107 13105
13106 13107 13104
13107 13108 13105
13109 13107 13106
13109 13108 13107
13109 13106 13110
13108 13109 13111
13112 13109 13110
13111 13109 13112
