byte offset: 0
first index: 37002
index count: 16071
topology: trianglelist
format: DXGI_FORMAT_R16_UINT

10316 10317 10318
10319 10317 10320
10321 10322 10323
10323 10324 10325
10326 10327 10328
10329 10327 10330
10331 10332 10333
10333 10334 10335
10336 10337 10338
10339 10340 10341
10342 10343 10344
10345 10346 10347
10348 10349 10350
10350 10351 10352
10350 10353 10354
10350 10354 10355
10355 10354 10356
10355 10356 10357
10354 10358 10356
10356 10358 10359
10356 10360 10357
10356 10361 10360
10360 10361 10362
10356 10363 10361
10364 10363 10356
10361 10365 10362
10362 10365 10366
10367 10368 10369
10370 10369 10371
10372 10369 10370
10373 10369 10372
10374 10373 10372
10374 10375 10373
10376 10374 10372
10377 10374 10376
10378 10375 10374
10378 10374 10379
10380 10378 10379
10381 10380 10379
10379 10374 10382
10382 10374 10383
10384 10380 10385
10386 10387 10388
10389 10390 10391
10392 10393 10394
10394 10395 10396
10394 10397 10398
10394 10398 10399
10399 10398 10400
10399 10400 10401
10398 10402 10400
10400 10402 10403
10400 10404 10401
10400 10405 10404
10404 10405 10406
10400 10407 10405
10408 10407 10400
10405 10409 10406
10406 10409 10410
10411 10412 10413
10414 10413 10415
10416 10413 10414
10417 10413 10416
10418 10417 10416
10418 10419 10417
10420 10418 10416
10421 10418 10420
10422 10419 10418
10422 10418 10423
10424 10422 10423
10425 10424 10423
10423 10418 10426
10426 10418 10427
10428 10424 10429
10430 10431 10432
10433 10434 10435
10436 10437 10438
10439 10440 10441
10442 10443 10444
10445 10446 10447
10448 10449 10450
10451 10452 10453
10454 10455 10456
10457 10458 10459
10460 10461 10462
10463 10460 10464
10460 10463 10465
10460 10465 10466
10466 10465 10467
10466 10467 10468
10467 10469 10468
10470 10465 10463
10471 10470 10463
10471 10463 10472
10470 10473 10465
10473 10467 10465
10473 10474 10467
10475 10467 10474
10475 10476 10467
10467 10476 10469
10469 10476 10477
10478 10469 10477
10478 10477 10479
10480 10478 10479
10481 10472 10482
10481 10482 10483
10484 10485 10486
10487 10488 10486
10488 10489 10486
10488 10490 10489
10490 10491 10489
10489 10491 10492
10493 10492 10491
10486 10489 10494
10489 10492 10494
10495 10494 10492
10486 10494 10496
10495 10496 10494
10492 10493 10497
10495 10492 10497
10495 10497 10498
10493 10499 10497
10493 10500 10499
10500 10493 10501
10495 10499 10502
10495 10502 10503
10495 10503 10504
10495 10504 10496
10505 10504 10503
10505 10506 10504
10496 10504 10506
10506 10505 10507
10506 10507 10508
10508 10507 10509
10496 10506 10510
10510 10506 10511
10486 10496 10512
10513 10486 10512
10496 10514 10512
10515 10512 10514
10515 10516 10512
10516 10517 10512
10516 10515 10518
10516 10519 10517
10516 10518 10520
10519 10516 10520
10519 10520 10521
10520 10518 10522
10523 10521 10520
10520 10522 10524
10523 10520 10524
10524 10522 10525
10523 10524 10526
10524 10525 10526
10523 10526 10527
10526 10525 10528
10527 10526 10528
10529 10530 10531
10530 10532 10533
10534 10533 10532
10530 10533 10535
10530 10535 10536
10536 10535 10537
10537 10538 10536
10539 10538 10537
10533 10540 10535
10540 10537 10535
10536 10538 10541
10536 10541 10542
10543 10542 10541
10543 10544 10542
10544 10545 10542
10543 10541 10546
10541 10538 10546
10543 10546 10547
10548 10532 10545
10544 10548 10545
10549 10546 10538
10547 10546 10549
10550 10549 10538
10550 10538 10551
10552 10550 10551
10551 10538 10539
10552 10551 10553
10553 10551 10539
10554 10552 10553
10554 10553 10555
10556 10554 10555
10556 10555 10557
10557 10558 10556
10555 10553 10559
10553 10539 10559
10557 10555 10560
10555 10559 10560
10560 10559 10561
10539 10562 10559
10559 10562 10561
10557 10560 10563
10563 10560 10561
10564 10557 10563
10564 10563 10561
10565 10562 10539
10561 10562 10566
10566 10562 10565
10567 10565 10539
10567 10539 10537
10568 10557 10564
10568 10569 10557
10569 10570 10557
10569 10571 10570
10571 10569 10572
10571 10572 10573
10574 10573 10572
10569 10568 10575
10569 10575 10572
10574 10572 10576
10577 10574 10576
10578 10576 10572
10578 10572 10575
10577 10576 10579
10579 10576 10578
10577 10579 10580
10581 10577 10580
10581 10580 10582
10583 10580 10579
10579 10578 10583
10582 10580 10584
10583 10584 10580
10582 10584 10585
10586 10585 10584
10586 10584 10587
10587 10584 10583
10588 10586 10587
10589 10588 10587
10590 10589 10587
10587 10583 10591
10591 10583 10578
10590 10587 10591
10591 10578 10592
10592 10578 10575
10590 10591 10593
10593 10591 10592
10594 10590 10593
10592 10575 10595
10595 10575 10568
10593 10592 10596
10595 10596 10592
10596 10597 10593
10598 10595 10568
10598 10568 10564
10597 10596 10599
10600 10597 10599
10601 10594 10600
10596 10595 10602
10598 10602 10595
10603 10596 10602
10602 10604 10603
10604 10602 10605
10605 10602 10598
10604 10605 10606
10598 10564 10607
10605 10598 10607
10564 10561 10607
10608 10607 10561
10608 10605 10607
10561 10566 10608
10609 10605 10608
10609 10606 10605
10566 10609 10608
10610 10606 10609
10610 10611 10606
10610 10612 10611
10599 10611 10612
10599 10612 10613
10600 10599 10613
10614 10612 10610
10613 10612 10614
10566 10615 10609
10610 10609 10616
10616 10609 10615
10614 10610 10617
10616 10617 10610
10614 10617 10618
10619 10615 10566
10566 10565 10619
10616 10620 10617
10618 10617 10620
10616 10621 10620
10616 10615 10622
10616 10622 10621
10622 10615 10623
10619 10623 10615
10565 10624 10619
10565 10567 10624
10625 10619 10624
10625 10623 10619
10623 10625 10626
10622 10623 10627
10627 10621 10622
10623 10626 10627
10628 10624 10567
10628 10625 10624
10628 10629 10625
10630 10629 10628
10630 10628 10631
10632 10630 10631
10632 10631 10633
10628 10567 10634
10631 10628 10634
10625 10635 10626
10636 10626 10635
10625 10637 10635
10638 10635 10637
10638 10639 10635
10640 10639 10638
10641 10633 10631
10631 10634 10641
10567 10642 10634
10642 10567 10537
10642 10643 10634
10643 10642 10537
10643 10641 10634
10643 10644 10641
10537 10540 10643
10644 10643 10540
10639 10645 10635
10636 10635 10645
10641 10646 10633
10644 10646 10641
10644 10540 10647
10647 10540 10533
10648 10647 10533
10644 10647 10648
10648 10533 10534
10649 10636 10645
10645 10650 10649
10651 10650 10645
10639 10651 10645
10651 10639 10652
10640 10652 10639
10653 10652 10640
10653 10640 10633
10653 10633 10654
10646 10654 10633
10651 10652 10655
10653 10656 10652
10656 10655 10652
10651 10657 10650
10655 10657 10651
10658 10653 10654
10656 10653 10658
10656 10659 10655
10655 10660 10657
10659 10660 10655
10656 10658 10661
10661 10659 10656
10660 10662 10657
10659 10663 10660
10662 10660 10663
10650 10657 10664
10662 10664 10657
10661 10665 10659
10665 10663 10659
10666 10661 10658
10667 10666 10658
10666 10668 10661
10668 10665 10661
10667 10658 10669
10670 10667 10669
10670 10669 10654
10658 10654 10669
10667 10671 10666
10668 10666 10671
10670 10654 10672
10646 10672 10654
10673 10672 10646
10670 10672 10673
10673 10646 10674
10675 10670 10673
10675 10673 10676
10644 10676 10646
10644 10677 10676
10675 10676 10677
10677 10644 10648
10677 10648 10678
10678 10648 10534
10679 10675 10677
10679 10677 10678
10675 10680 10670
10679 10680 10675
10678 10534 10681
10681 10679 10678
10680 10682 10670
10683 10670 10682
10670 10683 10667
10684 10683 10682
10685 10667 10683
10684 10682 10686
10680 10687 10682
10687 10686 10682
10679 10688 10680
10688 10687 10680
10685 10689 10667
10667 10689 10671
10690 10671 10689
10685 10691 10689
10690 10689 10691
10685 10692 10691
10693 10691 10692
10693 10690 10691
10688 10679 10694
10681 10694 10679
10695 10671 10690
10668 10671 10695
10693 10696 10690
10696 10693 10697
10695 10698 10668
10668 10698 10665
10696 10697 10699
10697 10700 10699
10701 10696 10699
10700 10701 10699
10702 10690 10696
10701 10702 10696
10695 10690 10703
10702 10703 10690
10700 10704 10701
10704 10700 10705
10704 10705 10706
10706 10705 10707
10708 10701 10704
10706 10708 10704
10702 10701 10709
10708 10709 10701
10703 10702 10710
10702 10709 10710
10711 10695 10703
10703 10710 10711
10706 10707 10712
10713 10712 10707
10711 10714 10695
10695 10714 10698
10714 10715 10698
10715 10665 10698
10715 10716 10665
10665 10716 10663
10716 10717 10663
10662 10663 10717
10662 10717 10718
10716 10719 10717
10719 10718 10717
10716 10715 10720
10716 10720 10719
10721 10662 10718
10662 10721 10664
10714 10711 10722
10714 10723 10715
10714 10722 10723
10724 10715 10723
10724 10720 10715
10725 10722 10711
10725 10711 10710
10723 10722 10726
10723 10726 10724
10710 10727 10725
10710 10709 10727
10722 10725 10728
10722 10728 10726
10729 10727 10709
10729 10709 10708
10725 10727 10730
10725 10730 10728
10731 10727 10729
10731 10730 10727
10720 10724 10732
10724 10726 10733
10724 10733 10732
10726 10728 10734
10726 10734 10733
10735 10728 10730
10735 10734 10728
10736 10730 10731
10736 10735 10730
10720 10732 10737
10737 10719 10720
10737 10738 10719
10719 10738 10718
10733 10734 10739
10740 10734 10735
10740 10739 10734
10741 10735 10736
10741 10740 10735
10731 10742 10736
10742 10741 10736
10743 10732 10733
10733 10739 10743
10731 10744 10742
10744 10731 10729
10744 10729 10745
10746 10744 10745
10746 10745 10747
10748 10746 10747
10749 10742 10744
10749 10744 10746
10746 10750 10749
10742 10751 10741
10749 10751 10742
10748 10752 10746
10746 10752 10750
10753 10752 10748
10753 10750 10752
10753 10748 10754
10753 10754 10755
10754 10756 10755
10757 10755 10756
10757 10756 10758
10759 10757 10758
10755 10760 10753
10753 10760 10750
10755 10761 10760
10755 10757 10761
10749 10762 10751
10762 10749 10750
10763 10750 10760
10761 10763 10760
10759 10764 10757
10765 10764 10759
10764 10765 10766
10764 10766 10767
10757 10764 10767
10767 10766 10768
10757 10769 10761
10757 10767 10769
10769 10770 10761
10761 10770 10763
10771 10763 10770
10763 10771 10772
10763 10773 10750
10763 10772 10773
10762 10750 10773
10772 10762 10773
10774 10772 10771
10772 10774 10775
10774 10771 10776
10767 10768 10777
10768 10778 10777
10778 10768 10779
10780 10778 10779
10778 10780 10781
10782 10781 10780
10783 10781 10782
10777 10778 10784
10781 10784 10778
10777 10784 10785
10785 10784 10786
10787 10786 10784
10781 10787 10784
10788 10776 10786
10787 10788 10786
10789 10788 10787
10790 10781 10783
10791 10790 10783
10792 10787 10781
10789 10787 10792
10781 10793 10792
10781 10790 10793
10793 10789 10792
10790 10791 10794
10793 10790 10794
10791 10795 10794
10796 10794 10795
10796 10797 10794
10793 10794 10798
10789 10793 10798
10798 10799 10797
10798 10797 10800
10789 10798 10800
10800 10797 10801
10800 10801 10802
10789 10800 10802
10803 10802 10801
10804 10789 10802
10788 10789 10804
10788 10804 10776
10803 10805 10802
10805 10803 10806
10807 10804 10802
10807 10802 10805
10804 10774 10776
10804 10807 10774
10775 10774 10807
10807 10805 10808
10805 10806 10808
10807 10808 10775
10808 10806 10809
10806 10810 10809
10811 10809 10810
10812 10775 10808
10808 10809 10812
10811 10813 10809
10813 10811 10814
10815 10812 10809
10813 10815 10809
10815 10816 10812
10817 10815 10813
10817 10816 10815
10813 10814 10818
10817 10813 10818
10814 10819 10818
10819 10817 10818
10814 10820 10819
10812 10821 10775
10821 10812 10816
10775 10821 10822
10822 10821 10816
10819 10820 10823
10824 10823 10820
10775 10822 10825
10772 10775 10825
10826 10772 10825
10822 10826 10825
10772 10826 10762
10822 10827 10826
10762 10826 10827
10827 10822 10816
10762 10827 10751
10751 10827 10828
10827 10816 10828
10751 10828 10741
10828 10740 10741
10828 10816 10829
10817 10829 10816
10828 10830 10740
10828 10829 10830
10830 10739 10740
10829 10817 10831
10819 10831 10817
10832 10830 10829
10829 10831 10832
10830 10833 10739
10832 10833 10830
10743 10739 10833
10834 10831 10819
10832 10831 10834
10835 10833 10832
10832 10834 10835
10743 10833 10836
10835 10836 10833
10837 10743 10836
10743 10837 10732
10834 10819 10838
10819 10823 10838
10839 10834 10838
10839 10838 10823
10840 10836 10835
10837 10836 10840
10732 10837 10841
10732 10841 10737
10835 10834 10842
10839 10842 10834
10843 10837 10840
10843 10841 10837
10840 10835 10844
10835 10842 10844
10844 10843 10840
10845 10737 10841
10845 10738 10737
10841 10846 10845
10841 10843 10846
10738 10845 10847
10847 10845 10846
10738 10847 10718
10842 10839 10848
10844 10842 10849
10842 10848 10849
10844 10850 10843
10844 10849 10850
10843 10850 10851
10843 10851 10846
10846 10851 10852
10846 10852 10853
10847 10846 10853
10854 10850 10849
10854 10851 10850
10848 10854 10849
10854 10852 10851
10847 10853 10855
10853 10856 10855
10857 10855 10856
10858 10857 10856
10859 10852 10858
10859 10860 10852
10857 10861 10855
10861 10862 10855
10862 10847 10863
10864 10857 10858
10852 10865 10858
10864 10858 10865
10852 10866 10865
10861 10857 10867
10864 10867 10857
10861 10867 10868
10861 10869 10862
10869 10861 10868
10870 10867 10864
10868 10867 10870
10864 10865 10871
10865 10872 10871
10872 10865 10873
10870 10864 10874
10864 10871 10874
10875 10870 10874
10871 10876 10874
10870 10875 10877
10870 10877 10878
10868 10870 10878
10872 10879 10871
10879 10876 10871
10880 10868 10878
10880 10881 10868
10869 10868 10881
10882 10880 10878
10883 10882 10877
10882 10878 10884
10875 10885 10884
10886 10880 10882
10886 10881 10880
10885 10887 10884
10888 10887 10885
10885 10889 10888
10888 10890 10887
10883 10890 10891
10890 10892 10891
10886 10893 10881
10869 10881 10893
10869 10893 10894
10862 10869 10894
10718 10862 10894
10895 10862 10718
10721 10718 10894
10893 10721 10894
10893 10664 10721
10896 10893 10886
10893 10896 10664
10886 10897 10896
10896 10897 10664
10886 10898 10897
10897 10650 10664
10650 10897 10898
10892 10899 10898
10899 10900 10898
10901 10650 10898
10898 10902 10901
10903 10901 10902
10650 10901 10904
10650 10904 10905
10906 10905 10904
10636 10905 10906
10906 10904 10907
10907 10904 10908
10908 10904 10909
10908 10909 10910
10907 10908 10911
10912 10907 10911
10912 10913 10907
10913 10906 10907
10914 10913 10912
10913 10915 10906
10915 10636 10906
10914 10916 10913
10916 10915 10913
10917 10636 10915
10916 10917 10915
10918 10916 10914
10918 10914 10919
10920 10636 10917
10920 10917 10921
10922 10917 10916
10922 10916 10918
10626 10636 10920
10923 10918 10919
10923 10922 10918
10923 10919 10924
10925 10923 10924
10925 10926 10923
10626 10920 10927
10927 10920 10922
10923 10928 10922
10927 10922 10928
10928 10923 10929
10626 10927 10930
10930 10927 10928
10930 10627 10626
10930 10928 10931
10930 10932 10627
10931 10932 10930
10627 10932 10621
10931 10933 10932
10933 10931 10929
10621 10932 10933
10925 10934 10929
10933 10929 10934
10925 10935 10934
10934 10935 10936
10934 10936 10937
10937 10936 10938
10933 10934 10939
10937 10938 10940
10941 10940 10938
10941 10938 10942
10943 10941 10942
10933 10939 10944
10621 10933 10944
10940 10944 10939
10621 10944 10945
10940 10945 10944
10945 10940 10941
10620 10621 10945
10620 10945 10946
10945 10941 10946
10618 10620 10946
10941 10618 10946
10943 10947 10941
10941 10947 10618
10948 10947 10943
10948 10618 10947
10948 10943 10949
10950 10948 10949
10948 10951 10618
10614 10618 10951
10950 10952 10948
10951 10948 10952
10953 10952 10950
10954 10614 10951
10613 10614 10954
10953 10955 10952
10955 10953 10956
10951 10952 10957
10954 10951 10957
10955 10957 10952
10958 10613 10954
10958 10954 10957
10958 10600 10613
10955 10956 10959
10960 10959 10956
10960 10961 10959
10955 10962 10957
10958 10957 10962
10959 10962 10955
10963 10600 10958
10963 10958 10962
10959 10961 10964
10965 10964 10961
10965 10966 10964
10959 10967 10962
10967 10963 10962
10967 10959 10964
10966 10968 10964
10966 10969 10968
10970 10968 10969
10970 10971 10968
10964 10972 10967
10964 10968 10972
10968 10971 10972
10972 10963 10967
10972 10971 10973
10972 10973 10963
10600 10963 10974
10973 10974 10963
10601 10600 10974
10973 10975 10974
10975 10601 10974
10976 10977 10978
10979 10978 10980
10981 10979 10980
10982 10979 10981
10983 10982 10981
10983 10981 10984
10985 10979 10982
10985 10982 10986
10982 10987 10986
10982 10988 10987
10989 10987 10983
10984 10989 10988
10984 10990 10989
10989 10991 10987
10979 10985 10992
10979 10992 10993
10992 10985 10994
10995 10996 10989
10996 10991 10997
10996 10998 10991
10999 10998 11000
10999 11001 10998
11002 11001 10999
11003 11004 11005
11006 11003 11007
11007 11008 11006
11003 11006 11009
11003 11009 11010
11011 11006 11008
11011 11008 11012
11010 11009 11013
11010 11013 11014
11015 11013 11009
11016 11009 11006
11015 11009 11016
11016 11006 11011
11016 11017 11015
11012 11018 11011
11012 11019 11018
11018 11019 11020
11011 11021 11016
11016 11021 11017
11011 11018 11021
11018 11020 11022
11022 11020 11023
11017 11021 11024
11017 11024 11025
11018 11026 11021
11018 11022 11026
11026 11024 11021
11022 11023 11027
11026 11022 11027
11027 11023 11028
11025 11024 11029
11025 11029 11030
11031 11024 11026
11026 11027 11031
11031 11029 11024
11027 11028 11032
11031 11027 11032
11033 11032 11028
11033 11034 11032
11031 11032 11035
11034 11035 11032
11029 11031 11035
11034 11036 11035
11030 11029 11037
11029 11035 11037
11036 11037 11035
11030 11037 11038
11036 11039 11037
11039 11038 11037
11039 11040 11038
11041 11042 11043
11044 11041 11045
11044 11045 11046
11045 11047 11046
11045 11041 11048
11049 11047 11045
11049 11050 11047
11049 11045 11051
11045 11048 11051
11049 11051 11052
11053 11052 11051
11048 11054 11051
11053 11051 11054
11048 11055 11054
11053 11054 11056
11054 11055 11057
11054 11057 11056
11058 11056 11057
11058 11057 11059
11060 11059 11057
11060 11057 11061
11060 11061 11062
11062 11063 11060
11062 11061 11064
11065 11063 11062
11064 11066 11062
11065 11062 11067
11062 11066 11067
11068 11065 11067
11068 11067 11069
11069 11067 11070
11070 11067 11066
11070 11066 11071
11072 11073 11074
10929 11075 11076
11077 11078 11079
11080 11081 11078
11081 11080 11082
11081 11082 11083
11082 11084 11083
11082 11085 11084
11086 11087 11085
11086 11085 11088
11089 11086 11088
11088 11085 11090
11090 11085 11091
11080 11092 11091
11092 11090 11091
11092 11093 11090
11093 11094 11090
11088 11090 11095
11089 11088 11096
11089 11096 11097
11088 11095 11098
11088 11098 11096
11099 11096 11098
11096 11099 11100
11101 11100 11099
11099 11102 11101
11098 11095 11103
11104 11103 11095
11104 11105 11103
11106 11103 11105
11107 11098 11103
11099 11098 11107
11108 11102 11099
11108 11109 11102
11106 11110 11103
11107 11103 11110
11107 11111 11099
11108 11099 11111
11106 11112 11110
11113 11112 11106
11113 11114 11112
11115 11110 11112
11114 11115 11112
11116 11107 11110
11115 11116 11110
11117 11111 11107
11116 11117 11107
11116 11115 11118
11114 11118 11115
11117 11116 11119
11116 11118 11119
11111 11117 11120
11117 11119 11120
11108 11111 11121
11121 11111 11120
11119 11122 11120
11122 11119 11118
11121 11120 11123
11123 11120 11122
11108 11121 11124
11125 11108 11124
11125 11126 11108
11124 11121 11127
11127 11121 11123
11124 11127 11128
11129 11124 11128
11129 11128 11130
11131 11130 11128
11131 11128 11127
11131 11132 11130
11132 11131 11133
11132 11133 11134
11135 11133 11131
11135 11131 11136
11136 11131 11127
11137 11127 11123
11137 11136 11127
11138 11134 11133
11134 11138 11139
11133 11140 11138
11141 11133 11135
11141 11142 11138
11141 11135 11143
11144 11143 11135
11135 11145 11144
11145 11135 11146
11147 11135 11136
11135 11147 11146
11137 11147 11136
11146 11147 11148
11146 11148 11149
11150 11149 11148
11147 11137 11151
11147 11151 11148
11152 11150 11148
11148 11151 11152
11150 11152 11153
11154 11153 11152
11153 11154 11155
11151 11137 11156
11137 11123 11156
11123 11122 11156
11151 11157 11152
11154 11152 11157
11151 11156 11158
11158 11156 11122
11151 11158 11157
11158 11122 11159
11157 11158 11159
11159 11122 11118
11157 11159 11160
11160 11154 11157
11159 11118 11161
11160 11159 11161
11118 11114 11161
11160 11161 11162
11162 11161 11114
11160 11163 11154
11160 11162 11163
11114 11164 11162
11162 11165 11163
11164 11165 11162
11114 11166 11164
11114 11113 11166
11163 11167 11154
11163 11168 11167
11154 11167 11169
11154 11169 11170
11171 11167 11168
11171 11168 11172
11168 11173 11172
11174 11163 11165
11163 11174 11168
11173 11168 11175
11173 11175 11176
11177 11168 11174
11177 11174 11165
11177 11175 11168
11176 11175 11178
11177 11178 11175
11177 11165 11179
11179 11165 11164
11177 11180 11178
11179 11180 11177
11181 11179 11164
11179 11181 11180
11182 11178 11180
11183 11178 11182
11183 11176 11184
11183 11182 11185
11186 11185 11182
11182 11180 11187
11187 11180 11181
11188 11186 11182
11188 11182 11187
11188 11189 11186
11181 11164 11190
11164 11166 11190
11191 11181 11190
11166 11191 11190
11187 11181 11192
11192 11181 11191
11188 11187 11193
11192 11193 11187
11188 11194 11189
11194 11195 11189
11193 11196 11188
11188 11196 11194
11194 11197 11195
11195 11197 11198
11197 11199 11198
11196 11200 11194
11194 11200 11197
11197 11201 11199
11199 11201 11202
11201 11203 11202
11204 11197 11200
11197 11204 11201
11193 11192 11205
11206 11196 11193
11193 11205 11206
11196 11207 11200
11206 11207 11196
11200 11207 11208
11208 11207 11206
11204 11200 11209
11200 11208 11209
11210 11205 11192
11192 11191 11210
11204 11209 11211
11211 11209 11208
11210 11191 11212
11212 11191 11166
11212 11166 11213
11113 11213 11166
11113 11214 11213
11215 11214 11113
11215 11216 11214
11216 11215 11094
11093 11216 11094
11213 11214 11217
11217 11214 11216
11212 11213 11218
11218 11213 11217
11218 11217 11219
11220 11219 11217
11217 11216 11221
11220 11217 11221
11093 11221 11216
11220 11221 11222
11222 11221 11093
11222 11093 11223
11223 11093 11224
11224 11093 11092
11224 11092 11080
11223 11224 11225
11225 11224 11226
11224 11080 11226
11225 11226 11227
11080 11228 11226
11080 11229 11228
11230 11226 11228
11230 11228 11231
11232 11223 11233
11234 11233 11230
11235 11234 11230
11227 11236 11237
11227 11237 11238
11239 11240 11241
11242 11243 11241
11242 11244 11243
11245 11246 11247
11248 11246 11249
11248 11249 11250
11251 11252 10898
11251 11253 11254
11253 10883 11254
11251 11254 10892
10890 11255 10892
10890 11256 11255
10888 11256 10890
11257 11255 11256
11257 10900 11255
11256 11258 11257
10888 11259 11256
11256 11259 11258
11260 11258 11259
10888 10889 11259
11260 11259 11261
10889 11261 11259
11261 10889 10876
11261 10876 11262
11261 11262 11263
11263 11262 11264
10876 11265 11262
11264 11262 11265
11264 11265 11266
10876 10879 11265
11267 11266 11265
11267 11268 11266
11269 11268 11267
11270 11265 10879
11267 11265 11270
11269 11267 11271
11269 11271 11272
11267 11273 11271
11267 11270 11273
11270 10879 11274
11274 10879 10872
11271 11273 11275
11271 11275 11276
11275 11277 11276
11275 11278 11277
11279 11275 11273
11270 11280 11273
11270 11274 11280
11279 11273 11280
11274 11281 11280
11281 11279 11280
10872 11282 11274
11274 11282 11281
10872 11283 11282
11281 11282 11283
10872 11284 11283
11284 10872 11285
11281 11286 11279
11287 11279 11286
11288 11287 11278
11288 11279 11287
11289 11286 11281
11290 11287 11286
11290 11286 11289
11287 11290 11291
11287 11291 11292
11291 11290 11293
11290 11289 11293
11281 11283 11294
11289 11281 11294
11295 11293 11289
11295 11296 11293
11295 11297 11296
11289 11294 11298
11289 11298 11295
11298 11294 11283
11295 11299 11297
11295 11298 11299
11299 11300 11297
11299 11301 11300
11301 11302 11300
11301 11303 11302
11303 10824 11302
11303 10823 10824
11303 11304 10823
11301 11304 11303
10839 10823 11304
10848 10839 11304
11301 11305 11304
11299 11305 11301
10848 11304 11305
11299 11298 11306
11299 11306 11305
11305 11307 10848
11305 11306 11307
10848 11307 10854
11306 11298 11308
11298 11283 11308
11306 11308 11309
11283 11309 11308
11306 11309 11307
11283 11284 11309
11310 10854 11307
11310 11307 11309
11284 11310 11309
10854 11310 10852
11284 11311 11310
10852 11310 11311
11312 11313 11314
11312 11315 11313
11313 11315 11316
11316 11315 11317
11316 11317 11318
11316 11318 11319
11320 11318 11317
11318 11321 11319
11322 11321 11318
11321 11322 11323
11321 11323 11324
11324 11323 11325
11324 11325 11326
11326 11325 11327
11322 11318 11328
11318 11329 11328
11320 11330 11318
11318 11330 11329
11331 11330 11320
11332 11331 11320
11332 11333 11331
11331 11334 11330
11329 11330 11334
11331 11335 11334
11336 11334 11335
11337 11334 11336
11337 11338 11334
11329 11334 11339
11339 11334 11340
11341 11340 11334
11341 11334 11338
11341 11338 11342
11341 11342 11343
11344 11343 11342
11344 11342 11345
11344 11345 11346
11344 11346 11347
11346 11345 11348
11347 11346 11349
11349 11346 11350
11346 11351 11350
11346 11352 11351
11353 11346 11348
11354 11352 11346
11355 11346 11353
11355 11353 11356
11357 11355 11356
11357 11358 11355
11359 11355 11358
11359 11360 11355
11361 11355 11360
11361 11362 11355
11363 11355 11362
11354 11346 11364
11364 11346 11355
11363 11364 11355
11354 11364 11365
11363 11366 11364
11364 11367 11365
11364 11366 11367
11312 11368 11369
11368 11312 11370
11329 11371 11372
11329 11372 11373
11374 11375 11376
11374 11377 11375
11378 11377 11374
11378 11379 11377
11378 11380 11379
11378 11381 11380
11381 11382 11380
11381 11383 11382
11384 11385 11386
11384 11386 11387
11384 11387 11388
11389 11388 11387
11389 11387 11390
11391 11389 11390
11391 11390 11392
11393 11391 11392
11388 11389 11394
11394 11389 11391
11384 11388 11395
11388 11394 11395
11384 11395 11396
11397 11384 11396
11393 11398 11391
11394 11391 11398
11399 11394 11398
11399 11400 11394
11393 11401 11398
11399 11398 11401
11393 11402 11401
11399 11401 11402
11399 11402 11403
11404 11399 11403
11404 11405 11399
11399 11406 11400
11406 11396 11400
11407 11406 11404
11406 11408 11396
11407 11408 11406
11408 11409 11396
11410 11408 11407
11411 11412 11413
11411 11414 11412
11411 11415 11414
11416 11414 11415
11416 11417 11414
11418 11417 11416
11418 11419 11417
11420 11419 11418
11415 11421 11416
11421 11418 11416
11411 11422 11415
11415 11422 11421
11411 11423 11422
11424 11423 11411
11420 11418 11425
11421 11425 11418
11426 11425 11421
11426 11421 11427
11420 11425 11428
11426 11428 11425
11420 11428 11429
11426 11429 11428
11426 11430 11429
11431 11430 11426
11431 11426 11432
11426 11427 11433
11433 11427 11423
11434 11431 11433
11433 11423 11435
11434 11433 11435
11435 11423 11436
11437 11434 11435
11438 11439 11440
11440 11439 11441
11441 11439 11442
11442 11439 11443
11444 11439 11445
11446 11439 11444
11447 11439 11446
11448 11439 11447
11449 11450 11451
11451 11450 11452
11453 11454 11455
11455 11454 11456
11457 11458 11459
11460 11458 11457
11461 11462 11463
11464 11462 11461
11465 11466 11467
11467 11466 11468
11468 11466 11469
11468 11469 11470
11471 11470 11469
11468 11470 11472
11472 11470 11473
11473 11470 11474
11474 11470 11471
11471 11469 11475
11471 11475 11476
11476 11475 11477
11477 11475 11478
11469 11478 11475
11469 11479 11478
11469 11480 11479
11469 11481 11480
11480 11481 11482
11482 11481 11483
11484 11481 11469
11483 11485 11484
11484 11469 11486
11484 11486 11487
11487 11486 11488
11489 11490 11491
11492 11489 11491
11492 11491 11493
11492 11494 11489
11489 11494 11495
11494 11496 11495
11494 11492 11497
11498 11497 11492
11498 11499 11497
11494 11500 11496
11494 11497 11500
11500 11501 11496
11499 11502 11497
11499 11503 11502
11504 11500 11497
11497 11502 11504
11505 11502 11503
11505 11504 11502
11505 11503 11506
11500 11507 11501
11504 11507 11500
11508 11505 11506
11508 11506 11509
11510 11508 11509
11505 11511 11504
11507 11504 11511
11508 11511 11505
11501 11507 11512
11501 11512 11513
11510 11514 11508
11515 11514 11510
11508 11516 11511
11516 11508 11514
11507 11511 11517
11507 11517 11512
11513 11512 11518
11513 11518 11519
11515 11520 11514
11521 11520 11515
11521 11522 11520
11511 11516 11523
11517 11511 11523
11524 11512 11517
11524 11518 11512
11517 11523 11524
11516 11514 11525
11525 11514 11520
11525 11523 11516
11522 11526 11520
11525 11520 11526
11522 11527 11526
11528 11526 11527
11525 11529 11523
11529 11524 11523
11529 11530 11524
11518 11524 11530
11526 11531 11525
11528 11532 11526
11526 11532 11531
11532 11530 11531
11533 11532 11528
11533 11534 11532
11532 11534 11530
11533 11535 11534
11518 11530 11536
11536 11530 11534
11519 11518 11536
11519 11536 11537
11535 11538 11534
11536 11534 11538
11537 11536 11538
11535 11539 11538
11537 11538 11540
11539 11540 11538
11539 11541 11540
11542 11543 11544
11542 11545 11543
11546 11545 11542
11545 11546 11547
11545 11547 11548
11543 11545 11548
11549 11548 11547
11549 11550 11548
11548 11550 11551
11552 11550 11549
11543 11548 11553
11548 11551 11553
11543 11553 11554
11554 11553 11551
11543 11554 11555
11555 11556 11543
11555 11557 11556
11558 11556 11557
11554 11551 11559
11558 11560 11556
11560 11558 11561
11560 11542 11556
11560 11561 11562
11560 11563 11542
11562 11563 11560
11551 11564 11559
11559 11564 11565
11566 11564 11551
11566 11551 11567
11567 11551 11550
11567 11550 11568
11552 11568 11550
11568 11552 11569
11552 11570 11569
11571 11569 11570
11567 11568 11572
11568 11569 11572
11566 11567 11573
11567 11572 11573
11564 11566 11574
11566 11573 11574
11565 11564 11575
11564 11574 11575
11571 11576 11569
11572 11569 11576
11577 11573 11572
11572 11576 11577
11578 11574 11573
11577 11578 11573
11571 11579 11576
11580 11579 11571
11581 11579 11580
11577 11576 11582
11582 11576 11579
11581 11583 11579
11582 11579 11583
11577 11582 11584
11578 11577 11584
11578 11585 11574
11585 11575 11574
11578 11584 11586
11585 11578 11586
11584 11587 11586
11588 11583 11581
11588 11581 11589
11590 11588 11589
11590 11591 11588
11591 11592 11588
11588 11592 11583
11591 11593 11592
11594 11583 11592
11582 11583 11594
11595 11582 11594
11596 11592 11593
11594 11592 11596
11596 11593 11597
11595 11594 11598
11598 11594 11596
11595 11598 11587
11597 11599 11596
11598 11596 11599
11599 11587 11598
11597 11600 11599
11600 11601 11599
11599 11601 11587
11600 11602 11601
11603 11587 11601
11586 11587 11603
11602 11604 11601
11603 11601 11604
11602 11605 11604
11605 11606 11604
11603 11604 11606
11605 11607 11606
11608 11606 11607
11603 11609 11586
11603 11606 11609
11608 11610 11606
11610 11609 11606
11610 11608 11611
11586 11609 11612
11585 11586 11612
11585 11612 11613
11614 11612 11609
11610 11614 11609
11614 11613 11612
11610 11611 11615
11614 11610 11615
11616 11615 11611
11585 11613 11617
11585 11617 11575
11617 11618 11575
11565 11575 11618
11565 11618 11619
11617 11620 11618
11619 11618 11620
11613 11620 11617
11619 11620 11621
11622 11621 11620
11613 11622 11620
11622 11623 11621
11614 11624 11613
11614 11615 11624
11625 11613 11624
11622 11613 11625
11625 11624 11615
11623 11622 11626
11625 11626 11622
11623 11626 11627
11625 11615 11628
11628 11626 11625
11616 11628 11615
11628 11616 11629
11627 11626 11630
11628 11630 11626
11628 11629 11630
11627 11630 11631
11631 11630 11629
11631 11629 11632
11633 11634 11635
11636 11635 11634
11636 11637 11635
11636 11638 11637
11636 11639 11638
11639 11640 11638
11639 11641 11640
11641 11642 11640
11641 11643 11642
11644 11645 11646
11644 11647 11645
11647 11644 11648
11647 11649 11645
11647 11648 11650
11651 11650 11648
11647 11652 11649
11652 11647 11650
11651 11653 11650
11654 11653 11651
11655 11653 11654
11656 11653 11655
11653 11657 11650
11652 11650 11657
11656 11658 11653
11653 11658 11657
11652 11657 11659
11658 11659 11657
11660 11658 11656
11658 11660 11659
11660 11656 11661
11661 11662 11660
11661 11663 11662
11662 11663 11664
11660 11662 11665
11660 11665 11659
11659 11666 11652
11652 11666 11649
11662 11664 11667
11662 11667 11665
11668 11659 11665
11668 11666 11659
11669 11667 11664
11669 11664 11670
11665 11667 11671
11665 11671 11668
11670 11672 11669
11670 11673 11672
11674 11667 11669
11674 11671 11667
11675 11672 11673
11675 11673 11676
11675 11676 11677
11669 11672 11678
11669 11678 11674
11679 11675 11677
11680 11679 11677
11681 11672 11675
11681 11678 11672
11675 11679 11681
11668 11671 11682
11683 11671 11674
11683 11682 11671
11684 11674 11678
11684 11683 11674
11685 11678 11681
11685 11684 11678
11686 11681 11679
11686 11685 11681
11668 11682 11687
11687 11666 11668
11688 11682 11683
11688 11683 11684
11687 11689 11666
11649 11666 11689
11687 11682 11690
11688 11690 11682
11649 11689 11691
11691 11692 11649
11693 11689 11687
11687 11690 11693
11694 11684 11685
11695 11694 11685
11694 11696 11684
11688 11684 11696
11688 11696 11697
11688 11697 11698
11688 11698 11690
11695 11685 11686
11699 11690 11698
11699 11693 11690
11686 11700 11695
11699 11701 11693
11693 11701 11689
11699 11702 11701
11701 11702 11703
11686 11704 11700
11679 11704 11686
11705 11700 11704
11706 11689 11701
11701 11703 11706
11706 11691 11689
11707 11706 11703
11679 11708 11704
11680 11708 11679
11705 11704 11709
11709 11704 11708
11710 11705 11709
11710 11709 11711
11680 11712 11708
11709 11708 11712
11711 11709 11712
11680 11713 11712
11711 11712 11714
11714 11712 11713
11715 11691 11706
11707 11715 11706
11716 11715 11707
11716 11707 11717
11718 11715 11716
11715 11719 11691
11718 11719 11715
11718 11720 11719
11691 11719 11692
11721 11719 11720
11721 11692 11719
11721 11722 11692
11723 11724 11725
11726 11725 11724
11726 11724 11727
11728 11726 11727
11728 11727 11729
11727 11730 11729
11728 11729 11731
11728 11731 11732
11733 11732 11731
11734 11729 11730
11731 11729 11734
11734 11730 11735
11733 11731 11736
11736 11731 11734
11737 11733 11736
11736 11734 11738
11735 11738 11734
11737 11736 11739
11738 11739 11736
11739 11740 11737
11739 11741 11740
11741 11739 11742
11738 11742 11739
11741 11742 11743
11735 11744 11738
11744 11742 11738
11743 11742 11745
11744 11745 11742
11743 11745 11746
11735 11747 11744
11745 11744 11747
11735 11748 11747
11749 11746 11745
11745 11747 11749
11749 11747 11750
11749 11751 11746
11749 11750 11752
11752 11751 11749
11752 11753 11751
11753 11752 11754
11755 11756 11757
11755 11757 11758
11759 11755 11758
11760 11758 11757
11759 11758 11761
11762 11759 11761
11763 11758 11760
11763 11761 11758
11764 11763 11760
11762 11761 11765
11766 11762 11765
11766 11765 11767
11761 11768 11765
11768 11767 11765
11761 11763 11768
11768 11769 11767
11764 11770 11763
11770 11768 11763
11769 11768 11771
11770 11771 11768
11769 11771 11772
11764 11773 11770
11771 11770 11773
11764 11774 11773
11772 11771 11775
11771 11773 11775
11772 11775 11776
11777 11773 11774
11777 11775 11773
11777 11774 11778
11779 11776 11775
11777 11779 11775
11779 11780 11776
11778 11781 11777
11779 11777 11781
11778 11782 11781
11783 11781 11782
11780 11779 11784
11779 11781 11784
11780 11784 11785
11786 11785 11784
11787 11784 11781
11786 11784 11787
11787 11781 11783
11786 11787 11788
11783 11788 11787
11786 11788 11789
11789 11788 11790
11789 11790 11791
11790 11792 11791
11783 11793 11788
11793 11790 11788
11790 11794 11792
11794 11795 11792
11793 11783 11796
11790 11793 11797
11793 11796 11797
11798 11797 11796
11790 11797 11799
11794 11790 11799
11799 11797 11798
11795 11794 11800
11794 11799 11800
11783 11801 11796
11783 11802 11801
11799 11798 11803
11800 11799 11803
11795 11800 11804
11805 11795 11804
11803 11806 11800
11806 11804 11800
11805 11804 11807
11808 11805 11807
11808 11807 11809
11810 11807 11804
11806 11810 11804
11811 11809 11807
11810 11811 11807
11811 11812 11809
11813 11812 11811
11813 11811 11814
11811 11815 11814
11811 11810 11815
11815 11810 11806
11815 11806 11816
11817 11806 11803
11816 11806 11817
11816 11817 11818
11798 11817 11803
11817 11819 11818
11817 11820 11819
11798 11820 11817
11819 11820 11821
11798 11821 11820
11819 11821 11822
11798 11823 11821
11798 11796 11823
11822 11821 11824
11824 11825 11822
11826 11825 11824
11796 11827 11823
11796 11801 11827
11826 11824 11828
11828 11829 11826
11828 11830 11829
11831 11829 11830
11832 11828 11824
11832 11830 11828
11821 11833 11824
11832 11824 11833
11831 11830 11834
11835 11831 11834
11821 11836 11833
11821 11823 11836
11837 11833 11836
11837 11832 11833
11838 11837 11836
11832 11839 11830
11834 11830 11839
11837 11838 11840
11838 11841 11840
11832 11837 11842
11837 11840 11842
11832 11842 11839
11843 11840 11841
11843 11842 11840
11843 11841 11844
11843 11844 11845
11846 11839 11842
11843 11846 11842
11834 11839 11847
11846 11847 11839
11843 11845 11848
11848 11846 11843
11849 11834 11847
11835 11834 11849
11846 11850 11847
11849 11847 11850
11835 11849 11851
11835 11851 11852
11853 11851 11849
11850 11853 11849
11852 11851 11854
11853 11854 11851
11852 11854 11855
11853 11856 11854
11856 11853 11857
11850 11857 11853
11856 11857 11858
11858 11857 11859
11850 11859 11857
11858 11859 11860
11846 11861 11850
11850 11861 11859
11848 11861 11846
11860 11859 11862
11861 11862 11859
11848 11862 11861
11860 11862 11863
11863 11862 11864
11848 11864 11862
11863 11864 11865
11866 11865 11864
11848 11867 11864
11866 11864 11867
11845 11867 11848
11868 11866 11867
11845 11869 11867
11868 11867 11869
11870 11871 11872
11870 11873 11871
11874 11875 11873
11876 11875 11874
11877 11876 11874
11876 11878 11875
11879 11875 11878
11879 11880 11875
11877 11881 11876
11882 11881 11877
11882 11883 11881
11884 11883 11882
11884 11882 11885
11886 11884 11885
11886 11885 11887
11888 11886 11887
11889 11890 11891
11889 11891 11892
11893 11889 11892
11894 11892 11891
11893 11892 11895
11896 11893 11895
11896 11895 11897
11898 11897 11895
11899 11892 11894
11899 11895 11892
11898 11895 11899
11900 11899 11894
11901 11898 11899
11900 11901 11899
11901 11902 11898
11901 11900 11903
11902 11901 11904
11901 11903 11904
11905 11904 11903
11905 11906 11904
11906 11905 11907
11906 11907 11908
11823 11908 11907
11823 11909 11910
11823 11827 11909
11910 11909 11911
11912 11910 11911
11909 11827 11913
11909 11913 11911
11801 11913 11827
11912 11911 11914
11912 11914 11915
11916 11915 11914
11801 11917 11913
11917 11801 11802
11917 11802 11918
11919 11911 11913
11919 11914 11911
11920 11916 11914
11920 11921 11916
11918 11922 11917
11918 11923 11922
11924 11913 11917
11924 11919 11913
11917 11922 11924
11914 11919 11925
11914 11925 11920
11920 11926 11921
11925 11926 11920
11926 11927 11921
11928 11922 11923
11928 11923 11929
11919 11924 11930
11919 11930 11925
11931 11924 11922
11931 11922 11928
11930 11924 11931
11929 11932 11928
11929 11933 11932
11934 11925 11930
11925 11934 11926
11926 11935 11927
11936 11927 11935
11936 11935 11937
11926 11938 11935
11937 11935 11938
11934 11938 11926
11937 11938 11939
11939 11938 11940
11934 11940 11938
11939 11940 11941
11941 11940 11942
11934 11942 11940
11941 11942 11943
11934 11930 11944
11944 11942 11934
11931 11944 11930
11943 11942 11945
11944 11945 11942
11943 11945 11946
11947 11946 11945
11947 11945 11948
11944 11948 11945
11949 11947 11948
11931 11950 11944
11950 11948 11944
11950 11931 11928
11950 11928 11932
11949 11948 11951
11950 11951 11948
11932 11951 11950
11952 11949 11951
11932 11953 11951
11952 11951 11953
11933 11953 11932
11933 11954 11953
11952 11953 11954
11952 11954 11955
11956 11957 11958
11956 11959 11957
11960 11957 11959
11960 11959 11961
11960 11961 11962
11960 11962 11963
11961 11964 11962
11961 11965 11964
11965 11966 11964
11965 11967 11966
11968 11967 11965
11968 11969 11967
11970 11969 11968
11970 11971 11969
11961 11972 11965
11961 11973 11972
11974 11972 11973
11974 11975 11972
11976 11977 11966
11976 11978 11977
11978 11979 11977
11976 11980 11978
11976 11981 11980
11982 11980 11981
11982 11981 11983
11978 11984 11979
11984 11963 11979
11984 11985 11963
11986 11985 11984
11986 11987 11985
11988 11987 11986
11988 11989 11987
11978 11990 11984
11978 11991 11990
11992 11990 11991
11992 11993 11990
11994 11995 11996
11994 11997 11995
11995 11997 11998
11998 11997 11999
11998 11999 12000
12001 12002 11999
12001 12003 12002
12003 12001 12004
12004 12001 12005
12004 12005 12006
12007 12008 12009
12007 12009 12010
12010 12011 12007
12010 12012 12011
12012 12013 12011
12012 12014 12013
12014 12015 12013
12014 12016 12015
12017 12015 12016
12017 12018 12015
12019 12018 12017
12019 12020 12018
12018 12020 12021
12018 12021 12022
12015 12018 12023
12013 12015 12024
12015 12023 12024
12011 12013 12025
12013 12024 12025
12011 12025 12026
12007 12011 12026
12027 12025 12024
12026 12025 12027
12007 12026 12028
12028 12029 12007
12028 12030 12029
12028 12026 12031
12026 12027 12031
12028 12031 12032
12032 12033 12028
12032 12034 12033
12032 12035 12034
12031 12036 12032
12032 12036 12035
12027 12037 12031
12031 12037 12036
12035 12036 12038
12035 12038 12039
12036 12037 12040
12036 12040 12038
12027 12041 12037
12037 12042 12040
12037 12041 12042
12041 12027 12043
12027 12024 12043
12024 12044 12043
12024 12023 12044
12023 12045 12044
12023 12046 12045
12041 12043 12047
12042 12041 12047
12048 12047 12043
12048 12049 12047
12048 12050 12049
12048 12051 12050
12042 12052 12040
12040 12052 12053
12040 12053 12038
12038 12053 12054
12038 12054 12055
12042 12056 12052
12056 12042 12057
12042 12047 12057
12056 12057 12058
12047 12059 12057
12059 12058 12057
12047 12060 12059
12059 12061 12058
12060 12062 12059
12062 12061 12059
12060 12063 12062
12062 12064 12061
12065 12066 12067
12068 12067 12066
12068 12069 12067
12068 12070 12069
12068 12071 12070
12070 12071 12072
12072 12071 12073
12073 12071 12074
12074 12071 12068
12074 12068 12075
12074 12075 12076
12076 12075 12077
12078 12068 12066
12078 12066 12079
12079 12066 12080
12078 12081 12068
12082 12081 12078
12083 12081 12082
12084 12081 12083
12085 12081 12084
12085 12068 12081
12085 12086 12068
12087 12086 12085
12088 12086 12087
12089 12090 12091
12092 12090 12089
12092 12093 12090
12094 12093 12092
12095 12094 12092
12094 12096 12093
12095 12092 12097
12096 12094 12098
12096 12098 12099
12098 12100 12099
12095 12097 12101
12101 12097 12102
12101 12102 12103
12103 12102 12104
12105 12098 12094
12095 12105 12094
12100 12098 12106
12105 12106 12098
12100 12106 12107
12100 12107 12108
12107 12106 12109
12107 12109 12110
12111 12109 12106
12111 12106 12105
12111 12112 12109
12111 12113 12112
12111 12105 12114
12114 12105 12095
12111 12115 12113
12114 12095 12116
12117 12113 12115
12117 12115 12118
12117 12118 12119
12120 12116 12095
12120 12095 12121
12120 12121 12122
12120 12122 12123
12123 12122 12124
12123 12124 12125
12125 12124 12126
12127 12128 12129
12127 12130 12128
12131 12132 12128
12131 12133 12132
12133 12130 12134
12133 12134 12135
12130 12136 12134
12130 12137 12136
12134 12136 12138
12134 12138 12139
12140 12134 12139
12140 12139 12141
12139 12138 12142
12143 12139 12142
12144 12145 12146
12144 12146 12147
12148 12144 12147
12148 12147 12149
12150 12151 12144
12150 12144 12152
12152 12144 12153
12154 12150 12152
12152 12153 12155
12154 12152 12156
12156 12152 12155
12154 12156 12157
12156 12155 12158
12156 12158 12159
12160 12161 12162
12160 12162 12163
12164 12162 12165
12164 12165 12166
12166 12167 12163
12166 12168 12167
12163 12167 12169
12163 12169 12170
12167 12171 12169
12168 12172 12167
12167 12172 12171
12168 12173 12172
12172 12174 12171
12175 12174 12172
12176 12177 12178
12176 12179 12177
12180 12179 12176
12180 12181 12179
12182 12176 12183
12182 12184 12176
12184 12185 12176
12186 12184 12182
12184 12187 12185
12186 12188 12184
12188 12187 12184
12186 12189 12188
12188 12190 12187
12188 12191 12190
12192 12193 12194
12192 12195 12193
12195 12196 12193
12195 12197 12196
12198 12199 12197
12192 12200 12198
12198 12200 12199
12192 12201 12200
12202 12203 12199
12201 12204 12202
12202 12204 12203
12201 12205 12204
12206 12203 12204
12207 12204 12205
12206 12204 12207
12207 12205 12208
12207 12209 12206
12208 12210 12207
12207 12210 12209
12208 12211 12210
12210 12212 12209
12211 12213 12210
12210 12213 12212
12211 12214 12213
12213 12215 12212
12214 12216 12213
12213 12216 12215
12214 12217 12216
12215 12216 12218
12217 12218 12216
12215 12218 12219
12217 12220 12218
12221 12222 12223
12221 12224 12222
12225 12224 12221
12226 12222 12224
12226 12227 12222
12225 12228 12224
12228 12226 12224
12229 12228 12225
12228 12230 12226
12229 12231 12228
12231 12230 12228
12232 12231 12229
12231 12233 12230
12232 12234 12231
12234 12233 12231
12234 12232 12235
12234 12236 12233
12234 12235 12237
12238 12236 12234
12238 12234 12237
12239 12240 12241
12239 12241 12242
12243 12239 12242
12243 12242 12244
12245 12246 12247
12248 12246 12245
12249 12246 12248
12249 12250 12246
12248 12245 12251
12252 12251 12245
12253 12251 12252
12254 12251 12253
12255 12251 12254
12255 12248 12251
12256 12255 12254
12256 12254 12257
12256 12257 12258
12256 12258 12259
12260 12259 12258
12261 12259 12260
12262 12259 12261
12262 12256 12259
12256 12263 12255
12262 12263 12256
12248 12255 12264
12265 12255 12263
12265 12264 12255
12248 12264 12266
12266 12249 12248
12264 12267 12266
12266 12268 12249
12266 12267 12268
12264 12265 12269
12264 12269 12267
12268 12270 12249
12270 12250 12249
12268 12271 12270
12271 12268 12272
12268 12267 12272
12270 12273 12250
12250 12273 12274
12274 12275 12250
12272 12267 12276
12272 12276 12277
12277 12276 12278
12276 12267 12279
12278 12276 12279
12279 12267 12269
12279 12280 12278
12281 12279 12269
12279 12281 12280
12281 12269 12282
12265 12282 12269
12280 12281 12283
12283 12281 12282
12280 12283 12284
12265 12285 12282
12263 12285 12265
12283 12282 12286
12285 12287 12282
12288 12284 12283
12286 12288 12283
12288 12289 12284
12286 12290 12288
12289 12288 12291
12291 12288 12290
12263 12292 12285
12285 12293 12287
12287 12293 12294
12295 12293 12285
12295 12296 12293
12287 12294 12297
12297 12294 12298
12292 12263 12299
12299 12263 12262
12300 12292 12299
12300 12301 12292
12302 12299 12262
12300 12299 12302
12302 12262 12303
12302 12303 12304
12300 12302 12305
12302 12304 12305
12298 12294 12306
12298 12306 12307
12307 12306 12308
12308 12306 12309
12310 12309 12306
12311 12301 12300
12300 12305 12311
12304 12312 12305
12313 12312 12304
12314 12312 12313
12314 12313 12315
12316 12314 12315
12317 12314 12316
12305 12318 12311
12305 12312 12318
12311 12319 12301
12319 12311 12318
12319 12318 12320
12321 12318 12312
12314 12321 12312
12321 12322 12318
12321 12323 12322
12323 12321 12324
12324 12321 12314
12323 12324 12325
12325 12324 12326
12327 12314 12317
12324 12314 12327
12326 12324 12327
12328 12327 12317
12326 12327 12328
12329 12301 12330
12301 12329 12293
12329 12330 12331
12332 12293 12329
12333 12331 12330
12294 12293 12332
12333 12334 12331
12334 12333 12335
12294 12332 12336
12336 12331 12334
12337 12336 12332
12337 12331 12336
12334 12335 12338
12339 12338 12335
12338 12339 12340
12338 12340 12341
12294 12336 12342
12294 12342 12306
12310 12306 12342
12336 12334 12343
12342 12336 12343
12343 12334 12338
12342 12343 12310
12343 12338 12344
12344 12310 12343
12344 12338 12341
12344 12345 12310
12344 12341 12346
12345 12344 12346
12347 12346 12341
12345 12346 12348
12348 12346 12347
12349 12350 12351
12352 12351 12350
12352 12350 12353
12354 12351 12352
12354 12352 12355
12356 12351 12354
12353 12357 12352
12355 12352 12357
12353 12358 12357
12359 12356 12354
12355 12359 12354
12360 12356 12359
12360 12361 12356
12358 12362 12357
12362 12355 12357
12363 12361 12360
12363 12364 12361
12358 12365 12362
12366 12365 12358
12367 12365 12366
12367 12366 12368
12369 12367 12368
12370 12362 12365
12370 12365 12367
12369 12371 12367
12372 12371 12369
12362 12373 12355
12370 12373 12362
12367 12374 12370
12367 12371 12374
12370 12375 12373
12375 12370 12374
12376 12373 12375
12373 12376 12377
12373 12377 12378
12373 12378 12355
12379 12378 12377
12355 12378 12380
12380 12381 12355
12360 12381 12380
12378 12382 12380
12379 12382 12378
12360 12380 12383
12382 12383 12380
12383 12363 12360
12384 12382 12379
12382 12384 12383
12383 12385 12363
12385 12364 12363
12385 12386 12364
12364 12386 12387
12387 12386 12388
12389 12384 12379
12389 12379 12390
12391 12383 12384
12391 12385 12383
12389 12390 12392
12393 12392 12390
12393 12394 12392
12394 12393 12395
12395 12393 12396
12393 12397 12396
12388 12386 12398
12388 12398 12399
12389 12400 12384
12400 12391 12384
12401 12396 12397
12401 12402 12396
12403 12399 12398
12403 12404 12399
12405 12402 12401
12405 12406 12402
12407 12404 12403
12407 12408 12404
12408 12407 12409
12410 12406 12405
12410 12411 12406
12411 12410 12412
12412 12410 12413
12405 12413 12410
12405 12414 12413
12401 12414 12405
12401 12415 12414
12397 12415 12401
12397 12416 12415
12416 12397 12417
12418 12409 12407
12407 12419 12418
12407 12403 12419
12418 12420 12409
12420 12421 12409
12420 12422 12421
12421 12422 12423
12420 12418 12424
12422 12420 12424
12424 12418 12425
12419 12425 12418
12422 12424 12426
12423 12422 12426
12423 12426 12427
12427 12426 12428
12419 12429 12425
12403 12430 12419
12430 12429 12419
12398 12430 12403
12430 12431 12429
12432 12430 12398
12431 12430 12432
12433 12432 12398
12431 12432 12434
12434 12432 12386
12434 12386 12435
12435 12386 12436
12385 12436 12386
12435 12437 12434
12434 12437 12431
12438 12436 12385
12438 12385 12391
12437 12438 12439
12439 12438 12440
12391 12440 12438
12400 12440 12391
12431 12437 12441
12431 12441 12442
12442 12441 12443
12437 12444 12441
12437 12439 12444
12441 12444 12445
12445 12444 12446
12445 12446 12447
12445 12447 12448
12449 12448 12447
12449 12450 12448
12449 12451 12450
12449 12452 12451
12451 12452 12453
12451 12453 12454
12454 12453 12455
12454 12455 12456
12444 12439 12457
12444 12457 12458
12458 12446 12444
12457 12439 12459
12459 12458 12457
12459 12439 12460
12439 12461 12460
12439 12462 12461
12463 12461 12462
12463 12464 12461
12465 12464 12463
12465 12463 12466
12467 12465 12466
12467 12468 12465
12469 12468 12467
12469 12470 12468
12471 12470 12469
12394 12471 12469
12471 12472 12470
12471 12394 12473
12474 12472 12471
12471 12473 12474
12474 12475 12472
12476 12474 12473
12477 12475 12474
12476 12477 12474
12477 12478 12475
12479 12477 12476
12478 12477 12479
12480 12460 12481
12482 12459 12481
12482 12481 12483
12459 12482 12458
12483 12484 12482
12458 12482 12484
12485 12458 12484
12486 12484 12487
12488 12484 12486
12458 12488 12446
12489 12488 12486
12490 12489 12486
12491 12446 12488
12491 12488 12489
12492 12446 12491
12490 12493 12489
12493 12491 12489
12492 12491 12494
12494 12491 12493
12492 12494 12495
12496 12495 12494
12490 12497 12493
12494 12493 12497
12490 12498 12497
12499 12494 12497
12499 12497 12498
12496 12494 12499
12499 12498 12500
12496 12499 12501
12500 12501 12499
12496 12501 12502
12500 12503 12501
12502 12501 12504
12503 12505 12501
12504 12501 12505
12504 12505 12506
12503 12507 12505
12508 12505 12507
12509 12510 12511
12389 12511 12510
12389 12510 12512
12400 12389 12512
12400 12512 12513
12514 12400 12513
12514 12515 12400
12515 12514 12516
12439 12515 12516
12517 12518 12519
12519 12520 12517
12519 12521 12520
12522 12520 12521
12523 12524 12525
12523 12526 12524
12527 12526 12528
12527 12529 12526
12530 12529 12531
12530 12532 12529
12533 12532 12534
12533 12534 12535
12536 12533 12537
12536 12537 12538
12539 12536 12540
12539 12540 12541
12542 12543 12544
12542 12544 12545
12546 12547 12542
12546 12548 12547
12549 12545 12550
12549 12550 12551
12552 12549 12553
12552 12553 12554
12555 12556 12546
12555 12557 12556
12558 12559 12555
12558 12555 12560
12561 12562 12560
12561 12560 12563
12564 12565 12563
12564 12563 12566
12567 12566 12568
12567 12568 12569
12570 12568 12571
12570 12571 12572
12573 12571 12574
12573 12574 12575
12574 12552 12576
12574 12576 12577
12578 12579 12580
12578 12580 12581
12582 12583 12581
12582 12581 12584
12585 12586 12584
12585 12584 12587
12588 12589 12587
12588 12590 12589
12591 12592 12588
12591 12593 12592
12594 12595 12591
12594 12596 12595
12597 12598 12599
12600 12598 12597
12600 12597 12601
12602 12600 12601
12602 12601 12603
12603 12604 12602
12603 12605 12604
12606 12604 12605
12606 12607 12604
12608 12609 12610
12609 12608 12611
12612 12609 12611
12612 12613 12614
12613 12615 12614
12616 12615 12613
12612 12617 12613
12612 12618 12617
12617 12618 12619
12617 12619 12620
12617 12620 12621
12617 12621 12613
12621 12622 12613
12621 12623 12622
12623 12624 12622
12624 12625 12622
12626 12625 12624
12625 12627 12622
12627 12613 12622
12616 12613 12627
12616 12627 12628
12616 12628 12629
12630 12631 12632
12633 12630 12632
12634 12630 12633
12634 12635 12630
12633 12632 12636
12637 12635 12634
12638 12633 12636
12636 12639 12638
12638 12640 12633
12638 12641 12640
12637 12634 12642
12643 12637 12642
12644 12633 12640
12634 12633 12644
12641 12645 12640
12646 12645 12641
12647 12644 12640
12634 12644 12647
12647 12640 12645
12643 12642 12648
12643 12648 12649
12642 12634 12650
12634 12647 12650
12651 12642 12650
12648 12642 12651
12652 12650 12647
12651 12650 12652
12645 12646 12653
12654 12653 12646
12654 12655 12653
12654 12656 12655
12645 12657 12647
12652 12647 12657
12645 12653 12658
12658 12653 12655
12645 12658 12657
12659 12651 12652
12648 12651 12659
12656 12660 12655
12656 12661 12660
12655 12660 12662
12663 12655 12662
12663 12664 12655
12658 12655 12664
12665 12664 12663
12657 12666 12652
12659 12652 12666
12658 12667 12657
12668 12667 12665
12657 12669 12666
12658 12670 12667
12665 12667 12670
12658 12671 12670
12665 12670 12671
12666 12669 12672
12672 12669 12673
12666 12672 12674
12674 12659 12666
12674 12675 12659
12676 12659 12675
12676 12675 12677
12648 12659 12676
12676 12677 12678
12679 12648 12676
12679 12649 12648
12679 12680 12649
12678 12681 12676
12676 12681 12679
12681 12680 12679
12681 12678 12682
12681 12683 12680
12681 12682 12684
12684 12683 12681
12685 12684 12682
12684 12686 12683
12685 12687 12684
12687 12686 12684
12688 12686 12687
12689 12690 12691
12689 12691 12692
12691 11140 12692
12691 12693 11140
12694 12695 12696
12695 12697 12696
12698 12697 12695
12699 12696 12697
12699 12700 12696
12698 12701 12697
12698 12702 12701
12703 12701 12702
12703 12702 12704
12705 12701 12703
12706 12697 12701
12705 12706 12701
12706 12699 12697
12707 12706 12705
12707 12708 12706
12699 12706 12708
12709 12708 12707
12710 12700 12699
12699 12708 12710
12710 12711 12700
12709 12712 12708
12712 12710 12708
12712 12711 12710
12713 12712 12709
12712 12714 12711
12713 12715 12712
12714 12712 12715
12713 12716 12715
12714 12715 12717
12718 12714 12717
12717 12719 12718
12717 12720 12719
12717 12721 12720
12716 12722 12715
12717 12715 12722
12717 12722 12721
12716 12723 12722
12722 12724 12721
12722 12723 12724
12725 12726 12727
12727 12728 12725
12727 12729 12728
12730 12728 12729
12731 12732 12729
12731 12733 12732
12733 12734 12732
12735 12733 12731
12734 12733 12736
12736 12733 12735
12734 12736 12737
12737 12736 12738
12737 12738 12739
12740 12736 12735
12741 12736 12740
12742 12740 12735
12743 12744 12745
12745 12746 12743
12745 12747 12746
12747 12748 12746
12747 12749 12748
12745 12750 12747
12750 12749 12747
12750 12751 12749
12751 12750 12752
12752 12753 12751
12752 12754 12753
12753 12754 12755
12756 12757 12758
12759 12756 12758
12759 12760 12756
12761 12760 12759
12761 12762 12760
12763 12762 12761
12764 12762 12763
12763 12761 12765
12763 12766 12764
12766 12767 12764
12766 12768 12767
12768 12766 12769
12763 12765 12770
12766 12763 12770
12769 12766 12770
12770 12765 12771
12769 12770 12772
12773 12770 12771
12772 12770 12773
12774 12775 12776
12777 12776 12775
12777 12778 12776
12778 12777 12779
12780 12778 12779
12781 12782 12783
12782 12784 12783
12782 12785 12784
12786 12784 12785
12786 12785 12787
12785 12788 12787
12785 12789 12788
12785 12790 12789
12791 12792 12793
12794 12791 12793
12794 12793 12795
12795 12796 12794
12795 12797 12796
12798 12796 12797
12798 12797 12799
12799 12800 12798
12799 12801 12800
12801 12802 12800
12801 12803 12802
12803 12804 12802
12803 12805 12804
12804 12805 12806
12807 12804 12806
12806 12805 12808
12809 12810 12811
12810 12809 12812
12810 12812 12813
12814 12813 12812
12814 12815 12813
12816 12815 12814
12816 12817 12815
12817 12816 12818
12818 12816 12819
12817 12818 12820
12818 12819 12821
12822 12820 12818
12818 12821 12822
12822 12823 12820
12822 12821 12824
12825 12823 12822
12822 12824 12825
12825 12826 12823
12827 12826 12825
12825 12824 12828
12825 12828 12827
12827 12829 12826
12828 12830 12827
12830 12828 12831
12832 12827 12830
12833 12827 12832
12834 12827 12833
12829 12827 12834
12829 12834 12835
12836 12837 12838
12836 12839 12837
12836 12840 12839
12841 12837 12839
12840 12841 12839
12841 12842 12837
12843 12842 12841
12842 12843 12844
12845 12843 12841
12845 12841 12840
12840 12846 12845
12840 12847 12846
12848 12846 12847
12848 12847 12849
12850 12848 12849
12850 12849 12851
12852 12850 12851
12852 12853 12850
12853 12852 12854
12855 12856 12854
12855 12857 12856
12856 12857 12858
12858 12857 12859
12858 12859 12860
12859 12861 12860
12855 12862 12857
12863 12857 12862
12861 12864 12863
12863 12864 12857
12865 12862 12855
12865 12855 12866
12855 12854 12866
12865 12866 12867
12854 12868 12866
12869 12868 12854
12870 12867 12866
12868 12870 12866
12870 12871 12867
12872 12868 12869
12870 12868 12872
12872 12869 12873
12872 12873 12874
12871 12870 12875
12870 12872 12875
12871 12875 12876
12872 12874 12877
12875 12872 12877
12878 12877 12874
12876 12875 12879
12875 12877 12879
12876 12879 12880
12878 12881 12877
12881 12879 12877
12882 12881 12878
12883 12880 12879
12881 12883 12879
12883 12884 12880
12882 12885 12881
12885 12883 12881
12885 12882 12886
12887 12884 12883
12885 12887 12883
12887 12888 12884
12889 12888 12887
12890 12888 12889
12891 12887 12885
12889 12887 12891
12885 12886 12892
12891 12885 12892
12890 12889 12893
12894 12890 12893
12893 12889 12895
12889 12896 12895
12891 12896 12889
12891 12897 12896
12897 12891 12898
12891 12892 12898
12898 12892 12899
12899 12892 12900
12886 12900 12892
12900 12886 12901
12902 12903 12904
12902 12904 12905
12902 12905 12906
12907 12905 12904
12906 12905 12908
12907 12909 12905
12909 12907 12910
12908 12905 12911
12909 12911 12905
12908 12911 12912
12909 12913 12911
12909 12910 12914
12913 12909 12914
12914 12910 12915
12913 12914 12916
12914 12915 12917
12917 12916 12914
12918 12917 12915
12917 12919 12916
12918 12920 12917
12920 12919 12917
12920 12921 12919
12922 12920 12918
12923 12921 12920
12922 12924 12920
12923 12920 12924
12924 12922 12925
12924 12926 12923
12924 12925 12926
12927 12926 12925
12927 12928 12926
12927 12929 12928
12930 12931 12932
12932 12931 12933
12932 12933 12934
12934 12933 12935
12936 12934 12935
12937 12934 12936
12937 12936 12938
12939 12937 12938
12937 12939 12940
12941 12940 12939
12942 12940 12941
12934 12937 12943
12934 12943 12944
12932 12934 12944
12945 12937 12940
12932 12944 12946
12932 12946 12947
12944 12945 12948
12944 12948 12946
12947 12946 12949
12947 12949 12950
10713 12950 12949
12946 12951 12949
12946 12948 12951
10713 12949 12952
12952 12949 12951
10713 12952 10712
12953 12948 12945
12945 12940 12953
12952 12954 10712
10706 10712 12954
12953 12955 12948
12951 12948 12955
12956 12953 12940
12956 12955 12953
12952 12951 12957
12952 12957 12954
12951 12955 12958
12957 12951 12958
10706 12954 12959
10706 12959 10708
12960 12954 12957
12957 12958 12960
12958 12955 12961
12956 12961 12955
12954 12962 12959
12960 12962 12954
10708 12959 12963
12962 12963 12959
10708 12963 10729
12963 12962 12964
12965 12964 12962
12965 12962 12960
12965 12966 12964
12965 12967 12966
12960 12958 12968
12960 12968 12965
12965 12968 12967
12958 12961 12968
12969 12967 12968
12969 12968 12961
12970 12969 12961
12970 12961 12956
12956 12971 12970
12956 12972 12971
12956 12940 12972
12972 12940 12942
12972 12942 12973
12974 12972 12973
12972 12974 12971
12971 12974 12975
12976 12977 12978
12976 12979 12977
12977 12979 12980
12979 12981 12980
12979 12982 12981
12983 12982 12979
12983 12984 12982
12985 12984 12983
12985 12983 12986
12983 12979 12987
12988 12987 12979
12988 12989 12976
12983 12990 12986
12983 12987 12990
12990 12991 12986
12992 12991 12990
12990 12987 12993
12990 12993 12992
12988 12993 12994
12988 12995 12993
12996 12993 12995
12997 12992 12993
12997 12993 12996
12997 12996 12998
12997 12998 12999
13000 12999 12998
13000 12998 13001
13002 13000 13001
13002 13003 13004
13003 13005 13004
13003 13006 13005
13005 13006 13007
13005 13007 13008
13008 13007 13009
13008 13009 13010
13010 13009 13011
13007 13012 13009
13011 13009 13012
13010 13011 13013
13011 13012 13014
13011 13015 13013
13016 13011 13014
13016 13014 13017
13011 13018 13015
13018 13011 13016
13019 13015 13018
13019 13018 13020
13020 13018 13021
13021 13018 13022
13022 13018 13016
13022 13016 13023
13016 13024 13023
13024 13016 13017
13024 13017 13025
13026 13027 13028
13029 13028 13027
13029 13030 13028
13030 13029 13031
13030 13031 13032
13033 13031 13034
13033 13034 13035
13034 13036 13035
13034 13037 13036
13036 13037 13038
13039 13033 13035
13039 13035 13036
13036 13038 13040
13041 13036 13040
13040 13038 13042
13041 13040 13042
13042 13038 13043
13041 13042 13044
13041 13044 13045
13041 13045 13046
13041 13047 13036
13039 13036 13047
13041 13046 13048
13041 13048 13047
13049 13048 13046
13049 13050 13048
13050 13047 13048
13051 13050 13049
13050 13051 13052
13050 13053 13047
13053 13050 13052
13039 13047 13053
13053 13052 13054
13054 13055 13053
13053 13055 13056
13039 13053 13056
13056 13055 13057
13056 13057 13058
13056 13059 13039
13039 13059 13033
13060 13056 13058
13056 13060 13059
13060 13058 13061
13062 13060 13061
13033 13059 13063
13063 13059 13060
13063 13060 13062
13033 13063 13064
13062 13065 13063
13064 13063 13065
13062 13066 13065
13064 13065 13067
13068 13065 13066
13069 13067 13065
13068 13069 13065
13069 13070 13067
13071 13069 13068
13072 13070 13069
13071 13072 13069
13072 13071 13073
13074 13075 13076
13074 13076 13077
13077 13078 13074
13077 13076 13079
13077 13080 13078
13080 13081 13078
13081 13080 13082
13077 13079 13083
13080 13077 13083
13082 13080 13083
13084 13083 13079
13082 13083 13085
13083 13084 13086
13083 13086 13085
13087 13088 13089
13090 13089 13088
13090 13088 13091
13090 13091 13092
13090 13092 13093
13094 13089 13090
13094 13090 13093
13094 13093 13095
13094 13096 13089
13095 13097 13094
13097 13096 13094
13095 13098 13097
13099 13097 13098
13099 13100 13097
13100 13099 13101
13097 13102 13096
13100 13102 13097
13100 13101 13103
13104 13103 13101
13104 13105 13103
13105 13106 13103
13100 13103 13106
13106 13105 13107
13106 13107 13108
13100 13106 13109
13109 13106 13108
13100 13109 13102
13109 13108 13110
13109 13110 13111
13109 13111 13112
13102 13109 13112
13111 13113 13112
13114 13113 13111
13115 13102 13112
13112 13113 13115
13116 13113 13114
13116 13114 13117
13115 13118 13102
13102 13118 13096
13119 13115 13113
13118 13115 13119
13119 13113 13116
13118 13119 13120
13121 13116 13117
13121 13117 13122
13120 13119 13123
13120 13123 13124
13125 13124 13123
13126 13119 13116
13126 13116 13121
13123 13119 13126
13125 13123 13127
13127 13123 13126
13127 13126 13128
13128 13126 13129
13121 13129 13126
13129 13121 13122
13129 13122 13130
13131 13125 13132
13131 13132 13133
13133 13134 13131
13096 13134 13133
13096 13135 13134
13136 13137 13138
13139 13137 13136
13139 13136 13140
13141 13142 13143
13141 11211 13142
13144 13142 11211
11204 11211 13141
13144 11211 13145
11211 11208 13145
13146 13144 13145
11208 13146 13145
13146 13147 13144
13148 11204 13141
13148 11201 11204
13148 13149 11201
11201 13149 13150
13141 13151 13148
13141 13152 13151
13153 13151 13152
11208 13154 13146
11208 11206 13154
13155 13146 13154
13147 13146 13156
13157 13155 13154
11206 13157 13154
13147 13156 13158
13159 13158 13156
11206 11205 13157
13159 13156 13160
13157 13160 13156
13161 13159 13160
13162 13157 11205
11210 13162 11205
13160 13157 13163
13162 13163 13157
13161 13160 13164
13164 13160 13163
13165 13164 13163
13166 13161 13164
13166 13167 13161
13166 13168 13167
13162 11210 13169
11210 11212 13169
13170 13169 11212
13170 13171 13169
13170 13172 13171
13170 13173 13172
13162 13169 13174
13174 13163 13162
13174 13169 13175
13166 13176 13168
13176 13177 13168
13176 13178 13177
13179 13166 13163
13179 13176 13166
13179 13178 13176
13174 13179 13163
13179 13180 13178
13181 13180 13179
13181 13179 13174
13174 13175 13181
13172 13181 13175
13172 13182 13181
13172 13183 13182
13184 13185 13186
13184 13186 13187
13184 13187 10547
13184 10547 13188
13189 10547 13187
13186 13189 13187
13189 13190 10547
13186 13191 13189
13192 13190 13189
13186 13193 13191
13192 10544 13190
13194 13191 13193
13194 13195 13191
13196 13194 13193
13197 10544 13192
13197 10548 10544
13192 13195 13198
13194 13198 13195
13192 13198 13199
13192 13199 13197
13200 13197 13199
13199 13198 13201
13201 13198 13194
13201 13200 13199
13202 13201 13194
13196 13202 13194
13201 13202 13200
13203 10548 13197
13200 13203 13197
13203 13204 10548
10548 13204 10532
10534 10532 13204
13204 13203 13205
10534 13204 13205
13203 13200 13206
13203 13206 13205
13207 13206 13200
10534 13205 13208
10534 13208 10681
13209 13205 13206
13209 13208 13205
10681 13208 13210
10681 13210 10694
13207 13200 13211
13212 13211 13200
13213 13211 13212
13213 13207 13211
13213 13212 13196
13213 13196 13214
13213 13215 13207
13216 13207 13215
13217 13207 13216
13218 13207 13217
13218 13206 13207
13218 13217 13219
13218 13209 13206
13209 13218 13219
13209 13219 13220
13208 13209 13220
13221 13220 13219
13221 13222 13220
13208 13220 13210
13222 13210 13220
13222 13223 13210
13224 13210 13223
13224 10694 13210
10688 10694 13224
13224 13223 13225
13226 10688 13224
13226 13224 13225
10688 13226 10687
13227 13226 13225
13227 10687 13226
13227 13225 13228
13229 13227 13228
13227 13230 10687
13230 13227 13229
10687 13230 10686
13230 13229 13231
13232 13231 13229
13230 13233 10686
13230 13231 13233
13233 13234 10686
13233 13235 13234
13236 13235 13233
13236 13233 13237
13231 13237 13233
13237 13238 13236
13239 13231 13232
13231 13239 13237
13240 13239 13232
13237 13241 13238
13239 13241 13237
13242 13238 13241
13240 13243 13239
13239 13243 13241
13242 13241 13244
13244 13241 13243
13244 13245 13242
13244 13246 13245
13246 13244 13247
13244 13243 13247
13247 13248 13246
13247 13249 13248
13250 13249 13247
13251 13243 13240
13251 13247 13243
13250 13247 13251
13240 13252 13251
13251 13253 13250
13251 13252 13253
10776 13254 13255
10776 13255 13256
13257 13256 13255
13257 13258 13256
10767 13258 13257
10767 13259 13258
13260 13261 13262
13261 13263 13262
13261 13264 13263
13264 13265 13263
13264 13266 13265
13267 13265 13266
13267 13268 13265
13263 13265 13269
13270 13265 13268
13270 13269 13265
13270 13271 13269
13270 13272 13271
13269 13271 13273
13262 13274 13273
13269 13273 13274
13262 13275 13274
13269 13274 13275
13276 13277 13278
13276 13279 13277
13276 13280 13279
13277 13279 13281
13281 13282 13277
13283 13282 13281
13284 13279 13280
13281 13279 13284
13285 13284 13280
13283 13281 13286
13281 13284 13286
13287 13283 13286
13287 13286 13288
13284 13288 13286
13284 13289 13288
13289 13284 13285
13289 13285 13290
13291 13292 13293
13291 13293 13294
13295 13291 13294
13294 13293 13296
13295 13294 13297
13294 13296 13298
13297 13294 13298
13297 13298 13299
13300 13298 13296
13300 13299 13298
13300 13301 13302
13300 13303 13301
13301 13304 13302
13303 13305 13301
13301 13305 13304
13305 13306 13304
13303 13307 13305
13305 13308 13306
13307 13308 13305
13307 13309 13308
13310 13311 13312
13310 13312 13313
13314 13310 13313
13313 13312 13315
13314 13313 13316
13317 13314 13316
13313 13315 13318
13316 13313 13318
13319 13318 13315
13317 13316 13320
13321 13317 13320
13319 13322 13318
13322 13319 13323
13316 13318 13324
13322 13324 13318
13320 13316 13324
13323 13325 13322
13325 13324 13322
13324 13325 13326
13320 13324 13326
13321 13320 13327
13327 13320 13326
13328 13321 13327
13328 13329 13321
13330 13328 13327
13330 13327 13331
13327 13326 13331
13332 13330 13331
13333 13331 13326
13333 13334 13323
13333 13326 13334
13335 13336 13337
13335 13337 13338
13339 13335 13338
13340 13338 13337
13340 13337 13341
13339 13338 13342
13342 13338 13340
13343 13339 13342
13343 13342 13344
13340 13344 13342
13343 13344 13345
13344 13346 13345
13341 13347 13340
13340 13347 13344
13344 13347 13346
13341 13348 13347
13347 13349 13346
13347 13348 13349
13350 13351 13352
13350 13352 13353
13354 13350 13353
13352 13355 13353
13352 13356 13355
13355 13356 13357
13355 13357 13358
13359 13358 13357
13360 13358 13359
13360 13361 13358
13362 13358 13361
13354 13353 13363
13364 13354 13363
13353 13355 13365
13353 13365 13363
13365 13355 13358
13364 13363 13365
13362 13366 13358
13365 13358 13366
13364 13365 13366
13366 13362 13367
13367 13364 13366
13368 13364 13367
13369 13370 13371
13369 13371 13372
13372 13371 13373
13374 13369 13372
13372 13373 13375
13374 13372 13376
13376 13372 13375
13377 13374 13376
13376 13375 13378
13377 13376 13378
13379 13380 13381
13379 13381 13382
13382 13381 13383
13384 13379 13382
13382 13383 13385
13384 13382 13386
13386 13382 13385
13387 13384 13386
13386 13385 13388
13387 13386 13388
13389 13390 10889
13389 10889 13391
13389 13391 13392
13393 13394 13395
13394 13396 13395
13397 13396 13394
13398 13397 13394
13399 13400 13401
13399 13401 13402
13403 13404 13405
13403 13406 13404
13407 13404 13406
13408 13409 13403
13408 13410 13409
13410 13411 13409
13410 13412 13411
13412 13413 13411
13412 13414 13413
13415 13413 13414
13415 13414 13416
13417 13418 13419
13417 13420 13418
13421 13420 13417
13421 13417 13422
13423 13422 13417
13423 13417 13424
13423 13424 13425
13423 13425 13426
13423 13426 13427
13423 13428 13422
13427 13428 13423
13429 13427 13426
13429 13426 13430
13431 13429 13430
13432 13427 13429
13427 13432 13428
13433 13429 13431
13432 13429 13433
13433 13431 13434
13435 13434 13431
13435 13436 13434
13434 13436 13437
13434 13437 13438
13439 13433 13434
13439 13434 13438
13432 13433 13439
13439 13438 13440
13441 13439 13440
13441 13432 13439
13441 13440 13442
13432 13441 13443
13442 13443 13441
13432 13443 13428
13442 13444 13443
13428 13443 13445
13428 13445 13422
13443 13446 13445
13443 13447 13446
13448 13446 13447
13448 13447 13449
13450 13422 13445
13450 13421 13422
13451 13450 13445
13451 13445 13452
13453 13451 13452
13453 13452 13454
13450 13455 13421
13455 13420 13421
13456 13455 13450
13457 13456 13450
13457 13450 13458
13459 13457 13458
13459 13460 13457
13456 13461 13455
13455 13462 13420
13462 13455 13461
13420 13462 13463
13420 13463 13464
13462 13461 13465
13462 13465 13466
13462 13466 13467
13465 13461 13468
13465 13468 13469
13469 13470 13465
13469 13471 13470
13461 13472 13468
13461 13473 13472
13474 13468 13472
13474 13472 13475
13476 13475 13472
13477 13472 13473
13476 13472 13477
13477 13473 13457
13478 13476 13477
13478 13479 13476
13480 13477 13457
13480 13457 13481
13482 13468 13483
13482 13483 13484
13485 13482 13484
13485 13484 13486
13483 13487 13488
13483 13488 13489
13490 13488 13487
13490 13491 13488
13492 13491 13490
13492 13490 13493
13491 13494 13488
13491 13495 13494
13496 13488 13494
13496 13489 13488
13497 13495 13491
13497 13498 13495
13499 13489 13496
13499 13500 13489
13500 13499 13501
13500 13501 13502
13503 13499 13496
13503 13504 13499
13503 13505 13504
13503 13496 13506
13507 13506 13496
13495 13508 13507
13507 13508 13506
13506 13509 13503
13509 13510 13503
13509 13511 13510
13495 13512 13508
13513 13512 13495
13513 13495 13514
13506 13515 13509
13508 13515 13506
13515 13516 13509
13516 13517 13509
13516 13518 13517
13508 13519 13515
13515 13519 13516
13508 13520 13519
13521 13520 13508
13522 13516 13519
13522 13523 13516
13522 13524 13523
13522 13525 13524
13521 13526 13520
13527 13526 13521
13527 13528 13526
13522 13519 13529
13529 13519 13520
13522 13530 13525
13530 13522 13529
13529 13520 13531
13531 13520 13532
13533 13525 13530
13533 13534 13525
13535 13534 13533
13530 13529 13536
13536 13533 13530
13536 13529 13531
13531 13532 13537
13538 13537 13532
13538 13539 13537
13540 13535 13533
13536 13540 13533
13540 13541 13535
13542 13535 13541
13542 13541 13543
13541 13544 13543
13541 13545 13544
13546 13541 13540
13546 13545 13541
13536 13546 13540
13546 13547 13545
13548 13546 13536
13548 13547 13546
13536 13531 13548
13548 13549 13547
13549 13548 13531
13549 13531 13550
13551 13552 13550
13551 13553 13552
13554 13555 13556
13554 13444 13555
13557 13558 13559
13557 13559 13560
13561 13562 13563
13561 13564 13562
13565 13564 13561
13565 13561 13566
13562 13564 13567
13562 13567 13568
13564 13565 13569
13564 13569 13567
13568 13567 13570
13568 13570 13571
13572 13571 13570
13565 13573 13569
13573 13565 13574
13567 13569 13575
13567 13575 13570
13569 13576 13575
13573 13577 13569
13569 13577 13576
13578 13577 13573
13578 13576 13577
13578 13573 13579
13578 13580 13576
13581 13570 13575
13581 13575 13576
13581 13582 13570
13572 13570 13583
13584 13576 13580
13580 13585 13584
13584 13585 13586
13587 13572 13583
13587 13588 13572
13589 13588 13587
13589 13587 13590
13590 13587 13583
13590 13583 13581
13591 13581 13576
13584 13591 13576
13581 13591 13592
13581 13592 13593
13594 13593 13592
13594 13595 13593
13596 13595 13594
13597 13596 13594
13594 13598 13597
13594 13599 13598
13591 13584 13600
13591 13600 13601
13601 13600 13599
13601 13599 13602
13584 13586 13600
13599 13600 13586
13599 13586 13603
13598 13599 13603
13598 13603 13604
13605 13606 13607
13607 13606 13608
13609 13607 13608
13610 13607 13609
13611 13612 13613
13611 13613 13614
13615 13616 13617
13615 13617 13618
13619 13618 13617
13620 13615 13621
13620 13621 13622
13622 13621 13623
13622 13623 13624
13624 13623 13625
13624 13625 13626
13627 13626 13625
13627 13628 13626
13629 13630 13631
13629 13631 13632
13632 13631 13474
13632 13474 13489
13633 13634 13635
13633 13635 13636
13637 13638 13639
13637 13639 13640
13641 13637 13640
13641 13642 13637
13643 13642 13641
13639 13644 13640
13639 13645 13644
13640 13646 13641
13641 13646 13643
13640 13644 13646
13645 13647 13644
13645 13648 13647
13649 13647 13648
13644 13650 13646
13644 13647 13650
13646 13650 13651
13643 13646 13652
13646 13651 13652
13653 13643 13652
13653 13652 13651
13653 13654 13643
13653 13651 13655
13656 13650 13647
13656 13651 13650
13656 13647 13657
13649 13658 13647
13659 13655 13651
13655 13659 13660
13659 13661 13660
13662 13658 13649
13662 13649 13663
13664 13662 13663
13664 13665 13662
13665 13658 13662
13665 13656 13658
13666 13651 13656
13659 13651 13666
13656 13667 13666
13656 13668 13667
13669 13667 13668
13669 13668 13670
13671 13669 13670
13672 13669 13671
13669 13672 13673
13669 13673 13674
13666 13675 13659
13666 13676 13675
13676 13674 13675
13676 13677 13674
13659 13675 13661
13674 13661 13675
13674 13678 13661
13673 13678 13674
13673 13679 13678
13680 13681 13682
13680 13682 13683
13684 13680 13683
13684 13683 13685
13686 13687 13684
13686 13688 13687
13689 13687 13688
13689 13688 13690
13691 13689 13690
13691 13692 13689
13691 13693 13692
13694 13693 13691
13695 13693 13694
13695 13694 13696
13697 13695 13696
13698 13696 13699
13699 13696 13700
13701 13698 13699
13699 13700 13702
13703 13699 13702
13701 13699 13703
13703 13702 13704
13701 13703 13705
13705 13703 13704
13705 13704 13706
13706 13707 13705
13706 13708 13707
13709 13706 13704
13704 13710 13709
13704 13711 13710
13711 13700 13712
13711 13712 13710
13710 13712 13713
13710 13713 13714
13709 13710 13714
13714 13713 13715
13714 13715 13716
13716 13715 13685
13709 13714 13717
13717 13714 13716
13709 13718 13706
13718 13709 13717
13719 13708 13706
13719 13706 13718
13716 13685 13720
13717 13716 13721
13721 13716 13720
13718 13717 13722
13721 13722 13717
13685 13723 13720
13685 13724 13723
13723 13724 13682
13723 13682 13725
13726 13718 13722
13726 13719 13718
13719 13726 13727
13723 13728 13720
13721 13720 13728
13729 13723 13725
13723 13729 13728
13729 13725 13730
13721 13731 13722
13726 13722 13731
13732 13721 13728
13732 13731 13721
13728 13729 13733
13729 13730 13733
13728 13733 13732
13730 13734 13733
13734 13732 13733
13734 13730 13735
13736 13731 13732
13734 13736 13732
13737 13736 13734
13734 13735 13738
13734 13738 13737
13735 13739 13738
13740 13737 13738
13726 13731 13741
13736 13741 13731
13742 13726 13741
13742 13743 13726
13741 13736 13744
13742 13741 13744
13740 13745 13737
13745 13740 13746
13737 13747 13736
13747 13744 13736
13748 13744 13747
13747 13737 13749
13748 13747 13749
13750 13749 13737
13745 13750 13737
13750 13748 13749
13745 13751 13750
13745 13746 13751
13750 13752 13748
13751 13752 13750
13753 13742 13744
13748 13754 13744
13753 13744 13754
13755 13742 13753
13755 13743 13742
13756 13753 13754
13756 13755 13753
13757 13754 13748
13756 13754 13757
13752 13758 13748
13757 13748 13758
13757 13759 13756
13758 13760 13757
13757 13760 13759
13761 13758 13752
13758 13761 13760
13751 13762 13752
13761 13752 13762
13756 13763 13755
13759 13763 13756
13743 13755 13764
13755 13763 13765
13755 13765 13764
13743 13764 13766
13766 13719 13743
13719 13766 13767
13719 13767 13708
13768 13708 13767
13708 13768 13769
13770 13769 13768
13769 13770 13771
13772 13768 13767
13772 13773 13768
13773 13770 13774
13766 13775 13767
13775 13772 13767
13776 13766 13764
13776 13775 13766
13777 13764 13765
13777 13776 13764
13778 13772 13775
13779 13775 13776
13779 13778 13775
13780 13779 13776
13780 13776 13777
13772 13781 13773
13778 13781 13772
13778 13779 13782
13782 13779 13780
13781 13778 13783
13778 13782 13783
13773 13781 13784
13781 13783 13784
13773 13784 13785
13770 13773 13785
13770 13785 13786
13770 13786 13771
13784 13783 13787
13785 13784 13788
13787 13788 13784
13789 13786 13785
13785 13788 13789
13789 13790 13786
13771 13786 13790
13783 13782 13791
13783 13791 13787
13788 13792 13789
13792 13790 13789
13771 13790 13793
13793 13790 13794
13792 13794 13790
13793 13794 13795
13795 13794 13796
13795 13796 13797
13794 13792 13798
13798 13796 13794
13788 13799 13792
13799 13798 13792
13800 13788 13787
13800 13799 13788
13801 13787 13791
13801 13800 13787
13802 13799 13800
13799 13802 13798
13802 13800 13803
13800 13801 13803
13802 13804 13798
13802 13803 13804
13797 13796 13805
13797 13805 13806
13798 13807 13796
13804 13807 13798
13796 13807 13808
13805 13796 13808
13804 13809 13807
13809 13808 13807
13804 13803 13810
13809 13804 13810
13809 13811 13808
13810 13811 13809
13803 13801 13812
13803 13812 13810
13806 13805 13813
13806 13813 13814
13808 13815 13805
13811 13815 13808
13813 13816 13814
13816 13817 13814
13816 13813 13818
13805 13819 13813
13815 13819 13805
13820 13818 13813
13819 13820 13813
13821 13818 13820
13821 13820 13822
13821 13823 13818
13823 13821 13824
13822 13824 13821
13825 13823 13824
13819 13826 13820
13820 13826 13822
13827 13826 13819
13815 13827 13819
13822 13826 13827
13825 13824 13828
13829 13825 13828
13828 13830 13829
13829 13830 13831
13827 13815 13832
13815 13811 13832
13833 13832 13811
13810 13833 13811
13834 13833 13810
13834 13810 13812
13833 13835 13832
13835 13833 13834
13827 13832 13836
13836 13832 13835
13837 13834 13812
13812 13801 13837
13838 13827 13836
13822 13827 13838
13838 13839 13822
13839 13838 13836
13801 13840 13837
13791 13840 13801
13839 13841 13822
13822 13841 13824
13842 13824 13841
13839 13842 13841
13842 13843 13824
13842 13830 13843
13791 13844 13840
13844 13791 13782
13844 13782 13845
13846 13844 13845
13782 13780 13845
13780 13846 13845
13780 13847 13846
13847 13780 13777
13847 13777 13848
13848 13777 13765
13848 13765 13849
13763 13849 13765
13850 13847 13848
13849 13850 13848
13763 13851 13849
13759 13851 13763
13851 13852 13849
13849 13852 13850
13850 13853 13847
13853 13846 13847
13854 13851 13759
13851 13854 13852
13855 13850 13852
13853 13850 13855
13854 13759 13856
13856 13759 13760
13854 13857 13852
13855 13852 13857
13858 13854 13856
13854 13858 13857
13760 13859 13856
13858 13856 13859
13858 13860 13857
13855 13857 13860
13760 13861 13859
13761 13861 13760
13862 13858 13859
13858 13862 13860
13862 13859 13863
13859 13861 13863
13761 13864 13861
13864 13761 13762
13865 13861 13864
13865 13863 13861
13866 13862 13863
13860 13862 13866
13864 13762 13867
13865 13864 13867
13868 13867 13762
13751 13868 13762
13868 13869 13867
13870 13863 13865
13866 13863 13870
13865 13867 13871
13871 13867 13869
13872 13870 13865
13872 13865 13871
13860 13866 13873
13873 13874 13860
13855 13860 13874
13873 13875 13874
13876 13855 13874
13877 13876 13874
13853 13855 13876
13877 13874 13878
13873 13879 13878
13866 13880 13873
13873 13880 13879
13866 13870 13881
13866 13881 13880
13876 13882 13853
13853 13882 13846
13881 13870 13883
13872 13883 13870
13884 13880 13881
13881 13883 13884
13876 13885 13882
13877 13885 13876
13886 13846 13882
13885 13886 13882
13884 13887 13880
13887 13879 13880
13883 13888 13884
13888 13887 13884
13877 13889 13885
13885 13889 13886
13886 13890 13846
13846 13890 13844
13891 13844 13890
13891 13840 13844
13890 13886 13892
13890 13892 13891
13886 13889 13893
13886 13893 13892
13894 13892 13893
13895 13840 13891
13895 13837 13840
13896 13891 13892
13894 13896 13892
13896 13895 13891
13893 13889 13897
13877 13897 13889
13898 13837 13895
13898 13834 13837
13895 13896 13899
13895 13899 13898
13898 13900 13834
13835 13834 13900
13901 13900 13898
13901 13898 13899
13902 13835 13900
13902 13900 13901
13836 13835 13902
13896 13903 13899
13896 13894 13903
13899 13904 13901
13899 13903 13904
13902 13905 13836
13839 13836 13905
13906 13902 13901
13906 13901 13904
13902 13906 13905
13904 13907 13906
13905 13906 13907
13903 13908 13904
13904 13908 13907
13909 13839 13905
13839 13909 13842
13909 13905 13910
13905 13907 13910
13909 13911 13842
13910 13911 13909
13911 13912 13842
13907 13913 13910
13910 13913 13911
13914 13912 13911
13914 13831 13912
13914 13911 13915
13915 13911 13913
13907 13916 13913
13916 13907 13908
13903 13917 13908
13894 13917 13903
13915 13913 13918
13918 13913 13916
13916 13908 13919
13919 13908 13917
13918 13916 13920
13920 13916 13919
13919 13917 13921
13894 13922 13917
13921 13917 13922
13920 13919 13923
13923 13919 13921
13920 13923 13924
13923 13921 13925
13925 13924 13923
13924 13925 13926
13920 13924 13927
13918 13920 13927
13925 13921 13928
13921 13922 13928
13929 13928 13922
13894 13930 13922
13929 13922 13930
13894 13931 13930
13929 13930 13931
13894 13893 13931
13893 13897 13931
13929 13931 13897
13932 13927 13924
13932 13924 13926
13918 13927 13933
13933 13927 13932
13925 13928 13934
13926 13925 13934
13935 13934 13928
13935 13928 13929
13926 13934 13935
13929 13936 13935
13929 13897 13937
13929 13937 13936
13937 13897 13877
13937 13877 13938
13936 13937 13938
13877 13878 13938
13878 13939 13938
13936 13938 13939
13878 13879 13939
13879 13936 13939
13940 13935 13936
13926 13935 13940
13879 13941 13936
13940 13936 13941
13942 13926 13940
13941 13942 13940
13943 13941 13879
13941 13943 13942
13887 13943 13879
13944 13943 13887
13944 13887 13945
13946 13944 13945
13947 13943 13944
13942 13943 13947
13942 13948 13926
13948 13932 13926
13949 13948 13942
13949 13932 13948
13949 13942 13950
13947 13944 13951
13946 13951 13944
13949 13952 13932
13933 13932 13952
13947 13953 13949
13947 13951 13953
13952 13949 13953
13933 13952 13954
13952 13953 13954
13955 13953 13951
13946 13955 13951
13955 13954 13953
13933 13954 13956
13918 13933 13956
13918 13956 13915
13955 13957 13954
13957 13955 13958
13956 13954 13959
13958 13955 13960
13955 13946 13960
13959 13958 13961
13962 13960 13946
13915 13956 13963
13956 13959 13963
13959 13961 13963
13915 13963 13964
13961 13964 13963
13961 13831 13964
13946 13965 13962
13888 13965 13946
13965 13966 13962
13966 13967 13962
13966 13968 13967
13888 13969 13965
13883 13969 13888
13970 13969 13883
13970 13883 13872
13971 13965 13969
13970 13971 13969
13965 13972 13966
13965 13971 13972
13966 13973 13968
13966 13972 13973
13974 13970 13872
13871 13974 13872
13970 13975 13971
13972 13971 13975
13871 13976 13974
13871 13869 13976
13974 13977 13970
13970 13977 13975
13975 13977 13978
13979 13974 13976
13979 13977 13974
13869 13979 13976
13978 13977 13979
13972 13975 13980
13980 13975 13978
13869 13981 13979
13981 13869 13982
13972 13980 13983
13972 13983 13973
13978 13979 13984
13981 13984 13979
13981 13982 13985
13985 13982 13751
13985 13751 13746
13981 13986 13984
13985 13986 13981
13746 13987 13985
13985 13987 13986
13986 13988 13984
13988 13978 13984
13980 13978 13989
13983 13980 13989
13989 13978 13990
13990 13978 13988
13983 13989 13991
13990 13991 13989
13746 13992 13987
13993 13992 13746
13987 13994 13986
13986 13994 13988
13987 13995 13994
13995 13987 13992
13996 13988 13994
13995 13996 13994
13997 13990 13988
13997 13988 13996
13991 13998 13983
13983 13998 13973
13990 13999 13991
13999 13990 13997
13993 14000 13992
13995 13992 14001
14001 13992 14000
13995 14002 13996
13997 13996 14003
14002 14003 13996
13995 14004 14002
14001 14004 13995
14002 14005 14003
14004 14005 14002
13997 14003 14006
14005 14006 14003
13999 13997 14007
13997 14006 14007
13999 14007 14008
14006 14008 14007
14001 14009 14004
14001 14000 14010
14009 14001 14010
14004 14011 14005
14009 14011 14004
14005 14012 14006
14005 14011 14013
14005 14013 14012
14009 14014 14011
14014 14013 14011
14009 14010 14015
14015 14014 14009
14000 14016 14010
14016 14015 14010
14012 14017 14006
14006 14017 14008
14013 14018 14012
14012 14018 14017
14000 14019 14016
13993 14019 14000
14015 14020 14014
14014 14021 14013
14020 14021 14014
14016 14022 14015
14020 14015 14022
14013 14023 14018
14021 14023 14013
14019 14024 14016
14024 14022 14016
13993 14025 14019
13993 13739 14025
13739 13993 14026
14027 14019 14025
14019 14027 14024
14027 14025 14028
14020 14022 14029
14030 14029 14022
14024 14031 14022
14030 14032 14029
14033 14029 14032
14032 14031 14034
14034 14031 14024
14032 14034 14035
14036 14024 14027
14034 14024 14036
14028 14037 14027
14036 14027 14037
14029 14038 14020
14020 14038 14021
14033 14039 14029
14029 14039 14038
14033 14040 14039
14035 14034 14041
14041 14034 14036
14028 14042 14037
14028 14043 14042
14044 14036 14037
14041 14036 14044
14044 14037 14042
14038 14045 14021
14021 14045 14023
14042 14046 14044
14041 14044 14046
14035 14041 14047
14047 14048 14035
14042 14043 14049
14042 14049 14046
14043 14050 14049
14043 14051 14050
14049 14050 14052
14049 14052 14046
14046 14052 14053
14041 14046 14054
14046 14053 14054
14047 14041 14054
14054 14053 14055
14054 14055 14056
14047 14054 14056
14056 14055 14057
14058 14047 14056
14047 14058 14048
14056 14057 14059
14058 14056 14059
14057 14060 14059
14060 14058 14059
14057 14061 14060
14060 14061 14062
14060 14063 14058
14060 14062 14064
14065 14064 14062
14066 14060 14064
14065 14066 14064
14066 14063 14060
14067 14066 14065
14067 14068 14066
14063 14066 14068
14063 14068 14069
14069 14070 14063
14069 14048 14070
14048 14069 14033
14048 14033 14071
14048 14071 14072
14073 14065 14074
14073 14074 14075
14076 14075 14074
14076 14077 14075
14076 14078 14077
14078 14079 14077
14080 14068 14081
14080 14081 14082
14078 14083 14084
14078 14085 14083
14086 14083 14085
14086 14087 14083
14087 14053 14088
14087 14088 14089
14090 14089 14088
14090 14091 14089
14051 14091 14090
14051 14092 14091
14093 14094 14081
14093 14067 14094
14095 14096 14094
14097 14096 14095
14098 14094 14096
14098 14099 14094
14100 14094 14099
14101 14099 14098
14102 14100 14099
14101 14102 14099
14102 14103 14100
14104 14101 14098
14104 14098 14096
14105 14102 14101
14104 14105 14101
14105 14106 14102
14106 14107 14102
14100 14107 14033
14107 14108 14033
14033 14108 14040
14107 14109 14108
14106 14109 14107
14110 14108 14109
14110 14040 14108
14109 14106 14111
14109 14111 14110
14106 14105 14112
14106 14112 14111
14104 14113 14105
14112 14105 14113
14114 14104 14096
14114 14113 14104
14115 14114 14096
14097 14115 14096
14097 14116 14115
14117 14116 14097
14115 14118 14114
14115 14116 14118
14114 14119 14113
14118 14119 14114
14117 14120 14116
14117 14121 14120
14112 14113 14122
14122 14113 14119
14123 14118 14116
14120 14123 14116
14120 14121 14124
14123 14120 14125
14120 14124 14125
14121 14126 14124
14126 14121 14127
14126 14127 14128
14129 14126 14128
14124 14126 14129
14128 14130 14129
14125 14124 14131
14124 14129 14131
14130 14132 14129
14133 14132 14130
14131 14129 14134
14129 14132 14134
14125 14131 14135
14135 14131 14134
14125 14136 14123
14125 14135 14137
14136 14125 14137
14135 14134 14138
14137 14135 14138
14136 14139 14123
14118 14123 14139
14118 14139 14140
14118 14140 14119
14141 14119 14140
14141 14140 14139
14141 14142 14119
14122 14119 14142
14143 14122 14142
14143 14112 14122
14143 14144 14112
14144 14111 14112
14144 14145 14111
14145 14110 14111
14145 14146 14110
14040 14110 14146
14040 14146 14147
14148 14040 14147
14148 14147 14038
14038 14147 14045
14149 14147 14146
14149 14045 14147
14146 14145 14150
14146 14150 14149
14145 14144 14151
14145 14151 14150
14152 14045 14149
14152 14023 14045
14152 14018 14023
14153 14150 14151
14153 14151 14154
14154 14155 14144
14154 14144 14143
14156 14149 14150
14156 14152 14149
14153 14156 14150
14152 14157 14018
14158 14152 14156
14158 14157 14152
14156 14153 14159
14156 14159 14158
14153 14154 14160
14160 14159 14153
14161 14154 14143
14160 14154 14161
14162 14018 14157
14162 14017 14018
14163 14157 14158
14163 14162 14157
14017 14162 14164
14017 14164 14008
14158 14159 14165
14158 14165 14163
14166 14162 14163
14166 14164 14162
14167 14163 14165
14167 14166 14163
14168 14165 14159
14167 14165 14168
14160 14169 14159
14168 14159 14169
14160 14161 14170
14169 14160 14170
14171 14008 14164
14164 14166 14172
14164 14172 14171
14171 14173 14008
13999 14008 14173
14173 14171 14174
14174 14171 14172
14175 13999 14173
14173 14174 14175
14175 13991 13999
14175 14176 13991
14175 14174 14176
13991 14176 13998
14177 14172 14166
14177 14166 14167
14178 14176 14174
13998 14176 14178
14179 14174 14172
14179 14172 14177
14178 14174 14179
14180 14177 14167
14177 14181 14179
14177 14180 14181
14179 14182 14178
14179 14181 14182
14183 13998 14178
14178 14182 14183
14180 14167 14184
14184 14167 14168
13998 14183 14185
13998 14185 13973
14184 14168 14186
14184 14186 14187
14169 14186 14168
14169 14188 14186
14187 14186 14188
14169 14170 14188
14189 14188 14170
14187 14188 14189
14190 13973 14185
14190 13968 13973
14190 14191 13968
14191 14192 13968
14190 14193 14191
14194 14193 14190
14185 14194 14190
14185 14195 14194
14183 14195 14185
14189 14170 14196
14196 14170 14161
14183 14197 14195
14182 14197 14183
14182 14198 14197
14181 14198 14182
14195 14197 14199
14199 14197 14198
14181 14200 14198
14200 14181 14180
14195 14199 14201
14201 14199 14202
14201 14203 14195
14199 14198 14204
14198 14200 14204
14202 14199 14204
14205 14204 14200
14200 14180 14206
14200 14206 14205
14206 14180 14184
14206 14184 14207
14205 14206 14207
14184 14187 14207
14202 14204 14208
14205 14208 14204
14202 14208 14209
14205 14209 14208
14202 14209 14210
14205 14207 14211
14187 14211 14207
14205 14211 14212
14205 14212 14213
14187 14214 14211
14214 14212 14211
14215 14214 14187
14215 14187 14189
14210 14213 14216
14213 14212 14216
14214 14217 14212
14217 14214 14215
14218 14216 14212
14217 14218 14212
14219 14215 14189
14219 14189 14196
14210 14216 14220
14218 14220 14216
14219 14196 14221
14196 14161 14221
14222 14221 14161
14161 14143 14222
14143 14142 14222
14142 14221 14222
14142 14141 14221
14223 14221 14141
14223 14219 14221
14141 14139 14223
14223 14224 14219
14223 14139 14224
14219 14224 14215
14139 14136 14224
14224 14225 14215
14225 14224 14136
14217 14215 14225
14225 14136 14137
14217 14225 14137
14217 14137 14218
14137 14138 14218
14218 14138 14226
14218 14226 14220
14138 14134 14226
14227 14220 14226
14210 14220 14227
14134 14228 14226
14228 14134 14132
14229 14227 14226
14229 14210 14227
14226 14228 14229
14228 14132 14230
14133 14230 14132
14230 14133 14231
14133 14232 14231
14232 14233 14231
14228 14230 14234
14228 14234 14235
14229 14228 14235
14235 14234 14236
14234 14233 14236
14236 14229 14235
14210 14229 14237
14236 14237 14229
14210 14237 14202
14238 14236 14233
14237 14236 14238
14233 14239 14238
14202 14237 14240
14237 14238 14240
14201 14202 14240
14238 14201 14240
14238 14241 14201
14241 14238 14239
14201 14241 14203
14203 14241 14239
14203 14239 14193
14242 14243 14244
14245 14243 14242
14245 14242 14246
14246 14247 14245
14245 14247 14248
14249 14245 14248
14249 14248 14250
14250 14251 14249
14250 14252 14251
14252 14253 14251
14252 14254 14253
13817 14255 14254
13817 14254 14256
14257 14258 14259
14257 14259 14260
14260 14259 14261
14261 14259 14262
14262 14263 14261
14263 14262 14264
14265 14264 14262
14265 14266 14264
14267 14266 14265
14267 14268 14266
14268 14267 14269
14268 14269 14270
14269 14271 14270
13771 13701 14272
13771 14272 13707
14273 14274 14275
14273 14275 14276
14276 14275 14277
14278 14277 14275
14274 14279 14275
14278 14275 14279
14280 14279 14274
14281 14279 14280
14278 14279 14282
14281 14282 14279
14278 14282 14283
14284 14282 14281
14283 14282 14284
14285 14286 14287
14285 14287 14288
14288 14287 14289
14290 14287 14286
14289 14287 14291
14290 14291 14287
14289 14291 14292
14293 14292 14291
14294 14291 14290
14293 14291 14294
14294 14290 14295
14293 14294 14296
14296 14294 14295
14297 14298 14299
14297 14299 14300
14300 14299 14301
14302 14301 14299
14298 14303 14299
14302 14299 14303
14304 14303 14298
14305 14303 14304
14302 14303 14306
14305 14306 14303
14302 14306 14307
14308 14306 14305
14307 14306 14308
14309 14310 14311
14309 14311 14312
14312 14311 14313
14314 14311 14310
14313 14311 14315
14314 14315 14311
14313 14315 14316
14317 14316 14315
14318 14315 14314
14317 14315 14318
14318 14314 14319
14317 14318 14320
14320 14318 14319
14321 14322 14323
14321 14323 14324
14324 14323 14325
14326 14325 14323
14322 14327 14323
14326 14323 14327
14328 14327 14322
14329 14327 14328
14326 14327 14330
14329 14330 14327
14326 14330 14331
14332 14330 14329
14331 14330 14332
14333 14334 14335
14333 14335 14336
14336 14335 14337
14338 14335 14334
14337 14335 14339
14338 14339 14335
14337 14339 14340
14341 14340 14339
14342 14339 14338
14341 14339 14342
14342 14338 14343
14341 14342 14344
14344 14342 14343
14345 14346 14347
14345 14347 14348
14348 14347 14349
14350 14349 14347
14346 14351 14347
14350 14347 14351
14352 14351 14346
14353 14351 14352
14350 14351 14354
14353 14354 14351
14350 14354 14355
14356 14354 14353
14355 14354 14356
14357 14358 14359
14357 14359 14360
14360 14359 14361
14362 14359 14358
14361 14359 14363
14362 14363 14359
14361 14363 14364
14365 14364 14363
14366 14363 14362
14365 14363 14366
14366 14362 14367
14365 14366 14368
14368 14366 14367
14369 14370 14371
14371 14370 14372
14369 14373 14370
14372 14370 14373
14374 14373 14369
14372 14373 12273
14375 14373 14374
12273 14373 14375
14375 14374 14376
12273 14375 12274
14375 14376 14377
14377 12274 14375
14378 14377 14376
14378 14376 14379
14380 14378 14379
14381 14378 14380
14382 14378 14381
14383 14378 14382
14383 14377 14378
14383 14384 14377
14377 14384 12274
14383 14385 14384
12274 14384 14385
14383 14386 14385
14387 12274 14385
12245 12274 14387
12245 14387 14388
14389 14385 14386
14389 14387 14385
14389 14386 14390
14388 14387 14391
14389 14391 14387
14388 14391 14392
14392 14391 14389
14388 14392 14393
14394 14389 14390
14392 14389 14394
14394 14390 14395
14396 14393 14392
14396 14392 14394
14396 14397 14393
14397 14396 14398
14399 14394 14395
14396 14394 14399
14399 14395 14400
14399 14400 14401
14402 14396 14399
14399 14401 14402
14402 14398 14396
14402 14401 14403
14404 14398 14402
14402 14403 14404
14404 14405 14398
14406 14404 14403
14405 14404 14407
14407 14404 14406
14408 14409 14410
14410 14409 14411
14412 14411 14409
14412 14413 14411
14412 14414 14413
14408 14415 14409
14409 14415 14412
14416 14415 14408
14416 14417 14415
14412 14415 14417
14418 14412 14417
14419 14417 14416
14417 14419 14420
14421 14417 14420
14421 14418 14417
14422 14418 14421
14418 14422 14423
14412 14424 14414
14418 14424 14412
14424 14425 14414
14426 14424 14418
14424 14426 14425
14418 14423 14427
14426 14418 14427
14423 14428 14427
14429 14428 14423
12375 14428 14429
14427 14430 14426
14427 14428 14430
14428 12375 14430
14426 14430 14425
12375 12374 14430
14431 14430 12374
14431 14425 14430
14431 12374 12371
14432 14425 14431
14432 14433 14425
14431 12371 14434
12372 14434 12371
14435 14431 14434
12372 14435 14434
14435 14432 14431
14436 14435 12372
14435 14436 14437
14437 14432 14435
14437 14436 14438
14439 14433 14432
14437 14439 14432
14439 14440 14433
14437 14438 14441
14437 14441 14439
14440 14439 14441
14441 14442 14440
14443 14441 14438
14441 14444 14442
14443 14444 14441
14444 14445 14442
14446 14444 14443
14446 14445 14444
14446 14443 14447
14445 14446 14448
14449 14446 14447
14448 14446 14449
14450 14451 14452
14453 14451 14450
14452 14451 14454
14455 14451 14453
14454 14451 14456
14456 14451 14455
