byte offset: 0
first index: 44814
index count: 4461
topology: trianglelist
format: DXGI_FORMAT_R16_UINT

11711 11712 11713
11711 11713 11714
11711 11714 11715
11711 11715 11716
11717 11711 11716
11717 11718 11711
11719 11718 11717
11719 11717 11720
11718 11721 11711
11721 11722 11711
11721 11723 11722
11722 11723 11724
11722 11724 11725
11718 11726 11721
11718 11719 11727
11718 11727 11728
11728 11726 11718
11727 11719 11729
11728 11730 11726
11731 11730 11728
11719 11732 11729
11719 11720 11732
11732 11720 11733
11733 11720 11734
11733 11734 11735
11736 11733 11735
11736 11737 11733
11736 11738 11737
11727 11729 11739
11727 11739 11740
11741 11736 11735
11736 11742 11738
11740 11739 11742
11736 11740 11742
11743 11736 11741
11743 11741 11744
11736 11743 11745
11736 11745 11740
11740 11745 11746
11740 11746 11747
11748 11747 11746
11740 11747 11749
11740 11749 11727
11748 11750 11747
11749 11747 11750
11751 11750 11748
11751 11752 11750
11753 11752 11751
11749 11750 11754
11754 11750 11752
11753 11755 11752
11754 11752 11756
11756 11752 11755
11753 11757 11755
11753 11758 11757
11759 11757 11758
11760 11749 11754
11727 11749 11761
11760 11761 11749
11727 11761 11762
11762 11761 11760
11763 11760 11754
11763 11754 11756
11727 11762 11764
11727 11764 11728
11731 11728 11764
11762 11760 11765
11764 11762 11765
11765 11760 11763
11731 11764 11766
11764 11765 11766
11731 11766 11767
11765 11763 11768
11766 11765 11768
11767 11766 11769
11766 11768 11769
11767 11769 11770
11770 11769 11771
11771 11769 11768
11770 11771 11772
11773 11763 11756
11768 11763 11773
11772 11771 11774
11772 11774 11775
11771 11768 11776
11768 11773 11776
11771 11776 11777
11771 11777 11774
11773 11777 11776
11773 11756 11778
11756 11755 11778
11775 11774 11779
11775 11779 11780
11781 11780 11779
11781 11779 11782
11774 11783 11779
11783 11782 11779
11774 11777 11783
11783 11784 11782
11785 11784 11783
11777 11785 11783
11785 11786 11784
11773 11787 11777
11787 11773 11778
11777 11787 11785
11755 11788 11778
11787 11778 11788
11785 11787 11788
11755 11757 11788
11786 11785 11789
11785 11788 11789
11786 11789 11790
11788 11757 11791
11788 11791 11789
11791 11790 11789
11759 11791 11757
11791 11792 11790
11759 11792 11791
11759 11793 11792
11794 11795 11796
11794 11796 11797
11798 11794 11797
11798 11799 11794
11800 11799 11798
11800 11801 11799
11802 11801 11800
11802 11803 11801
11804 11803 11802
11804 11805 11803
11806 11805 11804
11806 11807 11805
11806 11808 11807
11806 11809 11808
11808 11809 11810
11808 11810 11811
11811 11810 11812
11811 11812 11813
11812 11814 11813
11812 11815 11814
11814 11815 11816
11814 11816 11817
11817 11816 11818
11817 11818 11819
11819 11818 11820
11819 11820 11821
11820 11822 11821
11820 11823 11822
11822 11823 11824
11822 11824 11825
11826 11825 11824
11826 11827 11825
11828 11827 11826
11828 11826 11829
11830 11828 11829
11830 11829 11831
11832 11830 11831
11832 11831 11833
11834 11832 11833
11834 11835 11832
11835 11834 11836
11835 11836 11837
11837 11836 11838
11837 11838 11839
11839 11838 11840
11839 11840 11841
11842 11841 11840
11842 11843 11841
11842 11844 11843
11842 11845 11844
11845 11846 11844
11845 11847 11846
11846 11847 11848
11846 11848 11849
11849 11848 11850
11849 11850 11851
11852 11851 11850
11852 11853 11851
11854 11853 11852
11854 11855 11853
11856 11855 11854
11856 11857 11855
11856 11858 11857
11856 11859 11858
11860 11858 11859
11860 11861 11858
11862 11861 11860
11862 11863 11861
11864 11865 11866
11866 11867 11864
11866 11868 11867
11869 11867 11868
11870 11864 11867
11871 11867 11869
11870 11867 11871
11871 11869 11872
11873 11871 11872
11874 11871 11873
11875 11870 11871
11874 11875 11871
11875 11876 11870
11877 11875 11874
11876 11875 11878
11877 11878 11875
11876 11878 11879
11880 11878 11877
11881 11879 11878
11880 11881 11878
11881 11882 11879
11883 11881 11880
11884 11882 11881
11883 11884 11881
11884 11885 11882
11883 9762 11884
9762 11885 11884
11883 9761 9762
9762 9760 11885
11886 11887 11888
11887 11886 11889
11887 11889 11890
11891 11890 11889
11892 11889 11886
11893 11891 11889
11892 11893 11889
11893 11894 11891
11895 11894 11893
11896 11895 11893
11897 11893 11892
11896 11893 11897
11897 11892 11898
11899 11896 11897
11898 11900 11897
11899 11897 11900
11898 11901 11900
11902 11899 11900
11903 11900 11901
11902 11900 11903
11903 11901 11904
11905 11902 11903
11906 11903 11904
11905 11903 11906
11906 11904 11907
11905 11906 9783
9783 11906 11907
11905 9783 9782
9783 11907 9781
10870 11908 10869
10870 11909 11908
11909 11910 11908
11909 11911 11910
11911 11912 11910
11911 11913 11912
11913 11914 11912
11913 11915 11914
11915 11916 11914
11915 11917 11916
11917 11918 11916
11917 11919 11918
11919 11920 11918
11919 11921 11920
11921 11922 11920
11921 11923 11922
11924 11922 11923
11924 11923 11925
11926 11924 11925
11926 11925 11927
11927 11928 11926
11927 11929 11928
11930 11928 11929
11930 11929 11931
11932 11930 11931
11932 11931 11933
11933 11934 11932
11933 11935 11934
11934 11935 11936
11934 11936 11937
11938 11937 11936
11938 11936 11939
11938 11939 11940
11938 11940 11941
11940 11942 11941
11940 11943 11942
11944 11945 11946
11944 11946 11947
10889 10888 11948
10889 11948 11949
11949 11948 11950
11949 11950 11951
11951 11950 11952
11951 11952 11953
11953 11952 11954
11953 11954 11955
11955 11954 11956
11955 11956 11957
11957 11956 11958
11957 11958 11959
11959 11958 11960
11959 11960 11961
11961 11960 11962
11961 11962 11963
11964 11963 11962
11964 11965 11963
11966 11965 11964
11966 11967 11965
11967 11966 11968
11967 11968 11969
11970 11969 11968
11970 11971 11969
11972 11971 11970
11972 11973 11971
11973 11972 11974
11973 11974 11975
11974 11976 11975
11974 11977 11976
11978 11976 11977
11978 11979 11976
11978 11980 11979
11978 11981 11980
11981 11982 11980
11981 11983 11982
11984 11985 11986
11984 11986 11987
11988 11989 11990
11991 11988 11990
11992 11991 11990
11992 11990 11993
11994 11992 11993
11994 11995 11992
11996 11995 11994
11996 11997 11995
11998 11997 11996
11998 11999 11997
12000 11999 11998
12000 11998 12001
12002 12000 12001
12002 12001 12003
12004 12002 12003
12004 12003 12005
12005 12006 12004
12005 12007 12006
12007 12008 12006
12007 12009 12008
12010 12008 12009
12010 12009 12011
12011 12012 12010
12011 12013 12012
12013 12014 12012
12013 12015 12014
12016 12014 12015
12016 12017 12014
12018 12017 12016
12018 12019 12017
12020 12019 12018
12020 12021 12019
12020 12022 12021
12020 12023 12022
12024 12022 12023
12024 12025 12022
12026 12025 12024
12026 12027 12025
12028 12029 12030
12028 12030 12031
12032 12028 12031
12031 12030 12033
12034 12032 12031
12031 12033 12034
12034 10901 12032
12034 12033 12035
12036 10901 12034
12036 10899 10901
12036 10898 10899
12034 12035 12037
12037 12036 12034
12038 12036 12037
12037 12035 12039
12037 12039 12038
12038 12039 12040
12036 12041 10898
12038 12041 12036
10890 10898 12041
10890 12041 12042
12038 12042 12041
12038 12040 12043
12043 12040 12044
10890 12042 12045
10890 12045 10891
12042 12046 12045
12038 12047 12042
12047 12046 12042
12043 12047 12038
12048 12046 12047
12048 12047 12043
12048 12049 12046
12043 12044 12050
12050 12048 12043
12050 12044 12051
12052 12049 12048
12050 12052 12048
12052 12053 12049
12054 12053 12052
12054 12055 12053
12054 12056 12055
12054 12057 12056
12054 12058 12057
12058 12059 12057
12058 12060 12059
12061 12059 12060
12054 12062 12058
12060 12058 12062
12063 12054 12052
12054 12063 12062
12050 12064 12052
12063 12052 12064
12065 12064 12050
12065 12063 12064
12050 12051 12065
12061 12060 12066
12067 12061 12066
12065 12068 12063
12062 12063 12068
12051 12069 12065
12069 12068 12065
12051 12070 12069
12069 12070 12071
12069 12071 12072
12069 12072 12073
12069 12073 12068
12068 12073 12074
12060 12062 12075
12066 12060 12075
12062 12068 12076
12068 12074 12076
12075 12062 12076
12074 12077 12076
12075 12076 12077
12074 12078 12077
12066 12075 12079
12079 12075 12077
12078 12080 12077
12079 12077 12080
12078 12081 12080
12079 12082 12066
12067 12066 12082
12082 12083 12067
12081 12084 12080
12081 12085 12084
12080 12086 12079
12079 12086 12082
12080 12084 12086
12082 12087 12083
12086 12087 12082
12088 12083 12087
12089 12084 12085
12089 12085 12090
12084 12091 12086
12086 12091 12087
12084 12089 12091
12088 12087 12092
12092 12087 12091
12093 12088 12092
12094 12089 12090
12094 12090 12095
12096 12091 12089
12092 12091 12096
12096 12089 12094
12093 12092 12097
12097 12092 12096
12097 12098 12093
12099 12094 12095
12099 12095 12100
12101 12096 12094
12097 12096 12101
12101 12094 12099
12099 12102 12101
12101 12102 12103
12101 12103 12097
12097 12103 12098
12104 12098 12103
12099 12100 12105
12105 12100 12106
12099 12105 12107
12099 12107 12102
12108 12107 12105
12102 12107 12108
12109 12102 12108
12110 12102 12109
12104 12103 12111
12111 12103 12102
12110 12112 12102
12111 12102 12112
12113 12112 12110
12114 12112 12113
12114 12111 12112
12111 12115 12104
12116 12104 12115
12117 12116 12115
12117 12115 12118
12111 12114 12119
12115 12111 12119
12118 12115 12119
12120 12119 12114
12118 12119 12120
12121 12122 12123
12121 12123 12124
12125 12121 12124
12125 12124 12126
12127 12125 12126
12127 12126 12128
12129 12127 12128
12129 12128 12130
12131 12129 12130
12131 12130 12132
12133 12131 12132
12133 12132 12134
12135 12133 12134
12135 12134 12136
12137 12135 12136
12137 12136 12138
12139 12137 12138
12139 12138 12140
12141 12142 12143
12144 12142 12141
12145 12142 12144
12145 12146 12142
12147 12146 12145
12147 12145 12148
12149 12147 12148
12149 12148 12150
12151 12149 12150
12151 12150 12152
12153 12151 12152
12153 12154 12151
12155 12154 12153
12155 12156 12154
12157 12156 12155
12157 12158 12156
12158 12157 12159
12158 12159 12160
12159 12161 12160
12159 12162 12161
12163 12161 12162
12163 12164 12161
12164 12163 12165
12164 12165 12166
12166 12165 12167
12166 12167 12168
12169 12168 12167
12169 12167 12170
12171 12169 12170
12171 12170 12172
12173 12171 12172
12173 12172 12174
12173 12174 12175
12173 12175 12176
12177 12176 12175
12177 12175 12178
12179 12177 12178
12179 12178 12180
12181 12182 12183
12181 12184 12182
12185 12184 12181
12184 12186 12182
12187 12184 12185
12184 12187 12186
12187 12185 10913
12187 12188 12186
12189 12187 10913
12189 10913 10911
12189 10911 10910
12187 12190 12188
12190 12187 12189
12191 12190 12189
12190 12192 12188
12190 12191 12192
12191 12193 12192
12189 10910 12194
12191 12189 12194
10902 12194 10910
10902 12195 12194
12191 12194 12195
12191 12196 12193
12196 12197 12193
10902 12198 12195
10902 10904 12198
12195 12198 12199
12191 12195 12200
12200 12195 12199
12196 12191 12200
12201 12200 12199
12201 12196 12200
12201 12199 12202
12196 12203 12197
12203 12196 12201
12203 12204 12197
12205 12201 12202
12203 12201 12205
12205 12202 12206
12207 12205 12206
12207 12206 12208
12207 12208 12209
12207 12209 12210
12207 12210 12211
12211 12210 12212
12211 12212 12213
12214 12213 12212
12207 12211 12215
12213 12215 12211
12216 12205 12207
12207 12215 12216
12203 12205 12217
12216 12217 12205
12218 12203 12217
12218 12217 12216
12203 12218 12204
12214 12219 12213
12220 12219 12214
12218 12216 12221
12215 12221 12216
12204 12218 12222
12222 12218 12221
12204 12222 12223
12222 12224 12223
12222 12225 12224
12222 12226 12225
12222 12221 12226
12221 12227 12226
12213 12228 12215
12219 12228 12213
12215 12229 12221
12221 12229 12227
12228 12229 12215
12227 12229 12230
12228 12230 12229
12227 12230 12231
12219 12232 12228
12232 12230 12228
12231 12230 12233
12232 12233 12230
12231 12233 12234
12232 12219 12235
12220 12235 12219
12235 12220 12236
12233 12232 12237
12232 12235 12237
12234 12233 12238
12233 12237 12238
12234 12238 12239
12235 12236 12240
12237 12235 12240
12241 12240 12236
12238 12237 12242
12237 12240 12242
12243 12239 12238
12238 12242 12243
12243 12244 12239
12241 12245 12240
12245 12242 12240
12246 12245 12241
12247 12243 12242
12245 12247 12242
12248 12244 12243
12247 12248 12243
12248 12249 12244
12246 12250 12245
12250 12247 12245
12250 12246 12251
12252 12248 12247
12250 12252 12247
12253 12249 12248
12252 12253 12248
12253 12252 12254
12253 12255 12249
12250 12251 12256
12252 12250 12256
12252 12256 12254
12257 12256 12251
12253 12258 12255
12259 12255 12258
12253 12260 12258
12253 12254 12260
12258 12260 12261
12254 12261 12260
12261 12254 12262
12257 12263 12256
12263 12254 12256
12262 12254 12264
12263 12264 12254
12262 12264 12265
12265 12264 12266
12266 12264 12267
12267 12264 12263
12263 12257 12268
12269 12268 12257
12263 12270 12267
12268 12270 12263
12267 12270 12271
12271 12270 12268
12271 12268 12272
12272 12268 12269
12272 12269 12273
12274 12275 12276
12277 12274 12276
12277 12278 12274
12277 12276 12279
12280 12279 12276
12280 12281 12279
12282 12281 12280
12282 12283 12281
12283 12282 12284
12283 12284 12285
12285 12284 12286
12285 12286 12287
12288 12287 12286
12288 12286 12289
12290 12288 12289
12290 12291 12288
12292 12293 12294
12292 12294 12295
12296 12292 12295
12296 12297 12292
12297 12296 12298
12297 12298 12299
12299 12298 12300
12299 12300 12301
12302 12301 12300
12302 12303 12301
12303 12302 12304
12303 12304 12305
12306 12305 12304
12306 12307 12305
12308 12307 12306
12309 12308 12306
12309 12310 12308
12311 12310 12309
12312 12313 12314
12315 12313 12312
12315 12312 12316
12315 12317 12313
12318 12313 12317
12318 12317 12319
12320 12318 12319
12320 12319 12321
12321 12322 12320
12321 12323 12322
12323 12324 12322
12323 12325 12324
12326 12324 12325
12326 12327 12324
12328 12327 12326
12328 12326 12329
12330 12331 12332
12330 12333 12331
12334 12333 12330
12334 12330 12335
12335 12336 12334
12335 12337 12336
12337 12338 12336
12337 12339 12338
12340 12338 12339
12340 12339 12341
12341 12342 12340
12341 12343 12342
12344 12342 12343
12344 12343 12345
12346 12344 12345
12347 12344 12346
12347 12346 12348
12349 12347 12348
12350 12351 12352
12350 12353 12351
12354 12353 12350
12355 12351 12353
12355 12353 12356
12357 12355 12356
12354 12358 12353
12358 12356 12353
12359 12358 12354
12359 12360 12358
12356 12358 12360
12361 12360 12359
12362 12360 12361
12356 12360 12362
12363 12362 12361
12357 12356 12364
12365 12357 12364
12356 12362 12366
12362 12363 12366
12356 12366 12364
12365 12364 12367
12368 12365 12367
12363 12369 12366
12363 12370 12369
12364 12366 12371
12371 12366 12369
12364 12371 12367
12371 12369 12372
12368 12367 12373
12373 12367 12371
12374 12368 12373
12372 12375 12371
12373 12371 12375
12372 12376 12375
12375 12376 12377
12375 12377 12378
12373 12375 12378
12378 12377 12379
12374 12373 12380
12373 12378 12380
12381 12374 12380
12378 12379 12382
12382 12380 12378
12381 12380 12383
12382 12383 12380
12384 12381 12383
12379 12385 12382
12385 12383 12382
12379 12386 12385
12384 12383 12387
12385 12387 12383
12387 12388 12384
12387 12389 12388
12387 12390 12389
12385 12390 12387
12391 12389 12390
12386 12392 12385
12385 12392 12390
12386 12393 12392
12391 12390 12394
12395 12391 12394
12390 12392 12396
12390 12396 12394
12395 12394 12397
12394 12396 12397
12397 12398 12395
12397 12399 12398
12396 12399 12397
12396 12400 12399
12392 12401 12396
12401 12400 12396
12392 12393 12401
12401 12402 12400
12393 12402 12401
12393 12071 12402
12403 12404 12405
12403 12405 12406
12403 12406 12407
12407 12406 12408
12407 12408 12409
12408 12410 12409
12408 12411 12410
12411 12412 12410
12411 12413 12412
12414 12412 12413
12414 12413 12415
12415 12416 12414
12415 12417 12416
12418 12416 12417
12418 12419 12416
12420 12419 12418
12420 12418 12421
12421 12422 12420
12421 12423 12422
12424 12422 12423
12424 12423 12425
12424 12425 12426
12424 12426 12427
12427 12426 12428
12427 12428 12429
12430 12429 12428
12430 12428 12431
12430 12431 12432
12430 12432 12433
12433 12432 12434
12433 12434 12435
12434 12436 12435
12434 12437 12436
12438 12436 12437
12438 12437 12439
12440 12438 12439
12440 12439 12441
12442 12440 12441
12442 12441 12443
12444 12442 12443
12444 12443 12445
12446 12444 12445
12446 12445 12447
12446 12447 12448
12446 12448 12449
12449 12448 12450
12449 12450 12451
12450 12452 12451
12450 12453 12452
12453 12454 12452
12453 12455 12454
12454 12455 12456
12454 12456 12457
12457 12456 12458
12457 12458 12459
12458 12460 12459
12461 12462 12463
12461 12463 12464
12464 12463 12465
12464 12465 12466
12466 12465 12467
12466 12467 12468
12468 12467 12469
12468 12469 12470
12470 12469 12471
12470 12471 12472
12473 12472 12471
12473 12471 12474
12475 12476 12477
12475 12478 12476
12475 12479 12478
12479 12480 12478
12479 12481 12480
12480 12481 12482
12480 12482 12483
12483 12482 12484
12483 12484 12485
12486 12485 12484
12486 12487 12485
12487 12486 12488
12487 12488 12489
12488 12490 12489
12488 12491 12490
12492 12490 12491
12492 12493 12490
12493 12492 12494
12493 12494 12495
12496 12495 12494
12496 12497 12495
12496 12498 12497
12496 12499 12498
12499 12500 12498
12499 12501 12500
12502 12500 12501
12502 12503 12500
12502 12504 12503
12502 12505 12504
12505 12506 12504
12505 12507 12506
12507 12508 12506
12507 12509 12508
12510 12508 12509
12510 12511 12508
12512 12511 12510
12512 12513 12511
12514 12513 12512
12514 12515 12513
12516 12515 12514
12516 12517 12515
12518 12517 12516
12518 12519 12517
12518 12520 12519
12518 12521 12520
12521 12522 12520
12521 12523 12522
12522 12523 12524
12522 12524 12525
12525 12524 12526
12525 12526 12527
12526 12528 12527
12526 12529 12528
12529 12530 12528
12529 12531 12530
12530 12531 12532
12533 12534 12535
12533 12535 12536
12537 12536 12535
12536 12537 12538
12533 12536 12539
12539 12540 12533
12540 12539 12541
12541 12539 12536
12542 12536 12538
12543 12542 12538
12544 12542 12543
12544 12545 12542
12546 12536 12542
12546 12542 12545
12541 12536 12546
12546 12545 12547
12545 12548 12547
12549 12540 12541
12549 12550 12540
12550 12549 12551
12552 12551 12549
12549 12553 12552
12541 12553 12549
12546 12554 12541
12541 12554 12553
12546 12547 12554
12555 12553 12554
12555 12554 12556
12547 12556 12554
12557 12555 12556
12556 12558 12557
12548 12558 12559
12547 12548 12559
12547 12559 12556
12556 12559 12558
12560 12561 12562
12560 12562 12563
12563 12562 12564
12563 12564 12565
12565 12564 12566
12565 12566 12567
12567 12566 12568
12567 12568 12569
12569 12568 12570
12569 12570 12571
12571 12570 12572
12571 12572 12573
12573 12572 12574
12573 12574 12575
12575 12574 12576
12575 12576 12577
12578 12579 12580
12578 12581 12579
12582 12581 12578
12582 12583 12581
12584 12583 12582
12584 12585 12583
12586 12585 12584
12586 12587 12585
12588 12587 12586
12588 12589 12587
12590 12589 12588
12590 12591 12589
12592 12591 12590
12592 12593 12591
12594 12593 12592
12594 12595 12593
12596 12595 12594
12596 12597 12595
12598 12599 12600
12598 12601 12599
12602 12599 12601
12601 12603 12602
12598 12604 12601
12604 12598 12605
12605 12606 12604
12606 12601 12604
12607 12603 12601
12608 12603 12607
12609 12608 12607
12609 12607 12610
12611 12607 12601
12611 12610 12607
12606 12611 12601
12611 12612 12610
12610 12612 12613
12614 12606 12605
12614 12605 12615
12615 12616 12614
12617 12614 12616
12614 12617 12618
12606 12614 12618
12611 12606 12619
12606 12618 12619
12611 12619 12612
12620 12619 12618
12620 12621 12619
12612 12619 12621
12622 12621 12620
12621 12622 12623
12613 12624 12623
12612 12624 12613
12612 12621 12624
12621 12623 12624
12625 12626 12627
12625 12628 12626
12628 12629 12626
12628 12630 12629
12630 12631 12629
12630 12632 12631
12632 12633 12631
12632 12634 12633
12634 12635 12633
12634 12636 12635
12636 12637 12635
12636 12638 12637
12638 12639 12637
12638 12640 12639
12640 12641 12639
12640 12642 12641
12643 12644 12645
12643 12645 12646
12647 12643 12646
12647 12646 12648
12649 12647 12648
12649 12648 12650
12651 12649 12650
12651 12650 12652
12653 12651 12652
12653 12652 12654
12655 12653 12654
12655 12654 12656
12657 12655 12656
12657 12656 12658
12659 12657 12658
12659 12658 12660
12661 12659 12660
12661 12660 12662
12663 12664 12665
12663 12665 12666
12667 12663 12666
12667 12666 12668
12669 12667 12668
12669 12668 12670
12671 12669 12670
12671 12670 12672
12673 12671 12672
12673 12672 12674
12675 12673 12674
12675 12674 12676
12677 12675 12676
12677 12676 12678
12679 12677 12678
12679 12678 12680
12681 12682 12683
12681 12684 12682
12685 12684 12681
12685 12686 12684
12687 12686 12685
12687 12688 12686
12689 12688 12687
12689 12690 12688
12691 12690 12689
12691 12692 12690
12693 12692 12691
12693 12694 12692
12695 12694 12693
12695 12696 12694
12697 12696 12695
12697 12698 12696
12699 12700 12701
12699 12702 12700
12702 12703 12700
12702 12704 12703
12705 12702 12699
12706 12704 12702
12705 12706 12702
12706 12707 12704
12708 12706 12705
12708 12707 12706
12708 12705 12709
12708 12710 12707
12711 12708 12709
12712 12710 12708
12711 12712 12708
12712 12713 12710
12714 12712 12711
12715 12713 12712
12714 12715 12712
12715 12716 12713
12715 12714 12717
12718 12716 12715
12715 12717 12718
12718 12719 12716
12718 12717 12720
12721 12719 12718
12718 12720 12721
12721 12722 12719
12721 12723 12722
12723 12721 12720
12723 12720 12724
12725 12723 12724
12725 12726 12723
12726 12725 11091
12726 11091 11090
12727 11094 11093
12727 12728 11094
12727 12729 12728
12727 12730 12729
12731 12729 12730
12731 12732 12729
12732 12731 12733
12732 12733 12734
12734 12733 12735
12734 12735 12736
12736 12735 12737
12736 12737 12738
12738 12737 12739
12738 12739 12740
12740 12739 12741
12740 12741 12742
12742 12741 12743
12742 12743 12744
12744 12743 12745
12744 12745 12746
11146 12747 11148
11146 12748 12747
12748 12749 12747
12748 12750 12749
12751 12748 11146
12751 11146 11134
12751 11134 11130
12752 12750 12748
12752 12748 12751
12752 12753 12750
12751 11130 12754
12754 12752 12751
12755 12753 12752
12754 12755 12752
12755 12756 12753
12757 12754 11130
12757 11130 11132
12754 12757 12758
12754 12758 12755
12759 12755 12758
12760 12756 12755
12759 12760 12755
12760 12761 12756
12762 12760 12759
12762 12763 12760
12762 12764 12763
12762 12765 12764
12764 12765 12766
12764 12766 12767
12764 12767 12768
12764 12768 12769
12764 12769 12770
12771 12772 12773
12771 12773 12774
12774 12773 12775
12774 12775 12776
12777 12771 12774
12778 12774 12776
12777 12774 12778
12778 12776 12779
12780 12777 12778
12780 12778 12779
12780 12781 12777
12780 12779 12782
12783 12781 12780
12784 12780 12782
12783 12780 12784
12784 12782 12785
12786 12783 12784
12787 12784 12785
12786 12784 12787
12787 12785 12788
12787 12789 12786
12790 12787 12788
12787 12790 12789
12790 12788 12791
12790 12792 12789
12793 12790 12791
12790 12793 12792
12793 12791 12794
12793 12794 12795
12795 12792 12793
12795 12796 12792
12797 12796 12795
12797 12795 12798
11185 12797 12798
11185 11186 12797
11237 11239 12799
11237 12799 12800
12800 12799 12801
12800 12801 12802
12803 11237 12800
12803 11229 11237
12803 11225 11229
12804 12800 12802
12804 12803 12800
12804 12802 12805
12803 12806 11225
12806 12803 12804
12807 12804 12805
12806 12804 12807
12807 12805 12808
12809 11225 12806
12809 11226 11225
12806 12810 12809
12806 12807 12810
12811 12810 12807
12812 12807 12808
12811 12807 12812
12812 12808 12813
12814 12811 12812
12814 12812 12815
12814 12815 12816
12814 12816 12817
12816 12818 12817
12816 12819 12818
12816 12820 12819
12816 12821 12820
12816 12822 12821
12823 12824 12825
12823 12825 12826
12827 12826 12825
12827 12825 12828
12829 12827 12828
12829 12828 12830
12831 12829 12830
12831 12830 12832
12833 12831 12832
12833 12832 12834
12835 12833 12834
12835 12834 12836
12837 12838 12839
12837 12839 12840
12840 12839 12841
12840 12841 12842
12842 12841 12843
12842 12843 12844
12844 12843 12845
12844 12845 12846
12846 12845 12847
12846 12847 12848
12848 12847 12849
12848 12849 12850
12850 12849 12851
12850 12851 12852
12852 12851 12853
12852 12853 12854
12854 12853 12855
12854 12855 12856
12857 11224 11223
12857 11223 12858
12857 12858 12859
12857 12859 12860
12861 12860 12859
12861 12859 12862
12863 12861 12862
12863 12864 12861
12865 12864 12863
12865 12866 12864
12867 12866 12865
12867 12868 12866
12869 12868 12867
12869 12870 12868
12871 12870 12869
12871 12872 12870
12873 12872 12871
12873 12874 12872
12875 12874 12873
12875 12876 12874
11713 12877 12878
12877 12879 12878
12877 12880 12879
12877 11725 12880
12881 12882 12224
12881 12883 12882
12883 12884 12882
12885 12883 12881
12886 12885 12881
12883 12887 12884
12885 12887 12883
12887 12888 12884
12886 12889 12885
12890 12889 12886
12891 12887 12885
12889 12891 12885
12887 12892 12888
12892 12893 12888
12892 12894 12893
12895 12892 12887
12894 12892 12895
12891 12895 12887
12894 12895 12896
12896 12895 12891
12896 12891 12897
12898 12897 12891
12889 12898 12891
12898 12899 12897
12898 12900 12899
12900 12898 12901
12889 12901 12898
12900 12901 12902
12889 12903 12901
12890 12903 12889
12902 12901 12904
12903 12904 12901
12902 12904 12905
12906 12903 12890
12903 12906 12904
12906 12890 12907
12905 12904 12908
12908 12904 12906
12905 12908 12909
12910 12906 12907
12908 12906 12910
12910 12907 12911
12912 12910 12911
12912 12913 12910
12908 12910 12913
12913 12912 12914
12909 12908 12915
12908 12913 12915
12909 12915 12916
12916 12915 12917
12917 12915 12913
12916 12917 12918
12918 12917 12919
12918 12919 12920
12913 12914 12921
12917 12913 12921
12919 12917 12921
12921 12914 12922
12921 12922 12923
12924 12921 12923
12919 12921 12924
12925 12924 12923
12924 12925 12926
12919 12924 12926
12927 12926 12925
12928 12926 12927
12928 12929 12926
12919 12926 12929
12930 12929 12928
12920 12919 12931
12929 12931 12919
12930 12931 12929
12920 12931 12932
12933 12931 12930
12933 12932 12931
12934 12935 12936
12936 12935 12937
12934 12936 12938
12936 12937 12939
12940 12934 12938
12939 12937 12941
12940 12942 12934
12939 12941 12943
12944 12942 12940
12943 12941 12945
12944 12946 12942
12943 12945 12947
12947 12946 12944
12947 12945 12946
12948 12949 12950
10978 12948 12950
10978 10977 12948
12948 10977 10975
12948 10975 12951
12951 12952 12948
12948 12952 12949
12953 12949 12952
12951 12954 12952
12954 12953 12952
12953 12955 12949
12954 12956 12953
12957 12955 12953
12953 12956 12958
12957 12953 12959
12953 12958 12959
12959 12960 12957
12961 12960 12959
12959 12958 12962
12961 12959 12963
12959 12962 12963
12964 12961 12963
12962 12965 12963
12964 12963 12965
12962 12966 12965
12967 12964 12965
12966 12967 12965
12968 12969 12970
12970 12969 12971
12971 12969 12972
12972 12969 12973
12968 12973 12969
12972 12973 12974
12975 12973 12968
12974 12973 12975
12974 12975 12976
12975 12968 12977
12978 12975 12977
12975 12979 12976
12979 12975 12978
12978 12977 12980
12979 12978 12981
12982 12978 12980
12978 12983 12981
12982 12984 12978
12978 12984 12983
12985 12984 12982
12986 12983 12984
12985 12986 12984
12986 12987 12983
12986 12985 11050
11053 12987 12986
12986 11050 11052
11053 12986 11052
