byte offset: 0
first index: 35790
index count: 13485
topology: trianglelist
format: DXGI_FORMAT_R16_UINT

9338 9339 9340
9341 9342 9343
9344 9345 9346
9347 9344 9348
9349 9350 9351
9352 9353 9349
9354 9355 9356
9354 9357 9355
9355 9357 9358
9359 9358 9357
9357 9354 9360
9359 9357 9361
9359 9361 9362
9362 9361 9363
9357 9363 9361
9362 9363 9364
9357 9360 9365
9357 9365 9363
9363 9366 9364
9364 9366 9367
9366 9368 9367
9369 9365 9360
9369 9360 9370
9371 9363 9365
9363 9371 9366
9371 9365 9369
9372 9369 9370
9372 9370 9373
9374 9366 9371
9366 9374 9368
9375 9371 9369
9375 9369 9372
9374 9371 9375
9373 9376 9372
9377 9376 9373
9372 9378 9375
9378 9374 9375
9372 9376 9378
9368 9374 9379
9378 9379 9374
9376 9380 9378
9380 9379 9378
9377 9381 9376
9376 9381 9380
9382 9381 9377
9382 9377 9383
9384 9382 9383
9379 9385 9368
9385 9386 9368
9387 9380 9381
9387 9381 9382
9385 9388 9386
9386 9388 9389
9390 9388 9385
9389 9388 9390
9379 9391 9385
9391 9390 9385
9380 9392 9379
9379 9392 9391
9380 9393 9392
9380 9387 9393
9391 9392 9393
9382 9394 9387
9394 9393 9387
9391 9395 9390
9391 9393 9395
9389 9390 9396
9390 9395 9396
9396 9397 9389
9397 9398 9389
9382 9399 9394
9384 9399 9382
9400 9399 9384
9400 9384 9401
9402 9400 9401
9403 9399 9400
9403 9394 9399
9394 9404 9393
9404 9395 9393
9395 9405 9396
9396 9405 9397
9402 9406 9400
9406 9403 9400
9407 9404 9394
9407 9394 9403
9408 9395 9404
9395 9408 9405
9408 9404 9407
9409 9406 9402
9409 9402 9410
9409 9410 9411
9406 9412 9403
9412 9406 9409
9412 9407 9403
9412 9409 9413
9414 9412 9413
9412 9415 9407
9414 9415 9412
9415 9408 9407
9416 9415 9414
9415 9417 9408
9405 9408 9417
9416 9417 9415
9405 9417 9418
9418 9417 9416
9397 9405 9418
9418 9416 9419
9397 9418 9420
9418 9419 9420
9421 9420 9419
9420 9421 9422
9398 9397 9420
9420 9422 9423
9398 9420 9423
9423 9422 9424
9425 9398 9423
9423 9424 9426
9425 9423 9426
9427 9426 9424
9427 9424 9428
9398 9425 9429
9425 9430 9429
9398 9429 9431
9431 9429 9430
9431 9430 9432
9433 9425 9426
9433 9426 9427
9434 9433 9427
9435 9427 9428
9434 9427 9435
9435 9428 9436
9435 9436 9437
9425 9433 9438
9425 9438 9430
9433 9439 9438
9433 9434 9439
9430 9438 9439
9440 9432 9430
9440 9441 9432
9435 9437 9442
9442 9434 9435
9443 9442 9437
9443 9437 9444
9445 9443 9444
9430 9439 9446
9440 9430 9446
9440 9447 9441
9447 9448 9441
9449 9440 9446
9440 9449 9447
9450 9446 9439
9449 9446 9450
9451 9448 9447
9451 9452 9448
9451 9453 9452
9453 9454 9452
9449 9455 9447
9455 9451 9447
9439 9456 9450
9434 9456 9439
9451 9457 9453
9455 9457 9451
9453 9458 9454
9459 9458 9453
9460 9454 9458
9460 9458 9459
9460 9459 9461
9459 9462 9461
9463 9462 9459
9463 9459 9464
9464 9459 9465
9459 9453 9465
9464 9465 9466
9453 9457 9467
9453 9467 9465
9466 9465 9467
9467 9457 9455
9466 9467 9468
9469 9468 9467
9467 9455 9469
9469 9470 9468
9469 9471 9470
9455 9472 9469
9449 9472 9455
9449 9450 9472
9472 9450 9473
9473 9469 9472
9473 9450 9474
9473 9474 9469
9474 9450 9456
9469 9475 9471
9469 9474 9475
9476 9471 9475
9476 9475 9477
9477 9475 9474
9477 9478 9476
9479 9474 9456
9477 9474 9479
9477 9480 9478
9479 9480 9477
9479 9456 9481
9434 9481 9456
9478 9480 9482
9478 9482 9483
9479 9484 9480
9481 9484 9479
9480 9484 9485
9481 9485 9484
9480 9485 9482
9434 9486 9481
9481 9486 9485
9486 9434 9442
9486 9442 9443
9443 9485 9486
9443 9487 9485
9487 9482 9485
9445 9487 9443
9488 9487 9445
9489 9483 9482
9487 9489 9482
9488 9489 9487
9489 9490 9483
9491 9490 9489
9491 9489 9488
9492 9491 9488
9493 9494 9495
9495 9494 9496
9494 9497 9496
9494 9498 9497
9499 9497 9498
9500 9496 9497
9499 9500 9497
9500 9501 9496
9501 9495 9496
9499 9502 9500
9502 9499 9503
9502 9503 9504
9504 9503 9505
9501 9506 9495
9507 9495 9506
9502 9508 9500
9508 9502 9504
9504 9505 9509
9509 9505 9510
9508 9504 9511
9511 9504 9509
9512 9509 9510
9512 9511 9509
9512 9510 9513
9514 9508 9511
9508 9514 9500
9515 9512 9513
9515 9513 9516
9512 9517 9511
9517 9512 9515
9514 9511 9517
9517 9515 9518
9517 9518 9519
9517 9519 9514
9500 9514 9519
9520 9500 9519
9521 9500 9520
9521 9501 9500
9522 9501 9521
9522 9506 9501
9523 9521 9520
9523 9522 9521
9506 9522 9524
9506 9524 9525
9525 9507 9506
9507 9525 9526
9525 9524 9526
9507 9526 9527
9526 9528 9527
9522 9529 9524
9524 9529 9526
9526 9530 9528
9529 9530 9526
9522 9531 9529
9522 9523 9531
9528 9530 9532
9528 9532 9533
9533 9532 9534
9529 9535 9530
9532 9530 9535
9529 9531 9535
9536 9534 9532
9532 9535 9536
9536 9537 9534
9538 9537 9536
9538 9539 9537
9540 9538 9536
9540 9536 9535
9531 9540 9535
9531 9541 9540
9523 9541 9531
9523 9542 9541
9543 9542 9523
9543 9544 9542
9523 9520 9543
9545 9544 9543
9545 9543 9520
9545 9520 9546
9547 9545 9546
9548 9549 9550
9548 9550 9551
9551 9552 9548
9551 9550 9553
9551 9554 9552
9551 9553 9555
9555 9554 9551
9555 9553 9556
9555 9557 9554
9556 9557 9555
9556 9558 9557
9558 9556 9559
9558 9559 9560
9561 9560 9559
9558 9562 9557
9557 9562 9563
9557 9563 9564
9557 9564 9565
9566 9565 9564
9563 9566 9564
9566 9567 9565
9563 9568 9566
9563 9569 9568
9558 9570 9562
9570 9558 9560
9570 9571 9562
9562 9571 9563
9572 9570 9560
9570 9572 9571
9572 9560 9573
9574 9573 9560
9574 9575 9573
9576 9575 9574
9561 9574 9560
9576 9574 9561
9576 9561 9577
9563 9578 9569
9571 9579 9563
9579 9578 9563
9569 9578 9580
9569 9580 9581
9582 9580 9578
9579 9582 9578
9582 9583 9580
9571 9584 9579
9584 9582 9579
9571 9585 9584
9586 9583 9582
9586 9587 9583
9588 9584 9585
9588 9585 9589
9584 9590 9582
9590 9586 9582
9590 9584 9588
9587 9586 9591
9591 9586 9590
9592 9588 9589
9593 9592 9589
9576 9592 9593
9590 9588 9594
9591 9590 9594
9592 9595 9588
9595 9594 9588
9596 9587 9591
9596 9597 9587
9598 9591 9594
9595 9598 9594
9599 9597 9596
9599 9600 9597
9601 9596 9591
9601 9599 9596
9598 9601 9591
9602 9600 9599
9602 9599 9601
9602 9603 9600
9604 9603 9602
9605 9602 9601
9605 9601 9598
9606 9604 9602
9606 9602 9605
9607 9604 9606
9607 9608 9604
9609 9608 9607
9609 9610 9608
9609 9611 9610
9612 9605 9598
9605 9613 9606
9605 9612 9613
9614 9607 9606
9614 9606 9613
9615 9609 9607
9615 9607 9614
9609 9616 9611
9616 9609 9615
9617 9612 9598
9617 9598 9595
9618 9613 9612
9618 9612 9617
9619 9614 9613
9619 9613 9618
9611 9616 9620
9611 9620 9621
9620 9616 9622
9616 9615 9622
9623 9615 9614
9623 9614 9619
9621 9620 9624
9620 9622 9624
9621 9624 9625
9622 9625 9624
9626 9621 9625
9615 9627 9622
9622 9627 9625
9615 9623 9627
9623 9628 9627
9629 9626 9625
9629 9625 9627
9628 9629 9627
9630 9626 9629
9631 9623 9619
9623 9631 9628
9632 9630 9629
9633 9630 9632
9633 9632 9634
9632 9635 9634
9636 9632 9629
9632 9636 9635
9636 9629 9628
9635 9636 9637
9637 9636 9628
9635 9637 9638
9639 9638 9637
9631 9619 9640
9640 9619 9618
9631 9641 9628
9641 9631 9640
9639 9637 9642
9643 9639 9642
9637 9628 9644
9641 9644 9628
9637 9644 9642
9640 9618 9645
9645 9618 9617
9641 9640 9646
9644 9641 9646
9646 9640 9645
9646 9645 9647
9645 9617 9648
9647 9645 9648
9648 9617 9595
9644 9646 9649
9644 9649 9642
9649 9646 9647
9642 9649 9647
9643 9642 9650
9642 9647 9650
9643 9650 9576
9650 9647 9576
9651 9648 9595
9647 9648 9651
9647 9651 9576
9651 9595 9592
9576 9651 9592
9652 9653 9654
9655 9654 9653
9655 9656 9654
9657 9656 9655
9657 9655 9658
9655 9659 9658
9660 9661 9662
9660 9662 9663
9664 9665 9666
9664 9666 9667
9668 9669 9670
9668 9670 9671
9672 9673 9674
9675 9676 9672
9674 9676 9675
9677 9678 9679
9677 9679 9680
9677 9680 9681
9677 9681 9682
9683 9677 9682
9683 9684 9677
9685 9684 9683
9685 9683 9686
9684 9687 9677
9687 9688 9677
9687 9689 9688
9688 9689 9690
9688 9690 9691
9684 9692 9687
9684 9685 9693
9684 9693 9694
9694 9692 9684
9693 9685 9695
9694 9696 9692
9697 9696 9694
9685 9698 9695
9685 9686 9698
9698 9686 9699
9699 9686 9700
9699 9700 9701
9702 9699 9701
9702 9703 9699
9702 9704 9703
9693 9695 9705
9693 9705 9706
9707 9702 9701
9702 9708 9704
9706 9705 9708
9702 9706 9708
9709 9702 9707
9709 9707 9710
9702 9709 9711
9702 9711 9706
9706 9711 9712
9706 9712 9713
9714 9713 9712
9706 9713 9715
9706 9715 9693
9714 9716 9713
9715 9713 9716
9717 9716 9714
9717 9718 9716
9719 9718 9717
9715 9716 9720
9720 9716 9718
9719 9721 9718
9720 9718 9722
9722 9718 9721
9719 9723 9721
9719 9724 9723
9725 9723 9724
9726 9715 9720
9693 9715 9727
9726 9727 9715
9693 9727 9728
9728 9727 9726
9729 9726 9720
9729 9720 9722
9693 9728 9730
9693 9730 9694
9697 9694 9730
9728 9726 9731
9730 9728 9731
9731 9726 9729
9697 9730 9732
9730 9731 9732
9697 9732 9733
9731 9729 9734
9732 9731 9734
9733 9732 9735
9732 9734 9735
9733 9735 9736
9736 9735 9737
9737 9735 9734
9736 9737 9738
9739 9729 9722
9734 9729 9739
9738 9737 9740
9738 9740 9741
9737 9734 9742
9734 9739 9742
9737 9742 9743
9737 9743 9740
9739 9743 9742
9739 9722 9744
9722 9721 9744
9741 9740 9745
9741 9745 9746
9747 9746 9745
9747 9745 9748
9740 9749 9745
9749 9748 9745
9740 9743 9749
9749 9750 9748
9751 9750 9749
9743 9751 9749
9751 9752 9750
9739 9753 9743
9753 9739 9744
9743 9753 9751
9721 9754 9744
9753 9744 9754
9751 9753 9754
9721 9723 9754
9752 9751 9755
9751 9754 9755
9752 9755 9756
9754 9723 9757
9754 9757 9755
9757 9756 9755
9725 9757 9723
9757 9758 9756
9725 9758 9757
9725 9759 9758
9760 9761 9762
9760 9762 9763
9764 9760 9763
9764 9765 9760
9766 9765 9764
9766 9767 9765
9768 9767 9766
9768 9769 9767
9770 9769 9768
9770 9771 9769
9772 9771 9770
9772 9773 9771
9772 9774 9773
9772 9775 9774
9774 9775 9776
9774 9776 9777
9777 9776 9778
9777 9778 9779
9778 9780 9779
9778 9781 9780
9780 9781 9782
9780 9782 9783
9783 9782 9784
9783 9784 9785
9785 9784 9786
9785 9786 9787
9786 9788 9787
9786 9789 9788
9788 9789 9790
9788 9790 9791
9792 9791 9790
9792 9793 9791
9794 9793 9792
9794 9792 9795
9796 9794 9795
9796 9795 9797
9798 9796 9797
9798 9797 9799
9800 9798 9799
9800 9801 9798
9801 9800 9802
9801 9802 9803
9803 9802 9804
9803 9804 9805
9805 9804 9806
9805 9806 9807
9808 9807 9806
9808 9809 9807
9808 9810 9809
9808 9811 9810
9811 9812 9810
9811 9813 9812
9812 9813 9814
9812 9814 9815
9815 9814 9816
9815 9816 9817
9818 9817 9816
9818 9819 9817
9820 9819 9818
9820 9821 9819
9822 9821 9820
9822 9823 9821
9822 9824 9823
9822 9825 9824
9826 9824 9825
9826 9827 9824
9828 9827 9826
9828 9829 9827
9830 9831 9832
9830 9833 9831
9833 9834 9831
9835 9836 9837
9835 9837 9838
9838 9839 9835
9840 9841 9842
9840 9842 9843
9844 9845 9846
9844 9847 9845
9847 9848 9845
9849 9850 9851
9849 9852 9850
9852 9853 9850
9854 9855 9856
9854 9856 9857
9856 9858 9857
9856 9859 9858
9858 9859 9860
9858 9860 9861
9861 9860 9862
9861 9862 9863
9862 9864 9863
9862 9865 9864
9865 9866 9864
9865 9867 9866
9868 9866 9867
9868 9869 9866
9870 9868 9867
9865 9870 9867
9865 9871 9870
9865 9872 9871
9865 9873 9872
9873 9874 9872
9873 9875 9874
9874 9875 9876
9874 9876 9877
9877 9876 9878
9877 9878 9879
9879 9878 9880
9881 9882 9883
9883 9882 9884
9883 9884 9885
9886 9885 9884
9886 9887 9885
9888 9887 9886
9888 9886 9889
9889 9890 9888
9889 9891 9890
9891 9892 9890
9891 9893 9892
9893 9894 9892
9895 9896 9897
9895 9897 9898
9897 9899 9898
9898 9899 9900
9901 9900 9899
9901 9899 9902
9900 9901 9903
9901 9902 9904
9901 9905 9903
9901 9904 9906
9901 9906 9905
9907 9906 9904
9906 9908 9905
9907 9909 9906
9906 9909 9908
9910 9909 9907
9911 9908 9909
9910 9911 9909
9911 9912 9908
9911 9910 9913
9914 9912 9911
9911 9913 9915
9914 9911 9915
9915 9913 9916
9917 9914 9915
9915 9916 9918
9917 9915 9918
9918 9916 9919
9917 9918 9920
9918 9919 9920
9917 9920 9921
9920 9919 9922
9921 9920 9923
9920 9922 9923
9921 9923 9924
9925 9923 9922
9924 9923 9926
9925 9926 9923
9924 9926 9927
9926 9925 9928
9927 9926 9929
9926 9928 9929
9927 9929 9930
9930 9929 9931
9929 9932 9931
9928 9933 9929
9929 9933 9932
9932 9933 9934
9928 9935 9933
9936 9934 9933
9936 9933 9935
9935 9937 9936
9938 9939 9940
9938 9941 9939
9939 9941 9942
9941 9943 9942
9944 9942 9943
9944 9945 9942
9943 9946 9944
9944 9947 9945
9944 9946 9948
9944 9949 9947
9944 9948 9949
9950 9947 9949
9949 9948 9951
9950 9949 9952
9949 9951 9952
9953 9950 9952
9954 9952 9951
9953 9952 9954
9954 9951 9955
9954 9956 9953
9957 9954 9955
9954 9958 9956
9957 9958 9954
9958 9959 9956
9960 9958 9957
9958 9961 9959
9960 9961 9958
9961 9962 9959
9960 9963 9961
9961 9963 9962
9960 9964 9963
9963 9965 9962
9964 9966 9963
9963 9966 9965
9964 9967 9966
9968 9965 9966
9967 9969 9966
9968 9966 9969
9967 9970 9969
9969 9971 9968
9970 9972 9969
9969 9972 9971
9970 9973 9972
9973 9974 9972
9972 9974 9975
9971 9972 9976
9972 9975 9976
9975 9977 9976
9971 9976 9978
9979 9976 9977
9979 9978 9976
9978 9979 9980
9981 9982 9983
9981 9983 9984
9985 9984 9983
9985 9986 9984
9987 9986 9985
9987 9988 9986
9989 9988 9987
9989 9990 9988
9990 9989 9991
9990 9991 9992
9992 9991 9993
9992 9993 9994
9994 9993 9995
9994 9995 9996
9996 9995 9997
9996 9997 9998
9998 9997 9999
9998 9999 10000
10001 10000 9999
10001 10002 10000
10003 10002 10001
10003 10004 10002
10005 10004 10003
10005 10006 10004
10007 10006 10005
10007 10008 10006
10009 10008 10007
10009 10010 10008
10011 10010 10009
10011 10012 10010
10012 10011 10013
10012 10013 10014
10015 10016 10017
10018 10016 10015
10018 10015 10019
10020 10018 10019
10021 10019 10015
10020 10019 10022
10021 10023 10019
10023 10022 10019
10023 10024 10022
10023 10021 10025
10023 10026 10024
10023 10027 10026
10023 10025 10027
10028 10026 10027
10025 10028 10027
10028 10029 10026
10025 10030 10028
10031 10028 10030
10032 10030 10025
10031 10030 10032
10031 10032 10033
10034 10031 10033
10029 10028 10035
10031 10035 10028
10029 10035 10036
10036 10035 10037
10031 10037 10035
10036 10037 10038
10034 10039 10031
10031 10039 10037
10040 10039 10034
10040 10041 10039
10037 10039 10041
10042 10041 10040
10038 10037 10043
10037 10041 10043
10038 10043 10044
10042 10045 10041
10043 10041 10045
10046 10045 10042
10044 10043 10047
10043 10045 10047
10044 10047 10048
10046 10049 10045
10049 10047 10045
10046 10050 10049
10048 10047 10051
10049 10051 10047
10048 10051 10052
10049 10053 10051
10053 10052 10051
10049 10050 10053
10053 10054 10052
10053 10055 10054
10053 10050 10056
10053 10056 10055
10057 10056 10050
10056 10058 10055
10059 10056 10057
10056 10059 10058
10060 10059 10057
10059 10061 10058
10060 10062 10059
10059 10062 10061
10063 10062 10060
10064 10061 10062
10063 10064 10062
10064 10065 10061
10064 10066 10065
10067 10064 10063
10064 10067 10066
10067 10063 10068
10069 10067 10068
10070 10067 10069
10066 10067 10070
10066 10070 10071
10072 10073 10074
10072 10075 10073
10076 10075 10072
10077 10076 10072
10077 10078 10076
10079 10076 10078
10080 10078 10077
10079 10078 10081
10082 10079 10081
10080 10083 10078
10080 10084 10083
10084 10080 10085
10078 10083 10086
10078 10086 10087
10078 10087 10081
10082 10081 10088
10087 10088 10081
10089 10082 10088
10089 10090 10082
10091 10090 10089
10092 10090 10091
10092 10093 10090
10094 10093 10092
10095 10093 10094
10096 10095 10094
10095 10096 10097
10098 10088 10087
10088 10099 10089
10088 10098 10099
10089 10100 10091
10089 10099 10100
10101 10098 10087
10102 10101 10087
10102 10103 10101
10104 10103 10102
10105 10103 10104
10097 10096 10106
10097 10106 10107
10097 10107 10108
10109 10106 10096
10109 10096 10094
10107 10106 10110
10110 10106 10109
10107 10110 10111
10112 10107 10111
10113 10112 10111
10110 10113 10111
10113 10114 10112
10115 10113 10110
10115 10110 10109
10116 10114 10113
10116 10113 10115
10094 10117 10109
10115 10109 10118
10117 10118 10109
10094 10119 10117
10094 10092 10119
10116 10115 10120
10115 10118 10120
10119 10121 10117
10121 10118 10117
10122 10119 10092
10092 10091 10122
10123 10120 10118
10123 10116 10120
10122 10124 10119
10119 10124 10121
10091 10125 10122
10125 10124 10122
10123 10118 10126
10121 10126 10118
10124 10127 10121
10128 10126 10121
10128 10121 10127
10124 10129 10127
10125 10129 10124
10126 10130 10123
10126 10128 10130
10129 10131 10127
10131 10128 10127
10129 10132 10131
10131 10133 10128
10134 10132 10129
10134 10129 10125
10128 10133 10135
10128 10135 10130
10136 10134 10125
10136 10137 10134
10091 10136 10125
10135 10138 10130
10138 10123 10130
10135 10139 10138
10140 10137 10136
10091 10140 10136
10140 10141 10137
10091 10100 10140
10141 10140 10142
10142 10140 10100
10143 10141 10142
10142 10144 10143
10142 10145 10144
10142 10100 10146
10146 10145 10142
10146 10147 10145
10099 10146 10100
10148 10147 10146
10099 10149 10146
10148 10146 10149
10098 10149 10099
10150 10148 10149
10098 10150 10149
10150 10151 10148
10150 10098 10152
10152 10151 10150
10098 10101 10152
10152 10153 10151
10154 10152 10101
10154 10153 10152
10154 10155 10153
10103 10154 10101
10156 10155 10154
10103 10156 10154
10156 10157 10155
10158 10157 10156
10103 10158 10156
10158 10159 10157
10103 10160 10158
10105 10160 10103
10161 10159 10158
10161 10158 10160
10161 10162 10159
10163 10162 10161
10163 10164 10162
10105 10165 10160
10166 10165 10105
10165 10166 10167
10167 10160 10165
10161 10160 10168
10167 10168 10160
10163 10161 10168
10167 10169 10168
10170 10168 10169
10170 10171 10168
10163 10168 10171
10172 10171 10170
10172 10163 10171
10172 10170 10173
10174 10164 10163
10172 10174 10163
10174 10175 10164
10176 10175 10174
10172 10176 10174
10176 10177 10175
10178 10177 10176
10178 10179 10177
10180 10179 10178
10180 10181 10179
10182 10178 10176
10180 10178 10182
10172 10183 10176
10182 10176 10183
10184 10181 10180
10184 10185 10181
10180 10182 10186
10186 10184 10180
10187 10185 10184
10187 10188 10185
10187 10184 10189
10186 10189 10184
10187 10189 10190
10191 10190 10189
10186 10182 10192
10192 10182 10183
10193 10183 10172
10193 10172 10173
10189 10186 10194
10186 10192 10194
10191 10189 10195
10189 10194 10195
10193 10196 10183
10192 10183 10196
10197 10193 10173
10196 10193 10197
10198 10197 10173
10198 10173 10199
10198 10199 10200
10198 10200 10201
10191 10195 10202
10191 10202 10203
10202 10204 10203
10194 10192 10205
10205 10192 10196
10206 10196 10197
10205 10196 10206
10197 10198 10207
10195 10194 10208
10195 10208 10202
10194 10205 10208
10202 10209 10204
10208 10209 10202
10210 10204 10209
10205 10211 10208
10208 10211 10209
10212 10205 10206
10205 10212 10211
10212 10206 10213
10206 10214 10213
10213 10214 10215
10210 10209 10216
10216 10209 10211
10217 10211 10212
10213 10217 10212
10213 10215 10218
10218 10215 10219
10219 10220 10218
10220 10213 10218
10221 10210 10216
10221 10222 10210
10216 10211 10223
10217 10223 10211
10224 10216 10223
10224 10221 10216
10217 10224 10223
10221 10224 10225
10224 10217 10225
10222 10221 10226
10221 10225 10226
10222 10226 10227
10228 10227 10226
10228 10226 10225
10228 10229 10227
10228 10230 10229
10213 10231 10217
10217 10231 10225
10213 10232 10231
10220 10232 10213
10225 10231 10233
10232 10233 10231
10228 10234 10230
10235 10230 10234
10236 10228 10225
10236 10225 10233
10236 10237 10228
10237 10236 10233
10238 10228 10237
10234 10228 10238
10239 10237 10233
10239 10238 10237
10233 10232 10240
10239 10233 10240
10241 10232 10220
10241 10240 10232
10239 10240 10242
10242 10240 10241
10235 10234 10243
10244 10243 10234
10245 10243 10244
10246 10235 10243
10246 10243 10245
10247 10246 10245
10247 10245 10248
10245 10249 10248
10250 10249 10245
10250 10245 10251
10245 10244 10251
10250 10251 10252
10244 10252 10251
10244 10253 10252
10244 10234 10254
10234 10238 10254
10255 10253 10244
10255 10244 10254
10238 10255 10254
10255 10256 10253
10238 10257 10255
10255 10257 10256
10239 10257 10238
10257 10258 10256
10242 10257 10239
10242 10258 10257
10242 10259 10258
10242 10241 10259
10260 10259 10241
10261 10260 10241
10108 10260 10261
10261 10241 10220
10108 10261 10219
10219 10261 10220
10262 10263 10264
10262 10264 10265
10264 10266 10265
10267 10265 10266
10265 10268 10262
10267 10269 10265
10267 10270 10269
10270 10271 10269
10265 10269 10271
10270 10272 10271
10265 10273 10268
10265 10271 10273
10271 10272 10274
10272 10275 10274
10274 10275 10114
10276 10268 10273
10276 10277 10268
10278 10273 10271
10271 10274 10278
10278 10276 10273
10274 10114 10279
10279 10278 10274
10114 10116 10279
10280 10277 10276
10280 10139 10277
10139 10280 10138
10281 10276 10278
10279 10281 10278
10281 10280 10276
10282 10279 10116
10282 10281 10279
10280 10281 10282
10280 10282 10138
10123 10282 10116
10138 10282 10123
10283 10284 10285
10286 10283 10285
10286 10285 10287
10288 10286 10287
10287 10285 10289
10285 10290 10289
10287 10289 10291
10288 10287 10292
10292 10287 10291
10292 10291 10293
10294 10288 10292
10295 10292 10293
10294 10292 10295
10295 10293 10296
10294 10295 10297
10297 10295 10296
10294 10297 10298
10297 10296 10299
10300 10301 10302
10300 10302 10303
10300 10303 10304
10304 10303 10305
10304 10306 10300
10304 10305 10307
10307 10306 10304
10305 10308 10307
10307 10309 10306
10308 10309 10307
10309 10308 10310
10311 10306 10309
10309 10310 10312
10309 10312 10311
10310 10313 10312
10311 10312 10314
10313 10314 10312
10311 10314 10315
10313 10316 10314
10317 10315 10314
10318 10314 10316
10317 10314 10318
10316 10319 10318
10318 10319 10317
10320 10317 10319
10321 10317 10320
10317 10321 10322
10320 10323 10321
10323 10322 10321
10323 10324 10322
10323 10325 10324
10323 10326 10325
10325 10327 10324
10324 10327 10328
10329 10325 10326
10329 10326 10330
10331 10325 10329
10325 10331 10327
10331 10329 10332
10333 10328 10327
10333 10327 10331
10333 10334 10328
10335 10334 10333
10333 10331 10336
10336 10331 10332
10336 10332 10337
10338 10339 10340
10340 10339 10341
10340 10341 10342
10339 10343 10341
10342 10341 10344
10342 10344 10345
10345 10344 10346
10347 10341 10343
10347 10344 10341
10346 10344 10347
10343 10348 10347
10349 10346 10347
10349 10347 10348
10349 10350 10346
10350 10349 10351
10349 10348 10352
10352 10351 10349
10348 10353 10352
10352 10354 10351
10352 10353 10355
10352 10355 10354
10354 10355 10356
10354 10356 10357
10355 10358 10356
10356 10359 10357
10356 10358 10360
10356 10360 10359
10359 10360 10361
10359 10361 10362
10363 10362 10361
10363 10364 10362
10361 10365 10363
10360 10366 10361
10361 10366 10365
10365 10366 10367
10365 10367 10368
10366 10369 10367
10360 10370 10366
10366 10370 10369
10370 10360 10371
10370 10371 10372
10370 10372 10369
10369 10372 10373
10374 10375 10376
10374 10377 10375
10374 10378 10377
10378 10379 10377
10378 10374 10380
10378 10381 10379
10381 10378 10380
10379 10381 10382
10381 10380 10383
10382 10381 10383
10383 10384 10382
10385 10383 10380
10383 10386 10384
10383 10385 10386
10384 10386 10387
10385 10388 10386
10387 10386 10388
10385 10389 10388
10387 10388 10390
10391 10388 10389
10392 10390 10388
10391 10392 10388
10390 10392 10393
10392 10391 10393
10394 10393 10391
10395 10394 10391
10391 10396 10395
10394 10395 10397
10397 10395 10396
10397 10396 10398
10397 10398 10399
10397 10399 10400
10399 10398 10401
10398 10402 10401
10403 10400 10399
10403 10404 10400
10405 10403 10399
10399 10401 10405
10405 10406 10403
10407 10401 10402
10407 10405 10401
10407 10402 10408
10409 10407 10408
10407 10410 10405
10410 10406 10405
10410 10411 10406
10412 10413 10414
10413 10415 10414
10413 10416 10415
10414 10415 10417
10416 10418 10415
10416 10419 10418
10419 10420 10418
10421 10417 10415
10421 10415 10418
10420 10421 10418
10417 10421 10422
10423 10421 10420
10423 10422 10421
10423 10420 10424
10424 10425 10423
10423 10426 10422
10426 10423 10425
10422 10426 10427
10426 10425 10428
10426 10429 10427
10426 10428 10429
10428 10430 10429
10428 10431 10430
10429 10430 10432
10430 10431 10433
10430 10434 10432
10430 10433 10434
10433 10435 10434
10433 10436 10435
10437 10435 10436
10437 10436 10438
10435 10437 10439
10434 10435 10440
10435 10439 10440
10439 10441 10440
10439 10442 10441
10440 10441 10443
10434 10440 10444
10440 10443 10444
10444 10445 10434
10444 10446 10445
10444 10443 10446
10443 10447 10446
10448 10449 10450
10448 10450 10451
10452 10448 10451
10451 10453 10452
10453 10454 10452
10455 10451 10450
10451 10455 10453
10455 10450 10456
10457 10455 10456
10453 10455 10457
10457 10456 10458
10453 10459 10454
10459 10460 10454
10461 10459 10453
10461 10460 10459
10453 10457 10462
10461 10453 10462
10463 10457 10458
10463 10458 10464
10457 10465 10462
10465 10461 10462
10457 10463 10465
10461 10466 10460
10466 10467 10460
10467 10466 10468
10467 10468 10469
10466 10461 10470
10465 10470 10461
10466 10470 10468
10471 10463 10464
10471 10464 10472
10473 10465 10463
10473 10470 10465
10473 10463 10471
10474 10471 10472
10474 10472 10475
10473 10476 10470
10476 10468 10470
10471 10477 10473
10471 10474 10477
10477 10476 10473
10478 10474 10475
10477 10474 10478
10478 10475 10479
10480 10478 10479
10480 10479 10481
10482 10480 10481
10477 10478 10483
10483 10478 10480
10482 10484 10480
10485 10484 10482
10485 10486 10484
10487 10484 10486
10484 10488 10480
10484 10487 10488
10483 10480 10488
10483 10489 10477
10477 10489 10476
10476 10489 10490
10483 10491 10489
10488 10491 10483
10491 10490 10489
10487 10492 10488
10488 10492 10491
10487 10493 10492
10493 10494 10492
10492 10494 10495
10492 10495 10491
10491 10495 10496
10491 10496 10490
10495 10497 10496
10497 10490 10496
10497 10498 10490
10476 10490 10499
10476 10499 10468
10490 10498 10500
10499 10490 10500
10498 10501 10500
10500 10501 10502
10499 10500 10503
10468 10499 10503
10500 10502 10503
10468 10503 10504
10502 10504 10503
10469 10468 10504
10502 10505 10504
10505 10469 10504
10506 10507 10508
10506 10509 10507
10510 10509 10506
10509 10510 10511
10511 10510 10512
10513 10507 10509
10509 10511 10513
10513 10514 10507
10515 10514 10513
10511 10515 10513
10515 10516 10514
10511 10512 10517
10517 10512 10518
10519 10511 10517
10519 10517 10518
10511 10520 10515
10519 10520 10511
10521 10516 10515
10521 10522 10516
10515 10520 10523
10523 10520 10519
10515 10523 10521
10519 10518 10524
10524 10518 10525
10525 10526 10524
10525 10527 10526
10524 10528 10519
10523 10519 10528
10524 10526 10528
10529 10522 10521
10529 10530 10522
10531 10521 10523
10531 10523 10528
10531 10529 10521
10532 10530 10529
10532 10533 10530
10531 10528 10534
10534 10528 10526
10529 10531 10535
10529 10535 10532
10535 10531 10534
10536 10533 10532
10535 10536 10532
10536 10537 10533
10538 10537 10536
10538 10539 10537
10540 10539 10538
10535 10541 10536
10541 10538 10536
10540 10538 10542
10543 10540 10542
10543 10542 10544
10545 10544 10542
10542 10538 10546
10542 10546 10545
10541 10546 10538
10541 10535 10547
10535 10534 10547
10534 10548 10547
10541 10547 10549
10546 10541 10549
10549 10547 10548
10545 10546 10550
10546 10549 10550
10545 10550 10551
10551 10550 10552
10550 10553 10552
10550 10549 10553
10549 10554 10553
10549 10548 10554
10553 10554 10555
10555 10554 10548
10555 10548 10556
10534 10557 10548
10534 10526 10557
10548 10558 10556
10557 10558 10548
10556 10558 10559
10558 10560 10559
10557 10561 10558
10526 10561 10557
10558 10561 10560
10526 10562 10561
10560 10561 10562
10527 10562 10526
10560 10562 10563
10563 10562 10527
10564 10565 10566
10564 10567 10565
10567 10568 10565
10564 10569 10567
10564 10570 10569
10567 10571 10568
10571 10567 10569
10571 10572 10568
10571 10573 10572
10571 10574 10573
10571 10575 10574
10571 10569 10575
10576 10574 10575
10570 10577 10569
10570 10578 10577
10579 10577 10578
10569 10580 10575
10576 10575 10580
10569 10577 10580
10579 10581 10577
10582 10581 10579
10583 10580 10577
10583 10576 10580
10583 10577 10581
10582 10584 10581
10584 10583 10581
10585 10584 10582
10586 10576 10583
10576 10586 10587
10588 10587 10586
10589 10586 10583
10584 10589 10583
10590 10589 10584
10585 10591 10584
10590 10584 10591
10591 10585 10592
10588 10586 10593
10593 10586 10589
10594 10588 10593
10591 10592 10595
10590 10591 10595
10596 10595 10592
10596 10592 10597
10597 10598 10596
10597 10599 10598
10596 10598 10600
10601 10595 10596
10590 10595 10601
10596 10600 10602
10601 10596 10602
10603 10589 10590
10593 10589 10603
10594 10593 10604
10605 10594 10604
10606 10590 10601
10606 10601 10602
10600 10607 10602
10600 10608 10607
10609 10607 10608
10609 10608 10610
10611 10609 10610
10612 10602 10607
10612 10606 10602
10609 10612 10607
10606 10613 10590
10613 10606 10612
10603 10590 10613
10613 10612 10614
10603 10613 10614
10609 10615 10612
10614 10612 10615
10603 10614 10616
10593 10603 10616
10593 10616 10604
10617 10616 10614
10614 10615 10617
10618 10604 10616
10617 10618 10616
10615 10619 10617
10619 10618 10617
10620 10615 10609
10615 10620 10619
10620 10609 10621
10611 10621 10609
10621 10622 10620
10619 10620 10622
10623 10621 10611
10623 10622 10621
10624 10622 10623
10623 10611 10625
10619 10622 10626
10626 10622 10624
10627 10623 10625
10627 10625 10628
10629 10627 10628
10619 10630 10618
10630 10619 10626
10624 10623 10631
10631 10623 10627
10629 10632 10627
10631 10627 10633
10627 10632 10633
10633 10634 10631
10635 10632 10629
10635 10629 10636
10635 10636 10637
10632 10638 10633
10632 10635 10638
10638 10634 10633
10635 10637 10639
10638 10635 10639
10640 10639 10637
10640 10641 10639
10642 10641 10640
10638 10639 10643
10634 10638 10643
10643 10639 10641
10634 10644 10631
10644 10624 10631
10642 10645 10641
10645 10642 10646
10645 10646 10647
10648 10647 10646
10648 10649 10647
10648 10650 10649
10648 10651 10650
10652 10650 10651
10652 10651 10653
10650 10652 10654
10649 10655 10647
10656 10649 10650
10649 10656 10655
10650 10654 10657
10656 10650 10657
10654 10658 10657
10654 10659 10658
10645 10647 10660
10647 10655 10660
10661 10656 10657
10661 10657 10658
10662 10658 10659
10662 10659 10663
10658 10664 10661
10662 10664 10658
10665 10664 10662
10663 10666 10662
10665 10662 10666
10663 10667 10666
10668 10666 10667
10668 10669 10666
10665 10666 10669
10669 10668 10670
10656 10671 10655
10656 10661 10672
10656 10672 10671
10655 10671 10673
10655 10673 10660
10661 10664 10674
10661 10675 10672
10661 10674 10675
10676 10674 10664
10676 10664 10665
10675 10677 10672
10677 10671 10672
10674 10678 10675
10674 10676 10678
10678 10677 10675
10676 10665 10679
10680 10676 10679
10680 10678 10676
10678 10680 10681
10682 10679 10665
10678 10681 10683
10678 10683 10677
10681 10684 10683
10684 10685 10683
10685 10686 10683
10683 10687 10677
10683 10686 10687
10677 10687 10671
10688 10687 10686
10689 10671 10687
10688 10689 10687
10689 10673 10671
10690 10689 10688
10673 10689 10690
10673 10690 10691
10660 10673 10691
10691 10690 10692
10660 10691 10693
10693 10645 10660
10691 10692 10694
10693 10691 10694
10695 10645 10693
10641 10645 10695
10693 10696 10695
10693 10694 10696
10692 10697 10694
10692 10698 10697
10641 10695 10699
10696 10699 10695
10694 10700 10696
10696 10700 10699
10694 10697 10700
10701 10641 10699
10699 10700 10701
10643 10641 10701
10702 10697 10698
10702 10698 10703
10704 10702 10703
10697 10705 10700
10697 10702 10705
10702 10706 10705
10700 10707 10701
10700 10705 10707
10707 10643 10701
10707 10705 10706
10704 10708 10702
10702 10708 10706
10709 10708 10704
10709 10710 10708
10708 10710 10711
10708 10711 10706
10711 10712 10706
10713 10643 10707
10634 10643 10713
10706 10712 10714
10712 10715 10714
10716 10714 10715
10707 10706 10717
10717 10706 10714
10713 10707 10717
10717 10714 10718
10716 10718 10714
10718 10713 10717
10719 10634 10713
10718 10719 10713
10718 10720 10719
10718 10721 10720
10721 10718 10716
10720 10721 10722
10716 10722 10721
10720 10722 10723
10719 10724 10634
10720 10724 10719
10644 10634 10724
10720 10723 10725
10725 10723 10726
10725 10726 10727
10727 10728 10725
10728 10720 10725
10729 10720 10728
10720 10730 10724
10729 10730 10720
10731 10724 10730
10644 10724 10731
10729 10732 10730
10731 10730 10732
10729 10733 10732
10733 10734 10732
10731 10732 10734
10731 10734 10735
10731 10735 10736
10736 10644 10731
10736 10735 10737
10736 10737 10738
10736 10739 10644
10738 10739 10736
10738 10740 10739
10644 10739 10624
10740 10624 10739
10740 10741 10624
10626 10624 10741
10626 10741 10742
10630 10626 10742
10630 10742 10743
10630 10743 10744
10743 10745 10744
10618 10630 10744
10744 10745 10605
10618 10744 10746
10744 10605 10746
10618 10746 10604
10605 10604 10746
10747 10748 10749
10750 10747 10749
10751 10750 10749
10752 10751 10749
10753 10752 10749
10754 10753 10749
10755 10756 10757
10755 10758 10756
10759 10758 10755
10758 10760 10756
10759 10761 10758
10761 10759 10682
10758 10762 10760
10761 10762 10758
10762 10763 10760
10762 10764 10763
10670 10764 10762
10670 10762 10765
10761 10765 10762
10669 10670 10765
10669 10765 10761
10761 10682 10766
10669 10761 10766
10682 10665 10766
10665 10669 10766
10767 10768 10769
10767 10770 10768
10771 10770 10767
10771 10767 10772
10773 10768 10770
10773 10774 10768
10775 10771 10772
10775 10772 10776
10775 10776 10777
10773 10770 10778
10770 10771 10778
10779 10773 10778
10774 10773 10780
10779 10780 10773
10774 10780 10781
10782 10781 10780
10782 10780 10783
10779 10783 10780
10783 10784 10782
10771 10785 10778
10771 10775 10786
10771 10786 10785
10787 10778 10785
10787 10779 10778
10785 10786 10788
10785 10788 10787
10786 10775 10789
10788 10786 10789
10789 10775 10790
10775 10777 10790
10787 10791 10779
10792 10791 10787
10792 10787 10788
10788 10793 10792
10794 10779 10791
10788 10795 10793
10788 10789 10795
10793 10795 10796
10795 10797 10796
10795 10798 10797
10795 10789 10799
10795 10799 10798
10789 10790 10799
10800 10798 10799
10794 10801 10779
10779 10801 10783
10802 10801 10794
10783 10801 10802
10802 10794 10803
10799 10790 10804
10777 10804 10790
10800 10799 10805
10799 10804 10805
10806 10800 10805
10804 10806 10805
10804 10807 10806
10807 10808 10806
10783 10802 10809
10783 10809 10784
10784 10809 10810
10802 10810 10809
10784 10810 10811
10810 10812 10811
10810 10813 10812
10802 10814 10810
10814 10813 10810
10803 10814 10802
10814 10815 10813
10803 10816 10814
10816 10815 10814
10816 10817 10815
10807 10818 10808
10808 10818 10819
10808 10819 10820
10821 10820 10819
10821 10822 10820
10823 10822 10821
10823 10821 10824
10825 10823 10824
10825 10824 10826
10824 10827 10826
10821 10828 10824
10824 10828 10827
10819 10829 10821
10821 10829 10828
10819 10830 10829
10818 10830 10819
10828 10831 10827
10827 10831 10832
10833 10832 10831
10834 10828 10829
10830 10834 10829
10835 10831 10828
10834 10835 10828
10833 10831 10836
10835 10836 10831
10837 10835 10834
10836 10835 10837
10838 10833 10836
10833 10838 10839
10840 10839 10838
10836 10840 10838
10840 10841 10839
10836 10837 10842
10836 10842 10840
10842 10837 10843
10837 10834 10844
10843 10837 10844
10830 10845 10834
10834 10845 10844
10844 10845 10846
10847 10845 10830
10845 10847 10846
10848 10847 10830
10818 10848 10830
10848 10849 10847
10846 10847 10849
10850 10848 10818
10850 10849 10848
10850 10818 10807
10849 10850 10851
10846 10849 10851
10852 10850 10807
10850 10852 10851
10852 10807 10804
10777 10852 10804
10853 10852 10777
10851 10852 10853
10854 10853 10777
10854 10777 10855
10851 10853 10856
10851 10856 10857
10857 10846 10851
10857 10858 10846
10858 10859 10846
10858 10860 10859
10844 10846 10859
10861 10859 10860
10861 10860 10862
10861 10862 10863
10864 10844 10859
10864 10859 10861
10843 10844 10864
10861 10863 10865
10865 10864 10861
10863 10866 10865
10863 10867 10866
10866 10867 10868
10865 10869 10864
10864 10869 10843
10866 10869 10865
10866 10868 10870
10870 10868 10871
10872 10869 10866
10869 10872 10843
10872 10866 10870
10873 10872 10870
10843 10872 10874
10874 10872 10873
10874 10875 10843
10842 10843 10875
10840 10842 10875
10870 10871 10876
10871 10877 10876
10871 10878 10877
10877 10878 10879
10877 10879 10880
10870 10876 10881
10873 10870 10881
10882 10876 10877
10876 10882 10881
10877 10880 10883
10883 10880 10884
10880 10885 10884
10880 10886 10885
10885 10886 10887
10877 10883 10888
10882 10877 10888
10886 10889 10887
10889 10890 10887
10889 10891 10890
10889 10892 10891
10893 10881 10882
10888 10893 10882
10893 10894 10881
10894 10873 10881
10888 10895 10893
10888 10896 10895
10888 10897 10896
10896 10898 10895
10893 10895 10899
10900 10894 10893
10893 10899 10900
10895 10898 10901
10895 10901 10899
10894 10902 10873
10894 10903 10902
10900 10903 10894
10904 10873 10902
10900 10905 10903
10904 10906 10873
10907 10906 10904
10874 10873 10906
10900 10908 10905
10899 10908 10900
10905 10908 10909
10908 10910 10909
10907 10911 10906
10911 10874 10906
10911 10907 10912
10911 10912 10913
10911 10914 10874
10914 10911 10913
10874 10914 10875
10914 10913 10915
10899 10916 10908
10908 10916 10910
10899 10917 10916
10910 10916 10917
10910 10917 10918
10899 10901 10917
10918 10917 10919
10919 10917 10901
10918 10919 10920
10914 10921 10875
10840 10875 10921
10914 10915 10922
10914 10922 10921
10923 10922 10915
10924 10922 10923
10924 10921 10922
10924 10840 10921
10924 10925 10840
10925 10926 10840
10927 10926 10925
10840 10926 10841
10926 10927 10928
10926 10928 10841
10920 10919 10929
10920 10929 10930
10931 10930 10929
10919 10932 10929
10929 10933 10931
10932 10933 10929
10919 10934 10932
10919 10901 10934
10934 10901 10898
10934 10898 10935
10935 10898 10936
10935 10936 10937
10938 10935 10937
10939 10935 10938
10934 10935 10940
10939 10940 10935
10934 10940 10932
10940 10939 10941
10940 10942 10932
10942 10933 10932
10940 10941 10943
10940 10943 10942
10943 10941 10944
10943 10944 10945
10945 10942 10943
10945 10946 10942
10946 10947 10942
10942 10947 10933
10946 10948 10947
10948 10949 10947
10933 10947 10949
10948 10950 10949
10951 10949 10950
10933 10949 10952
10933 10952 10931
10951 10953 10949
10953 10952 10949
10954 10953 10951
10931 10952 10955
10953 10955 10952
10931 10955 10956
10957 10956 10955
10957 10955 10953
10957 10958 10956
10957 10959 10958
10957 10960 10959
10957 10953 10961
10961 10960 10957
10954 10961 10953
10961 10962 10960
10954 10962 10961
10954 10963 10962
10964 10965 10966
10967 10965 10964
10968 10965 10967
10969 10965 10968
10970 10965 10969
10971 10965 10970
10972 10973 10974
10974 10975 10972
10975 10974 10976
10976 10974 10977
10976 10977 10978
10977 10979 10978
10978 10979 10980
10980 10979 10981
10979 10982 10981
10981 10982 10983
10983 10984 10981
10984 10983 10985
10984 10985 10986
10986 10985 10987
10988 10989 10990
10988 10990 10991
10992 10991 10990
10992 10993 10991
10993 10992 10994
10995 10993 10994
10996 10995 10994
10995 10996 10997
10998 10995 10997
10999 10998 10997
10998 10999 11000
11001 11002 11003
11001 11003 11004
11005 11001 11004
11006 11005 11004
11007 11005 11006
11004 11003 11008
11006 11004 11008
11009 11008 11003
11009 11010 11008
11010 11006 11008
11011 11010 11009
11011 11012 11010
11011 11013 11012
11013 11011 11014
11015 11013 11014
11016 11015 11014
11016 11017 11015
11017 11018 11015
11019 11010 11012
11013 11019 11012
11019 11006 11010
11013 11020 11019
11015 11020 11013
11018 11021 11015
11018 11022 11021
11006 11019 11023
11019 11020 11023
11015 11021 11024
11015 11024 11020
11025 11021 11022
11024 11021 11025
11025 11022 11026
11026 11027 11025
11027 11028 11025
11020 11024 11029
11024 11025 11029
11028 11029 11025
11020 11029 11023
11028 11030 11029
11030 11023 11029
11030 11031 11023
11006 11023 11032
11032 11023 11031
11007 11006 11032
11032 11031 11033
11007 11032 11033
11007 11033 11034
11035 11036 11037
11038 11036 11035
11038 11039 11036
11040 11039 11038
11040 11038 11041
11042 11040 11041
11043 11042 11041
11043 11041 11044
11045 11043 11044
11045 11044 11046
11045 11046 11047
11048 11047 11046
11049 11050 11051
11049 11051 11052
11052 11051 11053
11052 11053 11054
11053 11055 11054
11053 11056 11055
11056 11057 11055
11056 11058 11057
11059 11057 11058
11059 11058 11060
11061 11059 11060
11061 11060 11062
11062 11063 11061
11061 11063 11064
11064 11063 11065
11065 11066 11064
11065 11067 11066
11067 11068 11066
11067 11069 11068
11069 11070 11068
11069 11071 11070
11071 11072 11070
11071 11073 11072
11073 11074 11072
11073 11075 11074
11075 11076 11074
11075 11077 11076
11077 11078 11076
11077 11079 11078
11079 11080 11078
11079 11081 11080
11081 11082 11080
11081 11083 11082
11084 11082 11083
11084 11083 11085
11086 11084 11085
11086 11085 11087
11087 11088 11086
11087 11089 11088
11090 11088 11089
11090 11089 11091
11092 11090 11091
11092 11091 11093
11093 11094 11092
11093 11095 11094
11094 11095 11096
11094 11096 11097
11098 11097 11096
11098 11096 11099
11098 11099 11100
11098 11100 11101
11100 11102 11101
11100 11103 11102
11104 11105 11106
11104 11106 11107
11108 11109 11110
11108 11111 11109
11111 11112 11109
11111 11113 11112
11112 11113 11114
11112 11114 11115
11115 11114 11116
11115 11116 11117
11118 11117 11116
11118 11119 11117
11120 11119 11118
11120 11121 11119
11121 11120 11122
11120 11123 11122
11123 11124 11122
11124 11123 11125
11124 11125 11126
11126 11125 11127
11126 11127 11128
11128 11127 11129
11128 11129 11130
11130 11129 11131
11130 11131 11132
11132 11131 11133
11132 11133 11134
11134 11133 11135
11134 11135 11136
11136 11135 11137
11136 11137 11138
11138 11137 11139
11138 11139 11140
11140 11139 11141
11140 11141 11142
11143 11142 11141
11143 11144 11142
11145 11144 11143
11145 11146 11144
11146 11145 11147
11146 11147 11148
11149 11148 11147
11149 11150 11148
11151 11150 11149
11151 11152 11150
11152 11151 11153
11152 11153 11154
11153 11155 11154
11153 11156 11155
11157 11155 11156
11157 11158 11155
11157 11159 11158
11157 11160 11159
11160 11161 11159
11160 11162 11161
11163 11164 11165
11163 11165 11166
11167 11168 11169
11170 11167 11169
11171 11170 11169
11171 11169 11172
11173 11171 11172
11173 11174 11171
11175 11174 11173
11175 11176 11174
11177 11176 11175
11177 11178 11176
11179 11178 11177
11179 11177 11180
11181 11179 11180
11181 11180 11182
11183 11181 11182
11183 11182 11184
11184 11185 11183
11184 11186 11185
11186 11187 11185
11186 11188 11187
11189 11187 11188
11189 11188 11190
11190 11191 11189
11190 11192 11191
11192 11193 11191
11192 11194 11193
11195 11193 11194
11195 11196 11193
11197 11196 11195
11197 11198 11196
11199 11198 11197
11199 11200 11198
11199 11201 11200
11199 11202 11201
11203 11201 11202
11203 11204 11201
11205 11204 11203
11205 11206 11204
11207 11208 11209
11207 11209 11210
11211 11207 11210
11210 11209 11212
11213 11211 11210
11210 11212 11213
11213 11212 11214
11213 11215 11211
11213 11214 11216
11216 11214 11217
11216 11217 11218
11218 11217 11219
11216 11220 11213
11220 11215 11213
11218 11220 11216
11218 11219 11221
11221 11219 11222
11220 11223 11215
11224 11215 11223
11223 11225 11224
11220 11226 11223
11223 11226 11225
11227 11225 11226
11227 11228 11225
11220 11229 11226
11218 11229 11220
11227 11226 11229
11218 11230 11229
11227 11229 11230
11221 11231 11218
11218 11231 11230
11221 11222 11232
11232 11222 11233
11234 11231 11221
11232 11234 11221
11231 11235 11230
11234 11235 11231
11230 11235 11236
11227 11230 11236
11227 11236 11237
11234 11238 11235
11227 11237 11239
11240 11238 11234
11232 11240 11234
11240 11241 11238
11242 11241 11240
11242 11243 11241
11242 11244 11243
11242 11245 11244
11227 11239 11246
11246 11228 11227
11247 11246 11239
11248 11228 11246
11247 11248 11246
11242 11249 11245
11249 11250 11245
11249 11251 11250
11252 11250 11251
11242 11253 11249
11251 11249 11253
11252 11251 11254
11255 11252 11254
11242 11256 11253
11256 11242 11240
11254 11251 11257
11251 11253 11257
11255 11254 11258
11258 11259 11255
11256 11240 11260
11232 11260 11240
11261 11260 11232
11261 11256 11260
11232 11233 11261
11253 11256 11262
11261 11262 11256
11233 11263 11261
11263 11262 11261
11233 11264 11263
11263 11264 11265
11263 11265 11266
11263 11266 11267
11263 11267 11262
11262 11267 11268
11253 11262 11269
11262 11268 11269
11257 11253 11269
11268 11270 11269
11257 11269 11270
11268 11271 11270
11272 11257 11270
11254 11257 11272
11272 11258 11254
11271 11273 11270
11272 11270 11273
11271 11274 11273
11272 11275 11258
11273 11275 11272
11274 11276 11273
11273 11276 11275
11274 11277 11276
11275 11278 11258
11258 11278 11259
11279 11259 11278
11280 11276 11277
11280 11277 11281
11276 11282 11275
11275 11282 11278
11276 11280 11282
11279 11278 11283
11283 11278 11282
11284 11279 11283
11285 11280 11281
11285 11281 11286
11287 11282 11280
11283 11282 11287
11287 11280 11285
11284 11283 11288
11288 11283 11287
11288 11289 11284
11290 11285 11286
11290 11286 11291
11292 11287 11285
11288 11287 11292
11292 11285 11290
11290 11293 11292
11292 11293 11294
11292 11294 11288
11288 11294 11289
11295 11289 11294
11290 11291 11296
11296 11291 11297
11290 11296 11298
11290 11298 11293
11299 11298 11296
11293 11298 11299
11300 11293 11299
11301 11293 11300
11295 11294 11302
11302 11294 11293
11301 11303 11293
11302 11293 11303
11304 11303 11301
11305 11303 11304
11305 11302 11303
11302 11306 11295
11307 11295 11306
11308 11307 11306
11308 11306 11309
11302 11305 11310
11306 11302 11310
11309 11306 11310
11311 11310 11305
11309 11310 11311
11312 11313 11314
11312 11314 11315
11316 11312 11315
11316 11315 11317
11318 11316 11317
11318 11317 11319
11320 11318 11319
11320 11319 11321
11322 11320 11321
11322 11321 11323
11324 11322 11323
11324 11323 11325
11326 11324 11325
11326 11325 11327
11328 11326 11327
11328 11327 11329
11330 11328 11329
11330 11329 11331
11332 11333 11334
11335 11333 11332
11336 11333 11335
11336 11337 11333
11338 11337 11336
11338 11336 11339
11340 11338 11339
11340 11339 11341
11342 11340 11341
11342 11341 11343
11344 11342 11343
11344 11345 11342
11346 11345 11344
11346 11347 11345
11348 11347 11346
11348 11349 11347
11349 11348 11350
11349 11350 11351
11350 11352 11351
11350 11353 11352
11354 11352 11353
11354 11355 11352
11355 11354 11356
11355 11356 11357
11357 11356 11358
11357 11358 11359
11360 11359 11358
11360 11358 11361
11362 11360 11361
11362 11361 11363
11364 11362 11363
11364 11363 11365
11364 11365 11366
11364 11366 11367
11368 11367 11366
11368 11366 11369
11370 11368 11369
11370 11369 11371
11372 11373 11374
11372 11375 11373
11376 11375 11372
11375 11377 11373
11378 11375 11376
11375 11378 11377
11378 11379 11377
11378 11376 11380
11378 11381 11379
11381 11382 11379
11381 11383 11382
11383 11384 11382
11381 11378 11385
11385 11378 11380
11383 11381 11385
11383 11386 11384
11386 11387 11384
11385 11380 11388
11389 11388 11380
11388 11389 11390
11385 11388 11391
11388 11390 11391
11392 11391 11390
11392 11390 11393
11385 11391 11394
11383 11385 11394
11392 11394 11391
11383 11394 11395
11392 11395 11394
11386 11383 11396
11383 11395 11396
11386 11397 11387
11397 11398 11387
11399 11386 11396
11397 11386 11399
11396 11395 11400
11399 11396 11400
11395 11401 11400
11392 11401 11395
11392 11402 11401
11399 11400 11403
11392 11404 11402
11405 11399 11403
11397 11399 11405
11405 11403 11406
11407 11405 11406
11407 11406 11408
11407 11408 11409
11407 11409 11410
11392 11411 11404
11411 11392 11393
11412 11404 11411
11413 11411 11393
11412 11411 11413
11407 11410 11414
11414 11410 11415
11414 11415 11416
11417 11416 11415
11407 11414 11418
11416 11418 11414
11417 11419 11416
11420 11419 11417
11407 11418 11421
11421 11405 11407
11419 11422 11416
11416 11422 11418
11420 11423 11419
11423 11420 11424
11421 11425 11405
11397 11405 11425
11426 11397 11425
11426 11425 11421
11397 11426 11398
11418 11427 11421
11426 11421 11427
11398 11426 11428
11428 11426 11427
11398 11428 11429
11428 11430 11429
11428 11431 11430
11428 11432 11431
11428 11427 11432
11427 11433 11432
11418 11434 11427
11427 11434 11433
11422 11434 11418
11433 11434 11435
11422 11435 11434
11433 11435 11436
11437 11435 11422
11419 11437 11422
11437 11419 11423
11436 11435 11438
11437 11438 11435
11436 11438 11439
11437 11423 11440
11438 11437 11440
11439 11438 11441
11438 11440 11441
11439 11441 11442
11440 11423 11443
11423 11424 11443
11444 11443 11424
11441 11440 11445
11440 11443 11445
11446 11442 11441
11441 11445 11446
11446 11447 11442
11444 11448 11443
11448 11445 11443
11449 11448 11444
11450 11446 11445
11448 11450 11445
11451 11447 11446
11450 11451 11446
11451 11452 11447
11449 11453 11448
11453 11450 11448
11453 11449 11454
11455 11451 11450
11453 11455 11450
11456 11452 11451
11455 11456 11451
11456 11455 11457
11456 11458 11452
11453 11454 11459
11455 11453 11459
11455 11459 11457
11460 11459 11454
11456 11461 11458
11462 11458 11461
11456 11463 11461
11456 11457 11463
11461 11463 11464
11457 11464 11463
11464 11457 11465
11460 11466 11459
11466 11457 11459
11465 11457 11467
11466 11467 11457
11465 11467 11468
11468 11467 11469
11469 11467 11470
11470 11467 11466
11466 11460 11471
11472 11471 11460
11466 11473 11470
11471 11473 11466
11470 11473 11474
11474 11473 11471
11474 11471 11475
11475 11471 11472
11475 11472 11476
11477 11478 11479
11480 11477 11479
11480 11481 11477
11480 11479 11482
11483 11482 11479
11483 11484 11482
11485 11484 11483
11485 11486 11484
11486 11485 11487
11486 11487 11488
11488 11487 11489
11488 11489 11490
11491 11490 11489
11491 11489 11492
11493 11491 11492
11493 11494 11491
11495 11496 11497
11495 11497 11498
11499 11495 11498
11499 11500 11495
11500 11499 11501
11500 11501 11502
11502 11501 11503
11502 11503 11504
11505 11504 11503
11505 11506 11504
11506 11505 11507
11506 11507 11508
11509 11508 11507
11509 11510 11508
11511 11510 11509
11512 11511 11509
11512 11513 11511
11514 11513 11512
11515 11516 11517
11518 11516 11515
11518 11515 11519
11518 11520 11516
11521 11516 11520
11521 11520 11522
11523 11521 11522
11523 11522 11524
11524 11525 11523
11524 11526 11525
11526 11527 11525
11526 11528 11527
11529 11527 11528
11529 11530 11527
11531 11530 11529
11531 11529 11532
11533 11534 11535
11533 11536 11534
11537 11536 11533
11537 11533 11538
11538 11539 11537
11538 11540 11539
11540 11541 11539
11540 11542 11541
11543 11541 11542
11543 11542 11544
11544 11545 11543
11544 11546 11545
11547 11545 11546
11547 11546 11548
11549 11547 11548
11550 11547 11549
11550 11549 11551
11552 11550 11551
11553 11554 11555
11553 11556 11554
11557 11556 11553
11558 11554 11556
11558 11556 11559
11560 11558 11559
11557 11561 11556
11561 11559 11556
11562 11561 11557
11562 11563 11561
11559 11561 11563
11564 11563 11562
11565 11563 11564
11559 11563 11565
11566 11565 11564
11560 11559 11567
11568 11560 11567
11559 11565 11569
11565 11566 11569
11559 11569 11567
11568 11567 11570
11571 11568 11570
11566 11572 11569
11566 11573 11572
11567 11569 11574
11574 11569 11572
11567 11574 11570
11574 11572 11575
11571 11570 11576
11576 11570 11574
11577 11571 11576
11575 11578 11574
11576 11574 11578
11575 11579 11578
11578 11579 11580
11578 11580 11581
11576 11578 11581
11581 11580 11582
11577 11576 11583
11576 11581 11583
11584 11577 11583
11581 11582 11585
11585 11583 11581
11584 11583 11586
11585 11586 11583
11587 11584 11586
11582 11588 11585
11588 11586 11585
11582 11589 11588
11587 11586 11590
11588 11590 11586
11590 11591 11587
11590 11592 11591
11590 11593 11592
11588 11593 11590
11594 11592 11593
11589 11595 11588
11588 11595 11593
11589 11596 11595
11594 11593 11597
11598 11594 11597
11593 11595 11599
11593 11599 11597
11598 11597 11600
11597 11599 11600
11600 11601 11598
11600 11602 11601
11599 11602 11600
11599 11603 11602
11595 11604 11599
11604 11603 11599
11595 11596 11604
11604 11605 11603
11596 11605 11604
11596 11265 11605
11606 11607 11608
11606 11608 11609
11606 11609 11610
11610 11609 11611
11610 11611 11612
11611 11613 11612
11611 11614 11613
11614 11615 11613
11614 11616 11615
11617 11615 11616
11617 11616 11618
11618 11619 11617
11618 11620 11619
11621 11619 11620
11621 11622 11619
11623 11622 11621
11623 11621 11624
11624 11625 11623
11624 11626 11625
11627 11625 11626
11627 11626 11628
11627 11628 11629
11627 11629 11630
11630 11629 11631
11630 11631 11632
11633 11632 11631
11633 11631 11634
11633 11634 11635
11633 11635 11636
11636 11635 11637
11636 11637 11638
11637 11639 11638
11637 11640 11639
11641 11639 11640
11641 11640 11642
11643 11641 11642
11643 11642 11644
11645 11643 11644
11645 11644 11646
11647 11645 11646
11647 11646 11648
11649 11647 11648
11649 11648 11650
11649 11650 11651
11649 11651 11652
11652 11651 11653
11652 11653 11654
11653 11655 11654
11653 11656 11655
11656 11657 11655
11656 11658 11657
11657 11658 11659
11657 11659 11660
11660 11659 11661
11660 11661 11662
11661 11663 11662
11664 11665 11666
11664 11666 11667
11667 11666 11668
11667 11668 11669
11669 11668 11670
11669 11670 11671
11671 11670 11672
11671 11672 11673
11673 11672 11674
11673 11674 11675
11676 11675 11674
11676 11674 11677
11678 11679 11680
11678 11681 11679
11678 11682 11681
11682 11683 11681
11682 11684 11683
11683 11684 11685
11683 11685 11686
11686 11685 11687
11686 11687 11688
11689 11688 11687
11689 11690 11688
11690 11689 11691
11690 11691 11692
11691 11693 11692
11691 11694 11693
11695 11693 11694
11695 11696 11693
11696 11695 11697
11696 11697 11698
11699 11698 11697
11699 11700 11698
11699 11701 11700
11699 11702 11701
11702 11703 11701
11702 11704 11703
11705 11703 11704
11705 11706 11703
11705 11707 11706
11705 11708 11707
11708 11709 11707
11708 11710 11709
11710 11711 11709
11710 11712 11711
11713 11711 11712
11713 11714 11711
11715 11714 11713
11715 11716 11714
11717 11716 11715
11717 11718 11716
11719 11718 11717
11719 11720 11718
11721 11720 11719
11721 11722 11720
11721 11723 11722
11721 11724 11723
11724 11725 11723
11724 11726 11725
11725 11726 11727
11725 11727 11728
11728 11727 11729
11728 11729 11730
11729 11731 11730
11729 11732 11731
11732 11733 11731
11732 11734 11733
11733 11734 11735
11736 11737 11738
11736 11738 11739
11740 11739 11738
11739 11740 11741
11736 11739 11742
11742 11743 11736
11743 11742 11744
11744 11742 11739
11745 11739 11741
11746 11745 11741
11747 11745 11746
11747 11748 11745
11749 11739 11745
11749 11745 11748
11744 11739 11749
11749 11748 11750
11748 11751 11750
11752 11743 11744
11752 11753 11743
11753 11752 11754
11755 11754 11752
11752 11756 11755
11744 11756 11752
11749 11757 11744
11744 11757 11756
11749 11750 11757
11758 11756 11757
11758 11757 11759
11750 11759 11757
11760 11758 11759
11759 11761 11760
11751 11761 11762
11750 11751 11762
11750 11762 11759
11759 11762 11761
11763 11764 11765
11763 11765 11766
11766 11765 11767
11766 11767 11768
11768 11767 11769
11768 11769 11770
11770 11769 11771
11770 11771 11772
11772 11771 11773
11772 11773 11774
11774 11773 11775
11774 11775 11776
11776 11775 11777
11776 11777 11778
11778 11777 11779
11778 11779 11780
11781 11782 11783
11781 11784 11782
11785 11784 11781
11785 11786 11784
11787 11786 11785
11787 11788 11786
11789 11788 11787
11789 11790 11788
11791 11790 11789
11791 11792 11790
11793 11792 11791
11793 11794 11792
11795 11794 11793
11795 11796 11794
11797 11796 11795
11797 11798 11796
11799 11798 11797
11799 11800 11798
11801 11802 11803
11801 11804 11802
11805 11802 11804
11804 11806 11805
11801 11807 11804
11807 11801 11808
11808 11809 11807
11809 11804 11807
11810 11806 11804
11811 11806 11810
11812 11811 11810
11812 11810 11813
11814 11810 11804
11814 11813 11810
11809 11814 11804
11814 11815 11813
11813 11815 11816
11817 11809 11808
11817 11808 11818
11818 11819 11817
11820 11817 11819
11817 11820 11821
11809 11817 11821
11814 11809 11822
11809 11821 11822
11814 11822 11815
11823 11822 11821
11823 11824 11822
11815 11822 11824
11825 11824 11823
11824 11825 11826
11816 11827 11826
11815 11827 11816
11815 11824 11827
11824 11826 11827
11828 11829 11830
11828 11831 11829
11831 11832 11829
11831 11833 11832
11833 11834 11832
11833 11835 11834
11835 11836 11834
11835 11837 11836
11837 11838 11836
11837 11839 11838
11839 11840 11838
11839 11841 11840
11841 11842 11840
11841 11843 11842
11843 11844 11842
11843 11845 11844
11846 11847 11848
11846 11848 11849
11850 11846 11849
11850 11849 11851
11852 11850 11851
11852 11851 11853
11854 11852 11853
11854 11853 11855
11856 11854 11855
11856 11855 11857
11858 11856 11857
11858 11857 11859
11860 11858 11859
11860 11859 11861
11862 11860 11861
11862 11861 11863
11864 11862 11863
11864 11863 11865
11866 11867 11868
11866 11868 11869
11869 11868 11870
11869 11870 11871
11871 11870 11872
11873 11866 11869
11871 11873 11869
11871 11872 11874
11874 11873 11871
11874 11872 11875
11874 11875 11876
11874 11876 11877
11866 11873 11878
11866 11878 11879
11874 11880 11873
11874 11877 11880
11880 11878 11873
11877 11881 11880
11880 11881 11878
11877 11882 11881
11883 11881 11882
11879 11878 11884
11879 11884 11885
11884 11886 11885
11878 11881 11887
11887 11881 11883
11878 11887 11884
11888 11887 11883
11884 11887 11888
11883 11889 11888
11884 11890 11886
11888 11890 11884
11891 11886 11890
11888 11889 11892
11890 11888 11892
11889 11893 11892
11891 11890 11894
11890 11892 11894
11895 11891 11894
11895 11894 11896
11896 11894 11892
11897 11895 11896
11897 11896 11898
11899 11897 11898
11892 11893 11900
11896 11892 11900
11898 11896 11900
11900 11893 11901
11900 11901 11898
11901 11902 11898
11902 11903 11898
11898 11903 11904
11899 11898 11905
11898 11904 11905
11906 11899 11905
11904 11907 11905
11906 11905 11907
11904 11908 11907
11909 11906 11907
11908 11910 11907
11909 11907 11910
11908 11911 11910
11912 11910 11911
11913 11909 11910
11912 11913 11910
11913 11914 11909
11913 11912 11915
11914 11913 11916
11913 11915 11916
11914 11916 11917
11915 11918 11916
11918 11917 11916
11915 11919 11918
11918 11920 11917
11919 11921 11918
11920 11918 11921
11920 11921 11922
11919 11923 11921
11924 11922 11921
11923 11925 11921
11925 11924 11921
11923 11926 11925
11925 11927 11924
11925 11926 11928
11929 11927 11925
11925 11928 11929
11929 11930 11927
11931 11929 11928
11930 11929 11931
11930 11931 11932
11931 11928 11933
11931 11934 11932
11933 11935 11931
11931 11935 11934
11936 11934 11935
11933 11937 11935
11937 11936 11935
11936 11938 11934
11937 11939 11936
11940 11938 11936
11936 11939 11941
11940 11936 11942
11936 11941 11942
11942 11943 11940
11944 11943 11942
11942 11941 11945
11944 11942 11946
11942 11945 11946
11947 11944 11946
11945 11948 11946
11947 11946 11948
11945 11949 11948
11950 11947 11948
11949 11950 11948
11951 11952 11953
11951 11953 11954
11954 11955 11951
11955 11954 11956
11957 11958 11953
11958 11957 11959
11959 11960 11958
11961 11962 11963
11961 11963 11964
11965 11961 11964
11965 11964 11966
11967 11965 11966
11967 11966 11968
11969 11967 11968
11969 11968 11970
11971 11969 11970
11971 11970 11972
11973 11971 11972
11973 11972 11974
11975 11973 11974
11975 11974 11976
11977 11975 11976
11977 11976 11978
11979 11980 11981
11979 11982 11980
11982 11983 11980
11982 11984 11983
11984 11985 11983
11982 11979 11986
11984 11982 11986
11984 11987 11985
11987 11984 11986
11987 11988 11985
11987 11989 11988
11987 11990 11989
11979 11991 11986
11979 11992 11991
11987 11986 11993
11987 11993 11990
11993 11986 11991
11990 11993 11994
11993 11991 11994
11990 11994 11995
11996 11995 11994
11992 11997 11991
11992 11998 11997
11997 11998 11999
11991 12000 11994
12000 11996 11994
11991 11997 12000
12001 11996 12000
11997 12001 12000
11996 12001 12002
11997 11999 12003
12001 11997 12003
12004 12003 11999
12001 12005 12002
12003 12005 12001
12002 12005 12006
12004 12007 12003
12003 12007 12005
12008 12007 12004
12008 12009 12007
12009 12005 12007
12010 12009 12008
12010 12011 12009
12012 12011 12010
12005 12013 12006
12009 12013 12005
12011 12013 12009
12013 12014 12006
12013 12011 12014
12011 12015 12014
12011 12016 12015
12011 12017 12016
12012 12018 12011
12011 12018 12017
12019 12018 12012
12017 12018 12020
12019 12020 12018
12017 12020 12021
12022 12020 12019
12021 12020 12023
12022 12023 12020
12021 12023 12024
12025 12024 12023
12026 12023 12022
12025 12023 12026
12026 12022 12027
12026 12028 12025
12027 12029 12026
12026 12029 12028
12027 12030 12029
12028 12029 12031
12031 12029 12030
12028 12031 12032
12031 12030 12033
12032 12031 12034
12033 12034 12031
12033 12035 12034
12032 12034 12036
12034 12035 12037
12036 12034 12038
12038 12034 12037
12036 12038 12039
12038 12037 12040
12038 12041 12039
12042 12038 12040
12038 12042 12041
12042 12040 12043
12044 12041 12042
12043 12044 12042
12043 12045 12044
12044 12046 12041
12044 12045 12047
12046 12044 12048
12044 12047 12048
12049 12048 12047
12046 12048 12050
12050 12048 12049
12049 12047 12051
12050 12049 12052
12053 12049 12051
12049 12054 12052
12053 12055 12049
12049 12055 12054
12055 12053 12056
12057 12055 12056
12055 12058 12054
12057 12059 12055
12055 12059 12058
12060 12059 12057
12058 12059 12061
12060 12061 12059
12058 12061 12062
12063 12061 12060
12062 12061 12063
12064 12065 12066
12064 12067 12065
12068 12067 12064
12068 12069 12067
12070 12069 12068
12070 12071 12069
12072 12071 12070
12072 12073 12071
12074 12073 12072
12074 12075 12073
12076 12075 12074
12076 12077 12075
12078 12077 12076
12078 12079 12077
12080 12079 12078
12080 12081 12079
12082 12083 12084
12082 12085 12083
12082 12086 12085
12082 12087 12086
12086 12087 12088
12086 12088 12089
12089 12088 12090
12089 12090 12091
12092 12091 12090
12092 12093 12091
12093 12092 12094
12093 12094 12095
12095 12094 12096
12095 12096 12097
12096 12098 12097
12096 12099 12098
12099 12100 12098
12099 12101 12100
12102 12100 12101
12102 12103 12100
12104 12103 12102
12104 12105 12103
12105 12104 12106
12105 12106 12107
12106 12108 12107
12106 12109 12108
12108 12109 12110
12108 12110 12111
12112 12111 12110
12112 12113 12111
12112 12114 12113
12112 12115 12114
12116 12114 12115
12116 12117 12114
12117 12116 12118
12117 12118 12119
12120 12119 12118
12120 12121 12119
12121 12120 12122
12121 12122 12123
12122 12124 12123
12122 12125 12124
12125 12122 12126
12125 12126 12127
12128 12124 12125
12125 12127 12128
12128 12129 12124
12128 12127 12130
12131 12129 12128
12128 12130 12131
12131 12132 12129
12131 12130 12133
12132 12131 12134
12131 12133 12134
12132 12134 12135
12134 12133 12136
12135 12134 12137
12134 12136 12137
12135 12137 12138
12137 12136 12139
12137 12140 12138
12137 12139 12141
12137 12141 12140
12141 12139 12142
12140 12141 12143
12141 12142 12143
12143 12142 12144
12140 12143 12145
12143 12144 12146
12145 12143 12146
12145 12146 12147
12148 12149 12150
12148 12151 12149
12152 12151 12148
12152 12153 12151
12154 12153 12152
12154 12152 12155
12154 12155 12156
12154 12156 12157
12158 12157 12156
12158 12159 12157
12159 12158 12160
12159 12160 12161
12162 12161 12160
12162 12160 12163
12164 12162 12163
12164 12163 12165
12166 12164 12165
12166 12165 12167
12168 12166 12167
12168 12169 12166
12170 12169 12168
12170 12168 12171
12172 12170 12171
12172 12171 12173
12172 12173 12174
12172 12174 12175
12176 12175 12174
12176 12174 12177
12178 12176 12177
12178 12177 12179
12180 12178 12179
12180 12181 12178
12180 12182 12181
12180 12183 12182
12182 12183 12184
12182 12184 12185
12186 12185 12184
12186 12187 12185
12186 12188 12187
12186 12189 12188
12190 12188 12189
12190 12191 12188
12191 12190 12192
12191 12192 12193
12193 12192 12194
12193 12194 12195
12195 12194 12196
12195 12196 12197
12197 12196 12198
12197 12198 12199
12199 12198 12200
12199 12200 12201
12201 12200 12202
12201 12202 12203
12203 12202 12204
12203 12204 12205
12206 12207 12208
12206 12209 12207
12206 12210 12209
12206 12211 12210
12206 12212 12211
12213 12212 12206
12213 12206 12214
12213 12214 12215
12213 12215 12216
12216 12215 12217
12216 12217 12218
12215 12219 12217
12215 12220 12219
12217 12219 12221
12222 12218 12217
12222 12223 12218
12217 12221 12224
12222 12217 12224
12224 12221 12225
12223 12222 12226
12223 12226 12227
12226 12228 12227
12226 12229 12228
12222 12224 12230
12230 12226 12222
12224 12225 12231
12224 12231 12230
12231 12225 12232
12231 12232 12233
12234 12231 12233
12230 12231 12234
12234 12233 12235
12235 12236 12234
12234 12236 12237
12230 12238 12226
12230 12234 12238
12234 12237 12238
12229 12226 12238
12238 12237 12239
12229 12238 12239
12237 12240 12239
12239 12240 12241
12239 12241 12229
12229 12241 12242
12241 12243 12242
12229 12242 12244
12229 12244 12245
12228 12229 12245
12228 12245 12246
12228 12246 12247
12247 12246 12248
12249 12250 12251
12249 12251 12252
12249 12252 12253
12249 12253 12254
12253 12255 12254
12253 12256 12255
12256 12257 12255
12256 12258 12257
12257 12258 12259
12257 12259 12260
12259 12261 12260
12259 12262 12261
12262 12263 12261
12262 12264 12263
12264 12265 12263
12264 12266 12265
12266 12267 12265
12266 12268 12267
12269 12267 12268
12269 12268 12270
12271 12269 12270
12271 12270 12272
12272 12273 12271
12272 12274 12273
12273 12274 12275
12273 12275 12276
12275 12277 12276
12275 12278 12277
12279 12277 12278
12279 12278 12280
12279 12280 12281
12279 12281 12282
12282 12281 12283
12282 12283 12284
12283 12285 12284
12283 12286 12285
12285 12286 12287
12285 12287 12288
12287 12289 12288
12287 12290 12289
12289 12290 12291
12289 12291 12292
12292 12293 12289
12292 12294 12293
12295 12292 12291
12292 12295 12294
12295 12291 12296
12295 12297 12294
12298 12295 12296
12295 12298 12297
12298 12296 12299
12298 12300 12297
12299 12301 12298
12298 12301 12300
12299 12302 12301
12301 12303 12300
12302 12304 12301
12301 12304 12303
12302 12305 12304
12304 12306 12303
12304 12305 12307
12304 12308 12306
12304 12307 12308
12308 12309 12306
12307 12310 12308
12308 12310 12309
12310 12311 12309
12307 12312 12310
12310 12313 12311
12312 12313 12310
12312 12314 12313
12315 12316 12317
12315 12317 12318
12319 12315 12318
12319 12318 12320
12321 12319 12320
12321 12322 12319
12321 12323 12322
12321 12324 12323
12325 12323 12324
12325 12324 12326
12327 12325 12326
12327 12328 12325
12329 12328 12327
12329 12327 12330
12331 12329 12330
12331 12330 12332
12333 12331 12332
12333 12334 12331
12335 12334 12333
12335 12333 12336
12337 12335 12336
12337 12338 12335
12339 12338 12337
12339 12340 12338
12339 12341 12340
12339 12342 12341
12343 12341 12342
12343 12344 12341
12345 12344 12343
12345 12346 12344
12347 12346 12345
12347 12345 12348
12347 12348 12349
12347 12349 12350
12351 12350 12349
12351 12352 12350
12353 12352 12351
12353 12351 12354
12353 12354 12355
12353 12355 12356
12357 12356 12355
12357 12355 12358
12359 12357 12358
12359 12360 12357
12361 12360 12359
12361 12362 12360
12363 12362 12361
12363 12364 12362
12365 12364 12363
12365 12366 12364
12367 12366 12365
12367 12368 12366
12369 12368 12367
12369 12370 12368
12371 12370 12369
12371 12372 12370
12373 12374 12375
12373 12375 12376
12373 12376 12377
12373 12377 12378
12373 12378 12379
12380 12373 12379
12380 12381 12373
12380 12382 12381
12380 12383 12382
12383 12384 12382
12383 12385 12384
12382 12384 12386
12382 12386 12387
12384 12388 12386
12389 12384 12385
12389 12385 12390
12384 12391 12388
12389 12391 12384
12391 12392 12388
12390 12393 12389
12390 12394 12393
12393 12394 12395
12389 12396 12391
12396 12389 12393
12391 12397 12392
12391 12396 12397
12397 12398 12392
12397 12399 12398
12400 12399 12397
12396 12400 12397
12400 12401 12399
12401 12400 12402
12400 12403 12402
12396 12404 12400
12396 12393 12404
12400 12404 12403
12393 12395 12405
12405 12404 12393
12404 12406 12403
12405 12406 12404
12403 12406 12407
12406 12408 12407
12406 12405 12408
12395 12409 12405
12405 12409 12408
12395 12410 12409
12408 12409 12411
12410 12411 12409
12412 12413 12414
12412 12414 12415
12412 12415 12416
12412 12416 12417
12418 12415 12414
12418 12416 12415
12418 12414 12419
12418 12420 12416
12421 12417 12416
12421 12416 12420
12421 12422 12417
12421 12420 12423
12422 12421 12424
12423 12424 12421
12422 12424 12425
12426 12425 12424
12423 12427 12424
12426 12424 12427
12426 12428 12425
12426 12427 12429
12426 12430 12428
12426 12429 12431
12426 12432 12430
12426 12431 12432
12432 12433 12430
12432 12431 12434
12432 12435 12433
12432 12434 12435
12436 12433 12435
12436 12435 12437
12437 12435 12434
12437 12434 12438
12439 12440 12441
12442 12441 12440
12443 12444 12445
12446 12444 12443
12446 12443 12447
12448 12447 12443
12448 12449 12447
12447 12449 12450
12447 12450 12451
12446 12452 12444
12444 12452 12453
12454 12453 12452
12451 12455 12447
12456 12455 12451
12455 12456 12457
12455 12457 12458
12447 12459 12446
12455 12460 12447
12460 12459 12447
12446 12461 12452
12446 12459 12461
12458 12462 12455
12455 12462 12460
12454 12452 12463
12452 12461 12464
12452 12464 12463
12465 12454 12463
12465 12466 12454
12467 12463 12464
12467 12465 12463
12461 12468 12464
12464 12468 12467
12459 12469 12461
12461 12469 12468
12470 12466 12465
12470 12471 12466
12465 12467 12472
12465 12472 12470
12471 12470 12473
12471 12473 12474
12459 12475 12469
12460 12475 12459
12468 12476 12467
12467 12476 12472
12477 12470 12472
12477 12473 12470
12474 12473 12478
12474 12478 12479
12479 12478 12480
12479 12480 12481
12482 12480 12478
12483 12478 12473
12482 12478 12483
12483 12473 12477
12484 12482 12483
12484 12483 12477
12484 12485 12482
12484 12486 12485
12484 12487 12486
12488 12477 12472
12488 12484 12477
12488 12487 12484
12488 12489 12487
12476 12488 12472
12476 12489 12488
12476 12490 12489
12468 12490 12476
12468 12491 12490
12469 12491 12468
12469 12492 12491
12475 12492 12469
12475 12493 12492
12460 12493 12475
12460 12494 12493
12462 12494 12460
12462 12495 12494
12496 12495 12462
12458 12496 12462
12497 12495 12496
12458 12497 12496
12497 12498 12495
12499 12498 12497
12458 12499 12497
12500 12499 12458
12500 12458 12501
12500 12501 12502
12499 12503 12498
12502 12504 12500
12504 12505 12500
12505 12504 12506
12505 12506 12507
12508 12505 12507
12508 12509 12505
12500 12510 12499
12510 12503 12499
12511 12510 12500
12511 12503 12510
12500 12505 12511
12511 12512 12503
12513 12512 12511
12513 12514 12512
12515 12511 12505
12515 12513 12511
12516 12505 12509
12505 12516 12515
12517 12514 12513
12517 12518 12514
12519 12513 12515
12519 12517 12513
12516 12519 12515
12520 12518 12517
12520 12517 12519
12520 12521 12518
12516 12509 12522
12509 12523 12522
12516 12522 12524
12516 12524 12519
12522 12525 12524
12526 12524 12525
12524 12527 12519
12520 12519 12527
12528 12521 12520
12528 12529 12521
12526 12530 12524
12524 12530 12527
12527 12531 12520
12531 12527 12530
12528 12520 12531
12532 12530 12526
12531 12530 12532
12532 12526 12533
12534 12529 12528
12534 12535 12529
12531 12536 12528
12532 12536 12531
12534 12528 12536
12537 12532 12533
12532 12537 12536
12537 12533 12538
12539 12535 12534
12539 12540 12535
12534 12536 12541
12541 12536 12537
12539 12534 12541
12538 12542 12537
12541 12537 12542
12538 12543 12542
12544 12540 12539
12544 12545 12540
12539 12541 12546
12544 12539 12546
12546 12541 12542
12544 12546 12547
12543 12548 12542
12546 12542 12548
12547 12546 12548
12543 12549 12548
12547 12548 12550
12549 12550 12548
12549 12551 12550
12552 12553 12554
12552 12554 12555
12554 12556 12555
12554 12557 12556
12557 12558 12556
12557 12559 12558
12558 12559 12560
12558 12560 12561
12561 12560 12562
12561 12562 12563
12562 12564 12563
12562 12565 12564
12565 12566 12567
12566 12568 12567
12566 12569 12568
12568 12569 12570
12568 12570 12571
12571 12570 12572
12571 12572 12573
12572 12574 12573
12572 12575 12574
12574 12575 12576
12577 12578 12579
12579 12578 12580
12579 12580 12581
12580 12582 12581
12580 12583 12582
12582 12583 12584
12582 12584 12585
12585 12584 12586
12585 12586 12587
12586 12588 12587
12589 12590 12591
12589 12591 12592
12591 12593 12592
12591 12594 12593
12595 12593 12594
12596 12597 12598
12599 12598 12597
12599 12600 12598
12599 12601 12600
12599 12602 12601
12603 12604 12605
12606 12605 12604
12606 12607 12605
12608 12605 12607
12609 12607 12606
12610 12608 12607
12611 12607 12609
12610 12607 12611
12612 12611 12609
12612 12610 12611
12612 12613 12610
12614 12613 12612
12614 12612 12615
12616 12615 12612
12617 12614 12615
12616 12617 12615
12617 12618 12614
12617 12616 12619
12620 12618 12617
12620 12617 12619
12620 12619 12621
12622 12620 12621
12623 12624 12625
12623 12626 12624
12627 12624 12626
12627 12628 12624
12629 12628 12627
12630 12631 12632
12633 12632 12631
12633 12634 12632
12633 12635 12634
12633 12636 12635
12635 12636 12637
12635 12637 12638
12639 12640 12641
12642 12640 12639
12642 12643 12640
12644 12643 12642
12644 12645 12643
12645 12644 12646
12645 12646 12647
12648 12649 12650
12651 12648 12650
12652 12651 12650
12652 12653 12651
12653 12652 12654
12653 12654 12655
12655 12654 12656
12654 12657 12656
12657 12658 12656
12657 12659 12658
12660 12659 12657
12660 12657 12661
12657 12662 12661
12663 12661 12662
12663 12662 12664
12663 12664 12665
12665 12664 12666
12665 12666 12667
12668 12667 12666
12669 12670 12671
12670 12672 12671
12670 12673 12672
12674 12672 12673
12674 12675 12672
12676 12675 12674
12676 12677 12675
12678 12679 12680
12678 12680 12681
12682 12681 12680
12682 12680 12683
12684 12682 12683
12684 12683 12685
12686 12684 12685
12686 12685 12687
12688 12686 12687
12688 12687 12689
12690 12688 12689
12690 12689 12691
12692 12693 12694
12692 12694 12695
12695 12694 12696
12695 12696 12697
12697 12696 12698
12697 12698 12699
12699 12698 12700
12699 12700 12701
12701 12700 12702
12701 12702 12703
12703 12702 12704
12703 12704 12705
12705 12704 12706
12705 12706 12707
12707 12706 12708
12707 12708 12709
12709 12708 12710
12709 12710 12711
12712 12713 12714
12714 12713 12715
12716 12717 12718
12719 12718 12717
12720 10201 12721
10198 10201 12720
10198 12720 12722
10207 10198 12722
10207 12722 12723
10207 12723 12724
12723 12725 12724
12723 12726 12725
12727 12728 12729
12730 12728 12727
12731 12732 12733
12731 12733 12734
12735 12736 12737
12735 12737 12738
12739 12740 12741
12739 12741 12742
12743 12739 12742
12743 12744 12739
12743 12745 12744
12743 12746 12745
12745 12746 12747
12745 12747 12748
12749 12750 12751
12749 12751 12752
12753 12749 12752
12753 12754 12749
12753 12755 12754
12753 12756 12755
12757 12755 12756
12757 12756 12758
12759 12760 12761
12759 12761 12762
12763 12764 12765
12763 12765 12766
12767 12768 12769
12770 12769 12768
12769 12770 12771
12770 12772 12771
10855 12773 12774
10855 12775 12773
12773 12775 12776
12773 12776 12777
9679 12778 12779
12778 12780 12779
12778 12781 12780
12778 9691 12781
12782 12783 11430
12782 12784 12783
12784 12785 12783
12786 12784 12782
12787 12786 12782
12784 12788 12785
12786 12788 12784
12788 12789 12785
12787 12790 12786
12791 12790 12787
12792 12788 12786
12790 12792 12786
12788 12793 12789
12793 12794 12789
12793 12795 12794
12796 12793 12788
12795 12793 12796
12792 12796 12788
12795 12796 12797
12797 12796 12792
12797 12792 12798
12799 12798 12792
12790 12799 12792
12799 12800 12798
12799 12801 12800
12801 12799 12802
12790 12802 12799
12801 12802 12803
12790 12804 12802
12791 12804 12790
12803 12802 12805
12804 12805 12802
12803 12805 12806
12807 12804 12791
12804 12807 12805
12807 12791 12808
12806 12805 12809
12809 12805 12807
12806 12809 12810
12811 12807 12808
12809 12807 12811
12811 12808 12812
12813 12811 12812
12813 12814 12811
12809 12811 12814
12814 12813 12815
12810 12809 12816
12809 12814 12816
12810 12816 12817
12817 12816 12818
12818 12816 12814
12817 12818 12819
12819 12818 12820
12819 12820 12821
12814 12815 12822
12818 12814 12822
12820 12818 12822
12822 12815 12823
12822 12823 12824
12825 12822 12824
12820 12822 12825
12826 12825 12824
12825 12826 12827
12820 12825 12827
12828 12827 12826
12829 12827 12828
12829 12830 12827
12820 12827 12830
12831 12830 12829
12821 12820 12832
12830 12832 12820
12831 12832 12830
12821 12832 12833
12834 12832 12831
12834 12833 12832
12835 12836 12837
12837 12836 12838
12835 12837 12839
12837 12838 12840
12841 12835 12839
12840 12838 12842
12841 12843 12835
12840 12842 12844
12845 12843 12841
12844 12842 12846
12845 12847 12843
12844 12846 12848
12848 12847 12845
12848 12846 12847
12849 12850 12851
12849 12852 12850
12853 12849 12851
12853 12854 12849
12851 12855 12853
12853 12855 12856
12849 12857 12852
12854 12857 12849
12857 12858 12852
12856 12859 12853
12859 12854 12853
12856 12860 12859
12857 12861 12858
12854 12861 12857
12861 12862 12858
12860 12863 12859
12859 12863 12854
12860 12864 12863
12861 12865 12862
12854 12865 12861
12865 12866 12862
12867 12866 12865
12864 12868 12863
12863 12868 12854
12868 12865 12854
12867 12865 12868
12864 12869 12868
12869 12867 12868
12870 12871 12872
12873 12871 12870
12870 12872 12874
12870 12874 12875
12874 12872 12876
12877 12873 12870
12877 12870 12875
12873 12877 12878
12877 12879 12878
12874 12876 12880
12875 12874 12880
12880 12876 12881
12879 12877 12882
12882 12877 12875
12879 12882 12883
12880 12881 12884
12875 12880 12884
12884 12881 12885
12886 12884 12885
12883 12882 12887
12882 12875 12887
12883 12887 12888
12889 12884 12886
12875 12884 12889
12887 12875 12889
12888 12887 12889
12890 12889 12886
12888 12889 12890
12891 12892 12893
12894 12892 12891
12895 12891 12893
12895 12893 12896
12895 12896 12897
12896 12898 12897
12895 12899 12891
12895 12897 12899
12897 12898 12900
12898 12901 12900
12901 12902 12900
12902 12897 12900
12901 12903 12902
12902 12903 12904
12902 12905 12897
12897 12905 12899
12902 12904 12906
12906 12905 12902
12906 12904 12907
12906 12907 12908
12908 12907 12909
12906 12910 12905
12899 12905 12910
12906 12908 12910
12899 12910 12911
12908 12911 12910
12891 12899 12911
12912 12891 12911
12908 12912 12911
12908 12913 12912
12908 12909 12914
12908 12914 12913
12914 12909 12915
12914 12915 12916
12914 12916 12913
12916 12915 12917
12918 12916 12917
12916 12918 12913
12918 12917 12919
12920 12918 12919
12918 12920 12913
12919 12921 12920
12913 12920 12921
12919 12922 12921
12923 12921 12922
12913 12921 12924
12913 12924 12912
12925 12921 12923
12925 12924 12921
12923 12926 12925
12926 12927 12925
12924 12925 12928
12925 12927 12928
12924 12928 12912
12928 12927 12894
12912 12928 12929
12928 12894 12929
12912 12929 12891
12894 12891 12929
12930 12931 12932
12933 12931 12930
12932 12931 12933
12934 12935 12936
12937 12935 12934
12936 12935 12938
12939 12935 12937
12938 12935 12940
12941 12935 12939
12940 12935 12942
12943 12935 12941
12942 12935 12944
12945 12935 12943
12944 12935 12946
12946 12935 12945
12947 12948 12949
12950 12948 12947
12949 12948 12951
12952 12948 12950
12951 12948 12953
12954 12948 12952
12953 12948 12955
12956 12948 12954
12955 12948 12957
12958 12948 12956
12957 12948 12959
12959 12948 12958
12960 12961 12962
12960 12963 12961
12961 12964 12962
12961 12963 12965
12961 12966 12964
12961 12965 12966
12966 12967 12964
12966 12965 12968
12966 12969 12967
12966 12968 12969
12969 12970 12967
12969 12968 12971
12969 12972 12970
12969 12971 12972
12972 12973 12970
12972 12971 12974
12972 12975 12973
12972 12974 12975
12975 12976 12973
12975 12974 12977
12975 12978 12976
12975 12977 12978
12979 12976 12978
12979 12978 12977
12980 12981 12982
12980 12982 12983
12984 12982 12981
12985 12984 12981
12986 12983 12982
12986 12982 12984
12985 12986 12984
12987 12983 12986
12985 12987 12986
