byte offset: 0
first index: 13026
index count: 102
topology: trianglelist
format: DXGI_FORMAT_R16_UINT

2851 2852 2853
2851 2854 2852
2855 2854 2851
2855 2856 2854
2857 2856 2855
2857 2858 2856
2857 2859 2858
2857 2860 2859
2861 2859 2860
2861 2862 2859
2863 2862 2861
2863 2864 2862
2863 2865 2864
2863 2866 2865
2867 2865 2866
2867 2866 2868
2869 2867 2868
2870 2871 2872
2870 2872 2873
2874 2870 2873
2874 2873 2875
2876 2874 2875
2876 2875 2877
2876 2877 2878
2876 2878 2879
2880 2879 2878
2880 2878 2881
2882 2880 2881
2882 2881 2883
2882 2883 2884
2882 2884 2885
2886 2885 2884
2886 2887 2885
2888 2887 2886
