byte offset: 0
first index: 0
index count: 11538
topology: trianglelist
format: DXGI_FORMAT_R16_UINT

0 1 2
0 2 3
2 4 3
5 6 7
7 6 8
9 7 8
9 10 7
9 11 10
8 6 12
12 6 13
14 12 13
14 15 12
8 12 15
16 15 14
8 15 17
9 8 17
16 18 15
17 15 18
19 18 16
19 20 18
17 18 21
21 18 20
9 17 21
21 20 22
23 21 22
9 21 24
23 24 21
24 25 9
24 26 25
23 26 24
23 27 26
28 29 30
28 31 29
31 32 29
31 33 32
28 34 31
33 31 34
28 35 34
34 35 36
34 36 37
38 37 36
38 39 37
40 34 37
33 34 40
39 41 37
40 37 41
39 42 41
43 40 41
33 40 43
42 44 41
43 41 44
42 45 44
44 45 46
43 44 46
47 43 46
33 43 47
48 47 46
33 47 48
33 48 49
50 51 52
51 53 52
53 54 52
54 53 55
54 55 56
56 57 54
58 56 55
58 59 56
59 57 56
60 59 58
61 60 58
59 62 57
63 59 60
59 63 62
62 64 57
64 65 57
65 64 66
65 66 67
68 67 66
68 69 67
69 68 70
69 70 71
66 72 68
70 68 72
64 73 66
66 73 72
62 74 64
64 74 73
71 70 75
71 75 76
63 77 62
62 77 74
70 72 78
78 75 70
76 75 79
76 79 80
80 79 81
80 81 82
81 83 82
81 84 83
84 85 83
79 86 81
84 81 86
75 87 79
79 87 86
85 84 88
85 88 89
78 90 75
75 90 87
84 86 91
91 88 84
88 92 89
92 93 89
94 93 92
94 92 95
96 94 95
97 92 88
97 95 92
96 95 98
98 95 97
98 99 96
91 100 88
97 88 100
101 91 86
100 91 101
87 102 86
101 86 102
98 103 99
99 103 104
98 97 105
103 98 105
97 100 106
106 105 97
87 107 102
90 107 87
90 108 107
108 90 78
108 78 109
109 78 72
109 72 110
110 72 73
110 73 111
74 111 73
74 112 111
77 112 74
110 113 109
110 114 113
114 110 111
114 111 115
112 115 111
109 113 116
109 116 108
112 117 115
118 108 116
118 107 108
118 116 119
120 117 112
77 120 112
120 121 117
122 120 77
63 122 77
121 120 123
122 123 120
121 123 124
122 63 125
63 60 125
124 123 126
124 126 127
128 123 122
122 125 128
128 126 123
129 125 60
61 129 60
130 127 126
130 131 127
128 125 132
129 132 125
61 133 129
132 129 133
61 134 133
135 126 128
128 132 135
135 130 126
136 131 130
136 137 131
132 133 138
138 135 132
139 130 135
139 136 130
138 139 135
133 134 140
138 133 140
141 137 136
141 142 137
143 139 138
138 140 143
134 144 140
143 140 144
134 145 144
136 139 146
143 146 139
136 146 141
147 142 141
147 148 142
149 144 145
149 145 150
143 144 151
151 146 143
151 144 149
141 146 152
141 152 147
151 152 146
148 147 153
148 153 154
147 152 155
151 155 152
147 155 153
150 156 149
150 157 156
151 149 158
158 155 151
156 158 149
154 153 159
154 159 160
161 153 155
161 159 153
158 162 155
162 161 155
160 159 163
160 163 164
165 159 161
161 162 165
165 163 159
164 163 166
164 166 167
163 165 168
163 168 166
156 169 158
169 162 158
165 162 170
170 168 165
171 162 169
156 171 169
171 170 162
156 172 171
157 172 156
157 173 172
174 170 171
172 174 171
173 175 172
174 172 175
173 176 175
175 176 177
177 178 175
178 174 175
177 179 178
180 168 170
174 180 170
178 179 181
182 181 179
183 174 178
180 174 183
183 178 181
168 180 184
184 180 183
184 183 181
184 166 168
182 185 181
184 181 185
182 186 185
184 187 166
187 184 185
187 167 166
188 167 187
167 188 189
187 185 190
190 188 187
191 185 186
191 190 185
189 188 192
192 193 189
190 194 188
194 192 188
191 186 195
196 195 186
197 190 191
197 194 190
194 197 198
199 192 194
194 198 199
200 193 192
192 199 200
197 191 201
191 195 201
196 202 195
196 203 202
199 198 204
200 199 204
193 200 205
206 193 205
197 201 207
207 198 197
208 202 203
209 208 203
206 205 210
206 210 211
209 212 208
212 209 213
214 212 213
214 215 212
216 215 214
208 212 217
217 212 215
218 202 208
218 208 217
216 219 215
220 219 216
221 202 218
221 195 202
215 222 217
219 222 215
223 218 217
221 218 223
217 224 223
217 222 224
220 225 219
225 220 226
227 195 221
227 201 195
228 221 223
223 224 228
225 226 229
230 229 226
221 231 227
221 228 231
201 227 232
201 232 207
227 231 233
232 227 233
234 233 231
233 235 232
234 231 236
236 231 228
237 234 236
235 238 232
207 232 238
238 235 239
236 228 240
224 240 228
237 236 241
240 241 236
242 237 241
243 207 238
207 243 198
244 238 239
238 244 243
240 224 245
222 245 224
242 241 246
247 242 246
240 248 241
248 240 245
248 246 241
243 249 198
244 249 243
247 246 250
250 251 247
248 252 246
245 252 248
250 246 252
222 253 245
219 253 222
253 254 245
219 254 253
254 252 245
219 225 254
255 254 225
254 255 252
255 225 229
250 256 251
256 257 251
250 252 258
255 258 252
256 250 258
256 259 257
259 260 257
256 258 261
255 261 258
259 256 261
262 255 229
255 262 261
259 263 260
263 264 260
259 261 265
262 265 261
265 263 259
262 229 266
230 266 229
263 267 264
268 264 267
265 269 263
269 267 263
262 270 265
270 262 266
270 269 265
271 266 230
270 266 271
272 271 230
268 267 273
274 268 273
270 275 269
275 270 271
269 276 267
276 273 267
276 269 275
272 277 271
275 271 277
274 273 278
278 279 274
276 275 280
277 280 275
272 281 277
277 281 280
272 282 281
276 283 273
283 276 280
283 278 273
278 284 279
284 285 279
286 280 281
283 280 286
283 287 278
287 284 278
286 287 283
281 282 288
286 281 288
284 289 285
290 285 289
286 291 287
288 291 286
287 292 284
292 289 284
291 292 287
282 293 288
282 294 293
290 289 295
295 296 290
288 297 291
288 293 297
298 293 294
293 298 297
298 294 299
299 300 298
301 300 299
302 300 301
291 297 303
291 303 292
303 297 304
303 305 292
292 305 289
295 289 305
304 306 303
303 306 305
304 307 306
295 305 308
306 308 305
309 306 307
306 309 308
309 307 310
310 311 309
311 308 309
310 312 311
313 295 308
295 313 296
313 314 296
312 315 311
312 316 315
311 317 308
313 308 317
317 311 315
313 318 314
318 313 317
319 314 318
318 317 320
317 315 320
319 318 321
320 321 318
321 322 319
316 323 315
316 324 323
315 325 320
320 325 321
315 323 325
321 326 322
325 326 321
327 322 326
324 328 323
324 329 328
328 329 330
323 331 325
325 331 326
323 328 331
328 330 332
332 331 328
332 330 333
327 326 334
334 326 331
332 335 331
334 331 335
333 336 332
335 332 336
333 337 336
327 334 338
327 338 339
340 334 335
340 338 334
335 336 340
336 337 341
341 337 342
343 341 342
339 338 344
340 344 338
345 336 341
345 340 336
343 346 341
345 341 346
347 346 343
347 348 346
348 345 346
348 347 349
345 350 340
340 350 344
344 351 339
339 351 352
348 353 345
350 345 353
348 349 354
354 353 348
349 355 354
350 356 344
350 353 356
344 356 351
357 352 351
358 352 357
359 353 354
359 356 353
356 360 351
351 360 357
360 356 359
354 355 361
354 361 359
357 362 358
358 362 363
362 364 363
359 365 360
359 361 365
360 366 357
357 366 362
360 365 366
362 367 364
367 362 366
367 368 364
355 369 361
355 370 369
371 366 365
367 366 371
367 372 368
372 367 371
372 373 368
361 374 365
371 365 374
361 369 374
375 369 370
375 370 376
376 377 375
376 378 377
379 377 378
380 371 374
372 371 380
374 369 381
381 369 375
380 374 381
381 375 382
380 381 382
382 375 377
372 380 383
380 382 383
379 384 377
385 384 379
382 377 386
383 382 386
372 383 387
372 387 373
377 388 386
384 388 377
383 386 389
389 387 383
389 386 388
385 390 384
391 390 385
389 392 387
389 388 393
393 392 389
384 394 388
393 388 394
387 392 395
387 395 373
396 395 392
393 396 392
396 397 395
384 398 394
398 384 390
393 394 399
399 396 393
399 394 398
400 397 396
399 400 396
400 401 397
399 398 402
402 400 399
403 401 400
402 403 400
403 404 401
398 390 405
405 402 398
406 403 402
405 406 402
407 404 403
406 407 403
407 408 404
405 390 409
391 409 390
410 408 407
410 411 408
412 406 405
405 409 412
391 413 409
391 414 413
407 406 415
407 415 410
411 410 416
411 416 417
418 412 409
418 409 413
414 419 413
414 420 419
420 421 419
420 422 421
423 421 422
410 415 424
410 424 416
417 416 425
417 425 426
427 418 413
427 413 419
423 428 421
428 423 429
416 424 430
416 430 425
428 429 431
104 431 429
104 432 431
103 432 104
103 433 432
433 103 105
433 105 434
106 434 105
106 435 434
100 435 106
100 436 435
100 101 436
437 436 101
437 101 102
438 435 436
437 438 436
435 439 434
435 438 439
440 433 434
434 439 440
433 441 432
433 440 441
437 102 442
107 442 102
107 118 442
432 441 443
432 443 431
443 444 431
444 428 431
444 445 428
445 421 428
446 444 443
446 445 444
447 443 441
446 443 447
440 448 441
447 441 448
440 449 448
439 449 440
449 439 450
438 450 439
445 451 421
446 452 445
452 451 445
453 446 447
453 452 446
454 447 448
453 447 454
449 455 448
454 448 455
421 451 456
419 421 456
452 457 451
457 456 451
419 456 458
419 458 427
459 458 456
457 459 456
457 452 460
453 460 452
461 427 458
459 461 458
459 457 462
457 460 462
461 463 427
418 427 463
461 459 464
459 462 464
418 463 465
412 418 465
463 461 466
461 464 466
412 465 467
412 467 406
467 415 406
465 463 468
463 466 468
460 469 462
462 470 464
462 469 470
464 471 466
464 470 471
466 472 468
466 471 472
460 473 469
453 473 460
453 474 473
454 474 453
454 475 474
455 475 454
476 471 470
477 470 469
476 470 477
478 469 473
477 469 478
479 473 474
478 473 479
480 472 471
480 471 476
481 474 475
479 474 481
455 482 475
481 475 483
483 475 482
484 482 455
449 484 455
484 449 450
485 482 484
483 482 485
450 486 484
485 484 486
450 487 486
438 487 450
438 488 487
488 438 437
488 437 489
489 437 442
489 442 490
490 442 118
490 118 491
118 119 491
492 483 485
493 485 486
492 485 493
494 492 493
493 486 495
495 494 493
487 495 486
488 496 487
487 496 495
497 483 492
497 481 483
494 498 492
498 497 492
488 499 496
489 499 488
496 500 495
495 500 494
501 481 497
501 479 481
499 502 496
496 502 500
503 479 501
503 478 479
504 478 503
504 477 478
505 477 504
505 476 477
506 504 503
506 505 504
501 507 503
506 503 507
497 508 501
501 508 507
509 476 505
509 480 476
506 510 505
505 510 509
497 511 508
498 511 497
498 512 511
513 511 512
513 508 511
508 513 514
508 514 507
507 514 515
507 515 506
506 515 516
506 516 510
510 516 517
510 517 509
517 518 509
517 519 518
520 509 518
521 520 518
520 480 509
520 472 480
522 518 519
521 518 522
522 519 523
522 523 524
524 521 522
520 525 472
521 525 520
468 472 525
468 525 526
465 468 526
521 527 525
526 525 527
526 528 465
467 465 528
526 527 529
526 529 528
530 527 521
529 527 530
467 528 531
467 531 415
415 531 532
528 532 531
415 532 424
529 533 528
528 533 532
424 532 534
533 534 532
424 534 430
529 535 533
529 530 535
535 530 536
537 530 521
536 530 537
537 521 538
533 539 534
535 539 533
430 534 540
539 540 534
535 541 539
535 536 541
541 542 539
539 542 540
430 540 543
425 430 543
536 544 541
541 544 542
542 545 540
543 540 545
425 543 546
426 425 546
544 547 542
542 547 545
543 545 548
546 543 548
426 546 549
549 550 426
551 545 547
551 548 545
546 548 552
552 549 546
551 553 548
552 548 553
544 554 547
551 547 555
554 555 547
553 551 556
555 556 551
554 544 557
536 557 544
552 558 549
552 553 559
558 552 559
553 556 560
560 559 553
561 560 556
555 562 556
561 556 562
554 563 555
562 555 563
554 557 564
564 563 554
558 565 549
549 565 550
560 566 559
558 559 567
567 559 566
561 568 560
560 568 566
558 569 565
567 569 558
565 570 550
565 571 570
571 565 569
572 570 571
568 573 566
567 566 574
574 566 573
567 575 569
575 567 574
571 569 576
576 569 575
572 571 577
576 577 571
573 568 578
568 561 578
579 572 577
579 580 572
581 580 579
581 582 580
583 581 579
583 579 584
584 579 577
585 583 584
576 586 577
584 577 586
585 584 587
587 584 586
587 588 585
589 586 576
576 575 589
587 586 590
589 590 586
587 591 588
590 591 587
592 588 591
589 575 593
575 574 593
594 590 589
589 593 594
590 595 591
594 595 590
592 591 596
595 596 591
597 593 574
574 573 597
598 594 593
597 598 593
595 594 599
598 599 594
592 596 600
592 600 601
602 601 600
597 573 603
603 573 578
603 578 604
595 605 596
595 599 605
606 604 578
561 606 578
561 607 606
606 607 604
608 607 561
561 562 608
562 609 608
562 563 609
610 607 608
608 609 610
611 609 563
564 611 563
612 604 607
612 607 610
613 610 609
611 613 609
614 612 610
613 614 610
611 564 615
616 613 611
611 615 616
614 613 617
616 617 613
564 618 615
564 557 618
557 619 618
557 536 619
620 619 536
536 537 620
620 537 621
537 538 621
622 616 615
623 615 618
623 622 615
618 619 624
618 624 623
620 625 619
625 624 619
620 621 626
625 620 626
622 627 616
627 617 616
621 538 628
626 621 629
621 628 629
629 628 630
631 630 628
626 629 632
631 628 633
538 633 634
538 635 633
632 636 626
632 637 636
625 626 636
633 638 631
638 633 639
638 640 631
641 638 639
637 642 636
637 643 642
636 644 625
636 642 644
625 644 624
638 645 640
641 645 638
645 646 640
646 645 641
647 646 641
646 648 640
647 649 646
646 649 648
650 649 647
648 649 651
650 651 649
648 651 652
651 650 653
654 652 651
651 653 654
654 655 652
656 654 653
657 655 654
656 657 654
657 658 655
656 659 657
658 657 659
656 660 659
658 659 661
662 659 660
662 661 659
662 660 498
662 663 661
498 494 662
663 662 494
663 494 664
500 664 494
500 665 664
665 500 502
666 665 502
666 667 665
499 666 502
668 667 666
669 668 666
669 666 499
489 669 499
489 670 669
669 670 671
489 490 670
672 670 490
672 490 491
670 672 673
673 674 670
674 675 667
491 676 672
676 673 672
491 119 676
673 677 674
674 677 675
677 673 678
676 678 673
675 677 679
677 678 679
675 679 680
119 681 676
119 682 681
683 678 676
679 678 683
683 676 681
680 679 684
679 683 684
680 684 685
686 685 684
684 683 686
681 686 683
681 687 686
682 687 681
682 688 687
689 687 688
687 689 690
689 688 691
692 689 691
692 691 693
693 694 692
693 695 694
689 692 696
696 692 694
689 696 697
689 697 698
696 694 699
695 700 694
699 694 700
699 700 701
695 702 700
701 700 703
702 703 700
701 703 704
705 704 703
702 706 703
707 706 702
705 703 708
706 708 703
643 705 708
643 708 642
709 642 708
706 709 708
709 644 642
707 710 706
710 709 706
711 710 707
644 709 712
710 712 709
644 712 624
712 623 624
711 713 710
713 712 710
714 713 711
712 715 623
713 715 712
622 623 715
714 716 713
716 715 713
717 716 714
622 715 718
716 718 715
627 622 718
717 719 716
719 718 716
719 717 720
627 718 721
719 721 718
719 720 722
721 719 722
723 722 720
724 627 721
627 724 617
721 722 725
724 721 725
723 726 722
725 722 726
727 617 724
614 617 727
725 728 724
727 724 728
723 729 726
723 730 729
731 729 730
725 726 732
725 732 728
614 727 733
734 727 728
734 733 727
735 728 732
734 728 735
614 733 736
736 612 614
731 737 729
729 738 726
737 738 729
726 739 732
726 738 739
731 740 737
731 741 740
737 742 738
742 739 738
740 742 737
739 743 732
735 732 743
742 744 739
743 739 744
740 745 742
744 742 745
743 744 746
735 743 746
744 745 747
746 744 747
748 745 740
749 745 748
749 747 745
748 740 750
750 740 741
750 741 751
752 751 741
752 741 753
754 752 753
754 755 752
756 755 754
757 747 749
756 758 755
757 759 747
760 759 757
746 747 759
761 758 756
756 762 761
761 763 758
761 762 764
763 761 765
761 764 765
763 765 766
760 767 759
767 760 768
769 746 759
769 759 767
735 746 769
770 765 764
771 770 764
771 772 770
773 766 765
770 773 765
773 774 766
773 775 774
772 776 770
776 773 770
772 777 776
773 778 775
776 778 773
779 775 778
780 776 777
778 776 780
780 777 211
779 778 781
778 780 781
781 782 779
211 783 780
781 780 783
211 210 783
781 784 782
781 783 784
783 210 785
205 785 210
782 784 786
782 786 787
784 783 788
783 785 788
784 788 789
786 784 789
787 786 790
787 790 791
789 788 792
792 788 785
786 789 793
786 793 790
789 792 793
205 794 785
200 794 205
795 791 790
795 796 791
792 785 797
794 797 785
798 794 200
794 798 797
200 204 798
790 793 799
790 799 795
793 792 800
797 800 792
793 800 799
801 799 800
797 802 800
798 802 797
802 801 800
796 795 803
796 803 804
805 804 803
795 799 806
795 806 803
801 806 799
805 803 807
807 803 806
807 808 805
798 809 802
204 809 798
807 806 810
801 810 806
807 811 808
811 807 810
812 808 811
812 811 813
814 812 813
811 810 815
813 811 815
802 816 801
816 802 809
817 809 204
204 198 817
249 817 198
801 818 810
815 810 818
819 809 817
816 809 819
819 817 820
817 249 820
816 819 820
821 801 816
816 820 821
821 818 801
249 822 820
822 821 820
244 822 249
823 818 821
822 823 821
815 818 824
823 824 818
822 244 825
825 823 822
244 826 825
239 826 244
827 826 239
825 828 823
826 828 825
824 823 828
827 829 826
826 829 828
827 830 829
831 815 824
813 815 831
832 828 829
830 832 829
824 828 833
831 824 833
832 833 828
813 831 834
834 831 833
834 833 832
814 813 834
835 814 834
835 834 832
835 836 814
830 837 832
835 832 837
837 830 838
836 835 839
839 835 837
836 839 840
837 838 841
839 837 841
842 841 838
843 840 839
841 843 839
843 844 840
843 845 844
842 846 841
841 846 843
847 846 842
847 848 846
843 849 845
846 849 843
846 848 849
850 845 849
851 849 848
850 849 851
851 848 852
851 853 850
854 851 852
851 854 853
854 855 853
854 856 855
856 857 855
856 858 857
857 858 859
857 859 860
861 860 859
861 859 862
863 861 862
602 862 859
863 862 864
865 863 864
602 866 862
602 600 866
862 866 867
862 867 864
866 600 868
866 868 867
600 596 868
596 869 868
867 868 869
596 605 869
865 864 870
871 865 870
872 864 867
867 869 872
872 870 864
869 605 873
873 872 869
871 870 874
875 871 874
876 870 872
873 876 872
876 874 870
877 873 605
877 876 873
877 605 599
875 874 878
878 879 875
880 874 876
877 880 876
880 878 874
881 877 599
881 599 598
882 880 877
881 882 877
882 883 880
878 880 883
878 884 879
884 885 879
886 884 878
878 883 886
884 887 885
886 887 884
888 885 887
883 882 889
882 881 889
881 598 890
597 890 598
886 883 891
883 889 891
886 892 887
886 891 892
888 887 893
892 893 887
889 881 894
890 894 881
597 895 890
895 597 603
891 889 896
894 896 889
897 896 894
890 898 894
895 898 890
894 898 897
892 891 899
891 896 899
603 900 895
895 900 898
892 901 893
892 899 901
899 896 902
897 902 896
901 899 903
899 902 903
893 901 904
901 903 904
603 905 900
604 905 603
906 905 604
900 905 906
907 898 900
898 907 897
893 904 908
888 893 908
888 908 909
910 909 908
911 908 904
910 908 911
912 904 903
911 904 912
910 911 913
910 913 914
912 903 915
915 903 902
916 911 912
916 913 911
916 912 915
917 914 913
917 768 914
767 768 917
918 917 913
918 913 916
918 767 917
915 902 919
897 919 902
916 915 920
918 916 920
920 915 919
767 918 921
918 920 921
767 921 769
920 919 922
921 920 922
923 769 921
921 922 923
923 735 769
734 735 923
923 922 734
924 922 919
922 924 734
897 924 919
733 734 924
924 897 925
733 924 925
736 733 925
925 897 907
736 925 926
907 926 925
612 736 926
907 927 926
907 900 927
900 906 927
926 927 906
612 926 928
926 906 928
604 612 928
906 604 928
929 930 931
930 932 931
932 930 933
932 933 934
933 930 935
934 933 936
933 935 936
934 936 937
935 938 936
938 937 936
938 939 937
940 939 938
935 941 938
940 938 942
942 938 941
943 940 942
944 942 941
943 942 944
944 941 945
944 946 943
947 944 945
944 948 946
947 948 944
946 948 949
948 947 950
949 948 950
951 952 953
951 953 954
954 953 955
954 955 956
954 957 951
954 956 958
958 956 959
954 960 957
960 954 958
958 959 961
960 958 961
961 959 962
957 960 963
960 961 963
957 963 964
961 962 965
965 963 961
965 962 966
964 963 967
965 967 963
964 967 968
965 966 969
967 965 969
969 966 970
971 968 967
967 969 971
971 972 968
971 969 973
969 970 973
974 972 971
971 973 974
974 975 972
976 975 974
973 977 974
976 974 977
978 977 973
970 978 973
976 977 978
978 970 979
970 980 979
976 978 981
981 978 979
976 981 982
981 979 983
982 981 983
979 980 983
982 983 984
980 984 983
980 985 984
986 987 988
986 989 987
990 987 989
990 989 991
990 991 992
990 992 993
994 993 992
994 995 993
996 995 994
996 997 995
998 997 996
998 999 997
1000 999 998
1000 1001 999
1001 1000 1002
1001 1002 1003
1003 1002 1004
1003 1004 1005
1006 1005 1004
1006 1007 1005
1007 1006 1008
1007 1008 1009
1010 1011 1012
1010 1013 1011
1013 1010 1014
1013 1014 1015
1016 1015 1014
1016 1014 1017
1018 1016 1017
1018 1017 1019
1019 1020 1018
1019 1021 1020
1021 1022 1020
1021 1023 1022
1024 1022 1023
1024 1023 1025
1026 1024 1025
1026 1025 1027
1027 1028 1026
1027 1029 1028
1030 1028 1029
1030 1029 1031
1030 1031 1032
1030 1032 1033
1034 1035 1036
1034 1037 1035
1038 1039 1037
1038 1040 1039
1041 1042 1039
1041 1043 1042
1043 1044 1042
1043 1045 1044
1045 1046 1044
1045 1047 1046
1047 1048 1046
1047 1049 1048
1049 1050 1048
1049 1051 1050
1051 1052 1050
1051 1053 1052
1053 1054 1052
1053 1055 1054
1055 1056 1054
1055 1057 1056
1057 1058 1056
1057 1059 1058
1060 1058 1059
1060 1061 1058
1062 1063 1064
1062 1064 1065
1065 1064 1066
1065 1066 1067
1067 1066 1068
1067 1068 1069
1069 1068 1070
1069 1070 1071
1071 1070 1072
1071 1072 1073
1073 1072 1074
1073 1074 1075
1075 1074 1076
1075 1076 1077
1077 1076 1078
1077 1078 1079
1079 1078 1080
1079 1080 1081
1082 1081 1080
1082 1083 1081
1084 1085 1086
1084 1086 1087
1088 1084 1087
1089 1088 1087
1087 1086 1090
1091 1089 1087
1087 1090 1092
1093 1092 1090
1091 1087 1094
1094 1087 1092
1095 1091 1094
1093 1096 1092
1097 1096 1093
1095 1094 1098
1099 1095 1098
1094 1092 1100
1096 1100 1092
1098 1094 1100
1097 1101 1096
1101 1097 1102
1099 1098 1103
1099 1103 1104
1105 1104 1103
1098 1100 1106
1106 1103 1098
1096 1107 1100
1101 1107 1096
1107 1106 1100
1105 1103 1108
1109 1105 1108
1107 1110 1106
1101 1110 1107
1106 1111 1103
1108 1103 1111
1111 1106 1110
1109 1108 1112
1113 1109 1112
1114 1113 1112
1108 1111 1115
1112 1108 1115
1111 1110 1116
1116 1115 1111
1101 1117 1110
1117 1116 1110
1117 1101 1118
1101 1102 1118
1117 1119 1116
1119 1117 1118
1116 1120 1115
1120 1116 1119
1112 1115 1121
1120 1121 1115
1114 1112 1122
1121 1122 1112
1118 1102 1123
1124 1123 1102
1124 1125 1123
1124 1126 1125
1126 1127 1125
1126 1128 1127
1128 1129 1127
1128 1130 1129
1120 1131 1121
1121 1132 1122
1131 1132 1121
1131 1120 1133
1120 1119 1133
1132 1134 1122
1114 1122 1134
1135 1114 1134
1135 1136 1114
1137 1136 1135
1138 1137 1135
1139 1138 1135
1140 1133 1119
1119 1118 1140
1141 1139 1135
1141 1142 1139
1143 1140 1118
1118 1123 1143
1144 1142 1141
1144 1145 1142
1146 1143 1123
1146 1123 1125
1144 1141 1129
1144 1129 1147
1129 1148 1147
1130 1148 1129
1130 1149 1148
1130 1150 1149
1141 1127 1129
1151 1125 1127
1141 1151 1127
1151 1146 1125
1135 1151 1141
1135 1152 1151
1146 1151 1152
1152 1135 1134
1146 1152 1153
1143 1146 1153
1152 1134 1154
1153 1152 1154
1132 1154 1134
1143 1153 1155
1143 1155 1140
1156 1154 1132
1131 1156 1132
1153 1154 1157
1156 1157 1154
1157 1155 1153
1140 1155 1158
1140 1158 1133
1131 1133 1159
1159 1133 1158
1131 1160 1156
1131 1159 1160
1160 1157 1156
1160 1159 1158
1157 1161 1155
1160 1161 1157
1161 1160 1158
1155 1161 1158
1162 1163 1164
1162 1165 1163
1166 1165 1162
1165 1167 1163
1166 1168 1165
1169 1168 1166
1165 1170 1167
1168 1170 1165
1171 1167 1170
1169 1172 1168
1172 1169 1173
1171 1170 1174
1175 1171 1174
1168 1176 1170
1172 1176 1168
1176 1174 1170
1172 1173 1177
1177 1173 1178
1177 1178 1179
1175 1174 1180
1180 1181 1175
1176 1182 1174
1180 1174 1182
1172 1183 1176
1183 1172 1177
1183 1182 1176
1184 1177 1179
1183 1177 1184
1184 1179 1185
1180 1186 1181
1186 1187 1181
1180 1182 1188
1186 1180 1188
1183 1189 1182
1189 1183 1184
1189 1188 1182
1185 1190 1184
1189 1184 1190
1185 1191 1190
1186 1192 1187
1193 1187 1192
1186 1188 1194
1192 1186 1194
1189 1195 1188
1190 1195 1189
1194 1188 1195
1196 1190 1191
1190 1196 1195
1196 1191 1197
1193 1192 1198
1199 1193 1198
1192 1194 1200
1198 1192 1200
1194 1195 1201
1201 1195 1196
1200 1194 1201
1197 1202 1196
1201 1196 1202
1197 1203 1202
1199 1198 1204
1204 1205 1199
1198 1200 1206
1206 1204 1198
1200 1201 1207
1207 1201 1202
1206 1200 1207
1208 1202 1203
1203 1209 1208
1204 1210 1205
1210 1211 1205
1207 1202 1212
1208 1212 1202
1213 1208 1209
1213 1209 1214
1213 1214 1215
1213 1215 1216
1217 1208 1213
1217 1213 1216
1217 1212 1208
1217 1216 1218
1219 1217 1218
1212 1217 1219
1220 1219 1218
1221 1207 1212
1212 1219 1221
1206 1207 1221
1220 1222 1219
1221 1219 1222
1223 1222 1220
1206 1221 1224
1221 1222 1224
1223 1225 1222
1225 1223 1226
1225 1226 1227
1228 1222 1225
1228 1224 1222
1227 1228 1225
1229 1206 1224
1229 1224 1228
1206 1229 1204
1210 1204 1229
1227 1230 1228
1230 1229 1228
1231 1230 1227
1230 1232 1229
1210 1229 1232
1231 1233 1230
1233 1232 1230
1233 1231 1234
1210 1232 1235
1233 1235 1232
1233 1234 1236
1233 1236 1235
1236 1234 1237
1236 1237 1238
1239 1236 1238
1235 1236 1239
1239 1240 1235
1210 1235 1241
1240 1241 1235
1210 1241 1211
1240 1242 1241
1242 1211 1241
1243 1244 1245
1246 1243 1245
1246 1247 1243
1248 1246 1245
1248 1249 1246
1246 1249 1250
1247 1246 1251
1246 1250 1251
1247 1251 1252
1251 1250 1253
1252 1251 1253
1252 1253 1254
1253 1255 1254
1256 1253 1250
1253 1257 1255
1256 1257 1253
1258 1255 1257
1259 1257 1256
1258 1257 1259
1260 1258 1259
1259 1256 1261
1260 1259 1261
1261 1262 1260
1263 1262 1261
1264 1265 1266
1264 1267 1265
1267 1268 1265
1267 1269 1268
1267 1264 1270
1267 1271 1269
1271 1272 1269
1267 1270 1273
1273 1271 1267
1271 1274 1272
1273 1274 1271
1274 1275 1272
1270 1276 1273
1273 1276 1274
1270 1277 1276
1274 1278 1275
1278 1274 1276
1278 1279 1275
1277 1280 1276
1278 1276 1280
1277 1281 1280
1278 1282 1279
1280 1282 1278
1282 1283 1279
1284 1280 1281
1280 1284 1282
1284 1281 1285
1284 1286 1282
1282 1286 1283
1287 1284 1285
1284 1287 1286
1287 1285 1288
1289 1287 1288
1286 1287 1290
1289 1290 1287
1291 1286 1290
1283 1286 1291
1289 1291 1290
1291 1292 1283
1283 1292 1293
1289 1294 1291
1294 1292 1291
1289 1295 1294
1294 1296 1292
1295 1296 1294
1292 1296 1293
1295 1297 1296
1293 1296 1297
1293 1297 1298
1299 1300 1301
1301 1300 1248
1302 1303 1304
1302 1304 1305
1306 1305 1304
1306 1307 1305
1306 1308 1307
1306 1309 1308
1310 1308 1309
1310 1309 1311
1312 1310 1311
1312 1311 1313
1314 1312 1313
1314 1313 1315
1316 1314 1315
1316 1315 1317
1317 1318 1316
1317 1319 1318
1319 1320 1318
1319 1321 1320
1322 1320 1321
1322 1321 1323
1323 1324 1322
1323 1325 1324
1326 1327 1328
1326 1328 1329
1329 1330 1326
1329 1331 1330
1332 1330 1331
1332 1333 1330
1334 1333 1332
1334 1335 1333
1335 1334 1336
1335 1336 1337
1337 1336 1338
1337 1338 1339
1340 1339 1338
1340 1341 1339
1342 1341 1340
1342 1343 1341
1343 1342 1344
1343 1344 1345
1346 1345 1344
1346 1347 1345
1346 1348 1347
1346 1349 1348
1350 1351 1352
1350 1352 1353
1353 1352 1354
1353 1354 1355
1355 1354 1356
1355 1356 1357
1357 1356 1358
1357 1358 1359
1359 1358 1360
1359 1360 1361
1361 1360 1362
1361 1362 1363
1363 1362 1364
1363 1364 1365
1365 1364 1366
1365 1366 1367
1367 1366 1368
1367 1368 1369
1370 1369 1368
1370 1368 1371
1372 1373 1374
1372 1374 1375
1376 1375 1377
1376 1377 1378
1379 1380 1374
1379 1381 1380
1381 1382 1380
1381 1383 1382
1383 1384 1382
1383 1385 1384
1385 1386 1384
1385 1387 1386
1387 1388 1386
1387 1389 1388
1389 1390 1388
1389 1391 1390
1391 1392 1390
1391 1393 1392
1393 1394 1392
1393 1395 1394
1395 1396 1394
1395 1397 1396
1398 1396 1397
1398 1397 1399
1400 1401 1402
1400 1403 1401
1404 1403 1400
1405 1403 1404
1403 1406 1401
1407 1403 1405
1403 1408 1406
1409 1406 1408
1407 1410 1403
1410 1408 1403
1411 1410 1407
1409 1408 1412
1413 1409 1412
1411 1414 1410
1415 1414 1411
1410 1416 1408
1412 1408 1416
1414 1416 1410
1413 1412 1417
1417 1418 1413
1415 1419 1414
1415 1420 1419
1421 1419 1420
1414 1422 1416
1422 1414 1419
1412 1416 1423
1417 1412 1423
1423 1416 1422
1421 1424 1419
1425 1424 1421
1423 1422 1426
1417 1423 1426
1422 1419 1427
1424 1427 1419
1427 1426 1422
1425 1428 1424
1429 1428 1425
1430 1428 1429
1424 1431 1427
1428 1431 1424
1427 1432 1426
1432 1427 1431
1417 1426 1433
1433 1426 1432
1433 1434 1417
1417 1434 1418
1433 1432 1435
1435 1434 1433
1432 1431 1436
1436 1435 1432
1428 1437 1431
1436 1431 1437
1430 1438 1428
1437 1428 1438
1434 1439 1418
1440 1418 1439
1440 1439 1441
1440 1441 1442
1442 1441 1443
1442 1443 1444
1444 1443 1445
1444 1445 1446
1436 1437 1447
1437 1438 1448
1447 1437 1448
1447 1449 1436
1436 1449 1435
1448 1438 1450
1430 1450 1438
1451 1450 1430
1451 1430 1452
1453 1451 1452
1454 1451 1453
1455 1451 1454
1456 1435 1449
1435 1456 1434
1457 1451 1455
1457 1455 1458
1459 1434 1456
1434 1459 1439
1460 1457 1458
1460 1458 1461
1462 1439 1459
1462 1441 1439
1460 1445 1457
1460 1463 1445
1445 1463 1464
1446 1445 1464
1446 1464 1465
1446 1465 1466
1457 1445 1443
1467 1443 1441
1457 1443 1467
1467 1441 1462
1451 1457 1467
1451 1467 1468
1462 1468 1467
1468 1450 1451
1462 1469 1468
1459 1469 1462
1468 1470 1450
1469 1470 1468
1448 1450 1470
1459 1471 1469
1459 1456 1471
1472 1448 1470
1447 1448 1472
1469 1473 1470
1472 1470 1473
1473 1469 1471
1456 1474 1471
1456 1449 1474
1447 1475 1449
1475 1474 1449
1447 1472 1476
1447 1476 1475
1476 1472 1473
1476 1474 1475
1473 1471 1477
1476 1473 1477
1477 1474 1476
1471 1474 1477
1478 1479 1480
1480 1479 1481
1480 1481 1482
1482 1481 1483
1482 1483 1484
1484 1483 1485
1486 1485 1483
1486 1487 1485
1486 1488 1487
1486 1489 1488
1489 1490 1488
1491 1492 1493
1491 1493 1494
1494 1493 1495
1493 1496 1495
1493 1497 1496
1498 1497 1493
1498 1499 1497
1494 1495 1500
1496 1501 1495
1495 1502 1500
1495 1501 1502
1501 1503 1502
1504 1503 1501
1496 1504 1501
1502 1503 1505
1500 1502 1505
1506 1504 1496
1497 1506 1496
1507 1503 1504
1506 1507 1504
1508 1494 1500
1509 1494 1508
1509 1510 1494
1500 1505 1511
1508 1500 1511
1505 1503 1512
1511 1505 1512
1497 1513 1506
1514 1507 1506
1513 1514 1506
1515 1513 1497
1515 1497 1516
1517 1513 1515
1517 1518 1513
1513 1518 1514
1519 1518 1517
1519 1520 1518
1520 1514 1518
1514 1521 1507
1521 1503 1507
1522 1521 1514
1520 1522 1514
1522 1523 1521
1523 1503 1521
1523 1522 1524
1520 1524 1522
1525 1503 1523
1523 1524 1525
1526 1503 1525
1527 1503 1526
1526 1528 1527
1529 1503 1527
1529 1527 1528
1525 1530 1526
1525 1524 1530
1526 1530 1528
1520 1531 1524
1531 1530 1524
1532 1531 1520
1532 1520 1533
1531 1534 1530
1534 1528 1530
1535 1534 1531
1535 1531 1536
1537 1534 1535
1537 1538 1534
1534 1538 1528
1539 1538 1537
1539 1540 1538
1540 1528 1538
1541 1540 1539
1540 1542 1528
1529 1528 1542
1541 1543 1540
1543 1542 1540
1544 1529 1542
1543 1544 1542
1541 1545 1543
1545 1544 1543
1541 1546 1545
1544 1547 1529
1547 1503 1529
1546 1548 1545
1546 1549 1548
1545 1550 1544
1550 1547 1544
1548 1550 1545
1550 1551 1547
1551 1503 1547
1548 1552 1550
1552 1551 1550
1549 1553 1548
1553 1552 1548
1552 1554 1551
1554 1503 1551
1555 1554 1552
1553 1555 1552
1549 1556 1553
1549 1557 1556
1556 1558 1553
1558 1555 1553
1557 1559 1556
1556 1559 1558
1557 1560 1559
1561 1559 1560
1555 1562 1554
1562 1503 1554
1558 1563 1555
1563 1562 1555
1559 1564 1558
1564 1563 1558
1561 1565 1559
1559 1565 1564
1566 1503 1562
1563 1566 1562
1567 1565 1561
1561 1568 1567
1568 1569 1567
1565 1570 1564
1565 1567 1570
1564 1571 1563
1571 1566 1563
1570 1571 1564
1572 1503 1566
1571 1572 1566
1573 1503 1572
1574 1503 1573
1575 1572 1571
1570 1575 1571
1575 1573 1572
1576 1567 1569
1576 1569 1577
1578 1576 1577
1579 1570 1567
1579 1567 1576
1579 1576 1578
1579 1575 1570
1579 1578 1580
1581 1573 1575
1579 1581 1575
1581 1574 1573
1580 1581 1579
1574 1581 1582
1580 1582 1581
1574 1582 1583
1583 1503 1574
1580 1584 1582
1583 1582 1584
1585 1503 1583
1583 1584 1585
1580 1586 1584
1587 1586 1580
1587 1588 1586
1585 1584 1589
1586 1589 1584
1588 1590 1586
1586 1590 1589
1588 1591 1590
1585 1589 1592
1592 1503 1585
1593 1590 1591
1593 1591 1594
1593 1594 1595
1590 1596 1589
1596 1592 1589
1590 1593 1596
1593 1595 1597
1597 1595 1598
1598 1599 1597
1596 1600 1592
1600 1503 1592
1593 1601 1596
1601 1600 1596
1593 1597 1601
1602 1503 1600
1601 1602 1600
1597 1603 1601
1603 1602 1601
1604 1503 1602
1603 1604 1602
1512 1503 1604
1605 1512 1604
1605 1604 1603
1511 1512 1605
1597 1606 1603
1606 1605 1603
1599 1606 1597
1607 1511 1605
1606 1607 1605
1607 1606 1599
1607 1508 1511
1599 1508 1607
1599 1608 1508
1609 1610 1611
1609 1611 1612
1612 1611 1613
1612 1613 1614
1614 1613 1615
1614 1615 1616
1617 1616 1615
1617 1615 1618
1619 1617 1618
1617 1620 1616
1619 1621 1617
1617 1622 1620
1622 1617 1621
1622 1621 1623
1622 1623 1624
1620 1622 1625
1622 1624 1625
1626 1625 1624
1626 1627 1625
1628 1629 1630
1628 1631 1629
1632 1631 1628
1632 1628 1633
1634 1632 1633
1634 1633 1635
1636 1634 1635
1636 1635 1637
1637 1638 1636
1637 1639 1638
1639 1640 1638
1639 1641 1640
1642 1640 1641
1642 1641 1643
1644 1642 1643
1644 1643 1645
1646 1644 1645
1646 1645 1647
1648 1646 1647
1648 1647 373
373 1649 1648
373 1650 1649
1649 1650 1651
1649 1651 1652
1653 1652 1651
1653 1654 1652
1655 1654 1653
1655 1656 1654
1657 1656 1655
1657 1658 1656
1658 1657 1659
1660 1654 1656
1658 1660 1656
1661 1652 1654
1660 1661 1654
1662 1649 1652
1661 1662 1652
1663 1648 1649
1662 1663 1649
1658 1659 1664
1664 1659 1665
1666 1662 1661
1666 1663 1662
1663 1667 1648
1667 1646 1648
1661 1660 1668
1666 1661 1668
1658 1669 1660
1664 1669 1658
1668 1660 1670
1670 1660 1669
1668 1670 1671
1666 1668 1671
1670 1669 1672
1666 1671 1673
1666 1674 1663
1674 1666 1673
1667 1663 1674
1674 1673 1675
1676 1672 1669
1664 1676 1669
1676 1677 1672
1676 1678 1677
1678 1676 1664
1679 1674 1675
1667 1674 1679
1679 1675 1680
1681 1679 1680
1682 1678 1664
1664 1665 1682
1665 1683 1682
1684 1667 1679
1667 1684 1646
1684 1644 1646
1681 1685 1679
1684 1679 1685
1686 1685 1681
1686 1684 1685
1684 1687 1644
1686 1687 1684
1688 1687 1686
1687 1642 1644
1687 1689 1642
1688 1689 1687
1689 1640 1642
1689 1690 1640
1690 1689 1688
1638 1640 1690
1638 1690 1691
1636 1638 1691
1686 1692 1688
1692 1686 1693
1690 1688 1694
1691 1690 1694
1636 1691 1695
1634 1636 1695
1692 1693 1696
1697 1696 1693
1691 1694 1698
1695 1691 1698
1694 1688 1699
1700 1699 1688
1700 1688 1692
1692 1701 1700
1692 1696 1701
1694 1699 1702
1702 1698 1694
1703 1701 1696
1704 1698 1702
1695 1698 1704
1704 1702 1705
1703 1696 1706
1706 1707 1703
1697 1706 1696
1706 1708 1707
1697 1708 1706
1708 1709 1707
1697 1710 1708
1708 1711 1709
1711 1708 1710
1711 1710 1712
1713 1709 1711
1712 1714 1711
1713 1711 1714
1712 1715 1714
1713 1714 1716
1715 1716 1714
1717 1713 1716
1715 1718 1716
1719 1717 1716
1718 1719 1716
1720 1717 1719
1718 1721 1719
1720 1719 1721
1718 1722 1721
1722 1723 1721
1723 1720 1721
1720 1723 1724
1720 1724 1725
1726 1725 1724
1727 1724 1723
1727 1723 1728
1729 1726 1724
1729 1724 1678
1682 1729 1678
1730 1726 1729
1730 1731 1726
1732 1729 1682
1732 1730 1729
1683 1732 1682
1732 1683 550
1732 550 1733
1733 1730 1732
1733 550 1734
1731 1730 1735
1733 1735 1730
1731 1735 1736
1733 1734 1737
1735 1733 1737
1737 1734 1738
1736 1735 1739
1735 1737 1739
1736 1739 1740
1737 1738 1741
1741 1739 1737
1742 1741 1738
1740 1739 1743
1741 1743 1739
1740 1743 1744
1742 1745 1741
1745 1743 1741
1746 1745 1742
1746 1747 1745
1744 1743 1748
1745 1748 1743
1747 1748 1745
1744 1748 1749
1750 1749 1748
1747 1751 1748
1750 1748 1751
1752 1751 1747
1753 1750 1751
1752 1754 1751
1753 1751 1754
1755 1754 1752
1756 1753 1754
1755 1757 1754
1756 1754 1757
1757 1755 1758
1759 1756 1757
1757 1758 1759
1759 1760 1756
1759 1761 1760
1759 1758 1762
1759 1762 1763
1763 1764 1759
1765 1763 1762
1765 1766 1763
1629 1766 1765
1766 1767 1763
1629 1768 1766
1631 1768 1629
1766 1769 1767
1769 1766 1768
1631 1770 1768
1770 1631 1632
1770 1632 1771
1634 1771 1632
1768 1770 1772
1771 1772 1770
1634 1773 1771
1634 1695 1773
1773 1695 1704
1773 1774 1771
1773 1704 1774
1772 1771 1774
1774 1704 1705
1774 1705 1775
1768 1772 1776
1769 1768 1776
1772 1774 1777
1774 1775 1777
1777 1776 1772
1775 1778 1777
1777 1778 1776
1778 1769 1776
1775 1779 1778
1778 1780 1769
1779 1780 1778
1780 1767 1769
1779 1781 1780
1767 1780 1781
1782 1783 1784
1785 1784 1783
1785 1783 1786
1787 1785 1786
1787 1788 1785
1789 1788 1787
1789 1790 1788
1791 1790 1792
1791 1792 1793
1793 1794 1791
1793 1795 1794
1796 1797 1798
1796 1798 1799
1799 1798 1800
1799 1800 1801
1802 1801 1800
1802 1800 1803
1803 1804 1802
1803 1805 1804
1804 1805 1806
1804 1806 1807
1808 1807 1806
1808 1809 1807
1808 1810 1809
1808 1811 1810
1810 1811 1812
1813 1814 1796
1813 1796 1815
1816 1813 1815
1816 1815 1817
1817 1818 1816
1819 1820 1821
1820 1822 1821
1820 1823 1822
1823 1824 1822
1823 1825 1824
1825 1826 1824
1824 1826 1827
1824 1827 1828
1828 1827 1829
1828 1829 1830
1829 1831 1830
1832 1833 1834
1832 1835 1833
1835 1836 1833
1833 1836 1837
1833 1837 1838
1839 1833 1838
1839 1838 1840
1841 1840 1838
1841 1838 1842
1843 1841 1842
1838 1837 1844
1838 1844 1842
1843 1842 1845
1846 1843 1845
1846 1845 1847
1842 1848 1845
1842 1844 1848
1847 1845 1848
1844 1837 1849
1837 1836 1850
1837 1850 1849
1849 1850 1851
1852 1849 1851
1844 1849 1852
1848 1844 1852
1850 1853 1851
1836 1853 1850
1848 1852 1854
1854 1852 1851
1836 1855 1853
1835 1855 1836
1856 1848 1854
1847 1848 1856
1856 1854 1857
1857 1854 1851
1857 1858 1856
1847 1856 1858
1855 1859 1853
1853 1859 1851
1857 1860 1858
1860 1857 1851
1861 1855 1835
1862 1861 1835
1862 1835 1863
1855 1864 1859
1861 1864 1855
1859 1865 1851
1864 1865 1859
1866 1860 1851
1865 1867 1851
1868 1866 1851
1866 1868 1869
1860 1866 1870
1866 1869 1870
1860 1870 1858
1864 1871 1865
1871 1867 1865
1872 1864 1861
1872 1871 1864
1873 1858 1870
1847 1858 1873
1874 1847 1873
1874 1875 1847
1876 1872 1861
1876 1861 1877
1872 1876 1878
1878 1871 1872
1878 1876 1879
1878 1879 1880
1873 1870 1881
1881 1870 1869
1882 1873 1881
1882 1883 1873
1878 1884 1871
1871 1884 1867
1878 1880 1885
1885 1884 1878
1884 1886 1867
1867 1886 1851
1887 1885 1880
1887 1880 1888
1887 1888 1889
1885 1890 1884
1884 1890 1886
1887 1890 1885
1887 1889 1891
1892 1891 1889
1890 1893 1886
1886 1893 1851
1887 1894 1890
1890 1894 1893
1891 1894 1887
1892 1895 1891
1896 1895 1892
1896 1897 1895
1894 1898 1893
1893 1898 1851
1891 1899 1894
1895 1899 1891
1894 1899 1898
1895 1900 1899
1897 1900 1895
1901 1898 1899
1898 1901 1851
1901 1899 1900
1901 1902 1851
1902 1901 1900
1902 1903 1851
1903 1904 1851
1904 1905 1851
1902 1900 1906
1903 1902 1906
1897 1906 1900
1903 1906 1907
1907 1904 1903
1897 1907 1906
1907 1908 1904
1908 1905 1904
1897 1909 1907
1909 1908 1907
1910 1909 1897
1908 1911 1905
1909 1912 1908
1912 1911 1908
1905 1913 1851
1911 1913 1905
1914 1912 1909
1915 1914 1909
1915 1916 1914
1916 1917 1914
1914 1917 1912
1916 1918 1917
1917 1918 1919
1919 1920 1917
1920 1912 1917
1919 1921 1920
1912 1922 1911
1920 1922 1912
1921 1923 1920
1923 1922 1920
1921 1924 1923
1925 1923 1924
1922 1926 1911
1911 1926 1913
1925 1927 1923
1928 1927 1925
1923 1929 1922
1927 1929 1923
1922 1929 1926
1926 1930 1913
1913 1930 1851
1928 1931 1927
1927 1931 1929
1929 1932 1926
1926 1932 1930
1929 1931 1932
1928 1933 1931
1934 1933 1928
1932 1935 1930
1930 1935 1851
1931 1936 1932
1932 1936 1935
1931 1933 1936
1934 1937 1933
1938 1937 1934
1936 1939 1935
1935 1939 1851
1933 1940 1936
1936 1940 1939
1933 1937 1940
1939 1941 1851
1940 1941 1939
1937 1942 1940
1940 1942 1941
1941 1943 1851
1942 1943 1941
1943 1868 1851
1943 1869 1868
1938 1944 1937
1937 1944 1942
1942 1945 1943
1944 1945 1942
1943 1945 1869
1938 1946 1944
1944 1946 1945
1946 1869 1945
1938 1947 1946
1946 1948 1869
1947 1948 1946
1881 1869 1948
1947 1949 1948
1949 1881 1948
1949 1950 1881
1951 1952 1953
1951 1954 1952
1955 1952 1954
1955 1954 1956
1957 1952 1955
1955 1956 1958
1959 1957 1955
1955 1958 1959
1959 1960 1957
1961 1959 1958
1959 1962 1960
1963 1960 1962
1961 1964 1959
1959 1964 1962
1964 1961 1965
1964 1965 1966
1962 1964 1966
1966 1965 1967
1963 1962 1968
1969 1963 1968
1966 1967 1970
1971 1970 1967
1962 1966 1972
1968 1962 1972
1972 1966 1970
1969 1968 1973
1974 1969 1973
1974 1973 1975
1971 1976 1970
1977 1976 1971
1972 1970 1978
1978 1970 1976
1968 1972 1979
1979 1973 1968
1979 1972 1978
1980 1975 1973
1979 1980 1973
1980 1981 1975
1977 1982 1976
1982 1977 1983
1978 1976 1984
1982 1984 1976
1979 1978 1985
1985 1980 1979
1985 1978 1984
1986 1981 1980
1985 1986 1980
1986 1987 1981
1982 1983 1988
1988 1983 1989
1982 1990 1984
1988 1990 1982
1985 1984 1991
1991 1986 1985
1991 1984 1990
1987 1986 1992
1991 1992 1986
1987 1992 1993
1988 1989 1994
1995 1994 1989
1988 1996 1990
1994 1996 1988
1991 1990 1997
1992 1991 1997
1996 1997 1990
1998 1993 1992
1992 1997 1998
1998 1999 1993
1995 2000 1994
2001 2000 1995
1994 2002 1996
2000 2002 1994
1996 2003 1997
2003 1998 1997
2002 2003 1996
1999 1998 2004
2003 2004 1998
1999 2004 2005
2001 2006 2000
2006 2001 2007
2000 2008 2002
2008 2000 2006
2002 2009 2003
2009 2004 2003
2008 2009 2002
2010 2005 2004
2005 2010 2011
2006 2007 2012
2012 2007 2013
2009 2014 2004
2010 2004 2014
2015 2011 2010
2015 2016 2011
2015 2017 2016
2015 2018 2017
2019 2015 2010
2019 2018 2015
2019 2010 2014
2019 2020 2018
2021 2020 2019
2014 2021 2019
2022 2020 2021
2023 2014 2009
2014 2023 2021
2008 2023 2009
2022 2021 2024
2023 2024 2021
2025 2022 2024
2008 2026 2023
2023 2026 2024
2025 2024 2027
2027 2028 2025
2027 2029 2028
2030 2027 2024
2030 2024 2026
2029 2027 2030
2031 2026 2008
2031 2030 2026
2008 2006 2031
2012 2031 2006
2029 2030 2032
2032 2030 2031
2033 2029 2032
2032 2031 2034
2012 2034 2031
2033 2032 2035
2035 2032 2034
2035 2036 2033
2012 2037 2034
2035 2034 2037
2035 2038 2036
2035 2037 2038
2038 2039 2036
2038 2040 2039
2041 2040 2038
2037 2041 2038
2041 2037 2042
2012 2043 2037
2042 2037 2043
2012 2013 2043
2042 2043 2044
2044 2043 2013
2045 2046 2047
2048 2047 2046
2048 2049 2047
2050 2049 2048
2050 2048 2051
2052 2050 2051
2052 2051 2053
2054 2055 2053
2054 2056 2055
2056 2057 2058
2056 2058 2059
2060 2061 2062
2060 2063 2061
2063 2064 2061
2063 2065 2064
2066 2064 2065
2066 2067 2064
2067 2066 2068
2067 2068 2069
2068 2070 2069
2068 2071 2070
2072 2070 2071
2072 2071 2073
2072 2073 2074
2072 2074 2075
2074 2076 2075
2077 2060 2078
2077 2079 2060
2080 2079 2077
2080 2081 2079
2081 2080 2082
2083 2084 2085
2084 2086 2085
2084 2087 2086
2088 2086 2087
2088 2087 2089
2089 2090 2088
2089 2091 2090
2091 2092 2090
2091 2093 2092
2093 2094 2092
2093 2095 2094
2094 2095 2096
2094 2096 2097
2096 2098 2097
2096 2099 2098
2098 2099 2100
2098 2100 2101
2100 2102 2101
2100 2103 2102
2104 2102 2103
2104 2103 2105
2106 2104 2105
2106 2105 2107
2106 2107 2108
2106 2108 2109
2108 2110 2109
2111 2112 2113
2113 2112 2114
2113 2114 2115
2116 2115 2114
2116 2117 2115
2117 2116 2118
2117 2118 2119
2119 2118 2120
2119 2120 2121
2120 2122 2121
2120 2123 2122
2123 2124 2122
2123 2125 2124
2125 2126 2124
2125 2127 2126
2127 2128 2126
2127 2129 2128
2129 2130 2128
2129 2131 2130
2132 2130 2131
2132 2131 2133
2134 2132 2133
2134 2135 2132
2134 2136 2135
2134 2137 2136
2137 2138 2136
2139 2140 2141
2139 2142 2140
2142 2143 2140
2144 2145 2146
2144 2146 2147
2147 2146 2148
2149 2150 2151
2149 2152 2150
2150 2152 2153
2154 2155 2156
2154 2157 2155
2158 2155 2157
2158 2159 2155
2160 2159 2158
2160 2158 2161
2161 2158 2157
2161 2157 2162
2157 2163 2162
2157 2154 2163
2163 2154 2164
2163 2164 2165
2166 2165 2164
2164 2154 2167
2154 2168 2167
2164 2167 2169
2166 2164 2170
2171 2164 2169
2171 2170 2164
2166 2170 2172
2172 2170 2171
2173 2166 2172
2174 2171 2169
2175 2174 2169
2173 2172 2176
2176 2177 2173
2176 2178 2177
2178 2179 2177
2180 2172 2171
2181 2172 2180
2181 2176 2172
2180 2171 2182
2182 2171 2174
2176 2181 2183
2183 2178 2176
2183 2184 2178
2182 2174 2185
2178 2184 2186
2187 2185 2174
2175 2187 2174
2187 2188 2185
2178 2186 2189
2178 2189 2179
2190 2189 2186
2175 2191 2187
2191 2188 2187
2175 2192 2191
2191 2193 2188
2194 2191 2192
2179 2189 2195
2190 2195 2189
2179 2195 2196
2197 2193 2191
2194 2197 2191
2197 2198 2193
2194 2199 2197
2199 2198 2197
2190 2200 2195
2200 2196 2195
2190 2201 2200
2200 2202 2196
2201 2203 2200
2203 2202 2200
2201 2204 2203
2203 2205 2202
2206 2203 2204
2205 2203 2206
2206 2204 2207
2205 2206 2208
2207 2209 2206
2208 2206 2209
2207 2210 2209
2208 2209 2211
2210 2212 2209
2212 2211 2209
2212 2213 2211
2210 2214 2212
2215 2213 2212
2216 2212 2214
2215 2212 2216
2216 2214 2217
2218 2215 2216
2217 2218 2216
2217 2219 2218
2219 2220 2218
2219 2221 2220
2220 2222 2218
2221 2223 2220
2222 2220 2223
2221 2224 2223
2222 2223 2225
2226 2223 2224
2227 2225 2223
2226 2227 2223
2227 2228 2225
2226 2229 2227
2227 2229 2228
2230 2231 2232
2233 2231 2230
2232 2231 2234
2235 2231 2233
2234 2231 2236
2237 2231 2235
2236 2231 2238
2239 2231 2237
2238 2231 2240
2241 2231 2239
2240 2231 2242
2242 2231 2241
2243 2244 2245
2244 2246 2245
2243 2247 2244
2248 2247 2243
2248 2249 2247
2249 2248 2250
2249 2250 2251
2252 2251 2250
2244 2253 2246
2253 2244 2254
2253 2254 2255
2256 2244 2247
2256 2254 2244
2255 2254 2257
2255 2257 2258
2259 2257 2254
2259 2254 2256
2260 2259 2256
2247 2261 2256
2260 2256 2261
2247 2249 2261
2261 2262 2260
2249 2263 2261
2261 2263 2262
2249 2251 2263
2264 2262 2263
2265 2263 2251
2252 2265 2251
2264 2263 2266
2265 2266 2263
2267 2265 2252
2267 2252 2268
2269 2267 2268
2265 2267 2270
2266 2265 2270
2269 2270 2267
2271 2264 2266
2266 2270 2271
2271 2270 2269
2271 2272 2264
2271 2269 2272
2273 2258 2274
2273 2274 2275
2276 2273 2275
2277 2275 2274
2276 2275 2278
2278 2246 2276
2278 2279 2246
2280 2279 2278
2277 2281 2275
2281 2278 2275
2282 2281 2277
2280 2278 2283
2281 2283 2278
2284 2280 2283
2282 2285 2281
2283 2281 2285
2285 2282 2286
2284 2283 2287
2283 2285 2287
2287 2288 2284
2285 2286 2289
2287 2285 2289
2290 2289 2286
2287 2291 2288
2287 2289 2291
2292 2288 2291
2293 2291 2289
2292 2291 2293
2290 2294 2289
2293 2289 2294
2295 2292 2293
2295 2296 2292
2297 2296 2295
2293 2298 2295
2294 2298 2293
2297 2295 2298
2299 2294 2290
2294 2299 2298
2299 2297 2298
2299 2290 2300
2299 2300 2297
2301 2302 2303
2301 2304 2302
2304 2301 2305
2304 2306 2302
2304 2305 2307
2304 2308 2306
2308 2304 2307
2309 2307 2305
2309 2305 2310
2311 2306 2308
2311 2312 2306
2308 2313 2311
2308 2307 2314
2308 2314 2313
2309 2314 2307
2314 2315 2313
2310 2316 2309
2310 2317 2316
2309 2318 2314
2314 2318 2315
2316 2318 2309
2315 2318 2319
2316 2319 2318
2316 2320 2319
2315 2319 2321
2321 2319 2320
2321 2320 2322
2323 2322 2320
2317 2324 2316
2316 2324 2320
2317 2325 2324
2324 2325 2326
2323 2320 2327
2328 2323 2327
2327 2320 2328
2320 2324 2328
2328 2329 2323
2326 2329 2328
2324 2326 2330
2326 2328 2330
2324 2330 2328
2331 2303 2332
2331 2332 2333
2333 2334 2331
2333 2332 2335
2333 2336 2334
2333 2335 2337
2337 2336 2333
2338 2334 2336
2338 2339 2334
2340 2337 2335
2340 2335 2312
2337 2340 2341
2337 2342 2336
2337 2341 2342
2338 2336 2342
2342 2341 2343
2339 2338 2344
2339 2344 2345
2338 2342 2346
2342 2343 2346
2344 2338 2346
2343 2347 2346
2344 2346 2347
2344 2347 2348
2343 2349 2347
2349 2348 2347
2349 2350 2348
2351 2348 2350
2345 2344 2352
2344 2348 2352
2345 2352 2353
2352 2354 2353
2351 2355 2348
2356 2355 2351
2355 2356 2348
2348 2356 2352
2356 2351 2357
2354 2356 2357
2352 2358 2354
2354 2358 2356
2352 2356 2358
2359 2360 2361
2359 2361 2362
2362 2363 2359
2364 2362 2361
2362 2365 2363
2366 2363 2365
2364 2367 2362
2365 2362 2367
2368 2367 2364
2365 2367 2368
2368 2364 2369
2366 2365 2370
2370 2365 2368
2369 2371 2368
2370 2368 2371
2369 2372 2371
2373 2366 2370
2373 2370 2371
2373 2374 2366
2375 2371 2372
2373 2371 2375
2375 2372 2376
2377 2375 2376
2377 2373 2375
2377 2376 2378
2379 2377 2378
2380 2374 2373
2377 2380 2373
2380 2381 2374
2379 2382 2377
2382 2380 2377
2383 2382 2379
2381 2380 2384
2382 2384 2380
2383 2384 2382
2381 2384 2385
2386 2384 2383
2386 2385 2384
2387 2386 2388
2387 2388 2389
2389 2390 2387
2391 2389 2388
2391 2388 2392
2389 2393 2390
2391 2393 2389
2394 2390 2393
2392 2395 2391
2391 2395 2393
2392 2396 2395
2394 2393 2397
2395 2397 2393
2396 2398 2395
2395 2398 2397
2396 2399 2398
2400 2398 2399
2397 2398 2400
2400 2399 2401
2400 2401 2402
2394 2397 2403
2397 2400 2403
2394 2403 2404
2400 2402 2405
2405 2403 2400
2406 2405 2402
2404 2403 2407
2405 2407 2403
2404 2407 2408
2406 2409 2405
2407 2405 2409
2410 2409 2406
2411 2408 2407
2407 2409 2411
2410 2411 2409
2411 2412 2408
2412 2411 2410
2412 2410 2360
2413 2414 2415
2415 2414 2416
2413 2415 2417
2418 2413 2417
2418 2417 2419
2420 2418 2419
2420 2419 2421
2422 2421 2419
2417 2423 2419
2422 2419 2423
2417 2415 2423
2423 2424 2422
2423 2425 2424
2415 2425 2423
2425 2426 2424
2415 2416 2427
2415 2427 2425
2427 2416 2428
2427 2428 2429
2425 2427 2429
2430 2429 2428
2425 2431 2426
2425 2429 2431
2430 2432 2429
2431 2429 2432
2432 2430 2433
2426 2431 2434
2431 2432 2434
2426 2434 2435
2432 2433 2436
2434 2432 2436
2437 2435 2434
2434 2436 2437
2433 2437 2436
2437 2438 2435
2433 2439 2437
2438 2437 2439
2438 2439 2440
2441 2440 2442
2441 2442 2443
2443 2444 2441
2442 2445 2443
2442 2446 2445
2443 2447 2444
2447 2443 2445
2448 2444 2447
2446 2449 2445
2447 2445 2449
2446 2450 2449
2448 2447 2451
2449 2451 2447
2452 2448 2451
2453 2449 2450
2449 2453 2451
2453 2450 2454
2453 2454 2455
2452 2451 2456
2456 2451 2453
2453 2455 2457
2456 2453 2457
2458 2457 2455
2458 2459 2457
2459 2456 2457
2460 2459 2458
2452 2456 2461
2459 2461 2456
2452 2461 2462
2460 2463 2459
2463 2461 2459
2463 2460 2464
2465 2462 2461
2463 2465 2461
2463 2464 2465
2465 2466 2462
2466 2465 2464
2466 2464 2420
2467 2468 2469
2470 2467 2469
2467 2471 2468
2471 2472 2468
2470 2473 2467
2473 2470 2474
2475 2471 2467
2475 2467 2473
2471 2476 2472
2475 2476 2471
2475 2473 2477
2473 2474 2477
2475 2478 2476
2476 2479 2472
2476 2478 2479
2477 2474 2480
2481 2479 2478
2477 2480 2482
2475 2477 2482
2482 2480 2483
2481 2478 2484
2475 2484 2478
2485 2481 2484
2482 2483 2486
2475 2482 2486
2487 2486 2483
2485 2484 2488
2475 2488 2484
2488 2489 2485
2487 2490 2486
2475 2486 2490
2491 2490 2487
2475 2492 2488
2488 2492 2489
2475 2490 2493
2491 2493 2490
2475 2494 2492
2492 2495 2489
2492 2494 2495
2493 2491 2496
2497 2495 2494
2475 2497 2494
2497 2498 2495
2493 2496 2499
2475 2493 2499
2499 2496 2500
2501 2498 2497
2475 2501 2497
2501 2502 2498
2499 2500 2503
2475 2499 2503
2503 2500 2504
2502 2501 2505
2475 2505 2501
2502 2505 2506
2475 2503 2507
2503 2504 2507
2475 2507 2505
2507 2504 2506
2507 2506 2505
2508 2509 2510
2511 2509 2508
2508 2510 2512
2512 2510 2513
2511 2508 2514
2514 2515 2511
2516 2508 2512
2516 2514 2508
2512 2513 2517
2516 2512 2517
2516 2518 2514
2514 2518 2515
2516 2517 2519
2517 2513 2520
2517 2520 2519
2518 2521 2515
2522 2519 2520
2518 2523 2521
2516 2523 2518
2523 2524 2521
2522 2525 2519
2516 2519 2525
2526 2525 2522
2523 2527 2524
2516 2527 2523
2528 2524 2527
2526 2529 2525
2516 2525 2529
2529 2526 2530
2528 2527 2531
2516 2531 2527
2532 2528 2531
2516 2529 2533
2529 2530 2533
2516 2534 2531
2532 2531 2534
2516 2533 2535
2533 2530 2536
2533 2536 2535
2534 2537 2532
2538 2535 2536
2516 2535 2538
2538 2536 2539
2534 2540 2537
2516 2540 2534
2540 2541 2537
2542 2538 2539
2516 2538 2542
2542 2539 2543
2540 2544 2541
2516 2544 2540
2544 2545 2541
2543 2546 2542
2516 2542 2546
2543 2547 2546
2516 2548 2544
2544 2548 2545
2548 2547 2545
2516 2546 2548
2548 2546 2547
2549 2550 2551
2552 2550 2549
2551 2550 2553
2554 2550 2552
2553 2550 2555
2556 2550 2554
2555 2550 2557
2558 2550 2556
2557 2550 2559
2560 2550 2558
2559 2550 2561
2561 2550 2560
2562 2563 2564
2562 2565 2563
2566 2563 2565
2567 2564 2563
2566 2568 2563
2567 2563 2568
2569 2568 2566
2570 2567 2568
2569 2570 2568
2570 2571 2567
2572 2570 2569
2571 2570 2573
2572 2573 2570
2571 2573 2574
2572 2575 2573
2573 2575 2574
2576 2577 2578
2577 2579 2578
2577 2580 2579
2576 2581 2577
2577 2581 2580
2576 2582 2581
2583 2580 2581
2584 2581 2582
2583 2581 2585
2584 2585 2581
2586 2585 2584
2585 2587 2583
2586 2587 2585
2588 2587 2586
2588 2589 2587
2589 2588 2590
2587 2589 2591
2589 2590 2592
2591 2589 2592
2591 2592 2593
2594 2592 2590
2592 2595 2593
2594 2596 2592
2592 2596 2595
2597 2596 2594
2598 2595 2596
2597 2599 2596
2598 2596 2599
2599 2597 2600
2601 2598 2599
2599 2600 2602
2601 2599 2602
2603 2602 2600
2602 2604 2601
2603 2605 2602
2602 2605 2604
2605 2606 2604
2607 2605 2603
2605 2608 2606
2607 2608 2605
2609 2606 2608
2607 2610 2608
2609 2608 2610
2607 2611 2610
2612 2609 2610
2612 2610 2611
2612 2611 2613
2612 2614 2609
2615 2612 2613
2616 2614 2612
2615 2616 2612
2616 2617 2614
2616 2615 2618
2617 2616 2619
2618 2619 2616
2618 2620 2619
2617 2619 2621
2620 2622 2619
2620 2623 2622
2621 2619 2624
2619 2622 2624
2621 2624 2625
2622 2625 2624
2621 2625 2626
2627 2626 2625
2623 2628 2622
2623 2629 2628
2622 2630 2625
2628 2630 2622
2625 2630 2631
2632 2630 2628
2633 2628 2629
2632 2628 2633
2633 2629 2634
2625 2631 2635
2627 2625 2635
2631 2636 2635
2635 2636 2637
2632 2633 2638
2638 2633 2634
2632 2638 2639
2638 2634 2640
2641 2639 2638
2642 2627 2635
2635 2637 2642
2642 2643 2627
2644 2643 2642
2645 2638 2640
2641 2638 2645
2645 2640 2646
2641 2645 2647
2647 2645 2646
2648 2642 2637
2644 2642 2648
2648 2637 2649
2650 2644 2648
2650 2648 2649
2651 2652 2653
2654 2653 2652
2654 2655 2653
2656 2653 2655
2651 2653 2657
2656 2657 2653
2658 2651 2657
2659 2657 2656
2658 2657 2659
2659 2656 2660
2661 2658 2659
2660 2662 2659
2661 2659 2662
2660 2663 2662
2661 2662 2664
2662 2663 2664
