byte offset: 0
first index: 54279
index count: 4446
topology: trianglelist
format: DXGI_FORMAT_R16_UINT

15389 15390 15391
15392 15390 15393
15392 15393 15394
15392 15394 15395
15392 15395 15396
15397 15392 15396
15397 15398 15392
15399 15398 15397
15399 15397 15400
15400 15401 15399
15402 15399 15401
15402 15403 15399
15400 15404 15401
15400 15405 15404
15404 15406 15401
15407 15405 15400
15407 15408 15405
15409 15408 15407
15409 15407 15410
15410 15411 15409
15412 15401 15406
15412 15402 15401
15413 15411 15410
15414 15411 15413
15413 15415 15414
15414 15415 15416
15413 15417 15415
15418 15415 15417
15418 15419 15415
15417 15420 15418
15420 15421 15418
15420 15422 15421
15422 15423 15421
15423 15422 15424
15423 15424 15425
15424 15426 15425
15424 15427 15426
15428 15429 15426
15427 15430 15429
15429 15430 15431
15432 15431 15430
15432 15433 15431
15427 15434 15430
15434 15427 15435
15434 15435 15436
15437 15430 15434
15437 15432 15430
15435 15438 15436
15435 15439 15438
15438 15439 15440
15438 15440 15441
15438 15441 15442
15438 15442 15443
15442 15444 15443
15445 15433 15432
15445 15446 15433
15445 15447 15446
15446 15447 15448
15446 15448 15449
15449 15448 15450
15450 15451 15449
15432 15452 15445
15432 15453 15452
15454 15453 15432
15454 15432 15437
15437 15455 15454
15456 15451 15450
15456 15457 15451
15437 15458 15455
15456 15459 15457
15456 15460 15459
15458 15461 15455
15462 15459 15460
15462 15463 15459
15462 15464 15463
15462 15465 15464
15464 15465 15466
15464 15466 15467
15467 15466 15468
15458 15469 15461
15467 15468 15470
15468 15471 15470
15467 15470 15472
15472 15473 15467
15474 15469 15458
15475 15474 15458
15469 15474 15476
15477 15475 15458
15469 15476 15478
15479 15478 15476
15479 15480 15478
15481 15480 15479
15481 15482 15480
15477 15483 15475
15484 15482 15481
15477 15485 15483
15485 15486 15483
15487 15483 15486
15487 15488 15483
15488 15487 15489
15488 15489 15490
15484 15491 15482
15491 15484 15492
15492 15484 15493
15484 15494 15493
15492 15493 15495
15495 15496 15492
15497 15498 15499
15499 15500 15501
15502 15501 15500
15502 15503 15501
15504 15503 15502
15504 15505 15503
15506 15505 15504
15506 15507 15505
15499 15501 15508
15509 15499 15508
15509 15508 15510
15510 15508 15511
15511 15512 15510
15512 15511 15513
15512 15513 15514
15513 15515 15514
15513 15516 15515
15515 15517 15514
15514 15517 15518
15517 15519 15518
15519 15517 15520
15519 15520 15521
15521 15520 15522
15521 15522 15523
15522 15524 15523
15522 15525 15524
15522 15526 15525
15526 15527 15525
15527 15528 15525
15527 15529 15528
15530 15528 15529
15530 15529 15531
15532 15531 15533
15532 15533 15534
15533 15535 15536
15537 15538 15539
15537 15539 15540
15541 15542 15543
15541 15543 15544
15545 15546 15547
15545 15547 15548
15549 15550 15551
15549 15551 15552
15553 15554 15555
15553 15555 15556
15557 15558 15559
15557 15559 15560
15561 15562 15563
15561 15563 15564
15565 15566 15567
15565 15567 15568
15569 15570 15571
15571 15572 15569
15571 15573 15572
15574 15575 15576
15574 15576 15577
15578 15579 15580
15580 15581 15578
15581 15582 15578
15583 15584 15585
15583 15585 15586
15587 15588 15589
15587 15589 15590
15591 15592 15593
15591 15593 15594
15595 15596 15597
15595 15597 15598
15599 15600 15601
15599 15601 15602
15603 15604 15605
15605 15606 15603
15605 15607 15606
15608 15609 15610
15610 15611 15608
15611 15612 15608
15613 15614 15615
15613 15615 15616
15617 15618 15619
15617 15619 15620
15621 15622 15623
15621 15624 15622
15625 15624 15621
15626 15625 15621
15626 15621 15627
15627 15621 15628
15622 15629 15628
15627 15628 15630
15629 15630 15628
15631 15627 15630
15631 15630 15632
15633 15627 15631
15633 15626 15627
15632 15630 15634
15629 15634 15630
15635 15626 15633
15636 15635 15633
15637 15635 15636
15625 15626 15638
15635 15638 15626
15637 15639 15635
15635 15640 15638
15635 15639 15640
15641 15639 15637
15641 15637 15642
15643 15641 15642
15641 15643 15644
15639 15641 15645
15641 15644 15645
15639 15645 15640
15646 15638 15640
15625 15638 15646
15647 15645 15644
15647 15644 15648
15648 15649 15647
15650 15640 15645
15650 15645 15647
15646 15640 15650
15649 15651 15647
15651 15650 15647
15651 15646 15650
15652 15651 15649
15651 15653 15646
15653 15625 15646
15652 15653 15651
15653 15654 15625
15625 15654 15624
15652 15655 15653
15655 15654 15653
15655 15652 15656
15657 15655 15656
15655 15658 15654
15657 15658 15655
15659 15624 15654
15659 15654 15658
15660 15658 15657
15660 15659 15658
15660 15657 15661
15661 15662 15660
15662 15659 15660
15661 15663 15662
15664 15624 15659
15662 15664 15659
15664 15622 15624
15662 15663 15665
15663 15666 15665
15664 15662 15667
15662 15665 15667
15622 15664 15668
15664 15667 15668
15665 15666 15669
15669 15666 15670
15671 15669 15670
15665 15672 15667
15668 15667 15672
15668 15672 15673
15622 15668 15674
15673 15674 15668
15622 15674 15629
15629 15674 15673
15665 15669 15675
15665 15675 15672
15676 15629 15673
15676 15634 15629
15677 15676 15673
15673 15672 15678
15678 15672 15675
15675 15669 15679
15679 15669 15671
15678 15675 15680
15675 15679 15681
15682 15678 15680
15677 15673 15683
15673 15678 15683
15684 15677 15683
15678 15684 15683
15678 15682 15684
15684 15685 15677
15685 15684 15686
15685 15686 15687
15686 15688 15687
15679 15689 15681
15682 15681 15689
15684 15682 15690
15684 15690 15686
15691 15686 15690
15686 15692 15688
15691 15692 15686
15692 15693 15688
15694 15690 15682
15694 15682 15689
15691 15690 15694
15695 15689 15679
15689 15695 15694
15692 15696 15693
15696 15692 15691
15695 15679 15697
15679 15671 15697
15698 15695 15697
15699 15698 15697
15699 15697 15671
15699 15671 15700
15699 15700 15701
15695 15702 15694
15702 15703 15694
15691 15694 15703
15702 15704 15703
15704 15705 15703
15691 15703 15705
15704 15706 15705
15691 15705 15707
15696 15691 15707
15708 15705 15706
15708 15706 15709
15710 15708 15709
15711 15707 15705
15711 15705 15708
15708 15712 15711
15710 15712 15708
15713 15696 15707
15713 15707 15714
15693 15696 15713
15693 15713 15715
15716 15713 15714
15716 15715 15713
15716 15717 15715
15712 15710 15718
15718 15710 15719
15712 15718 15720
15721 15717 15716
15721 15722 15717
15721 15723 15722
15721 15724 15723
15724 15725 15723
15723 15725 15726
15723 15726 15727
15728 15726 15725
15726 15729 15727
15719 15730 15718
15719 15731 15730
15718 15732 15720
15718 15730 15732
15733 15730 15731
15728 15730 15733
15733 15731 15734
15732 15735 15720
15732 15736 15735
15737 15720 15735
15735 15736 15738
15739 15737 15735
15735 15738 15739
15739 15740 15737
15738 15741 15739
15724 15741 15738
15741 15716 15739
15742 15733 15734
15742 15734 15743
15744 15742 15743
15745 15733 15742
15745 15728 15733
15728 15745 15746
15728 15746 15726
15726 15746 15729
15747 15729 15746
15747 15746 15745
15747 15748 15729
15747 15749 15748
15742 15750 15745
15747 15745 15750
15747 15751 15749
15751 15747 15750
15751 15752 15749
15744 15753 15742
15742 15753 15750
15751 15750 15754
15753 15754 15750
15744 15755 15753
15753 15755 15754
15744 15756 15755
15751 15757 15752
15757 15751 15754
15756 15758 15755
15756 15759 15758
15755 15760 15754
15757 15754 15760
15755 15758 15760
15752 15757 15761
15761 15757 15760
15752 15761 15762
15761 15763 15762
15764 15758 15759
15764 15759 15765
15766 15760 15758
15761 15760 15766
15766 15758 15764
15761 15767 15763
15767 15761 15766
15768 15763 15767
15769 15764 15765
15769 15765 15770
15771 15766 15764
15767 15766 15771
15771 15764 15769
15772 15769 15770
15771 15769 15772
15772 15770 15773
15774 15772 15773
15768 15767 15775
15775 15767 15771
15771 15772 15776
15775 15771 15776
15768 15775 15777
15776 15777 15775
15768 15777 15778
15779 15778 15777
15774 15780 15772
15780 15776 15772
15776 15781 15777
15780 15781 15776
15779 15777 15782
15781 15782 15777
15783 15780 15774
15783 15774 15784
15785 15783 15784
15786 15781 15780
15781 15786 15782
15786 15780 15783
15787 15779 15782
15786 15787 15782
15787 15788 15779
15787 15789 15788
15785 15790 15783
15790 15786 15783
15785 15789 15790
15786 15791 15787
15791 15789 15787
15790 15791 15786
15790 15789 15791
15792 15793 15794
15792 15794 15795
15796 15797 15798
15796 15798 15799
15800 15801 15802
15800 15802 15803
15804 15805 15806
15804 15806 15807
15808 15809 15810
15808 15810 15811
15812 15813 15814
15812 15814 15815
15816 15817 15818
15816 15818 15819
15820 15821 15822
15820 15822 15823
15824 15825 15826
15826 15827 15824
15827 15828 15824
15829 15830 15831
15829 15831 15832
15833 15834 15835
15835 15836 15833
15835 15837 15836
15838 15839 15840
15838 15840 15841
15842 15843 15844
15842 15844 15845
15846 15847 15848
15846 15848 15849
15850 15851 15852
15850 15852 15853
15854 15855 15856
15854 15856 15857
15858 15859 15860
15860 15861 15858
15861 15862 15858
15863 15864 15865
15865 15866 15863
15865 15867 15866
15868 15869 15870
15868 15870 15871
15872 15873 15874
15872 15874 15875
15876 15877 15878
15876 15878 15879
15880 15876 15879
15880 15879 15881
15882 15878 15883
15882 15884 15878
15885 15884 15882
15885 15886 15884
15885 15887 15886
15885 15888 15887
15888 15889 15887
15888 15890 15889
15891 15889 15890
15891 15892 15889
15893 15892 15891
15893 15894 15892
15893 15895 15894
15893 15896 15895
15896 15897 15895
15896 15898 15897
15899 15897 15900
15899 15901 15897
15902 15901 15899
15902 15903 15901
15902 15904 15903
15902 15905 15904
15905 15906 15904
15905 15907 15906
15908 15906 15907
15908 15909 15906
15880 15909 15908
15880 15910 15909
15911 15912 15913
15911 15913 15914
15915 15911 15914
15915 15914 15916
15915 15916 15917
15915 15917 15918
15918 15917 15919
15918 15919 15920
15921 15920 15919
15921 15919 15922
15923 15921 15922
15923 15922 15924
15923 15924 15925
15923 15925 15926
15926 15925 15927
15926 15927 15928
15929 15930 15927
15929 15927 15931
15932 15929 15931
15932 15931 15933
15932 15933 15934
15932 15934 15935
15935 15934 15936
15935 15936 15937
15938 15937 15936
15938 15936 15939
15940 15938 15939
15940 15939 15941
15940 15942 15943
15940 15943 15944
15944 15943 15913
15944 15913 15945
15946 15947 15948
15946 15948 15949
15950 15946 15949
15950 15949 15951
15950 15951 15952
15950 15952 15953
15953 15952 15954
15953 15954 15955
15956 15955 15954
15956 15954 15957
15958 15956 15957
15958 15957 15959
15958 15959 15960
15958 15960 15961
15961 15960 15962
15961 15962 15963
15964 15965 15962
15964 15962 15966
15967 15964 15966
15967 15966 15968
15967 15968 15969
15967 15969 15970
15970 15969 15971
15970 15971 15972
15973 15972 15971
15973 15971 15974
15975 15973 15974
15975 15974 15976
15975 15976 15977
15975 15977 15978
15978 15977 15948
15978 15948 15979
15980 15981 15982
15980 15982 15983
15984 15980 15983
15984 15983 15985
15984 15985 15986
15984 15986 15987
15987 15986 15988
15987 15988 15989
15990 15989 15988
15990 15988 15991
15992 15990 15991
15992 15991 15993
15992 15993 15994
15992 15994 15995
15995 15994 15996
15995 15996 15997
15998 15999 15996
15998 15996 16000
16001 15998 16000
16001 16000 16002
16001 16002 16003
16001 16003 16004
16004 16003 16005
16004 16005 16006
16007 16006 16005
16007 16005 16008
16009 16007 16008
16009 16008 16010
16009 16010 16011
16009 16011 16012
16012 16011 15982
16012 15982 16013
16014 16015 16016
16014 16016 16017
16018 16014 16017
16018 16017 16019
16018 16019 16020
16018 16020 16021
16021 16020 16022
16021 16022 16023
16024 16023 16022
16024 16022 16025
16026 16024 16025
16026 16025 16027
16026 16027 16028
16026 16028 16029
16029 16028 16030
16029 16030 16031
16032 16033 16030
16032 16030 16034
16035 16032 16034
16035 16034 16036
16035 16036 16037
16035 16037 16038
16038 16037 16039
16038 16039 16040
16041 16040 16039
16041 16039 16042
16043 16041 16042
16043 16042 16044
16043 16044 16045
16043 16045 16046
16046 16045 16016
16046 16016 16047
16048 16049 16050
16048 16050 16051
16052 16048 16051
16052 16051 16053
16052 16053 16054
16052 16054 16055
16055 16054 16056
16055 16056 16057
16058 16057 16056
16058 16056 16059
16060 16058 16059
16060 16059 16061
16062 16050 16063
16062 16064 16050
16065 16064 16062
16065 16066 16064
16065 16067 16066
16065 16068 16067
16068 16069 16067
16068 16070 16069
16071 16069 16070
16071 16072 16069
16073 16072 16071
16073 16074 16072
16073 16075 16074
16073 16076 16075
16076 16077 16075
16076 16078 16077
16079 16077 16080
16079 16081 16077
16060 16081 16079
16060 16082 16081
16083 16084 16085
16083 16085 16086
16086 16087 16083
16086 16088 16087
16089 16087 16088
16090 16087 16089
16090 16091 16087
16090 16092 16091
16091 16092 16093
16093 16092 16094
16094 16095 16093
16092 16096 16094
16094 16097 16095
16092 16098 16096
16099 16095 16097
15403 16098 16092
16099 16097 16100
15403 16101 16098
16102 16099 16100
16102 16100 16103
16101 15403 15402
16104 16102 16103
16101 15402 16105
15402 16106 16105
16104 16103 16107
15402 16108 16106
16108 15402 15412
16108 15412 16109
16108 16109 16110
16109 16111 16110
16109 16112 16111
16112 16113 16111
16113 16112 16114
16115 16113 16114
16115 16114 16116
16115 16116 16117
16115 16117 16118
16119 16118 16117
16119 16117 16120
16119 16120 16121
16119 16121 16122
16121 16123 16122
16121 16124 16123
16124 16125 16123
16126 16125 16124
16126 16127 16125
16128 16126 16124
16124 16129 16128
16130 16131 16132
16132 16133 16130
16133 16104 16130
16133 16134 16104
16107 16130 16104
16135 16136 16137
16135 16137 16138
16139 16135 16138
16139 16140 16135
16139 16141 16140
16139 16142 16141
16142 16143 16141
16142 16144 16143
16144 16145 16143
16144 16146 16145
16147 16145 16146
16147 16148 16145
16149 16148 16147
16149 16150 16148
16151 16150 16149
16151 16152 16150
16151 16153 16152
16151 16154 16153
16153 16154 16155
16153 16155 16156
16157 16158 16159
16157 16160 16158
16161 16160 16157
16161 16157 16162
16161 16162 16163
16161 16163 16164
16164 16163 16165
16164 16165 16166
16166 16165 16167
16166 16167 16168
16169 16168 16167
16169 16167 16170
16171 16169 16170
16171 16170 16172
16173 16171 16172
16173 16172 16174
16173 16174 16175
16173 16175 16176
16175 16177 16176
16175 16178 16177
16179 16180 16181
16179 16182 16180
16183 16182 16179
16183 16179 16184
16183 16184 16185
16183 16185 16186
16186 16185 16187
16186 16187 16188
16188 16187 16189
16188 16189 16190
16191 16190 16189
16191 16189 16192
16193 16191 16192
16193 16192 16194
16195 16193 16194
16195 16194 16196
16195 16196 16197
16195 16197 16198
16197 16199 16198
16197 16200 16199
16201 16202 16203
16201 16203 16204
16205 16201 16204
16205 16206 16201
16205 16207 16206
16205 16208 16207
16208 16209 16207
16208 16210 16209
16210 16211 16209
16210 16212 16211
16213 16211 16212
16213 16214 16211
16215 16214 16213
16215 16216 16214
16217 16216 16215
16217 16218 16216
16217 16219 16218
16217 16220 16219
16219 16220 16221
16219 16221 16222
16223 16224 16225
16223 16226 16224
16226 16227 16224
16224 16227 16228
16229 16226 16223
16229 16223 16230
16226 16231 16227
16229 16231 16226
16229 16230 16232
16229 16233 16231
16233 16229 16232
16234 16232 16230
16234 16230 16235
16236 16234 16235
16234 16237 16232
16237 16238 16232
16233 16232 16238
16238 16239 16233
16239 16231 16233
16239 16240 16231
16240 16227 16231
16241 16240 16239
16242 16240 16241
16241 16243 16242
16242 16243 16244
16244 16243 16245
16240 16246 16227
16242 16246 16240
16227 16246 16247
16242 16247 16246
16244 16245 16248
16248 16245 16249
16227 16247 16250
16227 16250 16228
16242 16251 16247
16242 16244 16251
16250 16247 16252
16247 16251 16252
16228 16250 16253
16250 16252 16253
16248 16249 16254
16255 16254 16249
16255 16256 16254
16257 16256 16255
16248 16254 16258
16256 16258 16254
16248 16258 16259
16244 16248 16259
16256 16260 16258
16261 16260 16256
16244 16259 16262
16257 16263 16256
16261 16256 16263
16264 16263 16257
16265 16261 16263
16264 16266 16263
16265 16263 16266
16267 16266 16264
16268 16265 16266
16267 16269 16266
16268 16266 16269
16270 16269 16267
16271 16268 16269
16270 16272 16269
16271 16269 16272
16272 16270 16273
16271 16272 16274
16272 16273 16274
16271 16274 16275
16276 16274 16273
16277 16275 16274
16276 16278 16274
16277 16274 16278
16279 16278 16276
16280 16277 16278
16279 16281 16278
16280 16278 16281
16281 16279 16282
16281 16282 16280
16283 16284 16285
16283 16285 16286
16286 16285 16287
16285 16288 16287
16289 16283 16286
16289 16290 16283
16286 16287 16291
16289 16286 16291
16289 16292 16290
16289 16291 16293
16293 16292 16289
16294 16290 16292
16294 16295 16290
16296 16295 16294
16294 16292 16297
16297 16292 16298
16293 16298 16292
16298 16293 16299
16299 16293 16291
16299 16291 16300
16300 16291 16287
16301 16299 16300
16302 16301 16300
16301 16302 16262
16300 16287 16303
16302 16300 16303
16262 16302 16304
16262 16304 16244
16302 16303 16305
16287 16305 16303
16302 16305 16304
16304 16306 16244
16251 16244 16306
16252 16251 16306
16287 16307 16305
16288 16307 16287
16305 16308 16304
16308 16306 16304
16307 16308 16305
16252 16306 16309
16308 16309 16306
16310 16252 16309
16310 16309 16308
16310 16253 16252
16253 16310 16311
16307 16312 16308
16310 16308 16312
16288 16312 16307
16312 16311 16310
16288 16313 16312
16312 16313 16311
16314 16313 16288
16314 16311 16313
16314 16315 16311
16316 16311 16315
16253 16311 16317
16316 16317 16311
16228 16253 16317
16228 16317 16316
16318 16319 16320
16318 16321 16319
16322 16321 16318
16322 16323 16321
16319 16321 16324
16319 16324 16325
16321 16326 16324
16321 16327 16326
16324 16326 16328
16324 16328 16329
16325 16324 16329
16325 16329 16330
16331 16332 16333
16331 16333 16334
16335 16331 16334
16335 16334 16336
16334 16337 16336
16333 16338 16334
16334 16338 16337
16338 16339 16337
16333 16340 16338
16338 16341 16339
16340 16341 16338
16340 16342 16341
16343 16344 16345
16343 16345 16346
16347 16343 16346
16347 16346 16348
16346 16349 16348
16345 16350 16346
16346 16350 16349
16350 16351 16349
16345 16352 16350
16350 16353 16351
16352 16353 16350
16352 16354 16353
16355 16356 16357
16355 16358 16356
16359 16358 16355
16359 16360 16358
16358 16360 16361
16356 16358 16362
16358 16361 16362
16362 16361 16363
16356 16362 16364
16362 16363 16365
16364 16362 16365
16364 16365 16366
16367 16368 16369
16367 16369 16370
16371 16367 16370
16371 16370 16372
16373 16371 16372
16373 16372 16374
16375 16373 16374
16375 16374 16376
16377 16375 16376
16377 16376 16378
16379 16377 16378
16379 16378 16380
16381 16379 16380
16381 16380 16382
16383 16381 16382
16383 16382 16384
16385 16383 16384
16385 16384 16386
16387 16385 16386
16387 16386 16388
16389 16387 16388
16389 16388 16390
16391 16389 16390
16391 16390 16392
16393 16391 16392
16393 16392 16394
16395 16393 16394
16395 16394 16396
16397 16395 16396
16397 16396 16398
16399 16397 16398
16399 16398 16400
16401 16402 16403
16401 16403 16404
16405 16401 16404
16405 16404 16406
16407 16405 16406
16407 16406 16408
16409 16407 16408
16409 16408 16410
16411 16412 16403
16411 16413 16412
16414 16415 16410
16414 16410 16416
16417 16414 16416
16417 16416 16418
16419 16417 16418
16419 16418 16420
16421 16419 16420
16421 16420 16422
16423 16421 16422
16423 16422 16424
16425 16423 16424
16425 16424 16426
16427 16425 16426
16427 16426 16428
16429 16427 16428
16429 16428 16430
16431 16429 16430
16431 16430 16432
16433 16431 16432
16433 16432 16434
16435 16436 16434
16435 16434 16437
16438 16439 16440
16438 16440 16441
16442 16438 16441
16442 16441 16443
16444 16442 16443
16444 16443 16445
16446 16444 16445
16446 16445 16447
16448 16446 16447
16448 16447 16449
16450 16448 16449
16450 16449 16451
16452 16450 16451
16452 16451 16453
16454 16455 16453
16454 16453 16456
16457 16454 16456
16457 16456 16458
16459 16457 16458
16459 16458 16460
16461 16459 16460
16461 16460 16462
16463 16461 16462
16463 16462 16464
16465 16463 16464
16465 16464 16466
16467 16465 16466
16467 16466 16468
16469 16467 16468
16469 16468 16470
16471 16469 16470
16471 16470 16472
16473 16474 16475
16473 16475 16476
16477 16473 16476
16477 16476 16478
16479 16477 16478
16479 16478 16480
16481 16479 16480
16481 16480 16482
16483 16481 16482
16483 16482 16484
16485 16483 16484
16485 16484 16486
16487 16485 16486
16487 16486 16488
16489 16487 16488
16489 16488 16490
16491 16489 16490
16491 16490 16492
16493 16491 16492
16493 16492 16494
16495 16493 16494
16495 16494 16496
16497 16495 16496
16497 16496 16498
16499 16497 16498
16499 16498 16500
16501 16499 16500
16501 16500 16502
16503 16501 16502
16503 16502 16504
16505 16503 16504
16505 16504 16506
16507 16508 16509
16507 16509 16510
16511 16507 16510
16511 16510 16512
16513 16511 16512
16513 16512 16514
16515 16513 16514
16515 16514 16516
16517 16515 16516
16517 16516 16518
16519 16517 16518
16519 16518 16520
16521 16519 16520
16521 16520 16522
16523 16521 16522
16523 16522 16524
16525 16523 16524
16525 16524 16526
16527 16525 16526
16527 16526 16528
16529 16527 16528
16529 16528 16530
16531 16529 16530
16531 16530 16532
16533 16531 16532
16533 16532 16534
16535 16533 16534
16535 16534 16536
16537 16538 16536
16537 16536 16539
16540 16537 16539
16540 16539 16541
16542 16543 16544
16542 16544 16545
16546 16542 16545
16546 16545 16547
16548 16546 16547
16548 16547 16549
16550 16548 16549
16550 16549 16551
16552 16550 16551
16552 16551 16553
16554 16552 16553
16554 16553 16555
16556 16554 16555
16556 16555 16557
16558 16556 16557
16558 16557 16559
16560 16558 16559
16560 16559 16561
16562 16560 16561
16562 16561 16563
16564 16562 16563
16564 16563 16565
16566 16564 16565
16566 16565 16567
16568 16566 16567
16568 16567 16569
16570 16568 16569
16570 16569 16571
16572 16570 16571
16572 16571 16573
16574 16572 16573
16574 16573 16575
16576 16577 16578
16576 16579 16577
16579 16580 16577
16579 16581 16580
16581 16582 16580
16581 16583 16582
16584 16582 16583
16584 16585 16582
16586 16585 16584
16586 16584 16587
16586 16588 16585
16588 16589 16585
16589 16588 16590
16590 16591 16589
16590 16592 16591
16593 16592 16594
16593 16594 16595
16592 16596 16594
16592 16597 16596
16596 16597 16598
16598 16599 16596
16598 16600 16599
16600 16601 16599
16600 16602 16601
16601 16602 16603
16601 16603 16604
16601 16604 16605
16605 16604 16606
16606 16604 16607
16606 16607 16608
16609 16608 16607
16609 16610 16608
16611 16612 16610
16611 16613 16612
16612 16613 16614
16615 16616 16617
16615 16617 16618
16615 16618 16619
16618 16617 16620
16618 16621 16619
16618 16620 16622
16622 16621 16618
16623 16624 16625
16625 16626 16623
16625 16627 16626
16628 16623 16626
16626 16627 16629
16628 16626 16630
16626 16629 16630
16631 16632 16633
16633 16634 16631
16634 16635 16631
16636 16631 16635
16637 16635 16634
16638 16631 16636
16638 16639 16633
16633 16640 16634
16641 16640 16633
16642 16640 16641
16634 16640 16643
16642 16643 16640
16642 16644 16643
16642 16645 16644
16634 16643 16646
16637 16634 16646
16643 16647 16646
16646 16647 16648
16649 16646 16648
16649 16637 16646
16650 16649 16648
16639 16638 16651
16652 16651 16638
16639 16651 16653
16653 16651 16654
16652 16654 16651
16653 16654 16655
16656 16649 16650
16657 16656 16650
16652 16638 16658
16638 16636 16658
16659 16655 16654
16659 16660 16655
16661 16660 16659
16657 16662 16656
16662 16657 16663
16664 16658 16636
16652 16658 16665
16664 16665 16658
16666 16664 16636
16636 16667 16666
16666 16667 16637
16666 16637 16668
16669 16666 16668
16649 16668 16637
16649 16670 16668
16656 16670 16649
16671 16668 16670
16671 16669 16668
16672 16670 16656
16672 16671 16670
16666 16673 16664
16669 16673 16666
16664 16673 16674
16674 16673 16669
16664 16674 16675
16675 16665 16664
16675 16676 16665
16665 16676 16677
16674 16669 16678
16665 16677 16679
16652 16665 16679
16679 16677 16680
16678 16669 16681
16678 16681 15634
16682 16652 16679
16679 16680 16682
16682 16683 16652
16652 16683 16654
16680 16684 16682
16684 16683 16682
16680 16685 16684
16686 16684 16685
16687 16654 16683
16684 16687 16683
16687 16659 16654
16686 16688 16684
16688 16687 16684
16659 16687 16689
16661 16659 16689
16690 15634 16681
16690 16691 15634
16692 16691 16690
16692 16693 16691
16692 16694 16693
16695 16690 16681
16692 16690 16695
16696 16688 16686
16696 16686 16697
16696 16697 16698
16661 16689 16699
16699 16700 16661
16695 16681 16701
16681 16669 16701
16669 16671 16701
16695 16701 16671
16695 16671 16672
16672 16702 16695
16692 16695 16702
16672 16703 16702
16656 16703 16672
16656 16662 16703
16704 16692 16702
16703 16704 16702
16704 16694 16692
16662 16705 16703
16703 16705 16704
16662 16663 16705
16663 16706 16705
16706 16704 16705
16663 16707 16706
16706 16707 16708
16709 16694 16704
16706 16709 16704
16708 16709 16706
16709 16710 16694
16709 16711 16710
16708 16712 16709
16709 16712 16711
16708 16713 16712
16711 16712 16713
16687 16714 16689
16688 16714 16687
16714 16715 16689
16699 16689 16715
16714 16688 16716
16696 16716 16688
16714 16716 16717
16717 16718 16714
16714 16718 16715
16716 16718 16717
16718 16719 16715
16716 16719 16718
16699 16715 16720
16720 16715 16719
16721 16716 16696
16719 16716 16721
16699 16720 16722
16700 16699 16722
16700 16722 16723
16720 16719 16724
16719 16721 16724
16725 16721 16696
16696 16698 16725
16721 16725 16726
16724 16721 16726
16725 16698 16726
16727 16720 16724
16727 16722 16720
16726 16727 16724
16728 16723 16722
16729 16723 16728
16730 16722 16727
16730 16727 16726
16730 16728 16722
16698 16731 16726
16730 16726 16731
16698 16732 16731
16731 16732 16733
16734 16729 16728
16734 16735 16729
16736 16735 16734
16737 16728 16730
16737 16734 16728
16730 16731 16738
16731 16733 16738
16730 16738 16737
16739 16738 16733
16739 16737 16738
16739 16733 16740
16739 16740 16741
16734 16737 16742
16739 16742 16737
16739 16741 16743
16743 16742 16739
16743 16741 16744
16736 16734 16745
16734 16742 16745
16743 16746 16742
16745 16742 16746
16736 16745 16747
16745 16746 16747
16736 16747 16748
16743 16744 16749
16749 16746 16743
16747 16746 16750
16749 16750 16746
16748 16747 16751
16747 16750 16751
16748 16751 16752
16744 16753 16749
16753 16750 16749
16744 16754 16753
16753 16754 16755
16756 16752 16751
16756 16757 16752
16758 16751 16750
16753 16758 16750
16758 16756 16751
16753 16755 16759
16759 16758 16753
16760 16759 16755
16761 16757 16756
16761 16762 16757
16763 16756 16758
16759 16763 16758
16763 16761 16756
16764 16762 16761
16763 16764 16761
16764 16765 16762
16766 16765 16764
16760 16767 16759
16767 16763 16759
16763 16768 16764
16767 16768 16763
16760 16769 16767
16768 16767 16769
16760 16770 16769
16771 16769 16770
16766 16764 16772
16772 16764 16768
16768 16769 16773
16772 16768 16773
16771 16774 16769
16773 16769 16774
16775 16774 16771
16775 16771 16776
16775 16776 16777
16773 16774 16778
16778 16772 16773
16778 16774 16779
16780 16766 16772
16778 16780 16772
16780 16781 16766
16782 16781 16780
16782 16780 16783
16782 16783 16777
16783 16780 16778
16778 16779 16784
16784 16779 16777
16783 16778 16784
16783 16784 16777
