byte offset: 0
first index: 0
index count: 11274
topology: trianglelist
format: DXGI_FORMAT_R16_UINT

0 1 2
3 4 5
6 7 8
9 10 8
9 11 10
12 11 9
12 13 11
13 12 14
13 14 15
16 15 14
16 17 15
16 18 17
16 19 18
20 18 19
20 19 21
22 20 21
22 21 23
24 22 23
24 25 22
26 25 24
26 27 25
27 26 28
29 30 31
32 33 34
35 36 37
36 38 39
36 39 40
41 40 39
41 42 40
43 42 41
43 41 44
43 45 42
43 46 45
45 46 47
45 48 42
45 49 48
48 49 50
48 50 51
51 50 52
45 47 53
54 53 47
54 55 53
53 55 56
53 57 45
53 56 58
53 59 57
60 58 56
57 59 61
60 61 58
57 61 62
61 60 63
62 61 63
64 65 66
67 68 66
67 69 68
70 69 67
70 67 71
72 70 71
72 73 70
72 71 74
72 74 75
74 71 76
74 77 75
74 76 78
79 78 76
79 80 78
79 81 80
74 82 77
83 77 82
83 82 84
82 74 85
82 86 84
82 85 87
82 88 86
89 87 85
86 88 90
89 90 87
86 90 91
89 92 90
90 92 91
93 94 95
95 94 96
96 94 97
97 98 96
97 99 98
99 97 100
101 98 99
101 99 102
102 99 100
103 101 102
104 101 103
102 100 105
106 103 102
102 105 106
105 100 107
107 100 108
108 109 107
108 110 109
111 109 110
111 110 112
112 113 111
112 114 113
115 109 111
113 115 111
107 109 116
115 116 109
105 107 117
107 116 117
114 118 113
114 119 118
106 105 120
105 117 120
113 121 115
121 113 118
119 122 118
119 123 122
123 124 122
123 125 124
124 125 126
124 126 127
127 126 128
122 124 129
127 129 124
118 122 130
122 129 130
128 131 127
128 132 131
127 133 129
133 127 131
121 118 134
118 130 134
130 129 135
133 135 129
134 130 136
130 135 136
137 121 134
134 136 137
137 138 121
138 115 121
138 139 115
139 116 115
139 140 116
117 116 140
117 140 141
120 117 141
120 141 142
136 143 137
144 120 142
106 120 144
144 142 145
136 146 143
146 147 143
144 148 106
106 148 103
149 144 145
144 149 148
149 145 150
151 103 148
104 103 151
149 152 148
151 148 152
153 149 150
149 153 152
153 150 154
104 151 155
152 155 151
104 155 156
157 153 154
157 154 158
159 152 153
152 159 155
159 153 157
155 160 156
159 160 155
158 161 157
158 162 161
163 159 157
159 163 160
163 157 161
156 160 164
163 164 160
156 164 165
162 166 161
162 167 166
168 163 161
163 168 164
168 161 166
169 165 164
168 169 164
169 170 165
167 171 166
168 166 171
167 172 171
168 173 169
173 168 171
170 169 174
174 169 173
170 174 175
176 171 172
176 172 177
173 171 178
178 171 176
179 176 177
176 179 178
174 173 180
180 173 178
175 174 181
175 181 182
174 180 183
183 180 178
174 183 181
182 181 184
182 184 185
184 186 185
183 178 187
179 187 178
181 183 188
188 184 181
188 183 187
186 184 189
189 184 188
186 189 190
189 191 190
192 190 191
193 189 188
193 191 189
188 187 194
194 193 188
187 179 195
194 187 195
196 193 194
196 191 193
195 196 194
192 191 197
196 197 191
192 197 198
199 195 179
179 177 199
200 199 177
196 195 201
199 201 195
200 202 199
202 201 199
203 202 200
196 201 204
204 197 196
202 205 201
204 201 205
203 206 202
205 202 206
203 207 206
203 208 207
209 205 206
209 206 207
210 204 205
205 209 210
204 211 197
211 204 210
212 207 208
212 208 213
214 197 211
214 198 197
215 212 213
215 213 216
214 217 198
218 198 217
218 217 219
218 219 220
221 220 219
222 220 221
222 221 223
223 224 222
225 224 223
225 223 226
227 225 226
221 228 223
228 226 223
229 221 219
229 228 221
227 226 230
231 227 230
232 229 219
232 219 217
226 228 233
230 226 233
234 228 229
232 234 229
228 234 235
228 235 233
231 230 236
236 237 231
238 234 232
234 238 235
236 239 237
240 237 239
241 232 217
232 242 238
232 241 242
241 217 243
214 243 217
244 243 214
244 214 211
244 211 245
245 246 244
211 210 245
244 247 243
247 244 246
243 248 241
243 247 248
245 210 249
209 249 210
241 250 242
248 250 241
245 251 246
251 245 249
249 209 252
252 209 207
249 253 251
253 249 252
251 254 246
253 254 251
207 255 252
212 255 207
212 256 255
212 215 256
252 255 257
252 258 253
257 258 252
255 259 257
255 256 259
257 260 258
257 259 260
215 261 256
262 259 256
262 256 261
259 263 260
259 262 263
258 260 264
263 264 260
253 258 265
258 264 265
266 253 265
253 266 254
215 267 261
216 267 215
216 268 267
269 268 216
261 267 270
270 267 268
271 262 261
261 270 271
269 272 268
272 269 273
265 264 274
265 274 266
271 275 262
275 263 262
270 268 276
272 276 268
272 273 277
277 273 278
272 279 276
277 279 272
277 278 280
278 281 280
281 282 280
281 283 282
277 280 284
284 280 282
277 284 285
279 277 285
279 285 286
286 276 279
286 287 276
288 276 287
288 270 276
289 270 288
289 271 270
290 271 289
290 275 271
284 282 291
275 290 292
293 291 282
293 294 291
275 292 295
275 295 263
282 296 293
282 283 296
297 294 293
297 298 294
299 298 297
292 300 295
292 301 300
295 302 263
263 302 264
295 303 302
300 303 295
304 264 302
303 304 302
304 274 264
301 305 300
301 306 305
300 307 303
303 307 304
300 305 307
274 304 308
307 308 304
309 305 306
309 306 310
305 311 307
307 311 308
305 309 311
312 308 311
274 308 313
313 308 312
266 274 313
314 309 310
314 310 315
314 315 316
309 317 311
309 314 317
312 311 317
314 316 318
318 317 314
318 316 319
266 313 320
254 266 320
318 321 317
312 317 321
318 319 322
322 321 318
323 322 319
323 324 322
325 324 323
322 326 321
324 326 322
313 312 327
327 320 313
328 254 320
254 328 246
312 321 329
326 329 321
327 330 320
330 328 320
331 327 312
331 312 329
327 332 330
330 332 328
327 331 332
333 246 328
328 332 333
334 332 331
333 332 334
335 331 329
334 331 335
326 336 329
335 329 336
337 246 333
247 246 337
338 333 334
338 337 333
337 339 247
339 337 338
247 339 248
340 334 335
334 340 338
341 248 339
250 248 341
340 335 342
336 342 335
343 336 326
324 343 326
338 340 344
344 340 342
338 345 339
339 345 341
345 338 344
343 346 336
336 346 342
324 347 343
347 346 343
325 347 324
348 342 346
347 348 346
349 347 325
349 348 347
349 325 350
344 342 351
348 351 342
350 352 349
350 353 352
354 344 351
354 345 344
355 351 348
354 351 355
349 356 348
352 356 349
355 348 356
353 357 352
353 358 357
345 354 359
359 354 355
352 360 356
360 352 357
356 361 355
359 355 361
356 360 361
362 345 359
345 362 341
363 359 361
363 362 359
364 361 360
363 361 364
358 365 357
358 366 365
367 365 366
360 357 368
364 360 368
357 369 368
357 365 369
367 370 365
370 367 371
372 364 368
372 368 369
364 372 373
364 373 363
363 373 374
363 374 362
375 372 369
376 362 374
377 369 365
375 369 377
377 365 370
377 378 375
370 371 379
379 377 370
377 379 378
379 380 378
379 371 381
379 382 380
379 381 382
380 382 383
381 384 382
383 382 384
381 385 384
383 384 386
387 384 385
387 385 388
384 389 386
384 387 389
390 387 388
390 388 391
392 390 391
386 389 393
386 393 394
387 395 389
387 390 395
392 396 390
397 396 392
389 398 393
389 395 398
399 394 393
399 393 398
394 399 400
390 401 395
390 396 401
397 402 396
403 402 397
395 404 398
395 401 404
405 401 396
405 396 402
403 406 402
407 406 403
398 404 408
399 398 408
401 409 404
401 405 409
408 404 409
410 400 399
410 411 400
412 405 402
412 402 406
407 413 406
413 407 414
415 409 405
415 405 412
416 412 406
416 406 413
409 415 417
408 409 417
418 415 412
418 412 416
418 417 415
411 410 419
411 419 420
413 414 421
421 414 422
421 422 423
424 423 422
425 413 421
425 421 423
413 426 416
413 425 426
427 418 416
427 416 426
428 420 419
428 429 420
429 428 430
429 430 431
431 430 432
431 432 433
434 433 432
434 435 433
435 434 436
435 436 437
438 418 427
426 439 427
427 439 438
438 440 418
418 440 417
426 441 439
425 441 426
442 417 440
442 408 417
425 443 441
425 423 443
442 444 408
399 408 444
399 444 410
445 410 444
445 419 410
446 444 442
446 445 444
442 440 447
447 446 442
419 445 448
419 448 428
445 446 449
445 449 448
428 448 450
428 450 430
451 447 440
438 451 440
447 452 446
452 449 446
448 449 453
448 453 450
430 450 454
430 454 432
451 455 447
452 447 455
452 456 449
456 453 449
450 453 457
450 457 454
432 454 458
432 458 434
452 455 459
456 452 459
456 460 453
457 453 460
454 457 461
454 461 458
434 458 462
434 462 436
456 459 463
460 456 463
458 461 464
458 464 462
465 436 462
466 465 462
466 462 464
465 467 436
467 437 436
467 468 437
468 469 437
468 470 469
471 466 464
472 469 470
471 464 473
461 473 464
474 471 473
472 470 475
475 470 476
477 472 475
475 476 478
477 475 479
475 478 479
480 477 479
481 479 478
478 482 481
483 481 482
480 479 484
481 484 479
484 485 480
483 486 481
487 486 483
488 484 481
484 488 485
488 481 486
487 489 486
489 487 490
491 488 486
491 486 489
488 492 485
488 491 492
493 491 489
489 490 493
494 485 492
494 495 485
496 492 491
493 496 491
497 495 494
497 498 495
499 494 492
499 492 496
499 497 494
500 498 497
500 501 498
499 502 497
500 497 502
496 503 499
503 502 499
493 504 496
496 504 503
493 490 505
493 505 504
505 490 506
506 490 507
505 508 504
505 506 508
504 509 503
504 508 509
503 510 502
509 510 503
509 511 510
512 508 506
509 508 512
510 513 502
500 502 513
506 507 514
512 506 514
509 512 515
511 509 515
514 516 512
515 512 516
507 517 514
514 517 516
507 518 517
507 519 518
520 518 519
517 521 516
517 518 521
515 516 522
522 516 521
520 523 518
523 520 524
518 525 521
518 523 525
523 524 526
527 526 524
528 515 522
511 515 528
522 521 529
529 521 525
523 530 525
523 526 530
527 531 526
531 527 532
533 530 526
533 526 531
531 534 533
531 532 535
531 535 534
535 532 536
537 534 535
538 525 530
529 525 538
529 539 522
528 522 539
535 536 540
537 535 540
541 540 536
537 540 541
541 536 542
537 541 543
544 541 542
543 541 544
544 542 545
543 544 546
547 544 545
546 544 547
547 545 548
546 547 549
548 550 547
549 547 550
548 551 550
552 550 551
549 550 553
554 550 552
554 553 550
554 552 555
554 555 556
557 556 555
557 555 474
474 473 557
558 556 557
473 558 557
559 554 556
558 559 556
560 553 554
559 560 554
473 561 558
461 561 473
561 461 457
561 457 562
562 558 561
457 460 562
559 558 563
562 563 558
564 562 460
564 563 562
460 463 564
559 563 565
560 559 565
566 563 564
566 565 563
567 564 463
567 566 564
568 567 463
568 463 459
459 569 568
459 455 569
570 569 455
570 455 451
570 451 571
438 571 451
571 438 572
439 572 438
572 439 573
574 572 573
441 573 439
571 572 575
572 574 575
441 576 573
443 576 441
570 571 577
577 571 575
574 573 578
576 578 573
569 570 579
577 580 570
570 580 579
577 575 581
580 577 581
575 574 582
582 581 575
569 579 583
568 569 583
568 583 584
567 568 584
567 584 585
585 566 567
585 586 566
565 566 586
587 583 579
588 584 583
588 583 587
589 588 587
579 590 587
587 590 589
580 590 579
580 591 590
585 584 592
588 592 584
586 585 593
585 592 593
592 588 594
589 594 588
591 580 595
580 581 595
596 595 581
596 591 595
597 590 591
589 590 597
598 593 592
592 594 598
596 581 599
582 599 581
596 599 600
582 600 599
597 591 601
589 597 601
596 602 591
596 600 602
591 602 603
603 601 591
603 602 600
582 604 600
604 582 574
603 600 605
605 600 604
589 606 594
607 589 601
589 607 606
603 608 601
608 607 601
605 609 603
609 608 603
605 604 610
609 605 610
611 604 574
610 604 611
607 608 612
606 607 612
613 594 606
613 598 594
614 608 609
614 612 608
606 612 615
606 615 613
574 616 611
574 578 616
617 612 614
617 615 612
598 613 618
619 613 615
619 618 613
620 615 617
620 619 615
598 618 621
598 621 593
622 593 621
586 593 622
623 586 622
565 586 623
624 565 623
560 565 624
625 560 624
560 625 553
626 618 619
627 621 618
626 627 618
622 621 628
627 628 621
623 622 629
629 622 628
624 623 630
630 623 629
625 624 631
631 624 630
553 625 632
632 625 631
619 633 626
619 620 633
553 632 634
635 553 634
636 635 634
636 634 637
638 636 637
634 632 639
634 639 637
632 631 640
640 639 632
631 630 641
641 640 631
641 630 642
630 629 642
642 629 643
629 628 643
644 643 628
644 628 627
645 644 627
645 627 626
646 645 626
646 626 633
640 647 639
641 648 640
648 647 640
641 642 649
648 641 649
642 643 650
649 642 650
651 643 644
651 650 643
652 644 645
652 651 644
653 645 646
653 652 645
647 654 639
637 639 654
637 654 655
638 637 655
656 638 655
656 657 638
658 657 656
659 655 654
659 656 655
647 660 654
660 659 654
661 658 656
661 656 659
662 660 647
648 662 647
660 663 659
661 659 663
664 658 661
664 665 658
666 662 648
648 649 666
662 667 660
667 663 660
665 664 668
665 668 530
538 530 668
666 669 662
669 667 662
670 664 661
661 663 671
670 661 671
664 672 668
664 670 672
668 673 538
668 672 673
667 674 663
674 671 663
669 675 667
675 674 667
538 673 676
538 676 529
529 676 539
677 676 673
539 676 677
678 673 672
677 673 678
679 672 670
678 672 679
671 680 670
679 670 680
674 681 671
671 681 680
682 539 677
539 682 528
678 683 677
682 677 683
684 681 674
675 684 674
685 680 681
684 685 681
682 686 528
511 528 686
678 687 683
679 687 678
679 680 688
685 688 680
689 682 683
686 682 689
687 690 683
689 683 690
679 691 687
679 688 691
687 692 690
691 692 687
688 685 693
691 688 694
688 693 694
694 693 695
685 696 693
695 693 696
685 684 696
691 694 697
691 697 692
684 698 696
684 675 698
697 694 699
694 695 699
692 697 700
697 699 700
701 690 692
701 692 700
702 696 698
702 695 696
675 703 698
702 698 703
675 669 703
704 703 669
704 669 666
705 690 701
705 689 690
703 706 702
703 704 706
689 705 707
707 686 689
708 686 707
708 511 686
709 704 666
704 710 706
704 709 710
709 666 711
649 711 666
649 712 711
649 650 712
713 712 650
713 711 712
713 650 651
709 711 714
713 714 711
715 713 651
715 651 652
716 710 709
709 714 716
717 714 713
717 713 715
718 715 652
718 652 653
715 719 717
715 718 719
714 717 720
716 714 721
714 720 721
717 719 722
717 722 720
716 723 710
716 721 724
724 723 716
725 710 723
725 706 710
725 726 706
726 702 706
726 727 702
727 695 702
727 728 695
729 695 728
729 699 695
699 729 730
699 730 700
731 700 730
725 723 732
731 701 700
732 723 733
732 733 734
734 733 735
734 735 736
737 736 735
724 733 723
738 701 731
738 705 701
739 738 731
705 738 740
705 740 707
741 738 739
738 741 740
741 739 742
743 707 740
743 708 707
742 744 741
742 745 744
741 746 740
743 740 746
741 744 746
745 747 744
746 744 747
745 748 747
747 748 749
750 747 749
746 747 750
751 750 749
746 752 743
752 708 743
746 750 752
751 753 750
753 751 754
752 755 708
511 708 755
511 755 756
752 756 755
511 756 510
510 756 513
757 752 750
752 757 756
757 750 753
757 513 756
758 753 754
758 754 759
760 758 759
753 761 757
757 761 513
753 758 761
760 762 758
762 761 758
763 762 760
764 513 761
762 764 761
764 500 513
763 765 762
765 764 762
766 765 763
767 500 764
765 767 764
767 501 500
501 767 768
768 767 765
501 768 769
766 770 765
768 765 770
771 770 766
769 768 772
770 772 768
769 772 773
771 774 770
770 774 772
774 771 775
774 775 776
772 774 776
777 776 775
773 772 778
772 776 778
773 778 779
777 780 776
780 778 776
780 777 781
782 779 778
780 782 778
782 783 779
784 782 780
784 780 781
785 783 782
784 785 782
785 786 783
787 786 785
787 788 786
789 785 784
789 787 785
790 784 781
790 789 784
791 788 787
791 792 788
787 789 793
787 793 791
794 792 791
794 795 792
790 781 796
796 781 797
789 790 798
789 798 793
791 793 799
791 799 794
800 795 794
800 801 795
802 790 796
798 790 802
802 796 803
797 803 796
797 804 803
804 797 805
806 804 805
807 806 805
808 798 802
808 809 798
809 793 798
809 799 793
808 810 809
799 809 810
808 240 810
799 810 811
811 794 799
811 800 794
810 240 812
811 810 812
240 239 812
811 812 813
813 800 811
813 812 239
813 814 800
801 800 814
801 814 815
813 239 816
816 814 813
816 239 236
815 814 817
816 817 814
815 817 818
818 817 819
816 819 817
818 819 820
816 236 821
821 819 816
230 821 236
822 820 819
822 823 820
230 824 821
230 233 824
821 825 819
824 825 821
233 825 824
825 822 819
233 235 825
822 825 826
826 825 235
826 823 822
235 238 826
826 827 823
827 826 238
828 823 827
827 238 242
828 827 829
829 827 242
376 828 829
829 242 250
376 829 830
250 830 829
376 830 362
341 830 250
341 362 830
831 832 833
833 832 834
834 835 833
834 836 835
835 837 833
836 838 835
835 838 837
836 839 838
837 838 840
840 838 839
840 839 841
842 840 841
837 840 843
842 844 840
844 843 840
845 844 842
846 843 844
845 846 844
846 847 843
846 845 848
846 849 847
846 848 850
846 850 849
848 851 850
850 852 849
851 852 850
853 854 855
853 856 854
856 857 854
856 858 857
856 853 859
856 860 858
860 861 858
856 859 862
862 860 856
860 863 861
862 863 860
863 864 861
859 865 862
862 865 863
859 866 865
863 867 864
867 863 865
867 868 864
866 869 865
867 865 869
866 870 869
867 871 868
869 871 867
871 872 868
873 869 870
869 873 871
873 870 874
873 875 871
871 875 872
876 873 874
873 876 875
876 874 877
878 876 877
875 876 879
878 879 876
880 875 879
872 875 880
878 880 879
880 881 872
872 881 882
878 883 880
883 881 880
878 884 883
883 885 881
884 885 883
881 885 882
884 886 885
882 885 886
882 886 887
888 889 890
888 890 891
892 888 891
890 893 891
890 894 893
892 891 895
895 896 892
894 897 893
894 898 897
893 897 899
900 891 893
900 895 891
893 899 901
901 900 893
902 900 901
903 901 899
903 902 901
904 902 903
895 905 896
906 896 905
895 900 907
895 907 905
902 907 900
906 905 908
908 905 907
909 906 908
908 907 910
910 907 902
909 908 911
910 911 908
911 912 909
904 913 902
913 904 914
913 914 915
910 902 916
913 916 902
915 917 913
913 917 916
915 918 917
910 919 911
916 919 910
911 920 912
919 920 911
920 921 912
922 917 918
922 918 923
917 924 916
916 924 919
917 922 924
920 925 921
926 921 925
919 927 920
924 927 919
925 920 927
928 922 923
928 923 929
922 930 924
924 930 927
922 928 930
926 925 931
932 926 931
925 927 933
930 933 927
931 925 933
934 928 929
934 929 935
928 936 930
930 936 933
928 934 936
932 931 937
938 932 937
931 933 939
939 933 936
939 937 931
935 940 934
935 941 940
934 942 936
939 936 942
934 940 942
938 937 943
944 938 943
939 945 937
945 939 942
945 943 937
946 940 941
946 941 947
948 942 940
945 942 948
948 940 946
944 943 949
949 950 944
945 951 943
951 945 948
949 943 951
952 948 946
951 948 952
953 946 947
952 946 953
949 954 950
954 955 950
954 956 955
949 951 957
957 951 952
954 949 957
958 956 954
954 957 958
958 959 956
957 952 960
960 958 957
960 952 953
959 958 961
960 961 958
959 961 962
963 962 961
963 961 964
965 963 964
965 964 966
961 967 964
966 964 967
961 960 967
966 967 968
960 969 967
969 968 967
960 953 969
969 970 968
969 953 971
971 970 969
953 947 971
971 972 970
973 971 947
972 971 973
972 973 974
975 976 977
978 976 975
978 975 979
980 978 979
980 979 981
982 980 981
982 981 983
983 984 982
985 986 987
986 988 987
988 986 989
988 989 990
989 986 991
990 989 992
989 991 992
990 992 993
991 994 992
994 993 992
994 995 993
996 995 994
991 997 994
996 994 998
998 994 997
999 996 998
1000 998 997
999 998 1000
1000 997 1001
1000 1002 999
1000 1001 1003
1000 1004 1002
1000 1003 1004
1002 1004 1005
1004 1003 1006
1005 1004 1006
1007 1008 1009
1007 1009 1010
1010 1009 1011
1010 1011 1012
1010 1013 1007
1010 1012 1014
1014 1012 1015
1010 1016 1013
1016 1010 1014
1014 1015 1017
1016 1014 1017
1017 1015 1018
1013 1016 1019
1016 1017 1019
1013 1019 1020
1017 1018 1021
1021 1019 1017
1021 1018 1022
1020 1019 1023
1021 1023 1019
1020 1023 1024
1021 1022 1025
1023 1021 1025
1025 1022 1026
1027 1024 1023
1023 1025 1027
1027 1028 1024
1027 1025 1029
1025 1026 1029
1030 1028 1027
1027 1029 1030
1030 1031 1028
1032 1031 1030
1029 1033 1030
1032 1030 1033
1034 1033 1029
1026 1034 1029
1032 1033 1034
1034 1026 1035
1026 1036 1035
1032 1034 1037
1037 1034 1035
1032 1037 1038
1037 1035 1039
1038 1037 1039
1035 1036 1039
1038 1039 1040
1036 1040 1039
1036 1041 1040
1042 1043 1044
1042 1045 1043
1046 1045 1042
1043 1045 1047
1043 1047 1048
1046 1049 1045
1049 1046 1050
1048 1047 1051
1048 1051 1052
1047 1053 1051
1054 1047 1045
1054 1045 1049
1047 1055 1053
1055 1047 1054
1056 1055 1054
1057 1053 1055
1057 1055 1056
1058 1057 1056
1049 1050 1059
1060 1059 1050
1049 1061 1054
1049 1059 1061
1056 1054 1061
1060 1062 1059
1062 1061 1059
1063 1062 1060
1062 1064 1061
1064 1056 1061
1063 1065 1062
1064 1062 1065
1065 1063 1066
1058 1056 1067
1067 1068 1058
1067 1069 1068
1064 1070 1056
1067 1056 1070
1069 1067 1071
1067 1070 1071
1069 1071 1072
1064 1065 1073
1070 1064 1073
1065 1066 1074
1073 1065 1074
1074 1066 1075
1076 1072 1071
1076 1077 1072
1071 1070 1078
1070 1073 1078
1071 1078 1076
1074 1075 1079
1080 1079 1075
1073 1074 1081
1078 1073 1081
1079 1081 1074
1082 1077 1076
1082 1083 1077
1076 1078 1084
1078 1081 1084
1076 1084 1082
1080 1085 1079
1086 1085 1080
1079 1087 1081
1084 1081 1087
1085 1087 1079
1088 1083 1082
1088 1089 1083
1082 1084 1090
1084 1087 1090
1082 1090 1088
1086 1091 1085
1092 1091 1086
1085 1093 1087
1093 1090 1087
1093 1085 1091
1089 1088 1094
1089 1094 1095
1088 1090 1096
1093 1096 1090
1088 1096 1094
1092 1097 1091
1098 1097 1092
1093 1091 1099
1099 1096 1093
1099 1091 1097
1100 1095 1094
1100 1101 1095
1102 1094 1096
1099 1102 1096
1102 1100 1094
1098 1103 1097
1103 1098 1104
1099 1097 1105
1105 1102 1099
1103 1105 1097
1106 1100 1102
1105 1106 1102
1107 1101 1100
1106 1107 1100
1103 1104 1108
1108 1104 1109
1108 1109 1110
1103 1111 1105
1111 1106 1105
1108 1111 1103
1112 1108 1110
1108 1112 1111
1112 1110 1113
1111 1114 1106
1114 1111 1112
1114 1107 1106
1113 1115 1112
1114 1112 1115
1113 1116 1115
1117 1115 1116
1117 1118 1115
1119 1118 1117
1119 1120 1118
1115 1118 1121
1120 1121 1118
1115 1121 1114
1120 1122 1121
1114 1121 1123
1123 1121 1122
1114 1123 1107
1123 1122 1124
1123 1125 1107
1125 1123 1124
1107 1125 1101
1125 1124 1126
1127 1101 1125
1126 1127 1125
1126 1128 1127
1129 1130 1131
1132 1129 1131
1132 1133 1129
1134 1133 1132
1134 1135 1133
1136 1135 1134
1136 1137 1135
1137 1136 1138
1139 1140 1141
1139 1141 1142
1143 1142 1141
1143 1144 1142
1143 1145 1144
1143 1146 1145
1147 1145 1146
1147 1146 1148
1149 1147 1148
1149 1148 1150
1151 1149 1150
1151 1150 1152
1153 1151 1152
1153 1152 1154
1154 1155 1153
1154 1156 1155
1156 1157 1155
1156 1158 1157
1159 1157 1158
1159 1158 1160
1161 1159 1160
1161 1160 1162
1163 1164 1165
1163 1165 1166
1166 1167 1163
1166 1168 1167
1167 1168 1169
1167 1169 1170
1171 1170 1169
1171 1172 1170
1172 1171 1173
1172 1173 1174
1174 1173 1175
1174 1175 1176
1177 1176 1175
1177 1178 1176
1178 1177 1179
1178 1179 1180
1180 1179 1181
1180 1181 1182
1183 1182 1181
1183 1181 1184
1184 1185 1183
1184 1186 1185
1187 1188 1189
1187 1189 1190
1191 1192 1189
1191 1193 1192
1193 1194 1192
1193 1195 1194
1195 1196 1194
1195 1197 1196
1197 1198 1196
1197 1199 1198
1199 1200 1198
1199 1201 1200
1201 1202 1200
1201 1203 1202
1203 1204 1202
1203 1205 1204
1205 1206 1204
1205 1207 1206
1207 1208 1206
1207 1209 1208
1209 1210 1208
1209 1211 1210
1212 1213 1214
1212 1190 1213
1215 1213 1216
1215 1216 1217
1217 1216 1218
1217 1218 1219
1219 1218 1220
1219 1220 1221
1221 1220 1222
1221 1222 1223
1223 1222 1224
1223 1224 1225
1225 1224 1226
1225 1226 1227
1227 1226 1228
1227 1228 1229
1229 1228 1230
1229 1230 1231
1231 1230 1232
1231 1232 1233
1234 1233 1232
1234 1232 1235
1236 1237 1238
1236 1239 1237
1240 1237 1239
1240 1239 1241
1240 1241 1242
1240 1242 1243
1244 1243 1242
1244 1245 1243
1246 1245 1244
1246 1247 1245
1248 1247 1246
1248 1249 1247
1250 1249 1248
1250 1251 1249
1251 1250 1252
1251 1252 1253
1253 1252 1254
1253 1254 1255
1256 1255 1254
1256 1257 1255
1257 1256 1258
1257 1258 1259
1260 1261 1262
1260 1263 1261
1263 1260 1264
1263 1264 1265
1264 1266 1265
1264 1267 1266
1268 1266 1267
1268 1267 1269
1269 1270 1268
1269 1271 1270
1271 1272 1270
1271 1273 1272
1274 1272 1273
1274 1273 1275
1276 1274 1275
1276 1275 1277
1277 1278 1276
1277 1279 1278
1278 1279 1280
1278 1280 1281
1281 1280 1282
1281 1282 1283
1284 1285 1286
1284 1287 1285
1288 1289 1287
1288 1290 1289
1291 1292 1289
1291 1293 1292
1293 1294 1292
1293 1295 1294
1295 1296 1294
1295 1297 1296
1297 1298 1296
1297 1299 1298
1299 1300 1298
1299 1301 1300
1301 1302 1300
1301 1303 1302
1303 1304 1302
1303 1305 1304
1305 1306 1304
1305 1307 1306
1307 1308 1306
1307 1309 1308
1310 1308 1309
1310 1311 1308
1312 1313 1314
1312 1314 1315
1315 1314 1316
1315 1316 1317
1317 1316 1318
1317 1318 1319
1319 1318 1320
1319 1320 1321
1321 1320 1322
1321 1322 1323
1323 1322 1324
1323 1324 1325
1325 1324 1326
1325 1326 1327
1327 1326 1328
1327 1328 1329
1329 1328 1330
1329 1330 1331
1332 1331 1330
1332 1333 1331
1334 1335 1336
1334 1337 1335
1338 1337 1334
1339 1337 1338
1340 1337 1339
1340 1341 1337
1342 1341 1340
1342 1343 1341
1344 1343 1342
1344 1345 1343
1344 1346 1345
1347 1345 1346
1347 1348 1345
1349 1348 1347
1349 1350 1348
1351 1350 1349
1352 1350 1351
1341 1353 1337
1343 1354 1341
1341 1354 1353
1355 1343 1345
1343 1355 1354
1348 1356 1345
1355 1345 1356
1337 1353 1357
1337 1357 1335
1358 1357 1353
1358 1353 1359
1359 1353 1354
1360 1358 1359
1361 1354 1355
1359 1354 1361
1360 1359 1362
1362 1359 1361
1362 1363 1360
1361 1355 1364
1356 1364 1355
1362 1361 1364
1348 1365 1356
1350 1365 1348
1356 1366 1364
1366 1356 1365
1362 1364 1367
1367 1364 1366
1362 1368 1363
1367 1368 1362
1367 1366 1369
1369 1368 1367
1366 1365 1370
1370 1369 1366
1350 1371 1365
1370 1365 1371
1368 1372 1363
1373 1363 1372
1371 1350 1374
1352 1374 1350
1373 1372 1375
1373 1375 1376
1370 1377 1369
1369 1378 1368
1378 1369 1377
1370 1371 1379
1379 1377 1370
1371 1374 1380
1379 1371 1380
1352 1381 1374
1380 1374 1381
1382 1381 1352
1382 1352 1383
1384 1382 1383
1385 1382 1384
1386 1382 1385
1387 1368 1378
1368 1387 1372
1382 1386 1388
1388 1386 1389
1390 1372 1387
1390 1375 1372
1391 1388 1389
1391 1389 1392
1391 1393 1388
1391 1394 1393
1393 1394 1395
1396 1393 1395
1396 1395 1397
1396 1397 1398
1382 1388 1399
1399 1375 1390
1388 1393 1400
1388 1400 1399
1399 1400 1375
1376 1375 1400
1382 1399 1401
1390 1401 1399
1401 1381 1382
1402 1400 1393
1402 1393 1396
1376 1400 1402
1390 1403 1401
1387 1403 1390
1401 1404 1381
1403 1404 1401
1380 1381 1404
1387 1405 1403
1387 1378 1405
1403 1406 1404
1406 1380 1404
1406 1403 1405
1378 1407 1405
1378 1377 1407
1406 1408 1380
1379 1380 1408
1406 1405 1409
1408 1406 1409
1405 1407 1409
1408 1409 1410
1379 1408 1410
1409 1407 1410
1379 1411 1377
1411 1407 1377
1379 1410 1411
1410 1407 1411
1412 1413 1335
1412 1335 1414
1415 1412 1414
1416 1415 1414
1414 1335 1417
1418 1416 1414
1414 1417 1419
1420 1419 1417
1418 1414 1421
1421 1414 1419
1422 1418 1421
1420 1423 1419
1424 1423 1420
1422 1421 1425
1426 1422 1425
1421 1419 1427
1423 1427 1419
1425 1421 1427
1424 1428 1423
1428 1424 1429
1426 1425 1430
1426 1430 1431
1432 1431 1430
1425 1427 1433
1433 1430 1425
1423 1434 1427
1428 1434 1423
1434 1433 1427
1432 1430 1435
1436 1432 1435
1434 1437 1433
1428 1437 1434
1433 1438 1430
1435 1430 1438
1438 1433 1437
1436 1435 1439
1440 1436 1439
1441 1440 1439
1435 1438 1442
1439 1435 1442
1438 1437 1443
1443 1442 1438
1428 1444 1437
1444 1443 1437
1444 1428 1445
1428 1429 1445
1444 1446 1443
1446 1444 1445
1443 1447 1442
1447 1443 1446
1439 1442 1448
1447 1448 1442
1441 1439 1449
1448 1449 1439
1445 1429 1450
1451 1450 1429
1451 1452 1450
1451 1376 1452
1376 1453 1452
1376 1402 1453
1402 1454 1453
1402 1396 1454
1447 1455 1448
1448 1456 1449
1455 1456 1448
1455 1447 1457
1447 1446 1457
1456 1458 1449
1441 1449 1458
1459 1441 1458
1459 1460 1441
1461 1460 1459
1462 1461 1459
1463 1462 1459
1464 1457 1446
1446 1445 1464
1465 1463 1459
1465 1466 1463
1467 1464 1445
1445 1450 1467
1468 1466 1465
1468 1469 1466
1470 1467 1450
1470 1450 1452
1468 1465 1454
1468 1454 1471
1454 1472 1471
1396 1472 1454
1396 1473 1472
1396 1474 1473
1465 1453 1454
1475 1452 1453
1465 1475 1453
1475 1470 1452
1459 1475 1465
1459 1476 1475
1470 1475 1476
1476 1459 1458
1470 1476 1477
1467 1470 1477
1476 1458 1478
1477 1476 1478
1456 1478 1458
1467 1477 1479
1467 1479 1464
1477 1478 1480
1480 1478 1456
1480 1479 1477
1464 1479 1481
1464 1481 1457
1480 1456 1482
1455 1482 1456
1480 1483 1479
1483 1480 1482
1479 1483 1481
1483 1482 1484
1484 1482 1455
1483 1484 1481
1455 1457 1485
1484 1455 1485
1485 1457 1481
1484 1485 1481
1486 1487 1488
1486 1489 1487
1490 1489 1486
1490 1486 1491
1492 1490 1491
1493 1494 1495
1494 1496 1495
1494 1497 1496
1498 1496 1497
1498 1499 1496
1500 1499 1498
1500 1501 1499
1501 1500 1502
1501 1502 1503
1503 1502 1504
1501 1505 1499
1501 1506 1505
1503 1506 1501
1507 1499 1505
1507 1508 1499
1508 1507 1509
1508 1509 1510
1510 1509 1511
1510 1511 1512
1512 1511 1513
1503 1514 1506
1514 1503 1515
1503 1504 1515
1514 1515 1516
1504 1517 1515
1517 1516 1515
1504 1518 1517
1517 1519 1516
1520 1517 1518
1519 1517 1520
1520 1518 1521
1519 1520 1522
1523 1520 1521
1522 1520 1523
1523 1521 1524
1522 1523 1525
1524 1526 1523
1526 1525 1523
1524 1527 1526
1526 1528 1525
1527 1529 1526
1528 1526 1529
1527 1530 1529
1528 1529 1531
1532 1529 1530
1531 1529 1532
1532 1530 1533
1531 1532 1534
1535 1532 1533
1536 1534 1532
1535 1536 1532
1536 1537 1534
1536 1535 1538
1537 1536 1539
1539 1536 1538
1537 1539 1540
1538 1541 1539
1540 1539 1541
1542 1543 1544
1545 1543 1542
1545 1542 1546
1547 1545 1546
1547 1546 1548
1548 1549 1547
1548 1550 1549
1551 1549 1550
1551 1550 1552
1551 1552 1553
1551 1553 1554
1555 1554 1553
1555 1556 1554
1557 1556 1555
1557 1558 1556
1559 1558 1557
1559 1557 1560
1561 1559 1560
1561 1560 1562
1562 1563 1561
1564 1565 1566
1564 1566 1567
1568 1564 1567
1568 1569 1564
1570 1569 1568
1571 1572 1573
1573 1572 1574
1573 1574 1575
1576 1575 1574
1576 1574 1577
1578 1576 1577
1578 1577 1579
1579 1580 1578
1579 1581 1580
1581 1582 1580
1579 1577 1583
1579 1583 1584
1581 1579 1584
1585 1583 1577
1585 1577 1586
1586 1587 1585
1586 1588 1587
1588 1589 1587
1588 1590 1589
1590 1591 1589
1581 1584 1592
1592 1593 1581
1581 1593 1582
1592 1594 1593
1582 1593 1595
1595 1593 1594
1582 1595 1596
1595 1594 1597
1598 1596 1595
1597 1598 1595
1598 1599 1596
1597 1600 1598
1601 1599 1598
1600 1601 1598
1601 1602 1599
1600 1603 1601
1602 1601 1604
1604 1601 1603
1602 1604 1605
1604 1603 1606
1605 1604 1607
1606 1607 1604
1605 1607 1608
1606 1609 1607
1610 1608 1607
1609 1610 1607
1610 1611 1608
1609 1612 1610
1613 1611 1610
1614 1610 1612
1613 1610 1614
1614 1612 1615
1614 1616 1613
1615 1617 1614
1617 1616 1614
1615 1618 1617
1616 1617 1619
1618 1619 1617
1620 1621 1622
1621 1623 1622
1621 1624 1623
1625 1623 1624
1625 1624 1626
1626 1627 1625
1626 1628 1627
1629 1627 1628
1629 1628 1630
1629 1630 1631
1629 1631 1632
1631 1633 1632
1631 1634 1633
1634 1635 1633
1634 1636 1635
1635 1636 1637
1638 1639 1640
1640 1639 1641
1640 1641 1642
1643 1642 1641
1643 1644 1642
1644 1643 1645
1644 1645 1646
1647 1646 1645
1647 1648 1646
1647 1649 1648
1647 1650 1649
1649 1650 1651
1649 1651 1652
1652 1651 1653
1652 1653 1654
1653 1655 1654
1656 1657 1658
1656 1658 1659
1658 1660 1659
1658 1661 1660
1661 1662 1660
1660 1662 1663
1664 1660 1663
1664 1663 1665
1664 1665 1666
1664 1666 1667
1668 1667 1666
1668 1666 1669
1663 1662 1670
1670 1662 1671
1672 1663 1670
1672 1670 1673
1672 1673 1674
1672 1674 1675
1675 1674 1676
1675 1676 1677
1678 1670 1671
1678 1671 1679
1680 1678 1679
1680 1681 1678
1682 1681 1680
1682 1683 1681
1684 1685 1686
1684 1686 1687
1687 1686 1688
1687 1688 1689
1689 1688 1690
1689 1690 1691
1690 1692 1691
1691 1692 1693
1694 1691 1693
1694 1695 1691
1695 1694 1696
1695 1696 1697
1698 1692 1690
1699 1692 1698
1700 1698 1690
1701 1699 1698
1700 1702 1698
1701 1703 1699
1704 1702 1700
1704 1705 1702
1704 1706 1705
1704 1707 1706
1703 1701 1708
1703 1708 1709
1710 1709 1708
1710 1708 1711
1712 1713 1714
1712 1697 1713
1715 1716 1717
1715 1717 1656
1718 1719 1720
1721 1718 1720
1719 1722 1720
1723 1721 1720
1722 1724 1720
1725 1723 1720
1724 1726 1720
1727 1725 1720
1726 1728 1720
1729 1727 1720
1728 1730 1720
1730 1729 1720
1731 1732 1733
1734 1731 1733
1732 1735 1733
1736 1734 1733
1735 1737 1733
1738 1736 1733
1737 1739 1733
1740 1738 1733
1739 1741 1733
1742 1740 1733
1741 1743 1733
1743 1742 1733
136 135 1744
136 1744 146
1745 1744 135
1745 135 1746
1747 1745 1746
133 1746 135
1748 1746 133
133 131 1748
1747 1746 1749
1748 1749 1746
1747 1749 1750
1748 1750 1749
1751 146 1744
1752 1744 1745
1752 1751 1744
1753 1745 1747
1753 1752 1745
1751 1754 146
146 1754 147
1754 1755 147
1751 1756 1754
1754 1756 1755
1757 1751 1752
1751 1757 1756
1758 1752 1753
1757 1752 1758
1759 1755 1756
1757 1760 1756
1759 1756 1760
1761 1757 1758
1761 1760 1757
1762 1755 1759
1762 1763 1755
1763 1762 1764
1763 1764 1765
1759 1766 1762
1766 1764 1762
1760 1767 1759
1759 1767 1766
1765 1764 1768
1765 1768 1769
1761 1770 1760
1760 1770 1767
1766 1771 1764
1768 1764 1771
1771 1766 1772
1768 1771 1773
1774 1772 1766
1774 1766 1767
1775 1774 1767
1775 1767 1770
1768 1773 1776
1769 1768 1776
1769 1776 1777
1778 1777 1776
1770 1779 1775
1778 1780 1777
1781 1780 1778
1770 1761 1779
1781 1782 1780
1783 1782 1781
1784 1780 1782
1761 1785 1779
1761 1758 1785
1783 1786 1782
1787 1786 1783
1784 1782 1788
1788 1782 1786
1788 1789 1784
1785 1790 1779
1790 1791 1779
1785 1758 1792
1785 1792 1790
1758 1753 1792
1787 1793 1786
1794 1793 1787
1788 1795 1789
1796 1789 1795
1788 1786 1797
1797 1786 1793
1795 1788 1797
1798 1790 1792
1753 1798 1792
1794 1799 1793
1800 1799 1794
1796 1795 1801
1802 1796 1801
1795 1797 1803
1801 1795 1803
1797 1793 1804
1804 1793 1799
1803 1797 1804
1802 1801 1805
1805 1806 1802
1801 1803 1807
1805 1801 1807
1803 1804 1808
1807 1803 1808
1805 1809 1806
1810 1806 1809
1805 1807 1811
1809 1805 1811
1810 1809 1812
1812 1813 1810
1804 1799 1814
1814 1808 1804
1807 1808 1815
1811 1807 1815
1809 1811 1816
1816 1812 1809
1812 1817 1813
1818 1813 1817
1811 1815 1819
1816 1811 1819
1816 1820 1812
1817 1812 1820
1817 1821 1818
283 1818 1821
283 1821 296
1817 1822 1821
296 1821 1822
1816 1819 1823
1823 1820 1816
1817 1820 1824
1817 1824 1822
296 1822 1825
293 296 1825
293 1825 297
1825 1822 1826
1822 1824 1826
297 1825 1827
1825 1826 1827
1823 1828 1820
1828 1824 1820
1824 1829 1826
1827 1826 1829
297 1827 1830
299 297 1830
1831 299 1830
1832 1830 1827
1827 1829 1832
1831 1830 1833
1832 1833 1830
1834 1831 1833
1824 1835 1829
1828 1835 1824
1836 1832 1829
1829 1835 1836
1834 1833 1837
1838 1834 1837
1839 1833 1832
1836 1839 1832
1839 1837 1833
1840 1836 1835
1840 1839 1836
1828 1841 1835
1840 1835 1841
1838 1837 1842
1842 1843 1838
1844 1837 1839
1840 1844 1839
1844 1842 1837
1828 1845 1841
1845 1828 1823
1842 1846 1843
1846 1847 1843
1846 1848 1847
1849 1847 1848
1850 1846 1842
1850 1848 1846
1842 1844 1851
1842 1851 1850
1852 1844 1840
1852 1851 1844
1853 1840 1841
1853 1852 1840
1851 1852 1854
1852 1853 1854
1850 1851 1855
1851 1854 1855
1850 1856 1848
1850 1855 1856
1849 1848 1857
1856 1857 1848
1858 1849 1857
1858 1859 1849
1858 424 1859
1856 1860 1857
1858 1857 1860
1856 1855 1861
1856 1861 1860
1855 1854 616
1855 616 1861
611 616 1854
1854 1853 611
1861 616 578
610 611 1853
1861 578 1862
1860 1861 1862
576 1862 578
1853 1863 610
1853 1841 1863
609 610 1863
1863 1841 1845
609 1863 1864
1863 1845 1864
609 1864 614
1860 1862 1865
1858 1860 1865
1866 1862 576
1866 1865 1862
1858 1865 1866
443 1866 576
1858 1866 1867
443 1867 1866
1858 1867 424
443 423 1867
424 1867 423
1868 1864 1845
1845 1823 1868
1868 1823 1819
1869 614 1864
1868 1869 1864
1869 617 614
1868 1819 1870
1870 1869 1868
1870 1819 1815
617 1869 1871
1870 1871 1869
617 1871 620
1870 1815 1872
1872 1871 1870
1808 1872 1815
620 1871 1873
1872 1873 1871
620 1873 633
1808 1874 1872
1873 1872 1874
1814 1874 1808
633 1873 1875
1873 1874 1875
633 1875 646
1874 1814 1876
1874 1876 1875
1799 1876 1814
1877 646 1875
1877 1875 1876
1799 1878 1876
1800 1878 1799
1878 1800 1879
1876 1878 1880
1878 1879 1880
1876 1880 1877
1881 1880 1879
1877 1880 1881
1881 1879 1882
1883 646 1877
1877 1881 1883
1883 653 646
1881 1882 1884
1882 1885 1884
1886 1884 1885
1887 653 1883
1887 718 653
1883 1881 1888
1881 1884 1888
1883 1888 1887
1886 1889 1884
1889 1886 1890
1891 1888 1884
1891 1884 1889
1892 1891 1889
1889 1890 1893
1892 1889 1893
1893 1890 1894
1895 1892 1893
1893 1894 1896
1895 1893 1896
1896 1894 1897
1898 1895 1896
1899 1887 1888
1900 1899 1888
1901 1899 1900
1896 1897 1902
1898 1896 1902
1903 1902 1897
1898 1902 1903
1903 1897 1904
1898 1903 1905
1906 1903 1904
1906 1905 1903
1906 1904 1907
1906 1908 1905
1907 1909 1906
1908 1906 1909
1907 1910 1909
1908 1909 1911
1912 1909 1910
1912 1911 1909
1912 1910 1913
1913 1914 1912
1913 1915 1914
1791 1914 1915
1912 1916 1911
1914 1916 1912
1791 1917 1914
1914 1918 1916
1917 1918 1914
1791 1919 1917
1790 1919 1791
1798 1919 1790
1919 1920 1917
1919 1798 1920
1917 1920 1918
1921 1920 1798
1753 1921 1798
1747 1921 1753
1922 1918 1920
1921 1922 1920
1923 1916 1918
1922 1923 1918
1924 1911 1916
1923 1924 1916
1747 1925 1921
1925 1922 1921
1923 1922 1926
1925 1926 1922
1747 1927 1925
1750 1927 1747
1924 1928 1911
1929 1911 1928
1924 1923 1930
1923 1926 1930
1926 1925 1931
1931 1925 1927
1924 1930 1932
1928 1924 1932
1926 1933 1930
1931 1933 1926
1933 1932 1930
1929 1928 1934
1934 1935 1929
1928 1932 1936
1934 1928 1936
1933 1937 1932
1937 1936 1932
1931 1938 1933
1937 1933 1938
1927 1939 1931
1939 1938 1931
1940 1939 1927
1750 1940 1927
1941 1940 1750
1748 1941 1750
1942 1941 1748
1942 1748 131
1941 1943 1940
1941 1942 1943
1939 1940 1944
1944 1940 1943
1939 1945 1938
1944 1945 1939
1937 1938 1946
1946 1938 1945
1942 131 1947
131 132 1947
1947 132 1948
1949 1947 1948
1949 1950 1947
1942 1947 1950
1951 1950 1949
1952 1942 1950
1951 1952 1950
1952 1943 1942
1952 1951 1953
1954 1943 1952
1952 1953 1954
1944 1943 1954
1953 1955 1954
1954 1956 1944
1944 1956 1945
1954 1955 1956
1956 1957 1945
1946 1945 1957
1955 1958 1956
1956 1958 1957
1955 1959 1958
1960 1958 1959
1960 1959 737
737 735 1960
1957 1958 1961
1961 1958 1960
1962 1946 1957
1962 1957 1961
1961 1960 1963
1963 1960 735
1962 1961 1963
1964 1946 1962
1964 1937 1946
1937 1964 1936
1962 1963 1965
1964 1962 1965
1963 735 1966
1965 1963 1966
1964 1967 1936
1934 1936 1967
735 1968 1966
733 1968 735
1965 1966 1969
1969 1966 1968
1964 1965 1970
1964 1970 1967
1969 1970 1965
1967 1971 1934
1934 1971 1935
733 1972 1968
733 724 1972
1969 1968 1973
1973 1968 1972
1974 1972 724
1973 1972 1974
1974 724 721
1975 1967 1970
1967 1975 1971
1969 1976 1970
1973 1976 1969
1975 1970 1976
1973 1977 1976
1974 1977 1973
1977 1975 1976
721 1978 1974
1974 1978 1977
721 720 1978
1977 1979 1975
1978 1979 1977
1971 1975 1979
720 1980 1978
1978 1980 1979
720 722 1980
1971 1979 1981
1980 1981 1979
722 1982 1980
1980 1982 1981
1971 1981 1983
1971 1983 1935
1983 1984 1935
1981 1985 1983
1985 1984 1983
1981 1982 1985
1985 1986 1984
722 1987 1982
1985 1982 1987
719 1987 722
1986 1985 1988
1985 1987 1988
1986 1988 1901
1901 1988 1899
719 1989 1987
1988 1987 1989
1988 1989 1899
1989 719 718
1899 1989 1887
1989 718 1887
1990 1991 1992
1993 1990 1992
1990 1994 1991
1994 1995 1991
1993 1996 1990
1997 1996 1993
1996 1997 1990
1997 1993 1998
1999 1997 1998
1999 2000 1997
2001 2000 1999
1997 2000 2001
1997 2001 1990
2001 1999 2002
2003 2001 2002
2004 1990 2001
2003 2004 2001
2004 1994 1990
2004 2003 2005
1994 2006 1995
2004 2006 1994
2004 2005 2007
2004 2007 2006
2007 2005 2008
2009 1995 2006
2007 2009 2006
2009 2010 1995
2007 2008 2011
2007 2011 2009
2012 2010 2009
2012 2009 2011
2012 2013 2010
2013 2012 2014
2013 2014 2015
2016 2015 2014
2017 2011 2008
2012 2011 2017
2017 2014 2012
2017 2008 2018
2018 2019 2017
2017 2019 2014
2018 2020 2019
2021 2019 2020
2021 2022 2019
2022 2014 2019
2022 2021 2023
2016 2014 2024
2022 2024 2014
2024 2025 2016
2022 2023 2026
2024 2022 2026
2024 2027 2025
2024 2026 2027
2027 2028 2025
2029 2026 2023
2029 2027 2026
2029 2023 2030
2027 2031 2028
2029 2031 2027
2030 2032 2029
2032 2031 2029
2030 2033 2032
2028 2031 2034
2032 2034 2031
2032 2035 2034
2028 2034 2036
2036 2034 2035
2036 2035 2037
2038 2037 2035
2033 2039 2032
2032 2039 2035
2033 2040 2039
2039 2040 2041
2038 2035 2042
2043 2038 2042
2042 2035 2043
2035 2039 2043
2043 2044 2038
2041 2044 2043
2039 2041 2045
2041 2043 2045
2039 2045 2043
2046 2047 2048
2048 2047 2049
2046 2048 2050
2051 2046 2050
2051 2050 2052
2053 2051 2052
2048 2049 2054
2054 2049 2055
2050 2048 2056
2050 2056 2052
2053 2052 2057
2054 2055 2058
2059 2058 2055
2048 2054 2060
2048 2060 2056
2060 2054 2058
2061 2057 2052
2061 2052 2056
2059 2062 2058
2062 2059 2063
2060 2058 2064
2064 2058 2062
2060 2064 2065
2056 2060 2066
2056 2066 2061
2060 2065 2066
2061 2067 2057
2068 2057 2067
2064 2062 2069
2065 2064 2069
2062 2063 2070
2069 2062 2070
2063 2071 2070
2069 2070 2071
2063 2072 2071
2073 2061 2066
2061 2073 2067
2068 2067 2074
2074 2067 2075
2075 2067 2073
2074 2075 2076
2076 2075 2077
2075 2073 2077
2076 2077 2078
2077 2079 2078
2073 2066 2080
2077 2073 2080
2080 2066 2065
2077 2081 2079
2077 2080 2081
2081 2082 2079
2081 2083 2082
2080 2083 2081
2084 2082 2083
2080 2085 2083
2080 2065 2085
2084 2083 2086
2085 2086 2083
2086 2087 2084
2065 2088 2085
2085 2088 2086
2086 2089 2087
2088 2089 2086
2087 2089 2090
2088 2090 2089
2087 2090 2091
2065 2092 2088
2090 2088 2092
2065 2069 2092
2071 2092 2069
2093 2091 2090
2090 2092 2093
2071 2093 2092
2093 2094 2091
2093 2071 2072
2093 2072 2095
2096 2097 2094
2096 2095 2098
2096 2099 2097
2097 2099 2100
2097 2100 2101
2101 2100 2102
2101 2102 2103
2104 2100 2099
2104 2102 2100
2099 2096 2105
2099 2105 2104
2096 2098 2106
2106 2105 2096
2107 2103 2102
2107 2108 2103
2107 2109 2108
2102 2104 2110
2102 2110 2107
2098 2111 2106
2098 2112 2111
2106 2113 2105
2113 2106 2111
2114 2104 2105
2114 2110 2104
2114 2105 2113
2115 2110 2114
2112 2116 2111
2113 2111 2116
2112 2117 2116
2114 2113 2118
2116 2118 2113
2115 2114 2118
2119 2116 2117
2116 2119 2118
2119 2117 2120
2119 2120 2121
2122 2118 2119
2115 2118 2122
2119 2121 2123
2122 2119 2123
2124 2123 2121
2124 2125 2123
2125 2122 2123
2126 2125 2124
2125 2127 2122
2115 2122 2127
2126 2128 2125
2128 2127 2125
2128 2126 2129
2128 2130 2127
2128 2129 2130
2130 2131 2127
2115 2127 2131
2132 2130 2129
2130 2132 2131
2132 2129 2053
2115 2131 2133
2134 2131 2132
2134 2133 2131
2132 2135 2134
2132 2068 2135
2136 2134 2135
2136 2133 2134
2136 2135 2137
2137 2138 2136
2136 2138 2133
2137 2139 2138
2115 2133 2140
2138 2140 2133
2115 2140 2110
2140 2107 2110
2139 2141 2138
2138 2141 2140
2140 2141 2107
2139 2109 2141
2107 2141 2109
2142 2143 2144
2144 2143 2145
2142 2144 2146
2146 2147 2142
2146 2148 2147
2148 2149 2147
2148 2150 2149
2150 2151 2149
2146 2152 2148
2148 2153 2150
2148 2152 2153
2150 2154 2151
2154 2150 2153
2155 2146 2144
2146 2155 2152
2151 2154 2156
2151 2156 2157
2158 2157 2156
2159 2156 2154
2158 2156 2159
2160 2159 2154
2154 2153 2160
2161 2158 2159
2160 2161 2159
2161 2162 2158
2163 2162 2161
2163 2161 2160
2153 2163 2160
2153 2164 2163
2152 2164 2153
2152 2165 2164
2155 2165 2152
2155 2166 2165
2166 2155 2167
2166 2167 2168
2155 2144 2167
2169 2168 2167
2169 2170 2168
2171 2170 2169
2172 2167 2144
2172 2169 2167
2144 2145 2172
2171 2169 2173
2172 2173 2169
2173 2174 2171
2175 2172 2145
2172 2175 2173
2175 2145 2176
2177 2175 2176
2173 2178 2174
2178 2173 2175
2179 2174 2178
2177 2180 2175
2178 2175 2180
2181 2180 2177
2179 2178 2182
2180 2182 2178
2183 2179 2182
2181 2184 2180
2180 2184 2182
2185 2184 2181
2183 2182 2186
2184 2186 2182
2187 2183 2186
2185 2188 2184
2184 2188 2186
2189 2188 2185
2190 2186 2188
2189 2190 2188
2187 2186 2191
2190 2191 2186
2192 2190 2189
2192 2189 2193
2194 2192 2193
2190 2192 2195
2191 2190 2195
2194 2195 2192
2196 2187 2191
2191 2195 2196
2196 2195 2194
2196 2197 2187
2196 2194 2197
2198 2199 2200
2200 2199 2201
2202 2200 2201
2198 2200 2203
2203 2200 2202
2203 2204 2198
2203 2202 2205
2203 2206 2204
2205 2206 2203
2205 2207 2206
2208 2204 2206
2209 2206 2207
2208 2206 2210
2209 2210 2206
2211 2208 2210
2212 2210 2209
2211 2210 2213
2212 2213 2210
2213 2214 2211
2213 2212 2215
2213 2216 2214
2213 2215 2216
2214 2216 2217
2216 2215 2217
2218 2219 2220
2218 2221 2219
2218 2220 2222
2222 2220 2223
2218 2224 2221
2224 2225 2221
2226 2218 2222
2226 2224 2218
2222 2223 2227
2226 2222 2227
2226 2228 2224
2224 2228 2225
2226 2227 2229
2227 2223 2230
2227 2230 2229
2228 2231 2225
2232 2229 2230
2228 2233 2231
2226 2233 2228
2233 2234 2231
2232 2235 2229
2226 2229 2235
2236 2235 2232
2233 2237 2234
2226 2237 2233
2238 2234 2237
2236 2239 2235
2226 2235 2239
2239 2236 2240
2238 2237 2241
2226 2241 2237
2242 2238 2241
2226 2239 2243
2239 2240 2243
2226 2244 2241
2242 2241 2244
2226 2243 2245
2243 2240 2246
2243 2246 2245
2244 2247 2242
2248 2245 2246
2244 2249 2247
2226 2249 2244
2249 2250 2247
2249 2251 2250
2226 2251 2249
2251 2252 2250
2251 2253 2252
2226 2253 2251
2253 2254 2252
2253 2255 2254
2226 2255 2253
2256 2254 2255
2256 2255 2257
2257 2248 2256
2226 2257 2255
2226 2245 2258
2248 2258 2245
2226 2258 2257
2257 2258 2248
2259 2260 2261
2261 2262 2259
2260 2259 2263
2260 2263 2264
2264 2263 2265
2264 2265 2266
2267 2266 2265
2267 2265 2268
2269 2267 2268
2269 2268 2270
2271 2269 2270
2271 2270 2272
2273 2271 2272
2273 2272 2274
2275 2273 2274
2275 2274 2276
2274 2277 2276
2278 2275 2276
2278 2276 2279
2279 2276 2277
2280 2278 2279
2280 2279 2281
2282 2280 2281
2272 2283 2274
2274 2283 2277
2281 2279 2284
2279 2277 2284
2282 2281 2285
2286 2282 2285
2281 2284 2287
2285 2281 2287
2286 2285 2288
2289 2286 2288
2285 2287 2290
2288 2285 2290
2284 2291 2287
2277 2292 2284
2284 2292 2291
2292 2293 2291
2294 2293 2292
2277 2294 2292
2291 2293 2295
2287 2291 2295
2287 2295 2290
2277 2296 2294
2296 2293 2294
2277 2283 2296
2290 2295 2297
2295 2293 2297
2288 2290 2298
2290 2297 2298
2283 2299 2296
2299 2293 2296
2300 2288 2298
2289 2288 2300
2298 2297 2301
2297 2293 2301
2289 2300 2302
2289 2302 2303
2300 2298 2304
2298 2301 2304
2302 2300 2304
2301 2293 2305
2304 2301 2305
2303 2302 2306
2303 2306 2307
2302 2304 2308
2304 2305 2308
2306 2302 2308
2305 2293 2309
2308 2305 2309
2309 2293 2310
2310 2293 2311
2308 2309 2312
2306 2308 2312
2310 2312 2309
2307 2306 2313
2313 2306 2312
2307 2313 2314
2310 2315 2312
2313 2312 2315
2311 2315 2310
2314 2313 2316
2316 2313 2315
2314 2316 2317
2311 2318 2315
2316 2315 2318
2317 2316 2319
2319 2316 2318
2317 2319 2320
2321 2318 2311
2311 2293 2321
2321 2322 2318
2319 2318 2322
2320 2319 2323
2320 2323 2324
2322 2321 2325
2321 2293 2325
2319 2322 2326
2319 2326 2323
2322 2325 2326
2324 2323 2327
2327 2323 2326
2324 2327 2328
2326 2325 2329
2325 2293 2329
2328 2327 2330
2328 2330 2331
2332 2331 2330
2327 2326 2333
2326 2329 2333
2330 2327 2333
2332 2330 2334
2335 2332 2334
2333 2329 2336
2329 2293 2336
2330 2333 2337
2333 2336 2337
2334 2330 2337
2335 2334 2338
2339 2335 2338
2336 2293 2340
2337 2336 2340
2334 2337 2341
2337 2340 2341
2338 2334 2341
2340 2293 2342
2341 2340 2342
2342 2293 2343
2343 2293 2344
2341 2342 2345
2338 2341 2345
2345 2342 2343
2339 2338 2346
2346 2338 2345
2262 2339 2346
2345 2343 2347
2346 2345 2347
2347 2343 2344
2262 2346 2348
2348 2346 2347
2347 2344 2349
2348 2347 2349
2348 2350 2262
2350 2348 2349
2262 2350 2259
2349 2344 2351
2344 2293 2351
2350 2349 2352
2259 2350 2352
2349 2351 2352
2259 2352 2353
2263 2259 2353
2352 2351 2354
2352 2354 2353
2351 2293 2354
2263 2353 2355
2355 2353 2354
2265 2263 2355
2355 2354 2356
2354 2293 2356
2265 2355 2357
2357 2355 2356
2268 2265 2357
2356 2293 2358
2357 2356 2358
2268 2357 2359
2270 2268 2359
2360 2357 2358
2358 2293 2360
2360 2359 2357
2360 2293 2361
2361 2359 2360
2361 2293 2299
2270 2359 2362
2361 2362 2359
2299 2362 2361
2272 2270 2362
2299 2363 2362
2272 2362 2363
2283 2363 2299
2272 2363 2283
2364 2365 2366
2366 2367 2364
2365 2368 2366
2365 2369 2368
2369 2370 2368
2369 2371 2370
2372 2370 2371
2372 2373 2370
2374 2373 2372
2374 2375 2373
2376 2375 2374
2376 2377 2375
2378 2377 2376
2378 2379 2377
2380 2379 2378
2380 2381 2379
2379 2381 2382
2383 2381 2380
2383 2384 2381
2384 2382 2381
2385 2384 2383
2385 2386 2384
2387 2386 2385
2377 2379 2388
2379 2382 2388
2386 2389 2384
2384 2389 2382
2387 2390 2386
2391 2390 2387
2386 2392 2389
2390 2392 2386
2391 2393 2390
2394 2393 2391
2390 2395 2392
2393 2395 2390
2389 2392 2396
2382 2389 2397
2389 2396 2397
2397 2396 2398
2399 2397 2398
2382 2397 2399
2396 2400 2398
2392 2400 2396
2392 2395 2400
2382 2399 2401
2401 2399 2398
2382 2401 2388
2395 2402 2400
2400 2402 2398
2393 2403 2395
2395 2403 2402
2388 2401 2404
2404 2401 2398
2405 2403 2393
2394 2405 2393
2403 2406 2402
2402 2406 2398
2394 2407 2405
2394 2408 2407
2405 2409 2403
2403 2409 2406
2407 2409 2405
2406 2410 2398
2409 2410 2406
2408 2411 2407
2408 2412 2411
2407 2413 2409
2409 2413 2410
2411 2413 2407
2410 2414 2398
2413 2414 2410
2414 2415 2398
2415 2416 2398
2413 2417 2414
2411 2417 2413
2415 2414 2417
2412 2418 2411
2418 2417 2411
2412 2419 2418
2415 2417 2420
2418 2420 2417
2416 2415 2420
2419 2421 2418
2421 2420 2418
2419 2422 2421
2416 2420 2423
2421 2423 2420
2422 2424 2421
2424 2423 2421
2422 2425 2424
2426 2416 2423
2416 2426 2398
2426 2423 2427
2424 2427 2423
2425 2428 2424
2425 2429 2428
2427 2430 2426
2426 2430 2398
2424 2431 2427
2424 2428 2431
2427 2431 2430
2429 2432 2428
2432 2431 2428
2429 2433 2432
2431 2434 2430
2430 2434 2398
2433 2435 2432
2433 2436 2435
2437 2435 2436
2432 2438 2431
2431 2438 2434
2435 2438 2432
2437 2439 2435
2440 2439 2437
2438 2441 2434
2434 2441 2398
2435 2442 2438
2438 2442 2441
2439 2442 2435
2440 2443 2439
2444 2443 2440
2441 2445 2398
2442 2445 2441
2439 2446 2442
2442 2446 2445
2443 2446 2439
2445 2447 2398
2446 2447 2445
2447 2448 2398
2448 2449 2398
2446 2450 2447
2443 2450 2446
2450 2448 2447
2444 2451 2443
2451 2450 2443
2367 2451 2444
2450 2452 2448
2451 2452 2450
2452 2449 2448
2367 2453 2451
2453 2452 2451
2452 2454 2449
2453 2454 2452
2453 2367 2455
2455 2454 2453
2366 2455 2367
2454 2456 2449
2449 2456 2398
2455 2457 2454
2366 2457 2455
2454 2457 2456
2366 2458 2457
2368 2458 2366
2457 2459 2456
2457 2458 2459
2456 2459 2398
2368 2460 2458
2460 2459 2458
2370 2460 2368
2460 2461 2459
2459 2461 2398
2370 2462 2460
2462 2461 2460
2373 2462 2370
2461 2463 2398
2462 2463 2461
2373 2464 2462
2375 2464 2373
2465 2463 2462
2463 2465 2398
2465 2462 2464
2465 2466 2398
2466 2465 2464
2466 2404 2398
2375 2467 2464
2466 2464 2467
2404 2466 2467
2377 2467 2375
2404 2467 2468
2377 2468 2467
2388 2404 2468
2377 2388 2468
2469 2470 2471
2470 2472 2471
2473 2472 2470
2469 2474 2470
2474 2473 2470
2474 2469 2475
2474 2476 2473
2474 2475 2477
2476 2474 2477
2476 2477 2478
2479 2477 2475
2480 2478 2477
2479 2481 2477
2480 2477 2481
2482 2481 2479
2483 2480 2481
2482 2484 2481
2483 2481 2484
2484 2482 2485
2484 2486 2483
2484 2485 2487
2484 2487 2486
2485 2488 2487
2487 2488 2486
2489 2490 2491
2489 2491 2492
2489 2493 2490
2493 2494 2490
2489 2492 2495
2495 2492 2496
2497 2493 2489
2497 2489 2495
2493 2498 2494
2497 2498 2493
2497 2495 2499
2495 2496 2499
2497 2500 2498
2498 2501 2494
2498 2500 2501
2499 2496 2502
2503 2501 2500
2499 2502 2504
2497 2499 2504
2504 2502 2505
2503 2500 2506
2497 2506 2500
2507 2503 2506
2504 2505 2508
2497 2504 2508
2509 2508 2505
2507 2506 2510
2497 2510 2506
2510 2511 2507
2509 2512 2508
2497 2508 2512
2513 2512 2509
2497 2514 2510
2510 2514 2511
2497 2512 2515
2513 2515 2512
2497 2516 2514
2514 2517 2511
2514 2516 2517
2515 2513 2518
2519 2517 2516
2515 2518 2520
2497 2515 2520
2520 2518 2521
2520 2521 2522
2497 2520 2522
2522 2521 2523
2522 2523 2524
2497 2522 2524
2524 2523 2525
2524 2525 2526
2497 2524 2526
2527 2526 2525
2527 2528 2526
2528 2527 2519
2497 2526 2528
2497 2529 2516
2519 2516 2529
2497 2528 2529
2528 2519 2529
2530 2531 2532
2533 2530 2532
2531 2534 2532
2535 2533 2532
2534 2536 2532
2537 2535 2532
2536 2538 2532
2539 2537 2532
2538 2540 2532
2541 2539 2532
2540 2542 2532
2542 2541 2532
2543 2544 2545
2546 2543 2545
2544 2547 2545
2548 2546 2545
2547 2549 2545
2550 2548 2545
2549 2551 2545
2552 2550 2545
2551 2553 2545
2554 2552 2545
2553 2555 2545
2555 2554 2545
