byte offset: 0
first index: 0
index count: 12318
topology: trianglelist
format: DXGI_FORMAT_R16_UINT

0 1 2
3 4 5
6 7 8
9 10 11
12 13 14
12 15 13
15 12 16
15 16 17
16 18 17
16 19 18
20 21 22
20 23 21
24 21 23
24 23 25
26 24 25
26 25 27
28 29 30
28 31 29
32 31 28
32 28 33
34 32 33
34 35 32
36 37 38
36 39 37
39 40 37
39 41 40
41 42 40
41 43 42
44 45 46
44 46 47
47 48 44
47 49 48
50 48 49
50 51 48
52 51 50
52 53 51
53 52 54
53 54 55
56 55 54
56 57 55
58 57 56
58 59 57
60 59 58
60 61 59
60 62 61
60 63 62
64 62 63
64 65 62
64 66 65
64 67 66
68 66 67
68 67 69
68 69 70
69 71 70
70 71 72
70 72 73
73 72 74
75 76 77
75 78 76
79 76 78
79 80 76
80 79 81
80 81 82
82 81 83
82 83 84
84 83 85
84 85 86
86 85 87
86 87 88
89 88 87
89 87 90
90 91 89
90 92 91
92 93 91
92 94 93
94 95 93
94 96 95
96 97 95
96 98 97
99 100 101
99 102 100
102 103 100
102 104 103
105 103 104
106 100 103
106 107 100
106 103 108
105 109 103
110 109 105
110 105 111
108 103 112
108 112 113
108 113 114
108 114 115
116 115 114
116 117 115
118 117 116
118 116 119
118 119 120
118 120 121
121 120 122
121 122 123
123 122 124
123 124 125
125 124 126
125 126 127
127 126 128
127 128 129
128 130 129
128 131 130
132 130 131
132 131 133
132 133 134
132 134 135
136 135 134
136 137 135
138 139 140
138 140 141
142 138 141
142 141 143
144 142 143
144 143 145
145 146 144
145 147 146
147 148 146
147 149 148
150 151 152
150 152 153
154 153 152
154 155 153
156 155 154
156 157 155
158 157 156
158 159 157
160 161 162
163 161 160
163 160 164
163 164 165
163 165 166
167 166 165
167 165 168
169 167 168
169 170 167
171 170 169
171 172 170
173 172 171
173 174 172
174 173 175
174 175 176
175 177 176
175 178 177
177 178 179
177 179 180
181 180 179
182 183 184
182 184 185
186 187 188
186 188 189
190 186 189
190 191 186
192 193 194
192 195 193
195 192 196
195 196 197
198 193 195
198 199 193
200 199 198
200 201 199
202 200 198
202 203 200
204 205 206
206 207 204
208 207 206
208 209 207
208 210 209
208 211 210
211 212 210
211 213 212
214 215 216
214 216 217
218 219 220
218 220 221
222 218 221
222 221 223
224 225 226
224 226 227
228 224 227
228 227 229
230 231 232
230 232 233
234 235 236
234 236 237
238 234 237
238 237 239
240 241 242
240 242 243
244 240 243
244 243 245
246 247 248
246 249 247
250 249 246
250 251 249
250 252 251
250 253 252
254 252 253
253 255 254
256 257 258
256 258 259
260 256 259
260 259 261
262 260 261
262 261 263
264 262 263
264 263 265
264 265 266
267 264 266
267 266 268
267 268 269
267 269 270
271 267 270
264 267 272
264 272 273
274 264 273
273 272 275
274 273 276
276 277 274
273 275 278
278 276 273
276 279 277
280 277 279
278 281 276
279 276 281
279 281 282
280 279 283
283 279 282
283 284 280
283 282 285
283 286 284
286 283 285
286 287 284
286 285 288
286 289 287
288 289 286
288 290 289
291 289 292
291 293 289
293 291 294
293 295 289
293 296 295
293 294 297
297 296 293
297 298 296
298 297 299
298 299 300
301 300 299
301 302 300
299 303 301
299 304 303
305 301 303
302 301 306
305 306 301
302 306 307
306 305 308
307 306 309
306 308 309
310 309 308
307 309 311
311 309 310
305 312 308
305 313 312
314 313 305
312 313 315
314 316 313
317 316 314
317 318 316
319 318 317
319 320 318
321 320 319
321 322 320
322 323 320
322 324 323
323 325 320
320 325 326
320 326 318
326 327 318
318 327 328
316 318 328
329 316 328
316 329 330
313 316 330
331 313 330
313 331 332
333 334 335
333 335 336
337 336 335
337 335 338
339 340 341
339 341 342
341 343 342
343 344 342
343 345 344
345 346 344
345 347 346
347 348 346
348 349 346
349 350 346
349 351 350
350 351 352
353 350 352
353 352 354
353 354 355
356 353 355
356 355 357
358 353 356
358 359 353
359 350 353
359 360 350
360 346 350
360 361 346
361 344 346
361 278 344
278 342 344
278 275 342
275 362 342
362 275 363
362 363 364
339 342 362
339 362 365
362 364 365
339 365 366
367 366 365
368 365 364
367 365 368
367 368 312
367 312 369
367 369 370
369 312 371
308 312 368
368 372 308
368 364 372
310 308 372
364 310 372
364 373 310
310 373 374
375 310 374
375 374 376
375 311 310
374 377 376
378 377 374
379 378 374
364 378 379
364 380 378
380 381 378
380 382 381
378 381 383
378 383 377
383 384 377
384 385 377
377 385 376
311 375 386
386 387 311
311 387 388
311 388 389
311 389 390
311 390 307
390 391 307
307 391 392
307 392 393
393 392 394
393 394 395
395 394 396
395 396 397
397 396 398
397 398 399
375 400 386
401 386 400
402 401 400
400 375 376
376 402 400
402 403 401
404 403 402
405 404 402
405 406 404
407 406 405
407 405 408
409 407 408
409 408 410
405 410 408
411 405 402
405 411 410
411 402 412
412 402 376
412 376 413
414 412 413
376 415 413
410 414 416
414 413 416
415 417 413
415 271 417
413 417 418
413 418 419
413 419 416
416 419 420
421 416 420
422 410 416
421 422 416
423 410 422
423 422 421
424 425 426
424 426 427
428 429 430
431 428 430
432 431 430
431 432 433
434 431 433
435 434 433
434 435 436
437 434 436
438 437 436
437 438 439
440 437 439
441 440 439
440 441 442
443 440 442
444 443 442
445 443 444
445 444 446
445 447 443
447 448 443
447 449 448
443 450 440
443 448 450
449 451 448
449 452 451
448 451 453
448 453 450
450 453 454
440 450 455
450 454 455
440 455 437
455 454 456
437 455 457
455 456 457
437 457 434
457 456 458
434 457 459
457 458 459
459 458 460
434 459 431
459 460 461
431 459 461
431 461 428
428 461 462
461 463 462
461 464 463
462 463 465
462 465 466
466 465 467
428 462 468
468 462 466
466 467 469
469 467 470
471 428 468
471 472 428
473 471 468
474 473 468
468 466 475
474 468 475
475 466 469
476 474 475
477 476 475
477 475 478
475 469 478
479 477 478
480 479 478
469 470 481
478 469 481
481 470 482
480 478 483
478 481 483
484 480 483
485 484 483
481 482 486
483 481 486
486 482 487
486 487 488
485 483 489
483 486 489
489 486 488
489 488 490
491 485 489
492 489 490
492 491 489
492 493 491
494 495 496
494 497 495
498 499 497
498 500 499
501 502 495
499 503 501
501 503 502
499 504 503
504 505 506
504 506 507
507 508 502
507 509 508
510 511 512
510 512 513
513 512 514
513 514 515
515 514 516
515 516 517
517 516 518
517 518 519
519 518 520
519 520 521
521 520 522
522 520 523
524 523 520
524 525 523
524 526 525
526 527 525
524 528 526
528 529 526
530 529 528
526 529 531
526 531 532
531 533 532
531 534 533
534 535 533
534 536 535
536 537 535
536 538 537
538 539 537
538 540 539
540 541 539
530 542 529
542 543 529
530 544 542
530 545 544
545 546 544
546 545 547
547 545 548
547 548 549
550 549 548
550 548 551
552 550 551
552 551 553
554 552 553
554 553 555
556 554 555
556 555 557
558 559 560
559 558 561
562 559 561
562 561 563
562 563 564
562 564 565
565 564 566
565 566 567
568 569 570
568 570 571
572 573 574
572 575 573
576 573 575
576 575 577
578 579 580
578 581 579
579 581 582
579 582 583
584 585 586
584 587 585
585 587 588
585 588 589
590 591 592
590 593 591
591 593 594
591 594 595
596 597 598
596 599 597
597 599 600
597 600 601
602 603 604
602 604 605
606 602 605
606 605 607
606 607 608
606 608 609
610 609 608
609 610 611
612 613 614
612 614 615
616 617 618
616 618 619
620 621 622
620 622 623
623 622 624
623 624 625
625 624 626
625 626 627
627 626 628
627 628 629
629 628 630
629 630 631
631 630 632
631 632 633
633 634 635
633 635 636
636 635 637
636 637 638
638 637 639
638 639 640
640 639 641
640 641 642
642 641 643
642 643 644
644 643 645
644 645 646
647 648 649
648 647 650
651 648 650
651 650 652
651 652 653
651 653 654
654 653 655
654 655 656
657 658 659
657 659 660
661 662 663
661 664 662
665 662 664
665 664 666
667 668 669
667 670 668
668 670 671
668 671 672
673 674 675
673 676 674
674 676 677
674 677 678
679 680 681
679 682 680
680 682 683
680 683 684
685 686 687
685 688 686
686 688 689
686 689 690
691 692 693
691 693 694
695 691 694
695 694 696
695 696 697
695 697 698
699 698 697
698 699 700
701 702 703
701 704 702
705 704 701
705 706 704
707 706 705
707 708 706
709 708 707
709 710 708
709 711 710
712 711 709
712 713 711
712 714 713
712 715 714
716 715 712
709 717 712
709 718 717
719 718 709
718 720 717
719 721 718
721 719 722
718 723 720
723 718 721
721 722 724
725 724 722
723 721 726
724 726 721
724 727 726
725 728 724
728 727 724
728 725 729
728 730 727
728 729 731
731 730 728
731 729 732
731 733 730
731 732 734
733 731 734
733 734 735
736 737 734
736 734 738
738 739 736
738 734 740
738 740 741
738 742 739
742 738 741
742 741 743
743 744 742
743 745 744
746 744 745
746 745 747
744 746 748
744 748 749
750 748 746
747 751 746
750 746 751
747 752 751
751 753 750
752 754 751
751 754 753
755 753 754
752 756 754
755 754 756
750 753 757
750 757 758
759 750 758
760 758 757
759 758 761
762 759 761
762 761 763
764 762 763
764 763 765
766 764 765
766 765 767
767 765 768
767 768 769
765 770 768
765 771 770
765 763 771
763 772 771
773 772 763
773 763 761
774 773 761
775 774 761
775 761 758
776 775 758
777 776 758
778 779 780
778 780 781
782 778 781
780 783 781
782 781 784
781 783 785
784 781 786
781 785 786
785 787 786
784 786 788
788 786 789
786 787 790
789 786 790
791 789 790
789 791 792
788 789 793
794 789 792
793 789 795
794 795 789
793 795 723
795 794 796
723 795 797
797 795 796
723 797 720
798 797 796
720 797 799
799 800 720
799 801 800
802 797 798
802 799 797
802 798 803
802 804 799
799 804 801
802 805 804
806 804 805
807 801 804
806 807 804
806 757 807
806 808 757
806 809 808
808 810 757
753 807 757
807 753 811
807 811 801
755 811 753
801 811 755
801 755 812
813 812 755
814 813 755
815 813 814
814 755 756
813 815 816
813 816 817
818 813 817
801 818 817
801 817 819
819 817 820
819 820 821
817 822 820
817 816 822
822 816 823
816 824 823
815 824 816
756 825 814
825 756 826
756 827 826
756 828 827
756 829 828
756 752 829
829 752 830
752 831 830
752 832 831
832 833 831
832 834 833
834 835 833
834 836 835
836 837 835
836 838 837
825 839 814
840 839 825
841 839 840
839 815 814
815 839 841
841 840 842
843 841 842
844 841 843
844 843 845
846 844 845
846 847 844
848 847 846
848 849 847
844 847 849
850 841 844
844 849 850
850 851 841
851 815 841
851 852 815
853 852 851
815 852 854
855 853 849
853 855 852
854 852 856
854 856 716
852 857 856
852 858 857
852 855 858
855 859 858
860 859 855
861 855 849
860 855 861
862 861 849
862 860 861
863 864 865
863 865 866
867 868 869
867 870 868
870 871 868
870 872 871
872 873 871
872 874 873
874 875 873
874 876 875
876 877 875
876 878 877
878 879 877
879 880 877
881 877 880
881 880 882
881 882 883
883 882 884
881 883 885
885 883 886
887 885 886
883 888 886
883 889 888
888 889 890
888 890 891
891 890 892
891 892 893
893 892 894
893 894 895
895 894 896
895 896 897
897 896 898
887 886 899
899 886 900
887 899 901
887 901 902
902 901 903
903 904 902
904 905 902
904 906 905
907 905 906
907 908 905
909 908 907
909 910 908
911 910 909
911 912 910
913 912 911
913 914 912
915 916 917
915 917 918
915 918 919
917 920 918
918 921 919
920 922 918
920 923 922
923 924 922
918 925 921
922 925 918
925 926 921
925 927 926
928 927 925
922 928 925
928 929 927
924 930 922
930 928 922
924 931 930
931 932 930
933 929 928
930 933 928
933 934 929
932 935 930
935 933 930
932 936 935
936 937 935
938 934 933
935 938 933
938 939 934
937 940 935
940 938 935
937 941 940
941 942 940
943 939 938
940 943 938
943 944 939
942 945 940
945 943 940
942 946 945
947 944 943
945 947 943
947 948 944
949 947 945
949 945 950
945 951 950
952 949 950
949 952 953
949 954 947
954 955 947
954 956 955
957 949 953
957 954 949
958 957 953
957 958 959
960 956 954
957 960 954
960 961 956
962 957 959
962 960 957
963 962 959
962 963 964
965 961 960
962 965 960
965 966 961
967 962 964
967 965 962
968 967 964
967 968 969
970 966 965
967 970 965
970 971 966
972 967 969
972 970 967
973 972 969
974 971 970
972 974 970
974 975 971
976 972 973
976 973 977
976 978 972
978 974 972
978 979 974
979 975 974
979 980 975
981 982 983
983 984 981
985 984 983
985 986 984
985 987 986
985 988 987
988 989 987
988 990 989
991 992 993
991 993 994
995 996 997
995 998 996
999 996 998
999 1000 996
1001 1002 1003
1001 1004 1002
1004 1005 1002
1004 1006 1005
1007 1008 1009
1007 1010 1008
1010 1011 1008
1010 1012 1011
1013 1014 1015
1013 1016 1014
1016 1017 1014
1016 1018 1017
1019 1020 1021
1019 1022 1020
1022 1023 1020
1022 1024 1023
1025 1026 1027
1025 1028 1026
1029 1028 1025
1029 1030 1028
1029 1031 1030
1029 1032 1031
1033 1031 1032
1032 1034 1033
1035 1036 1037
1035 1037 1038
1039 1040 1041
1039 1041 1042
1043 1044 1039
1043 1045 1044
1046 1043 1047
1048 1047 1042
1046 1047 1048
1048 1042 1049
1050 1051 1046
1050 1046 1052
1053 1052 1049
1053 1049 1054
1055 1056 1057
1055 1057 1058
1059 1060 1061
1059 1062 1060
1062 1063 1060
1062 1064 1063
1064 1065 1063
1064 1066 1065
1066 1067 1065
1066 1068 1067
1068 1069 1067
1068 1070 1069
1070 1071 1069
1070 1072 1071
1072 1073 1074
1072 1075 1073
1075 1076 1073
1075 1077 1076
1077 1078 1076
1077 1079 1078
1079 1080 1078
1079 1081 1080
1081 1082 1080
1081 1083 1082
1083 1084 1082
1083 1085 1084
1086 1087 1088
1086 1088 1089
1090 1091 1092
1090 1092 1093
1094 1095 1096
1094 1096 1097
1098 1099 1100
1098 1101 1099
1101 1098 1102
1103 1101 1102
1101 1103 1104
1105 1101 1104
1106 1105 1104
1107 1106 1104
1103 1107 1104
1108 1106 1107
1108 1107 1109
1109 1107 1110
1103 1102 1111
1102 1112 1111
1113 1111 1112
1114 1103 1111
1113 1114 1111
1115 1107 1103
1114 1115 1103
1107 1115 1116
1116 1115 1114
1117 1114 1113
1113 1118 1117
1118 1119 1117
1117 1120 1114
1119 1120 1117
1120 1116 1114
1107 1116 1121
1107 1121 1110
1122 1120 1119
1119 1123 1122
1120 1124 1116
1124 1121 1116
1123 1125 1122
1123 1126 1125
1125 1126 1127
1122 1128 1120
1122 1125 1128
1120 1128 1124
1125 1127 1129
1129 1128 1125
1127 1130 1129
1127 1131 1130
1128 1132 1124
1129 1133 1128
1132 1128 1133
1129 1134 1133
1130 1134 1129
1132 1133 1134
1130 1135 1134
1131 1136 1130
1130 1136 1135
1137 1136 1131
1137 1131 1138
1139 1137 1138
1137 1139 1140
1141 1137 1140
1137 1142 1136
1142 1135 1136
1141 1143 1137
1143 1142 1137
1144 1143 1141
1144 1145 1143
1146 1145 1144
1146 1147 1145
1143 1148 1142
1148 1143 1145
1147 1149 1145
1148 1145 1149
1147 1150 1149
1150 1151 1149
1148 1152 1142
1142 1152 1135
1149 1153 1148
1148 1153 1152
1149 1151 1154
1149 1154 1153
1153 1155 1152
1135 1152 1155
1151 1156 1154
1151 1157 1156
1154 1158 1153
1153 1158 1155
1154 1156 1158
1157 1159 1156
1157 1160 1159
1156 1161 1158
1156 1159 1161
1162 1155 1158
1162 1158 1161
1135 1155 1163
1163 1155 1162
1160 1164 1159
1160 1165 1164
1166 1161 1159
1162 1161 1166
1166 1159 1164
1167 1135 1163
1167 1134 1135
1134 1167 1132
1168 1164 1165
1168 1165 1169
1163 1162 1170
1170 1167 1163
1171 1132 1167
1171 1167 1170
1172 1164 1168
1172 1166 1164
1173 1168 1169
1172 1168 1173
1173 1169 1174
1173 1174 1175
1170 1162 1176
1162 1166 1176
1166 1172 1177
1166 1177 1176
1173 1175 1178
1178 1175 1179
1172 1173 1180
1180 1177 1172
1180 1173 1178
1170 1176 1181
1171 1170 1181
1176 1177 1182
1176 1182 1181
1178 1179 1183
1180 1178 1184
1184 1178 1183
1180 1185 1177
1184 1185 1180
1177 1186 1182
1177 1185 1186
1185 1187 1186
1181 1182 1188
1188 1182 1186
1179 1189 1183
1179 1190 1189
1189 1190 1191
1184 1192 1185
1185 1192 1187
1184 1183 1193
1192 1184 1193
1183 1189 1193
1189 1191 1194
1194 1191 1195
1194 1195 1196
1192 1193 1197
1187 1192 1197
1193 1189 1198
1198 1189 1194
1197 1193 1198
1199 1194 1196
1198 1194 1199
1199 1196 1200
1201 1199 1200
1201 1200 1202
1201 1202 1203
1203 1204 1201
1204 1205 1201
1206 1198 1199
1197 1198 1206
1206 1199 1201
1201 1205 1207
1201 1207 1206
1207 1205 1208
1209 1197 1206
1209 1206 1207
1187 1197 1209
1207 1208 1210
1210 1209 1207
1211 1210 1208
1211 1208 1212
1211 1212 1213
1210 1214 1209
1211 1214 1210
1214 1187 1209
1213 1215 1211
1211 1215 1214
1214 1216 1187
1215 1216 1214
1213 1217 1215
1218 1217 1213
1219 1187 1216
1219 1186 1187
1188 1186 1219
1215 1220 1216
1217 1220 1215
1221 1219 1216
1221 1216 1220
1218 1222 1217
1218 1223 1222
1223 1224 1222
1217 1222 1225
1225 1222 1224
1217 1226 1220
1217 1225 1226
1220 1226 1227
1221 1220 1227
1227 1226 1225
1228 1219 1221
1228 1188 1219
1229 1188 1228
1225 1224 1230
1230 1224 1231
1227 1225 1232
1232 1225 1230
1233 1221 1227
1233 1228 1221
1233 1227 1232
1234 1230 1231
1232 1230 1234
1234 1231 1235
1236 1234 1235
1237 1232 1234
1233 1232 1237
1237 1234 1236
1233 1238 1228
1238 1233 1237
1238 1229 1228
1229 1239 1188
1181 1188 1239
1171 1181 1239
1171 1239 1229
1240 1236 1235
1241 1240 1235
1240 1241 1242
1241 1243 1242
1242 1244 1240
1236 1240 1244
1236 1244 1245
1246 1236 1245
1236 1246 1247
1236 1247 1237
1248 1247 1246
1248 1249 1247
1238 1237 1247
1249 1110 1247
1110 1238 1247
1238 1110 1250
1238 1250 1229
1110 1121 1250
1121 1229 1250
1121 1251 1229
1124 1251 1121
1171 1229 1251
1132 1251 1124
1132 1171 1251
1252 1253 1254
1252 1255 1253
1255 1256 1253
1257 1255 1252
1255 1258 1256
1258 1259 1256
1257 1260 1255
1260 1258 1255
1258 1261 1259
1261 1262 1259
1263 1260 1257
1263 1257 1264
1260 1265 1258
1265 1261 1258
1265 1260 1263
1261 1266 1262
1266 1267 1262
1265 1268 1261
1268 1266 1261
1266 1269 1267
1269 1270 1267
1264 1271 1263
1263 1271 1272
1264 1273 1271
1273 1274 1271
1272 1271 1274
1273 1275 1274
1275 1276 1274
1265 1263 1277
1268 1265 1277
1263 1272 1277
1268 1277 1278
1272 1278 1277
1268 1279 1266
1279 1269 1266
1280 1268 1278
1280 1279 1268
1281 1280 1278
1278 1282 1281
1278 1283 1282
1278 1284 1283
1272 1284 1278
1280 1285 1279
1286 1284 1272
1287 1279 1285
1279 1287 1269
1287 1285 1288
1286 1272 1289
1290 1286 1289
1272 1274 1289
1274 1290 1289
1291 1290 1274
1292 1291 1274
1293 1292 1274
1294 1291 1292
1293 1294 1292
1293 1295 1294
1296 1294 1295
1296 1297 1294
1298 1294 1297
1299 1298 1297
1296 1299 1297
1296 1300 1299
1301 1299 1300
1302 1301 1300
1303 1304 1293
1305 1304 1303
1305 1306 1304
1307 1304 1306
1308 1306 1305
1308 1309 1306
1309 1307 1306
1309 1308 1310
1309 1310 1311
1310 1312 1311
1310 1313 1312
1313 1314 1312
1313 1315 1314
1312 1314 1316
1312 1316 1317
1311 1312 1317
1317 1316 1318
1319 1309 1311
1311 1317 1319
1317 1318 1320
1319 1317 1320
1320 1318 1321
1319 1322 1309
1309 1322 1307
1307 1322 1323
1324 1322 1319
1319 1320 1324
1324 1323 1322
1320 1321 1325
1324 1320 1325
1325 1321 1326
1324 1325 1327
1325 1326 1328
1327 1325 1328
1326 1329 1328
1326 1330 1329
1329 1330 1331
1329 1331 1332
1328 1329 1333
1327 1328 1333
1334 1329 1332
1329 1334 1333
1334 1332 1335
1335 1336 1334
1336 1337 1334
1334 1337 1333
1336 1338 1337
1339 1324 1327
1339 1323 1324
1339 1327 1340
1340 1327 1333
1341 1340 1333
1337 1341 1333
1342 1341 1337
1343 1342 1337
1338 1343 1337
1344 1323 1339
1343 1338 1345
1338 1346 1345
1345 1346 1347
1345 1347 1348
1347 1349 1348
1323 1344 1350
1323 1350 1351
1323 1351 1352
1307 1323 1352
1353 1307 1352
1353 1354 1307
1355 1354 1353
1307 1354 1304
1304 1354 1355
1356 1304 1355
1357 1304 1356
1304 1357 1276
1358 1357 1356
1276 1357 1358
1276 1358 1359
1360 1359 1358
1360 1358 1361
1362 1361 1358
1363 1361 1362
1360 1361 1363
1360 1363 1364
1364 1363 1365
1366 1364 1365
1367 1368 1369
1370 1367 1369
1370 1369 1371
1371 1372 1370
1372 1373 1370
1374 1373 1372
1373 1374 1375
1374 1288 1375
1376 1374 1372
1287 1288 1374
1377 1374 1376
1377 1287 1374
1378 1377 1376
1377 1378 1379
1287 1377 1380
1377 1379 1380
1287 1380 1269
1380 1379 1381
1269 1380 1270
1380 1381 1270
1382 1383 1384
1382 1384 1385
1385 1384 1386
1387 1382 1385
1385 1386 1388
1388 1386 1389
1387 1385 1390
1390 1385 1388
1388 1389 1391
1391 1389 1392
1393 1387 1390
1393 1394 1387
1390 1388 1395
1395 1388 1391
1395 1393 1390
1391 1392 1396
1396 1392 1397
1395 1391 1398
1398 1391 1396
1396 1397 1399
1399 1397 1400
1394 1393 1401
1393 1402 1401
1394 1401 1403
1403 1401 1404
1402 1404 1401
1403 1404 1405
1405 1404 1406
1395 1407 1393
1398 1407 1395
1393 1407 1402
1398 1408 1407
1402 1407 1408
1398 1396 1409
1409 1396 1399
1399 1400 1410
1410 1400 1411
1410 1411 1412
1413 1399 1410
1409 1399 1413
1414 1410 1412
1413 1410 1414
1414 1412 1415
1415 1416 1414
1414 1416 1417
1414 1417 1413
1416 1418 1417
1419 1398 1409
1419 1408 1398
1419 1409 1420
1413 1420 1409
1413 1421 1420
1417 1421 1413
1417 1422 1421
1423 1422 1417
1417 1418 1423
1424 1408 1419
1425 1423 1418
1426 1425 1418
1425 1426 1427
1425 1427 1428
1428 1427 1429
1408 1424 1430
1408 1430 1431
1408 1431 1432
1402 1408 1432
1433 1402 1432
1433 1434 1402
1435 1434 1433
1402 1434 1404
1404 1434 1435
1436 1404 1435
1437 1404 1436
1438 1437 1436
1404 1437 1439
1439 1437 1438
1439 1438 1440
1441 1440 1438
1441 1438 1442
1443 1442 1438
1444 1442 1443
1441 1442 1444
1441 1444 1445
1446 1445 1444
1447 1445 1446
1448 1439 1449
1450 1448 1449
1450 1449 1451
1452 1451 1449
1453 1450 1451
1453 1451 1454
1454 1451 1452
1454 1455 1453
1454 1456 1455
1455 1456 1457
1455 1457 1458
1458 1457 1459
1458 1459 1460
1457 1461 1459
1457 1462 1461
1456 1462 1457
1462 1463 1461
1464 1456 1454
1456 1464 1462
1462 1465 1463
1464 1465 1462
1465 1466 1463
1464 1454 1467
1454 1452 1467
1452 1468 1467
1469 1464 1467
1464 1469 1465
1469 1467 1468
1465 1470 1466
1469 1470 1465
1470 1471 1466
1469 1472 1470
1470 1473 1471
1472 1473 1470
1471 1473 1474
1471 1474 1475
1474 1476 1475
1474 1477 1476
1473 1478 1474
1472 1478 1473
1479 1477 1474
1474 1478 1479
1479 1480 1477
1480 1479 1481
1481 1479 1482
1479 1478 1482
1481 1482 1483
1484 1472 1469
1484 1469 1468
1484 1485 1472
1485 1478 1472
1486 1478 1485
1478 1486 1482
1487 1482 1486
1488 1482 1487
1483 1482 1488
1489 1484 1468
1488 1490 1483
1490 1491 1483
1490 1492 1491
1490 1493 1492
1492 1493 1494
1468 1495 1489
1468 1496 1495
1468 1497 1496
1452 1497 1468
1498 1497 1452
1498 1452 1499
1500 1498 1499
1452 1449 1499
1449 1500 1499
1501 1500 1449
1502 1501 1449
1406 1502 1449
1503 1501 1502
1406 1503 1502
1406 1504 1503
1505 1503 1504
1505 1506 1503
1507 1503 1506
1508 1507 1506
1505 1508 1506
1505 1509 1508
1509 1510 1508
1511 1510 1509
1512 1513 1514
1512 1515 1513
1516 1515 1512
1516 1517 1515
1518 1517 1516
1518 1516 1519
1520 1521 1522
1520 1523 1521
1520 1524 1523
1520 1525 1524
1524 1525 1526
1524 1526 1527
1527 1526 1528
1527 1528 1529
1528 1530 1529
1528 1531 1530
1532 1533 1534
1532 1534 1535
1536 1535 1534
1536 1534 1537
1538 1536 1537
1538 1537 1539
1540 1541 1542
1540 1542 1543
1543 1542 1544
1543 1544 1545
1546 1545 1544
1546 1544 1547
1548 1549 1550
1548 1550 1551
1550 1552 1551
1550 1553 1552
1552 1553 1554
1552 1554 1555
1555 1554 1556
1555 1556 1557
1556 1558 1557
1556 1559 1558
1558 1559 1560
1559 1561 1560
1562 1563 1564
1562 1564 1565
1566 1562 1565
1566 1565 1567
1567 1568 1566
1567 1569 1568
1570 1568 1569
1570 1569 1571
1572 1570 1571
1572 1571 1573
1574 1575 1576
1574 1576 1577
1576 1578 1577
1576 1579 1578
1578 1579 1580
1578 1580 1581
1581 1580 1582
1581 1582 1583
1583 1582 1584
1583 1584 1585
1584 1586 1585
1587 1588 1589
1587 1589 1590
1591 1587 1590
1591 1592 1587
1591 1593 1592
1591 1594 1593
1594 1595 1593
1594 1596 1595
1597 1595 1596
1597 1596 1598
1599 1597 1598
1600 1601 1602
1600 1602 1603
1604 1600 1603
1604 1605 1600
1605 1604 1606
1605 1606 1607
1608 1609 1610
1608 1610 1611
1612 1611 1610
1612 1613 1611
1614 1615 1616
1614 1616 1617
1618 1617 1616
1618 1616 1619
1620 1618 1619
1620 1619 1621
1622 1620 1621
1622 1621 1623
1623 1624 1622
1623 1625 1624
1624 1625 1626
1624 1626 1627
1628 1629 1630
1628 1631 1629
1631 1632 1629
1631 1633 1632
1634 1635 1636
1634 1636 1637
1638 1634 1637
1638 1639 1634
1640 1639 1638
1640 1638 1641
1642 1640 1641
1642 1641 1643
1644 1642 1643
1644 1643 1645
1646 1644 1645
1646 1645 1647
1648 1649 1650
1648 1650 1651
1651 1650 1652
1651 1652 1653
1648 1651 1654
1654 1651 1653
1655 1648 1654
1654 1653 1656
1657 1655 1654
1657 1654 1656
1657 1658 1655
1657 1656 1659
1657 1660 1658
1658 1660 1661
1658 1661 1662
1661 1663 1662
1657 1659 1664
1657 1664 1665
1664 1666 1665
1667 1663 1666
1664 1667 1666
1667 1668 1663
1669 1668 1667
1670 1669 1667
1664 1670 1667
1659 1670 1664
1659 1671 1670
1671 1659 1672
1673 1674 1675
1673 1675 1676
1677 1678 1679
1677 1679 1680
1681 1677 1680
1681 1682 1677
1683 1684 1685
1683 1686 1684
1684 1686 1687
1684 1687 1688
1689 1690 1691
1689 1692 1690
1692 1693 1690
1692 1694 1693
1695 1693 1694
1695 1696 1693
1697 1696 1695
1697 1695 1698
1697 1698 1699
1697 1699 1700
1699 1701 1700
1702 1703 1704
1702 1705 1703
1705 1706 1703
1705 1707 1706
1707 1708 1706
1707 1709 1708
1709 1710 1708
1709 1711 1710
1711 1712 1710
1711 1713 1712
1713 1714 1712
1715 1716 1717
1715 1718 1716
1718 1715 1719
1718 1719 1720
1721 1722 1723
1723 1724 1721
1723 1652 1724
1725 1726 1727
1725 1728 1726
1729 1726 1728
1729 1730 1726
1731 1730 1729
1731 1732 1730
1732 1731 1733
1732 1733 1734
1735 1736 1737
1737 1738 1735
1737 1739 1738
1739 1740 1738
1739 1741 1740
1741 1742 1740
1741 1743 1742
1743 1744 1742
1743 1745 1744
1745 1746 1744
1746 1747 1744
1747 1746 1748
1748 1749 1747
1750 1749 1748
1751 1748 1746
1748 1751 1752
1753 1754 1755
1753 1756 1754
1756 1757 1754
1756 1758 1757
1758 1759 1757
1758 1760 1759
1760 1761 1759
1760 1762 1761
1762 1763 1761
1762 1764 1763
1765 1763 1764
1765 1766 1763
1767 1766 1765
1768 1769 1770
1768 1770 1771
1768 1771 1772
1771 1773 1772
1771 1774 1773
1773 1774 1775
1773 1775 1776
1775 1777 1776
1775 1778 1777
1777 1778 1779
1778 1780 1779
1780 1781 1779
1780 1782 1781
1782 1783 1781
1781 1784 1779
1785 1784 1781
1786 1787 1788
1786 1789 1787
1789 1790 1787
1789 1791 1790
1791 1792 1790
1791 1793 1792
1793 1794 1792
1793 1795 1794
1795 1796 1794
1795 1797 1796
1797 1798 1796
1797 1799 1798
1800 1801 1802
1800 1802 1803
1803 1802 1804
1803 1804 1805
1805 1804 1806
1805 1806 1807
1806 1808 1807
1806 1809 1808
1809 1810 1808
1809 1811 1810
1811 1812 1810
1811 1813 1812
1813 1814 1812
1813 1815 1814
1816 1814 1815
1817 1818 1819
1817 1819 1820
1821 1817 1820
1821 1820 1822
1823 1821 1822
1823 1822 1824
1825 1823 1824
1825 1824 1826
1827 1825 1826
1827 1826 1828
1829 1827 1828
1829 1828 1830
1831 1829 1830
1831 1830 1832
1832 1833 1831
1832 1834 1833
1835 1836 1837
1835 1837 1838
1838 1837 1839
1838 1839 1840
1840 1839 1841
1840 1841 1842
1842 1841 1843
1842 1843 1844
1843 1845 1844
1843 1846 1845
1845 1846 1847
1845 1847 1848
1847 1849 1848
1847 1850 1849
1849 1850 1851
1849 1851 1852
1853 1854 1855
1853 1855 1856
1857 1856 1855
1857 1858 1856
1859 1858 1857
1859 1857 1860
1861 1859 1860
1861 1860 1862
1863 1861 1862
1863 1862 1864
1864 1865 1863
1864 1866 1865
1867 1868 1869
1867 1869 1870
1871 1872 1873
1871 1874 1872
1875 1874 1871
1875 1871 1876
1876 1877 1875
1876 1878 1877
1879 1880 1881
1879 1881 1882
1883 1884 1885
1883 1885 1886
1887 1888 1889
1887 1889 1890
1891 1892 1893
1891 1893 1894
1895 1891 1894
1895 1894 1896
1895 1896 1897
1895 1897 1898
1899 1900 1901
1899 1901 1902
1903 1904 1905
1903 1905 1906
1907 1908 1909
1907 1909 1910
1911 1907 1910
1911 1912 1907
1912 1911 1913
1912 1913 1914
1915 1916 1917
1915 1917 1918
1919 1920 1921
1919 1921 1922
1923 1924 1925
1923 1925 1926
1927 1928 1929
1927 1930 1928
1931 1930 1927
1931 1932 1930
1931 1933 1932
1931 1934 1933
1935 1936 1937
1935 1937 1938
1939 1940 1941
1939 1941 1942
1943 1944 1945
1943 1945 1946
1947 1948 1949
1947 1949 1950
1951 1950 1949
1951 1952 1950
1951 1953 1952
1951 1954 1953
1955 1956 1957
1955 1957 1958
1957 1959 1958
1957 1960 1959
1960 1961 1959
1960 1962 1961
1963 1964 1965
1963 1965 1966
1967 1966 1965
1967 1968 1966
1967 1969 1968
1967 1970 1969
1971 1972 1973
1971 1973 1974
1975 1974 1973
1975 1976 1974
1975 1977 1976
1975 1978 1977
1979 1980 1981
1982 1979 1981
1982 1981 1983
1984 1982 1983
1984 1985 1982
1985 1984 1986
1985 1986 1987
1988 1987 1986
1988 1986 1989
1988 1989 1990
1991 1992 1993
1991 1993 1994
1994 1993 1995
1996 1991 1994
1996 1994 1997
1994 1995 1998
1997 1994 1998
1998 1995 1999
1997 1998 2000
1998 1999 2001
2000 1998 2001
2001 1999 2002
2000 2001 2003
2001 2002 2004
2003 2001 2004
2002 2005 2004
2003 2004 2006
2007 2004 2005
2008 2006 2004
2007 2008 2004
2008 2007 2009
2008 2010 2006
2010 2008 2011
2008 2009 2011
2010 2011 2012
2013 2012 2011
2013 2011 2014
2014 2011 2009
2013 2014 2015
2014 2016 2015
2013 2015 2017
2018 2017 2015
2018 2015 2019
2019 2015 2016
2014 2009 2020
2014 2020 2016
2018 2019 2021
2018 2021 2022
2023 2022 2021
2023 2021 2024
2025 2023 2024
2019 2026 2021
2026 2024 2021
2019 2027 2026
2019 2016 2027
2026 2028 2024
2025 2024 2029
2029 2024 2028
2030 2025 2029
2029 2028 2031
2030 2029 2032
2032 2029 2031
2032 2031 2033
2016 2034 2027
2034 2035 2027
2016 2036 2034
2037 2036 2016
2037 2016 2020
2009 2037 2020
2034 2038 2035
2036 2039 2034
2039 2038 2034
2036 2040 2039
2039 2041 2038
2042 2040 2036
2042 2036 2037
2038 2041 2043
2044 2035 2038
2038 2043 2044
2044 2045 2035
2044 2043 2046
2047 2042 2037
2009 2047 2037
2047 2048 2042
2049 2048 2047
2045 2044 2050
2044 2046 2050
2050 2046 2051
2045 2050 2052
2050 2051 2053
2052 2050 2053
2052 2053 2033
2054 2047 2009
2049 2047 2054
2054 2009 2055
2054 2056 2049
2055 2057 2054
2054 2057 2056
2055 2058 2057
2059 2056 2057
2057 2058 2060
2059 2057 2061
2061 2057 2060
2061 2062 2059
2061 2060 2063
2061 2064 2062
2063 2064 2061
2064 2065 2062
2063 2066 2064
2064 2067 2065
2066 2067 2064
2068 2065 2067
2066 2069 2067
2068 2067 2070
2070 2067 2069
2070 2069 2071
2072 2070 2073
2072 2074 2070
2074 2075 2070
2076 2074 2072
2074 2077 2075
2076 2078 2074
2078 2077 2074
2079 2078 2076
2078 2080 2077
2079 2081 2078
2081 2080 2078
2081 2079 2082
2081 2083 2080
2084 2081 2082
2084 2083 2081
2084 2085 2083
2082 2086 2084
2087 2085 2084
2087 2088 2085
2089 2084 2086
2089 2087 2084
2090 2087 2089
2091 2088 2087
2090 2091 2087
2091 2092 2088
2093 2092 2091
2093 2091 2094
2094 2091 2090
2095 2093 2094
2096 2095 2094
2095 2097 2093
2098 2097 2095
2098 2095 2099
2099 2095 2096
2094 2090 2100
2096 2094 2100
2101 2098 2099
2101 2102 2098
2103 2102 2101
2103 2101 2104
2104 2105 2103
2106 2101 2099
2106 2104 2101
2106 2099 2107
2099 2096 2107
2106 2108 2104
2104 2109 2105
2108 2109 2104
2110 2105 2109
2108 2111 2109
2110 2109 2112
2112 2109 2111
2112 2111 2113
2114 2107 2096
2114 2115 2107
2114 2096 2116
2117 2116 2096
2117 2096 2100
2117 2100 2090
2114 2118 2115
2119 2114 2116
2119 2118 2114
2119 2116 2120
2119 2121 2118
2122 2120 2116
2122 2116 2117
2123 2118 2121
2115 2118 2124
2123 2124 2118
2115 2124 2125
2126 2124 2123
2122 2117 2127
2117 2090 2127
2122 2127 2128
2129 2128 2127
2130 2125 2124
2126 2130 2124
2131 2130 2126
2130 2132 2125
2131 2133 2130
2133 2132 2130
2133 2113 2132
2134 2127 2090
2129 2127 2134
2134 2090 2135
2136 2129 2134
2137 2134 2135
2136 2134 2137
2137 2135 2086
2138 2136 2137
2137 2086 2139
2138 2137 2140
2140 2137 2139
2140 2141 2138
2140 2139 2142
2140 2143 2141
2142 2143 2140
2144 2141 2143
2142 2145 2143
2144 2143 2146
2146 2143 2145
2147 2144 2146
2146 2145 2148
2147 2146 1991
1991 2146 2148
1991 2148 2149
2150 2151 2152
2150 2152 2153
2154 2150 2153
2154 2155 2150
2156 2157 2158
2156 2158 2159
2159 2158 2160
2159 2160 2161
2162 2163 2164
2162 2164 2165
2166 2162 2165
2166 2165 2167
2168 2166 2167
2168 2169 2166
2164 2169 2168
2164 2170 2169
2171 2164 2168
2171 2168 2167
2165 2164 2172
2171 2172 2164
2167 2165 2173
2165 2172 2173
2171 2167 2174
2167 2173 2174
2171 2174 2175
2175 2174 2173
2176 2173 2172
2175 2173 2176
2171 2175 2177
2172 2171 2177
2178 2175 2176
2177 2175 2178
2176 2172 2179
2172 2177 2179
2178 2176 2180
2180 2176 2179
2179 2177 2181
2177 2178 2181
2180 2179 2182
2179 2181 2182
2183 2178 2180
2183 2180 2184
2184 2180 2182
2185 2178 2183
2185 2181 2178
2184 2182 2186
2186 2181 2185
2186 2182 2181
2187 2188 2189
2187 2189 2190
2191 2187 2190
2192 2190 2189
2192 2189 2193
2191 2190 2194
2195 2191 2194
2195 2196 2191
2197 2194 2190
2197 2190 2192
2195 2194 2197
2198 2196 2195
2198 2199 2196
2198 2195 2200
2195 2197 2200
2198 2200 2193
2201 2197 2192
2200 2197 2201
2202 2192 2193
2201 2192 2202
2193 2200 2203
2200 2201 2203
2202 2193 2204
2193 2203 2204
2205 2201 2202
2205 2202 2206
2206 2202 2204
2207 2201 2205
2207 2203 2201
2206 2204 2208
2208 2203 2207
2208 2204 2203
2209 2210 2211
2209 2212 2210
2213 2210 2212
2214 2212 2209
2214 2209 2215
2216 2212 2214
2216 2217 2212
2213 2212 2217
2218 2217 2216
2213 2217 2219
2218 2219 2217
2213 2219 2220
2221 2219 2218
2220 2219 2222
2221 2222 2219
2220 2222 2223
2224 2223 2222
2224 2222 2225
2226 2224 2225
2226 2225 2227
2228 2225 2222
2227 2225 2228
2228 2222 2221
2227 2228 2229
2221 2230 2228
2230 2221 2231
2229 2228 2232
2228 2230 2232
2229 2232 2233
2230 2231 2234
2234 2231 2235
2234 2235 2236
2237 2236 2235
2230 2234 2238
2236 2238 2234
2230 2238 2239
2232 2230 2239
2236 2240 2238
2237 2241 2236
2241 2240 2236
2242 2241 2237
2241 2243 2240
2242 2244 2241
2243 2241 2244
2243 2244 2245
2232 2246 2233
2239 2247 2232
2232 2247 2246
2239 2248 2247
2249 2248 2239
2250 2246 2247
2250 2251 2246
2249 2252 2248
2253 2252 2249
2254 2247 2248
2254 2250 2247
2255 2251 2250
2255 2256 2251
2253 2257 2252
2257 2253 2258
2259 2248 2252
2259 2254 2248
2260 2250 2254
2260 2255 2250
2261 2256 2255
2261 2262 2256
2263 2254 2259
2263 2260 2254
2264 2263 2259
2265 2259 2252
2264 2259 2265
2265 2252 2257
2266 2264 2265
2266 2265 2267
2267 2265 2257
2268 2266 2267
2268 2267 2269
2269 2267 2270
2267 2257 2271
2270 2267 2271
2257 2258 2271
2270 2271 2272
2271 2258 2273
2271 2273 2272
2274 2275 2276
2274 2277 2275
2277 2278 2275
2277 2279 2278
2279 2280 2278
2279 2281 2280
2281 2282 2280
2281 2283 2282
2283 2261 2282
2283 2284 2261
2262 2261 2284
2262 2284 2285
2261 2286 2282
2261 2255 2286
2287 2282 2286
2260 2286 2255
2287 2286 2288
2288 2286 2260
2289 2287 2288
2288 2260 2290
2289 2288 2291
2291 2288 2290
2291 2290 2292
2293 2289 2291
2294 2291 2292
2293 2291 2294
2294 2292 2295
2293 2294 2296
2296 2294 2295
2293 2296 2297
2296 2295 2298
2299 2300 2301
2299 2301 2302
2299 2302 2303
2299 2303 2304
2302 2305 2303
2306 2302 2301
2302 2306 2305
2306 2301 2307
2306 2308 2305
2309 2306 2307
2306 2309 2308
2309 2307 2233
2310 2309 2233
2311 2308 2309
2310 2312 2309
2311 2309 2312
2313 2312 2310
2314 2311 2312
2313 2314 2312
2314 2315 2311
2316 2314 2313
2317 2315 2314
2316 2317 2314
2317 2318 2315
2319 2317 2316
2320 2318 2317
2319 2320 2317
2320 2319 2321
2320 2322 2318
2320 2321 2323
2323 2322 2320
2323 2324 2322
2325 2326 2327
2325 2328 2326
2329 2328 2325
2329 2330 2328
2331 2330 2329
2331 2332 2330
2332 2331 2333
2332 2333 2334
2335 2332 2334
2336 2337 2338
2336 2339 2337
2339 2340 2337
2339 2341 2340
2341 2342 2340
2341 2343 2342
2343 2344 2342
2343 2345 2344
2346 2347 2348
2346 2349 2347
2349 2350 2347
2349 2351 2350
2351 2352 2350
2351 2353 2352
2353 2354 2352
2353 2355 2354
2356 2357 2358
2356 2359 2357
2360 2359 2356
2360 2361 2359
2362 2361 2360
2362 2363 2361
2364 2363 2362
2364 2365 2363
2366 2367 2368
2366 2368 2369
2370 2369 2368
2370 2371 2369
2371 2370 2372
2371 2372 2373
2372 2374 2373
2372 2375 2374
2376 2377 2378
2376 2379 2377
2380 2379 2376
2380 2376 2381
2382 2380 2381
2382 2383 2380
2384 2383 2382
2384 2382 2385
2386 2387 2388
2388 2387 2389
2388 2389 2390
2391 2388 2390
2391 2392 2388
2391 2393 2392
2391 2394 2393
2393 2394 2395
2393 2395 2396
2396 2395 2397
2396 2397 2398
2396 2398 2399
2400 2401 2402
2400 2402 2403
2404 2403 2402
2404 2402 2405
2404 2405 2406
2404 2406 2407
2406 2408 2407
2406 2409 2408
2409 2410 2408
2409 2411 2410
2412 2413 2414
2412 2414 2415
2415 2414 2416
2415 2416 2417
2417 2416 2418
2417 2418 2419
2419 2418 2420
2419 2420 2421
2422 2421 2420
2422 2423 2421
2423 2422 2424
2423 2424 2425
2426 2425 2424
2426 2424 2427
2428 2426 2427
2428 2427 2429
2429 2430 2428
2429 2431 2430
2432 2433 2434
2435 2432 2434
2435 2436 2432
2437 2432 2436
2437 2438 2432
2439 2438 2437
2439 2440 2438
2441 2440 2439
2441 2442 2440
2442 2441 2443
2442 2443 2444
2442 2444 2445
2446 2447 2448
2448 2447 2449
2448 2449 2450
2451 2448 2450
2451 2452 2448
2451 2453 2452
2451 2454 2453
2453 2454 2455
2453 2455 2456
2456 2455 2457
2456 2457 2458
2456 2458 2459
2460 2461 2462
2460 2462 2463
2464 2463 2462
2464 2462 2465
2464 2465 2466
2464 2466 2467
2466 2468 2467
2466 2469 2468
2469 2470 2468
2469 2471 2470
2472 2473 2474
2472 2474 2475
2475 2474 2476
2475 2476 2477
2477 2476 2478
2477 2478 2479
2479 2478 2480
2479 2480 2481
2482 2481 2480
2482 2483 2481
2483 2482 2484
2483 2484 2485
2486 2485 2484
2486 2484 2487
2488 2486 2487
2488 2487 2489
2489 2490 2488
2489 2491 2490
2492 2493 2494
2495 2492 2494
2495 2496 2492
2497 2492 2496
2497 2498 2492
2499 2498 2497
2499 2500 2498
2501 2500 2499
2501 2502 2500
2502 2501 2503
2502 2503 2504
2502 2504 2505
2506 2507 2508
2507 2509 2508
2507 2510 2509
2511 2510 2507
2511 2507 2512
2511 2512 2513
2511 2513 2514
2513 2515 2514
2513 2516 2515
2516 2517 2515
2516 2518 2517
2516 2519 2518
2520 2521 2522
2520 2523 2521
2524 2521 2523
2524 2525 2521
2524 2526 2525
2524 2527 2526
2526 2527 2528
2526 2528 2529
2529 2528 2530
2529 2530 2531
2532 2533 2534
2532 2535 2533
2535 2536 2533
2535 2537 2536
2537 2538 2536
2537 2539 2538
2539 2540 2538
2539 2541 2540
2542 2540 2541
2542 2541 2543
2543 2544 2542
2543 2545 2544
2546 2544 2545
2546 2547 2544
2548 2547 2546
2548 2549 2547
2549 2548 2550
2549 2550 2551
2552 2553 2554
2555 2553 2552
2555 2552 2556
2557 2556 2552
2557 2552 2558
2559 2557 2558
2559 2558 2560
2561 2559 2560
2561 2560 2562
2562 2563 2561
2562 2564 2563
2562 2565 2564
2566 2567 2568
2568 2567 2569
2568 2569 2570
2571 2568 2570
2571 2572 2568
2571 2573 2572
2571 2574 2573
2573 2574 2575
2573 2575 2576
2576 2575 2577
2576 2577 2578
2576 2578 2579
2580 2581 2582
2580 2582 2583
2584 2583 2582
2584 2582 2585
2584 2585 2586
2584 2586 2587
2586 2588 2587
2586 2589 2588
2589 2590 2588
2589 2591 2590
2592 2593 2594
2592 2594 2595
2595 2594 2596
2595 2596 2597
2597 2596 2598
2597 2598 2599
2599 2598 2600
2599 2600 2601
2602 2601 2600
2602 2603 2601
2603 2602 2604
2603 2604 2605
2606 2605 2604
2606 2604 2607
2608 2606 2607
2608 2607 2609
2609 2610 2608
2609 2611 2610
2612 2613 2614
2615 2612 2614
2615 2616 2612
2617 2612 2616
2617 2618 2612
2619 2618 2617
2619 2620 2618
2621 2620 2619
2621 2622 2620
2622 2621 2623
2622 2623 2624
2622 2624 2625
2626 2627 2628
2627 2629 2628
2627 2630 2629
2631 2630 2627
2631 2627 2632
2631 2632 2633
2631 2633 2634
2633 2635 2634
2633 2636 2635
2636 2637 2635
2636 2638 2637
2636 2639 2638
2640 2641 2642
2640 2643 2641
2644 2641 2643
2644 2645 2641
2644 2646 2645
2644 2647 2646
2646 2647 2648
2646 2648 2649
2649 2648 2650
2649 2650 2651
2652 2653 2654
2652 2655 2653
2655 2656 2653
2655 2657 2656
2657 2658 2656
2657 2659 2658
2659 2660 2658
2659 2661 2660
2662 2660 2661
2662 2661 2663
2663 2664 2662
2663 2665 2664
2666 2664 2665
2666 2667 2664
2668 2667 2666
2668 2669 2667
2669 2668 2670
2669 2670 2671
2672 2673 2674
2675 2673 2672
2675 2672 2676
2677 2676 2672
2677 2672 2678
2679 2677 2678
2679 2678 2680
2681 2679 2680
2681 2680 2682
2682 2683 2681
2682 2684 2683
2682 2685 2684
2686 2687 2688
2686 2688 2689
2689 2688 2690
2689 2690 2691
2691 2690 2692
2691 2692 2693
2693 2692 2694
2693 2694 2695
2695 2694 2696
2695 2696 2697
2697 2696 2698
2697 2698 2699
2700 2701 2702
2700 2703 2701
2704 2703 2700
2704 2705 2703
2706 2705 2704
2706 2707 2705
2708 2707 2706
2708 2709 2707
2710 2709 2708
2710 2711 2709
2712 2711 2710
2712 2713 2711
2714 2715 2716
2714 2717 2715
2718 2717 2714
2718 2719 2717
2720 2719 2718
2720 2721 2719
2722 2721 2720
2722 2723 2721
2724 2723 2722
2724 2725 2723
2726 2725 2724
2726 2727 2725
2728 2729 2730
2728 2730 2731
2731 2730 2732
2731 2732 2733
2733 2732 2734
2733 2734 2735
2735 2734 2736
2735 2736 2737
2737 2736 2738
2737 2738 2739
2739 2738 2740
2739 2740 2741
2742 2743 2744
2742 2744 2745
2745 2744 2746
2745 2746 2747
2748 2745 2747
2748 2747 2749
2748 2749 2750
2751 2742 2745
2751 2745 2748
2752 2748 2750
2752 2750 2753
2754 2751 2748
2754 2748 2752
2753 2755 2752
2753 2756 2755
2752 2757 2754
2752 2755 2757
2755 2756 2758
2756 2759 2758
2760 2757 2755
2760 2755 2758
2759 2761 2758
2761 2759 2762
2763 2760 2758
2761 2763 2758
2757 2760 2764
2754 2757 2765
2757 2764 2765
2760 2763 2766
2760 2766 2764
2767 2765 2764
2768 2767 2764
2768 2764 2766
2767 2769 2765
2768 2766 2770
2763 2770 2766
2768 2770 2771
2769 2772 2765
2754 2765 2772
2769 2773 2772
2772 2773 2774
2775 2754 2772
2772 2774 2775
2775 2751 2754
2775 2774 2776
2777 2751 2775
2775 2776 2777
2777 2742 2751
2778 2777 2776
2779 2742 2777
2778 2779 2777
2779 2780 2742
2771 2770 2781
2771 2781 2782
2783 2781 2770
2763 2783 2770
2761 2783 2763
2782 2781 2784
2782 2784 2785
2786 2785 2784
2786 2787 2785
2786 2788 2787
2783 2789 2781
2761 2789 2783
2784 2781 2789
2761 2790 2789
2790 2761 2762
2784 2789 2791
2791 2789 2790
2786 2784 2791
2792 2790 2762
2791 2790 2792
2792 2762 2793
2794 2791 2792
2786 2791 2794
2795 2792 2793
2794 2792 2795
2795 2793 2796
2795 2796 2797
2795 2797 2798
2795 2798 2794
2798 2797 2799
2800 2786 2794
2798 2800 2794
2798 2799 2801
2800 2798 2801
2799 2802 2801
2800 2803 2786
2786 2803 2788
2803 2804 2788
2800 2805 2803
2803 2805 2804
2800 2801 2805
2806 2804 2805
2801 2807 2805
2806 2805 2807
2802 2808 2801
2801 2808 2807
2809 2806 2807
2809 2807 2808
2809 2810 2806
2802 2811 2808
2809 2808 2811
2811 2802 2812
2810 2809 2813
2811 2813 2809
2810 2813 2814
2814 2813 2815
2814 2815 2816
2811 2817 2813
2817 2815 2813
2811 2812 2818
2818 2817 2811
2819 2816 2815
2819 2820 2816
2819 2821 2820
2812 2822 2818
2812 2823 2822
2824 2818 2822
2824 2825 2818
2818 2825 2817
2826 2825 2824
2817 2827 2815
2825 2827 2817
2827 2819 2815
2826 2828 2825
2825 2828 2827
2829 2828 2826
2828 2830 2827
2829 2830 2828
2827 2830 2819
2830 2829 2831
2830 2832 2819
2819 2832 2821
2833 2821 2832
2830 2831 2834
2830 2834 2832
2831 2835 2834
2832 2834 2835
2831 2836 2835
2835 2836 2837
2833 2832 2838
2832 2835 2838
2837 2838 2835
2833 2838 2837
2839 2840 2841
2839 2842 2840
2842 2839 2843
2842 2843 2844
2845 2844 2843
2845 2846 2844
2847 2846 2845
2847 2845 2848
2849 2847 2848
2849 2848 2850
2851 2849 2850
2851 2850 2852
2853 2851 2852
2854 2855 2856
2854 2856 2857
2857 2858 2854
2857 2859 2858
2860 2858 2859
2860 2859 2861
2862 2860 2861
2862 2861 2863
2863 2864 2862
2863 2865 2864
2865 2866 2864
2865 2867 2866
2868 2866 2867
2868 2867 2869
2870 2868 2869
2870 2869 2871
2870 2871 2872
2870 2872 2873
2874 2873 2872
2874 2875 2873
2876 2877 2878
2876 2879 2877
2880 2877 2879
2880 2879 2881
2882 2883 2884
2882 2884 2885
2886 2885 2884
2886 2887 2885
2888 2889 2890
2888 2890 2891
2891 2892 2888
2891 2890 2893
2891 2894 2892
2895 2892 2894
2891 2893 2896
2891 2896 2894
2893 2897 2896
2898 2897 2893
2899 2898 2893
2896 2900 2894
2895 2894 2901
2901 2894 2900
2901 2900 2902
2901 2903 2895
2902 2904 2901
2901 2904 2903
2905 2903 2904
2905 2904 2906
2907 2905 2906
2907 2906 2908
2907 2908 2909
2899 2910 2911
2912 2910 2899
2913 2912 2899
2912 2913 2914
2912 2914 2915
2916 2915 2914
2916 2917 2915
2916 2918 2917
2918 2916 2919
2920 2918 2919
2919 2921 2920
2921 2922 2920
2920 2922 2923
2923 2922 2924
2923 2924 2925
2925 2924 2926
2926 2927 2925
2927 2928 2925
2929 2928 2927
2929 2930 2928
2931 2930 2929
2931 2932 2930
2933 2934 2932
2933 2935 2934
2935 2936 2934
2935 2937 2936
2938 2936 2937
2937 2939 2938
2939 2940 2938
2941 2938 2940
2941 2940 2942
2943 2941 2942
2944 2943 2942
2945 2943 2944
2943 2945 2946
2946 2945 2947
2947 2948 2946
2947 2949 2948
2947 2950 2949
2951 2949 2950
2951 2950 2952
2952 2953 2951
2951 2953 2954
2953 2955 2954
2953 2956 2957
2957 2956 2958
2956 2959 2958
2960 2959 2956
2960 2956 2961
2962 2960 2961
2962 2961 2963
2960 2962 2964
2960 2965 2959
2960 2964 2965
2959 2965 2966
2967 2965 2964
2968 2966 2965
2967 2968 2965
2968 2969 2966
2968 2967 2970
2969 2968 2971
2968 2970 2971
2972 2971 2970
2972 2973 2971
2974 2973 2972
2974 2975 2973
2974 2976 2975
2977 2978 2979
2977 2980 2978
2980 2981 2978
2980 2982 2981
2983 2982 2980
2983 2984 2982
2983 2985 2984
2986 2980 2977
2986 2983 2980
2987 2985 2983
2987 2988 2985
2989 2983 2986
2989 2987 2983
2988 2987 2990
2988 2990 2991
2987 2989 2992
2987 2992 2990
2990 2993 2991
2991 2993 2994
2990 2992 2995
2993 2990 2995
2992 2996 2995
2994 2993 2997
2997 2998 2994
2999 2993 2995
2996 2999 2995
2997 2993 2999
2989 3000 2992
2992 3000 2996
3001 2989 2986
2989 3002 3000
3001 3002 2989
2996 3000 3003
3003 3000 3002
3003 3002 3004
3002 3005 3004
3002 3001 3005
2996 3003 3006
3001 3007 3005
3008 2996 3006
3009 3001 2986
3001 3009 3007
2778 3007 3009
3009 2986 2977
2778 3009 3010
3010 3009 2977
3010 2977 3011
3008 3012 2996
2996 3012 2999
3008 3013 3012
2999 3012 3013
3008 3014 3013
2999 3013 3015
2997 2999 3015
3014 3016 3013
3015 3013 3016
3014 3017 3016
2997 3015 3018
3015 3016 3018
3017 3019 3016
3019 3018 3016
3017 3020 3019
3021 3019 3020
3021 3020 3022
3021 3022 3023
2997 3018 3024
3024 2998 2997
3019 3025 3018
3025 3024 3018
3021 3025 3019
3026 2998 3024
3025 3026 3024
3026 3027 2998
3028 3026 3025
3021 3028 3025
3029 3027 3026
3028 3029 3026
3029 3030 3027
3029 3031 3030
3029 3032 3031
3029 3028 3032
3032 3033 3031
3021 3023 3034
3034 3023 3035
3036 3028 3021
3032 3028 3036
3036 3021 3034
3037 3033 3032
3036 3037 3032
3033 3037 3038
3034 3035 3039
3036 3034 3039
3036 3039 3037
3040 3039 3035
3037 3039 3041
3040 3041 3039
3038 3037 3042
3037 3041 3042
3043 3041 3040
3043 3042 3041
3043 3040 3044
3038 3042 3045
3043 3045 3042
3045 3046 3038
3044 3047 3043
3045 3043 3047
3044 3048 3047
3048 3049 3047
3048 3050 3049
3045 3047 3051
3051 3047 3049
3045 3052 3046
3052 3045 3051
3053 3049 3050
3053 3050 3054
3053 3054 3055
3046 3052 3056
3046 3056 3057
3058 3056 3052
3058 3052 3059
3052 3051 3059
3060 3058 3059
3051 3049 3061
3059 3051 3061
3061 3049 3053
3060 3059 3062
3059 3061 3062
3063 3060 3062
3062 3061 3064
3063 3062 3064
3061 3053 3064
3064 3065 3063
3053 3055 3066
3064 3053 3066
3067 3066 3055
3064 3068 3065
3064 3066 3068
3065 3068 3069
3066 3069 3068
3065 3069 3070
3069 3071 3070
3067 3072 3066
3066 3072 3069
3071 3069 3072
3067 3071 3072
3073 3074 3075
3073 3075 3076
3076 3077 3073
3076 3078 3077
3079 3077 3078
3079 3078 3080
3081 3079 3080
3081 3082 3079
3083 3082 3081
3083 3084 3082
3085 3084 3083
3085 3086 3084
3087 3086 3085
3088 3089 3090
3088 3091 3089
3091 3088 3092
3091 3092 3093
3094 3093 3092
3094 3095 3093
3096 3095 3094
3096 3097 3095
3097 3096 3098
3097 3098 3099
3099 3098 3100
3099 3100 3101
3102 3101 3100
3102 3103 3101
3104 3103 3102
3104 3105 3103
3104 3106 3105
3104 3107 3106
3108 3106 3107
3108 3107 3109
3110 3111 3112
3110 3112 3113
3114 3113 3112
3114 3115 3113
3116 3117 3118
3116 3119 3117
3120 3117 3119
3120 3119 3121
3122 3123 3124
3122 3124 3125
3126 3127 3125
3126 3125 3128
3129 3130 3131
3129 3131 3132
3133 3134 3135
3133 3136 3134
3137 3136 3133
3137 3133 3138
3139 3140 3141
3139 3141 3142
3143 3144 3145
3143 3146 3144
3145 3144 3147
3146 3148 3144
3147 3144 3149
3148 3150 3144
3149 3144 3151
3150 3152 3144
3151 3144 3153
3152 3154 3144
3153 3144 3155
3154 3156 3144
3155 3144 3157
3156 3157 3144
3158 3159 3160
3159 3161 3160
3158 3160 3162
3162 3163 3158
3164 3160 3161
3164 3161 3165
3165 3166 3164
3167 3163 3162
3167 3164 3166
3167 3168 3163
3167 3166 3169
3169 3168 3167
3170 3171 3172
3173 3171 3170
3173 3170 3174
3170 3172 3175
3176 3175 3172
3176 3177 3175
3176 3178 3177
3176 3179 3178
3178 3179 3180
3178 3180 3181
3182 3183 3174
3182 3184 3183
3184 3182 3185
3184 3185 3186
3187 3186 3185
3187 3188 3186
3187 3189 3188
3187 3190 3189
3191 3190 3181
3191 3189 3190
3192 3193 3194
3195 3194 3193
3192 3196 3193
3197 3196 3192
3195 3193 3198
3198 3193 3196
3199 3195 3198
3197 3200 3196
3201 3200 3197
3199 3198 3202
3203 3199 3202
3198 3196 3204
3204 3196 3200
3198 3204 3202
3201 3205 3200
3200 3205 3204
3204 3205 3206
3204 3207 3202
3203 3202 3207
3204 3206 3207
3201 3208 3205
3205 3208 3206
3201 3209 3208
3203 3207 3210
3206 3210 3207
3203 3210 3211
3209 3212 3208
3212 3206 3208
3209 3213 3212
3214 3212 3213
3211 3210 3215
3215 3210 3206
3211 3215 3216
3215 3214 3216
3217 3212 3214
3212 3217 3206
3215 3206 3217
3217 3214 3215
3218 3219 3220
3221 3220 3219
3218 3220 3222
3222 3220 3223
3222 3223 3224
3225 3223 3220
3221 3225 3220
3225 3226 3223
3225 3221 3227
3225 3227 3228
3226 3225 3228
3229 3228 3227
3229 3230 3228
3230 3231 3228
3226 3228 3231
3230 3232 3231
3233 3231 3232
3233 3234 3231
3226 3231 3234
3235 3234 3233
3235 3236 3234
3226 3234 3237
3237 3234 3236
3237 3236 3221
3237 3238 3226
3221 3239 3237
3237 3239 3238
3224 3238 3239
3221 3240 3239
3224 3239 3241
3241 3239 3240
3241 3240 3218
3242 3243 3244
3245 3243 3242
3245 3242 3246
3242 3244 3247
3247 3244 3248
3248 3245 3249
3246 3242 3250
3250 3242 3247
3246 3250 3251
3248 3249 3252
3247 3248 3252
3252 3249 3251
3250 3247 3253
3253 3247 3252
3251 3250 3254
3254 3250 3253
3252 3251 3255
3253 3252 3255
3254 3253 3256
3256 3253 3255
3257 3255 3251
3251 3254 3257
3256 3255 3258
3257 3258 3255
3254 3256 3259
3259 3256 3258
3260 3258 3257
3259 3258 3260
3254 3259 3261
3257 3254 3261
3262 3259 3260
3261 3259 3262
3260 3257 3263
3257 3261 3263
3262 3260 3264
3264 3260 3263
3263 3261 3265
3261 3262 3265
3264 3263 3266
3263 3265 3266
3267 3262 3264
3267 3264 3268
3268 3264 3266
3269 3262 3267
3269 3265 3262
3268 3266 3270
3270 3265 3269
3270 3266 3265
3271 3272 3273
3274 3273 3272
3271 3275 3272
3276 3275 3271
3276 3274 3277
3274 3272 3277
3276 3277 3278
3276 3278 3275
3279 3277 3272
3278 3277 3279
3280 3272 3275
3279 3272 3280
3278 3281 3275
3280 3275 3281
3278 3279 3282
3278 3282 3281
3279 3283 3282
3281 3282 3283
3280 3281 3284
3281 3283 3284
3279 3285 3283
3280 3285 3279
3284 3283 3286
3285 3286 3283
3280 3284 3287
3280 3287 3285
3284 3286 3288
3287 3284 3288
3287 3289 3285
3285 3289 3286
3287 3288 3290
3287 3290 3289
3291 3288 3286
3292 3288 3291
3292 3290 3288
3291 3286 3293
3293 3286 3289
3294 3290 3292
3293 3289 3294
3294 3289 3290
3295 3296 3297
3298 3297 3296
3295 3297 3299
3300 3295 3299
3300 3301 3298
3298 3301 3297
3300 3299 3302
3300 3302 3301
3297 3303 3299
3302 3299 3303
3301 3304 3297
3297 3304 3303
3301 3302 3305
3302 3303 3305
3301 3306 3304
3301 3305 3306
3303 3304 3307
3306 3307 3304
3305 3308 3306
3306 3308 3307
3305 3303 3309
3303 3307 3309
3305 3310 3308
3305 3309 3310
3307 3308 3311
3310 3311 3308
3309 3307 3312
3307 3311 3312
3310 3313 3311
3313 3310 3309
3312 3311 3314
3313 3314 3311
3309 3312 3315
3313 3309 3315
3312 3314 3316
3315 3312 3316
3315 3317 3313
3313 3317 3314
3315 3316 3318
3315 3318 3317
3319 3316 3314
3320 3316 3319
3320 3318 3316
3319 3314 3321
3321 3314 3317
3322 3318 3320
3321 3317 3322
3322 3317 3318
3323 3324 3325
3326 3325 3324
3326 3327 3325
3327 3328 3325
3329 3327 3326
3329 3330 3327
3330 3331 3327
3327 3331 3328
3330 3332 3331
3331 3332 3333
3333 3329 3334
3331 3333 3335
3333 3334 3335
3328 3331 3335
3336 3335 3334
3328 3335 3336
3336 3334 3337
3336 3337 3323
3338 3325 3328
3323 3325 3338
3336 3323 3339
3328 3336 3339
3340 3323 3338
3339 3323 3340
3338 3328 3341
3328 3339 3341
3340 3338 3342
3342 3338 3341
3339 3340 3343
3341 3339 3343
3344 3340 3342
3343 3340 3344
3342 3341 3345
3341 3343 3345
3344 3342 3346
3346 3342 3345
3345 3343 3347
3343 3344 3347
3346 3345 3348
3345 3347 3348
3349 3344 3346
3349 3346 3350
3350 3346 3348
3351 3344 3349
3351 3347 3344
3350 3348 3352
3352 3347 3351
3352 3348 3347
3353 3354 3355
3356 3355 3354
3356 3357 3355
3355 3357 3358
3359 3353 3355
3355 3358 3359
3359 3360 3353
3361 3359 3358
3359 3362 3360
3361 3363 3359
3359 3363 3362
3363 3361 3364
3362 3363 3365
3363 3364 3365
3366 3367 3368
3367 3369 3368
3366 3370 3367
3370 3366 3371
3370 3371 3372
3372 3371 3373
3372 3373 3374
3375 3374 3373
3367 3376 3369
3370 3377 3367
3376 3367 3377
3378 3370 3372
3370 3378 3377
3378 3372 3379
3380 3372 3374
3381 3378 3379
3377 3378 3381
3381 3379 3382
3381 3382 3383
3369 3376 3384
3369 3384 3385
3384 3376 3386
3376 3377 3386
3384 3386 3387
3377 3381 3388
3388 3381 3383
3388 3386 3377
3389 3387 3386
3388 3389 3386
3389 3388 3383
3389 3390 3387
3390 3389 3383
3385 3391 3392
3385 3392 3393
3394 3392 3391
3392 3375 3393
3394 3395 3392
3396 3395 3394
3392 3397 3375
3375 3397 3374
3396 3398 3395
3398 3396 3399
3392 3395 3400
3392 3400 3397
3398 3400 3395
3401 3374 3397
3401 3397 3400
3380 3374 3401
3402 3380 3401
3402 3401 3403
3402 3403 3399
3403 3401 3400
3398 3404 3400
3404 3398 3399
3403 3400 3404
3403 3404 3399
3405 3406 3407
3405 3408 3406
3407 3406 3409
3408 3410 3406
3411 3409 3406
3412 3406 3410
3411 3406 3413
3412 3414 3406
3415 3413 3406
3416 3406 3414
3417 3415 3406
3418 3406 3416
3417 3406 3419
3418 3420 3406
3419 3406 3421
3420 3422 3406
3423 3421 3406
3424 3406 3422
3423 3406 3425
3424 3426 3406
3427 3425 3406
3428 3406 3426
3429 3427 3406
3429 3406 3428
3430 3431 3432
3430 3432 3433
3434 3431 3430
3433 3435 3430
3436 3434 3430
3430 3435 3437
3430 3438 3436
3437 3439 3430
3440 3438 3430
3439 3441 3430
3430 3442 3440
3430 3441 3443
3430 3444 3442
3430 3443 3445
3446 3444 3430
3445 3447 3430
3448 3446 3430
3430 3447 3449
3430 3450 3448
3449 3451 3430
3452 3450 3430
3451 3453 3430
3430 3454 3452
3430 3453 3454
3455 3456 3457
3458 3456 3455
3457 3456 3459
3458 3460 3456
3459 3456 3461
3460 3462 3456
3461 3456 3463
3462 3464 3456
3463 3456 3465
3464 3466 3456
3465 3456 3467
3466 3468 3456
3469 3467 3456
3468 3469 3456
3470 3471 3472
3473 3471 3470
3472 3471 3474
3475 3472 3474
3476 3472 3475
3476 3477 3472
3478 3473 3477
3478 3477 3476
3476 3479 3478
3476 3480 3479
3478 3479 3481
3482 3480 3476
3476 3475 3482
3482 3483 3480
3484 3483 3482
3482 3475 3484
3484 3485 3483
3486 3484 3475
3486 3475 3474
3486 3485 3484
3478 3487 3473
3478 3481 3487
3487 3481 3488
3487 3488 3489
3489 3473 3487
3489 3488 3490
3491 3473 3489
3489 3490 3491
3491 3492 3473
3492 3471 3473
3493 3486 3474
3486 3494 3485
3493 3494 3486
3495 3474 3471
3493 3474 3495
3494 3496 3485
3497 3485 3496
3498 3497 3496
3491 3490 3499
3491 3499 3500
3492 3491 3500
3500 3499 3501
3500 3501 3502
3492 3500 3502
3502 3501 3503
3492 3502 3504
3504 3471 3492
3495 3471 3505
3504 3505 3471
3506 3504 3502
3502 3503 3506
3507 3505 3504
3507 3504 3506
3506 3503 3508
3506 3508 3507
3507 3508 3509
3510 3505 3507
3510 3495 3505
3507 3509 3510
3510 3511 3495
3510 3509 3512
3510 3512 3511
3511 3512 3513
3514 3495 3511
3511 3513 3514
3493 3495 3514
3514 3515 3493
3514 3513 3515
3493 3515 3494
3515 3513 3516
3513 3517 3516
3509 3516 3517
3515 3518 3494
3515 3516 3518
3519 3518 3516
3494 3518 3496
3509 3520 3516
3519 3516 3520
3509 3521 3520
3496 3518 3522
3522 3518 3519
3498 3496 3522
3498 3522 3523
3524 3498 3523
3525 3522 3519
3524 3523 3526
3526 3525 3519
3524 3526 3481
3527 3481 3526
3490 3527 3526
3521 3528 3520
3519 3520 3528
3521 3503 3528
3503 3529 3528
3490 3526 3530
3530 3526 3519
3519 3528 3530
3529 3530 3528
3531 3490 3530
3529 3531 3530
3532 3533 3534
3535 3534 3533
3532 3534 3536
3537 3532 3536
3537 3538 3535
3535 3538 3534
3537 3536 3539
3537 3539 3538
3536 3540 3539
3538 3539 3540
3534 3541 3536
3536 3541 3540
3534 3538 3542
3538 3540 3542
3541 3543 3540
3542 3540 3543
3534 3544 3541
3534 3542 3544
3542 3543 3545
3544 3542 3545
3544 3546 3541
3541 3546 3543
3545 3543 3547
3546 3547 3543
3544 3548 3546
3544 3545 3548
3545 3547 3549
3548 3545 3549
3548 3550 3546
3546 3550 3547
3549 3547 3551
3550 3551 3547
3548 3552 3550
3548 3549 3552
3549 3551 3553
3552 3549 3553
3552 3554 3550
3550 3554 3551
3552 3553 3555
3552 3555 3554
3551 3556 3553
3555 3553 3556
3554 3557 3551
3551 3557 3556
3555 3558 3554
3554 3558 3557
3555 3556 3559
3555 3559 3558
3560 3556 3557
3561 3556 3560
3561 3559 3556
3560 3557 3562
3562 3557 3558
3563 3559 3561
3562 3558 3563
3563 3558 3559
3564 3565 3566
3565 3567 3566
3565 3568 3567
3568 3569 3567
3568 3570 3569
3566 3567 3571
3567 3569 3571
3570 3572 3569
3570 3573 3572
3569 3574 3571
3569 3572 3574
3575 3571 3574
3566 3571 3576
3575 3576 3571
3572 3577 3574
3575 3574 3577
3578 3566 3576
3564 3566 3578
3573 3579 3572
3572 3579 3577
3575 3580 3576
3578 3576 3580
3573 3581 3579
3581 3582 3579
3579 3582 3577
3581 3583 3582
3582 3584 3577
3575 3577 3584
3582 3585 3584
3583 3585 3582
3575 3584 3586
3585 3586 3584
3575 3587 3580
3575 3586 3587
3588 3578 3580
3589 3580 3587
3589 3588 3580
3590 3587 3586
3590 3589 3587
3585 3591 3586
3591 3590 3586
3592 3591 3585
3583 3592 3585
3592 3593 3591
3593 3590 3591
3594 3589 3590
3593 3594 3590
3594 3595 3589
3595 3588 3589
3596 3578 3588
3595 3596 3588
3596 3564 3578
3597 3596 3595
3598 3564 3596
3597 3598 3596
3599 3597 3595
3599 3595 3600
3601 3600 3593
3601 3599 3600
3602 3597 3599
3602 3599 3601
3603 3601 3593
3603 3593 3604
3598 3605 3564
3605 3606 3564
3607 3598 3597
3602 3607 3597
3608 3607 3602
3609 3602 3601
3609 3601 3603
3608 3602 3609
3607 3610 3598
3610 3605 3598
3608 3610 3607
3605 3611 3606
3610 3611 3605
3611 3612 3606
3613 3603 3604
3613 3604 3583
3614 3609 3603
3614 3603 3613
3608 3609 3614
3615 3613 3583
3614 3613 3615
3615 3583 3616
3610 3617 3611
3608 3617 3610
3611 3618 3612
3617 3618 3611
3618 3619 3612
3620 3614 3615
3608 3614 3620
3621 3615 3616
3620 3615 3621
3621 3616 3573
3608 3622 3617
3608 3620 3622
3617 3622 3618
3622 3620 3621
3623 3573 3619
3618 3623 3619
3622 3623 3618
3623 3621 3573
3622 3621 3623
3624 3625 3626
3625 3627 3626
3625 3628 3627
3628 3629 3627
3628 3630 3629
3626 3627 3631
3627 3629 3631
3624 3626 3632
3626 3631 3633
3632 3626 3633
3634 3633 3631
3629 3635 3631
3634 3631 3635
3629 3636 3635
3630 3636 3629
3632 3633 3637
3634 3637 3633
3634 3635 3638
3636 3638 3635
3639 3624 3632
3640 3632 3637
3639 3632 3640
3641 3640 3637
3634 3642 3637
3641 3637 3642
3643 3639 3640
3643 3640 3641
3644 3624 3639
3645 3639 3643
3645 3644 3639
3644 3646 3624
3646 3647 3624
3646 3648 3647
3648 3649 3647
3650 3646 3644
3650 3648 3646
3648 3651 3649
3651 3630 3649
3652 3644 3645
3652 3650 3644
3653 3650 3652
3650 3654 3648
3654 3651 3648
3653 3654 3650
3655 3652 3645
3653 3652 3655
3656 3645 3643
3655 3645 3656
3654 3657 3651
3653 3657 3654
3651 3658 3630
3657 3658 3651
3656 3643 3659
3659 3643 3641
3655 3656 3660
3660 3656 3659
3658 3661 3630
3630 3661 3636
3657 3662 3658
3658 3662 3661
3659 3641 3663
3663 3641 3642
3660 3659 3664
3665 3659 3663
3666 3655 3660
3653 3655 3666
3667 3660 3664
3666 3660 3667
3667 3664 3668
3653 3669 3657
3657 3669 3662
3653 3666 3670
3670 3666 3667
3653 3670 3669
3671 3667 3668
3670 3667 3671
3671 3668 3672
3669 3670 3673
3670 3671 3673
3673 3671 3672
3669 3673 3662
3673 3672 3674
3662 3673 3674
3662 3674 3661
3661 3674 3675
3661 3675 3636
3636 3675 3638
3674 3676 3675
3675 3676 3638
3674 3677 3676
3676 3678 3638
3634 3638 3678
3677 3679 3676
3676 3679 3678
3677 3680 3679
3634 3678 3681
3679 3681 3678
3634 3681 3642
3663 3642 3681
3680 3682 3679
3679 3682 3681
3682 3663 3681
3680 3665 3682
3665 3663 3682
