byte offset: 0
first index: 126
index count: 11346
topology: trianglelist
format: DXGI_FORMAT_R16_UINT

47 48 49
50 51 48
52 50 48
53 52 48
54 52 53
54 55 52
56 48 51
55 57 52
52 57 50
55 58 57
51 59 56
59 60 56
61 59 51
61 51 62
63 61 62
63 62 64
65 63 64
51 66 62
66 64 62
50 67 51
51 67 66
57 68 50
67 50 68
65 64 69
70 65 69
70 69 71
66 67 72
67 68 72
66 73 64
73 69 64
73 66 74
75 73 74
76 71 69
73 76 69
73 75 76
76 77 71
75 77 76
75 78 77
75 79 78
72 80 75
75 80 79
72 68 81
72 81 80
80 82 79
83 79 82
84 80 81
80 84 82
85 83 82
85 86 83
87 86 85
82 88 85
87 85 89
89 85 88
90 88 82
90 82 84
91 87 89
91 92 87
93 91 89
89 88 94
93 89 94
94 88 90
95 93 94
94 90 95
95 96 93
97 90 84
95 90 97
98 96 95
95 97 98
98 99 96
100 97 84
84 81 100
98 97 101
100 101 97
98 101 102
103 98 102
103 102 104
104 102 105
106 100 81
107 101 100
107 100 106
101 107 108
101 108 109
110 109 108
111 109 110
110 108 112
108 107 113
113 107 106
112 108 114
108 113 114
112 114 115
106 81 116
116 81 68
115 114 117
115 117 118
117 119 118
114 58 117
114 113 58
113 106 120
106 116 120
121 113 120
121 58 113
120 116 121
116 68 122
121 116 122
58 121 122
57 122 68
58 122 57
123 124 125
126 127 128
129 130 131
130 132 133
133 132 134
133 134 135
136 134 132
130 136 132
136 137 134
130 138 136
139 138 130
136 138 140
139 140 138
137 136 141
136 140 141
139 130 142
142 130 143
143 144 142
143 145 144
142 144 146
142 146 147
147 139 142
148 147 146
147 149 139
139 150 140
148 151 147
151 149 147
151 148 152
151 152 153
154 153 152
154 155 153
156 153 155
156 157 153
157 151 153
157 156 158
151 159 149
157 159 151
157 158 160
159 157 160
160 158 161
162 149 159
160 162 159
162 163 149
160 161 164
150 160 164
164 161 165
166 165 161
165 166 167
150 164 168
150 168 140
164 165 169
169 168 164
165 167 170
170 167 171
165 170 172
169 165 172
170 171 173
172 170 173
171 174 173
171 175 174
176 173 174
176 177 173
172 173 177
177 176 178
179 172 177
169 172 179
177 178 180
179 177 180
181 169 179
181 179 180
178 182 180
181 180 182
178 183 182
184 181 182
185 184 182
185 182 186
182 187 186
188 183 187
189 184 185
190 184 189
191 184 190
192 169 181
169 192 168
191 193 184
194 193 191
184 195 181
192 181 195
196 195 184
196 192 195
196 184 193
197 168 192
196 197 192
198 196 193
198 197 196
194 199 193
198 193 199
197 200 168
200 140 168
200 141 140
201 199 194
201 194 202
203 201 202
137 199 201
137 198 199
137 141 204
204 141 200
204 198 137
198 205 197
197 205 200
204 205 198
205 204 200
206 207 208
209 207 206
209 210 207
210 209 211
210 211 212
212 211 213
212 213 214
214 213 215
214 215 216
215 217 216
215 218 217
218 219 217
218 220 219
221 219 220
221 220 222
223 221 222
223 222 224
225 223 224
225 226 223
225 227 226
225 228 227
229 227 228
229 230 227
230 229 231
230 231 232
232 231 233
232 233 234
233 235 234
236 237 238
239 236 238
239 238 240
240 241 239
240 242 241
242 243 241
242 244 243
244 245 243
244 246 245
245 246 247
245 247 248
248 247 249
248 249 250
251 250 249
251 252 250
253 252 251
253 254 252
255 254 253
255 253 256
255 256 257
255 257 258
259 258 257
259 257 260
260 261 259
260 262 261
262 263 261
262 264 263
263 264 265
266 267 268
267 269 268
267 270 269
270 271 269
270 272 271
272 273 271
272 274 273
274 275 273
274 276 275
275 276 277
275 277 278
278 277 279
278 279 280
281 280 279
282 283 284
283 282 285
283 285 286
287 286 285
287 288 286
288 287 289
288 289 290
291 290 289
291 292 290
292 291 293
292 293 294
293 295 294
293 296 295
297 295 296
298 299 300
301 300 299
301 299 302
303 301 302
303 302 304
305 303 304
305 306 303
307 306 305
307 308 306
309 308 307
309 310 308
311 310 309
311 312 310
312 311 313
314 315 316
316 317 314
316 318 317
319 317 318
319 318 320
320 321 319
320 322 321
323 321 322
323 322 324
324 325 323
324 326 325
325 326 327
325 327 328
328 327 329
330 331 332
330 333 331
334 333 330
331 333 335
331 335 336
334 337 333
335 333 337
336 335 338
336 338 339
334 340 337
334 341 340
342 340 341
335 337 343
338 335 343
343 337 340
342 344 340
342 345 344
342 346 345
345 346 347
343 340 348
344 348 340
338 343 349
349 343 348
344 350 348
345 350 344
339 338 351
351 338 349
339 351 352
351 349 353
354 339 352
349 348 355
353 349 355
350 355 348
353 355 356
354 357 339
357 354 358
357 359 339
357 358 360
361 356 355
350 361 355
361 362 356
357 363 359
363 357 360
363 364 359
363 360 365
363 366 364
365 366 363
366 367 364
365 368 366
366 369 367
369 366 368
369 370 367
369 368 371
369 372 370
369 371 373
369 373 372
374 375 362
374 362 361
375 374 376
375 376 377
378 374 361
378 361 350
345 378 350
374 378 379
379 378 345
374 379 376
377 376 380
377 380 381
376 382 380
376 379 382
379 345 383
345 347 383
384 383 347
385 379 383
384 385 383
385 382 379
386 385 384
380 382 387
387 382 385
380 387 388
386 389 385
387 385 389
390 389 386
390 391 389
392 391 390
393 387 389
393 389 391
392 394 391
394 393 391
395 394 392
396 387 393
396 388 387
395 397 394
398 397 395
398 399 397
400 397 399
394 401 393
401 396 393
402 394 397
400 402 397
402 401 394
400 403 402
400 404 403
405 401 402
401 405 396
405 402 403
406 405 403
406 403 407
403 408 407
409 405 406
409 396 405
396 409 410
388 396 410
411 410 409
411 409 412
413 388 410
411 413 410
414 411 412
414 412 415
415 416 414
415 417 416
411 414 418
418 414 416
418 416 419
420 418 419
420 419 421
420 421 422
420 422 423
420 423 424
411 418 425
420 425 418
411 425 413
420 424 426
420 426 425
413 425 426
426 424 427
413 426 428
426 427 428
388 413 428
428 427 429
388 428 430
428 429 430
431 432 433
431 434 432
435 434 431
435 436 434
437 436 435
437 435 438
439 437 438
439 438 440
441 439 440
441 442 439
442 441 443
442 443 444
444 443 445
444 445 446
446 445 447
446 447 448
448 447 449
436 450 434
437 451 436
436 451 450
452 437 439
437 452 451
442 453 439
452 439 453
454 442 444
442 454 453
446 455 444
454 444 455
456 446 448
446 456 455
434 450 457
434 457 432
458 451 452
453 459 452
458 452 459
460 453 454
453 460 459
461 454 455
460 454 461
462 450 451
462 451 458
456 463 455
461 455 463
464 457 450
464 450 462
465 458 459
466 458 465
466 462 458
465 459 467
460 467 459
462 466 468
462 468 464
460 469 467
469 460 461
469 461 470
470 461 463
464 468 471
470 463 472
464 471 473
473 457 464
473 471 474
475 472 463
456 475 463
475 476 472
473 477 457
432 457 477
473 474 478
477 473 478
479 478 474
475 456 480
456 448 480
481 476 475
475 480 481
481 482 476
432 477 483
484 432 483
485 480 448
448 449 485
486 482 481
486 487 482
481 480 488
485 488 480
481 488 486
489 483 477
477 478 489
490 484 483
489 490 483
490 491 484
490 492 491
490 493 492
489 493 490
493 494 492
495 488 485
486 488 495
496 489 478
489 496 493
493 497 494
497 493 496
498 494 497
499 495 485
499 485 449
500 499 449
486 495 501
487 486 501
487 501 502
503 499 500
503 500 504
505 495 499
501 495 505
503 505 499
502 501 506
501 505 506
502 506 507
506 508 507
503 504 509
510 509 504
511 506 505
506 511 508
512 505 503
511 505 512
509 512 503
510 513 509
514 513 510
514 515 513
513 515 516
513 517 509
517 512 509
517 513 516
512 518 511
508 511 518
512 517 518
517 516 519
517 519 518
519 516 520
519 520 521
508 518 522
508 522 523
519 524 518
522 518 524
519 521 525
519 525 524
522 524 526
525 526 524
527 525 521
525 527 526
527 521 528
529 527 528
530 523 522
530 522 526
531 526 527
529 531 527
526 531 530
530 531 532
529 532 531
523 530 533
530 532 533
523 533 534
535 534 533
535 533 536
536 533 532
536 532 537
532 538 537
532 539 538
529 539 532
540 538 539
529 540 539
540 541 538
542 541 540
542 540 543
544 542 543
544 543 545
546 545 543
547 543 540
546 543 547
529 548 540
547 540 548
547 549 546
550 546 549
529 551 548
529 552 551
551 552 553
554 547 548
548 551 554
547 554 549
551 553 555
555 554 551
549 554 556
555 556 554
557 555 553
557 556 555
557 553 558
557 558 559
549 556 560
557 560 556
550 549 560
561 557 559
561 560 557
561 559 562
559 563 562
564 562 563
564 565 562
565 566 562
562 566 561
565 567 566
568 560 561
566 568 561
569 566 567
566 569 568
569 567 570
550 560 571
568 571 560
569 570 572
570 573 572
569 574 568
571 568 574
569 572 574
575 550 571
571 574 575
575 576 550
577 576 575
577 575 578
578 575 574
579 577 578
572 580 574
578 574 580
579 578 581
581 578 580
581 582 579
572 573 583
572 583 580
581 584 582
584 585 582
581 580 586
583 586 580
584 581 586
587 583 573
587 573 588
583 589 586
584 586 589
583 587 589
584 590 585
590 584 589
590 591 585
592 587 588
592 588 593
594 589 587
590 589 594
594 587 592
590 595 591
594 595 590
596 591 595
597 592 593
597 593 598
592 599 594
594 599 595
592 597 599
596 595 600
600 595 599
601 596 600
602 597 598
602 598 603
604 599 597
600 599 604
604 597 602
601 600 605
605 600 604
605 606 601
603 607 602
603 608 607
602 609 604
605 604 609
602 607 609
605 610 606
609 610 605
611 606 610
612 607 608
612 608 613
614 612 613
615 609 607
609 615 610
615 607 612
611 610 616
616 610 615
617 611 616
612 618 615
616 615 618
617 616 619
619 616 618
619 620 617
614 621 612
612 621 618
619 622 620
622 623 620
619 618 624
621 624 618
622 619 624
614 625 621
621 625 624
614 626 625
622 627 623
627 628 623
622 624 629
625 629 624
627 622 629
626 630 625
625 630 629
626 631 630
630 632 629
627 629 632
630 633 632
627 634 628
632 634 627
635 628 634
636 632 633
632 636 634
635 634 637
635 637 638
635 638 639
640 637 634
640 634 636
640 638 637
639 638 641
639 641 642
643 642 641
640 644 638
641 638 644
643 641 645
646 643 645
641 644 647
645 641 647
648 644 640
648 647 644
636 649 640
648 640 649
636 650 649
636 633 650
650 633 651
651 633 652
650 651 653
650 653 654
650 654 649
649 654 655
649 655 648
656 648 655
656 657 648
648 657 647
656 658 657
657 659 647
645 647 659
660 657 658
657 660 659
660 658 661
659 662 645
646 645 662
661 663 660
661 664 663
660 665 659
659 665 662
660 663 665
666 646 662
665 666 662
666 667 646
668 667 666
664 669 663
664 670 669
663 671 665
665 671 666
663 669 671
668 666 672
671 672 666
673 669 670
673 670 674
669 675 671
671 675 672
669 673 675
676 668 672
675 676 672
676 677 668
678 677 676
674 679 673
674 680 679
673 681 675
675 681 676
673 679 681
678 676 682
681 682 676
680 683 679
680 684 683
685 683 684
679 686 681
681 686 682
679 683 686
678 682 687
687 682 686
678 687 688
689 688 687
689 690 688
691 690 689
687 686 692
692 686 683
689 687 692
685 693 683
692 683 693
693 685 694
693 694 695
695 692 693
695 694 696
695 697 692
689 692 697
695 696 698
697 695 698
698 696 699
698 699 700
701 700 699
697 698 702
702 698 700
703 689 697
703 697 702
701 704 700
705 704 701
702 700 706
703 702 706
704 706 700
689 703 707
691 689 707
691 707 708
708 707 703
691 708 709
710 709 708
703 706 711
708 703 711
704 712 706
712 711 706
705 713 704
712 704 713
712 714 711
714 708 711
710 708 715
715 716 710
705 717 713
705 718 717
712 713 719
714 712 719
714 720 708
715 708 720
718 721 717
718 722 721
723 713 717
723 719 713
714 719 724
720 714 724
725 721 722
725 722 726
717 721 727
717 727 723
728 719 723
728 724 719
729 725 726
729 726 730
731 721 725
731 727 721
723 727 732
723 732 728
728 732 733
728 733 734
734 724 728
735 732 727
735 727 731
733 732 735
736 731 725
736 725 729
735 731 736
735 736 737
738 729 730
738 730 739
729 740 736
729 738 740
737 736 740
739 741 738
740 738 741
739 742 741
743 741 742
743 744 741
745 744 743
740 741 746
744 746 741
745 747 744
747 745 748
737 749 735
733 735 749
737 740 750
750 740 746
744 751 746
747 751 744
747 748 752
753 752 748
754 733 749
754 749 737
754 737 755
737 756 755
737 750 756
754 757 733
758 733 757
759 756 750
758 760 733
760 758 761
760 734 733
759 750 762
750 746 762
751 762 746
759 762 763
751 763 762
759 763 764
763 765 764
766 763 751
747 766 751
752 766 747
763 767 765
766 767 763
752 768 766
768 767 766
765 767 769
768 769 767
765 769 770
769 771 770
772 768 752
753 772 752
773 772 753
774 769 768
772 774 768
773 775 772
775 774 772
775 773 776
769 777 771
774 777 769
775 776 778
498 778 776
498 497 778
775 779 774
779 777 774
778 779 775
771 777 780
779 780 777
771 780 781
778 782 779
497 782 778
780 779 782
781 780 783
780 782 783
781 783 784
785 784 783
497 786 782
783 782 786
497 496 786
785 783 787
783 786 787
496 787 786
479 785 787
496 788 787
479 787 788
496 478 788
479 788 478
789 790 791
789 791 792
793 789 792
793 794 789
791 795 792
795 793 792
791 796 795
794 793 797
794 797 798
795 799 793
797 793 799
795 796 800
799 795 800
796 801 800
798 797 802
798 802 803
804 803 802
804 805 803
797 806 802
804 802 806
807 805 804
807 808 805
809 808 807
799 800 810
801 810 800
797 799 811
797 811 806
804 806 812
807 804 812
799 810 813
799 813 811
811 814 806
814 812 806
811 813 814
815 813 810
801 815 810
815 816 813
816 814 813
801 817 815
817 816 815
807 812 818
814 819 812
818 812 819
818 820 807
809 807 820
818 821 820
821 818 822
818 819 822
821 822 823
819 814 824
816 824 814
825 822 819
819 824 825
826 823 822
825 826 822
826 827 823
816 828 824
825 824 828
826 825 829
825 828 829
827 826 830
826 829 830
827 830 831
830 832 831
816 833 828
817 833 816
834 829 828
833 834 828
830 829 835
834 835 829
830 836 832
830 835 836
837 832 836
837 838 832
837 761 838
837 839 761
760 761 839
840 839 837
836 840 837
760 839 841
840 841 839
842 841 840
836 843 840
843 842 840
836 835 844
836 844 843
835 834 845
835 845 844
846 844 845
760 841 847
760 847 734
843 844 848
846 848 844
849 845 834
833 849 834
842 850 841
847 841 850
851 734 847
734 851 724
720 724 851
851 847 852
847 850 852
851 853 720
851 852 853
853 852 850
715 720 853
853 850 854
715 853 854
842 854 850
715 854 855
715 855 716
856 855 854
842 856 854
857 716 855
856 857 855
857 858 716
857 859 858
860 857 856
857 860 859
861 856 842
860 856 861
862 859 860
862 863 859
864 863 862
861 842 865
843 865 842
843 848 865
861 865 848
861 848 866
860 861 866
846 866 848
860 866 867
862 860 867
864 862 868
868 869 864
846 870 866
867 866 870
862 867 871
868 862 871
868 872 869
873 869 872
867 870 874
874 871 867
868 871 875
875 872 868
873 872 876
876 877 873
874 878 871
875 871 878
875 879 872
876 872 879
876 880 877
881 877 880
881 880 882
880 883 882
880 876 884
876 879 884
880 885 883
880 884 885
885 886 883
879 875 887
875 878 887
888 884 879
879 887 888
885 889 886
890 886 889
885 884 891
885 891 889
888 891 884
890 889 892
892 889 891
893 890 892
894 887 878
894 888 887
895 891 888
892 891 895
893 892 896
896 897 893
895 888 898
894 898 888
892 895 899
892 899 896
899 895 898
894 878 900
900 878 874
900 874 901
901 874 870
901 870 902
902 870 846
896 903 897
904 903 896
904 896 899
897 903 905
905 903 904
897 905 906
905 904 907
899 908 904
904 908 907
907 908 909
899 910 908
909 908 910
899 898 910
911 910 898
909 910 911
911 898 894
912 911 894
909 911 912
912 894 900
907 909 913
913 914 907
913 915 914
915 916 914
917 913 909
917 915 913
900 918 912
900 901 918
909 912 919
917 909 919
912 920 919
912 918 920
921 918 901
921 901 902
915 922 916
923 916 922
917 919 924
919 920 924
925 920 918
925 918 921
926 921 902
902 846 926
927 924 920
925 927 920
928 927 925
929 925 921
929 928 925
924 927 930
927 928 930
917 924 931
931 924 930
932 926 846
932 846 845
849 932 845
926 933 921
929 921 933
926 932 934
926 934 933
934 932 849
929 933 934
934 849 935
833 935 849
833 817 935
929 934 936
936 934 935
929 936 928
817 937 935
936 935 937
928 936 938
936 937 938
817 939 937
801 939 817
938 937 940
939 940 937
938 941 928
940 941 938
942 939 801
942 940 939
928 941 943
928 943 930
944 941 940
942 944 940
942 801 945
796 945 801
945 796 946
945 946 947
942 945 947
947 946 948
949 943 941
944 949 941
950 930 943
931 930 950
942 951 944
942 947 951
947 948 952
923 952 948
953 944 951
944 953 949
947 954 951
947 952 954
953 951 954
923 955 952
955 954 952
923 922 955
949 956 943
950 943 956
949 957 956
957 949 953
950 956 957
958 953 954
957 953 958
957 959 950
957 958 959
931 950 959
955 922 960
958 960 959
915 960 922
954 955 961
958 954 961
960 961 955
958 961 960
959 962 931
959 960 962
915 962 960
917 931 962
917 962 915
963 964 965
963 965 966
967 963 966
965 968 966
965 969 968
967 966 970
968 970 966
969 971 968
969 972 971
967 970 973
967 973 974
975 974 973
968 976 970
971 976 968
976 973 970
975 973 977
975 977 978
975 978 979
978 980 979
976 981 973
977 973 981
971 982 976
982 981 976
977 981 983
978 977 983
972 984 971
984 982 971
972 985 984
984 986 982
987 985 972
982 988 981
986 988 982
983 981 988
986 989 988
987 972 990
990 991 987
990 972 992
990 993 991
994 988 989
983 988 994
994 989 995
990 992 996
996 993 990
996 992 997
996 998 993
996 997 999
998 996 999
999 997 1000
998 999 1001
999 1000 1002
1002 1001 999
1002 1000 1003
1002 1004 1001
1002 1003 1005
1002 1006 1004
1002 1005 1006
1007 994 995
1007 995 1008
1009 994 1007
1009 983 994
978 983 1009
1008 1010 1007
1008 1011 1010
1007 1012 1009
1012 978 1009
1007 1010 1012
1011 1013 1010
1011 1014 1013
1010 1013 1015
1010 1015 1012
1012 1016 978
978 1016 980
1017 980 1016
1018 1016 1012
1017 1016 1018
1018 1012 1015
1019 1017 1018
1013 1020 1015
1020 1018 1015
1013 1021 1020
1019 1018 1022
1020 1022 1018
1023 1019 1022
1023 1022 1024
1025 1023 1024
1026 1022 1020
1026 1024 1022
1025 1024 1027
1027 1024 1026
1028 1025 1027
1029 1026 1020
1029 1020 1021
1028 1027 1030
1031 1028 1030
1031 1030 1032
1033 1032 1030
1027 1026 1034
1034 1026 1029
1035 1030 1027
1033 1030 1035
1035 1027 1034
1033 1035 1036
1033 1036 1037
1038 1035 1034
1034 1029 1038
1038 1036 1035
1039 1036 1038
1039 1040 1036
1040 1041 1036
1042 1039 1038
1042 1038 1029
1029 1043 1042
1021 1043 1029
1044 1042 1043
1044 1045 1042
1046 1043 1021
1044 1043 1046
1047 1045 1044
1047 1048 1045
1048 1047 1049
1048 1049 1050
1051 1049 1047
1044 1051 1047
1051 1052 1049
1053 1052 1051
1044 1054 1051
1044 1046 1054
1053 1051 1054
1053 1055 1052
1053 1056 1055
1053 1057 1056
1053 1058 1057
1053 1054 1059
1053 1059 1058
1046 1059 1054
1059 1060 1058
1046 1061 1059
1059 1061 1060
1021 1061 1046
1061 1062 1060
1021 1063 1061
1061 1063 1062
1052 1064 1065
1066 1065 1064
1067 1065 1066
1067 1066 1068
1068 1069 1067
1068 1070 1069
1069 1070 1071
1069 1071 1072
1073 1072 1071
1074 1069 1072
1075 1069 1074
1075 1074 1076
1073 1077 1072
1078 1077 1073
1079 1076 1074
1079 1080 1076
1074 1072 1081
1081 1072 1077
1081 1079 1074
1080 1079 1082
1080 1082 1083
1084 1082 1079
1084 1079 1085
1081 1085 1079
1085 1086 1084
1086 1087 1084
1086 1088 1087
1081 1089 1085
1085 1089 1086
1081 1077 1090
1081 1090 1089
1086 1089 1091
1090 1091 1089
1092 1088 1086
1086 1091 1092
1092 1093 1088
1093 1092 1091
1093 1094 1088
1090 1077 1095
1078 1095 1077
1090 1096 1091
1090 1095 1096
1093 1091 1097
1096 1097 1091
1093 1098 1094
1098 1093 1097
1099 1095 1078
1099 1078 1100
1101 1096 1095
1101 1095 1099
1098 1102 1094
1102 1103 1094
1096 1104 1097
1104 1096 1101
1098 1097 1105
1105 1102 1098
1104 1105 1097
1106 1099 1100
1106 1100 1107
1108 1101 1099
1108 1104 1101
1108 1099 1106
1104 1109 1105
1108 1109 1104
1105 1110 1102
1109 1110 1105
1102 1111 1103
1110 1111 1102
1107 1112 1106
1107 1113 1112
1106 1114 1108
1109 1108 1114
1106 1112 1114
1103 1111 1115
1116 1103 1115
1109 1117 1110
1109 1114 1117
1110 1118 1111
1117 1118 1110
1115 1111 1118
1113 1119 1112
1113 1120 1119
1114 1121 1117
1117 1121 1118
1112 1122 1114
1112 1119 1122
1114 1122 1121
1123 1119 1120
1123 1120 1124
1125 1123 1124
1126 1118 1121
1115 1118 1126
1127 1121 1122
1126 1121 1127
1128 1122 1119
1128 1119 1123
1127 1122 1128
1125 1129 1123
1129 1128 1123
1129 1125 1130
1131 1126 1127
1131 1127 1128
1132 1115 1126
1131 1132 1126
1133 1132 1131
1132 1134 1115
1134 1132 1133
1134 1116 1115
1116 1134 1135
1134 1133 1135
1136 1116 1135
1129 1137 1128
1131 1128 1137
1129 1130 1138
1137 1129 1138
1139 1136 1135
1133 1139 1135
1137 1140 1131
1133 1131 1140
1139 1141 1136
1141 1142 1136
1141 1143 1142
1137 1144 1140
1137 1138 1144
1144 1145 1140
1145 1133 1140
1138 1145 1144
1130 1146 1138
1138 1146 1145
1130 1147 1146
1133 1148 1139
1145 1148 1133
1141 1139 1148
1147 1149 1146
1147 1150 1149
1151 1145 1146
1151 1148 1145
1151 1146 1149
1141 1148 1152
1151 1152 1148
1150 1153 1149
1150 1154 1153
1155 1151 1149
1155 1152 1151
1155 1149 1153
1156 1141 1152
1155 1156 1152
1156 1143 1141
1143 1156 1157
1155 1157 1156
1143 1157 1158
1159 1153 1154
1159 1154 1160
1161 1159 1160
1162 1155 1153
1162 1153 1159
1155 1162 1157
1161 1163 1159
1164 1162 1159
1163 1161 1165
1163 1165 1166
1165 1167 1166
1164 1168 1162
1157 1162 1168
1157 1168 1169
1169 1158 1157
1169 1170 1158
416 1167 1171
1167 1172 1171
1171 1172 1173
1174 1173 1172
1174 1175 1173
1174 1176 1175
1177 1175 1176
1177 1178 1175
1177 1179 1178
1177 1180 1179
1179 1180 1181
1179 1181 1182
1183 1182 1181
1183 1184 1182
1185 1184 1183
1179 1186 1178
1187 1179 1182
1179 1187 1186
1188 1178 1186
1188 1189 1178
1190 1188 1186
1187 1182 1191
1191 1182 1184
1192 1186 1187
1192 1187 1191
1190 1186 1193
1192 1193 1186
1194 1190 1193
1192 1194 1193
1194 1195 1190
1196 1195 1194
1197 1196 1194
1192 1198 1194
1198 1197 1194
1198 1192 1199
1192 1191 1199
1197 1198 1200
1198 1199 1200
1197 1200 1201
1201 1200 1202
1200 1199 1203
1191 1203 1199
1200 1203 1202
1191 1204 1203
1191 1184 1204
1202 1203 1205
1204 1205 1203
1206 1204 1184
1185 1206 1184
1202 1205 1207
1207 1208 1202
1208 1207 1209
1209 1207 1205
1210 1208 1209
1204 1211 1205
1206 1211 1204
1212 1206 1185
1212 1185 1213
1214 1212 1213
1215 1206 1212
1215 1211 1206
1214 1216 1212
1216 1215 1212
1216 1214 1217
1218 1205 1211
1209 1205 1218
1219 1211 1215
1218 1211 1219
1220 1219 1215
1220 1218 1219
1216 1221 1215
1220 1215 1221
1222 1220 1221
1220 1223 1218
1223 1209 1218
1223 1220 1222
1216 1217 1224
1221 1216 1224
1223 1225 1209
1210 1209 1225
1225 1223 1226
1223 1222 1226
1210 1225 1227
1225 1226 1227
1210 1227 1228
1227 1229 1228
1226 1230 1227
1227 1230 1229
1226 1231 1230
1222 1231 1226
1229 1230 1232
1232 1230 1231
1229 1232 1233
1232 1234 1233
1232 1231 1235
1232 1236 1234
1236 1232 1235
1234 1236 1237
1234 1237 1238
1222 1239 1231
1235 1231 1239
1236 1235 1240
1240 1237 1236
1237 1241 1238
1241 1242 1238
1235 1239 1243
1240 1235 1243
1244 1239 1222
1244 1243 1239
1245 1241 1237
1240 1245 1237
1240 1243 1246
1246 1245 1240
1245 1247 1241
1242 1241 1247
1244 1222 1248
1222 1221 1248
1221 1224 1248
1224 1244 1248
1244 1249 1243
1249 1246 1243
1224 1250 1244
1249 1244 1250
1217 1250 1224
1217 1251 1250
1252 1250 1251
1249 1250 1252
1252 1251 1253
1254 1249 1252
1249 1254 1246
1255 1252 1253
1254 1252 1255
1255 1253 1256
1246 1254 1257
1255 1257 1254
1256 1258 1255
1255 1258 1257
1256 1259 1258
1246 1257 1260
1246 1260 1245
1260 1247 1245
1257 1261 1260
1258 1261 1257
1260 1261 1247
1259 1262 1258
1258 1262 1261
1259 1263 1262
1264 1247 1261
1262 1264 1261
1263 1265 1262
1262 1265 1264
1263 1266 1265
1264 1267 1247
1242 1247 1267
1266 1268 1265
1266 1269 1268
1270 1264 1265
1270 1267 1264
1270 1265 1268
1271 1242 1267
1272 1242 1271
1273 1272 1271
1274 1268 1269
1274 1269 1275
1276 1274 1275
1271 1267 1277
1270 1277 1267
1273 1271 1278
1278 1271 1277
1279 1270 1268
1279 1268 1274
1280 1277 1270
1278 1277 1280
1280 1270 1279
1278 1281 1273
1280 1281 1278
1273 1281 1282
1282 1281 1283
1281 1284 1283
1274 1285 1279
1280 1279 1285
1280 1286 1281
1281 1286 1284
1280 1285 1286
1284 1286 1285
1284 1285 1287
1274 1288 1285
1287 1285 1288
1287 1288 1289
1276 1288 1274
1276 1290 1288
1276 1291 1290
1292 1290 1291
1292 1293 1290
1292 1294 1293
1295 1293 1294
1064 1295 1294
1296 1297 1298
1296 1298 1299
1300 1296 1299
1299 1298 1301
1300 1299 1302
1303 1300 1302
1299 1301 1304
1302 1299 1304
1304 1301 1305
1303 1302 1306
1307 1303 1306
1302 1304 1308
1306 1302 1308
1304 1305 1309
1308 1304 1309
1309 1305 1310
1307 1306 1311
1312 1307 1311
1306 1308 1313
1311 1306 1313
1308 1309 1314
1313 1308 1314
1309 1310 1315
1314 1309 1315
1315 1310 1316
1317 1315 1316
1314 1315 1317
1318 1317 1316
1319 1318 1316
1320 1314 1317
1313 1314 1320
1320 1317 1318
1312 1311 1321
1322 1312 1321
1311 1313 1323
1323 1313 1320
1321 1311 1323
1324 1320 1318
1323 1320 1324
1324 1318 1319
1322 1321 1325
1326 1322 1325
1321 1323 1327
1327 1323 1324
1325 1321 1327
1328 1324 1319
1327 1324 1328
1326 1325 1329
1330 1326 1329
1325 1327 1331
1331 1327 1328
1329 1325 1331
1328 1319 1332
1332 1319 1316
1330 1329 1333
1334 1330 1333
1329 1331 1335
1333 1329 1335
1331 1328 1336
1336 1328 1332
1335 1331 1336
1334 1333 1337
1338 1334 1337
1336 1332 1339
1339 1332 1316
1333 1335 1340
1337 1333 1340
1335 1336 1341
1341 1336 1339
1340 1335 1341
1338 1337 1342
1343 1338 1342
1341 1339 1344
1344 1339 1316
1337 1340 1345
1342 1337 1345
1340 1341 1346
1346 1341 1344
1345 1340 1346
1343 1342 1347
1348 1343 1347
1346 1344 1349
1349 1344 1316
1342 1345 1350
1347 1342 1350
1345 1346 1351
1351 1346 1349
1350 1345 1351
1348 1347 1352
1353 1348 1352
1354 1349 1316
1351 1349 1354
1347 1350 1355
1352 1347 1355
1350 1351 1356
1356 1351 1354
1355 1350 1356
1357 1354 1316
1356 1354 1357
1358 1357 1316
1359 1358 1316
1360 1356 1357
1355 1356 1360
1360 1357 1358
1353 1352 1361
1362 1353 1361
1352 1355 1363
1363 1355 1360
1361 1352 1363
1364 1360 1358
1363 1360 1364
1364 1358 1359
1362 1361 1365
1366 1362 1365
1361 1363 1367
1367 1363 1364
1365 1361 1367
1368 1364 1359
1367 1364 1368
1366 1365 1369
1370 1366 1369
1365 1367 1371
1371 1367 1368
1369 1365 1371
1368 1359 1372
1372 1359 1316
1370 1369 1373
1374 1370 1373
1369 1371 1375
1373 1369 1375
1371 1368 1376
1376 1368 1372
1375 1371 1376
1374 1373 1377
1378 1374 1377
1378 1377 1379
1376 1372 1380
1380 1372 1316
1373 1375 1381
1377 1373 1381
1375 1376 1382
1382 1376 1380
1381 1375 1382
1377 1381 1383
1379 1377 1383
1382 1380 1384
1384 1380 1316
1381 1382 1385
1385 1382 1384
1383 1381 1385
1385 1384 1386
1386 1384 1316
1383 1385 1387
1387 1385 1386
1388 1386 1316
1387 1386 1388
1389 1383 1387
1379 1383 1389
1390 1388 1316
1391 1390 1316
1392 1391 1316
1393 1387 1388
1393 1388 1390
1389 1387 1393
1394 1390 1391
1394 1393 1390
1395 1389 1393
1395 1393 1394
1396 1379 1389
1396 1389 1395
1397 1379 1396
1397 1398 1379
1399 1394 1391
1399 1391 1392
1400 1395 1394
1400 1394 1399
1401 1396 1395
1401 1395 1400
1402 1396 1401
1402 1403 1396
1404 1402 1401
1404 1401 1405
1405 1401 1400
1406 1404 1405
1407 1400 1399
1405 1400 1407
1406 1405 1408
1408 1405 1407
1409 1406 1408
1410 1399 1392
1407 1399 1410
1409 1408 1411
1412 1409 1411
1412 1411 1413
1408 1407 1414
1411 1408 1414
1414 1407 1410
1410 1392 1415
1415 1392 1316
1411 1414 1416
1413 1411 1416
1414 1410 1417
1417 1410 1415
1416 1414 1417
1417 1415 1418
1418 1415 1316
1416 1417 1419
1419 1417 1418
1413 1416 1420
1420 1416 1419
1419 1418 1421
1421 1418 1316
1422 1419 1421
1420 1419 1422
1423 1421 1316
1422 1421 1423
1424 1413 1420
1425 1420 1422
1424 1420 1425
1426 1422 1423
1425 1422 1426
1427 1423 1316
1426 1423 1427
1428 1413 1424
1428 1429 1413
1430 1428 1424
1430 1424 1431
1431 1424 1425
1432 1430 1431
1432 1431 1433
1431 1425 1434
1433 1431 1434
1434 1425 1426
1433 1434 1435
1434 1426 1436
1435 1434 1436
1436 1426 1427
1435 1436 1437
1436 1427 1438
1437 1436 1438
1438 1427 1316
1437 1438 1439
1439 1438 1316
1440 1441 1442
1440 1443 1441
1444 1443 1440
1443 1445 1441
1444 1446 1443
1447 1446 1444
1443 1448 1445
1446 1448 1443
1448 1449 1445
1447 1450 1446
1451 1450 1447
1446 1452 1448
1450 1452 1446
1448 1453 1449
1452 1453 1448
1453 1454 1449
1451 1455 1450
1456 1455 1451
1450 1457 1452
1455 1457 1450
1452 1458 1453
1457 1458 1452
1453 1459 1454
1458 1459 1453
1459 1460 1454
1461 1460 1459
1458 1461 1459
1462 1460 1461
1463 1460 1462
1464 1461 1458
1457 1464 1458
1464 1462 1461
1456 1465 1455
1466 1465 1456
1455 1467 1457
1467 1464 1457
1465 1467 1455
1468 1462 1464
1467 1468 1464
1468 1463 1462
1466 1469 1465
1470 1469 1466
1465 1471 1467
1471 1468 1467
1469 1471 1465
1472 1463 1468
1471 1472 1468
1470 1473 1469
1474 1473 1470
1469 1475 1471
1475 1472 1471
1473 1475 1469
1472 1476 1463
1476 1460 1463
1474 1477 1473
1478 1477 1474
1473 1479 1475
1477 1479 1473
1475 1480 1472
1480 1476 1472
1479 1480 1475
1478 1481 1477
1482 1481 1478
1480 1483 1476
1483 1460 1476
1477 1484 1479
1481 1484 1477
1479 1485 1480
1485 1483 1480
1484 1485 1479
1482 1486 1481
1487 1486 1482
1485 1488 1483
1488 1460 1483
1481 1489 1484
1486 1489 1481
1484 1490 1485
1490 1488 1485
1489 1490 1484
1487 1491 1486
1492 1491 1487
1490 1493 1488
1493 1460 1488
1486 1494 1489
1491 1494 1486
1489 1495 1490
1495 1493 1490
1494 1495 1489
1492 1496 1491
1497 1496 1492
1498 1460 1493
1495 1498 1493
1491 1499 1494
1496 1499 1491
1494 1500 1495
1500 1498 1495
1499 1500 1494
1501 1460 1498
1500 1501 1498
1502 1460 1501
1503 1460 1502
1504 1501 1500
1499 1504 1500
1504 1502 1501
1497 1505 1496
1506 1505 1497
1496 1507 1499
1507 1504 1499
1505 1507 1496
1508 1502 1504
1507 1508 1504
1508 1503 1502
1506 1509 1505
1510 1509 1506
1505 1511 1507
1511 1508 1507
1509 1511 1505
1512 1503 1508
1511 1512 1508
1510 1513 1509
1514 1513 1510
1509 1515 1511
1515 1512 1511
1513 1515 1509
1512 1516 1503
1516 1460 1503
1514 1517 1513
1518 1517 1514
1513 1519 1515
1517 1519 1513
1515 1520 1512
1520 1516 1512
1519 1520 1515
1518 1521 1517
1522 1521 1518
1520 1523 1516
1523 1460 1516
1517 1524 1519
1521 1524 1517
1519 1525 1520
1525 1523 1520
1524 1525 1519
1522 1526 1521
1527 1526 1522
1525 1528 1523
1528 1460 1523
1521 1529 1524
1526 1529 1521
1524 1530 1525
1530 1528 1525
1529 1530 1524
1527 1531 1526
1532 1531 1527
1530 1533 1528
1533 1460 1528
1526 1534 1529
1531 1534 1526
1529 1535 1530
1535 1533 1530
1534 1535 1529
1532 1536 1531
1537 1536 1532
1538 1460 1533
1535 1538 1533
1531 1539 1534
1536 1539 1531
1534 1540 1535
1540 1538 1535
1539 1540 1534
1541 1460 1538
1540 1541 1538
1542 1460 1541
1543 1460 1542
1544 1541 1540
1539 1544 1540
1544 1542 1541
1537 1545 1536
1546 1545 1537
1536 1547 1539
1547 1544 1539
1545 1547 1536
1548 1542 1544
1547 1548 1544
1548 1543 1542
1546 1549 1545
1550 1549 1546
1545 1551 1547
1551 1548 1547
1549 1551 1545
1552 1543 1548
1551 1552 1548
1550 1553 1549
1554 1553 1550
1549 1555 1551
1555 1552 1551
1553 1555 1549
1552 1556 1543
1556 1460 1543
1554 1557 1553
1558 1557 1554
1553 1559 1555
1557 1559 1553
1555 1560 1552
1560 1556 1552
1559 1560 1555
1558 1561 1557
1562 1561 1558
1560 1563 1556
1563 1460 1556
1557 1564 1559
1561 1564 1557
1559 1565 1560
1565 1563 1560
1564 1565 1559
1562 1566 1561
1567 1566 1562
1567 1568 1566
1565 1569 1563
1569 1460 1563
1561 1570 1564
1566 1570 1561
1568 1571 1566
1566 1571 1570
1568 1572 1571
1564 1573 1565
1573 1569 1565
1570 1573 1564
1572 1574 1571
1572 1575 1574
1571 1576 1570
1570 1576 1573
1571 1574 1576
1573 1577 1569
1576 1577 1573
1577 1460 1569
1576 1578 1577
1574 1578 1576
1578 1460 1577
1575 1579 1574
1574 1579 1578
1579 1460 1578
1575 1580 1579
1580 1460 1579
1581 1582 1583
1581 1584 1582
1585 1584 1581
1584 1586 1582
1584 1585 1586
1587 1588 1589
1587 1590 1588
1591 1590 1587
1590 1592 1588
1590 1591 1592
1593 1594 1595
1593 1596 1594
1596 1597 1594
1596 1598 1597
1599 1597 1598
1599 1598 1600
1601 1599 1600
1601 1600 1602
1603 1601 1602
1603 1602 1604
1605 1603 1604
1605 1604 1606
1605 1606 1607
1605 1607 1608
1609 1608 1607
1609 1610 1608
1609 1611 1610
1609 1612 1611
1613 1611 1612
1613 1614 1611
1615 1614 1613
1616 1615 1613
1613 1617 1616
1613 1618 1617
1619 1617 1618
1619 1618 1620
1621 1619 1620
1621 1622 1619
1623 1622 1621
1623 1624 1622
1624 1623 1625
1624 1625 1626
1627 1626 1625
1627 1628 1626
1628 1627 1629
1628 1629 1630
1629 1631 1630
1629 1632 1631
1631 1632 1633
1631 1633 1634
1633 1635 1634
1633 1636 1635
1637 1638 1639
1637 1639 1640
1641 1637 1640
1641 1640 1642
1643 1641 1642
1643 1642 1644
1645 1643 1644
1645 1644 1646
1646 1647 1645
1646 1648 1647
1649 1647 1648
1649 1648 1650
1650 1651 1649
1650 1652 1651
1652 1653 1651
1652 1654 1653
1653 1654 1655
1653 1655 1656
1657 1656 1655
1657 1658 1656
1658 1657 1659
1659 1657 1660
1657 1661 1660
1657 1662 1661
1663 1661 1662
1663 1664 1661
1663 1665 1664
1663 1666 1665
1667 1665 1666
1667 1666 1668
1667 1668 1669
1667 1669 1670
1670 1669 1671
1670 1671 1672
1672 1671 1673
1672 1673 1674
1673 1675 1674
1673 1676 1675
1677 1675 1676
1677 1676 1678
1679 1677 1678
1679 1680 1677
1681 1682 1683
1681 1683 1684
1684 1683 1685
1684 1685 1686
1686 1685 1687
1686 1687 1688
1689 1690 1681
1689 1691 1690
1689 103 1691
1692 103 1693
1692 1693 99
1694 1686 1695
1694 1695 1696
1694 1697 1698
1694 1698 1699
1700 1699 1701
1700 1701 1702
56 1700 1702
1703 1704 1705
1703 1706 1704
1703 1707 1708
1703 1708 1709
1710 1711 1706
1710 1712 1711
143 1712 1710
1713 1714 1709
1709 1714 1715
1716 1709 1715
1716 1715 1717
1718 1716 1717
1718 1717 1719
1720 1718 1719
1720 1719 1721
1720 1721 186
1722 1723 1724
1722 1724 1725
1725 1724 1726
1727 1722 1725
1727 1728 1722
1729 1727 1725
1725 1726 1730
1729 1725 1730
1730 1726 1731
1729 1730 1732
1730 1731 1732
1729 1732 1733
1734 1733 1732
1735 1732 1731
1734 1732 1736
1735 1736 1732
1737 1734 1736
1738 1736 1735
1737 1736 1738
1738 1735 1739
1737 1738 1740
1740 1738 1739
1741 1742 1743
1741 1744 1742
1744 1745 1742
1744 1746 1745
1746 1747 1745
1748 1749 1750
1748 1751 1749
1751 1752 1749
1751 1753 1752
1753 1754 1752
1755 1756 1757
1755 1758 1756
1758 1759 1756
1758 1760 1759
1760 1761 1759
1762 1763 1764
1765 1762 1764
1765 1764 1766
1765 1766 1767
1765 1767 1768
1768 1767 1769
1770 1768 1769
1771 1770 1769
1771 1769 1772
1773 1771 1772
1773 1772 1774
1775 1773 1774
1770 1776 1768
1777 1768 1776
1778 1770 1771
1778 1771 1779
1773 1779 1771
1780 1770 1778
1780 1776 1770
1773 1781 1779
1782 1781 1773
1783 1776 1780
1777 1776 1783
1783 1780 1784
1785 1783 1784
1777 1783 1786
1785 1786 1783
1777 1786 1787
1786 1785 1788
1786 1788 1787
1782 1773 1789
1775 1789 1773
1782 1789 1790
1790 1789 1775
1782 1790 1791
1790 1775 1792
1791 1790 1793
1792 1793 1790
1791 1793 1794
1792 1795 1793
1794 1793 1796
1796 1793 1795
1794 1796 1797
1796 1795 1798
1799 1797 1796
1799 1796 1798
1799 1800 1797
1799 1798 1801
1802 1800 1799
1802 1799 1801
1802 1801 1803
1802 1804 1800
1805 1802 1803
1804 1802 1806
1805 1806 1802
1805 1807 1806
1804 1806 1808
1806 1807 1808
1805 1809 1807
1807 1810 1808
1807 1809 1811
1810 1807 1812
1807 1811 1813
1807 1813 1812
1814 1813 1811
1812 1813 1815
1814 1815 1813
1812 1815 1816
1817 1815 1814
1815 1818 1816
1817 1819 1815
1815 1819 1818
1820 1819 1817
1821 1818 1819
1820 1821 1819
1821 1822 1818
1823 1821 1820
1822 1821 1823
1824 1825 1826
1826 1825 1827
1828 1826 1827
1828 1827 1829
1830 1828 1829
1830 1829 1831
1830 1831 1832
1832 1831 1833
1834 1832 1833
1834 1833 1835
1836 1834 1835
1836 1835 1837
1836 1837 1838
1836 1838 1839
1838 1837 1840
1839 1838 1841
1838 1840 1841
1839 1841 1842
1843 1842 1841
1840 1844 1841
1840 1845 1844
1844 1846 1841
1845 1847 1844
1845 1848 1847
1847 1849 1844
1849 1846 1844
1849 1850 1846
1851 1852 1853
1851 1853 1854
1853 1855 1854
1853 1856 1855
1854 1855 1857
1851 1854 1858
1854 1857 1858
1851 1858 1859
1858 1857 1860
1859 1858 1861
1858 1860 1861
1859 1861 1862
1861 1860 1863
1862 1861 1864
1861 1863 1864
1862 1864 1865
1864 1863 1866
1865 1864 1866
1867 1868 1869
1867 1870 1868
1870 1871 1868
1872 1870 1867
1872 1867 1873
1874 1870 1872
1870 1875 1871
1874 1875 1870
1875 1876 1871
1874 1877 1875
1875 1877 1876
1874 1878 1877
1879 1877 1878
1880 1876 1877
1879 1881 1877
1880 1877 1881
1882 1881 1879
1883 1880 1881
1882 1883 1881
1883 1884 1880
1882 1885 1883
1885 1884 1883
1886 1887 1888
1886 1888 1889
1889 1888 1890
1889 1890 1891
1891 1890 1892
1893 1894 1895
1893 1895 1896
1896 1895 1897
1896 1897 1898
1898 1897 1899
1900 1901 1902
1900 1902 1903
1903 1902 1904
1903 1904 1905
1905 1904 1906
1907 1908 1909
1910 1908 1907
1910 1911 1908
1910 1912 1911
1910 1913 1912
1914 1912 1913
1915 1914 1913
1916 1914 1915
1916 1917 1914
1918 1917 1916
1918 1919 1917
1920 1919 1918
1915 1913 1921
1922 1921 1913
1922 1923 1921
1924 1915 1921
1923 1924 1921
1924 1925 1915
1925 1916 1915
1925 1926 1916
1918 1916 1926
1923 1927 1924
1918 1926 1928
1929 1927 1923
1930 1918 1928
1929 1923 1931
1931 1932 1929
1933 1931 1923
1931 1934 1932
1933 1934 1931
1930 1935 1918
1920 1918 1935
1930 1936 1935
1936 1920 1935
1930 1937 1936
1936 1938 1920
1937 1939 1936
1938 1936 1939
1937 1940 1939
1938 1939 1941
1940 1942 1939
1942 1941 1939
1940 1943 1942
1942 1944 1941
1945 1942 1943
1945 1944 1942
1945 1943 1946
1945 1947 1944
1948 1945 1946
1948 1947 1945
1948 1949 1947
1948 1946 1950
1951 1949 1948
1950 1952 1948
1951 1948 1952
1951 1952 1953
1950 1954 1952
1952 1954 1953
1951 1953 1955
1953 1954 1956
1953 1957 1955
1956 1958 1953
1953 1959 1957
1953 1958 1959
1960 1957 1959
1958 1961 1959
1960 1959 1961
1958 1962 1961
1963 1960 1961
1961 1962 1964
1963 1961 1965
1961 1964 1965
1966 1963 1965
1967 1965 1964
1966 1965 1967
1967 1964 1968
1969 1966 1967
1968 1969 1967
1970 1971 1972
1973 1972 1971
1974 1973 1971
1975 1973 1974
1976 1975 1974
1976 1977 1975
1976 1978 1977
1979 1977 1978
1980 1979 1978
1981 1979 1980
1982 1981 1980
1982 1983 1981
1982 1984 1983
1982 1985 1984
1984 1986 1983
1985 1987 1984
1984 1987 1986
1985 1988 1987
1987 1988 1989
1986 1987 1990
1990 1987 1991
1990 1991 1992
1990 1992 1993
1986 1990 1994
1995 1990 1993
1994 1990 1995
1994 1995 1996
1997 1998 1999
1997 2000 1998
1998 2000 2001
1998 2001 2002
2000 2003 2001
1997 2004 2000
2000 2004 2003
1997 2005 2004
2004 2006 2003
2005 2007 2004
2004 2007 2006
2005 2008 2007
2007 2009 2006
2008 2010 2007
2007 2010 2009
2008 2011 2010
2010 2012 2009
2011 2012 2010
809 2013 2014
809 2014 2015
2014 2013 2016
2017 2015 2014
2017 2018 2015
2014 2016 2019
2017 2014 2019
2019 2016 2020
2019 2020 2021
2021 2020 2022
2021 2022 2023
2023 2022 2024
2019 2021 2025
2025 2021 2023
2017 2019 2026
2019 2025 2026
2023 2024 2027
2028 2027 2024
2018 2017 2029
2030 2017 2026
2030 2029 2017
2026 2025 2031
2026 2031 2030
2018 2029 2032
2032 2033 2018
2032 2034 2033
2034 2035 2033
2034 2036 2035
2037 2035 2036
2038 2032 2029
2039 2032 2038
2039 2034 2032
2038 2029 2040
2040 2029 2030
2041 2034 2039
2041 2036 2034
2040 2030 2042
2030 2043 2042
2030 2031 2043
2044 2036 2041
2031 2045 2043
2044 2046 2036
2037 2036 2046
2046 2044 2047
2031 2048 2045
2025 2048 2031
2049 2045 2048
2037 2046 2050
2050 2046 2047
2037 2050 2051
2052 2051 2050
2053 2050 2047
2052 2050 2053
2054 2053 2047
2055 2053 2054
2055 2056 2053
2052 2053 2056
2056 2055 2057
2025 2058 2048
2025 2023 2058
2058 2059 2048
2049 2048 2059
2060 2049 2059
2061 2058 2023
2058 2061 2059
2061 2023 2027
2060 2059 2062
2061 2062 2059
2063 2060 2062
2027 2064 2061
2061 2064 2062
2063 2062 2065
2066 2063 2065
2027 2067 2064
2028 2067 2027
2062 2064 2068
2062 2068 2065
2067 2068 2064
2028 2069 2067
2067 2069 2068
2028 2070 2069
2071 2066 2065
2068 2071 2065
2072 2069 2070
2072 2070 2073
2069 2074 2068
2068 2074 2071
2069 2072 2074
2066 2071 2075
2075 2071 2074
2066 2075 2076
2073 2077 2072
2073 2078 2077
2079 2077 2078
2072 2080 2074
2072 2077 2080
2075 2074 2081
2080 2082 2074
2076 2075 2083
2083 2075 2081
2083 2081 2084
2076 2083 2085
2086 2083 2084
2087 2085 2083
2086 2087 2083
2087 2088 2085
2089 2087 2086
2088 2087 2089
2089 2086 2090
2088 2089 2091
2092 2089 2090
2093 2091 2089
2092 2093 2089
2093 2094 2091
2095 2093 2092
2095 2094 2093
2095 2092 2096
2095 2097 2094
2095 2096 2098
2097 2095 2099
2095 2098 2099
2097 2099 2100
2099 2098 2101
2100 2099 2102
2099 2101 2102
2100 2102 2103
2103 2102 2104
2103 2104 2105
2102 2101 2106
2102 2106 2104
2105 2104 2107
2105 2107 2108
2104 2106 2109
2104 2109 2107
2110 2108 2107
2110 2111 2108
2107 2109 2112
2107 2112 2110
2106 2113 2109
2114 2106 2101
2106 2114 2113
2109 2115 2112
2109 2113 2115
2110 2116 2111
2117 2110 2112
2117 2116 2110
2118 2116 2117
2111 2116 2119
2118 2119 2116
2119 2057 2111
2117 2112 2120
2112 2115 2120
2118 2117 2120
2119 2121 2057
2118 2121 2119
2056 2057 2121
2122 2056 2121
2052 2056 2122
2118 2123 2121
2122 2121 2123
2052 2122 2124
2052 2124 2125
2126 2125 2124
2126 2124 2127
2128 2127 2124
2129 2122 2123
2129 2124 2122
2118 2129 2123
2128 2124 2129
2118 2130 2129
2130 2128 2129
2118 2120 2130
2130 2131 2128
2120 2131 2130
2120 2132 2131
2132 2120 2115
2132 2115 2133
2133 2115 2113
2133 2113 2134
2134 2113 2114
2134 2114 2135
2136 2135 2114
2114 2101 2136
2136 2137 2135
2138 2136 2101
2139 2138 2101
2138 2139 2140
2137 2136 2141
2138 2141 2136
2137 2141 2142
2138 2140 2143
2141 2138 2143
2143 2140 2144
2145 2142 2141
2141 2143 2145
2145 2146 2142
2143 2144 2147
2145 2143 2147
2148 2147 2144
2146 2145 2149
2145 2147 2149
2146 2149 2150
2148 2151 2147
2151 2149 2147
2151 2148 2152
2150 2149 2153
2151 2153 2149
2150 2153 2154
2151 2152 2155
2153 2151 2155
2156 2155 2152
2157 2154 2153
2153 2155 2157
2157 2158 2154
2157 2079 2158
2156 2159 2155
2159 2157 2155
2159 2156 2082
2159 2082 2080
2157 2160 2079
2159 2160 2157
2080 2160 2159
2079 2160 2077
2080 2077 2160
2161 2162 2163
2163 2162 2164
2163 2164 2165
2165 2164 2166
2165 2166 2167
2166 2168 2167
2169 2165 2167
2168 2169 2167
2170 2163 2165
2169 2170 2165
2161 2163 2171
2172 2161 2171
2172 2173 2161
2174 2173 2172
2163 2175 2171
2175 2172 2171
2170 2176 2163
2163 2176 2175
2174 2172 2177
2177 2178 2174
2177 2179 2178
2180 2178 2179
2181 2176 2170
2181 2182 2176
2182 2175 2176
2170 2183 2181
2170 2169 2183
2182 2184 2175
2185 2183 2169
2186 2175 2184
2175 2186 2172
2186 2184 2187
2186 2187 2188
2185 2169 2189
2189 2190 2185
2168 2189 2169
2172 2186 2191
2186 2188 2191
2172 2191 2177
2189 2192 2190
2192 2189 2168
2193 2190 2192
2188 2194 2191
2177 2191 2194
2188 2195 2194
2177 2194 2179
2196 2194 2195
2197 2179 2194
2196 2197 2194
2197 2196 2198
2197 2180 2179
2197 2198 2199
2199 2180 2197
2200 2199 2198
2193 2192 2201
2202 2193 2201
2203 2201 2192
2192 2168 2203
2202 2201 2204
2205 2202 2204
2203 2206 2201
2206 2204 2201
2205 2204 2207
2207 2208 2205
2206 2209 2204
2207 2204 2209
2207 2210 2208
2211 2210 2207
2210 2212 2208
2210 2213 2212
2211 2213 2210
2214 2207 2209
2211 2207 2214
2212 2213 2215
2212 2215 2216
2217 2216 2215
2217 2215 2218
2219 2218 2215
2213 2220 2215
2219 2215 2220
2211 2221 2213
2213 2221 2220
2220 2221 2222
2211 2222 2221
2219 2220 2223
2220 2222 2223
2214 2209 2224
2211 2214 2225
2214 2224 2225
2211 2226 2222
2211 2225 2226
2226 2227 2222
2223 2222 2227
2228 2226 2225
2226 2228 2227
2224 2228 2225
2223 2227 2229
2224 2230 2228
2231 2224 2209
2224 2231 2230
2231 2209 2206
2232 2230 2231
2229 2233 2223
2229 2234 2233
2219 2223 2233
2234 2235 2233
2236 2231 2206
2232 2231 2236
2236 2206 2203
2237 2232 2236
2219 2233 2238
2235 2238 2233
2219 2238 2239
2240 2239 2238
2241 2236 2203
2237 2236 2241
2241 2203 2168
2242 2237 2241
2238 2235 2243
2240 2238 2243
2235 2244 2243
2245 2241 2168
2242 2241 2245
2245 2168 2246
2247 2242 2245
2240 2243 2248
2248 2243 2244
2249 2248 2244
2240 2248 2250
2251 2248 2249
2252 2245 2246
2247 2245 2252
2252 2246 2253
2252 2254 2247
2252 2253 2255
2256 2250 2248
2251 2256 2248
2256 2257 2250
2258 2256 2251
2252 2259 2254
2252 2255 2259
2259 2260 2254
2261 2257 2256
2258 2261 2256
2262 2261 2258
2261 2263 2257
2255 2264 2259
2259 2264 2260
2255 2265 2264
2266 2260 2264
2264 2265 2267
2262 2268 2261
2263 2261 2268
2269 2268 2262
2266 2264 2270
2264 2267 2270
2270 2271 2266
2267 2272 2270
2270 2272 2271
2267 2273 2272
2274 2271 2272
2272 2273 2275
2274 2272 2276
2272 2275 2276
2277 2274 2276
2276 2275 2180
2269 2278 2268
2278 2269 2279
2277 2276 2280
2276 2180 2280
2280 2281 2277
2281 2282 2277
2283 2280 2180
2283 2281 2280
2199 2283 2180
2282 2281 2284
2284 2281 2283
2282 2284 2285
2286 2283 2199
2200 2286 2199
2286 2287 2283
2284 2283 2287
2200 2288 2286
2288 2287 2286
2200 2289 2288
2285 2284 2290
2285 2290 2291
2292 2284 2287
2288 2292 2287
2292 2290 2284
2293 2288 2289
2292 2288 2293
2293 2289 2294
2291 2290 2295
2291 2295 2296
2297 2290 2292
2292 2293 2297
2297 2295 2290
2298 2293 2294
2298 2294 2299
2300 2297 2293
2300 2295 2297
2300 2293 2298
2301 2296 2295
2300 2301 2295
2301 2279 2296
2278 2279 2301
2302 2298 2299
2302 2300 2298
2302 2299 2303
2304 2301 2300
2304 2278 2301
2302 2304 2300
2278 2304 2305
2305 2304 2302
2278 2305 2268
2263 2268 2305
2305 2306 2263
2307 2302 2303
2305 2302 2307
2305 2307 2306
2307 2303 2308
881 2306 2307
881 2307 2308
2309 2310 2311
2312 2309 2311
2309 2313 2310
2310 2313 2314
2310 2314 2315
2315 2314 2316
2315 2316 2317
2317 2316 2318
2317 2318 2319
2320 2319 2318
2320 2321 2319
2322 2320 2318
2316 2323 2318
2322 2318 2323
2324 2316 2314
2316 2324 2323
2322 2323 2325
2325 2323 2324
2322 2325 2326
2325 2324 2327
2324 2314 2328
2327 2324 2328
2313 2328 2314
2327 2328 2329
2313 2330 2328
2330 2329 2328
2330 2331 2329
2309 2330 2313
2332 2331 2330
2309 2332 2330
2332 2333 2331
2334 2333 2332
2335 2332 2309
2312 2335 2309
2334 2332 2336
2335 2336 2332
2337 2334 2336
2312 2337 2338
2312 2338 2335
2335 2338 2336
2337 2336 2338
2339 2321 2340
2339 2340 2341
2342 2339 2341
2343 2341 2340
2342 2341 2344
2345 2342 2344
2343 2346 2341
2346 2344 2341
2345 2344 2347
2347 2348 2345
2343 2349 2346
2343 2326 2349
2346 2350 2344
2350 2346 2349
2347 2344 2350
2350 2349 2351
2351 2352 2350
2347 2350 2352
2351 2353 2352
2347 2354 2348
2354 2347 2352
2353 2355 2352
2354 2352 2355
2353 2356 2355
2357 2348 2354
2357 2354 2355
2357 2358 2348
2357 2359 2358
2357 2360 2359
2356 2361 2355
2357 2355 2361
2361 2360 2357
2356 2362 2361
2361 2363 2360
2361 2362 2364
2361 2364 2363
2365 2366 2367
2365 2367 2368
2365 2368 2369
2365 2369 2370
2365 2371 2366
2371 2372 2366
2365 2370 2373
2371 2365 2373
2373 2370 2374
2373 2374 2375
2375 2376 2373
2371 2373 2376
2375 2377 2376
2371 2378 2372
2376 2378 2371
2379 2376 2377
2376 2379 2378
2379 2377 2380
2372 2378 2381
2379 2381 2378
2372 2381 2382
2381 2383 2382
2384 2379 2380
2379 2384 2381
2384 2380 2385
2384 2385 2386
2381 2387 2383
2384 2387 2381
2388 2383 2387
2388 2387 2389
2387 2390 2389
2384 2386 2391
2384 2391 2387
2387 2391 2390
2391 2386 2392
2391 2392 2390
2368 2393 2394
2368 2394 2395
2394 2393 2396
2397 2395 2394
2394 2396 2398
2399 2398 2396
2397 2394 2400
2400 2394 2398
2374 2397 2400
2374 2400 2401
2402 2401 2400
2400 2398 2402
2402 2403 2401
2399 2404 2398
2404 2402 2398
2403 2402 2405
2404 2405 2402
2403 2405 2406
2407 2404 2399
2407 2405 2404
2407 2399 2408
2407 2408 2409
2406 2405 2410
2407 2410 2405
2406 2410 2411
2412 2411 2410
2407 2409 2413
2410 2407 2413
2413 2409 2414
2412 2410 2415
2410 2413 2415
2415 2416 2412
2415 2417 2416
2417 2415 2413
2418 2416 2417
2413 2414 2419
2417 2413 2419
2414 2418 2420
2418 2417 2420
2417 2419 2420
2414 2420 2419
2421 2422 2423
2424 2421 2423
2421 2425 2422
2425 2426 2422
2425 2427 2426
2427 2428 2426
2427 2429 2428
2427 2430 2429
2431 2427 2425
2427 2431 2430
2431 2425 2421
2432 2430 2431
2432 2431 2433
2433 2431 2421
2434 2432 2433
2424 2435 2421
2433 2421 2435
2436 2435 2424
2436 2437 2435
2437 2433 2435
2437 2436 2438
2434 2433 2439
2437 2439 2433
2437 2438 2440
2440 2439 2437
2441 2440 2438
2442 2434 2439
2440 2442 2439
2442 2443 2434
2441 2444 2440
2444 2442 2440
2443 2442 2445
2444 2445 2442
2445 2444 2441
2443 2445 2446
2445 2441 2447
2447 2446 2445
2447 2448 2446
2449 2450 2448
2449 2451 2450
2452 2450 2451
2453 2451 2449
2453 2449 2454
2452 2451 2455
2453 2455 2451
2455 2456 2452
2457 2453 2454
2453 2457 2455
2457 2454 2458
2455 2459 2456
2459 2455 2457
2459 2460 2456
2458 2461 2457
2459 2457 2461
2458 2462 2461
2463 2461 2462
2459 2464 2460
2461 2464 2459
2463 2465 2461
2461 2465 2464
2465 2463 2466
2465 2466 2467
2464 2465 2467
2467 2466 2468
2469 2460 2464
2464 2467 2469
2469 2470 2460
2467 2468 2471
2469 2467 2471
2472 2471 2468
2470 2469 2473
2469 2471 2473
2472 2473 2471
2470 2473 2474
2472 2474 2473
2472 2428 2474
2475 2476 2477
2478 2477 2476
2475 2479 2476
2480 2479 2475
2480 2481 2479
2481 2480 2482
2481 2482 2483
2481 2483 2484
2479 2481 2485
2481 2484 2485
2479 2485 2476
2486 2485 2484
2486 2487 2485
2476 2485 2487
2488 2487 2486
2478 2476 2489
2476 2487 2489
2489 2490 2478
2489 2491 2490
2487 2491 2489
2491 2492 2490
2488 2493 2487
2487 2493 2491
2491 2494 2492
2494 2491 2493
2495 2492 2494
2496 2493 2488
2494 2493 2496
2496 2488 2497
2495 2494 2498
2498 2494 2496
2499 2496 2497
2498 2496 2499
2495 2498 2499
2499 2497 2500
2495 2499 2501
2501 2499 2500
2501 2500 2502
2503 2502 2504
2503 2504 2505
2506 2505 2504
2507 2503 2505
2507 2508 2503
2506 2509 2505
2507 2505 2509
2510 2509 2506
2508 2507 2511
2507 2509 2511
2508 2511 2512
2510 2513 2509
2513 2511 2509
2514 2513 2510
2515 2512 2511
2513 2515 2511
2515 2516 2512
2517 2516 2515
2514 2518 2513
2515 2513 2518
2517 2515 2519
2515 2518 2519
2520 2517 2519
2520 2519 2521
2521 2519 2518
2522 2520 2521
2514 2523 2518
2521 2518 2523
2514 2524 2523
2522 2521 2525
2523 2525 2521
2526 2522 2525
2527 2523 2524
2523 2527 2525
2526 2525 2527
2527 2524 2528
2528 2526 2527
2528 2482 2526
2529 2530 2531
2532 2530 2529
2531 2530 2533
2534 2530 2532
2533 2530 2535
2536 2530 2534
2535 2530 2537
2538 2530 2536
2537 2530 2539
2540 2530 2538
2539 2530 2541
2542 2530 2540
2541 2530 2543
2544 2530 2542
2543 2530 2545
2546 2530 2544
2545 2530 2547
2548 2530 2546
2547 2530 2549
2549 2530 2548
2550 2551 2552
2553 2551 2550
2552 2551 2554
2555 2551 2553
2554 2551 2556
2557 2551 2555
2556 2551 2558
2559 2551 2557
2558 2551 2560
2561 2551 2559
2560 2551 2562
2563 2551 2561
2562 2551 2564
2565 2551 2563
2564 2551 2566
2567 2551 2565
2566 2551 2568
2569 2551 2567
2568 2551 2570
2570 2551 2569
2571 2572 2573
2574 2571 2573
2572 2575 2573
2576 2574 2573
2575 2577 2573
2578 2576 2573
2577 2579 2573
2580 2578 2573
2579 2581 2573
2582 2580 2573
2581 2583 2573
2584 2582 2573
2583 2585 2573
2586 2584 2573
2585 2587 2573
2588 2586 2573
2587 2589 2573
2590 2588 2573
2589 2591 2573
2591 2590 2573
2592 2593 2594
2595 2592 2594
2593 2596 2594
2597 2595 2594
2596 2598 2594
2599 2597 2594
2598 2600 2594
2601 2599 2594
2600 2602 2594
2603 2601 2594
2602 2604 2594
2605 2603 2594
2604 2606 2594
2607 2605 2594
2606 2608 2594
2609 2607 2594
2608 2610 2594
2611 2609 2594
2610 2612 2594
2612 2611 2594
2613 2614 2615
2616 2615 2614
2613 2615 2617
2613 2617 2618
2613 2618 2619
2617 2615 2620
2618 2617 2620
2621 2619 2618
2621 2618 2620
2615 2622 2620
2616 2622 2615
2622 2623 2620
2623 2622 2616
2623 2616 2624
2621 2625 2619
2623 2624 2626
2627 2625 2621
2627 2621 2620
2627 2628 2625
2628 2627 2629
2629 2627 2620
2628 2629 2630
2631 2630 2629
2631 2629 2632
2632 2629 2620
2633 2631 2632
2633 2632 2634
2634 2632 2620
2635 2633 2634
2623 2626 2636
2623 2636 2620
2637 2634 2620
2635 2634 2637
2636 2638 2620
2626 2638 2636
2639 2637 2620
2635 2637 2639
2626 2640 2638
2635 2639 2641
2642 2638 2640
2641 2639 2643
2643 2639 2620
2641 2643 2644
2642 2645 2638
2638 2645 2620
2646 2645 2642
2647 2644 2643
2647 2643 2620
2647 2648 2644
2646 2649 2645
2645 2649 2620
2650 2649 2646
2648 2647 2651
2651 2647 2620
2648 2651 2652
2650 2653 2649
2649 2653 2620
2653 2651 2620
2652 2651 2653
2652 2653 2650
2654 2655 2656
2657 2656 2655
2654 2658 2655
2654 2659 2658
2654 2660 2659
2658 2661 2655
2659 2661 2658
2662 2659 2660
2662 2661 2659
2655 2661 2663
2657 2655 2663
2663 2661 2664
2664 2657 2663
2664 2665 2657
2662 2660 2666
2664 2667 2665
2668 2662 2666
2668 2661 2662
2668 2666 2669
2669 2670 2668
2670 2661 2668
2669 2671 2670
2672 2670 2671
2672 2673 2670
2673 2661 2670
2674 2673 2672
2674 2675 2673
2675 2661 2673
2676 2675 2674
2664 2677 2667
2664 2661 2677
2678 2661 2675
2676 2678 2675
2677 2661 2679
2667 2677 2679
2680 2661 2678
2676 2680 2678
2667 2679 2681
2676 2682 2680
2683 2681 2679
2682 2684 2680
2684 2661 2680
2682 2685 2684
2683 2679 2686
2679 2661 2686
2687 2683 2686
2688 2684 2685
2688 2661 2684
2688 2685 2689
2687 2686 2690
2686 2661 2690
2691 2687 2690
2689 2692 2688
2692 2661 2688
2689 2693 2692
2691 2690 2694
2690 2661 2694
2693 2691 2694
2693 2694 2692
2694 2661 2692
2695 2696 2697
2695 2698 2696
2695 2697 2699
2697 2700 2699
2699 2700 2701
2695 2699 2701
2695 2701 2702
2695 2702 2703
2695 2704 2698
2695 2703 2704
2705 2698 2704
2704 2703 2706
2705 2704 2707
2704 2706 2707
2707 2708 2705
2709 2707 2706
2707 2709 2708
2709 2706 2710
2708 2709 2711
2709 2710 2711
2712 2713 2714
2712 2714 2715
2712 2716 2713
2713 2716 2717
2716 2718 2717
2712 2718 2716
2712 2719 2718
2712 2720 2719
2712 2715 2721
2712 2721 2720
2722 2721 2715
2721 2723 2720
2722 2724 2721
2721 2724 2723
2724 2722 2725
2726 2723 2724
2724 2725 2726
2726 2727 2723
2725 2728 2726
2726 2728 2727
