byte offset: 0
first index: 77115
index count: 3627
topology: trianglelist
format: DXGI_FORMAT_R16_UINT

21942 21943 21944
21942 21944 21945
21944 21946 21945
21947 21948 21949
21947 21950 21948
21950 21951 21948
21947 21952 21950
21947 21953 21952
21950 21954 21951
21951 21954 21955
21950 21956 21954
21950 21952 21956
21954 21957 21955
21956 21957 21954
21955 21957 21958
21953 21959 21952
21953 21960 21959
21960 21961 21959
21952 21962 21956
21952 21959 21962
21956 21963 21957
21962 21963 21956
21957 21964 21958
21964 21957 21963
21961 21965 21959
21965 21961 21966
21958 21964 21967
21958 21967 21968
21969 21959 21965
21962 21959 21969
21965 21966 21970
21965 21970 21969
21964 21963 21971
21971 21967 21964
21968 21967 21972
21968 21972 21973
21966 21974 21970
21966 21975 21974
21975 21976 21974
21976 21977 21974
21977 21976 21978
21970 21974 21979
21979 21974 21977
21969 21970 21980
21970 21979 21980
21977 21978 21981
21981 21978 21982
21973 21972 21983
21973 21983 21984
21983 21985 21984
21983 21986 21985
21986 21987 21985
21972 21988 21983
21988 21986 21983
21986 21989 21987
21989 21990 21987
21979 21977 21991
21991 21977 21981
21981 21982 21992
21993 21992 21982
21991 21981 21994
21994 21981 21992
21995 21979 21991
21994 21995 21991
21972 21996 21988
21996 21972 21967
21993 21997 21992
21998 21997 21993
21997 21999 21992
21998 21999 21997
21992 21999 22000
21994 21992 22000
22000 21999 22001
22002 22000 22001
22002 21994 22000
21994 22002 21995
21995 22003 21979
21980 21979 22003
21996 21967 22004
21971 22004 21967
22005 22004 21971
21963 22005 21971
22006 21996 22004
22005 22006 22004
22006 22007 21996
22007 21988 21996
21963 22008 22005
21962 22008 21963
22009 22006 22005
22009 22007 22006
22008 21962 22010
22010 21962 21969
22010 21969 21980
22008 22011 22005
22009 22005 22011
22008 22010 22011
22012 22010 21980
21980 22003 22012
22013 22011 22010
22013 22010 22012
22013 22012 22003
22013 22009 22011
22013 22003 22014
21995 22014 22003
22013 22015 22009
22014 22015 22013
22009 22016 22007
22016 22009 22015
21995 22017 22014
22002 22017 21995
22014 22018 22015
22017 22018 22014
22002 22019 22017
22019 22002 22001
22020 22007 22016
22007 22020 21988
22016 22015 22021
22018 22021 22015
22017 22022 22018
22019 22022 22017
22020 22023 21988
21988 22023 21986
22023 21989 21986
22020 22016 22024
22024 22016 22021
22018 22025 22021
22025 22018 22022
22020 22026 22023
22024 22026 22020
22023 22027 21989
22026 22027 22023
22024 22021 22028
22028 22021 22025
22024 22029 22026
22029 22024 22028
22030 21989 22027
21989 22030 21990
22026 22031 22027
22031 22026 22029
21990 22030 22032
21990 22032 22033
22034 22033 22032
22030 22027 22035
22035 22027 22031
22030 22035 22036
22030 22036 22032
22034 22032 22037
22038 22034 22037
22035 22031 22039
22039 22036 22035
22031 22029 22040
22039 22031 22040
22032 22036 22041
22032 22041 22037
22042 22040 22029
22029 22028 22042
22042 22028 22043
22028 22025 22043
22043 22025 22044
22025 22022 22044
22045 22044 22022
22019 22045 22022
22046 22045 22019
22019 22001 22046
22042 22047 22040
22042 22043 22048
22047 22042 22048
22043 22044 22049
22049 22048 22043
22045 22050 22044
22049 22044 22050
22046 22051 22045
22050 22045 22051
22052 22040 22047
22039 22040 22052
22052 22053 22039
22039 22053 22036
22036 22053 22054
22036 22054 22041
22055 22053 22052
22054 22053 22055
22049 22050 22056
22050 22051 22057
22057 22056 22050
22058 22049 22056
22049 22058 22048
22047 22048 22059
22059 22048 22058
22052 22047 22060
22060 22047 22059
22061 22055 22052
22060 22061 22052
22054 22055 22062
22055 22061 22062
22061 22063 22062
22062 22063 22064
22062 22064 22065
22064 22066 22065
22054 22062 22067
22062 22065 22067
22065 22066 22068
22065 22068 22067
22068 22066 22069
22054 22067 22070
22067 22068 22070
22041 22054 22070
22041 22070 22071
22037 22041 22071
22070 22068 22072
22070 22072 22071
22071 22072 22073
22037 22071 22074
22071 22073 22074
22038 22037 22074
22073 22038 22074
22073 22075 22038
22076 22075 22073
22068 22069 22077
22072 22068 22077
22073 22072 22078
22072 22077 22078
22076 22073 22079
22073 22078 22079
22080 22076 22079
22078 22080 22079
22080 22081 22076
22069 22082 22077
22069 22083 22082
22084 22082 22083
22077 22085 22078
22077 22082 22085
22078 22085 22080
22084 22086 22082
22085 22082 22086
22086 22084 22087
22081 22080 22088
22081 22088 22089
22080 22085 22090
22085 22086 22090
22080 22090 22088
22086 22087 22091
22090 22086 22091
22091 22087 22092
22093 22089 22088
22093 22094 22089
22088 22090 22095
22090 22091 22095
22088 22095 22093
22091 22092 22096
22096 22095 22091
22096 22092 22097
22098 22094 22093
22098 22099 22094
22100 22099 22098
22093 22095 22101
22093 22101 22098
22096 22101 22095
22100 22098 22102
22103 22100 22102
22103 22104 22100
22101 22105 22098
22101 22106 22105
22106 22107 22105
22106 22108 22107
22096 22109 22101
22096 22110 22109
22110 22111 22109
22110 22112 22111
22096 22097 22113
22097 22114 22113
22097 22115 22114
22116 22117 22118
22119 22116 22118
22119 22120 22116
22121 22122 22123
22124 22121 22123
22124 22125 22121
22126 22127 22128
22129 22126 22128
22129 22130 22126
22131 22132 22133
22131 22133 22134
22135 22134 22133
22135 22136 22134
22136 22135 22137
22136 22137 22138
22139 22138 22137
22139 22137 22140
22141 22139 22140
22141 22142 22139
22143 22142 22141
22143 22141 22144
22145 22143 22144
22145 22146 22143
22147 22146 22145
22147 22148 22146
22149 22148 22147
22149 22150 22148
22151 22150 22149
22151 22152 22150
22153 22152 22151
22153 22154 22152
22155 22154 22153
22155 22156 22154
22157 22156 22155
22157 22158 22156
22158 22157 22159
22158 22159 22160
22159 22161 22160
22159 22162 22161
22162 22163 22161
22162 22164 22163
22165 22163 22164
22165 22166 22163
22167 22166 22165
22167 22168 22166
22169 22168 22167
22169 22170 22168
22169 22171 22170
22170 22171 22172
22172 22173 22170
22172 22174 22173
22172 22175 22174
22173 22174 22176
22175 22177 22174
22176 22174 22177
22175 22178 22177
22176 22177 22179
22180 22181 22182
22180 22182 22183
22182 22184 22183
22185 22186 22187
22185 22187 22188
22187 22189 22188
22190 22191 22192
22190 22192 22193
22192 22194 22193
22192 22195 22194
22194 22195 22196
22194 22196 22197
22197 22196 22198
22197 22198 22199
22194 22200 22193
22200 22201 22193
22200 22202 22201
22194 22203 22200
22203 22194 22204
22205 22202 22200
22205 22206 22202
22200 22203 22207
22200 22207 22205
22203 22204 22208
22208 22207 22203
22208 22204 22209
22208 22209 22210
22210 22211 22208
22208 22211 22207
22210 22212 22211
22213 22206 22205
22213 22214 22206
22215 22205 22207
22215 22207 22211
22215 22213 22205
22216 22211 22212
22215 22211 22216
22216 22212 22217
22214 22213 22218
22214 22218 22219
22220 22219 22218
22213 22215 22221
22216 22221 22215
22213 22221 22218
22217 22222 22216
22216 22222 22221
22217 22223 22222
22218 22221 22224
22222 22224 22221
22223 22225 22222
22222 22225 22224
22223 22226 22225
22220 22218 22227
22218 22224 22227
22228 22220 22227
22224 22228 22227
22228 22229 22220
22230 22229 22228
22226 22231 22225
22226 22232 22231
22225 22233 22224
22224 22233 22228
22225 22231 22233
22234 22231 22232
22234 22232 22235
22236 22233 22231
22228 22233 22236
22236 22231 22234
22230 22228 22237
22228 22236 22237
22238 22230 22237
22236 22238 22237
22238 22239 22230
22240 22234 22235
22240 22235 22241
22242 22236 22234
22236 22242 22238
22242 22234 22240
22243 22239 22238
22242 22243 22238
22243 22244 22239
22241 22245 22240
22245 22242 22240
22241 22246 22245
22242 22247 22243
22245 22247 22242
22244 22243 22248
22248 22243 22247
22244 22248 22249
22248 22250 22249
22251 22245 22246
22251 22246 22252
22253 22251 22252
22254 22247 22245
22248 22247 22254
22254 22245 22251
22248 22255 22250
22254 22255 22248
22255 22256 22250
22251 22257 22254
22254 22257 22255
22253 22258 22251
22251 22258 22257
22255 22259 22256
22257 22259 22255
22260 22258 22253
22260 22253 22261
22262 22260 22261
22258 22263 22257
22257 22263 22259
22258 22260 22263
22264 22256 22259
22264 22265 22256
22264 22266 22265
22259 22263 22267
22267 22263 22260
22259 22267 22264
22262 22268 22260
22267 22260 22268
22262 22269 22268
22268 22269 22270
22268 22270 22271
22271 22267 22268
22271 22270 22272
22271 22273 22267
22264 22267 22273
22273 22271 22272
22264 22274 22266
22264 22273 22274
22274 22275 22266
22273 22272 22276
22274 22273 22276
22276 22272 22277
22274 22278 22275
22274 22276 22278
22279 22275 22278
22276 22277 22280
22278 22276 22280
22279 22278 22281
22278 22280 22281
22281 22282 22279
22282 22281 22280
22279 22282 22283
22280 22277 22284
22282 22280 22284
22277 22285 22284
22282 22286 22283
22286 22282 22284
22284 22285 22287
22286 22284 22287
22285 22288 22287
22286 22289 22283
22287 22289 22286
22289 22290 22283
22287 22288 22291
22287 22291 22289
22291 22288 22292
22291 22292 22293
22289 22294 22290
22291 22294 22289
22293 22295 22291
22291 22295 22294
22295 22290 22294
22296 22295 22293
22295 22297 22290
22295 22296 22298
22295 22298 22297
22299 22300 22301
22302 22300 22299
22303 22302 22299
22300 22302 22304
22302 22303 22305
22303 22306 22305
22304 22302 22307
22308 22304 22307
22309 22302 22305
22309 22305 22306
22309 22307 22302
22307 22310 22308
22310 22307 22309
22310 22311 22308
22310 22309 22312
22309 22306 22313
22313 22312 22309
22306 22314 22313
22313 22315 22312
22316 22313 22314
22315 22313 22316
22316 22314 22317
22315 22316 22318
22319 22316 22317
22319 22318 22316
22319 22317 22320
22319 22321 22318
22322 22319 22320
22321 22319 22322
22323 22321 22322
22322 22320 22324
22323 22322 22325
22326 22322 22324
22325 22322 22326
22326 22324 22327
22328 22325 22326
22326 22327 22329
22328 22326 22330
22326 22329 22330
22331 22328 22330
22330 22329 22332
22331 22330 22333
22330 22332 22333
22333 22332 22334
22335 22331 22333
22333 22334 22336
22335 22333 22336
22336 22334 22337
22338 22335 22336
22336 22337 22338
22338 22339 22335
22338 22337 22340
22341 22339 22338
22338 22340 22341
22341 22342 22339
22341 22340 22343
22344 22342 22341
22341 22343 22344
22344 22345 22342
22344 22343 22346
22347 22345 22344
22344 22346 22347
22347 22346 22348
22347 22349 22345
22347 22348 22350
22350 22349 22347
22350 22351 22349
22352 22353 22354
22352 22354 22355
22355 22354 22356
22357 22352 22355
22358 22352 22357
22355 22356 22359
22359 22357 22355
22359 22356 22360
22359 22360 22361
22360 22362 22361
22359 22363 22357
22363 22359 22361
22364 22361 22362
22364 22362 22365
22358 22357 22366
22363 22366 22357
22363 22361 22367
22364 22367 22361
22364 22365 22368
22369 22368 22365
22363 22367 22370
22363 22370 22366
22367 22364 22371
22371 22364 22368
22367 22371 22370
22372 22358 22366
22372 22373 22358
22374 22358 22373
22375 22374 22373
22372 22376 22373
22375 22373 22376
22375 22376 22377
22378 22375 22377
22378 22377 22379
22372 22380 22376
22372 22366 22380
22376 22380 22377
22366 22370 22381
22380 22366 22381
22382 22370 22371
22382 22381 22370
22379 22377 22383
22384 22379 22383
22380 22381 22385
22377 22380 22386
22386 22380 22385
22377 22386 22387
22383 22377 22387
22386 22385 22387
22384 22383 22388
22383 22387 22388
22389 22384 22388
22389 22390 22384
22388 22387 22391
22391 22389 22388
22391 22392 22389
22393 22390 22389
22392 22393 22389
22393 22394 22390
22395 22394 22393
22391 22387 22396
22387 22385 22396
22392 22391 22397
22391 22396 22397
22398 22395 22393
22392 22398 22393
22398 22399 22395
22392 22399 22398
22396 22385 22400
22397 22396 22401
22401 22396 22400
22385 22402 22400
22402 22385 22381
22402 22381 22382
22403 22400 22402
22403 22401 22400
22382 22404 22402
22403 22402 22404
22382 22405 22404
22405 22382 22371
22406 22403 22404
22406 22404 22405
22405 22371 22407
22371 22368 22407
22406 22405 22408
22407 22408 22405
22409 22407 22368
22369 22409 22368
22409 22410 22407
22407 22410 22408
22409 22369 22411
22410 22409 22411
22408 22410 22412
22410 22411 22412
22369 22413 22411
22369 22414 22413
22415 22413 22414
22416 22415 22414
22416 22417 22415
22418 22411 22413
22415 22418 22413
22419 22412 22411
22418 22419 22411
22408 22412 22420
22419 22420 22412
22417 22421 22415
22421 22417 22422
22422 22423 22421
22424 22423 22422
22421 22425 22415
22425 22418 22415
22423 22425 22421
22408 22420 22426
22408 22426 22406
22427 22419 22418
22425 22427 22418
22424 22428 22423
22429 22428 22424
22430 22428 22429
22430 22429 22431
22428 22430 22432
22423 22428 22432
22431 22433 22430
22432 22430 22433
22431 22434 22433
22435 22433 22434
22435 22436 22433
22435 22437 22436
22432 22433 22438
22438 22433 22436
22423 22432 22439
22438 22439 22432
22437 22440 22436
22437 22441 22440
22442 22423 22439
22423 22442 22425
22438 22436 22443
22440 22443 22436
22438 22444 22439
22444 22442 22439
22444 22438 22443
22440 22441 22445
22441 22446 22445
22442 22447 22425
22427 22425 22447
22448 22442 22444
22448 22447 22442
22444 22443 22449
22448 22444 22449
22450 22443 22440
22440 22445 22450
22450 22449 22443
22445 22446 22451
22451 22446 22452
22453 22427 22447
22419 22427 22453
22454 22450 22445
22445 22451 22454
22455 22451 22452
22454 22451 22455
22455 22452 22456
22450 22457 22449
22454 22457 22450
22458 22453 22447
22458 22447 22448
22459 22419 22453
22459 22453 22458
22419 22459 22420
22460 22420 22459
22459 22458 22460
22460 22426 22420
22454 22455 22461
22461 22457 22454
22455 22456 22462
22462 22461 22455
22463 22458 22448
22460 22458 22463
22464 22426 22460
22460 22463 22464
22456 22465 22462
22456 22466 22465
22465 22466 22467
22466 22468 22467
22463 22448 22469
22448 22449 22469
22469 22449 22457
22469 22457 22470
22463 22469 22470
22461 22470 22457
22463 22470 22471
22471 22464 22463
22461 22472 22470
22472 22471 22470
22473 22472 22461
22473 22471 22472
22462 22473 22461
22474 22462 22465
22465 22467 22474
22475 22467 22468
22476 22475 22468
22477 22464 22471
22473 22477 22471
22478 22473 22462
22474 22478 22462
22479 22474 22467
22475 22479 22467
22480 22475 22476
22480 22479 22475
22481 22480 22476
22479 22482 22474
22482 22478 22474
22478 22483 22473
22483 22477 22473
22477 22484 22464
22464 22484 22426
22406 22426 22484
22481 22485 22480
22486 22485 22481
22480 22487 22479
22487 22482 22479
22485 22487 22480
22488 22478 22482
22483 22478 22488
22489 22484 22477
22483 22489 22477
22406 22484 22490
22489 22490 22484
22406 22490 22403
22490 22491 22403
22490 22489 22491
22403 22491 22401
22492 22489 22483
22492 22491 22489
22483 22488 22492
22493 22401 22491
22493 22491 22492
22397 22401 22493
22494 22488 22482
22487 22494 22482
22492 22488 22495
22492 22495 22493
22494 22495 22488
22493 22496 22397
22493 22495 22496
22494 22487 22497
22485 22497 22487
22495 22494 22498
22495 22498 22496
22494 22497 22498
22496 22499 22397
22499 22392 22397
22496 22498 22500
22496 22500 22499
22499 22501 22392
22499 22500 22501
22501 22399 22392
22498 22497 22502
22498 22502 22500
22503 22501 22500
22503 22399 22501
22503 22500 22502
22504 22497 22485
22504 22502 22497
22503 22505 22399
22505 22395 22399
22503 22502 22506
22502 22504 22506
22505 22503 22506
22507 22504 22485
22507 22485 22486
22508 22507 22486
22509 22504 22507
22509 22507 22508
22509 22506 22504
22509 22508 22510
22395 22505 22511
22512 22395 22511
22513 22505 22506
22509 22513 22506
22511 22505 22513
22510 22514 22509
22509 22514 22513
22511 22513 22514
22510 22515 22514
22516 22512 22511
22511 22514 22516
22516 22514 22515
22516 22517 22512
22516 22515 22518
22518 22517 22516
22518 22519 22517
22520 22521 22522
22520 22522 22523
22524 22520 22523
22522 22525 22523
22522 22526 22525
22526 22527 22525
22524 22523 22528
22528 22523 22525
22529 22524 22528
22529 22528 22530
22531 22530 22528
22528 22525 22531
22531 22532 22530
22527 22533 22525
22533 22531 22525
22533 22527 22534
22535 22532 22531
22533 22535 22531
22536 22532 22535
22536 22535 22537
22533 22534 22538
22535 22533 22538
22537 22535 22538
22538 22534 22539
22540 22537 22538
22538 22539 22540
22540 22541 22537
22542 22540 22539
22542 22541 22540
22542 22539 22543
22542 22544 22541
22545 22542 22543
22544 22542 22545
22545 22543 22546
22544 22545 22547
22548 22545 22546
22547 22545 22549
22548 22549 22545
22547 22549 22550
22549 22548 22551
22552 22550 22549
22549 22551 22553
22552 22549 22553
22553 22551 22554
22555 22552 22553
22553 22554 22555
22555 22556 22552
22555 22554 22557
22555 22558 22556
22555 22557 22559
22555 22559 22558
22559 22557 22560
22561 22558 22559
22559 22560 22561
22561 22562 22558
22561 22560 22563
22560 22564 22563
22565 22563 22564
22565 22566 22563
22567 22563 22566
22568 22562 22561
22563 22568 22561
22567 22568 22563
22568 22569 22562
22567 22570 22568
22570 22569 22568
22571 22572 22573
22572 22571 22574
22572 22574 22575
22576 22575 22574
22576 22577 22575
22577 22576 22578
22577 22578 22579
22580 22579 22578
22580 22578 22581
22582 22580 22581
22582 22581 22583
22584 22582 22583
22584 22583 22585
22584 22585 22586
22584 22586 22587
22586 22588 22587
22586 22589 22588
22589 22590 22588
22589 22591 22590
22590 22591 22592
22590 22592 22593
22593 22592 22594
22593 22594 22595
22595 22594 22596
22595 22596 22597
22598 22597 22596
22598 22599 22597
22599 22598 22600
22599 22600 22601
22600 22602 22601
22600 22603 22602
22602 22603 22604
22602 22604 22605
22604 22606 22605
22604 22607 22606
22608 22606 22607
22608 22609 22606
22609 22608 22610
22609 22610 22611
22612 22611 22610
22612 22613 22611
22614 22613 22612
22614 22612 22615
22616 22614 22615
22616 22617 22614
22618 22619 22620
22621 22618 22620
22621 22622 22618
22623 22622 22621
22623 22624 22622
22625 22624 22623
22625 22626 22624
22626 22625 22627
22626 22627 22628
22629 22628 22627
22629 22627 22630
22629 22630 22631
22632 22633 22634
22632 22635 22633
22632 22636 22635
22637 22633 22635
22635 22636 22638
22636 22639 22638
22637 22635 22640
22635 22638 22640
22639 22640 22638
22637 22640 21998
22639 22641 22640
22642 22641 22639
22640 22643 21998
22641 22643 22640
22644 21998 22643
22644 22643 22645
22644 22645 22001
22645 22643 22646
22641 22646 22643
22645 22646 22001
22642 22647 22641
22646 22641 22647
22646 22648 22001
22646 22647 22648
22649 22001 22648
22647 22649 22648
22046 22001 22649
22650 22647 22642
22647 22650 22649
22650 22642 22651
22046 22649 22652
22652 22649 22650
22652 22051 22046
22650 22651 22653
22652 22650 22653
22653 22651 22654
22653 22654 22655
22655 22652 22653
22655 22654 22656
22652 22657 22051
22655 22657 22652
22057 22051 22657
22655 22656 22658
22657 22655 22658
22657 22658 22057
22659 22658 22656
22659 22660 22658
22057 22658 22660
22661 22660 22659
22057 22660 22662
22057 22662 22056
22661 22663 22660
22662 22660 22663
22664 22663 22661
22665 22056 22662
22662 22663 22665
22664 22666 22663
22665 22663 22666
22667 22666 22664
22665 22668 22056
22058 22056 22668
22667 22669 22666
22669 22667 22670
22665 22666 22671
22668 22665 22671
22671 22666 22669
22672 22058 22668
22059 22058 22672
22669 22670 22673
22674 22673 22670
22668 22671 22675
22672 22668 22675
22671 22669 22676
22675 22671 22676
22676 22669 22673
22675 22676 22677
22672 22675 22677
22672 22678 22059
22060 22059 22678
22676 22673 22679
22677 22676 22679
22674 22680 22673
22679 22673 22680
22681 22680 22674
22681 22674 22682
22683 22681 22682
22672 22677 22684
22672 22684 22678
22685 22060 22678
22685 22061 22060
22679 22680 22686
22686 22680 22681
22677 22679 22687
22684 22677 22687
22687 22679 22686
22678 22684 22688
22684 22687 22688
22678 22688 22685
22061 22685 22689
22061 22689 22690
22689 22691 22690
22687 22686 22692
22692 22688 22687
22685 22688 22693
22685 22693 22689
22692 22693 22688
22689 22693 22694
22694 22693 22692
22689 22695 22691
22689 22694 22695
22695 22696 22691
22695 22697 22696
22694 22697 22695
22697 22698 22696
22692 22686 22699
22686 22681 22699
22694 22692 22700
22692 22699 22700
22701 22694 22700
22699 22701 22700
22681 22702 22699
22699 22702 22701
22697 22703 22698
22697 22704 22703
22703 22705 22698
22694 22706 22697
22701 22706 22694
22697 22706 22704
22704 22706 22701
22703 22707 22705
22704 22707 22703
22707 22708 22705
22681 22709 22702
22702 22709 22710
22683 22709 22681
22710 22709 22683
22710 22683 22711
22712 22710 22711
22701 22702 22713
22702 22710 22713
22712 22714 22710
22715 22714 22712
22710 22714 22716
22710 22716 22713
22715 22717 22714
22716 22714 22717
22718 22717 22715
22701 22713 22719
22704 22701 22719
22713 22720 22719
22713 22716 22720
22720 22704 22719
22718 22721 22717
22722 22721 22718
22716 22717 22723
22720 22716 22723
22723 22717 22721
22720 22724 22704
22704 22724 22707
22720 22723 22725
22724 22720 22725
22723 22721 22726
22725 22723 22726
22722 22727 22721
22727 22726 22721
22707 22724 22728
22724 22725 22728
22725 22726 22729
22729 22728 22725
22707 22728 22730
22707 22730 22708
22730 22731 22708
22730 22728 22732
22729 22732 22728
22730 22733 22731
22730 22732 22733
22734 22731 22733
22735 22729 22726
22727 22735 22726
22736 22727 22722
22736 22722 22737
22738 22736 22737
22738 22739 22736
22740 22732 22729
22735 22740 22729
22734 22733 22741
22742 22734 22741
22733 22732 22743
22740 22743 22732
22733 22743 22741
22744 22735 22727
22744 22727 22745
22746 22744 22745
22746 22747 22744
22748 22740 22735
22748 22735 22749
22750 22748 22749
22750 22751 22748
22752 22743 22740
22752 22740 22753
22754 22752 22753
22754 22755 22752
22741 22743 22756
22741 22756 22757
22742 22741 22757
22756 22758 22757
22758 22742 22757
22756 22759 22758
22758 22760 22742
22761 22762 22763
22764 22761 22763
22764 22763 22765
22766 22767 22768
22769 22766 22768
22769 22768 22770
22771 22772 22773
22774 22771 22773
22774 22773 22775
22776 22777 22778
22779 22776 22778
22779 22778 22780
22781 22782 22783
22784 22781 22783
22784 22783 22785
22786 22787 22788
22786 22789 22787
22789 22790 22787
22791 22792 22793
22791 22794 22792
22794 22795 22792
22796 22797 22798
22796 22799 22797
22799 22800 22797
