byte offset: 0
first index: 0
index count: 14112
topology: trianglelist
format: DXGI_FORMAT_R16_UINT

0 1 2
3 4 5
6 7 4
6 8 7
6 9 8
6 10 9
11 7 8
12 7 11
12 11 13
11 8 14
14 13 11
14 15 13
9 14 16
17 15 14
9 17 14
17 18 15
19 9 10
17 9 19
19 10 20
18 17 21
17 19 21
18 21 22
21 23 22
21 24 23
19 24 21
24 25 23
20 26 19
19 26 24
20 27 26
25 24 28
28 24 26
25 28 29
30 26 27
28 26 30
30 27 31
29 28 32
32 28 30
29 32 33
32 34 33
35 30 31
32 30 35
35 31 36
35 37 32
36 38 35
35 38 37
36 39 38
40 37 38
40 41 37
42 40 38
42 38 39
41 40 43
40 42 43
44 41 43
44 45 41
45 46 41
45 47 46
48 46 47
48 47 49
50 48 49
50 49 51
51 52 50
51 53 52
53 54 52
53 55 54
54 55 56
49 47 57
49 57 58
51 49 58
51 58 59
59 53 51
59 60 53
60 61 53
60 62 61
61 62 63
64 57 47
64 47 45
45 65 64
45 66 65
44 66 45
67 65 66
67 68 65
44 69 66
69 67 66
70 67 69
71 69 44
70 69 71
71 44 43
70 72 67
73 67 72
73 72 74
74 72 75
74 75 76
75 77 76
78 72 70
78 75 72
77 75 79
75 78 80
75 80 79
81 77 79
81 82 77
82 81 83
82 83 84
85 84 83
79 86 81
79 80 86
83 81 86
80 87 86
87 80 78
87 78 88
88 78 70
89 83 86
90 88 70
91 83 89
85 83 92
91 92 83
85 92 93
94 92 91
94 93 92
95 93 94
95 94 96
97 95 96
97 96 98
99 97 98
99 98 100
90 70 101
102 90 101
101 70 71
71 103 101
102 101 103
71 104 103
43 104 71
43 105 104
105 43 42
106 102 103
102 106 107
102 107 108
108 107 109
108 109 110
111 110 109
106 103 112
104 112 103
104 113 112
113 104 105
113 114 112
42 115 105
113 105 115
114 113 116
117 114 116
118 116 113
118 117 116
118 113 115
119 117 118
42 120 115
120 118 115
120 42 39
119 118 121
120 121 118
119 121 122
122 121 123
122 123 124
124 123 125
124 125 126
127 121 120
128 126 125
120 39 129
127 120 129
128 125 130
130 131 128
132 125 127
132 127 129
130 125 132
133 129 39
133 132 129
133 39 134
135 133 134
135 136 133
132 133 136
137 136 135
130 138 131
139 131 138
130 132 140
132 136 140
138 130 140
137 141 136
140 136 141
142 141 137
139 138 143
144 139 143
138 140 145
140 141 145
143 138 145
142 146 141
142 144 146
145 141 146
144 143 147
143 145 147
145 146 147
146 144 147
148 149 150
151 149 152
152 149 153
151 152 154
154 152 155
154 155 156
157 155 152
157 152 153
155 157 158
155 158 159
157 160 158
157 161 160
157 153 161
162 158 160
162 163 158
159 158 163
164 163 162
164 165 163
166 165 164
159 163 167
167 163 165
166 168 165
169 168 166
167 165 170
170 165 168
170 168 171
169 172 168
171 168 172
171 172 173
169 174 172
172 174 173
175 159 167
176 159 175
175 167 177
177 167 178
179 176 175
179 175 180
179 156 176
180 181 179
177 180 182
177 178 183
183 178 184
183 184 185
185 184 186
185 186 187
174 187 186
180 188 181
189 181 188
177 190 180
191 190 177
191 192 190
193 192 191
193 194 192
195 194 193
195 196 194
197 196 195
197 198 196
194 196 199
196 200 199
197 201 200
202 200 201
200 202 199
192 194 203
194 199 203
190 192 204
192 203 204
199 205 203
199 206 205
203 205 207
203 207 204
204 207 208
207 205 209
190 204 210
204 208 210
211 190 210
208 211 210
211 180 190
207 209 212
208 207 212
213 180 211
213 188 180
188 213 214
188 214 189
215 189 214
215 216 189
217 213 211
208 218 211
217 211 218
213 217 219
213 219 220
218 221 217
219 217 221
222 218 208
218 222 221
208 212 223
222 208 223
224 215 220
224 220 219
212 225 223
212 226 225
227 223 225
227 222 223
209 226 212
222 227 228
222 228 221
209 229 226
230 229 209
231 230 209
230 232 229
231 206 230
233 232 230
206 233 230
233 234 232
235 234 233
206 236 233
236 201 233
221 228 237
219 221 237
219 237 238
219 238 224
228 239 237
237 239 238
238 239 240
224 238 241
238 240 242
241 238 242
224 241 243
215 224 243
241 244 243
245 243 244
215 243 245
241 246 244
216 215 245
241 242 247
247 248 241
247 249 248
249 250 248
251 246 250
251 252 246
244 246 252
244 252 253
249 254 250
255 250 254
254 256 255
254 257 256
258 254 249
258 257 254
257 258 259
260 249 247
260 258 249
253 261 244
262 261 253
257 259 263
263 264 257
265 264 256
247 266 260
247 242 266
258 260 267
258 267 259
261 262 268
268 262 269
263 270 264
271 264 270
242 272 266
242 240 272
260 266 273
260 273 267
271 270 274
275 271 274
276 266 272
276 273 266
270 263 277
278 270 277
274 270 278
263 279 277
274 278 280
275 274 280
275 280 281
281 282 275
279 263 259
281 283 282
284 282 283
279 259 285
285 259 286
287 284 283
259 288 286
289 287 283
287 289 290
287 290 291
287 291 292
259 267 288
293 288 267
293 294 288
293 267 273
293 295 294
296 293 273
293 296 295
297 295 296
296 273 276
297 296 298
276 298 296
299 297 298
276 300 298
272 300 276
299 298 301
300 301 298
301 302 299
272 303 300
303 272 240
300 304 301
304 300 303
301 305 302
305 301 304
305 306 302
303 240 307
240 308 307
308 228 307
309 307 228
303 307 309
309 228 310
303 309 311
304 303 311
312 309 310
312 311 309
312 310 313
312 313 314
315 304 311
312 315 311
312 314 316
315 312 316
316 314 317
315 318 304
319 318 315
315 316 319
319 320 318
316 317 321
319 316 321
317 322 321
319 321 323
321 322 323
324 320 325
324 326 320
324 327 326
304 328 305
328 329 305
328 330 329
305 329 306
331 329 330
332 306 329
331 332 329
332 333 306
331 334 332
332 334 333
335 336 337
338 337 339
338 339 340
339 341 342
339 343 341
343 344 341
343 345 344
346 344 345
343 347 345
348 345 347
343 349 347
339 349 343
339 350 349
351 350 339
351 352 350
351 353 352
354 355 356
357 356 358
357 358 359
359 358 360
359 360 361
362 361 360
362 363 361
364 363 365
364 366 363
366 367 368
369 366 368
370 371 372
373 374 370
374 375 370
374 376 375
374 377 376
378 376 377
378 377 379
379 380 378
379 381 380
382 383 384
385 386 387
388 387 389
388 389 390
390 389 391
390 391 392
392 391 393
392 393 394
395 392 394
395 396 392
397 388 390
398 396 397
398 397 390
397 399 388
400 388 399
401 402 394
401 394 403
401 403 404
401 404 405
404 406 405
394 407 403
394 408 407
409 403 407
409 407 410
411 404 410
411 412 404
404 413 406
413 404 414
415 406 416
417 418 419
417 420 421
422 423 417
422 424 423
424 422 425
424 425 426
427 426 425
427 428 426
427 429 428
427 430 429
431 429 430
431 430 432
433 431 432
433 432 434
434 435 433
434 432 436
434 437 435
436 437 434
438 435 437
436 439 437
438 437 440
439 440 437
439 441 440
440 442 438
441 443 440
440 443 442
441 444 443
445 442 443
445 446 442
446 445 447
446 447 448
448 447 449
448 449 450
450 449 451
450 451 452
451 453 452
451 454 453
454 455 453
454 456 455
457 455 456
457 456 458
458 459 457
458 460 459
460 461 459
460 462 461
462 463 461
462 464 463
465 463 464
465 464 466
465 466 467
468 469 460
468 460 470
468 471 469
468 470 472
473 469 471
474 472 470
473 471 475
474 470 476
477 473 475
477 475 478
478 479 477
478 480 479
481 479 480
482 474 476
482 476 483
484 482 483
484 485 482
485 484 486
485 486 487
488 487 486
488 489 487
489 488 490
489 490 491
490 444 491
490 443 444
492 491 444
492 493 491
493 494 491
493 495 494
495 496 494
495 497 496
498 496 497
498 497 499
500 492 444
500 501 492
500 502 501
500 503 502
504 502 503
504 503 505
505 506 504
505 507 506
508 506 507
508 507 509
509 510 508
509 511 510
512 444 513
513 514 512
513 515 514
515 516 514
517 515 513
518 517 513
517 519 515
515 520 516
519 520 515
519 521 520
520 522 516
523 520 521
520 523 522
523 521 524
525 522 523
525 523 524
525 526 522
526 525 527
526 527 511
528 511 527
528 529 511
525 524 530
525 531 527
525 530 531
532 530 524
532 524 436
532 533 530
533 534 530
534 531 530
535 531 534
527 531 536
535 536 531
527 536 528
535 537 536
537 538 536
538 528 536
537 539 538
539 540 538
539 541 540
538 542 528
538 543 542
542 529 528
542 543 544
542 544 529
545 544 543
529 544 545
529 545 546
510 529 546
510 547 529
548 549 550
551 552 550
551 553 552
553 554 552
552 554 555
553 556 554
556 553 557
556 557 558
559 558 557
559 557 560
561 559 560
561 560 562
563 561 562
563 562 564
564 565 563
564 566 565
566 567 565
566 568 567
568 569 567
568 570 569
569 570 571
569 571 572
557 573 574
557 575 573
573 576 574
573 577 576
576 577 578
576 578 579
579 578 580
579 580 581
580 582 581
580 583 582
582 583 584
582 584 585
586 585 584
586 587 585
575 588 589
575 589 551
590 591 592
593 592 594
593 595 592
596 595 593
596 597 595
598 597 599
598 600 597
601 600 598
601 602 600
603 602 601
603 604 602
603 605 604
603 601 606
601 607 606
601 608 607
608 609 607
608 610 609
611 609 610
611 610 612
611 612 613
603 606 614
615 603 614
603 615 605
615 614 616
617 615 616
605 615 618
617 618 615
605 618 619
619 620 605
621 605 620
621 620 622
620 623 622
620 624 623
620 625 624
626 625 620
619 626 620
626 627 625
626 628 627
618 617 629
619 618 630
618 629 630
631 626 619
619 630 631
626 632 628
631 632 626
633 628 632
633 634 628
632 635 633
632 631 635
631 636 635
631 630 636
630 637 636
630 629 637
638 629 617
638 617 639
638 640 629
641 629 640
639 642 638
639 643 642
643 644 642
643 645 644
645 646 644
645 647 646
647 648 646
649 650 648
648 651 649
652 651 653
654 652 653
652 655 651
654 656 652
655 657 651
655 658 657
659 657 658
654 660 656
654 661 660
662 660 661
663 664 64
665 666 64
667 68 665
68 667 668
667 669 668
670 64 671
670 672 64
672 670 673
672 673 674
675 674 673
675 673 676
676 677 675
676 678 677
678 679 677
678 680 679
679 680 63
681 682 683
684 685 686
687 688 689
690 691 692
693 692 694
693 695 692
696 695 693
696 697 695
698 697 696
698 699 697
700 699 698
700 701 699
701 700 702
703 704 705
703 706 707
703 707 708
708 707 709
710 711 712
713 714 715
716 717 718
719 720 721
722 723 724
725 724 726
727 724 725
727 725 728
729 727 728
729 728 730
731 729 730
731 730 732
733 731 732
733 732 734
733 734 735
733 735 736
737 736 738
737 739 736
740 739 737
740 741 739
740 742 741
743 744 745
746 747 744
746 748 747
749 748 746
749 750 748
751 750 749
751 752 750
753 752 751
753 754 752
755 756 753
757 755 753
758 759 760
758 761 762
763 764 758
765 764 763
763 766 765
767 763 762
768 763 767
768 767 769
767 762 770
771 770 762
772 771 758
773 769 767
773 774 769
767 770 775
773 767 775
776 771 772
777 776 772
778 776 777
778 779 776
780 779 778
780 781 779
776 782 771
782 776 779
781 783 779
782 779 783
781 784 783
785 783 784
785 782 783
785 784 786
785 787 782
771 782 787
771 787 770
770 787 788
770 788 789
770 789 775
790 775 789
790 773 775
773 790 791
773 791 792
773 792 774
791 793 792
794 774 792
793 794 792
795 796 797
798 799 800
801 802 803
804 805 806
807 808 806
807 806 809
810 809 806
811 812 813
814 815 816
817 815 818
817 819 815
819 820 815
819 821 820
822 821 819
823 815 820
823 824 815
824 823 825
823 826 825
826 823 820
826 820 827
821 827 820
821 828 827
822 829 821
828 821 829
829 822 830
829 830 831
828 829 832
832 829 831
833 831 830
833 830 834
835 833 834
835 834 836
835 836 837
838 831 833
832 831 838
838 833 839
839 833 835
840 832 838
840 838 839
832 840 841
832 841 828
828 841 842
828 842 843
844 843 842
844 845 843
845 844 846
840 839 847
847 839 848
839 835 848
847 848 849
850 849 848
850 848 835
850 851 849
850 835 852
835 837 852
851 850 853
852 853 850
851 853 854
855 852 837
852 855 853
855 837 856
855 856 857
854 853 858
858 853 855
854 858 859
855 857 860
858 855 860
861 859 858
860 861 858
861 862 859
863 860 857
860 863 861
863 857 864
863 864 865
866 862 861
863 866 861
866 867 862
863 865 868
863 868 866
867 866 869
868 869 866
867 869 870
865 871 868
868 871 869
865 872 871
870 869 873
873 869 871
870 873 874
875 871 872
873 871 875
875 872 876
877 875 876
877 878 875
878 873 875
879 878 877
874 873 880
878 880 873
874 880 881
879 882 878
880 878 882
879 883 882
883 884 882
880 882 884
881 880 884
881 884 885
884 886 885
236 887 199
888 889 890
891 888 890
890 892 891
892 893 891
892 890 894
892 895 893
895 896 893
892 894 897
892 898 895
892 897 898
895 899 896
898 899 895
897 894 900
900 894 901
897 900 902
897 902 903
897 903 898
903 904 898
898 904 899
903 905 904
899 906 896
896 906 907
906 908 907
909 904 905
909 905 910
911 899 904
899 911 906
911 904 909
906 912 908
911 912 906
912 913 908
910 914 909
910 915 914
914 915 916
909 917 911
911 917 912
909 914 917
912 918 913
917 918 912
914 916 919
920 919 916
921 917 914
917 921 918
921 914 919
913 918 922
922 918 921
913 922 923
924 921 919
924 919 920
922 921 924
925 923 922
925 922 924
925 926 923
920 927 924
925 924 927
920 928 927
929 927 928
926 925 930
927 930 925
926 930 931
932 931 930
927 929 933
927 933 930
932 930 933
933 929 934
932 933 934
935 936 937
935 937 938
935 938 939
938 940 939
938 941 940
941 942 940
941 943 942
943 944 942
943 945 944
944 945 946
947 946 945
948 944 946
949 944 948
949 948 950
951 949 950
952 946 947
948 946 953
952 953 946
954 950 948
953 954 948
955 952 947
955 947 956
956 957 955
956 958 957
958 959 957
958 960 959
960 961 959
959 961 962
959 962 963
963 957 959
955 957 964
963 964 957
965 952 955
955 964 965
966 964 963
966 963 967
966 968 964
968 965 964
965 969 952
952 969 953
970 968 966
971 970 966
968 972 965
970 972 968
972 969 965
970 973 972
972 974 969
973 974 972
953 969 974
973 975 974
953 974 976
976 974 975
976 975 977
953 976 954
954 976 977
954 978 950
978 979 950
978 980 979
951 950 979
981 979 980
951 979 982
981 982 979
951 982 983
981 984 982
983 982 984
981 985 984
983 984 986
985 987 984
986 984 987
986 987 988
985 989 987
990 988 987
991 987 989
990 987 991
991 989 992
991 993 990
994 991 992
991 994 993
994 992 995
996 993 994
997 994 995
996 994 997
997 995 998
996 997 999
999 997 998
996 999 1000
999 998 1001
1000 999 1002
1002 999 1001
1000 1002 1003
1002 1001 1004
1002 1005 1003
1006 1002 1004
1002 1006 1005
1006 1004 1007
1008 1005 1006
1009 1006 1007
1008 1006 1009
1009 1007 1010
1011 1008 1009
1010 1011 1009
1012 1013 1014
1015 1014 1013
1015 1013 1016
1016 1013 1017
1018 1016 1017
1019 1015 1016
1018 1019 1016
1020 1019 1018
1020 1021 1019
1022 1021 1020
1023 1022 1020
1024 1022 1023
1024 1025 1022
1026 1025 1024
1026 1027 1025
1026 1028 1027
1027 1028 1029
1030 1029 1028
1030 1031 1029
1032 1031 1030
1032 1033 1031
1034 1033 1032
1034 1035 1033
1036 1035 1034
1036 1037 1035
1038 1037 1039
1040 1041 1038
1040 1042 1041
1043 1040 1038
1044 1043 1038
1040 1045 1042
1043 1045 1040
1046 1042 1045
1044 1047 1043
1043 1047 1045
1044 1048 1047
1046 1045 1049
1049 1045 1047
1049 1050 1046
1048 1051 1047
1049 1047 1051
1048 1052 1051
1049 1053 1050
1051 1053 1049
1053 1054 1050
1055 1051 1052
1051 1055 1053
1055 1052 1056
1053 1057 1054
1055 1057 1053
1055 1058 1057
1059 1055 1056
1059 1056 1060
1061 1054 1057
1059 1060 1062
1061 1057 1063
1063 1057 1059
1063 1059 1062
1063 1062 1064
1065 1061 1063
1063 1064 1066
1065 1063 1066
1066 1064 1067
1065 1066 1068
1068 1066 1067
1069 1065 1068
1068 1067 1070
1069 1068 1071
1068 1070 1072
1068 1072 1071
1073 1072 1070
1074 1071 1072
1073 1074 1072
1074 1075 1071
1076 1075 1074
1074 1073 1077
1076 1074 1077
1078 1076 1077
1078 1077 1079
1080 1078 1079
1080 1079 1081
1081 1082 1080
1083 1084 1085
1083 1086 1084
1086 1083 1087
1088 1089 1090
1091 1090 1089
1091 269 1090
1091 1092 269
1091 1093 268
1093 1094 268
1094 261 1092
1095 261 1094
1095 244 261
1095 1096 244
244 1096 1097
245 244 1097
1096 1098 1097
1098 245 1097
1096 1099 1098
1098 1100 245
1100 216 245
1100 1098 1101
1102 1098 1099
1100 1101 1103
1100 1104 216
216 1104 1105
1100 1103 1106
1100 1106 1104
1104 1107 1105
1104 1108 1107
1104 1106 1108
1109 1105 1107
1108 1109 1107
1109 1110 1105
1111 1110 1109
1103 151 1106
1106 151 1112
1106 1112 1108
1113 1108 1112
1113 1114 1108
1115 1114 1113
1103 1116 151
1102 1116 1103
1102 1117 1116
1116 1117 1118
1116 1118 1119
1120 1116 1119
1117 1121 1118
1120 1119 1122
1123 1122 1119
1120 1122 153
1124 1117 1102
1117 1124 1121
1123 1125 1122
1126 1125 1123
1125 1127 1122
1122 1127 153
1125 1128 1127
1129 153 1127
1128 1129 1127
1129 161 153
1128 1130 1129
1131 161 1129
1132 1129 1130
1131 1129 1132
1132 1130 1133
1132 1134 1131
1132 1133 1135
1132 1136 1134
1132 1135 1136
1137 1134 1136
1136 1135 1138
1137 1136 1139
1136 1138 1139
1140 1137 1139
1141 1139 1138
1140 1139 1142
1141 1142 1139
1142 1143 1140
1141 1144 1142
1145 1146 1147
1148 1149 1145
1148 1150 1149
1151 1149 1150
1151 1150 1152
1151 1152 1153
1151 1153 1154
1154 1153 1155
1154 1155 1156
1157 1158 1146
1157 1146 1159
1160 1158 1157
1159 1161 1157
1160 1157 1161
1159 1162 1161
1162 1163 1161
1162 1164 1163
1161 1165 1160
1161 1163 1165
1164 1166 1163
1164 1167 1166
1160 1165 1168
1160 1168 1169
1165 1170 1168
1163 1171 1165
1165 1171 1170
1163 1166 1171
1171 1172 1170
1171 1173 1172
1173 1171 1166
1173 1174 1172
1167 1175 1166
1173 1166 1175
1175 1174 1173
1167 1176 1175
1175 1177 1174
1176 1177 1175
1177 1178 1174
1176 1179 1177
1179 1176 1155
1179 1155 1180
1177 1181 1178
1179 1181 1177
1181 1182 1178
1179 1180 1183
1179 1183 1181
1183 1180 1184
1181 1185 1182
1185 1181 1183
1186 1182 1185
1183 1184 1187
1186 1185 1188
1189 1186 1188
1185 1183 1190
1191 1190 1183
1185 1190 1192
1185 1192 1188
1190 1191 1193
1192 1190 1193
1189 1188 1194
1192 1195 1188
1188 1195 1194
1196 1194 1195
1194 1197 1189
1194 1196 1197
1197 1198 1189
1197 1199 1198
1195 1192 1200
1200 1192 1193
1200 1196 1195
1197 1201 1199
1201 1197 1196
1202 1199 1201
1202 1201 1203
1204 1203 1201
1204 1201 1196
1196 1205 1204
1196 1206 1205
1200 1206 1196
1207 1205 1206
1200 1208 1206
1207 1206 1208
1209 1200 1193
1200 1209 1208
1207 1208 1210
1210 1211 1207
1212 1209 1193
1212 1193 1191
1209 1213 1208
1212 1213 1209
1213 1210 1208
1212 1214 1213
1215 1213 1214
1213 1215 1210
1215 1214 1216
1215 1216 1217
1215 1217 1218
1210 1215 1218
1219 1218 1217
1220 1219 1211
1210 1221 1211
1210 1218 1221
1219 1221 1218
1222 1223 1219
1223 1222 1224
1223 1224 1225
1224 1226 1225
1224 1227 1226
1228 1226 1227
1228 1229 1226
1228 1230 1229
1231 1230 1228
1231 1232 1187
1233 1234 1235
1233 1235 1236
1233 1236 1237
1237 1236 1238
1237 1238 1239
1240 1239 1238
1240 1241 1239
1242 1243 1244
1244 1245 1242
1244 1246 1245
1246 1247 1245
1246 1248 1247
1248 1249 1247
1248 1250 1249
1251 1252 1253
1254 1253 1252
1254 1252 1255
1256 1254 1255
1256 1255 1257
1258 1259 1253
1258 1260 1259
1261 1260 1258
1261 1262 1260
1257 1263 1261
1262 1261 1263
1257 1264 1263
1262 1263 1265
1266 1263 1264
1266 1265 1263
1266 1264 1267
1266 1268 1265
1267 1269 1266
1266 1269 1268
1270 1271 1272
1272 637 1273
1274 1272 1273
1274 1273 1275
1270 1275 1276
1276 1275 1277
1276 1277 1278
1278 1277 1279
1277 1275 1280
1277 1280 1279
1280 1281 1279
1279 1281 1282
1279 1282 1283
1279 1283 1284
1279 1284 1285
1279 1285 1286
1287 1284 1283
1287 1283 1288
1288 1289 1287
1283 1290 1288
1283 1291 1290
1288 1292 1289
1288 1293 1292
1292 1294 1289
1293 1294 1292
1295 1296 1297
1295 1298 1296
1299 1296 1298
1299 1300 1296
1301 1300 1299
1301 1302 1300
1302 1301 1303
1302 1303 1304
1305 1304 1303
1305 1306 1304
1306 1305 1307
1306 1307 1308
1308 1307 1309
1310 1311 1312
1312 1311 1313
1312 1313 1314
1314 1313 1315
1315 1313 1316
1315 1316 1317
1318 1317 1316
1318 1319 1317
1319 1318 1320
1319 1320 1321
1320 1322 1321
1320 1323 1322
1323 1324 1322
1323 1325 1324
1324 1325 1326
1327 1328 1329
1330 1329 1328
1330 1331 1329
1329 1331 1332
1329 1332 1333
1332 1334 1333
1332 1335 1334
1333 1334 1336
1333 1336 1337
1329 1333 1338
1333 1337 1338
1338 1337 1339
1329 1338 1340
1341 1338 1339
1342 1340 1338
1341 1342 1338
1342 1343 1340
1344 1342 1341
1344 1343 1342
1344 1341 1345
1344 1346 1343
1347 1344 1345
1346 1344 1348
1347 1349 1344
1346 1348 1350
1351 1349 1347
1351 1352 1349
1352 1351 1353
1354 1350 1348
1354 1353 1355
1354 1355 1350
1356 1357 1358
1356 1359 1357
1360 1357 1359
1360 1361 1357
1362 1361 1360
1362 1363 1361
1362 1364 1363
1359 1365 1360
1365 1362 1360
1362 1366 1364
1366 1367 1364
1366 1362 1368
1365 1368 1362
1359 1369 1365
1356 1369 1359
1367 1366 1370
1366 1368 1370
1371 1368 1365
1369 1371 1365
1367 1370 1372
1372 1373 1367
1372 1374 1373
1375 1373 1374
1375 1374 1376
1376 1377 1375
1378 1370 1368
1371 1378 1368
1376 1379 1377
1379 1380 1377
1381 1370 1378
1382 1370 1381
1379 1383 1380
1383 1384 1380
1382 1381 1385
1385 1386 1382
1387 1376 1386
1385 1387 1386
1387 1388 1376
1379 1389 1388
1379 1388 1390
1383 1379 1390
1383 1390 1391
1383 1392 1384
1392 1383 1391
1392 1393 1384
1392 1391 1394
1395 1387 1385
1395 1385 1396
1395 1397 1387
1398 1397 1395
1399 1397 1398
1392 1400 1393
1394 1400 1392
1401 1393 1400
1394 1402 1400
1401 1400 1403
1402 1403 1400
1403 1404 1401
1402 1405 1403
1403 1406 1404
1405 1406 1403
1407 1404 1406
1405 1408 1406
1407 1406 1409
1409 1406 1408
1410 1407 1409
1409 1408 1411
1410 1409 1412
1411 1412 1409
1411 1413 1412
1414 1410 1412
1414 1415 1413
1414 1416 1417
1417 1416 1418
1417 1418 1419
1419 1418 1420
1419 1420 1421
1421 1420 1422
1421 1422 1423
1423 1422 1424
1423 1424 1425
1425 1424 1426
1425 1426 1427
1426 1428 1427
1426 1429 1428
1429 1430 1428
1429 1431 1430
1431 1432 1430
1431 1433 1432
1433 1434 1432
1433 1435 1434
1436 1437 1438
1436 1439 1437
1439 1440 1437
1439 1441 1440
1442 1440 1441
1442 1441 1443
1444 1442 1443
1445 1441 1439
1443 1441 1445
1445 1439 1446
1446 1439 1436
1446 1436 1447
1448 1447 1436
1443 1445 1449
1450 1443 1449
1444 1443 1451
1450 1451 1443
1451 1452 1444
1453 1451 1450
1451 1454 1452
1453 1454 1451
1455 1452 1454
1454 1453 1456
1455 1454 1457
1454 1456 1457
1458 1455 1457
1459 1457 1456
1458 1457 1459
1459 1456 1460
1461 1458 1459
1461 1459 1462
1463 1461 1462
1463 1462 1464
1465 1463 1464
1465 1464 1466
1466 1467 1465
1468 1469 1460
1468 1460 1470
1471 1468 1470
1471 1470 1472
1473 1471 1472
1467 1473 1474
1473 1472 1474
1475 1472 1470
1475 1470 1476
1477 1474 1472
1477 1472 1478
1477 1479 1474
1476 1480 1481
1476 1481 1482
1481 1483 1482
1481 1484 1483
1485 1483 1484
1485 1486 1483
1486 1485 1487
1488 1486 1487
1485 1489 1487
1490 1487 1489
1491 1492 1493
1491 1493 1494
1491 1494 1495
1496 1495 1494
1497 1491 1495
1497 1498 1491
1498 1499 1491
1495 1500 1497
1496 1501 1495
1495 1501 1500
1496 1502 1501
1500 1501 1502
1496 1503 1502
1500 1502 1504
1503 1505 1502
1505 1504 1502
1503 1506 1505
1505 1507 1504
1508 1505 1506
1508 1507 1505
1508 1506 1509
1508 1510 1507
1511 1508 1509
1510 1508 1511
1511 1509 1512
1510 1511 1513
1512 1514 1511
1513 1511 1514
1513 1514 1515
1512 1516 1514
1517 1515 1514
1516 1518 1514
1518 1517 1514
1516 1519 1518
1520 1517 1518
1521 1518 1519
1520 1518 1521
1521 1519 1522
1523 1520 1521
1522 1524 1521
1521 1524 1523
1525 1526 1527
1525 1527 1528
1528 1527 1529
1530 1525 1528
1530 1528 1531
1532 1531 1528
1528 1529 1532
1532 1533 1531
1533 1532 1534
1533 1534 1535
1534 1536 1535
1537 1532 1529
1534 1538 1536
1539 1538 1537
1537 1529 1539
1539 1529 1540
1536 1538 1541
1536 1541 1542
1541 1543 1542
1541 1544 1543
1544 1545 1543
1544 1546 1545
1545 1547 1543
1546 1548 1549
1546 1549 1550
1543 1551 1552
1543 1552 1553
1554 1553 1552
1554 1555 1553
1555 1554 1556
1557 1558 1559
1560 1557 1559
1561 1560 1559
1561 1562 1560
1562 1561 1563
1562 1563 1564
1565 1564 1563
1565 1566 1564
1567 1566 1565
1567 1568 1566
1568 1567 1569
1568 1569 1570
1569 1571 1570
1569 1572 1571
1572 1573 1571
1572 1574 1573
1573 1574 1575
1573 1575 1576
1575 1577 1576
1575 1578 1577
1578 1579 1577
1578 1580 1579
1577 1579 1581
1582 1581 1579
1580 1582 1583
1577 1581 1584
1585 1577 1584
1585 1584 1586
1587 1585 1586
1587 1586 1588
1589 1587 1588
1589 1588 1590
1591 1589 1590
1591 1590 1592
1593 1591 1592
1584 1581 1594
1586 1584 1595
1584 1594 1595
1588 1586 1596
1586 1595 1596
1590 1588 1597
1588 1596 1597
1592 1590 1598
1590 1597 1598
1599 1594 1581
1599 1581 1582
1595 1594 1600
1595 1600 1601
1596 1595 1601
1596 1601 1602
1597 1596 1602
1597 1602 1603
1598 1597 1603
1604 1600 1594
1604 1594 1599
1598 1603 1605
1604 1599 1606
1582 1606 1599
1604 1606 1607
1582 1608 1606
1608 1582 1609
1605 1610 1598
1605 1611 1610
1592 1598 1610
1611 1612 1610
1611 1613 1612
1614 1592 1610
1614 1610 1612
1593 1592 1614
1593 1614 1615
1612 1615 1614
1593 1615 1616
1617 1616 1615
1613 1618 1612
1612 1618 1615
1613 1619 1618
1617 1615 1620
1620 1615 1618
1619 1621 1618
1620 1618 1621
1619 1622 1621
1623 1621 1622
1624 1617 1620
1624 1625 1617
1626 1620 1621
1623 1626 1621
1626 1624 1620
1625 1624 1627
1626 1627 1624
1625 1627 1628
1629 1628 1627
1623 1630 1626
1626 1630 1627
1623 1631 1630
1629 1627 1632
1632 1627 1630
1633 1629 1632
1631 1634 1630
1632 1630 1634
1631 1635 1634
1634 1635 1636
1633 1632 1637
1637 1632 1634
1638 1633 1637
1634 1636 1639
1637 1634 1639
1640 1639 1636
1638 1637 1641
1641 1637 1639
1642 1638 1641
1640 1643 1639
1641 1639 1643
1644 1643 1640
1642 1641 1645
1645 1641 1643
1646 1642 1645
1644 1647 1643
1645 1643 1647
1648 1647 1644
1646 1645 1649
1649 1645 1647
1650 1646 1649
1648 1651 1647
1649 1647 1651
1651 1648 1652
1650 1649 1653
1653 1649 1651
1653 1654 1650
1651 1652 1655
1653 1651 1655
1656 1655 1652
1653 1657 1654
1655 1657 1653
1656 1658 1655
1655 1658 1657
1658 1656 1659
1654 1657 1660
1660 1657 1658
1654 1660 1661
1662 1661 1660
1658 1659 1663
1660 1658 1663
1664 1663 1659
1664 1660 1663
1665 1666 1667
1665 1668 1666
1669 1668 1665
1670 1671 1672
1670 1672 1673
1670 1673 1674
1674 1673 1675
1674 1675 1676
1677 1676 1675
1677 1678 1676
1678 1677 1679
1678 1679 1680
1679 1681 1680
1679 1682 1681
1683 1681 1682
1683 1682 1684
1684 1685 1683
1684 1686 1685
1687 1686 1684
1687 1688 1686
1689 1679 1677
1679 1689 1690
1689 1677 1691
1692 1684 1690
1692 1687 1684
1689 1692 1690
1693 1689 1691
1693 1691 1694
1695 1692 1689
1693 1695 1689
1693 1694 1696
1697 1696 1694
1687 1692 1698
1698 1692 1695
1693 1699 1695
1696 1699 1693
1697 1700 1696
1700 1697 1701
1698 1695 1702
1699 1702 1695
1696 1703 1699
1700 1703 1696
1700 1701 1704
1705 1704 1701
1700 1706 1703
1704 1706 1700
1687 1698 1707
1707 1698 1702
1707 1702 1708
1709 1708 1702
1709 1702 1699
1709 1699 1710
1709 1710 1711
1711 1710 1712
1711 1712 1713
1714 1687 1707
1713 1712 1715
1716 1687 1714
1716 1688 1687
1717 1716 1714
1717 1714 1718
1716 1717 1719
1688 1716 1720
1716 1719 1720
1719 1721 1720
1688 1720 1722
1720 1723 1722
1713 1715 1724
1715 1725 1724
1724 1725 1726
1724 1727 1713
1724 1728 1727
1713 1729 1730
1713 1730 1731
1732 1731 1733
1732 1734 1731
1734 1735 1736
1735 1737 1736
1738 1736 1737
1739 1738 1740
1739 1718 1738
1738 1718 1741
1742 1743 1744
1744 1745 1742
1744 1746 1745
1746 1747 1673
1746 1748 1747
1748 1749 1750
1748 1750 1675
1751 1752 1753
1752 1754 1753
1752 1755 1754
1755 1756 1754
1755 1757 1756
1758 1757 1755
1757 1759 1756
1757 1760 1759
1758 1760 1761
1760 1762 1759
1758 1763 1760
1760 1764 1762
1763 1764 1760
1764 1765 1762
1763 1766 1764
1766 1765 1764
1767 1768 1769
1769 1768 1770
1769 1770 1771
1770 1772 1771
1703 1773 1774
1706 1773 1703
1706 1775 1773
1775 1776 1773
1775 1777 1776
1775 1778 1777
1779 1775 1706
1779 1778 1775
1704 1779 1706
1780 1778 1779
1781 1779 1704
1705 1781 1704
1780 1779 1782
1781 1782 1779
1783 1781 1705
1783 1705 1784
1785 1783 1784
1786 1782 1781
1786 1781 1783
1785 1787 1783
1787 1786 1783
1785 1788 1787
1787 1788 1789
1787 1789 1786
1790 1782 1786
1790 1780 1782
1789 1790 1786
1780 1790 1791
1791 1790 1789
1791 1789 1792
1789 1793 1792
1780 1791 1794
1794 1795 1780
1794 1777 1795
1796 1797 1798
1798 1797 1799
1798 1799 1800
1801 1800 1799
1801 1802 1800
1803 1801 1799
1804 1802 1801
1801 1803 1805
1804 1801 1806
1801 1805 1806
1807 1804 1806
1805 1807 1806
1807 1808 1804
1099 1808 1807
1805 1809 1807
1810 1809 1805
1810 1811 1809
1809 1811 1121
1809 1121 1124
1812 1099 1807
1809 1812 1807
1809 1124 1812
1102 1099 1812
1124 1102 1812
1813 1814 1815
1813 1816 1814
1817 1814 1816
1818 1816 1813
1818 1813 1819
1817 1816 1820
1821 1816 1818
1821 1818 1822
1818 1823 1822
1824 1818 1819
1818 1824 1823
1824 1819 1825
1824 1826 1823
1827 1824 1825
1824 1827 1826
1827 1825 1828
1829 1826 1827
1829 1827 1828
1830 1831 1817
1832 1820 1830
1833 1830 1820
1833 1820 1834
1834 1835 1833
1834 1836 1835
1837 1835 1836
1837 1836 1838
1839 1837 1838
1840 1841 1842
1840 1843 1841
1840 1844 1843
1843 1844 1845
1846 1845 1844
1846 1844 1847
1846 1847 1848
1840 1849 1844
1849 1847 1844
1849 1850 1847
1848 1847 1850
1848 1850 1851
1851 1852 1848
1851 1853 1852
1854 1852 1853
1854 1853 1855
1855 1856 1854
1855 1857 1856
1858 1856 1857
1858 1857 1859
1859 1860 1858
1859 1861 1860
1861 1862 1860
1861 1863 1862
1862 1863 1864
1864 1865 1866
1867 1866 1865
1867 1868 1866
1869 1868 1867
1869 1870 1868
1869 1871 1870
1869 1872 1871
1873 1871 1872
1873 1872 1874
1875 1873 1874
1875 1874 1876
1877 1875 1876
1877 1876 1878
1877 1878 1879
1879 1880 1877
1881 1882 1883
1881 1883 1884
1881 1884 1885
1886 1885 1884
1886 1887 1885
1888 1887 1886
1888 1889 1887
1890 1889 1888
1890 1891 1889
1891 1890 1892
1891 1892 1893
1893 1892 1894
1894 1892 1895
1894 1895 1896
1895 1892 1897
1888 1897 1898
1899 1898 1897
1888 1900 1897
1901 1900 1888
1901 1902 1900
1903 1902 1901
1903 1904 1902
1904 1903 1905
1904 1905 1906
1907 1906 1905
1907 1908 1906
1907 1909 1908
1908 1909 1910
1910 1909 1911
1910 1911 1912
1913 1908 1910
1910 1912 1913
1913 1906 1908
1913 1912 1914
1915 1906 1913
1915 1904 1906
1913 1914 1915
1916 1904 1915
1916 1915 1914
1916 1902 1904
1916 1914 1917
1902 1916 1918
1918 1916 1917
1902 1918 1900
1918 1917 1919
1920 1900 1918
1920 1918 1919
1920 1921 1900
1920 1919 1922
1921 1920 1923
1923 1920 1922
1921 1923 1924
1923 1922 1925
1924 1923 1926
1925 1926 1923
1924 1926 1896
1925 1927 1926
1927 1928 1926
1929 1896 1926
1928 1929 1926
1929 1928 1930
1931 1929 1930
1930 1932 1931
1933 1934 1935
1933 1935 1936
1935 1937 1936
1935 1938 1937
1936 1937 1939
1933 1936 1940
1936 1939 1940
1941 1933 1940
1940 1939 1942
1941 1940 1943
1940 1942 1943
1944 1941 1943
1943 1942 1945
1944 1943 1946
1943 1945 1946
1947 1944 1946
1946 1945 1948
1947 1946 1949
1946 1948 1949
1950 1947 1949
1948 1951 1949
1952 1953 1954
1952 1954 1955
1956 1952 1955
1957 1952 1956
1957 1958 1952
1958 1959 1952
1956 1960 1957
1958 1961 1959
1962 1959 1961
1962 1961 1963
1964 1962 1963
1964 1963 1965
1965 1966 1964
1965 1967 1966
1967 1968 1966
1967 1969 1968
1969 1970 1968
1969 1971 1970
1956 1972 1960
1973 1960 1972
1974 1973 1972
1975 1974 1972
1975 1972 1956
1956 1955 1975
1976 1970 1971
1971 1977 1976
1978 1977 1971
1978 1979 1977
1977 1979 1980
1980 1981 1977
1981 1976 1977
1982 1981 1980
1983 1970 1976
1984 1970 1983
1984 1983 1985
1985 1986 1984
1985 1987 1986
1987 1964 1986
1987 1988 1964
1987 1989 1988
1989 1959 1988
1989 1954 1959
1954 1989 1990
1989 1987 1990
1954 1990 1991
1955 1954 1991
1992 1955 1991
1993 1955 1992
1990 1994 1991
1994 1995 1991
1987 1996 1990
1990 1996 1994
1997 1987 1985
1987 1997 1996
1997 1985 1998
1998 1985 1983
1996 1997 1999
1999 1997 1998
1996 1999 2000
1994 1996 2000
1999 1998 2001
1994 2000 2002
1998 2003 2001
1994 2004 1995
2004 1994 2002
2004 2002 2005
2004 2006 1995
2005 2007 2004
2004 2007 2006
2005 2008 2007
2006 2007 2009
2009 2007 2008
2006 2009 2010
2009 2008 2011
2009 2012 2010
2011 2012 2009
1998 2013 2003
1998 1983 2013
2014 2003 2013
2014 2015 2003
2016 2013 1983
2016 2014 2013
1983 1976 2016
2015 2014 2017
2017 2014 2016
2016 1976 2018
2017 2016 2018
1981 2018 1976
2015 2017 2019
2020 2015 2019
2019 2021 2020
2022 2019 2017
2022 2021 2019
2018 2022 2017
2022 2023 2021
1981 2024 2018
2018 2024 2022
2023 2022 2024
1982 2024 1981
2023 2024 1982
2023 1982 2025
2023 2025 2026
2012 2027 2028
2029 2030 2028
2029 2031 2030
2030 2032 2033
2030 2033 1992
2034 2035 2036
2034 2037 2035
2037 2034 2038
2037 2038 2039
2040 2039 2038
2040 2038 2041
2037 2042 2035
2043 2035 2042
2043 2042 2044
2045 2043 2044
2045 2044 2046
2047 2045 2046
2047 2046 2048
2049 2047 2048
2050 2042 2037
2050 2037 2051
2037 2052 2051
2037 2053 2052
2054 2052 2053
2054 2053 2055
2056 2054 2055
2056 2057 2054
2058 2057 2056
2058 2059 2057
2058 2060 2059
2060 2058 2061
2062 2060 2061
2062 2061 2063
2063 2061 2064
2061 2065 2064
2066 2065 2058
2067 2062 2063
2067 2068 2062
2067 2069 2068
2067 2070 2069
2058 2071 2072
2073 2070 2074
2073 2074 2075
2071 2076 2077
2076 2078 2077
2077 2078 2079
2080 2077 2079
2081 2080 2079
2080 2082 2077
2081 2083 2080
2084 2082 2080
2083 2084 2080
2084 2085 2082
2083 2086 2084
2086 2085 2084
2083 2087 2086
2086 2088 2085
2089 2088 2086
2090 2089 2086
2090 2091 2089
2089 2092 2088
2091 2093 2089
2093 2092 2089
2092 2093 2075
2094 2095 2096
2094 2096 2097
2098 2094 2097
2098 2097 2099
2100 2099 2101
2100 2101 2102
2103 2104 2096
2103 2105 2104
2105 2106 2104
2107 2106 2108
2107 2108 2109
2107 2109 2110
2110 2109 2111
2110 2111 2112
2112 2111 2113
2112 2113 2114
2114 2113 2115
2114 2115 2116
2117 2116 2115
2117 2118 2116
2118 2117 2119
2102 2116 2118
2102 2118 2120
2119 2121 2118
2120 2118 2121
2120 2121 2122
2122 2121 2123
2122 2123 2124
2125 2123 2121
2125 2121 2126
2124 2123 2127
2124 2127 2128
2123 2125 2129
2123 2129 2127
2128 2127 2130
2128 2130 2131
2127 2132 2130
2127 2129 2132
2133 2131 2130
2133 2130 2132
2133 2134 2131
2135 2134 2133
2129 2125 2136
2125 2137 2136
2135 2133 2138
2138 2139 2135
2129 2136 2140
2132 2129 2140
2137 2141 2136
2136 2141 2140
2137 2142 2141
2140 2141 2143
2144 2140 2143
2133 2132 2145
2138 2133 2145
2132 2140 2146
2144 2146 2140
2145 2132 2146
2144 2147 2146
2145 2146 2147
2144 2148 2147
2138 2145 2149
2149 2145 2147
2148 2150 2147
2149 2147 2150
2148 1840 2150
2151 2150 1840
2149 2152 2138
2138 2152 2139
2152 2153 2139
2154 2149 2150
2149 2154 2152
2152 2155 2153
2154 2155 2152
2155 2156 2153
2151 2157 2150
2154 2150 2157
2155 2158 2156
2154 2159 2155
2159 2158 2155
2160 2154 2157
2160 2159 2154
2161 2157 2151
2161 2160 2157
2158 2162 2156
2156 2162 2163
2159 2164 2158
2164 2159 2160
2162 2158 2164
2161 2151 2165
2151 1841 2165
2166 2161 2165
2166 2167 2161
2167 2160 2161
2168 2167 2166
2167 2168 2169
2167 2170 2160
2169 2170 2167
2164 2160 2170
2169 2171 2170
2170 2171 2164
2172 2171 2169
2171 2173 2164
2162 2164 2173
2172 2174 2171
2174 2173 2171
2174 2162 2173
2175 2174 2172
2174 2176 2162
2163 2162 2176
2163 2176 2177
2175 2178 2174
2178 2176 2174
2179 2178 2175
2177 2176 2180
2178 2180 2176
2179 2180 2178
2177 2180 2181
2179 2182 2180
2181 2180 2182
2183 2182 2179
2181 2182 2184
2183 2185 2182
2184 2182 2185
2186 2185 2183
2184 2185 2187
2186 2188 2185
2187 2185 2188
2189 2188 2186
2187 2188 2190
2191 2188 2189
2191 2190 2188
2192 2193 2194
2195 2194 2193
2195 2196 2194
2197 2196 2195
2198 2195 2193
2195 2198 2199
2197 2195 2200
2195 2199 2200
2201 2197 2200
2199 2201 2200
2201 2202 2197
2202 2201 2203
2204 2202 2203
2204 2203 2205
2204 2205 2206
2206 2205 2207
2206 2207 2208
2208 2207 2209
2208 2209 2210
2210 2209 2211
2210 2211 2212
2213 2212 2211
2212 2213 2214
2215 2214 2213
2215 2216 2214
2217 2216 2215
2217 2218 2216
2219 2218 2217
2219 2220 2218
2220 2219 2221
2220 2221 2222
2222 2221 2223
2222 2223 2224
2224 2223 2225
2224 2225 2226
2225 2227 2226
2227 2225 2228
2223 2228 2225
2229 2227 2228
2223 2230 2228
2230 2229 2228
2221 2230 2223
2230 2231 2229
2221 2232 2230
2231 2230 2232
2219 2232 2221
2231 2232 2233
2219 2234 2232
2233 2232 2234
2217 2234 2219
2233 2234 2235
2217 2236 2234
2215 2236 2217
2237 2235 2234
2236 2237 2234
2215 2238 2236
2238 2237 2236
2238 2215 2213
2237 2239 2235
2239 2240 2235
2238 2241 2237
2241 2239 2237
2238 2242 2241
2241 2243 2239
2238 2213 2244
2242 2238 2244
2244 2213 2211
2242 2244 2245
2239 2246 2240
2243 2246 2239
2246 2247 2240
2243 2248 2246
2244 2211 2249
2245 2244 2249
2209 2249 2211
2245 2249 2250
2246 2251 2247
2248 2251 2246
2251 2252 2247
2248 2253 2251
2209 2254 2249
2250 2249 2254
2207 2254 2209
2251 2255 2252
2253 2255 2251
2255 2256 2252
2253 2257 2255
2257 2256 2255
2207 2258 2254
2258 2207 2205
2250 2254 2259
2259 2254 2258
2258 2205 2260
2203 2260 2205
2259 2261 2250
2262 2250 2261
2259 2258 2263
2263 2258 2260
2203 2264 2260
2201 2264 2203
2265 2260 2264
2263 2260 2265
2263 2266 2259
2259 2266 2261
2201 2267 2264
2265 2264 2267
2265 2268 2263
2263 2268 2266
2267 2201 2269
2199 2269 2201
2267 2270 2265
2265 2270 2268
2271 2269 2199
2272 2271 2199
2267 2273 2270
2273 2267 2269
2268 2274 2266
2270 2275 2268
2268 2275 2274
2273 2276 2270
2270 2276 2275
2269 2277 2273
2273 2277 2276
2271 2278 2269
2269 2278 2277
2266 2274 2279
2266 2279 2261
2272 2280 2271
2281 2278 2271
2280 2281 2271
2272 2282 2280
2272 2193 2282
2280 2283 2281
2282 2283 2280
2193 2284 2282
2285 2284 2193
2284 2285 2286
2287 2282 2284
2283 2282 2287
2283 2287 2288
2283 2288 2289
2281 2283 2289
2290 2289 2288
2281 2291 2278
2291 2281 2289
2290 2292 2289
2291 2289 2292
2293 2292 2290
2293 2294 2292
2291 2292 2294
2294 2293 2295
2278 2291 2296
2291 2294 2296
2278 2296 2277
2294 2295 2297
2296 2294 2297
2298 2297 2295
2277 2296 2299
2296 2297 2299
2277 2299 2276
2298 2300 2297
2299 2297 2300
2301 2300 2298
2276 2299 2302
2299 2300 2302
2276 2302 2275
2301 2303 2300
2302 2300 2303
2304 2303 2301
2305 2275 2302
2302 2303 2305
2305 2274 2275
2304 2306 2303
2306 2305 2303
2306 2304 2307
2274 2305 2308
2306 2308 2305
2274 2308 2279
2306 2307 2309
2308 2306 2309
2310 2309 2307
2311 2279 2308
2308 2309 2312
2312 2311 2308
2310 2313 2309
2313 2312 2309
2310 2314 2313
2310 2315 2314
2314 2315 2316
2313 2317 2312
2317 2311 2312
2317 2313 2314
2311 2318 2279
2318 2261 2279
2314 2316 2319
2319 2316 2320
2317 2314 2321
2321 2314 2319
2321 2319 2322
2319 2320 2323
2323 2322 2319
2323 2320 2324
2317 2325 2311
2318 2311 2325
2318 2326 2261
2262 2261 2326
2323 2324 2327
2327 2324 2328
2323 2329 2322
2327 2329 2323
2327 2330 2329
2331 2330 2327
2327 2328 2331
2331 2332 2330
2328 2333 2331
2332 2331 2333
2328 2334 2333
2333 2334 2335
2336 2333 2335
2333 2337 2332
2333 2336 2337
2338 2337 2339
2338 2339 2340
2341 2340 2342
2341 2342 2343
2344 2341 2345
2344 2345 2346
2347 2322 2346
2347 2348 2322
2347 2317 2348
2317 2349 2350
2350 2349 2351
2350 2351 2352
2352 2351 2353
2354 2352 2353
2354 2350 2352
2354 2353 2355
2356 2354 2355
2355 2353 2357
2354 2358 2350
2358 2354 2356
2358 2325 2350
2325 2359 2350
2360 2325 2358
2318 2325 2360
2326 2318 2360
2360 2358 2361
2358 2356 2361
2326 2360 2362
2362 2360 2361
2262 2326 2362
2262 2362 2363
2362 2361 2364
2363 2362 2364
2356 2364 2361
2363 2364 2365
2366 2365 2364
2356 2366 2364
2366 2367 2365
2368 2367 2366
2368 2366 2369
2369 2366 2356
2369 2370 2368
2369 2356 2371
2356 2355 2371
2369 2372 2370
2372 2373 2370
2372 2374 2373
2375 2369 2371
2355 2375 2371
2375 2372 2369
2355 2376 2375
2355 2357 2376
2377 2372 2375
2376 2377 2375
2377 2378 2372
2378 2379 2373
2378 2380 2379
2381 2379 2380
2382 2376 2357
2376 2382 2377
2382 2357 2383
2384 2378 2377
2382 2384 2377
2384 2385 2378
2381 2385 2384
2383 2386 2382
2382 2386 2384
2386 2381 2384
2383 2387 2386
2387 2381 2386
2388 2389 2390
2388 2390 2391
2392 2388 2391
2392 2393 2388
2392 2394 2393
2395 2396 2390
2395 2397 2396
2395 2398 2397
2399 2397 2398
2395 2400 2398
2401 2399 2398
2401 2402 2399
2401 2398 2403
2400 2403 2398
2401 2404 2402
2400 2405 2403
2406 2402 2404
2406 2404 2407
2408 2406 2407
2405 2400 2409
2405 2409 2410
2410 2409 2411
2410 2411 2412
2412 2411 2413
2412 2413 2414
2415 2414 2413
2415 2416 2417
2418 2417 2416
2418 2419 2417
2420 2419 2418
2420 2421 2419
2422 2421 2420
2422 2395 2421
2423 2424 2425
2423 2425 2426
2426 2425 2427
2428 2423 2426
2429 2423 2428
2430 2429 2428
2428 2426 2431
2426 2427 2432
2431 2426 2432
2433 2432 2427
2431 2432 2434
2433 2435 2432
2435 2434 2432
2435 2433 2436
2435 2437 2434
2437 2438 2436
2439 2440 2441
2442 2441 2440
2442 2440 2443
2443 2444 2442
2443 2445 2444
2446 2444 2445
2446 2445 2447
2448 2446 2447
2448 2449 2446
2450 2451 2452
2450 2452 2453
2454 2453 2452
2454 2452 2455
2454 2455 2456
2453 2454 2457
2453 2457 2458
2454 2456 2459
2459 2457 2454
2459 2456 2460
2461 2458 2457
2459 2461 2457
2461 2462 2458
2459 2460 2463
2463 2461 2459
2463 2460 2464
2465 2462 2461
2463 2465 2461
2465 2466 2462
2463 2464 2467
2467 2465 2463
2468 2467 2464
2469 2466 2465
2467 2469 2465
2469 2470 2466
2468 2471 2467
2471 2469 2467
2472 2471 2468
2470 2469 2473
2471 2473 2469
2470 2473 2474
2472 2475 2471
2475 2473 2471
2475 2472 2476
2477 2474 2473
2475 2477 2473
2477 2478 2474
2477 2479 2478
2475 2476 2480
2480 2477 2475
2480 2476 2481
2477 2482 2479
2480 2482 2477
2480 2481 2483
2482 2480 2483
2479 2482 2484
2479 2484 2485
2482 2483 2486
2487 2485 2484
2487 2484 2488
2489 2487 2488
2489 2490 2487
2491 2490 2489
2492 2486 2483
2493 2483 2481
2492 2483 2493
2493 2481 2494
2495 2493 2494
2491 2489 2496
2496 2489 2492
2496 2495 2491
2496 2492 2493
2495 2496 2493
2497 2498 2499
2500 2498 2497
2500 2501 2498
2501 2500 2502
2501 2502 2503
2504 2503 2502
2504 2505 2503
2506 2505 2504
2506 2507 2505
2507 2506 2508
2507 2508 2509
2509 2508 2510
2509 2510 2511
2511 2510 2512
2511 2512 2513
2514 2513 2512
2515 2516 2498
2515 2517 2516
2518 2519 2520
2520 2519 2521
2522 2520 2521
2522 2521 2523
2522 2524 2520
2525 2520 2524
2525 2526 2520
2527 2526 2525
2525 2528 2527
2524 2529 2525
2525 2529 2528
2530 2527 2528
2530 2531 2527
2531 2530 2532
2531 2532 2533
2532 2534 2533
2535 2534 2532
2530 2535 2532
2530 2536 2535
2530 2537 2536
2537 2530 2528
2537 2528 2538
2529 2538 2528
2539 2537 2538
2539 2540 2537
2539 2541 2540
2539 2542 2541
2529 2543 2538
2543 2539 2538
2542 2539 2544
2543 2544 2539
2542 2544 2545
2543 2529 2546
2544 2543 2546
2524 2546 2529
2545 2544 2547
2547 2548 2545
2549 2548 2547
2549 2547 1356
2544 2550 2547
2550 2544 2546
2547 2551 1356
2547 2550 2551
1356 2551 1369
2550 2552 2551
2550 2546 2552
1369 2551 2552
2546 2524 2553
2546 2553 2552
2522 2553 2524
1369 2552 2554
2554 2552 2553
1371 1369 2554
2555 2553 2522
2554 2553 2555
1371 2554 2556
2555 2556 2554
2556 1378 1371
2555 2522 2557
2522 2523 2557
2556 2558 1378
1381 1378 2558
2555 2559 2556
2557 2559 2555
2558 2556 2559
2523 2560 2557
2557 2560 2559
2523 2561 2560
1381 2558 2562
1395 1381 2562
2558 2559 2563
2563 2559 2560
2563 2562 2558
2561 2564 2560
2563 2560 2564
2561 2565 2564
2566 2564 2565
1395 2562 2567
1398 1395 2567
2563 2568 2562
2564 2568 2563
2567 2562 2568
2564 2566 2569
2564 2569 2568
2567 2568 2570
2570 1398 2567
2570 2568 2569
2566 2571 2569
2572 2571 2566
2570 2569 2573
2571 2573 2569
2573 2574 2570
2570 2574 1398
2575 2573 2571
2573 2575 2574
2576 1398 2574
2576 2574 2575
2575 2571 2577
2578 2577 2571
2578 2579 2577
2579 2580 2577
2581 2575 2577
2576 2575 2581
2580 2582 2577
2581 2577 2582
2582 2583 2581
2582 2584 2583
2584 2582 2580
2584 2580 2585
2586 2584 2585
2586 2585 2587
2576 2588 1398
1399 1398 2588
2588 2589 1399
2590 2589 2588
2590 2588 2576
2589 2590 2591
2592 2576 2581
2590 2576 2592
2592 2591 2590
2592 2581 2593
2592 2594 2591
2593 2594 2592
2591 2594 2595
2595 2594 2596
2594 2597 2596
2594 2598 2597
2593 2598 2594
2584 2599 2593
2584 2600 2599
2600 2601 2599
2600 2602 2601
2603 2601 2602
2604 2603 2602
2604 2602 2600
2604 2600 2587
2605 2606 2607
2605 2607 2608
2605 2608 2609
2609 2608 2610
2609 2610 2611
2612 2611 2610
2612 2613 2611
2613 2612 2614
2615 2609 2611
2615 2616 2609
2615 2617 2616
2615 2611 2618
2618 2611 2613
2618 2613 2619
2613 2614 2620
2620 2614 2621
2619 2613 2622
2619 2622 2623
2620 2621 2624
2624 2621 2625
2624 2625 2626
2627 2626 2625
2620 2628 2613
2613 2628 2622
2620 2629 2628
2620 2630 2629
2631 2629 2630
2627 2631 2632
2631 2630 2632
2622 2628 2633
2622 2633 2634
2622 2634 2635
2635 2623 2622
2635 2636 2623
2636 2637 2638
2636 2639 2637
2637 2640 2641
2639 2642 2643
2643 2640 2644
2639 2643 2644
2645 2646 2647
2648 2645 2647
2647 2649 2648
2647 2650 2649
2650 2647 2651
2650 2651 2652
2650 2653 2649
2654 2650 2652
2650 2654 2653
2653 2654 2655
2654 2652 2656
2655 2654 2656
2653 2655 2657
2655 2656 2658
2659 2657 2655
2655 2658 2660
2659 2655 2661
2655 2660 2661
2661 2660 2662
2661 2663 2659
2664 2663 2661
2661 2665 2664
2664 2662 2666
2667 2663 2664
2664 2666 2668
2667 2664 2669
2668 2666 2670
2670 2667 2669
2666 2671 2670
2670 2672 2667
2673 2670 2671
2673 2672 2670
2674 2675 2676
2676 2675 2677
2677 2678 2679
2680 2679 2678
2677 2679 2681
2682 2677 2681
2683 2682 2681
2679 2684 2681
2684 2685 2682
2679 2686 2684
2684 2687 2685
2680 2688 2679
2688 2686 2679
2688 2689 2686
2690 2688 2680
2690 2691 2688
2691 2692 2688
2691 2693 2692
2691 2690 2694
2693 2691 2694
2693 2694 2695
2696 2695 2694
2687 2697 2698
2687 2699 2697
2687 2700 2699
2700 2701 2699
2700 2702 2701
2697 2702 2703
2697 2703 2704
2685 2697 2704
2685 2704 2705
2706 2685 2705
2706 2705 2707
2706 2707 2708
2709 2710 2711
2709 2712 2710
2712 2709 2713
2712 2713 2714
2712 2715 2710
2712 2714 2716
2715 2712 2716
2717 2716 2714
2717 2718 2716
2718 2717 2719
2715 2716 2720
2720 2716 2718
2721 2715 2720
2721 2722 2715
2723 2722 2721
2721 2724 2723
2720 2718 2725
2721 2720 2725
2721 2726 2724
2721 2725 2726
2727 2724 2726
2727 2726 2728
2728 2726 2725
2729 2727 2728
2729 2728 2730
2718 2719 2731
2725 2718 2731
2728 2725 2732
2725 2731 2732
2733 2728 2732
2733 2734 2729
2719 2735 2731
2732 2731 2735
2719 2736 2735
2733 2732 2737
2732 2735 2737
2733 2738 2734
2733 2737 2738
2737 2735 2738
2736 2738 2735
2739 2734 2738
2736 2740 2738
2740 2739 2738
2741 2742 2743
2741 2743 2744
2744 2745 2741
2744 2746 2745
2747 2748 2746
2749 2747 2746
2747 2750 2748
2748 2750 2751
2749 2752 2747
2753 2752 2749
2753 2749 2754
2755 2753 2754
2755 2754 2756
2754 2757 2756
2754 2758 2757
2755 2756 2759
2760 2755 2759
2759 2761 2760
2762 2761 2759
2762 2759 2756
2762 2756 2763
2764 2765 2766
2764 2767 2765
2764 2768 2767
2768 2769 2767
2768 2770 2769
2770 2771 2769
2770 2772 2771
2772 2773 2771
2773 2774 2771
2775 2776 2777
2775 2778 2776
2779 2778 2775
2779 2775 2780
2781 2780 2775
2782 2778 2779
2782 2783 2778
2784 2783 2782
2785 2778 2783
2785 2786 2778
2783 2787 2785
2783 2788 2787
2784 2788 2783
2789 2787 2788
2790 2788 2784
2789 2788 2790
2790 2784 2791
2792 2789 2790
2792 2790 2791
2793 2794 2795
2796 2797 2793
2793 2798 2796
2793 1530 2798
2799 2794 2800
2799 2800 2801
2802 2799 2801
2803 2801 2800
2803 2804 2801
2804 2802 2801
2805 2804 2803
2805 2806 2804
2806 2805 2807
2808 2806 2807
2806 2809 2804
2806 2808 2809
2804 2809 2802
2810 2809 2808
2802 2809 2810
2802 2810 2811
2802 2811 2812
2802 2813 2799
2802 2812 2813
2813 2814 2799
2813 2815 2814
2814 2815 1525
2814 1525 2816
2815 2817 1525
2815 2818 2817
2819 2812 2818
2819 2818 2815
2820 2821 2822
2820 2822 2823
2824 2820 2823
2824 2825 2820
2826 2825 2824
2826 2824 2827
2827 2824 2828
2827 2828 2829
2829 2828 2830
2831 2825 2826
2831 2832 2825
2832 2831 2833
2825 2832 2834
2825 2834 2835
2832 2836 2834
2832 2833 2837
2832 2837 2836
2838 2837 2833
2837 2839 2836
2838 2840 2837
2837 2840 2839
2840 2838 2841
2840 2841 2842
2842 2841 2843
2842 2843 2844
2840 2845 2839
2840 2842 2845
2845 2846 2839
2847 2839 2846
2842 2848 2845
2842 2849 2848
2850 2845 2848
2845 2850 2846
2850 2848 2851
2848 2852 2851
2853 2850 2851
2853 2851 2854
2852 2855 2854
2852 2854 2856
2850 2853 2857
2850 2857 2846
2858 2846 2857
2858 2847 2846
2847 2858 2859
2847 2859 2860
2860 2859 2861
2860 2861 2820
2862 2863 2864
2863 2865 2864
2866 2864 2865
2867 2868 2869
2867 2869 2870
2871 2869 2872
2871 2872 2873
2874 2871 2875
2874 2875 2876
2876 2877 2874
2876 2878 2877
2878 2879 2877
2878 2880 2879
2881 2882 2879
2881 2883 2882
2884 2882 2883
2870 2885 2886
2870 2887 2885
2888 2885 2887
2888 2889 2885
2890 2889 2888
2890 2891 2889
2892 2893 2894
2893 2895 2894
2893 2896 2895
2897 2895 2896
2897 2896 2898
2899 2897 2898
2899 2898 2900
2900 2901 2899
2900 2902 2901
2902 2903 2901
2902 2904 2903
2905 2903 2904
2905 2904 2906
2906 2907 2905
2906 2908 2907
2909 2910 2911
2909 2911 2912
2913 2909 2912
2913 2912 2914
2915 2913 2914
2915 2916 2913
2917 2916 2915
2917 2918 2916
2919 2918 2917
2919 2920 2918
2920 2919 2921
2919 2922 2921
2923 2922 2919
2923 2919 2924
2924 2919 2917
2924 2925 2923
2926 2917 2915
2924 2917 2926
2924 2927 2925
2926 2927 2924
2926 2915 2928
2928 2915 2914
2929 2925 2927
2929 2930 2925
2930 2929 2931
2926 2932 2927
2932 2926 2928
2927 2933 2929
2931 2929 2933
2932 2933 2927
2932 2928 2934
2932 2934 2933
2928 2914 2935
2935 2934 2928
2931 2933 2936
2931 2936 2937
2938 2935 2914
2938 2914 2912
2934 2939 2933
2939 2936 2933
2940 2937 2936
2940 2941 2937
2936 2939 2942
2936 2942 2940
2943 2939 2934
2943 2942 2939
2935 2944 2934
2934 2944 2943
2945 2941 2940
2945 2946 2941
2947 2946 2945
2940 2942 2948
2943 2948 2942
2940 2948 2945
2947 2945 2949
2949 2945 2948
2949 2950 2947
2935 2951 2944
2935 2938 2951
2944 2952 2943
2943 2952 2948
2944 2951 2952
2953 2950 2949
2953 2954 2950
2955 2954 2953
2949 2948 2956
2956 2948 2952
2956 2953 2949
2951 2957 2952
2938 2957 2951
2956 2952 2957
2955 2953 2958
2958 2959 2955
2956 2960 2953
2957 2960 2956
2958 2953 2960
2938 2961 2957
2961 2938 2912
2961 2912 2911
2958 2962 2959
2963 2959 2962
2957 2964 2960
2961 2964 2957
2958 2960 2965
2962 2958 2965
2965 2960 2964
2911 2966 2961
2961 2966 2964
2965 2964 2967
2966 2967 2964
2963 2962 2968
2962 2965 2969
2969 2965 2967
2962 2970 2968
2962 2969 2970
2969 2967 2971
2971 2970 2969
2911 2972 2966
2973 2972 2911
2973 2974 2972
2966 2975 2967
2975 2971 2967
2976 2975 2966
2976 2966 2972
2977 2972 2974
2977 2974 2978
2975 2979 2971
2979 2975 2976
2977 2980 2972
2980 2976 2972
2978 2981 2977
2980 2977 2981
2978 2982 2981
2983 2976 2980
2979 2976 2983
2984 2971 2979
2971 2984 2970
2982 2985 2981
2982 2986 2985
2980 2981 2987
2983 2980 2987
2981 2988 2987
2981 2985 2988
2988 2983 2987
2989 2985 2986
2988 2985 2989
2989 2986 2990
2991 2989 2990
2979 2983 2992
2988 2992 2983
2984 2979 2993
2979 2992 2993
2970 2984 2994
2993 2994 2984
2991 2995 2989
2995 2991 2996
2988 2989 2997
2992 2988 2997
2997 2989 2995
2993 2992 2998
2992 2997 2998
2995 2996 2999
2999 2996 3000
2997 2995 3001
2998 2997 3001
2999 3001 2995
2993 2998 3002
2993 3002 2994
2970 2994 3003
3003 2968 2970
3003 3004 2968
2999 3000 3005
3005 3000 3006
2999 3007 3001
3005 3007 2999
2998 3001 3008
3002 2998 3008
3007 3008 3001
3003 2994 3009
3009 2994 3002
3009 3002 3010
3005 3006 3011
3011 3006 3012
3005 3013 3007
3011 3013 3005
3007 3014 3008
3013 3014 3007
3002 3008 3015
3015 3008 3014
3002 3015 3016
3017 3015 3014
3017 3014 3018
3018 3014 3019
3013 3019 3014
3018 3019 3020
3021 3019 3013
3011 3021 3013
3022 3020 3019
3021 3022 3019
3022 3023 3020
3024 3023 3022
3025 3022 3021
3024 3022 3025
3024 3025 3026
3024 3026 3027
3026 3028 3027
3025 3021 3029
3029 3021 3011
3026 3025 3029
3029 3011 3030
3011 3012 3030
3030 3012 3031
3030 3032 3029
3026 3029 3032
3033 3026 3032
3030 3034 3032
3030 3031 3034
3034 3033 3032
3031 3035 3034
3034 3035 3033
3031 3036 3035
3035 3036 3037
3035 3037 3038
3033 3035 3038
3037 3039 3038
3040 3038 3039
3033 3038 3040
3041 3040 3039
3041 3033 3040
3039 3042 3041
3028 3041 3042
3033 3043 3026
3026 3043 3028
3041 3043 3033
3028 3043 3041
623 3044 3045
623 3045 3046
3046 3045 3047
3046 3047 3048
3049 3048 3047
3049 3047 3050
3051 3049 3050
3051 3052 3049
3052 3053 3049
3052 3054 3053
3055 3053 3054
3055 3056 623
3055 3054 3057
3055 3057 3058
3059 3060 3061
3060 3059 3062
3060 3062 3063
3062 3064 3063
3062 3065 3064
3066 3064 3065
3066 3065 3067
3068 3066 3067
3068 3067 3069
3070 3068 3069
3070 3069 3071
3072 3070 3073
3072 3073 3074
3075 3074 3076
3074 3077 3076
3075 3078 3074
3075 3079 3078
3075 3080 3079
3074 3081 3077
3082 3080 3083
3084 3082 3075
3084 3085 3082
3084 3086 3085
3084 3077 3086
3077 3087 3086
3077 3088 3087
3087 3088 3089
3087 3089 3090
3090 3089 3091
3092 3093 3081
3092 3088 3093
3094 3095 3091
3095 3096 3092
3095 3094 3096
3097 3098 3099
3098 3097 3100
3098 3100 1169
3101 3102 3103
3102 3104 3103
3102 3105 3104
3102 3106 3105
3105 3107 3104
3106 3108 3105
3105 3108 3107
3106 3109 3108
3108 3110 3107
3109 3111 3108
3108 3111 3110
3109 3112 3111
3111 3113 3110
3112 3114 3111
3111 3114 3113
3112 3115 3114
3114 3116 3113
3115 3116 3114
3117 3118 3119
3120 3121 3117
3120 3122 3121
3122 3123 3121
3122 3124 3123
3125 3123 3124
3125 3124 3126
3126 3127 3125
3126 3128 3127
3129 3127 3128
3118 3130 3131
3132 3131 3130
3132 3133 3131
3132 3134 3133
3132 3135 3134
3136 3134 3135
3136 3135 3137
3138 3137 3127
3138 3136 3137
3139 3138 3127
3139 3127 3140
3141 3136 3138
3142 3138 3139
3142 3141 3138
3141 3143 3136
3143 3144 3136
3143 3145 3144
3146 3144 3145
3146 3145 3147
3146 3147 3148
3146 3148 3149
3118 3149 3148
3143 3141 3150
3150 3141 3142
3143 3150 3151
3152 3150 3142
3153 3152 3142
3152 3153 3154
3153 3142 3139
3155 3154 3153
3153 3139 3156
3156 3139 3140
3155 3153 3157
3156 3157 3153
3158 3155 3157
3158 3159 3155
3156 3160 3157
3158 3157 3160
3156 3140 3161
3156 3162 3160
3156 3161 3162
3158 3160 3163
3164 3159 3158
3163 3164 3158
3160 3162 3165
3160 3165 3163
3166 3161 3140
3167 3166 3140
3167 3140 3168
3169 3166 3167
3166 3170 3161
3162 3161 3170
3169 3170 3166
3162 3170 3171
3162 3172 3165
3171 3172 3162
3165 3172 3173
3163 3165 3174
3165 3173 3174
3169 3175 3170
3171 3170 3175
3171 3176 3172
3172 3176 3173
3171 3175 3177
3177 3176 3171
3175 3178 3177
3178 3176 3177
3163 3174 3179
3163 3179 3164
3174 3180 3179
3164 3179 3180
3173 3181 3174
3174 3181 3180
3178 3182 3176
3173 3176 3182
3164 3180 3183
3184 3164 3183
3164 3184 3159
3184 3185 3159
3185 3186 3159
3185 3187 3186
3184 3188 3185
3188 3184 3189
3184 3183 3189
3188 3189 3190
3180 3191 3183
3189 3183 3191
3192 3190 3189
3189 3191 3192
3192 3193 3190
3180 3194 3191
3181 3194 3180
3195 3193 3192
3195 3196 3193
3192 3191 3197
3192 3197 3195
3197 3191 3194
3198 3196 3195
3198 3195 3197
3198 3199 3196
3199 3198 3200
3199 3200 3201
3198 3197 3202
3200 3198 3202
3197 3194 3203
3202 3197 3203
3181 3204 3194
3203 3194 3204
3201 3200 3205
3201 3205 3206
3205 3207 3206
3208 3204 3181
3173 3208 3181
3205 3209 3207
3209 3210 3207
3209 3211 3210
3212 3210 3211
3205 3213 3209
3213 3211 3209
3205 3214 3213
3200 3214 3205
3213 3215 3211
3212 3211 3216
3212 3216 3217
3211 3218 3216
3211 3215 3218
3216 3218 3217
3219 3208 3173
3173 3182 3219
3200 3220 3214
3200 3202 3220
3221 3220 3202
3221 3222 3220
3202 3203 3221
3220 3223 3214
3220 3224 3223
3221 3203 3225
3203 3204 3225
3208 3226 3204
3225 3204 3226
3227 3224 3221
3221 3225 3227
3219 3228 3208
3228 3226 3208
3225 3226 3229
3227 3225 3229
3227 3230 3224
3223 3224 3230
3214 3223 3231
3214 3231 3232
3231 3215 3232
3228 3233 3226
3229 3226 3233
3227 3229 3234
3234 3230 3227
3223 3230 3235
3235 3231 3223
3229 3233 3236
3236 3234 3229
3234 3237 3230
3235 3230 3237
3236 3238 3234
3237 3234 3238
3231 3239 3215
3235 3240 3231
3240 3239 3231
3235 3237 3241
3241 3240 3235
3240 3242 3239
3242 3243 3239
3215 3244 3243
3215 3243 3218
3237 3238 3245
3245 3241 3237
3241 3246 3240
3246 3242 3240
3245 3247 3241
3247 3246 3241
3242 3248 3243
3249 3218 3243
3249 3243 3248
3246 3250 3242
3248 3242 3250
3247 3251 3246
3251 3250 3246
3218 3249 3252
3218 3252 3217
3217 3252 3253
3217 3253 3254
3255 3254 3253
3256 3253 3252
3256 3252 3249
3256 3255 3253
3249 3257 3256
3255 3256 3257
3249 3248 3258
3249 3258 3257
3248 3250 3259
3259 3258 3248
3251 3260 3250
3260 3259 3250
3259 3261 3258
3261 3257 3258
3255 3257 3262
3255 3262 3263
3262 3264 3263
3262 3265 3264
3262 3257 3265
3265 3266 3264
3265 3257 3267
3261 3267 3257
3265 3268 3266
3265 3267 3268
3269 3266 3268
3268 3270 3269
3267 3271 3268
3268 3271 3270
3267 3261 3271
3272 3270 3271
3273 3261 3259
3273 3271 3261
3272 3271 3273
3260 3273 3259
3274 3272 3273
3274 3273 3260
3275 3272 3274
3276 3275 3274
3277 3274 3260
3276 3274 3277
3277 3260 3251
3278 3276 3277
3279 3277 3251
3278 3277 3279
3279 3251 3247
3280 3278 3279
3281 3279 3247
3280 3279 3281
3281 3247 3245
3281 3282 3280
3245 3283 3281
3281 3283 3282
3245 3238 3283
3282 3283 3284
3238 3284 3283
3282 3284 3285
3238 3236 3284
3284 3286 3285
3236 3287 3284
3284 3287 3286
3236 3233 3287
3288 3286 3287
3233 3289 3287
3288 3287 3289
3233 3228 3289
3290 3288 3289
3291 3289 3228
3290 3289 3291
3291 3228 3219
3291 3292 3290
3219 3293 3291
3291 3293 3292
3219 3182 3293
3294 3292 3293
3295 3293 3182
3294 3293 3295
3296 3294 3295
3295 3182 3178
3296 3295 3297
3297 3295 3178
3297 3298 3296
3297 3178 3299
3300 3299 3178
3297 3301 3298
3301 3297 3299
3302 3298 3301
3303 3299 3300
3301 3299 3303
3303 3300 3169
3302 3301 3304
3304 3301 3303
3305 3302 3304
3306 3303 3169
3304 3303 3306
3306 3169 3307
3305 3304 3308
3308 3304 3306
3309 3306 3307
3308 3306 3309
3309 3307 3310
3311 3308 3309
3311 3309 3312
3313 3311 3312
3314 3305 3315
3314 3315 3316
3316 3313 3314
3317 3318 3310
3317 3310 3319
3319 3320 3317
3313 3321 3322
3321 3323 3322
3321 3324 3323
3325 3323 3324
3325 3324 3326
3326 3327 3325
3326 3328 3327
3329 3327 3328
3151 3330 3331
3151 3332 3330
3333 3330 3332
3333 3332 3334
3335 3333 3334
3335 3334 3336
3336 3337 3335
3338 3339 3340
3341 3340 3339
3341 3342 3340
3343 3342 3341
3343 3341 3344
3345 3343 3344
3345 3344 3346
3346 3347 3345
3346 3348 3347
3347 3348 3349
3350 3351 3352
3353 3352 3351
3353 3354 3352
3355 3354 3353
3355 3356 3354
3357 3356 3355
3357 3358 3356
3359 3360 3361
3359 3361 3362
3359 3362 3363
3363 3362 3364
3363 3364 3365
3365 3364 3366
3365 3366 3367
3368 3369 3370
3368 3370 3371
3372 3371 3373
3372 3374 3371
3375 3372 3373
3376 3374 3372
3376 3377 3374
3377 3378 3374
3377 3379 3378
3379 3377 3380
3379 3380 3381
3377 3382 3380
3377 3376 3382
3376 3383 3382
3384 3376 3372
3376 3384 3383
3375 3385 3372
3384 3372 3385
3383 3384 3386
3386 3384 3385
3383 3386 3387
3388 3385 3375
3386 3385 3388
3388 3375 3389
3387 3386 3390
3390 3386 3388
3387 3390 3391
3392 3388 3389
3390 3388 3392
3392 3389 3393
3394 3391 3390
3392 3394 3390
3394 3395 3391
3396 3392 3393
3392 3396 3394
3396 3393 3397
3398 3395 3394
3398 3394 3396
3398 3399 3395
3400 3396 3397
3398 3396 3400
3400 3397 3401
3401 3402 3400
3403 3399 3398
3400 3403 3398
3402 3403 3400
3403 3404 3399
3405 3403 3402
3405 3404 3403
3406 3407 3408
3409 3408 3407
3409 3410 3408
3411 3410 3409
3411 3412 3410
3413 3412 3411
3413 3414 3412
3415 3414 3413
3415 3416 3414
3417 3416 3415
3417 3418 3416
3419 3418 3417
3419 3417 3420
3421 3419 3420
3421 3420 3422
3423 3421 3422
3423 3424 3421
3425 3426 3427
3426 3428 3427
3429 3430 3431
3429 3431 3432
3432 3433 3429
3432 3434 3433
3435 3433 3434
3436 3437 3438
3436 3438 3439
3440 3441 3442
3440 3442 3443
3444 3445 3446
3447 3446 3445
3447 3448 3446
3449 3448 3447
3448 3450 3446
3446 3450 3451
3448 3452 3450
3449 3453 3448
3452 3454 3453
3452 3453 3455
3456 3453 3449
3453 3457 3455
3456 3458 3453
3453 3458 3457
3456 3459 3458
3459 3457 3458
3460 3461 3462
3460 3462 3463
3464 3460 3463
3463 3465 3464
3465 3466 3464
3465 3467 3466
3468 3466 3467
3468 3469 3466
3470 3469 3468
3470 3471 3469
3472 3471 3470
3472 3473 3471
3474 3473 3472
3474 3475 3473
3476 3475 3474
3476 3477 3475
3478 3477 3476
3478 3479 3477
3480 3479 3478
3480 3481 3479
3482 3481 3480
3482 3483 3481
3484 3483 3482
3484 3485 3483
3485 3484 3486
3487 3488 3486
3489 3488 3487
3489 3487 3490
3491 3489 3490
3491 3490 3492
3493 3491 3494
3493 3494 3495
3493 3495 3496
3493 3496 3497
3498 3497 3496
3498 3499 3497
3499 3498 3500
3499 3500 3501
3502 3501 3500
3502 3503 3501
3504 3503 3505
3504 3505 3506
3507 3508 3506
3507 3506 3509
3510 3511 3509
3510 3509 3512
3510 3512 3513
3513 3514 3510
3514 3515 3510
3514 3516 3515
3517 3518 3519
3520 3518 3517
3521 3522 3523
3522 3524 3523
3525 3526 3527
3525 3528 3526
3525 3529 3528
3530 3528 3529
3531 3529 3525
3531 3525 3532
3533 3531 3532
3534 3531 3533
3531 3534 3529
3534 3533 3535
3530 3529 3536
3536 3529 3534
3536 3537 3530
3535 3538 3534
3536 3534 3538
3535 3539 3538
3536 3540 3537
3538 3540 3536
3540 3541 3537
3539 3542 3538
3538 3542 3540
3539 3543 3542
3540 3544 3541
3542 3544 3540
3545 3541 3544
3543 3546 3542
3542 3546 3544
3543 3547 3546
3545 3544 3548
3548 3544 3546
3549 3545 3548
3549 3548 3009
3550 3546 3547
3548 3546 3550
3009 3548 3550
3550 3547 3551
3550 3551 3552
3009 3550 3553
3550 3552 3553
3003 3009 3553
3553 3004 3003
3553 3552 3004
3552 3554 3004
3554 3555 3004
3554 2963 3555
3556 3557 3558
3558 3557 3559
3558 3559 2822
3560 3561 3562
3560 3562 3563
3564 3563 3562
3564 3565 3563
3566 3565 3564
3566 3564 3567
3567 3568 3566
3567 3569 3568
3569 3570 3568
3569 3571 3570
3572 3570 3571
3572 3571 3573
3569 3574 3571
3574 3573 3571
3567 3574 3569
3574 3575 3573
3567 3576 3574
3575 3574 3576
3576 3567 3564
3575 3576 3577
3578 3577 3576
3576 3564 3578
3578 3564 3562
3578 3562 3579
3579 3562 3580
3579 3581 3578
3581 3582 3578
3581 3583 3582
3583 3584 3582
3579 3585 3581
3583 3586 3584
3587 3585 3579
3579 3580 3587
3588 3587 3580
3587 3589 3585
3588 3589 3587
3588 3590 3589
3591 3590 3588
3586 3592 3584
3586 3593 3592
3593 3594 3592
3592 3594 3595
3584 3592 3595
3584 3595 3596
3597 3584 3596
3597 3596 3598
3578 3597 3598
3591 3588 3599
3599 3600 3591
3599 3185 3600
3185 3599 3187
3588 3187 3599
3588 3601 3187
3588 3580 3601
3602 3187 3601
3601 3580 3560
3602 3601 3603
3601 3560 3603
3604 3605 3606
3605 3607 3606
3605 3608 3607
3607 3608 3609
3607 3609 3610
3610 3609 3611
3610 3611 3612
3613 3612 3611
3613 3614 3612
3614 3613 3615
3616 3614 3615
3617 3618 3619
3620 3617 3619
3621 3617 3620
3621 3622 3617
3623 3617 3622
3624 3622 3621
3623 3622 3625
3624 3626 3622
3626 3625 3622
3627 3626 3624
3626 3628 3625
3627 3629 3626
3629 3628 3626
3630 3629 3627
3629 3631 3628
3630 3631 3629
3632 3633 3634
3632 3634 3635
3636 3637 3638
3636 3638 3639
3640 3641 3642
3640 3642 3643
3644 3640 3643
3645 3646 3647
3645 3648 3646
3645 3649 3648
3645 2040 3649
3650 3651 3652
3650 3652 3653
3654 3655 3656
3654 3656 3657
3657 3656 3658
3657 3658 3659
3659 3658 3660
3661 3662 3663
3664 3662 3661
3664 3661 3665
3666 3664 3665
3666 3665 3667
3668 3666 3667
3668 3669 3666
3670 3671 3672
3670 3672 3673
3674 3673 3672
3674 3672 3675
3676 3674 3675
3676 3677 3674
3678 3677 3676
3679 3680 3681
3679 3682 3680
3682 3679 3683
3682 3683 3684
3684 3683 3685
3684 3685 3686
3686 3685 3687
3686 3687 3688
3688 3687 3689
3688 3689 3690
3691 3690 3689
3691 3692 3690
3693 3692 3691
3693 3691 3694
3695 3693 3694
3695 3694 3696
3697 3695 3696
3697 3696 3698
3697 3698 3699
817 3700 3701
817 3702 3700
3703 3700 3702
3704 3703 3702
3705 3703 3704
3705 3704 3706
3705 3706 3707
3708 2823 3709
3708 3709 3710
2830 3710 3709
3711 3712 3713
3713 3712 3714
3713 3714 3715
3716 3711 3713
3713 3715 3716
3716 3717 3711
3716 3718 3717
3716 3715 3719
3717 3718 3720
3716 3719 3721
3716 3721 3718
3721 3719 3722
3723 3720 3718
3723 1184 3720
3724 1184 3723
3723 3725 3724
3723 3718 3725
3725 1191 3724
3726 1191 3725
3725 3718 3727
3726 3725 3727
3728 3721 3722
3728 3722 3729
3728 3729 3730
3728 3730 3731
3721 3728 3731
3721 3732 3718
3718 3732 3727
3721 3731 3732
3727 3732 3731
3733 3726 3727
3727 3731 3733
3733 3734 3726
3733 3731 3735
3736 3734 3733
3735 3737 3733
3736 3733 3737
3735 3738 3737
3737 3739 3736
3740 3737 3738
3737 3741 3739
3740 3741 3737
3739 3741 3742
3741 3740 3742
3743 3744 3745
3744 3746 3745
3744 3747 3746
3748 3746 3747
3748 3749 3746
3750 3749 3748
3750 3751 3749
3752 3751 3750
3752 3750 3753
3754 3752 3753
3755 3754 3753
3756 3755 3753
3757 3758 3743
3759 3758 3757
3759 3757 3760
3761 3759 3760
3761 3760 3762
3763 3761 3762
3763 3762 3764
3765 3763 3764
3756 3766 3765
3765 3766 3763
3767 3768 3769
3769 3770 3767
3769 3771 3770
3772 3770 3771
3772 3773 3770
3773 3772 3774
3773 3774 3775
3776 3775 3774
3776 3777 3775
3776 3778 3777
3774 3779 3776
3774 3780 3779
3781 3780 3774
3781 3782 3780
3783 3782 3781
3779 3780 3784
3784 3780 3782
3783 3785 3782
3785 3783 3786
3784 3782 3787
3785 3787 3782
3785 3786 3788
3786 3768 3788
3789 3785 3788
3785 3789 3787
3768 3790 3788
3789 3788 3790
3768 3791 3790
3792 3790 3791
3792 3789 3790
3789 3792 3793
3789 3793 3787
3794 3787 3793
3794 3784 3787
3795 3784 3794
3795 3796 3784
3797 3796 3795
3779 3784 3796
3797 3798 3796
3799 3798 3797
3796 3800 3779
3796 3798 3800
3800 3776 3779
3799 3801 3798
3802 3801 3799
3798 3803 3800
3798 3801 3803
3800 3804 3776
3804 3800 3803
3776 3804 3778
3802 3805 3801
3806 3805 3802
3804 3803 3807
3807 3778 3804
3808 3803 3801
3808 3801 3805
3807 3803 3808
3806 3809 3805
3810 3809 3806
3805 3811 3808
3805 3809 3811
3807 3808 3812
3812 3808 3811
3778 3807 3813
3812 3813 3807
3810 3814 3809
3815 3814 3810
3809 3816 3811
3809 3814 3816
3815 3817 3814
3816 3814 3817
3818 3817 3815
3818 3819 3817
3819 3818 3820
3778 3813 3821
3778 3821 3822
3812 3811 3823
3823 3811 3816
3816 3817 3824
3819 3824 3817
3823 3816 3825
3825 3816 3824
3819 3820 3826
3819 3827 3824
3827 3819 3826
3825 3824 3828
3828 3824 3827
3820 3829 3826
3820 3830 3829
3831 3829 3830
3831 3832 3829
3832 3831 3833
3832 3833 3834
3834 3833 3835
3829 3832 3836
3836 3832 3834
3826 3829 3837
3829 3836 3837
3827 3826 3838
3826 3837 3838
3828 3827 3839
3839 3827 3838
3837 3836 3840
3838 3837 3841
3837 3840 3841
3836 3834 3842
3840 3836 3842
3839 3838 3843
3838 3841 3843
3834 3835 3844
3834 3845 3842
3834 3844 3845
3846 3844 3835
3846 3835 3847
3848 3845 3844
3848 3844 3846
3849 3846 3847
3849 3847 3850
3849 3850 3851
3849 3851 3852
3853 3849 3852
3846 3849 3854
3853 3854 3849
3846 3854 3848
1609 3854 3853
3855 3848 3854
1609 3855 3854
3856 3845 3848
3855 3856 3848
1609 3857 3855
3855 3857 3856
1609 1582 3857
3857 1582 3858
3856 3859 3845
3842 3845 3859
3857 3860 3856
3860 3857 3858
3859 3856 3860
3861 3860 3858
3859 3860 3861
3861 3858 3862
3842 3859 3863
3863 3859 3861
3840 3842 3863
3864 3861 3862
3863 3861 3864
3840 3863 3864
3864 3862 3865
3840 3864 3866
3866 3864 3865
3866 3841 3840
3866 3865 3867
3866 3868 3841
3867 3868 3866
3867 3869 3868
3843 3841 3868
3868 3869 3870
3843 3868 3871
3868 3870 3871
3872 3843 3871
3870 3872 3871
3870 3873 3872
3872 3839 3843
3872 3873 3874
3875 3839 3872
3872 3874 3875
3875 3828 3839
3875 3874 3876
3877 3828 3875
3875 3876 3877
3877 3825 3828
3878 3825 3877
3876 3878 3877
3878 3823 3825
3879 3878 3876
3880 3879 3876
3879 3880 3881
3882 3823 3878
3879 3882 3878
3882 3812 3823
3879 3881 3883
3882 3879 3883
3884 3883 3881
3885 3812 3882
3882 3883 3885
3885 3813 3812
3884 3886 3883
3886 3885 3883
3887 3813 3885
3886 3887 3885
3887 3821 3813
3884 3888 3886
3888 3887 3886
3884 3889 3888
3890 3888 3889
3887 3891 3821
3821 3891 3822
3888 3892 3887
3890 3892 3888
3887 3892 3891
3822 3891 3893
3893 3891 3892
3890 3894 3892
3893 3892 3894
3895 3894 3890
3822 3893 3896
3896 3893 3897
3897 3893 3894
3896 3897 3898
3895 3899 3894
3897 3894 3899
3898 3897 3900
3899 3900 3897
3898 3900 3901
3895 3902 3899
3899 3902 3900
3895 3903 3902
3901 3900 3904
3904 3900 3902
3901 3904 3905
3906 3902 3903
3904 3902 3906
3906 3903 3907
3905 3904 3908
3908 3904 3906
3905 3908 3909
3907 3910 3906
3908 3906 3910
3907 3911 3910
3912 3910 3911
3910 3912 3908
3912 3911 3913
3912 3913 3914
3912 3915 3908
3912 3914 3915
3915 3909 3908
3914 3916 3915
3916 3909 3915
3916 3917 3909
3918 3917 3919
3918 3919 3920
3919 3921 3920
3919 3922 3921
3923 3921 3922
3923 3922 3924
3925 3923 3924
3925 3924 3926
3925 3926 3927
3925 3927 3822
499 3928 498
499 3929 3928
3928 3930 498
3928 3929 3931
3932 3930 3928
3928 3931 3933
3932 3928 3933
3933 3931 3934
3935 3932 3933
3933 3934 3936
3935 3933 3936
