byte offset: 0
first index: 0
index count: 14112
topology: trianglelist
format: DXGI_FORMAT_R16_UINT

0 1 2
3 4 5
6 7 4
6 8 7
6 9 8
6 10 9
11 7 8
12 7 11
12 11 13
11 8 14
14 13 11
14 15 13
9 14 16
17 15 14
9 17 14
17 18 15
19 9 10
17 9 19
19 10 20
18 17 21
17 19 21
18 21 22
21 23 22
21 24 23
19 24 21
24 25 23
20 26 19
19 26 24
20 27 26
25 24 28
28 24 26
25 28 29
30 26 27
28 26 30
30 27 31
29 28 32
32 28 30
29 32 33
32 34 33
35 30 31
32 30 35
35 31 36
35 37 32
36 38 35
35 38 37
36 39 38
40 37 38
40 41 37
42 40 38
42 38 39
41 40 43
40 42 43
44 41 43
44 45 41
45 46 41
45 47 46
48 46 47
48 47 49
50 48 49
50 49 51
51 52 50
51 53 52
53 54 52
53 55 54
54 55 56
49 47 57
49 57 58
51 49 58
51 58 59
59 53 51
59 60 53
60 61 53
60 62 61
61 62 63
64 57 47
64 47 45
45 65 64
45 66 65
44 66 45
67 65 66
67 68 65
44 69 66
69 67 66
70 67 69
71 69 44
70 69 71
71 44 43
70 72 67
73 67 72
73 72 74
74 72 75
74 75 76
75 77 76
78 72 70
78 75 72
77 75 79
75 78 80
75 80 79
81 77 79
81 82 77
82 81 83
82 83 84
85 84 83
79 86 81
79 80 86
83 81 86
80 87 86
87 80 78
87 78 88
88 78 70
89 83 86
90 88 70
91 83 89
85 83 92
91 92 83
85 92 93
94 92 91
94 93 92
95 93 94
95 94 96
97 95 96
97 96 98
99 97 98
99 98 100
90 70 101
102 90 101
101 70 71
71 103 101
102 101 103
71 104 103
43 104 71
43 105 104
105 43 42
106 102 103
102 106 107
102 107 108
108 107 109
108 109 110
111 110 109
106 103 112
104 112 103
104 113 112
113 104 105
113 114 112
42 115 105
113 105 115
114 113 116
117 114 116
118 116 113
118 117 116
118 113 115
119 117 118
42 120 115
120 118 115
120 42 39
119 118 121
120 121 118
119 121 122
122 121 123
122 123 124
124 123 125
124 125 126
127 121 120
128 126 125
120 39 129
127 120 129
128 125 130
130 131 128
132 125 127
132 127 129
130 125 132
133 129 39
133 132 129
133 39 134
135 133 134
135 136 133
132 133 136
137 136 135
130 138 131
139 131 138
130 132 140
132 136 140
138 130 140
137 141 136
140 136 141
142 141 137
139 138 143
144 139 143
138 140 145
140 141 145
143 138 145
142 146 141
142 144 146
145 141 146
144 143 147
143 145 147
145 146 147
146 144 147
148 149 150
151 149 152
152 149 153
151 152 154
154 152 155
154 155 156
157 155 152
157 152 153
155 157 158
155 158 159
157 160 158
157 161 160
157 153 161
162 158 160
162 163 158
159 158 163
164 163 162
164 165 163
166 165 164
159 163 167
167 163 165
166 168 165
169 168 166
167 165 170
170 165 168
170 168 171
169 172 168
171 168 172
171 172 173
169 174 172
172 174 173
175 159 167
176 159 175
175 167 177
177 167 178
179 176 175
179 175 180
179 156 176
180 181 179
177 180 182
177 178 183
183 178 184
183 184 185
185 184 186
185 186 187
174 187 186
180 188 181
189 181 188
177 190 180
191 190 177
191 192 190
193 192 191
193 194 192
195 194 193
195 196 194
197 196 195
197 198 196
194 196 199
196 200 199
197 201 200
202 200 201
200 202 199
192 194 203
194 199 203
190 192 204
192 203 204
199 205 203
199 206 205
203 205 207
203 207 204
204 207 208
207 205 209
190 204 210
204 208 210
211 190 210
208 211 210
211 180 190
207 209 212
208 207 212
213 180 211
213 188 180
188 213 214
188 214 189
215 189 214
215 216 189
217 213 211
208 218 211
217 211 218
213 217 219
213 219 220
218 221 217
219 217 221
222 218 208
218 222 221
208 212 223
222 208 223
224 215 220
224 220 219
212 225 223
212 226 225
227 223 225
227 222 223
209 226 212
222 227 228
222 228 221
209 229 226
230 229 209
231 230 209
230 232 229
231 206 230
233 232 230
206 233 230
233 234 232
235 234 233
206 236 233
236 201 233
221 228 237
219 221 237
219 237 238
219 238 224
228 239 237
237 239 238
238 239 240
224 238 241
238 240 242
241 238 242
224 241 243
215 224 243
241 244 243
245 243 244
215 243 245
241 246 244
216 215 245
241 242 247
247 248 241
247 249 248
249 250 248
251 246 250
251 252 246
244 246 252
244 252 253
249 254 250
255 250 254
254 256 255
254 257 256
258 254 249
258 257 254
257 258 259
260 249 247
260 258 249
253 261 244
262 261 253
257 259 263
263 264 257
265 264 256
247 266 260
247 242 266
258 260 267
258 267 259
261 262 268
268 262 269
263 270 264
271 264 270
242 272 266
242 240 272
260 266 273
260 273 267
271 270 274
275 271 274
276 266 272
276 273 266
270 263 277
278 270 277
274 270 278
263 279 277
274 278 280
275 274 280
275 280 281
281 282 275
279 263 259
281 283 282
284 282 283
279 259 285
285 259 286
287 284 283
259 288 286
289 287 283
287 289 290
287 290 291
287 291 292
259 267 288
293 288 267
293 294 288
293 267 273
293 295 294
296 293 273
293 296 295
297 295 296
296 273 276
297 296 298
276 298 296
299 297 298
276 300 298
272 300 276
299 298 301
300 301 298
301 302 299
272 303 300
303 272 240
300 304 301
304 300 303
301 305 302
305 301 304
305 306 302
303 240 307
240 308 307
308 228 307
309 307 228
303 307 309
309 228 310
303 309 311
304 303 311
312 309 310
312 311 309
312 310 313
312 313 314
315 304 311
312 315 311
312 314 316
315 312 316
316 314 317
315 318 304
319 318 315
315 316 319
319 320 318
316 317 321
319 316 321
317 322 321
319 321 323
321 322 323
324 320 325
324 326 320
324 327 326
304 328 305
328 329 305
328 330 329
305 329 306
331 329 330
332 306 329
331 332 329
332 333 306
331 334 332
332 334 333
335 336 337
338 337 339
338 339 340
339 341 342
339 343 341
343 344 341
343 345 344
346 344 345
343 347 345
348 345 347
343 349 347
339 349 343
339 350 349
351 350 339
351 352 350
351 353 352
354 355 356
357 356 358
357 358 359
359 358 360
359 360 361
362 361 360
362 363 361
364 363 365
364 366 363
366 367 368
369 366 368
370 371 372
373 374 370
374 375 370
374 376 375
374 377 376
378 376 377
378 377 379
379 380 378
379 381 380
382 383 384
385 386 387
388 387 389
388 389 390
390 389 391
390 391 392
392 391 393
392 393 394
395 392 394
395 396 392
397 388 390
398 396 397
398 397 390
397 399 388
400 388 399
401 402 394
401 394 403
401 403 404
401 404 405
404 406 405
394 407 403
394 408 407
409 403 407
409 407 410
411 404 410
411 412 404
404 413 406
413 404 414
415 406 416
417 418 419
417 420 421
422 423 417
422 424 423
424 422 425
424 425 426
427 426 425
427 428 426
427 429 428
427 430 429
431 429 430
431 430 432
433 434 435
436 437 435
436 438 437
438 439 437
437 439 440
438 441 439
441 438 442
441 442 443
444 443 442
444 442 445
446 444 445
446 445 447
448 446 447
448 447 449
449 450 448
449 451 450
451 452 450
451 453 452
453 454 452
453 455 454
454 455 456
454 456 457
442 458 459
442 460 458
458 461 459
458 462 461
461 462 463
461 463 464
464 463 465
464 465 466
465 467 466
465 468 467
467 468 469
467 469 470
471 470 469
471 472 470
460 473 474
460 474 436
475 476 477
478 477 479
478 480 477
481 480 478
481 482 480
483 482 484
483 485 482
486 485 483
486 487 485
488 487 486
488 489 487
488 490 489
488 486 491
486 492 491
486 493 492
493 494 492
493 495 494
496 494 495
496 495 497
496 497 498
488 491 499
500 488 499
488 500 490
500 499 501
502 500 501
490 500 503
502 503 500
490 503 504
504 505 490
506 490 505
506 505 507
505 508 507
505 509 508
505 510 509
511 510 505
504 511 505
511 512 510
511 513 512
503 502 514
504 503 515
503 514 515
516 511 504
504 515 516
511 517 513
516 517 511
518 513 517
518 519 513
517 520 518
517 516 520
516 521 520
516 515 521
515 522 521
515 514 522
523 514 502
523 502 524
523 525 514
526 514 525
524 527 523
524 528 527
528 529 527
528 530 529
530 531 529
530 532 531
532 533 531
534 535 533
533 536 534
537 536 538
539 537 538
537 540 536
539 541 537
540 542 536
540 543 542
544 542 543
539 545 541
539 546 545
547 545 546
548 549 64
550 551 64
552 68 550
68 552 553
552 554 553
555 64 556
555 557 64
557 555 558
557 558 559
560 559 558
560 558 561
561 562 560
561 563 562
563 564 562
563 565 564
564 565 63
566 567 568
569 570 571
572 570 573
572 573 574
575 576 574
576 575 577
578 576 577
579 578 577
577 575 580
579 577 581
577 580 581
581 580 582
581 582 583
583 582 584
585 581 583
585 586 581
583 584 587
585 583 587
588 585 587
588 587 589
587 584 590
587 590 589
590 591 589
592 591 590
593 592 590
594 593 595
596 597 594
598 597 599
600 598 599
601 602 603
604 605 606
607 608 606
609 608 607
609 610 608
607 611 609
606 612 607
607 612 611
606 613 612
614 611 612
613 615 612
614 612 615
613 616 615
615 617 614
616 618 615
615 618 617
616 619 618
620 617 618
620 621 617
621 620 622
621 622 623
623 622 624
623 624 625
625 624 626
625 626 627
626 628 627
626 629 628
629 630 628
629 631 630
632 630 631
632 631 633
633 634 632
633 635 634
635 636 634
635 637 636
637 638 636
637 639 638
640 638 639
640 639 641
640 641 642
643 644 635
643 635 645
643 646 644
643 645 647
648 644 646
649 647 645
648 646 650
649 645 651
652 648 650
652 650 653
653 654 652
653 655 654
656 654 655
657 649 651
657 651 658
659 657 658
659 660 657
660 659 661
660 661 662
663 662 661
663 664 662
664 663 665
664 665 666
665 619 666
665 618 619
667 666 619
667 668 666
668 669 666
668 670 669
670 671 669
670 672 671
673 671 672
673 672 674
674 675 673
674 676 675
675 677 673
675 676 678
679 677 675
675 678 680
679 675 680
680 678 681
682 679 680
680 681 683
682 680 683
684 685 686
687 688 689
690 689 691
690 692 689
693 692 690
693 694 692
695 694 693
695 696 694
697 696 695
697 698 696
698 697 699
700 701 702
700 703 704
700 704 705
705 704 706
707 708 709
710 711 712
713 714 715
716 717 718
719 720 721
722 721 723
724 721 722
724 722 725
726 724 725
726 725 727
728 726 727
728 727 729
730 728 729
730 729 731
730 731 732
730 732 733
734 733 735
734 736 733
737 736 734
737 738 736
737 739 738
740 741 742
743 744 741
743 745 744
746 745 743
746 747 745
748 747 746
748 749 747
750 749 748
750 751 749
752 753 750
754 752 750
755 756 757
755 758 759
760 761 755
762 761 760
760 763 762
764 760 759
765 760 764
765 764 766
764 759 767
768 767 759
769 768 755
770 766 764
770 771 766
764 767 772
770 764 772
773 768 769
774 773 769
775 773 774
775 776 773
777 776 775
777 778 776
773 779 768
779 773 776
778 780 776
779 776 780
778 781 780
782 780 781
782 779 780
782 781 783
782 784 779
768 779 784
768 784 767
767 784 785
767 785 786
767 786 772
787 772 786
787 770 772
770 787 788
770 788 789
770 789 771
788 790 789
791 771 789
790 791 789
792 793 794
795 796 797
798 799 800
801 802 803
804 805 803
804 803 806
807 806 803
808 809 810
811 812 813
814 812 815
814 816 812
816 817 812
816 818 817
819 818 816
820 812 817
820 821 812
821 820 822
820 823 822
823 820 817
823 817 824
818 824 817
818 825 824
819 826 818
825 818 826
826 819 827
826 827 828
825 826 829
829 826 828
830 828 827
830 827 831
832 830 831
832 831 833
832 833 834
835 828 830
829 828 835
835 830 836
836 830 832
837 829 835
837 835 836
829 837 838
829 838 825
825 838 839
825 839 840
841 840 839
841 842 840
842 841 843
837 836 844
844 836 845
836 832 845
844 845 846
847 846 845
847 845 832
847 848 846
847 832 849
832 834 849
848 847 850
849 850 847
848 850 851
852 849 834
849 852 850
852 834 853
852 853 854
851 850 855
855 850 852
851 855 856
852 854 857
855 852 857
858 856 855
857 858 855
858 859 856
860 857 854
857 860 858
860 854 861
860 861 862
863 859 858
860 863 858
863 864 859
860 862 865
860 865 863
864 863 866
865 866 863
864 866 867
862 868 865
865 868 866
862 869 868
867 866 870
870 866 868
867 870 871
872 868 869
870 868 872
872 869 873
874 872 873
874 875 872
875 870 872
876 875 874
871 870 877
875 877 870
871 877 878
876 879 875
877 875 879
876 880 879
880 881 879
877 879 881
878 877 881
878 881 882
881 883 882
236 884 199
885 886 887
888 885 887
887 889 888
889 890 888
889 887 891
889 892 890
892 893 890
889 891 894
889 895 892
889 894 895
892 896 893
895 896 892
894 891 897
897 891 898
894 897 899
894 899 900
894 900 895
900 901 895
895 901 896
900 902 901
896 903 893
893 903 904
903 905 904
906 901 902
906 902 907
908 896 901
896 908 903
908 901 906
903 909 905
908 909 903
909 910 905
907 911 906
907 912 911
911 912 913
906 914 908
908 914 909
906 911 914
909 915 910
914 915 909
911 913 916
917 916 913
918 914 911
914 918 915
918 911 916
910 915 919
919 915 918
910 919 920
921 918 916
921 916 917
919 918 921
922 920 919
922 919 921
922 923 920
917 924 921
922 921 924
917 925 924
926 924 925
923 922 927
924 927 922
923 927 928
929 928 927
924 926 930
924 930 927
929 927 930
930 926 931
929 930 931
932 933 934
932 934 935
932 935 936
935 937 936
935 938 937
938 939 937
938 940 939
940 941 939
940 942 941
941 942 943
944 943 942
945 941 943
946 941 945
946 945 947
948 946 947
949 943 944
945 943 950
949 950 943
951 947 945
950 951 945
952 949 944
952 944 953
953 954 952
953 955 954
952 954 956
957 949 952
952 956 957
949 958 950
957 958 949
951 959 947
959 960 947
959 961 960
948 947 960
962 960 961
948 960 963
962 963 960
948 963 964
962 965 963
964 963 965
962 966 965
964 965 967
966 968 965
967 965 968
967 968 969
966 970 968
971 969 968
972 968 970
971 968 972
972 970 973
972 974 971
975 972 973
972 975 974
975 973 976
977 974 975
978 975 976
977 975 978
978 976 979
977 978 980
980 978 979
977 980 981
980 979 982
981 980 983
983 980 982
981 983 984
983 982 985
983 986 984
987 983 985
983 987 986
987 985 988
989 986 987
990 987 988
989 987 990
990 988 991
992 989 990
991 992 990
993 994 995
996 995 994
996 994 997
997 994 998
999 997 998
1000 996 997
999 1000 997
1001 1000 999
1001 1002 1000
1003 1002 1001
1004 1003 1001
1005 1003 1004
1005 1006 1003
1007 1006 1005
1007 1008 1006
1007 1009 1008
1008 1009 1010
1011 1010 1009
1011 1012 1010
1013 1012 1011
1013 1014 1012
1015 1014 1013
1015 1016 1014
1017 1016 1015
1017 1018 1016
1019 1018 1020
1021 1022 1019
1021 1023 1022
1024 1021 1019
1025 1024 1019
1021 1026 1023
1024 1026 1021
1027 1023 1026
1025 1028 1024
1024 1028 1026
1025 1029 1028
1027 1026 1030
1030 1026 1028
1030 1031 1027
1029 1032 1028
1030 1028 1032
1029 1033 1032
1030 1034 1031
1032 1034 1030
1034 1035 1031
1036 1032 1033
1032 1036 1034
1036 1033 1037
1034 1038 1035
1036 1038 1034
1036 1039 1038
1040 1036 1037
1040 1037 1041
1042 1035 1038
1040 1041 1043
1042 1038 1044
1044 1038 1040
1044 1040 1043
1044 1043 1045
1046 1042 1044
1044 1045 1047
1046 1044 1047
1047 1045 1048
1046 1047 1049
1049 1047 1048
1050 1046 1049
1049 1048 1051
1050 1049 1052
1049 1051 1053
1049 1053 1052
1054 1053 1051
1055 1052 1053
1054 1055 1053
1055 1056 1052
1057 1056 1055
1055 1054 1058
1057 1055 1058
1059 1057 1058
1059 1058 1060
1061 1059 1060
1061 1060 1062
1062 1063 1061
1064 1065 1066
1064 1067 1065
1067 1064 1068
1069 1070 1071
1072 1071 1070
1072 269 1071
1072 1073 269
1072 1074 268
1074 1075 268
1075 261 1073
1076 261 1075
1076 244 261
1076 1077 244
244 1077 1078
245 244 1078
1077 1079 1078
1079 245 1078
1077 1080 1079
1079 1081 245
1081 216 245
1081 1079 1082
1083 1079 1080
1081 1082 1084
1081 1085 216
216 1085 1086
1081 1084 1087
1081 1087 1085
1085 1088 1086
1085 1089 1088
1085 1087 1089
1090 1086 1088
1089 1090 1088
1090 1091 1086
1092 1091 1090
1084 151 1087
1087 151 1093
1087 1093 1089
1094 1089 1093
1094 1095 1089
1096 1095 1094
1084 1097 151
1083 1097 1084
1083 1098 1097
1097 1098 1099
1097 1099 1100
1101 1097 1100
1098 1102 1099
1101 1100 1103
1104 1103 1100
1101 1103 153
1105 1098 1083
1098 1105 1102
1104 1106 1103
1107 1106 1104
1106 1108 1103
1103 1108 153
1106 1109 1108
1110 153 1108
1109 1110 1108
1110 161 153
1109 1111 1110
1112 161 1110
1113 1110 1111
1112 1110 1113
1113 1111 1114
1113 1115 1112
1113 1114 1116
1113 1117 1115
1113 1116 1117
1118 1115 1117
1117 1116 1119
1118 1117 1120
1117 1119 1120
1121 1118 1120
1122 1120 1119
1121 1120 1123
1122 1123 1120
1123 1124 1121
1122 1125 1123
1126 1127 1128
1129 1130 1126
1129 1131 1130
1132 1130 1131
1132 1131 1133
1132 1133 1134
1132 1134 1135
1135 1134 1136
1135 1136 1137
1138 1139 1127
1138 1127 1140
1141 1139 1138
1140 1142 1138
1141 1138 1142
1140 1143 1142
1143 1144 1142
1143 1145 1144
1142 1146 1141
1142 1144 1146
1145 1147 1144
1145 1148 1147
1141 1146 1149
1141 1149 1150
1146 1151 1149
1144 1152 1146
1146 1152 1151
1144 1147 1152
1152 1153 1151
1152 1154 1153
1154 1152 1147
1154 1155 1153
1148 1156 1147
1154 1147 1156
1156 1155 1154
1148 1157 1156
1156 1158 1155
1157 1158 1156
1158 1159 1155
1157 1160 1158
1160 1157 1136
1160 1136 1161
1158 1162 1159
1160 1162 1158
1162 1163 1159
1160 1161 1164
1160 1164 1162
1164 1161 1165
1162 1166 1163
1166 1162 1164
1167 1163 1166
1164 1165 1168
1167 1166 1169
1170 1167 1169
1166 1164 1171
1172 1171 1164
1166 1171 1173
1166 1173 1169
1171 1172 1174
1173 1171 1174
1170 1169 1175
1173 1176 1169
1169 1176 1175
1177 1175 1176
1175 1178 1170
1175 1177 1178
1178 1179 1170
1178 1180 1179
1176 1173 1181
1181 1173 1174
1181 1177 1176
1178 1182 1180
1182 1178 1177
1183 1180 1182
1183 1182 1184
1185 1184 1182
1185 1182 1177
1177 1186 1185
1177 1187 1186
1181 1187 1177
1188 1186 1187
1181 1189 1187
1188 1187 1189
1190 1181 1174
1181 1190 1189
1188 1189 1191
1191 1192 1188
1193 1190 1174
1193 1174 1172
1190 1194 1189
1193 1194 1190
1194 1191 1189
1193 1195 1194
1196 1194 1195
1194 1196 1191
1196 1195 1197
1196 1197 1198
1196 1198 1199
1191 1196 1199
1200 1199 1198
1201 1200 1192
1191 1202 1192
1191 1199 1202
1200 1202 1199
1203 1204 1200
1204 1203 1205
1204 1205 1206
1205 1207 1206
1205 1208 1207
1209 1207 1208
1209 1210 1207
1209 1211 1210
1212 1211 1209
1212 1213 1168
1214 1215 1216
1214 1216 1217
1214 1217 1218
1218 1217 1219
1218 1219 1220
1221 1220 1219
1221 1222 1220
1223 1224 1225
1225 1226 1223
1225 1227 1226
1227 1228 1226
1227 1229 1228
1229 1230 1228
1229 1231 1230
1232 1233 1234
1235 1234 1233
1235 1233 1236
1237 1235 1236
1237 1236 1238
1239 1240 1234
1239 1241 1240
1242 1241 1239
1242 1243 1241
1238 1244 1242
1243 1242 1244
1238 1245 1244
1243 1244 1246
1247 1244 1245
1247 1246 1244
1247 1245 1248
1247 1249 1246
1248 1250 1247
1247 1250 1249
1251 1252 1253
1253 522 1254
1255 1253 1254
1255 1254 1256
1251 1256 1257
1257 1256 1258
1257 1258 1259
1259 1258 1260
1258 1256 1261
1258 1261 1260
1261 1262 1260
1260 1262 1263
1260 1263 1264
1260 1264 1265
1260 1265 1266
1260 1266 1267
1268 1265 1264
1268 1264 1269
1269 1270 1268
1264 1271 1269
1264 1272 1271
1269 1273 1270
1269 1274 1273
1273 1275 1270
1274 1275 1273
1276 1277 1278
1276 1279 1277
1280 1277 1279
1280 1281 1277
1282 1281 1280
1282 1283 1281
1283 1282 1284
1283 1284 1285
1286 1285 1284
1286 1287 1285
1287 1286 1288
1287 1288 1289
1289 1288 1290
1291 1292 1293
1293 1292 1294
1293 1294 1295
1295 1294 1296
1296 1294 1297
1296 1297 1298
1299 1298 1297
1299 1300 1298
1300 1299 1301
1300 1301 1302
1301 1303 1302
1301 1304 1303
1304 1305 1303
1304 1306 1305
1305 1306 1307
1308 1309 1310
1311 1310 1309
1311 1312 1310
1310 1312 1313
1310 1313 1314
1313 1315 1314
1313 1316 1315
1314 1315 1317
1314 1317 1318
1310 1314 1319
1314 1318 1319
1319 1318 1320
1310 1319 1321
1322 1319 1320
1323 1321 1319
1322 1323 1319
1323 1324 1321
1325 1323 1322
1325 1324 1323
1325 1322 1326
1325 1327 1324
1328 1325 1326
1327 1325 1329
1328 1330 1325
1327 1329 1331
1332 1330 1328
1332 1333 1330
1333 1332 1334
1335 1331 1329
1335 1334 1336
1335 1336 1331
1337 1338 1339
1337 1340 1338
1341 1338 1340
1341 1342 1338
1343 1342 1341
1343 1344 1342
1343 1345 1344
1340 1346 1341
1346 1343 1341
1343 1347 1345
1347 1348 1345
1347 1343 1349
1346 1349 1343
1340 1350 1346
1337 1350 1340
1348 1347 1351
1347 1349 1351
1352 1349 1346
1350 1352 1346
1348 1351 1353
1353 1354 1348
1353 1355 1354
1356 1354 1355
1356 1355 1357
1357 1358 1356
1359 1351 1349
1352 1359 1349
1357 1360 1358
1360 1361 1358
1362 1351 1359
1363 1351 1362
1360 1364 1361
1364 1365 1361
1363 1362 1366
1366 1367 1363
1368 1357 1367
1366 1368 1367
1368 1369 1357
1360 1370 1369
1360 1369 1371
1364 1360 1371
1364 1371 1372
1364 1373 1365
1373 1364 1372
1373 1374 1365
1373 1372 1375
1376 1368 1366
1376 1366 1377
1376 1378 1368
1379 1378 1376
1380 1378 1379
1373 1381 1374
1375 1381 1373
1382 1374 1381
1375 1383 1381
1382 1381 1384
1383 1384 1381
1384 1385 1382
1383 1386 1384
1384 1387 1385
1386 1387 1384
1388 1385 1387
1386 1389 1387
1388 1387 1390
1390 1387 1389
1391 1388 1390
1390 1389 1392
1391 1390 1393
1392 1393 1390
1392 1394 1393
1395 1391 1393
1395 1396 1394
1395 1397 1398
1398 1397 1399
1398 1399 1400
1400 1399 1401
1400 1401 1402
1402 1401 1403
1402 1403 1404
1404 1403 1405
1404 1405 1406
1406 1405 1407
1406 1407 1408
1407 1409 1408
1407 1410 1409
1410 1411 1409
1410 1412 1411
1412 1413 1411
1412 1414 1413
1414 1415 1413
1414 1416 1415
1417 1418 1419
1417 1420 1418
1420 1421 1418
1420 1422 1421
1423 1421 1422
1423 1422 1424
1425 1423 1424
1426 1422 1420
1424 1422 1426
1426 1420 1427
1427 1420 1417
1427 1417 1428
1429 1428 1417
1424 1426 1430
1431 1424 1430
1425 1424 1432
1431 1432 1424
1432 1433 1425
1434 1432 1431
1432 1435 1433
1434 1435 1432
1436 1433 1435
1435 1434 1437
1436 1435 1438
1435 1437 1438
1439 1436 1438
1440 1438 1437
1439 1438 1440
1440 1437 1441
1442 1439 1440
1442 1440 1443
1444 1442 1443
1444 1443 1445
1446 1444 1445
1446 1445 1447
1447 1448 1446
1449 1450 1441
1449 1441 1451
1452 1449 1451
1452 1451 1453
1454 1452 1453
1448 1454 1455
1454 1453 1455
1456 1453 1451
1456 1451 1457
1458 1455 1453
1458 1453 1459
1458 1460 1455
1457 1461 1462
1457 1462 1463
1462 1464 1463
1462 1465 1464
1466 1464 1465
1466 1467 1464
1467 1466 1468
1469 1467 1468
1466 1470 1468
1471 1468 1470
1472 1473 1474
1472 1474 1475
1472 1475 1476
1477 1476 1475
1478 1472 1476
1478 1479 1472
1479 1480 1472
1476 1481 1478
1477 1482 1476
1476 1482 1481
1477 1483 1482
1481 1482 1483
1477 1484 1483
1481 1483 1485
1484 1486 1483
1486 1485 1483
1484 1487 1486
1486 1488 1485
1489 1486 1487
1489 1488 1486
1489 1487 1490
1489 1491 1488
1492 1489 1490
1491 1489 1492
1492 1490 1493
1491 1492 1494
1493 1495 1492
1494 1492 1495
1494 1495 1496
1493 1497 1495
1498 1496 1495
1497 1499 1495
1499 1498 1495
1497 1500 1499
1501 1498 1499
1502 1499 1500
1501 1499 1502
1502 1500 1503
1504 1501 1502
1503 1505 1502
1502 1505 1504
1506 1507 1508
1506 1508 1509
1509 1508 1510
1511 1506 1509
1511 1509 1512
1513 1512 1509
1509 1510 1513
1513 1514 1512
1514 1513 1515
1514 1515 1516
1515 1517 1516
1518 1513 1510
1515 1519 1517
1520 1519 1518
1518 1510 1520
1520 1510 1521
1517 1519 1522
1517 1522 1523
1522 1524 1523
1522 1525 1524
1525 1526 1524
1525 1527 1526
1526 1528 1524
1527 1529 1530
1527 1530 1531
1524 1532 1533
1524 1533 1534
1535 1534 1533
1535 1536 1534
1536 1535 1537
1538 1539 1540
1541 1538 1540
1542 1541 1540
1542 1543 1541
1543 1542 1544
1543 1544 1545
1546 1545 1544
1546 1547 1545
1548 1547 1546
1548 1549 1547
1549 1548 1550
1549 1550 1551
1550 1552 1551
1550 1553 1552
1553 1554 1552
1553 1555 1554
1554 1555 1556
1554 1556 1557
1556 1558 1557
1556 1559 1558
1559 1560 1558
1559 1561 1560
1558 1560 1562
1563 1562 1560
1561 1563 1564
1558 1562 1565
1566 1558 1565
1566 1565 1567
1568 1566 1567
1568 1567 1569
1570 1568 1569
1570 1569 1571
1572 1570 1571
1572 1571 1573
1574 1572 1573
1565 1562 1575
1567 1565 1576
1565 1575 1576
1569 1567 1577
1567 1576 1577
1571 1569 1578
1569 1577 1578
1573 1571 1579
1571 1578 1579
1580 1575 1562
1580 1562 1563
1576 1575 1581
1576 1581 1582
1577 1576 1582
1577 1582 1583
1578 1577 1583
1578 1583 1584
1579 1578 1584
1585 1581 1575
1585 1575 1580
1579 1584 1586
1585 1580 1587
1563 1587 1580
1585 1587 1588
1563 1589 1587
1589 1563 1590
1586 1591 1579
1586 1592 1591
1573 1579 1591
1592 1593 1591
1592 1594 1593
1595 1573 1591
1595 1591 1593
1574 1573 1595
1574 1595 1596
1593 1596 1595
1574 1596 1597
1598 1597 1596
1594 1599 1593
1593 1599 1596
1594 1600 1599
1598 1596 1601
1601 1596 1599
1600 1602 1599
1601 1599 1602
1600 1603 1602
1604 1602 1603
1605 1598 1601
1605 1606 1598
1607 1601 1602
1604 1607 1602
1607 1605 1601
1606 1605 1608
1607 1608 1605
1606 1608 1609
1610 1609 1608
1604 1611 1607
1607 1611 1608
1604 1612 1611
1610 1608 1613
1613 1608 1611
1614 1610 1613
1612 1615 1611
1613 1611 1615
1612 1616 1615
1615 1616 1617
1614 1613 1618
1618 1613 1615
1619 1614 1618
1615 1617 1620
1618 1615 1620
1621 1620 1617
1619 1618 1622
1622 1618 1620
1623 1619 1622
1621 1624 1620
1622 1620 1624
1625 1624 1621
1623 1622 1626
1626 1622 1624
1627 1623 1626
1625 1628 1624
1626 1624 1628
1629 1628 1625
1627 1626 1630
1630 1626 1628
1631 1627 1630
1629 1632 1628
1630 1628 1632
1632 1629 1633
1631 1630 1634
1634 1630 1632
1634 1635 1631
1632 1633 1636
1634 1632 1636
1637 1636 1633
1634 1638 1635
1636 1638 1634
1637 1639 1636
1636 1639 1638
1639 1637 1640
1635 1638 1641
1641 1638 1639
1635 1641 1642
1643 1642 1641
1639 1640 1644
1641 1639 1644
1645 1644 1640
1645 1641 1644
1646 1647 1648
1646 1649 1647
1650 1649 1646
1651 1652 1653
1651 1653 1654
1651 1654 1655
1655 1654 1656
1655 1656 1657
1658 1657 1656
1658 1659 1657
1659 1658 1660
1659 1660 1661
1660 1662 1661
1660 1663 1662
1664 1662 1663
1664 1663 1665
1665 1666 1664
1665 1667 1666
1668 1667 1665
1668 1669 1667
1670 1660 1658
1660 1670 1671
1670 1658 1672
1673 1665 1671
1673 1668 1665
1670 1673 1671
1674 1670 1672
1674 1672 1675
1676 1673 1670
1674 1676 1670
1674 1675 1677
1678 1677 1675
1668 1673 1679
1679 1673 1676
1674 1680 1676
1677 1680 1674
1678 1681 1677
1681 1678 1682
1679 1676 1683
1680 1683 1676
1677 1684 1680
1681 1684 1677
1681 1682 1685
1686 1685 1682
1681 1687 1684
1685 1687 1681
1668 1679 1688
1688 1679 1683
1688 1683 1689
1690 1689 1683
1690 1683 1680
1690 1680 1691
1690 1691 1692
1692 1691 1693
1692 1693 1694
1695 1668 1688
1694 1693 1696
1697 1668 1695
1697 1669 1668
1698 1697 1695
1698 1695 1699
1697 1698 1700
1669 1697 1701
1697 1700 1701
1700 1702 1701
1669 1701 1703
1701 1704 1703
1694 1696 1705
1696 1706 1705
1705 1706 1707
1705 1708 1694
1705 1709 1708
1694 1710 1711
1694 1711 1712
1713 1712 1714
1713 1715 1712
1715 1716 1717
1716 1718 1717
1719 1717 1718
1720 1719 1721
1720 1699 1719
1719 1699 1722
1723 1724 1725
1725 1726 1723
1725 1727 1726
1727 1728 1654
1727 1729 1728
1729 1730 1731
1729 1731 1656
1732 1733 1734
1733 1735 1734
1733 1736 1735
1736 1737 1735
1736 1738 1737
1739 1738 1736
1738 1740 1737
1738 1741 1740
1739 1741 1742
1741 1743 1740
1739 1744 1741
1741 1745 1743
1744 1745 1741
1745 1746 1743
1744 1747 1745
1747 1746 1745
1748 1749 1750
1748 1750 1751
1748 1751 1752
1751 1753 1752
1751 1754 1753
1754 1755 1753
1755 1754 1756
1755 1756 1757
1755 1757 1758
1758 1757 1759
1758 1759 1760
1759 1761 1760
1759 1762 1761
1763 1761 1762
1763 1762 1764
1765 1763 1764
1765 1766 1763
1763 1766 1767
1768 1767 1766
1768 1766 1769
1770 1768 1769
1770 1769 1771
1772 1770 1771
1772 1771 1773
1774 1772 1773
1775 1776 1777
1777 1776 1778
1779 1780 1781
1781 1780 1782
1781 1782 1783
1782 1784 1783
1684 1785 1786
1687 1785 1684
1687 1787 1785
1787 1788 1785
1787 1789 1788
1787 1790 1789
1791 1787 1687
1791 1790 1787
1685 1791 1687
1792 1790 1791
1793 1791 1685
1686 1793 1685
1792 1791 1794
1793 1794 1791
1795 1793 1686
1795 1686 1796
1797 1795 1796
1798 1794 1793
1798 1793 1795
1797 1799 1795
1799 1798 1795
1797 1800 1799
1799 1800 1801
1799 1801 1798
1802 1794 1798
1802 1792 1794
1801 1802 1798
1792 1802 1803
1803 1802 1801
1803 1801 1804
1801 1805 1804
1792 1803 1806
1806 1807 1792
1806 1789 1807
1808 1809 1810
1810 1809 1811
1810 1811 1812
1813 1812 1811
1813 1814 1812
1815 1813 1811
1816 1814 1813
1813 1815 1817
1816 1813 1818
1813 1817 1818
1819 1816 1818
1817 1819 1818
1819 1820 1816
1080 1820 1819
1817 1821 1819
1822 1821 1817
1822 1823 1821
1821 1823 1102
1821 1102 1105
1824 1080 1819
1821 1824 1819
1821 1105 1824
1083 1080 1824
1105 1083 1824
1825 1826 1827
1825 1828 1826
1829 1826 1828
1830 1828 1825
1830 1825 1831
1829 1828 1832
1833 1828 1830
1833 1830 1834
1830 1835 1834
1836 1830 1831
1830 1836 1835
1836 1831 1837
1836 1838 1835
1839 1836 1837
1836 1839 1838
1839 1837 1840
1841 1838 1839
1841 1839 1840
1842 1843 1829
1844 1832 1842
1845 1842 1832
1845 1832 1846
1846 1847 1845
1846 1848 1847
1849 1847 1848
1849 1848 1850
1851 1849 1850
1852 1853 1854
1852 1855 1853
1852 1856 1855
1855 1856 1857
1858 1857 1856
1858 1856 1859
1858 1859 1860
1852 1861 1856
1861 1859 1856
1861 1862 1859
1860 1859 1862
1860 1862 1863
1863 1864 1860
1863 1865 1864
1866 1864 1865
1866 1865 1867
1867 1868 1866
1867 1869 1868
1870 1868 1869
1870 1869 1871
1871 1872 1870
1871 1873 1872
1873 1874 1872
1873 1875 1874
1874 1875 1876
1876 1877 1878
1879 1878 1877
1879 1880 1878
1881 1880 1879
1881 1882 1880
1881 1883 1882
1881 1884 1883
1885 1883 1884
1885 1884 1886
1887 1885 1886
1887 1886 1888
1889 1887 1888
1889 1888 1890
1889 1890 1891
1891 1892 1889
1893 1894 1895
1893 1896 1894
1897 1894 1896
1898 1896 1893
1897 1896 1899
1898 1900 1896
1899 1896 1900
1901 1900 1898
1899 1900 1902
1903 1900 1901
1903 1902 1900
1904 1905 1906
1904 1906 1907
1904 1907 1908
1909 1908 1907
1909 1910 1908
1911 1910 1909
1911 1912 1910
1913 1912 1911
1913 1914 1912
1914 1913 1915
1914 1915 1916
1916 1915 1917
1917 1915 1918
1917 1918 1919
1918 1915 1920
1911 1920 1921
1922 1921 1920
1911 1923 1920
1924 1923 1911
1924 1925 1923
1926 1925 1924
1926 1927 1925
1927 1926 1928
1927 1928 1929
1930 1929 1928
1930 1931 1929
1930 1932 1931
1931 1932 1933
1933 1932 1934
1933 1934 1935
1936 1931 1933
1933 1935 1936
1936 1929 1931
1936 1935 1937
1938 1929 1936
1938 1927 1929
1936 1937 1938
1939 1927 1938
1939 1938 1937
1939 1925 1927
1939 1937 1940
1925 1939 1941
1941 1939 1940
1925 1941 1923
1941 1940 1942
1943 1923 1941
1943 1941 1942
1943 1944 1923
1943 1942 1945
1944 1943 1946
1946 1943 1945
1944 1946 1947
1946 1945 1948
1947 1946 1949
1948 1949 1946
1947 1949 1919
1948 1950 1949
1950 1951 1949
1952 1919 1949
1951 1952 1949
1952 1951 1953
1954 1952 1953
1953 1955 1954
1956 1957 1958
1956 1958 1959
1960 1956 1959
1960 1959 1961
1962 1960 1961
1962 1961 1963
1962 1963 1964
1964 1963 1965
1966 1964 1965
1967 1966 1965
1967 1965 1968
1969 1965 1963
1969 1968 1965
1970 1963 1961
1969 1963 1970
1959 1971 1961
1970 1961 1971
1969 1972 1968
1972 1973 1968
1972 1974 1973
1975 1973 1974
1969 1976 1972
1974 1972 1976
1969 1977 1976
1977 1969 1970
1977 1970 1978
1971 1978 1970
1974 1976 1979
1975 1974 1980
1980 1974 1979
1981 1975 1980
1980 1979 1982
1981 1980 1983
1983 1980 1982
1984 1981 1983
1983 1982 1985
1985 1986 1983
1971 1987 1978
1988 1987 1971
1959 1988 1971
1959 1989 1988
1988 1989 1990
1988 1990 1987
1991 1990 1989
1987 1990 1991
1987 1991 1992
1993 1987 1992
1993 1994 1987
1995 1978 1993
1995 1993 1996
1996 1997 1995
1996 1998 1997
1999 1997 1998
1999 1998 2000
2000 2001 1999
2000 2002 2001
2003 2001 2002
2003 2002 2004
2003 2004 2005
2003 2005 1986
2006 2007 2008
2006 2008 2009
2008 2010 2009
2008 2011 2010
2009 2010 2012
2006 2009 2013
2009 2012 2013
2014 2006 2013
2013 2012 2015
2014 2013 2016
2013 2015 2016
2017 2014 2016
2016 2015 2018
2017 2016 2019
2016 2018 2019
2020 2017 2019
2019 2018 2021
2020 2019 2022
2019 2021 2022
2023 2020 2022
2021 2024 2022
2025 2026 2027
2025 2027 2028
2029 2025 2028
2030 2025 2029
2030 2031 2025
2031 2032 2025
2029 2033 2030
2031 2034 2032
2035 2032 2034
2035 2034 2036
2037 2035 2036
2037 2036 2038
2038 2039 2037
2038 2040 2039
2040 2041 2039
2040 2042 2041
2042 2043 2041
2042 2044 2043
2029 2045 2033
2046 2033 2045
2047 2046 2045
2048 2047 2045
2048 2045 2029
2029 2028 2048
2049 2043 2044
2044 2050 2049
2051 2050 2044
2051 2052 2050
2050 2052 2053
2053 2054 2050
2054 2049 2050
2055 2054 2053
2056 2043 2049
2057 2043 2056
2057 2056 2058
2058 2059 2057
2058 2060 2059
2060 2037 2059
2060 2061 2037
2060 2062 2061
2062 2032 2061
2062 2027 2032
2027 2062 2063
2062 2060 2063
2027 2063 2064
2028 2027 2064
2065 2028 2064
2066 2028 2065
2063 2067 2064
2067 2068 2064
2060 2069 2063
2063 2069 2067
2070 2060 2058
2060 2070 2069
2070 2058 2071
2071 2058 2056
2069 2070 2072
2072 2070 2071
2069 2072 2073
2067 2069 2073
2072 2071 2074
2067 2073 2075
2071 2076 2074
2067 2077 2068
2077 2067 2075
2077 2075 2078
2077 2079 2068
2078 2080 2077
2077 2080 2079
2078 2081 2080
2079 2080 2082
2082 2080 2081
2079 2082 2083
2082 2081 2084
2082 2085 2083
2084 2085 2082
2071 2086 2076
2071 2056 2086
2087 2076 2086
2087 2088 2076
2089 2086 2056
2089 2087 2086
2056 2049 2089
2088 2087 2090
2090 2087 2089
2089 2049 2091
2090 2089 2091
2054 2091 2049
2088 2090 2092
2093 2088 2092
2092 2094 2093
2095 2092 2090
2095 2094 2092
2091 2095 2090
2095 2096 2094
2054 2097 2091
2091 2097 2095
2096 2095 2097
2055 2097 2054
2096 2097 2055
2096 2055 2098
2096 2098 2099
2085 2100 2101
2102 2103 2101
2102 2104 2103
2103 2105 2106
2103 2106 2065
2107 2108 2109
2107 2110 2108
2110 2107 2111
2110 2111 2112
2113 2112 2111
2113 2111 2114
2115 2113 2116
2115 2116 2117
2115 2117 2118
2115 2118 2119
2120 2121 2122
2120 2122 2123
2123 2124 2120
2125 2123 2122
2123 2126 2124
2125 2127 2123
2127 2126 2123
2128 2129 2130
2128 2131 2129
2132 2131 2128
2133 2129 2131
2132 2134 2131
2135 2134 2132
2133 2131 2136
2136 2131 2134
2133 2136 2137
2137 2136 2138
2136 2134 2138
2137 2138 2139
2135 2140 2134
2138 2134 2140
2141 2140 2135
2139 2138 2142
2139 2142 2143
2138 2140 2144
2138 2144 2142
2140 2145 2144
2142 2144 2145
2146 2140 2141
2140 2146 2145
2143 2142 2147
2147 2142 2145
2148 2146 2141
2148 2141 2149
2143 2147 2150
2150 2151 2143
2151 2150 2152
2145 2153 2147
2150 2147 2153
2154 2145 2146
2154 2146 2148
2145 2154 2153
2152 2150 2155
2150 2153 2155
2152 2155 2156
2157 2148 2149
2157 2149 2158
2159 2154 2148
2153 2154 2159
2159 2148 2157
2155 2153 2160
2153 2159 2160
2155 2161 2156
2155 2160 2161
2161 1853 2156
2161 2160 2162
2159 2162 2160
2161 2162 1852
2163 1852 2162
2164 2157 2158
2164 2158 2165
2166 2159 2157
2159 2166 2162
2166 2157 2164
2163 2162 2167
2166 2167 2162
2168 2163 2167
2165 2169 2164
2165 2170 2169
2169 2170 2171
2164 2172 2166
2166 2172 2167
2164 2169 2172
2168 2167 2173
2172 2173 2167
2169 2171 2174
2175 2174 2171
2169 2176 2172
2172 2176 2173
2169 2174 2176
2168 2173 2177
2176 2177 2173
2168 2177 2178
2177 2179 2178
2175 2180 2174
2180 2176 2174
2181 2180 2175
2176 2182 2177
2180 2182 2176
2181 2183 2180
2183 2182 2180
2184 2183 2181
2185 2179 2177
2182 2185 2177
2186 2179 2185
2186 2187 2179
2188 2186 2185
2182 2188 2185
2183 2188 2182
2184 2189 2183
2188 2183 2189
2188 2189 2190
2191 2189 2184
2191 2192 2189
2193 2189 2192
2194 2192 2191
2192 2195 2193
2194 2196 2192
2195 2192 2196
2195 2196 2197
2198 2197 2196
2198 2199 2197
2200 2199 2198
2200 2201 2199
2202 2201 2200
2202 2203 2201
2204 2203 2202
2204 2205 2203
2204 2206 2205
2207 2208 2194
2207 2209 2208
2210 2206 2211
2212 2210 2211
2212 2211 2213
2214 2215 2209
2214 2216 2215
2216 2213 2215
2216 2217 2213
2218 2219 2220
2221 2220 2219
2221 2222 2220
2223 2222 2221
2224 2221 2219
2221 2224 2225
2223 2221 2226
2221 2225 2226
2227 2223 2226
2225 2227 2226
2227 2228 2223
2228 2227 2229
2230 2228 2229
2230 2229 2231
2230 2231 2232
2232 2231 2233
2232 2233 2234
2234 2233 2235
2234 2235 2236
2236 2235 2237
2236 2237 2238
2239 2238 2237
2238 2239 2240
2241 2240 2239
2241 2242 2240
2243 2242 2241
2243 2244 2242
2245 2244 2243
2245 2246 2244
2246 2245 2247
2246 2247 2248
2248 2247 2249
2248 2249 2250
2250 2249 2251
2250 2251 2252
2251 2253 2252
2253 2251 2254
2249 2254 2251
2255 2253 2254
2249 2256 2254
2256 2255 2254
2247 2256 2249
2256 2257 2255
2247 2258 2256
2257 2256 2258
2245 2258 2247
2257 2258 2259
2245 2260 2258
2259 2258 2260
2243 2260 2245
2259 2260 2261
2243 2262 2260
2241 2262 2243
2263 2261 2260
2262 2263 2260
2241 2264 2262
2264 2263 2262
2264 2241 2239
2263 2265 2261
2265 2266 2261
2264 2267 2263
2267 2265 2263
2264 2268 2267
2267 2269 2265
2264 2239 2270
2268 2264 2270
2270 2239 2237
2268 2270 2271
2265 2272 2266
2269 2272 2265
2272 2273 2266
2269 2274 2272
2270 2237 2275
2271 2270 2275
2235 2275 2237
2271 2275 2276
2272 2277 2273
2274 2277 2272
2277 2278 2273
2274 2279 2277
2235 2280 2275
2276 2275 2280
2233 2280 2235
2277 2281 2278
2279 2281 2277
2281 2282 2278
2279 2283 2281
2283 2282 2281
2233 2284 2280
2284 2233 2231
2276 2280 2285
2285 2280 2284
2284 2231 2286
2229 2286 2231
2285 2287 2276
2288 2276 2287
2285 2284 2289
2289 2284 2286
2229 2290 2286
2227 2290 2229
2291 2286 2290
2289 2286 2291
2289 2292 2285
2285 2292 2287
2227 2293 2290
2291 2290 2293
2291 2294 2289
2289 2294 2292
2293 2227 2295
2225 2295 2227
2293 2296 2291
2291 2296 2294
2297 2295 2225
2298 2297 2225
2293 2299 2296
2299 2293 2295
2294 2300 2292
2296 2301 2294
2294 2301 2300
2299 2302 2296
2296 2302 2301
2295 2303 2299
2299 2303 2302
2297 2304 2295
2295 2304 2303
2292 2300 2305
2292 2305 2287
2298 2306 2297
2307 2304 2297
2306 2307 2297
2298 2308 2306
2298 2219 2308
2306 2309 2307
2308 2309 2306
2219 2310 2308
2311 2310 2219
2310 2311 2312
2313 2308 2310
2309 2308 2313
2309 2313 2314
2309 2314 2315
2307 2309 2315
2316 2315 2314
2307 2317 2304
2317 2307 2315
2316 2318 2315
2317 2315 2318
2319 2318 2316
2319 2320 2318
2317 2318 2320
2320 2319 2321
2304 2317 2322
2317 2320 2322
2304 2322 2303
2320 2321 2323
2322 2320 2323
2324 2323 2321
2303 2322 2325
2322 2323 2325
2303 2325 2302
2324 2326 2323
2325 2323 2326
2327 2326 2324
2302 2325 2328
2325 2326 2328
2302 2328 2301
2327 2329 2326
2328 2326 2329
2330 2329 2327
2331 2301 2328
2328 2329 2331
2331 2300 2301
2330 2332 2329
2332 2331 2329
2332 2330 2333
2300 2331 2334
2332 2334 2331
2300 2334 2305
2332 2333 2335
2334 2332 2335
2336 2335 2333
2337 2305 2334
2334 2335 2338
2338 2337 2334
2336 2339 2335
2339 2338 2335
2336 2340 2339
2336 2341 2340
2340 2341 2342
2339 2343 2338
2343 2337 2338
2343 2339 2340
2337 2344 2305
2344 2287 2305
2340 2342 2345
2345 2342 2346
2343 2340 2347
2347 2340 2345
2347 2345 2348
2345 2346 2349
2349 2348 2345
2349 2346 2350
2343 2351 2337
2344 2337 2351
2344 2352 2287
2288 2287 2352
2349 2350 2353
2353 2350 2354
2349 2355 2348
2353 2355 2349
2353 2356 2355
2357 2356 2353
2353 2354 2357
2357 2358 2356
2354 2359 2357
2358 2357 2359
2354 2360 2359
2359 2360 2361
2362 2359 2361
2359 2363 2358
2359 2362 2363
2364 2363 2365
2364 2365 2366
2367 2366 2368
2367 2368 2369
2370 2367 2371
2370 2371 2372
2373 2348 2372
2373 2374 2348
2373 2343 2374
2343 2375 2376
2376 2375 2377
2376 2377 2378
2378 2377 2379
2380 2378 2379
2380 2376 2378
2380 2379 2381
2382 2380 2381
2381 2379 2383
2380 2384 2376
2384 2380 2382
2384 2351 2376
2351 2385 2376
2386 2351 2384
2344 2351 2386
2352 2344 2386
2386 2384 2387
2384 2382 2387
2352 2386 2388
2388 2386 2387
2288 2352 2388
2288 2388 2389
2388 2387 2390
2389 2388 2390
2382 2390 2387
2389 2390 2391
2392 2391 2390
2382 2392 2390
2392 2393 2391
2394 2393 2392
2394 2392 2395
2395 2392 2382
2395 2396 2394
2395 2382 2397
2382 2381 2397
2395 2398 2396
2398 2399 2396
2398 2400 2399
2401 2395 2397
2381 2401 2397
2401 2398 2395
2381 2402 2401
2381 2383 2402
2403 2398 2401
2402 2403 2401
2403 2404 2398
2404 2405 2399
2404 2406 2405
2407 2405 2406
2408 2402 2383
2402 2408 2403
2408 2383 2409
2410 2404 2403
2408 2410 2403
2410 2411 2404
2407 2411 2410
2409 2412 2408
2408 2412 2410
2412 2407 2410
2409 2413 2412
2413 2407 2412
2414 2415 2416
2414 2416 2417
2418 2414 2417
2418 2419 2414
2418 2420 2419
2421 2422 2416
2421 2423 2422
2421 2424 2423
2425 2423 2424
2421 2426 2424
2427 2425 2424
2427 2428 2425
2427 2424 2429
2426 2429 2424
2427 2430 2428
2426 2431 2429
2432 2428 2430
2432 2430 2433
2434 2432 2433
2431 2426 2435
2431 2435 2436
2436 2435 2437
2436 2437 2438
2438 2437 2439
2438 2439 2440
2441 2440 2439
2441 2442 2443
2444 2443 2442
2444 2445 2443
2446 2445 2444
2446 2447 2445
2448 2447 2446
2448 2421 2447
2449 2450 2451
2449 2451 2452
2452 2451 2453
2454 2449 2452
2455 2449 2454
2456 2455 2454
2454 2452 2457
2452 2453 2458
2457 2452 2458
2459 2458 2453
2457 2458 2460
2459 2461 2458
2461 2460 2458
2461 2459 2462
2461 2463 2460
2463 2464 2462
2465 2466 2467
2468 2467 2466
2468 2466 2469
2469 2470 2468
2469 2471 2470
2472 2470 2471
2472 2471 2473
2474 2472 2473
2474 2475 2472
2476 2477 2478
2476 2478 2479
2480 2479 2478
2480 2478 2481
2480 2481 2482
2479 2480 2483
2479 2483 2484
2480 2482 2485
2485 2483 2480
2485 2482 2486
2487 2484 2483
2485 2487 2483
2487 2488 2484
2485 2486 2489
2489 2487 2485
2489 2486 2490
2491 2488 2487
2489 2491 2487
2491 2492 2488
2489 2490 2493
2493 2491 2489
2494 2493 2490
2495 2492 2491
2493 2495 2491
2495 2496 2492
2494 2497 2493
2497 2495 2493
2498 2497 2494
2496 2495 2499
2497 2499 2495
2496 2499 2500
2498 2501 2497
2501 2499 2497
2501 2498 2502
2503 2500 2499
2501 2503 2499
2503 2504 2500
2503 2505 2504
2501 2502 2506
2506 2503 2501
2506 2502 2507
2503 2508 2505
2506 2508 2503
2506 2507 2509
2508 2506 2509
2505 2508 2510
2505 2510 2511
2508 2509 2512
2513 2511 2510
2513 2510 2514
2515 2513 2514
2515 2516 2513
2517 2516 2515
2518 2512 2509
2519 2509 2507
2518 2509 2519
2519 2507 2520
2521 2519 2520
2517 2515 2522
2522 2515 2518
2522 2521 2517
2522 2518 2519
2521 2522 2519
2523 2524 2525
2526 2524 2523
2526 2527 2524
2527 2526 2528
2527 2528 2529
2530 2529 2528
2530 2531 2529
2532 2531 2530
2532 2533 2531
2533 2532 2534
2533 2534 2535
2535 2534 2536
2535 2536 2537
2537 2536 2538
2537 2538 2539
2540 2539 2538
2541 2542 2524
2541 2543 2542
2544 2545 2546
2546 2545 2547
2548 2546 2547
2548 2547 2549
2548 2550 2546
2551 2546 2550
2551 2552 2546
2553 2552 2551
2551 2554 2553
2550 2555 2551
2551 2555 2554
2556 2553 2554
2556 2557 2553
2557 2556 2558
2557 2558 2559
2556 2560 2558
2556 2561 2560
2556 2562 2561
2562 2556 2554
2562 2554 2563
2555 2563 2554
2564 2562 2563
2564 2565 2562
2564 2566 2565
2564 2567 2566
2555 2568 2563
2568 2564 2563
2567 2564 2569
2568 2569 2564
2567 2569 2570
2568 2555 2571
2569 2568 2571
2550 2571 2555
2570 2569 2572
2572 2573 2570
2574 2573 2572
2574 2572 1337
2569 2575 2572
2575 2569 2571
2572 2576 1337
2572 2575 2576
1337 2576 1350
2575 2577 2576
2575 2571 2577
1350 2576 2577
2571 2550 2578
2571 2578 2577
2548 2578 2550
1350 2577 2579
2579 2577 2578
1352 1350 2579
2580 2578 2548
2579 2578 2580
1352 2579 2581
2580 2581 2579
2581 1359 1352
2580 2548 2582
2548 2549 2582
2581 2583 1359
1362 1359 2583
2580 2584 2581
2582 2584 2580
2583 2581 2584
2549 2585 2582
2582 2585 2584
2549 2586 2585
1362 2583 2587
1376 1362 2587
2583 2584 2588
2588 2584 2585
2588 2587 2583
2586 2589 2585
2588 2585 2589
2586 2590 2589
2591 2589 2590
1376 2587 2592
1379 1376 2592
2588 2593 2587
2589 2593 2588
2592 2587 2593
2589 2591 2594
2589 2594 2593
2592 2593 2595
2595 1379 2592
2595 2593 2594
2591 2596 2594
2597 2596 2591
2595 2594 2598
2596 2598 2594
2598 2599 2595
2595 2599 1379
2600 2598 2596
2598 2600 2599
2601 1379 2599
2601 2599 2600
2600 2596 2602
2603 2602 2596
2603 2604 2602
2604 2605 2602
2606 2600 2602
2601 2600 2606
2605 2607 2602
2606 2602 2607
2607 2608 2606
2607 2609 2608
2609 2607 2605
2609 2605 2610
2611 2609 2610
2611 2610 2612
2601 2613 1379
1380 1379 2613
2613 2614 1380
2615 2614 2613
2615 2613 2601
2614 2615 2616
2617 2601 2606
2615 2601 2617
2617 2616 2615
2617 2606 2618
2617 2619 2616
2618 2619 2617
2616 2619 2620
2620 2619 2621
2619 2622 2621
2619 2623 2622
2618 2623 2619
2609 2624 2618
2609 2625 2624
2625 2626 2624
2625 2627 2626
2628 2626 2627
2629 2628 2627
2629 2627 2625
2629 2625 2612
2630 2631 2632
2630 2632 2633
2630 2633 2634
2634 2633 2635
2634 2635 2636
2637 2636 2635
2637 2638 2636
2638 2637 2639
2640 2634 2636
2640 2641 2634
2640 2642 2641
2640 2636 2643
2643 2636 2638
2643 2638 2644
2638 2639 2645
2645 2639 2646
2644 2638 2647
2644 2647 2648
2645 2646 2649
2649 2646 2650
2649 2650 2651
2652 2651 2650
2645 2653 2638
2638 2653 2647
2645 2654 2653
2645 2655 2654
2656 2654 2655
2652 2656 2657
2656 2655 2657
2647 2653 2658
2647 2658 2659
2647 2659 2660
2660 2648 2647
2660 2661 2648
2661 2662 2663
2661 2664 2662
2662 2665 2666
2664 2667 2668
2668 2665 2669
2664 2668 2669
2670 2671 2672
2673 2670 2672
2672 2674 2673
2672 2675 2674
2675 2672 2676
2675 2676 2677
2675 2678 2674
2679 2675 2677
2675 2679 2678
2678 2679 2680
2679 2677 2681
2680 2679 2681
2678 2680 2682
2680 2681 2683
2684 2682 2680
2680 2683 2685
2684 2680 2686
2680 2685 2686
2686 2685 2687
2686 2688 2684
2689 2688 2686
2686 2690 2689
2689 2687 2691
2692 2688 2689
2689 2691 2693
2692 2689 2694
2693 2691 2695
2695 2692 2694
2691 2696 2695
2695 2697 2692
2698 2695 2696
2698 2697 2695
2699 2700 2701
2701 2700 2702
2702 2703 2704
2705 2704 2703
2702 2704 2706
2707 2702 2706
2708 2707 2706
2704 2709 2706
2709 2710 2707
2704 2711 2709
2709 2712 2710
2705 2713 2704
2713 2711 2704
2713 2714 2711
2715 2713 2705
2715 2716 2713
2716 2717 2713
2716 2718 2717
2716 2715 2719
2718 2716 2719
2718 2719 2720
2721 2720 2719
2712 2722 2723
2712 2724 2722
2712 2725 2724
2725 2726 2724
2725 2727 2726
2722 2727 2728
2722 2728 2729
2710 2722 2729
2710 2729 2730
2731 2710 2730
2731 2730 2732
2731 2732 2733
2734 2735 2736
2734 2737 2735
2737 2734 2738
2737 2738 2739
2737 2740 2735
2737 2739 2741
2740 2737 2741
2742 2741 2739
2742 2743 2741
2743 2742 2744
2740 2741 2745
2745 2741 2743
2746 2740 2745
2746 2747 2740
2748 2747 2746
2746 2749 2748
2745 2743 2750
2746 2745 2750
2746 2751 2749
2746 2750 2751
2752 2749 2751
2752 2751 2753
2753 2751 2750
2754 2752 2753
2754 2753 2755
2743 2744 2756
2750 2743 2756
2753 2750 2757
2750 2756 2757
2758 2753 2757
2758 2759 2754
2744 2760 2756
2757 2756 2760
2744 2761 2760
2758 2757 2762
2757 2760 2762
2758 2763 2759
2758 2762 2763
2762 2760 2763
2761 2763 2760
2764 2759 2763
2761 2765 2763
2765 2764 2763
2766 2767 2768
2766 2768 2769
2769 2770 2766
2769 2771 2770
2772 2773 2771
2774 2772 2771
2772 2775 2773
2773 2775 2776
2774 2777 2772
2778 2777 2774
2778 2774 2779
2780 2778 2779
2780 2779 2781
2779 2782 2781
2779 2783 2782
2780 2781 2784
2785 2780 2784
2784 2786 2785
2787 2786 2784
2787 2784 2781
2787 2781 2788
2789 2790 2791
2789 2792 2790
2789 2793 2792
2793 2794 2792
2793 2795 2794
2795 2796 2794
2795 2797 2796
2797 2798 2796
2798 2799 2796
2800 2801 2802
2800 2803 2801
2804 2803 2800
2804 2800 2805
2806 2805 2800
2807 2803 2804
2807 2808 2803
2809 2808 2807
2810 2803 2808
2810 2811 2803
2808 2812 2810
2808 2813 2812
2809 2813 2808
2814 2812 2813
2815 2813 2809
2814 2813 2815
2815 2809 2816
2817 2814 2815
2817 2815 2816
2818 2819 2820
2821 2822 2818
2818 2823 2821
2818 1511 2823
2824 2819 2825
2824 2825 2826
2827 2824 2826
2828 2826 2825
2828 2829 2826
2829 2827 2826
2830 2829 2828
2830 2831 2829
2831 2830 2832
2833 2831 2832
2831 2834 2829
2831 2833 2834
2829 2834 2827
2835 2834 2833
2827 2834 2835
2827 2835 2836
2827 2836 2837
2827 2838 2824
2827 2837 2838
2838 2839 2824
2838 2840 2839
2839 2840 1506
2839 1506 2841
2840 2842 1506
2840 2843 2842
2844 2837 2843
2844 2843 2840
2845 2846 2847
2845 2847 2848
2849 2845 2848
2849 2850 2845
2851 2850 2849
2851 2849 2852
2852 2849 2853
2852 2853 2854
2854 2853 2855
2856 2850 2851
2856 2857 2850
2857 2856 2858
2850 2857 2859
2850 2859 2860
2857 2861 2859
2857 2858 2862
2857 2862 2861
2863 2862 2858
2862 2864 2861
2863 2865 2862
2862 2865 2864
2865 2863 2866
2865 2866 2867
2867 2866 2868
2867 2868 2869
2865 2870 2864
2865 2867 2870
2870 2871 2864
2872 2864 2871
2867 2873 2870
2867 2874 2873
2875 2870 2873
2870 2875 2871
2875 2873 2876
2873 2877 2876
2878 2875 2876
2878 2876 2879
2877 2880 2879
2877 2879 2881
2875 2878 2882
2875 2882 2871
2883 2871 2882
2883 2872 2871
2872 2883 2884
2872 2884 2885
2885 2884 2886
2885 2886 2845
2887 2888 2889
2888 2890 2889
2891 2889 2890
2892 2893 2894
2892 2894 2895
2896 2894 2897
2896 2897 2898
2899 2896 2900
2899 2900 2901
2901 2902 2899
2901 2903 2902
2903 2904 2902
2903 2905 2904
2906 2907 2904
2906 2908 2907
2909 2907 2908
2895 2910 2911
2895 2912 2910
2913 2910 2912
2913 2914 2910
2915 2914 2913
2915 2916 2914
2917 2918 2919
2918 2920 2919
2918 2921 2920
2922 2920 2921
2922 2921 2923
2924 2922 2923
2924 2923 2925
2925 2926 2924
2925 2927 2926
2927 2928 2926
2927 2929 2928
2930 2928 2929
2930 2929 2931
2931 2932 2930
2931 2933 2932
2934 2935 2936
2934 2936 2937
2938 2934 2937
2938 2937 2939
2940 2938 2939
2940 2941 2938
2942 2941 2940
2942 2943 2941
2944 2943 2942
2944 2945 2943
2945 2944 2946
2944 2947 2946
2948 2947 2944
2948 2944 2949
2949 2944 2942
2949 2950 2948
2951 2942 2940
2949 2942 2951
2949 2952 2950
2951 2952 2949
2951 2940 2953
2953 2940 2939
2954 2950 2952
2954 2955 2950
2955 2954 2956
2951 2957 2952
2957 2951 2953
2952 2958 2954
2956 2954 2958
2957 2958 2952
2957 2953 2959
2957 2959 2958
2953 2939 2960
2960 2959 2953
2956 2958 2961
2956 2961 2962
2963 2960 2939
2963 2939 2937
2959 2964 2958
2964 2961 2958
2965 2962 2961
2965 2966 2962
2961 2964 2967
2961 2967 2965
2968 2964 2959
2968 2967 2964
2960 2969 2959
2959 2969 2968
2970 2966 2965
2970 2971 2966
2972 2971 2970
2965 2967 2973
2968 2973 2967
2965 2973 2970
2972 2970 2974
2974 2970 2973
2974 2975 2972
2960 2976 2969
2960 2963 2976
2969 2977 2968
2968 2977 2973
2969 2976 2977
2978 2975 2974
2978 2979 2975
2980 2979 2978
2974 2973 2981
2981 2973 2977
2981 2978 2974
2976 2982 2977
2963 2982 2976
2981 2977 2982
2980 2978 2983
2983 2984 2980
2981 2985 2978
2982 2985 2981
2983 2978 2985
2963 2986 2982
2986 2963 2937
2986 2937 2936
2983 2987 2984
2988 2984 2987
2982 2989 2985
2986 2989 2982
2983 2985 2990
2987 2983 2990
2990 2985 2989
2936 2991 2986
2986 2991 2989
2990 2989 2992
2991 2992 2989
2988 2987 2993
2987 2990 2994
2994 2990 2992
2987 2995 2993
2987 2994 2995
2994 2992 2996
2996 2995 2994
2936 2997 2991
2998 2997 2936
2998 2999 2997
2991 3000 2992
3000 2996 2992
3001 3000 2991
3001 2991 2997
3002 2997 2999
3002 2999 3003
3000 3004 2996
3004 3000 3001
3002 3005 2997
3005 3001 2997
3003 3006 3002
3005 3002 3006
3003 3007 3006
3008 3001 3005
3004 3001 3008
3009 2996 3004
2996 3009 2995
3007 3010 3006
3007 3011 3010
3005 3006 3012
3008 3005 3012
3006 3013 3012
3006 3010 3013
3013 3008 3012
3014 3010 3011
3013 3010 3014
3014 3011 3015
3016 3014 3015
3004 3008 3017
3013 3017 3008
3009 3004 3018
3004 3017 3018
2995 3009 3019
3018 3019 3009
3016 3020 3014
3020 3016 3021
3013 3014 3022
3017 3013 3022
3022 3014 3020
3018 3017 3023
3017 3022 3023
3020 3021 3024
3024 3021 3025
3022 3020 3026
3023 3022 3026
3024 3026 3020
3018 3023 3027
3018 3027 3019
2995 3019 3028
3028 2993 2995
3028 3029 2993
3024 3025 3030
3030 3025 3031
3024 3032 3026
3030 3032 3024
3023 3026 3033
3027 3023 3033
3032 3033 3026
3028 3019 3034
3034 3019 3027
3034 3027 3035
3030 3031 3036
3036 3031 3037
3030 3038 3032
3036 3038 3030
3032 3039 3033
3038 3039 3032
3027 3033 3040
3040 3033 3039
3027 3040 3041
3042 3040 3039
3042 3039 3043
3043 3039 3044
3038 3044 3039
3043 3044 3045
3046 3044 3038
3036 3046 3038
3047 3045 3044
3046 3047 3044
3047 3048 3045
3049 3048 3047
3050 3047 3046
3049 3047 3050
3049 3050 3051
3049 3051 3052
3051 3053 3052
3050 3046 3054
3054 3046 3036
3051 3050 3054
3054 3036 3055
3036 3037 3055
3055 3037 3056
3055 3057 3054
3051 3054 3057
3058 3051 3057
3055 3059 3057
3055 3056 3059
3059 3058 3057
3056 3060 3059
3059 3060 3058
3056 3061 3060
3060 3061 3062
3060 3062 3063
3058 3060 3063
3062 3064 3063
3065 3063 3064
3058 3063 3065
3066 3065 3064
3066 3058 3065
3064 3067 3066
3053 3066 3067
3058 3068 3051
3051 3068 3053
3066 3068 3058
3053 3068 3066
508 3069 3070
508 3070 3071
3071 3070 3072
3071 3072 3073
3074 3073 3072
3074 3072 3075
3076 3074 3075
3076 3077 3074
3077 3078 3074
3077 3079 3078
3080 3078 3079
3080 3081 508
3080 3079 3082
3080 3082 3083
3084 3085 3086
3085 3084 3087
3085 3087 3088
3087 3089 3088
3087 3090 3089
3091 3089 3090
3091 3090 3092
3093 3091 3092
3093 3092 3094
3095 3093 3094
3095 3094 3096
3097 3095 3098
3097 3098 3099
3100 3099 3101
3099 3102 3101
3100 3103 3099
3100 3104 3103
3100 3105 3104
3099 3106 3102
3107 3105 3108
3109 3107 3100
3109 3110 3107
3109 3111 3110
3109 3102 3111
3102 3112 3111
3102 3113 3112
3112 3113 3114
3112 3114 3115
3115 3114 3116
3117 3118 3106
3117 3113 3118
3119 3120 3116
3120 3121 3117
3120 3119 3121
3122 3123 3124
3123 3122 3125
3123 3125 1150
3126 3127 3128
3127 3129 3128
3127 3130 3129
3127 3131 3130
3130 3132 3129
3131 3133 3130
3130 3133 3132
3131 3134 3133
3133 3135 3132
3134 3136 3133
3133 3136 3135
3134 3137 3136
3136 3138 3135
3137 3139 3136
3136 3139 3138
3137 3140 3139
3139 3141 3138
3140 3141 3139
3142 3143 3144
3145 3146 3142
3145 3147 3146
3147 3148 3146
3147 3149 3148
3150 3148 3149
3150 3149 3151
3151 3152 3150
3151 3153 3152
3154 3152 3153
3143 3155 3156
3157 3156 3155
3157 3158 3156
3157 3159 3158
3157 3160 3159
3161 3159 3160
3161 3160 3162
3163 3162 3152
3163 3161 3162
3164 3163 3152
3164 3152 3165
3166 3161 3163
3167 3163 3164
3167 3166 3163
3166 3168 3161
3168 3169 3161
3168 3170 3169
3171 3169 3170
3171 3170 3172
3171 3172 3173
3171 3173 3174
3143 3174 3173
3168 3166 3175
3175 3166 3167
3168 3175 3176
3177 3175 3167
3178 3177 3167
3177 3178 3179
3178 3167 3164
3180 3179 3178
3178 3164 3181
3181 3164 3165
3180 3178 3182
3181 3182 3178
3183 3180 3182
3183 3184 3180
3181 3185 3182
3183 3182 3185
3181 3165 3186
3181 3187 3185
3181 3186 3187
3183 3185 3188
3189 3184 3183
3188 3189 3183
3185 3187 3190
3185 3190 3188
3191 3186 3165
3192 3191 3165
3192 3165 3193
3194 3191 3192
3191 3195 3186
3187 3186 3195
3194 3195 3191
3187 3195 3196
3187 3197 3190
3196 3197 3187
3190 3197 3198
3188 3190 3199
3190 3198 3199
3194 3200 3195
3196 3195 3200
3196 3201 3197
3197 3201 3198
3196 3200 3202
3202 3201 3196
3200 3203 3202
3203 3201 3202
3188 3199 3204
3188 3204 3189
3199 3205 3204
3189 3204 3205
3198 3206 3199
3199 3206 3205
3203 3207 3201
3198 3201 3207
3189 3205 3208
3209 3189 3208
3189 3209 3184
3209 3210 3184
3210 3211 3184
3210 3212 3211
3209 3213 3210
3213 3209 3214
3209 3208 3214
3213 3214 3215
3205 3216 3208
3214 3208 3216
3217 3215 3214
3214 3216 3217
3217 3218 3215
3205 3219 3216
3206 3219 3205
3220 3218 3217
3220 3221 3218
3217 3216 3222
3217 3222 3220
3222 3216 3219
3223 3221 3220
3223 3220 3222
3223 3224 3221
3224 3223 3225
3224 3225 3226
3223 3222 3227
3225 3223 3227
3222 3219 3228
3227 3222 3228
3206 3229 3219
3228 3219 3229
3226 3225 3230
3226 3230 3231
3230 3232 3231
3233 3229 3206
3198 3233 3206
3230 3234 3232
3234 3235 3232
3234 3236 3235
3237 3235 3236
3230 3238 3234
3238 3236 3234
3230 3239 3238
3225 3239 3230
3238 3240 3236
3237 3236 3241
3237 3241 3242
3236 3243 3241
3236 3240 3243
3241 3243 3242
3244 3233 3198
3198 3207 3244
3225 3245 3239
3225 3227 3245
3246 3245 3227
3246 3247 3245
3227 3228 3246
3245 3248 3239
3245 3249 3248
3246 3228 3250
3228 3229 3250
3233 3251 3229
3250 3229 3251
3252 3249 3246
3246 3250 3252
3244 3253 3233
3253 3251 3233
3250 3251 3254
3252 3250 3254
3252 3255 3249
3248 3249 3255
3239 3248 3256
3239 3256 3257
3256 3240 3257
3253 3258 3251
3254 3251 3258
3252 3254 3259
3259 3255 3252
3248 3255 3260
3260 3256 3248
3254 3258 3261
3261 3259 3254
3259 3262 3255
3260 3255 3262
3261 3263 3259
3262 3259 3263
3256 3264 3240
3260 3265 3256
3265 3264 3256
3260 3262 3266
3266 3265 3260
3265 3267 3264
3267 3268 3264
3240 3269 3268
3240 3268 3243
3262 3263 3270
3270 3266 3262
3266 3271 3265
3271 3267 3265
3270 3272 3266
3272 3271 3266
3267 3273 3268
3274 3243 3268
3274 3268 3273
3271 3275 3267
3273 3267 3275
3272 3276 3271
3276 3275 3271
3243 3274 3277
3243 3277 3242
3242 3277 3278
3242 3278 3279
3280 3279 3278
3281 3278 3277
3281 3277 3274
3281 3280 3278
3274 3282 3281
3280 3281 3282
3274 3273 3283
3274 3283 3282
3273 3275 3284
3284 3283 3273
3276 3285 3275
3285 3284 3275
3284 3286 3283
3286 3282 3283
3280 3282 3287
3280 3287 3288
3287 3289 3288
3287 3290 3289
3287 3282 3290
3290 3291 3289
3290 3282 3292
3286 3292 3282
3290 3293 3291
3290 3292 3293
3294 3291 3293
3293 3295 3294
3292 3296 3293
3293 3296 3295
3292 3286 3296
3297 3295 3296
3298 3286 3284
3298 3296 3286
3297 3296 3298
3285 3298 3284
3299 3297 3298
3299 3298 3285
3300 3297 3299
3301 3300 3299
3302 3299 3285
3301 3299 3302
3302 3285 3276
3303 3301 3302
3304 3302 3276
3303 3302 3304
3304 3276 3272
3305 3303 3304
3306 3304 3272
3305 3304 3306
3306 3272 3270
3306 3307 3305
3270 3308 3306
3306 3308 3307
3270 3263 3308
3307 3308 3309
3263 3309 3308
3307 3309 3310
3263 3261 3309
3309 3311 3310
3261 3312 3309
3309 3312 3311
3261 3258 3312
3313 3311 3312
3258 3314 3312
3313 3312 3314
3258 3253 3314
3315 3313 3314
3316 3314 3253
3315 3314 3316
3316 3253 3244
3316 3317 3315
3244 3318 3316
3316 3318 3317
3244 3207 3318
3319 3317 3318
3320 3318 3207
3319 3318 3320
3321 3319 3320
3320 3207 3203
3321 3320 3322
3322 3320 3203
3322 3323 3321
3322 3203 3324
3325 3324 3203
3322 3326 3323
3326 3322 3324
3327 3323 3326
3328 3324 3325
3326 3324 3328
3328 3325 3194
3327 3326 3329
3329 3326 3328
3330 3327 3329
3331 3328 3194
3329 3328 3331
3331 3194 3332
3330 3329 3333
3333 3329 3331
3334 3331 3332
3333 3331 3334
3334 3332 3335
3336 3333 3334
3336 3334 3337
3338 3336 3337
3339 3330 3340
3339 3340 3341
3341 3338 3339
3342 3343 3335
3342 3335 3344
3344 3345 3342
3338 3346 3347
3346 3348 3347
3346 3349 3348
3350 3348 3349
3350 3349 3351
3351 3352 3350
3351 3353 3352
3354 3352 3353
3176 3355 3356
3176 3357 3355
3358 3355 3357
3358 3357 3359
3360 3358 3359
3360 3359 3361
3361 3362 3360
3363 3364 3365
3366 3365 3364
3366 3367 3365
3368 3367 3366
3368 3366 3369
3370 3368 3369
3370 3369 3371
3371 3372 3370
3371 3373 3372
3372 3373 3374
3375 3376 3377
3378 3377 3376
3378 3379 3377
3380 3379 3378
3380 3381 3379
3382 3381 3380
3382 3383 3381
3384 3385 3386
3384 3386 3387
3384 3387 3388
3388 3387 3389
3388 3389 3390
3390 3389 3391
3390 3391 3392
3393 3394 3395
3393 3395 3396
3397 3396 3398
3397 3399 3396
3400 3397 3398
3401 3399 3397
3401 3402 3399
3402 3403 3399
3402 3404 3403
3404 3402 3405
3404 3405 3406
3402 3407 3405
3402 3401 3407
3401 3408 3407
3409 3401 3397
3401 3409 3408
3400 3410 3397
3409 3397 3410
3408 3409 3411
3411 3409 3410
3408 3411 3412
3413 3410 3400
3411 3410 3413
3413 3400 3414
3412 3411 3415
3415 3411 3413
3412 3415 3416
3417 3413 3414
3415 3413 3417
3417 3414 3418
3419 3416 3415
3417 3419 3415
3419 3420 3416
3421 3417 3418
3417 3421 3419
3421 3418 3422
3423 3420 3419
3423 3419 3421
3423 3424 3420
3425 3421 3422
3423 3421 3425
3425 3422 3426
3426 3427 3425
3428 3424 3423
3425 3428 3423
3427 3428 3425
3428 3429 3424
3430 3428 3427
3430 3429 3428
3431 3432 3433
3434 3433 3432
3434 3435 3433
3436 3435 3434
3436 3437 3435
3438 3437 3436
3438 3439 3437
3440 3439 3438
3440 3441 3439
3442 3441 3440
3442 3443 3441
3444 3443 3442
3444 3442 3445
3446 3444 3445
3446 3445 3447
3448 3446 3447
3448 3449 3446
3450 3451 3452
3451 3453 3452
3454 3455 3456
3454 3456 3457
3457 3458 3454
3457 3459 3458
3460 3458 3459
3461 3462 3463
3461 3463 3464
3465 3466 3467
3465 3467 3468
3469 3470 3471
3472 3471 3470
3472 3473 3471
3474 3473 3472
3473 3475 3471
3471 3475 3476
3473 3477 3475
3474 3478 3473
3477 3479 3478
3477 3478 3480
3481 3478 3474
3478 3482 3480
3481 3483 3478
3478 3483 3482
3481 3484 3483
3484 3482 3483
3485 3486 3487
3485 3487 3488
3489 3485 3488
3488 3490 3489
3490 3491 3489
3490 3492 3491
3493 3491 3492
3493 3494 3491
3495 3494 3493
3495 3496 3494
3497 3496 3495
3497 3498 3496
3499 3498 3497
3499 3500 3498
3501 3500 3499
3501 3502 3500
3503 3502 3501
3503 3504 3502
3505 3504 3503
3505 3506 3504
3507 3506 3505
3507 3508 3506
3509 3508 3507
3509 3510 3508
3510 3509 3511
3512 3513 3511
3514 3513 3512
3514 3512 3515
3516 3514 3515
3516 3515 3517
3518 3516 3519
3518 3519 3520
3518 3520 3521
3518 3521 3522
3523 3522 3521
3523 3524 3522
3524 3523 3525
3524 3525 3526
3527 3526 3525
3527 3528 3526
3529 3528 3530
3529 3530 3531
3532 3533 3531
3532 3531 3534
3535 3536 3534
3535 3534 3537
3535 3537 3538
3538 3539 3535
3539 3540 3535
3539 3541 3540
3542 3543 3544
3545 3543 3542
3546 3547 3548
3547 3549 3548
3550 3551 3552
3550 3553 3551
3550 3554 3553
3555 3553 3554
3556 3554 3550
3556 3550 3557
3558 3556 3557
3559 3556 3558
3556 3559 3554
3559 3558 3560
3555 3554 3561
3561 3554 3559
3561 3562 3555
3560 3563 3559
3561 3559 3563
3560 3564 3563
3561 3565 3562
3563 3565 3561
3565 3566 3562
3564 3567 3563
3563 3567 3565
3564 3568 3567
3565 3569 3566
3567 3569 3565
3570 3566 3569
3568 3571 3567
3567 3571 3569
3568 3572 3571
3570 3569 3573
3573 3569 3571
3574 3570 3573
3574 3573 3034
3575 3571 3572
3573 3571 3575
3034 3573 3575
3575 3572 3576
3575 3576 3577
3034 3575 3578
3575 3577 3578
3028 3034 3578
3578 3029 3028
3578 3577 3029
3577 3579 3029
3579 3580 3029
3579 2988 3580
3581 3582 3583
3583 3582 3584
3583 3584 2847
3585 3586 3587
3585 3587 3588
3589 3588 3587
3589 3590 3588
3591 3590 3589
3591 3589 3592
3592 3593 3591
3592 3594 3593
3594 3595 3593
3594 3596 3595
3597 3595 3596
3597 3596 3598
3594 3599 3596
3599 3598 3596
3592 3599 3594
3599 3600 3598
3592 3601 3599
3600 3599 3601
3601 3592 3589
3600 3601 3602
3603 3602 3601
3601 3589 3603
3603 3589 3587
3603 3587 3604
3604 3587 3605
3604 3606 3603
3606 3607 3603
3606 3608 3607
3608 3609 3607
3604 3610 3606
3608 3611 3609
3612 3610 3604
3604 3605 3612
3613 3612 3605
3612 3614 3610
3613 3614 3612
3613 3615 3614
3616 3615 3613
3611 3617 3609
3611 3618 3617
3618 3619 3617
3617 3619 3620
3609 3617 3620
3609 3620 3621
3622 3609 3621
3622 3621 3623
3603 3622 3623
3616 3613 3624
3624 3625 3616
3624 3210 3625
3210 3624 3212
3613 3212 3624
3613 3626 3212
3613 3605 3626
3627 3212 3626
3626 3605 3585
3627 3626 3628
3626 3585 3628
3629 3630 3631
3630 3632 3631
3630 3633 3632
3632 3633 3634
3632 3634 3635
3635 3634 3636
3635 3636 3637
3638 3637 3636
3638 3639 3637
3639 3638 3640
3641 3639 3640
3642 3643 3644
3645 3642 3644
3646 3642 3645
3646 3647 3642
3648 3642 3647
3649 3647 3646
3648 3647 3650
3649 3651 3647
3651 3650 3647
3652 3651 3649
3651 3653 3650
3652 3654 3651
3654 3653 3651
3655 3654 3652
3654 3656 3653
3655 3656 3654
3657 3658 3659
3657 3659 3660
3661 3662 3663
3661 3663 3664
3665 3666 3667
3665 956 3666
3665 3668 956
3668 957 956
3669 3668 3665
3670 3669 3665
3668 3671 957
3669 3671 3668
3671 958 957
3669 3672 3671
3671 3673 958
3672 3673 3671
950 958 3673
3672 3674 3673
950 3673 3675
3675 3673 3674
950 3675 951
3675 3674 3676
951 3675 3676
3677 3678 3679
3677 3679 3680
3681 3677 3680
3682 3683 3684
3682 3684 3685
3686 3687 3688
3686 3688 3689
3689 3688 3690
3689 3690 3691
3691 3690 3692
3693 3694 3695
3696 3694 3693
3696 3693 3697
3698 3696 3697
3698 3697 3699
3700 3698 3699
3700 3701 3698
3702 3703 3704
3702 3704 3705
3706 3705 3704
3706 3704 3707
3708 3706 3707
3708 3709 3706
3710 3709 3708
3711 3712 3713
3711 3714 3712
3714 3711 3715
3714 3715 3716
3716 3715 3717
3716 3717 3718
3718 3717 3719
3718 3719 3720
3720 3719 3721
3720 3721 3722
3723 3722 3721
3723 3724 3722
3725 3724 3723
3725 3723 3726
3727 3725 3726
3727 3726 3728
3729 3727 3728
3729 3728 3730
3729 3730 3731
814 3732 3733
814 3734 3732
3735 3732 3734
3736 3735 3734
3737 3735 3736
3737 3736 3738
3737 3738 3739
3740 2848 3741
3740 3741 3742
2855 3742 3741
3743 3744 3745
3745 3744 3746
3745 3746 3747
3748 3743 3745
3745 3747 3748
3748 3749 3743
3748 3750 3749
3748 3747 3751
3749 3750 3752
3748 3751 3753
3748 3753 3750
3753 3751 3754
3755 3752 3750
3755 1165 3752
3756 1165 3755
3755 3757 3756
3755 3750 3757
3757 1172 3756
3758 1172 3757
3757 3750 3759
3758 3757 3759
3760 3753 3754
3760 3754 3761
3760 3761 3762
3760 3762 3763
3753 3760 3763
3753 3764 3750
3750 3764 3759
3753 3763 3764
3759 3764 3763
3765 3758 3759
3759 3763 3765
3765 3766 3758
3765 3763 3767
3768 3766 3765
3767 3769 3765
3768 3765 3769
3767 3770 3769
3769 3771 3768
3772 3769 3770
3769 3773 3771
3772 3773 3769
3771 3773 3774
3773 3772 3774
3775 3776 3777
3776 3778 3777
3776 3779 3778
3780 3778 3779
3780 3781 3778
3782 3781 3780
3782 3783 3781
3784 3783 3782
3784 3782 3785
3786 3784 3785
3787 3786 3785
3788 3787 3785
3789 3790 3775
3791 3790 3789
3791 3789 3792
3793 3791 3792
3793 3792 3794
3795 3793 3794
3795 3794 3796
3797 3795 3796
3788 3798 3797
3797 3798 3795
3799 3800 3801
3801 3802 3799
3801 3803 3802
3804 3802 3803
3804 3805 3802
3805 3804 3806
3805 3806 3807
3808 3807 3806
3808 3809 3807
3808 3810 3809
3806 3811 3808
3806 3812 3811
3813 3812 3806
3813 3814 3812
3815 3814 3813
3811 3812 3816
3816 3812 3814
3815 3817 3814
3817 3815 3818
3816 3814 3819
3817 3819 3814
3817 3818 3820
3818 3800 3820
3821 3817 3820
3817 3821 3819
3800 3822 3820
3821 3820 3822
3800 3823 3822
3824 3822 3823
3824 3821 3822
3821 3824 3825
3821 3825 3819
3826 3819 3825
3826 3816 3819
3827 3816 3826
3827 3828 3816
3829 3828 3827
3811 3816 3828
3829 3830 3828
3831 3830 3829
3828 3832 3811
3828 3830 3832
3832 3808 3811
3831 3833 3830
3834 3833 3831
3830 3835 3832
3830 3833 3835
3832 3836 3808
3836 3832 3835
3808 3836 3810
3834 3837 3833
3838 3837 3834
3836 3835 3839
3839 3810 3836
3840 3835 3833
3840 3833 3837
3839 3835 3840
3838 3841 3837
3842 3841 3838
3837 3843 3840
3837 3841 3843
3839 3840 3844
3844 3840 3843
3810 3839 3845
3844 3845 3839
3842 3846 3841
3847 3846 3842
3841 3848 3843
3841 3846 3848
3847 3849 3846
3848 3846 3849
3850 3849 3847
3850 3851 3849
3851 3850 3852
3810 3845 3853
3810 3853 3854
3844 3843 3855
3855 3843 3848
3848 3849 3856
3851 3856 3849
3855 3848 3857
3857 3848 3856
3851 3852 3858
3851 3859 3856
3859 3851 3858
3857 3856 3860
3860 3856 3859
3852 3861 3858
3852 3862 3861
3863 3861 3862
3863 3864 3861
3864 3863 3865
3864 3865 3866
3866 3865 3867
3861 3864 3868
3868 3864 3866
3858 3861 3869
3861 3868 3869
3859 3858 3870
3858 3869 3870
3860 3859 3871
3871 3859 3870
3869 3868 3872
3870 3869 3873
3869 3872 3873
3868 3866 3874
3872 3868 3874
3871 3870 3875
3870 3873 3875
3866 3867 3876
3866 3877 3874
3866 3876 3877
3878 3876 3867
3878 3867 3879
3880 3877 3876
3880 3876 3878
3881 3878 3879
3881 3879 3882
3881 3882 3883
3881 3883 3884
3885 3881 3884
3878 3881 3886
3885 3886 3881
3878 3886 3880
1590 3886 3885
3887 3880 3886
1590 3887 3886
3888 3877 3880
3887 3888 3880
1590 3889 3887
3887 3889 3888
1590 1563 3889
3889 1563 3890
3888 3891 3877
3874 3877 3891
3889 3892 3888
3892 3889 3890
3891 3888 3892
3893 3892 3890
3891 3892 3893
3893 3890 3894
3874 3891 3895
3895 3891 3893
3872 3874 3895
3896 3893 3894
3895 3893 3896
3872 3895 3896
3896 3894 3897
3872 3896 3898
3898 3896 3897
3898 3873 3872
3898 3897 3899
3898 3900 3873
3899 3900 3898
3899 3901 3900
3875 3873 3900
3900 3901 3902
3875 3900 3903
3900 3902 3903
3904 3875 3903
3902 3904 3903
3902 3905 3904
3904 3871 3875
3904 3905 3906
3907 3871 3904
3904 3906 3907
3907 3860 3871
3907 3906 3908
3909 3860 3907
3907 3908 3909
3909 3857 3860
3910 3857 3909
3908 3910 3909
3910 3855 3857
3911 3910 3908
3912 3911 3908
3911 3912 3913
3914 3855 3910
3911 3914 3910
3914 3844 3855
3911 3913 3915
3914 3911 3915
3916 3915 3913
3917 3844 3914
3914 3915 3917
3917 3845 3844
3916 3918 3915
3918 3917 3915
3919 3845 3917
3918 3919 3917
3919 3853 3845
3916 3920 3918
3920 3919 3918
3916 3921 3920
3922 3920 3921
3919 3923 3853
3853 3923 3854
3920 3924 3919
3922 3924 3920
3919 3924 3923
3854 3923 3925
3925 3923 3924
3922 3926 3924
3925 3924 3926
3927 3926 3922
3854 3925 3928
3928 3925 3929
3929 3925 3926
3928 3929 3930
3927 3931 3926
3929 3926 3931
3930 3929 3932
3931 3932 3929
3930 3932 3933
3927 3934 3931
3931 3934 3932
3927 3935 3934
3933 3932 3936
3936 3932 3934
3933 3936 3937
3938 3934 3935
3936 3934 3938
3938 3935 3939
3937 3936 3940
3940 3936 3938
3937 3940 3941
3939 3942 3938
3940 3938 3942
3939 3943 3942
3944 3942 3943
3942 3944 3940
3944 3943 3945
3944 3945 3946
3944 3947 3940
3944 3946 3947
3947 3941 3940
3946 3948 3947
3948 3941 3947
3948 3949 3941
3950 3949 3951
3950 3951 3952
3951 3953 3952
3951 3954 3953
3955 3953 3954
3955 3954 3956
3957 3955 3956
3957 3956 3958
3957 3958 3959
3957 3959 3854
