byte offset: 0
first index: 0
index count: 14466
topology: trianglelist
format: DXGI_FORMAT_R16_UINT

0 1 2
3 4 5
6 7 8
9 10 11
12 9 13
14 12 13
14 13 15
12 16 9
17 9 16
18 14 15
18 15 19
19 20 18
19 21 20
21 22 20
21 23 22
24 22 23
24 23 25
26 24 25
27 20 22
27 22 24
28 18 20
27 28 20
29 14 18
28 29 18
30 24 26
30 26 31
27 32 28
28 32 29
32 27 33
29 32 34
29 35 14
29 34 35
35 12 14
27 24 36
33 27 36
36 24 30
37 36 30
36 38 33
36 37 38
37 39 38
37 40 39
35 41 12
35 34 41
41 16 12
41 42 16
34 42 41
17 16 42
37 30 43
43 30 31
43 31 44
44 45 43
37 43 45
44 46 45
46 47 45
48 37 45
47 48 45
48 40 37
47 49 48
48 50 40
49 50 48
49 51 50
17 42 52
17 52 53
54 17 53
42 55 52
52 55 53
42 56 55
56 42 34
56 34 57
58 56 57
58 55 56
58 57 59
59 60 58
59 61 60
61 62 60
61 63 62
60 62 64
60 64 65
58 60 65
65 64 66
58 67 55
58 65 67
65 66 68
68 67 65
68 66 69
68 69 70
70 71 68
68 71 67
70 72 71
67 73 55
67 71 73
73 71 72
73 72 74
73 53 55
75 73 74
75 53 73
75 74 76
53 75 77
53 77 78
75 79 77
76 79 75
80 79 76
81 82 83
84 85 86
87 88 89
87 90 88
91 90 87
90 92 88
92 93 88
94 93 92
91 95 90
92 90 95
95 91 96
94 92 97
98 94 97
99 92 95
99 97 92
98 97 100
100 101 98
95 96 102
102 99 95
99 103 97
103 100 97
100 104 101
104 105 101
106 99 102
106 103 99
103 107 100
107 104 100
104 108 105
109 105 108
109 108 110
111 108 104
107 111 104
112 110 108
111 112 108
112 113 110
107 103 114
106 114 103
106 102 115
115 102 96
116 111 107
107 114 116
113 112 117
113 117 118
119 112 111
116 119 111
119 117 112
114 106 120
120 106 115
121 118 117
121 122 118
116 114 123
114 120 123
124 117 119
124 121 117
125 119 116
116 123 125
125 124 119
122 121 126
122 126 127
128 125 123
128 123 120
129 124 125
128 129 125
121 124 130
121 130 126
129 130 124
127 126 131
127 131 132
133 126 130
133 131 126
132 131 134
132 134 135
131 133 136
131 136 134
135 134 137
135 137 138
137 139 138
134 140 137
134 136 140
137 141 139
141 137 140
141 142 139
141 143 142
143 144 142
143 145 144
143 141 146
141 140 146
145 143 147
143 146 147
145 147 148
149 148 147
150 146 140
147 146 150
149 147 151
147 150 151
152 149 151
152 151 153
150 153 151
153 154 152
153 155 154
156 155 153
150 156 153
156 157 155
150 140 158
156 150 158
136 158 140
159 157 156
156 158 159
159 160 157
136 161 158
161 159 158
161 136 133
162 160 159
161 162 159
162 163 160
161 133 164
162 161 164
164 133 130
165 163 162
162 164 165
165 166 163
164 130 167
167 165 164
129 167 130
168 166 165
167 168 165
168 169 166
129 170 167
168 167 170
128 170 129
171 169 168
168 170 171
171 172 169
128 173 170
171 170 173
172 171 174
171 173 174
172 174 175
173 128 176
128 120 176
177 174 173
173 176 177
175 174 178
177 178 174
175 178 179
180 176 120
120 115 180
177 176 181
180 181 176
182 180 115
115 96 182
178 177 183
177 181 183
184 179 178
184 185 179
181 180 186
182 186 180
96 187 182
96 188 187
181 186 189
183 181 189
190 186 182
190 182 187
189 186 190
188 191 187
188 192 191
187 191 193
187 193 190
194 190 193
189 190 195
194 195 190
183 189 196
195 196 189
194 197 195
195 197 196
194 198 197
196 199 183
178 183 199
199 184 178
196 200 199
197 200 196
200 184 199
198 201 197
197 201 200
198 202 201
203 201 202
200 204 184
204 200 201
204 185 184
204 205 185
203 206 201
204 201 206
206 205 204
206 203 207
206 208 205
206 207 208
209 210 211
209 211 212
213 212 211
213 211 214
215 213 214
216 214 211
211 217 216
217 218 216
215 214 219
220 215 219
220 219 221
216 222 214
222 219 214
222 216 218
223 221 219
222 223 219
223 224 221
223 222 225
222 218 225
224 223 226
223 225 226
224 226 227
227 226 228
227 228 229
226 225 230
226 230 228
231 229 228
231 232 229
231 233 232
228 234 231
228 230 234
231 235 233
235 231 234
235 236 233
225 237 230
225 218 237
235 238 236
238 239 236
235 234 240
238 235 240
241 240 234
242 234 230
242 230 237
241 234 242
238 243 239
243 244 239
238 240 245
245 240 241
243 238 245
245 241 246
243 247 244
247 248 244
243 245 249
247 243 249
247 250 248
250 251 248
250 252 251
249 245 253
245 254 253
249 253 255
254 241 256
241 257 256
247 249 258
250 247 258
258 249 259
252 250 260
250 258 260
252 260 261
258 259 262
260 258 262
262 259 263
261 260 264
260 262 264
261 264 265
262 263 266
266 264 262
267 265 264
266 267 264
267 268 265
269 268 267
269 270 268
271 270 269
272 267 266
272 269 267
266 273 272
266 274 273
273 263 275
273 275 276
277 273 276
271 269 278
278 279 271
280 269 272
280 278 269
280 281 278
278 282 279
281 282 278
283 279 282
272 273 284
272 284 280
283 282 285
285 286 283
287 273 277
287 284 273
281 288 282
285 282 288
285 289 286
289 290 286
285 288 291
289 285 291
289 291 292
289 293 290
293 289 292
293 294 290
293 292 295
293 296 294
296 293 295
295 292 297
297 292 298
299 298 288
297 298 299
299 288 300
300 288 281
294 296 301
294 301 302
301 303 302
304 297 299
304 299 300
295 297 305
296 295 306
306 295 305
307 301 296
307 296 306
301 308 303
307 308 301
309 305 297
304 309 297
309 310 305
306 305 311
312 309 304
308 313 303
303 313 314
315 314 313
315 316 314
308 317 313
315 313 317
318 306 311
307 306 318
307 319 308
319 317 308
316 315 320
316 320 321
318 322 307
319 307 322
323 321 320
323 324 321
325 324 323
325 323 326
327 325 326
320 328 323
326 323 328
315 329 320
320 329 328
328 329 330
327 326 331
331 332 327
326 328 333
333 328 330
333 331 326
315 334 329
315 317 334
331 335 332
335 336 332
333 337 331
330 337 333
335 331 337
338 329 334
338 330 329
339 334 317
339 338 334
319 339 317
339 319 340
319 322 340
335 341 336
342 336 341
335 337 343
343 337 330
344 341 335
344 335 343
341 345 342
341 344 345
330 346 343
346 344 343
339 340 347
338 339 347
338 348 330
330 348 346
349 344 346
349 345 344
350 342 345
350 351 342
346 352 349
352 346 348
353 345 349
353 350 345
352 353 349
338 354 348
338 347 354
355 351 350
355 356 351
357 348 354
352 348 357
358 354 347
357 354 358
359 350 353
359 355 350
356 355 360
356 360 361
358 347 362
362 347 340
355 359 363
355 363 360
364 361 360
364 365 361
366 365 364
367 364 360
367 360 363
366 364 368
368 364 367
368 369 366
368 370 369
371 370 368
368 367 371
371 372 370
363 373 367
371 367 373
374 372 371
371 373 374
374 375 372
363 376 373
376 363 359
374 373 377
377 373 376
378 375 374
374 377 378
378 379 375
376 359 380
380 359 353
377 376 381
380 381 376
378 377 382
382 377 381
379 378 383
378 382 383
379 383 384
384 383 385
384 385 386
386 385 387
386 387 388
389 388 387
389 387 390
391 389 390
391 390 392
393 391 392
394 391 393
395 391 394
395 394 396
395 396 397
397 396 398
397 398 399
398 400 399
396 401 398
396 402 401
398 403 400
404 400 403
405 401 402
405 402 406
401 405 407
398 401 408
401 407 408
398 408 403
409 408 407
404 403 410
410 411 404
403 408 412
403 412 410
409 412 408
410 413 411
413 410 412
413 414 411
413 415 414
415 416 414
413 412 417
417 415 413
418 412 409
418 417 412
415 419 416
420 416 419
420 419 421
422 418 409
422 409 423
423 424 422
417 425 415
425 419 415
426 421 419
425 426 419
426 427 421
428 427 426
417 418 429
417 429 425
422 429 418
425 430 426
428 426 430
425 429 430
422 431 429
431 430 429
428 430 432
431 432 430
428 432 433
434 433 432
435 431 422
431 435 432
435 434 432
424 435 422
436 434 435
424 436 435
424 437 436
436 438 434
436 437 439
440 438 436
436 439 440
440 441 438
439 442 440
442 441 440
439 443 442
442 444 441
445 442 443
445 444 442
445 443 446
445 447 444
448 445 446
448 447 445
448 449 447
448 446 450
449 448 451
451 448 450
449 451 452
453 452 451
451 450 454
454 450 455
453 451 456
456 451 454
457 453 456
454 455 458
459 458 455
457 456 460
460 461 457
456 454 462
458 462 454
460 456 462
459 463 458
463 459 464
460 465 461
466 461 465
466 465 467
460 462 468
468 465 460
458 469 462
469 458 463
469 468 462
467 465 470
468 470 465
467 470 471
463 464 472
473 472 464
469 463 474
472 474 463
469 475 468
475 470 468
475 469 474
476 471 470
475 476 470
476 477 471
473 478 472
478 473 479
475 474 480
476 475 480
481 477 476
476 480 481
481 482 477
472 483 474
483 480 474
483 472 478
478 479 484
484 479 485
482 481 486
482 486 487
488 481 480
483 488 480
488 486 481
483 478 489
488 483 489
484 489 478
484 485 490
490 485 491
492 487 486
492 493 487
494 486 488
488 489 494
494 492 486
484 495 489
495 494 489
490 495 484
490 491 496
496 491 497
498 493 492
498 499 493
500 492 494
495 500 494
500 498 492
490 501 495
501 500 495
501 490 496
499 498 502
499 502 503
504 498 500
501 504 500
504 502 498
501 496 505
504 501 505
503 502 506
503 506 507
502 504 508
504 505 508
502 508 506
505 496 509
496 497 509
507 506 510
507 510 511
506 508 512
506 512 510
508 505 513
505 509 513
508 513 512
514 511 510
514 515 511
516 510 512
516 514 510
512 513 517
512 517 516
513 509 518
513 518 517
519 509 497
519 518 509
515 514 520
515 520 521
514 516 522
514 522 520
516 517 523
516 523 522
517 518 524
517 524 523
521 520 525
521 525 526
525 527 526
528 520 522
528 525 520
522 523 529
522 529 528
518 530 524
518 519 530
523 524 531
523 531 529
524 530 532
524 532 531
525 533 527
534 525 528
534 533 525
528 529 535
528 535 534
529 531 536
529 536 535
527 533 537
527 537 538
533 534 539
533 539 537
534 535 540
534 540 539
538 537 541
538 541 542
537 539 543
537 543 541
542 541 544
542 544 545
546 545 544
541 547 544
547 546 544
541 543 547
548 543 539
548 539 540
535 549 540
535 536 549
547 550 546
550 551 546
552 547 543
552 543 548
553 548 540
553 540 549
547 554 550
547 552 554
550 217 551
217 550 554
551 217 555
556 551 555
557 552 548
557 548 553
552 558 554
552 557 558
217 554 559
559 218 217
554 558 560
554 560 559
549 561 553
553 562 557
553 561 562
563 558 557
563 557 562
564 560 558
564 558 563
549 565 561
536 565 549
536 566 565
566 536 531
566 531 532
559 560 567
560 564 568
560 568 567
559 567 569
559 569 218
570 218 569
570 237 218
571 569 567
571 570 569
572 237 570
572 242 237
573 567 568
573 571 567
574 570 571
574 572 570
242 572 575
242 575 241
241 575 257
572 576 575
257 575 576
572 574 576
257 576 577
576 277 577
277 576 578
574 578 576
277 578 287
287 578 579
580 574 571
574 580 578
579 578 580
580 571 573
581 580 573
579 580 581
287 579 582
284 287 582
581 573 583
583 573 568
284 582 584
584 280 284
583 568 585
585 568 564
584 586 280
280 586 281
585 564 587
587 564 563
587 563 588
588 563 562
588 562 589
561 589 562
561 590 589
590 561 565
590 565 591
591 565 566
591 566 592
532 592 566
532 593 592
593 532 530
593 530 594
519 594 530
519 595 594
595 519 497
596 595 497
597 595 596
597 598 595
599 598 597
594 595 600
595 598 600
601 593 594
601 594 600
602 592 593
602 593 601
599 603 598
603 600 598
604 592 602
604 591 592
605 603 599
606 605 599
591 604 607
591 607 590
590 607 608
590 608 589
609 589 608
609 588 589
588 609 610
588 610 587
587 610 611
587 611 585
612 585 611
612 583 585
613 583 612
613 581 583
612 614 613
612 615 614
615 612 611
616 611 610
615 611 616
609 617 610
616 610 617
618 609 608
609 618 617
581 613 619
581 619 579
618 608 620
607 620 608
621 617 618
621 618 620
607 622 620
604 622 607
621 620 623
622 623 620
622 624 623
604 625 622
624 622 625
602 625 604
621 626 617
616 617 626
626 621 627
626 627 628
628 629 626
616 626 629
628 630 629
631 629 630
632 616 629
631 633 629
632 615 616
634 633 631
635 615 632
634 635 633
635 634 636
635 637 615
635 636 638
639 638 636
639 640 638
641 640 639
641 642 640
637 635 643
637 643 644
613 637 644
613 644 619
645 644 643
645 619 644
645 643 646
645 647 619
619 647 579
579 647 648
645 648 647
579 648 582
646 649 645
645 649 648
646 650 649
650 651 649
650 652 651
653 651 652
648 654 582
649 654 648
654 655 582
655 584 582
649 656 654
651 656 649
655 654 656
653 657 651
658 657 653
659 656 651
655 656 659
659 651 660
651 661 660
662 659 660
661 662 660
662 655 659
661 663 662
655 664 584
662 664 655
663 665 662
665 664 662
663 666 665
584 664 667
665 667 664
584 667 586
667 668 586
665 668 667
281 586 668
666 669 665
665 669 668
666 670 669
669 670 671
669 671 672
668 669 673
281 668 674
668 673 674
300 281 674
671 675 673
674 673 675
674 675 300
671 676 675
304 300 675
676 304 675
676 677 304
678 679 680
678 680 681
682 683 684
682 685 683
682 686 685
686 687 685
686 688 687
689 687 688
689 688 690
691 689 690
691 690 692
693 691 692
693 692 694
693 694 695
693 695 696
697 696 695
697 695 698
698 699 697
698 700 699
700 701 702
700 702 703
704 702 701
702 704 705
702 705 706
703 707 706
703 706 708
709 708 706
709 710 708
706 711 709
706 705 711
705 606 711
705 712 606
713 712 705
606 712 605
713 714 712
704 715 714
712 714 716
715 716 714
712 716 605
715 717 716
716 717 718
716 718 719
605 716 719
605 719 720
719 718 721
719 721 722
723 722 721
724 719 722
605 724 603
723 725 722
724 722 726
726 603 724
725 726 722
726 727 603
603 727 600
728 727 726
725 728 726
729 600 727
728 729 727
729 601 600
730 601 729
730 729 728
730 602 601
602 730 625
730 728 731
625 730 731
725 731 728
725 732 731
625 731 733
624 625 733
734 733 735
734 735 736
725 737 736
738 737 725
737 739 736
624 740 741
624 741 742
743 742 741
743 741 744
742 743 745
624 742 746
742 745 746
624 746 747
745 748 746
748 747 746
748 621 747
749 750 751
749 751 752
653 751 753
653 753 754
755 756 653
755 757 756
658 653 756
756 758 658
756 759 758
760 759 756
759 761 758
760 762 759
759 763 761
762 763 759
764 761 763
762 765 763
764 763 766
765 766 763
765 767 766
766 768 764
766 767 769
766 770 768
766 769 770
771 768 770
772 770 769
771 770 773
772 773 770
773 772 774
773 774 775
776 777 775
776 775 309
775 778 309
775 779 778
779 775 780
779 780 683
781 779 683
781 683 685
782 778 779
782 779 781
783 781 685
783 685 784
778 782 311
778 311 785
786 782 781
786 781 783
782 787 311
782 786 787
318 311 787
788 783 784
788 784 689
789 786 783
789 783 788
787 790 318
318 790 322
791 787 786
791 786 789
787 791 790
689 792 788
689 793 792
794 789 788
794 788 792
795 791 789
795 789 794
791 796 790
791 795 796
790 797 322
790 796 797
793 798 792
793 799 798
800 795 794
800 794 801
801 792 798
801 802 792
795 803 796
795 800 803
804 798 799
804 799 805
806 801 798
806 798 807
808 800 801
808 801 806
809 804 805
809 805 810
811 806 804
811 804 809
806 811 812
806 812 808
710 811 809
710 809 813
813 809 810
813 810 814
815 808 812
816 800 808
815 816 808
817 816 815
816 803 800
817 818 816
818 803 816
819 818 817
818 820 803
796 803 820
796 820 797
819 821 818
821 820 818
822 821 819
823 797 820
821 823 820
822 824 821
824 823 821
825 824 822
823 826 797
826 322 797
826 340 322
362 340 826
827 826 823
824 827 823
827 362 826
825 828 824
828 827 824
829 828 825
830 362 827
828 830 827
830 358 362
829 831 828
831 830 828
831 829 832
358 830 833
831 833 830
358 833 357
831 832 834
833 831 834
834 832 835
357 833 836
833 834 836
357 836 352
834 835 837
836 834 837
837 835 838
352 836 839
836 837 839
352 839 353
380 353 839
837 838 840
840 839 837
840 380 839
841 840 838
380 840 381
841 381 840
382 381 841
842 843 844
842 844 845
846 842 845
845 844 847
847 844 848
849 847 848
846 845 850
847 850 845
850 851 846
849 852 847
853 852 849
854 850 847
854 847 852
853 855 852
855 853 856
850 857 851
857 850 854
854 852 858
858 852 855
855 856 859
859 856 860
861 857 854
861 854 858
858 855 862
862 855 859
859 860 863
864 863 860
864 865 863
866 859 863
862 859 866
867 863 865
866 863 867
867 865 868
862 869 858
861 858 869
861 870 857
870 851 857
871 862 866
862 871 869
868 872 867
868 873 872
874 866 867
871 866 874
874 867 872
869 875 861
875 870 861
876 872 873
876 873 877
871 878 869
869 878 875
879 874 872
879 872 876
880 871 874
871 880 878
880 874 879
877 881 876
877 882 881
883 878 880
883 875 878
884 880 879
883 880 884
876 885 879
876 881 885
884 879 885
882 886 881
882 887 886
888 885 881
888 881 886
887 889 886
887 890 889
886 891 888
886 889 891
890 892 889
890 893 892
892 893 894
889 892 895
889 895 891
892 894 896
896 895 892
896 894 897
896 897 898
898 897 899
898 899 900
898 901 896
896 901 895
900 902 898
898 902 901
900 903 902
904 902 903
905 895 901
902 905 901
904 906 902
902 906 905
907 906 904
907 908 906
905 906 908
908 907 909
908 909 910
911 908 910
905 908 911
911 910 912
905 913 895
911 913 905
891 895 913
914 911 912
911 914 913
914 912 915
891 913 916
916 913 914
916 888 891
917 914 915
916 914 917
917 915 918
916 919 888
917 919 916
919 885 888
920 917 918
917 920 919
920 918 921
919 922 885
922 919 920
884 885 922
923 920 921
922 920 923
923 921 924
884 922 925
923 925 922
883 884 925
926 923 924
923 926 925
926 924 927
883 925 928
926 928 925
927 929 926
926 929 928
927 930 929
928 931 883
883 931 875
930 932 929
930 933 932
934 928 929
928 934 931
934 929 932
935 875 931
875 935 870
934 936 931
935 931 936
937 870 935
870 937 851
938 932 933
938 933 939
932 940 934
934 940 936
936 941 935
937 935 941
851 937 942
851 942 943
936 944 941
940 944 936
945 937 941
945 942 937
944 945 941
943 942 946
943 946 947
942 948 946
942 945 948
949 948 945
932 950 940
950 932 938
940 951 944
951 940 950
944 952 945
949 945 952
952 944 951
949 952 953
952 951 953
949 953 954
951 950 955
955 950 938
953 951 955
954 953 956
953 955 956
954 956 957
958 957 956
955 938 959
959 956 955
959 938 939
959 939 960
958 956 961
959 961 956
961 959 960
961 962 958
961 960 963
961 963 962
964 965 966
964 967 965
968 965 967
968 969 965
970 969 968
971 965 969
965 971 972
972 971 973
970 974 969
975 974 970
975 976 974
971 969 977
977 969 974
977 973 971
978 974 976
977 974 978
978 976 979
978 980 977
977 980 973
979 981 978
978 981 980
979 982 981
982 983 981
982 984 983
981 985 980
981 983 985
986 983 984
986 984 987
986 987 988
983 986 989
983 989 985
986 988 990
990 989 986
990 988 991
980 985 992
980 992 973
990 991 993
993 991 994
990 995 989
993 995 990
996 989 995
997 985 989
997 992 985
996 997 989
993 994 998
998 994 999
993 1000 995
1000 996 995
998 1000 993
998 999 1001
1001 999 1002
998 1003 1000
1001 1003 998
1001 1002 1004
1004 1002 1005
1004 1005 1006
1004 1007 1001
1001 1007 1003
1006 1008 1004
1004 1008 1007
1006 1009 1008
1009 1010 1008
1009 1011 1010
1008 1012 1007
1008 1010 1012
1007 1013 1003
1007 1012 1013
1003 1013 1014
1003 1014 1000
1000 1014 1015
1000 1015 996
1015 1016 996
1012 1017 1013
996 1016 1018
1019 1010 1011
1019 1011 1020
1021 1012 1010
1012 1021 1017
1021 1010 1019
1021 1022 1017
1022 1023 1017
1022 1024 1023
1025 1024 1022
996 1018 1026
997 996 1026
1027 1019 1020
1027 1020 1028
1029 1027 1028
1030 1021 1019
1021 1030 1022
1030 1019 1027
1018 1031 1026
1018 1032 1031
1031 1032 1025
997 1026 1033
1033 1026 1031
1033 992 997
1029 1034 1027
1034 1029 1035
1036 1030 1027
1036 1027 1034
1036 1034 1037
1034 1035 1038
1037 1034 1038
1039 1038 1035
1033 1040 992
1040 973 992
1033 1031 1041
1041 1040 1033
1039 1042 1038
1042 1039 1043
1030 1036 1044
1030 1044 1022
1041 1031 1045
1025 1045 1031
1046 1025 1022
1046 1022 1044
1025 1046 1045
1046 1047 1045
1041 1045 1048
1047 1048 1045
1044 1049 1046
1046 1049 1047
1050 1044 1036
1044 1050 1049
1042 1043 1051
1051 1043 1052
1048 1053 1041
1041 1053 1040
1050 1036 1054
1036 1037 1054
1051 1052 1055
1055 1052 1056
1053 1057 1040
1040 1057 973
1058 973 1057
1058 972 973
1053 1059 1057
1058 1057 1059
1060 1059 1053
1048 1060 1053
1061 1060 1048
1047 1061 1048
1058 1059 1062
1060 1063 1059
1062 1059 1063
972 1058 1064
1064 1058 1062
1061 1065 1060
1065 1063 1060
1062 1063 1066
1064 1062 1067
1066 1067 1062
1065 1068 1063
1068 1066 1063
1069 1065 1061
1061 1047 1070
1061 1070 1069
1071 1068 1065
1069 1071 1065
1069 1070 1072
1069 1072 1073
1071 1069 1074
1071 1074 1075
1071 1076 1068
1075 1076 1071
1068 1077 1066
1077 1068 1076
1077 1078 1066
1066 1078 1067
1070 1047 1079
1080 1070 1079
1080 1081 1070
1047 1082 1079
1080 1079 1082
1047 1049 1082
1080 1083 1081
1073 1081 1083
1073 1083 1084
1084 1075 1073
1075 1085 1076
1084 1086 1075
1086 1085 1075
1086 1087 1085
1085 1088 1076
1077 1076 1088
1089 1077 1088
1077 1089 1078
1082 1049 1090
1091 1082 1090
1080 1082 1091
1090 1049 1092
1092 1049 1050
1093 1080 1091
1080 1093 1083
1093 1091 1094
1094 1091 1095
1094 1095 1096
1097 1096 1095
1091 1090 1098
1092 1098 1090
1095 1091 1098
1097 1095 1099
1100 1097 1099
1101 1095 1098
1092 1101 1098
1101 1102 1095
1095 1102 1103
1104 1102 1101
1103 1102 1104
1104 1101 1092
1103 1104 1105
1104 1092 1106
1092 1050 1106
1105 1104 1107
1107 1104 1106
1105 1107 1108
1050 1109 1106
1107 1106 1109
1050 1054 1109
1109 1054 1110
1107 1109 1110
1037 1110 1054
1108 1107 1111
1107 1110 1111
1108 1111 1112
1111 1113 1112
1111 1114 1113
1110 1115 1111
1113 1115 1116
1113 1116 1117
1110 1118 1115
1037 1118 1110
1118 1116 1115
1117 1116 1119
1117 1119 1120
1118 1121 1116
1121 1118 1037
1119 1116 1121
1121 1037 1122
1037 1038 1122
1042 1122 1038
1042 1123 1122
1051 1123 1042
1051 1124 1123
1055 1124 1051
1125 1121 1122
1119 1121 1125
1125 1122 1126
1127 1125 1126
1127 1126 1124
1119 1125 1127
1055 1128 1124
1128 1127 1124
1119 1127 1129
1130 1119 1129
1131 1128 1055
1055 1056 1131
1128 1132 1127
1129 1127 1132
1129 1132 1133
1134 1132 1128
1131 1134 1128
1134 1135 1132
1056 1136 1131
1056 1137 1136
1136 1137 1138
1139 1134 1131
1139 1131 1136
1136 1138 1140
1139 1136 1140
1141 1135 1134
1139 1141 1134
1140 1138 1142
1138 1143 1142
1144 1142 1143
1144 1143 1145
1140 1142 1146
1144 1146 1142
1139 1140 1147
1147 1140 1146
1141 1139 1148
1147 1148 1139
1145 1149 1144
1145 1150 1149
1151 1149 1150
1151 1150 1152
1153 1151 1152
1153 1154 1151
1155 1154 1153
1149 1151 1156
1154 1156 1151
1144 1149 1157
1149 1156 1157
1156 1158 1157
1155 1159 1154
1159 1155 1160
1154 1161 1156
1161 1158 1156
1161 1154 1159
1144 1157 1162
1144 1162 1146
1159 1160 1163
1163 1160 1164
1161 1159 1165
1158 1161 1165
1163 1165 1159
1166 1162 1157
1166 1157 1158
1167 1146 1162
1167 1162 1166
1147 1146 1167
1167 1168 1147
1147 1168 1148
1163 1164 1169
1170 1169 1164
1163 1171 1165
1171 1158 1165
1172 1163 1169
1172 1171 1163
1169 1170 1173
1169 1173 1172
1158 1171 1174
1174 1171 1172
1166 1175 1167
1167 1175 1168
1166 1158 1176
1158 1174 1176
1177 1174 1172
1177 1172 1173
1178 1173 1170
1178 1170 1179
1174 1177 1180
1180 1176 1174
1181 1177 1173
1181 1173 1178
1180 1177 1181
1166 1176 1182
1166 1182 1175
1183 1178 1179
1183 1179 1184
1185 1182 1176
1180 1185 1176
1186 1175 1182
1185 1186 1182
1187 1181 1178
1187 1178 1183
1184 1188 1183
1184 1189 1188
1186 1190 1175
1190 1168 1175
1183 1191 1187
1183 1188 1191
1192 1188 1189
1192 1189 1193
1194 1192 1193
1195 1188 1192
1195 1191 1188
1194 1196 1192
1196 1195 1192
1196 1194 1197
1196 1197 1198
1199 1196 1198
1196 1199 1195
1199 1198 1200
1191 1195 1201
1199 1201 1195
1202 1199 1200
1199 1202 1201
1202 1200 1203
1191 1201 1204
1204 1187 1191
1202 1205 1201
1205 1204 1201
1206 1202 1203
1202 1206 1205
1206 1203 1207
1204 1208 1187
1208 1181 1187
1205 1209 1204
1208 1204 1209
1206 1210 1205
1210 1209 1205
1207 1211 1206
1206 1211 1210
1207 1212 1211
1212 1213 1211
1212 1214 1213
1214 1215 1213
1214 1216 1215
1217 1215 1216
1217 1218 1215
1219 1218 1217
1219 1220 1218
1221 1220 1219
1222 1221 1219
1223 1222 1219
1223 1224 1222
1223 1225 1224
1225 1226 1224
1225 1227 1226
1226 1227 1228
1224 1226 1229
1224 1229 1230
1226 1228 1231
1232 1231 1228
1233 1230 1229
1233 1234 1230
1229 1235 1233
1226 1236 1229
1229 1236 1235
1226 1231 1236
1237 1235 1236
1232 1238 1231
1238 1232 1239
1231 1240 1236
1231 1238 1240
1237 1236 1240
1238 1239 1241
1241 1240 1238
1241 1239 1242
1241 1242 1243
1243 1242 1244
1241 1245 1240
1245 1241 1243
1246 1237 1240
1246 1240 1245
1243 1244 1247
1248 1247 1244
1248 1249 1247
1250 1237 1246
1250 1251 1237
1251 1250 1252
1245 1243 1253
1253 1243 1247
1254 1247 1249
1253 1247 1254
1254 1249 1255
1256 1254 1255
1245 1257 1246
1245 1253 1257
1250 1246 1257
1253 1254 1258
1256 1258 1254
1253 1258 1257
1250 1257 1259
1259 1257 1258
1256 1260 1258
1259 1258 1260
1256 1261 1260
1262 1260 1261
1263 1250 1259
1259 1260 1263
1263 1260 1262
1252 1250 1263
1264 1263 1262
1252 1263 1264
1252 1264 1265
1264 1262 1266
1264 1267 1265
1268 1264 1266
1264 1268 1267
1268 1266 1269
1267 1268 1270
1270 1268 1269
1267 1270 1271
1270 1269 1272
1273 1271 1270
1273 1270 1272
1273 1274 1271
1273 1272 1275
1276 1274 1273
1276 1273 1275
1276 1275 1277
1276 1278 1274
1277 1279 1276
1279 1278 1276
1277 1280 1279
1281 1279 1280
1279 1282 1278
1282 1283 1278
1281 1284 1279
1284 1282 1279
1285 1284 1281
1282 1286 1283
1287 1283 1286
1285 1288 1284
1288 1285 1289
1284 1290 1282
1286 1282 1290
1288 1290 1284
1287 1286 1291
1291 1292 1287
1288 1289 1293
1294 1293 1289
1294 1295 1293
1288 1296 1290
1296 1288 1293
1286 1290 1297
1297 1291 1286
1297 1290 1296
1295 1298 1293
1296 1293 1298
1295 1299 1298
1291 1300 1292
1301 1292 1300
1297 1302 1291
1300 1291 1302
1297 1296 1303
1303 1296 1298
1303 1302 1297
1304 1298 1299
1303 1298 1304
1304 1299 1305
1301 1300 1306
1306 1307 1301
1303 1308 1302
1304 1308 1303
1309 1304 1305
1304 1309 1308
1309 1305 1310
1300 1302 1311
1311 1302 1308
1311 1306 1300
1306 1312 1307
1312 1313 1307
1310 1314 1309
1310 1315 1314
1316 1308 1309
1311 1308 1316
1316 1309 1314
1311 1317 1306
1316 1317 1311
1312 1306 1317
1312 1318 1313
1318 1319 1313
1320 1314 1315
1320 1315 1321
1322 1316 1314
1316 1322 1317
1322 1314 1320
1312 1317 1323
1323 1317 1322
1318 1312 1323
1318 1324 1319
1324 1325 1319
1326 1320 1321
1326 1321 1327
1328 1322 1320
1323 1322 1328
1328 1320 1326
1318 1323 1329
1329 1323 1328
1329 1324 1318
1327 1330 1326
1327 1331 1330
1332 1328 1326
1329 1328 1332
1332 1326 1330
1329 1333 1324
1332 1333 1329
1331 1334 1330
1331 1335 1334
1330 1336 1332
1332 1336 1333
1330 1334 1336
1333 1337 1324
1324 1337 1325
1335 1338 1334
1335 1339 1338
1334 1340 1336
1334 1338 1340
1336 1341 1333
1333 1341 1337
1336 1340 1341
1342 1338 1339
1342 1339 1343
1344 1340 1338
1344 1338 1342
1340 1345 1341
1340 1344 1345
1341 1346 1337
1341 1345 1346
1347 1325 1337
1347 1337 1346
1343 1348 1342
1343 1349 1348
1342 1350 1344
1342 1348 1350
1344 1351 1345
1344 1350 1351
1345 1352 1346
1345 1351 1352
1349 1353 1348
1349 1354 1353
1353 1354 1355
1356 1350 1348
1356 1348 1353
1350 1357 1351
1350 1356 1357
1346 1352 1358
1346 1358 1347
1351 1359 1352
1351 1357 1359
1352 1360 1358
1352 1359 1360
1353 1355 1361
1362 1356 1353
1362 1353 1361
1356 1363 1357
1356 1362 1363
1357 1364 1359
1357 1363 1364
1355 1365 1361
1355 1366 1365
1361 1367 1362
1361 1365 1367
1362 1368 1363
1362 1367 1368
1366 1369 1365
1366 1370 1369
1365 1371 1367
1365 1369 1371
1370 1372 1369
1370 1373 1372
1374 1372 1373
1369 1372 1375
1375 1372 1374
1369 1375 1371
1376 1367 1371
1376 1368 1367
1363 1368 1377
1363 1377 1364
1375 1374 1378
1378 1374 1379
1380 1371 1375
1380 1376 1371
1381 1368 1376
1381 1377 1368
1375 1378 1064
1375 1064 1380
972 1064 1378
1378 1379 972
1379 1382 972
1383 1382 1379
1380 1064 1067
1384 1376 1380
1380 1067 1384
1384 1381 1376
1078 1384 1067
1078 1385 1384
1381 1384 1385
1089 1385 1078
1381 1385 1386
1377 1381 1386
1089 1387 1385
1386 1385 1387
1377 1386 1388
1364 1377 1388
1389 1387 1089
1089 1088 1389
1386 1387 1390
1390 1388 1386
1364 1388 1391
1391 1359 1364
1391 1360 1359
1392 1391 1388
1390 1392 1388
1390 1387 1393
1389 1393 1387
1389 1088 1394
1085 1394 1088
1360 1391 1395
1392 1395 1391
1392 1390 1396
1390 1393 1396
1397 1393 1389
1389 1394 1397
1085 1398 1394
1085 1087 1398
1397 1399 1393
1396 1393 1399
1400 1397 1394
1400 1394 1398
1400 1399 1397
1398 1401 1400
1398 1402 1401
1402 1398 1087
1402 1087 1403
1404 1403 1087
1404 1087 1405
1406 1404 1405
1406 1405 1084
1084 1407 1406
1084 1083 1407
1408 1407 1083
1408 1083 1409
1410 1408 1409
1410 1409 1411
1412 1411 1413
1412 1413 1414
1097 1415 1413
1097 1416 1415
1417 1097 1418
1417 1418 1419
1100 1418 1097
1418 1100 1420
1418 1420 1421
1422 1418 1421
1421 1420 1423
1422 1421 1424
1421 1423 1425
1424 1421 1425
1426 1425 1423
1424 1425 1427
1426 1428 1425
1427 1425 1428
1427 1428 1429
1428 1426 1430
1428 1431 1429
1428 1430 1432
1428 1432 1431
1433 1432 1430
1434 1431 1432
1433 1435 1432
1434 1432 1435
1435 1436 1434
1435 1437 1436
1438 1437 1439
1438 1129 1437
1437 1129 1440
1437 1440 1441
1441 1442 1437
1441 1443 1442
1444 1441 1440
1445 1443 1441
1444 1445 1441
1440 1135 1444
1440 1446 1135
1444 1135 1447
1141 1447 1135
1448 1445 1444
1444 1447 1448
1447 1141 1449
1141 1148 1449
1450 1448 1447
1447 1449 1450
1445 1451 1443
1448 1452 1445
1452 1451 1445
1453 1443 1451
1453 1454 1443
1453 1451 1455
1455 1451 1456
1455 1456 1457
1458 1457 1456
1452 1459 1451
1458 1460 1457
1461 1452 1448
1450 1461 1448
1462 1459 1452
1462 1458 1459
1461 1462 1452
1463 1460 1458
1463 1464 1460
1465 1464 1463
1465 1466 1464
1465 1467 1466
1465 1468 1467
1469 1467 1468
1469 1470 1467
1470 1469 1471
1470 1471 1472
1458 1462 1473
1458 1473 1474
1475 1473 1462
1475 1462 1461
1474 1473 1476
1474 1476 1477
1478 1475 1461
1478 1461 1450
1479 1476 1473
1479 1473 1480
1481 1477 1476
1481 1482 1477
1483 1482 1481
1483 1484 1482
1485 1484 1483
1485 1486 1484
1487 1485 1483
1488 1483 1481
1487 1483 1488
1488 1481 1489
1489 1476 1479
1489 1490 1476
1489 1491 1488
1489 1492 1491
1492 1489 1479
1493 1491 1492
1492 1479 1494
1494 1479 1475
1494 1475 1478
1493 1492 1495
1495 1492 1494
1496 1493 1495
1478 1497 1494
1495 1494 1497
1496 1495 1498
1498 1495 1497
1499 1496 1498
1478 1500 1497
1450 1500 1478
1450 1449 1500
1499 1498 1501
1502 1499 1501
1498 1497 1503
1500 1503 1497
1501 1498 1503
1449 1504 1500
1500 1504 1503
1449 1148 1504
1502 1501 1505
1506 1502 1505
1501 1503 1507
1507 1503 1504
1505 1501 1507
1508 1504 1148
1507 1504 1508
1508 1148 1168
1190 1508 1168
1509 1507 1508
1505 1507 1509
1509 1508 1190
1506 1505 1510
1510 1505 1509
1511 1506 1510
1512 1509 1190
1510 1509 1512
1512 1190 1186
1511 1510 1513
1513 1510 1512
1513 1514 1511
1186 1515 1512
1513 1512 1515
1186 1185 1515
1513 1516 1514
1515 1516 1513
1516 1517 1514
1185 1518 1515
1515 1518 1516
1185 1180 1518
1516 1519 1517
1518 1519 1516
1519 1520 1517
1180 1521 1518
1518 1521 1519
1180 1181 1521
1208 1521 1181
1519 1522 1520
1522 1519 1521
1522 1521 1208
1523 1520 1522
1208 1209 1522
1523 1522 1209
1210 1523 1209
1524 1525 1526
1524 1526 1527
1528 1529 1524
1528 1524 1530
1530 1531 1528
1530 1532 1531
1531 1532 1533
1534 1532 1530
1534 1535 1524
1533 1532 1536
1534 1536 1532
1533 1536 1400
1534 1524 1537
1524 1538 1537
1524 1539 1538
1534 1537 1540
1540 1537 1541
1534 1540 1542
1542 1543 1534
1400 1543 1399
1542 1399 1543
1396 1399 1542
1544 1396 1542
1544 1542 1540
1392 1396 1544
1544 1395 1392
1545 1544 1540
1544 1545 1395
1540 1541 1546
1545 1540 1546
1545 1547 1395
1360 1395 1547
1547 1358 1360
1545 1548 1547
1546 1548 1545
1547 1549 1358
1548 1549 1547
1347 1358 1549
1347 1549 1550
1550 1325 1347
1551 1325 1550
1552 1551 1550
1548 1553 1549
1549 1553 1550
1552 1550 1554
1550 1553 1554
1555 1552 1554
1546 1556 1548
1556 1553 1548
1555 1554 1557
1557 1554 1553
1546 1558 1556
1546 1541 1558
1556 1559 1553
1557 1553 1559
1558 1559 1556
1560 1558 1541
1560 1541 1561
1558 1562 1559
1562 1557 1559
1560 1562 1558
1563 1555 1557
1564 1555 1563
1562 1565 1557
1563 1557 1565
1565 1562 1566
1560 1566 1562
1565 1566 1567
1563 1568 1567
1569 1566 1560
1569 1570 1566
1567 1566 1570
1567 1570 1571
1572 1567 1571
1563 1567 1572
1572 1571 1573
1574 1572 1573
1564 1563 1575
1575 1563 1572
1574 1576 1572
1575 1572 1576
1577 1576 1574
1578 1575 1576
1578 1579 1575
1579 1564 1575
1579 1580 1564
1581 1579 1577
1577 1582 1581
1472 1581 1582
1472 1486 1581
1581 1583 1579
1583 1580 1579
1486 1583 1584
1583 1585 1580
1486 1586 1583
1585 1583 1586
1585 1586 1487
1587 1560 1588
1560 1539 1588
1588 1539 1589
1590 1591 1592
1590 1592 1593
1594 1592 1595
1594 1595 1596
1596 1597 1594
1593 1598 1599
1593 1600 1598
1601 1598 1600
1601 1600 1602
1603 1604 1602
1603 1602 1605
1605 1606 1603
1605 1607 1606
1607 1608 1606
1609 1610 1611
1609 1612 1610
1612 1613 1614
1612 1614 1615
1616 1615 1614
1616 1617 1615
1618 1619 1610
1618 1620 1619
1620 1618 1621
1622 1617 1623
1622 1624 1617
1624 1622 1625
1624 1625 1626
1626 1625 1627
1628 1629 1630
1629 1631 1630
1632 1631 1629
1632 1633 1631
1632 1634 1633
1632 1635 1634
1633 1636 1631
1636 1637 1631
1636 1638 1637
1635 1639 1634
1635 1640 1639
1641 1639 1640
1641 1640 1642
1643 1641 1642
1643 1644 1641
1644 1645 1641
1645 1639 1641
1644 1646 1645
1647 1634 1639
1645 1647 1639
1646 1648 1645
1647 1645 1648
1646 1649 1648
1647 1650 1634
1633 1634 1650
1649 1651 1648
1649 1652 1651
1653 1647 1648
1651 1653 1648
1653 1650 1647
1652 1654 1651
1654 1653 1651
1652 1655 1654
1654 1655 1656
1633 1650 1657
1633 1657 1636
1653 1658 1650
1657 1650 1658
1654 1659 1653
1659 1658 1653
1654 1656 1660
1659 1654 1660
1661 1660 1656
1636 1657 1662
1657 1658 1662
1659 1663 1658
1662 1658 1663
1659 1660 1664
1664 1663 1659
1661 1665 1660
1665 1664 1660
1661 1666 1665
1661 1667 1666
1666 1667 1668
1665 1669 1664
1666 1669 1665
1666 1668 1670
1669 1666 1670
1670 1668 1671
1670 1671 1672
1673 1670 1672
1664 1674 1663
1669 1674 1664
1673 1675 1670
1669 1670 1675
1673 1676 1675
1673 1677 1676
1675 1678 1669
1669 1678 1674
1675 1676 1678
1679 1663 1674
1662 1663 1679
1680 1676 1677
1680 1677 1681
1680 1681 1682
1683 1674 1678
1679 1674 1683
1684 1678 1676
1684 1676 1680
1683 1678 1684
1680 1682 1685
1684 1680 1685
1683 1684 1686
1684 1685 1686
1679 1683 1687
1683 1686 1687
1662 1679 1688
1679 1687 1688
1689 1685 1682
1689 1682 1690
1691 1689 1690
1692 1686 1685
1687 1686 1692
1692 1685 1689
1691 1693 1689
1694 1693 1691
1689 1695 1692
1689 1693 1695
1687 1692 1696
1695 1696 1692
1694 1697 1693
1697 1694 1698
1687 1699 1688
1687 1696 1699
1693 1700 1695
1693 1697 1700
1697 1698 1701
1702 1700 1697
1702 1697 1701
1703 1700 1702
1695 1700 1704
1703 1704 1700
1695 1705 1696
1695 1704 1705
1696 1706 1699
1696 1705 1706
1705 1704 1707
1707 1704 1703
1705 1707 1706
1708 1688 1699
1706 1708 1699
1698 1709 1701
1698 1710 1709
1711 1702 1701
1711 1703 1702
1711 1701 1709
1710 1712 1709
1710 1713 1712
1708 1714 1688
1662 1688 1714
1636 1662 1714
1638 1636 1714
1638 1714 1708
1708 1715 1638
1708 1716 1715
1706 1716 1708
1716 1717 1715
1718 1715 1717
1706 1719 1716
1716 1719 1717
1706 1707 1719
1713 1720 1712
1713 1721 1720
1721 1722 1720
1721 1723 1722
1722 1723 1724
1725 1712 1720
1725 1720 1722
1722 1724 1726
1727 1726 1724
1728 1722 1726
1728 1726 1727
1728 1729 1722
1725 1722 1729
1728 1727 1730
1729 1728 1730
1731 1730 1727
1731 1727 1732
1729 1730 1733
1725 1729 1733
1733 1730 1731
1725 1734 1712
1709 1712 1734
1709 1734 1711
1735 1734 1725
1725 1733 1735
1711 1734 1736
1735 1736 1734
1711 1736 1737
1711 1737 1703
1735 1738 1736
1738 1737 1736
1739 1735 1733
1735 1739 1738
1733 1731 1740
1739 1733 1740
1741 1740 1731
1741 1739 1740
1741 1731 1732
1703 1737 1742
1738 1742 1737
1743 1738 1739
1743 1742 1738
1703 1742 1744
1707 1703 1744
1745 1744 1742
1743 1745 1742
1746 1707 1744
1745 1746 1744
1746 1719 1707
1747 1746 1745
1747 1745 1743
1748 1719 1746
1747 1748 1746
1748 1747 1749
1748 1717 1719
1717 1748 1750
1748 1749 1750
1717 1750 1718
1743 1739 1751
1741 1751 1739
1747 1743 1752
1751 1752 1743
1749 1747 1752
1753 1718 1750
1749 1753 1750
1753 1754 1718
1718 1754 1755
1749 1756 1753
1757 1756 1749
1757 1749 1758
1749 1752 1758
1758 1759 1757
1751 1760 1752
1760 1758 1752
1760 1751 1741
1758 1761 1759
1760 1761 1758
1762 1759 1761
1762 1761 1763
1760 1763 1761
1763 1764 1762
1760 1741 1765
1760 1765 1763
1765 1741 1732
1763 1766 1764
1766 1763 1765
1767 1764 1766
1768 1732 1767
1765 1732 1768
1768 1767 1766
1766 1765 1768
1769 1770 1771
1769 1771 1772
1773 1772 1771
1773 1774 1772
1775 1774 1773
1775 1776 1774
1776 1775 1777
1776 1777 1778
1778 1777 1779
1778 1779 1780
1780 1779 1781
1780 1781 1782
1783 1782 1781
1783 1784 1782
1784 1783 1785
1784 1785 1786
1786 1785 1787
1787 1788 1789
1789 1788 1790
1789 1790 1791
1792 1791 1790
1792 1790 1793
1794 1792 1793
1794 1793 1795
1796 1794 1795
1796 1795 1797
1798 1796 1797
1798 1797 1799
1799 1800 1798
1799 1801 1800
1802 1800 1801
1802 1801 1803
1803 1804 1802
1803 1805 1804
1806 1807 1805
1806 1808 1807
1808 1806 1809
1808 1809 1810
1811 1810 1809
1811 1812 1810
1812 1811 1813
1812 1813 1814
1814 1813 1815
1814 1815 1816
1816 1815 1817
1816 1817 1818
1818 1817 1819
1818 1819 1820
1821 1820 1819
1821 1819 1822
1823 1821 1822
1824 1823 1825
1826 1824 1825
1826 1825 1827
1827 1828 1826
1827 1829 1828
1830 1828 1829
1830 1829 1831
1832 1830 1831
1832 1831 1833
1834 1832 1833
1834 1833 1835
1835 1836 1834
1835 1837 1836
1837 1838 1836
1837 1839 1838
1840 1838 1839
1840 1839 1841
1842 1843 1844
1842 1845 1843
1846 1845 1842
1845 1847 1843
1846 1848 1845
1848 1846 1849
1845 1850 1847
1848 1850 1845
1850 1851 1847
1850 1852 1851
1852 1853 1851
1852 1854 1853
1852 1850 1855
1848 1855 1850
1854 1852 1856
1852 1855 1856
1854 1856 1857
1858 1857 1856
1855 1858 1856
1858 1859 1857
1848 1849 1860
1860 1849 1861
1848 1862 1855
1848 1860 1862
1855 1862 1858
1863 1859 1858
1863 1864 1859
1864 1863 1865
1866 1864 1865
1863 1867 1865
1863 1858 1868
1868 1867 1863
1858 1862 1868
1868 1869 1867
1870 1862 1860
1860 1861 1870
1871 1868 1862
1870 1871 1862
1872 1868 1871
1872 1871 1870
1873 1868 1872
1872 1870 1874
1861 1875 1870
1875 1874 1870
1876 1875 1861
1875 1877 1874
1876 1877 1875
1878 1876 1861
1878 1861 1879
1877 1880 1874
1881 1874 1880
1877 1882 1880
1876 1883 1877
1883 1882 1877
1878 1883 1876
1883 1884 1882
1885 1884 1883
1878 1885 1883
1885 1886 1884
1887 1878 1879
1887 1885 1878
1886 1885 1888
1887 1888 1885
1886 1888 1889
1890 1887 1879
1890 1888 1887
1879 1891 1890
1889 1888 1892
1890 1892 1888
1889 1892 1893
1894 1893 1892
1890 1894 1892
1894 1895 1893
1896 1895 1894
1891 1897 1890
1890 1897 1894
1897 1891 1898
1897 1898 1899
1899 1898 1900
1899 1900 1901
1902 1896 1894
1897 1902 1894
1899 1902 1897
1902 1903 1896
1904 1903 1902
1899 1904 1902
1904 1905 1903
1905 1904 1906
1899 1906 1904
1905 1906 1907
1907 1906 1908
1909 1899 1901
1909 1906 1899
1908 1906 1909
1909 1901 1910
1908 1909 1911
1911 1909 1910
1911 1910 1912
1913 1914 1915
1916 1913 1915
1916 1915 1917
1913 1916 1918
1913 1918 1919
1920 1913 1919
1920 1921 1913
1922 1918 1916
1921 1920 1923
1921 1924 1915
1922 1916 1925
1925 1916 1917
1926 1922 1925
1921 1923 1927
1921 1927 1924
1923 1928 1927
1929 1925 1917
1926 1925 1929
1929 1917 1930
1929 1931 1926
1927 1932 1924
1932 1927 1928
1932 1933 1924
1932 1928 1934
1935 1929 1930
1931 1929 1935
1935 1930 1936
1937 1931 1935
1932 1938 1933
1934 1938 1932
1934 1939 1938
1938 1939 1940
1938 1941 1933
1935 1936 1942
1942 1937 1935
1942 1943 1937
1942 1936 1944
1938 1940 1945
1938 1945 1941
1945 1940 1946
1943 1942 1947
1947 1942 1944
1943 1947 1948
1949 1948 1947
1950 1947 1944
1949 1947 1950
1951 1949 1950
1950 1944 1952
1953 1951 1950
1954 1950 1952
1953 1950 1954
1955 1953 1954
1956 1955 1954
1954 1952 1957
1956 1954 1958
1958 1954 1957
1959 1956 1958
1960 1959 1958
1960 1958 1961
1961 1958 1957
1962 1960 1961
1963 1962 1961
1964 1961 1957
1963 1961 1964
1965 1963 1964
1964 1957 1966
1967 1965 1964
1968 1964 1966
1967 1964 1968
1968 1966 1969
1970 1967 1968
1970 1968 1971
1972 1970 1971
1972 1971 1973
1973 1969 1974
1973 1975 1972
1976 1973 1974
1973 1976 1975
1976 1974 1977
1975 1976 1978
1978 1976 1977
1975 1978 1979
1978 1980 1979
1978 1981 1980
1981 1978 1977
1981 1982 1980
1981 1983 1982
1983 1981 1977
1983 1984 1982
1985 1983 1977
1983 1985 1984
1985 1986 1984
1985 1977 1987
1985 1988 1986
1988 1985 1987
1988 1989 1986
1988 1990 1989
1990 1988 1987
1991 1989 1990
1992 1990 1987
1991 1990 1992
1992 1993 1991
1992 1987 1941
1992 1994 1993
1994 1992 1941
1994 1995 1993
1994 1996 1995
1996 1994 1941
1946 1995 1996
1997 1996 1941
1946 1996 1997
1945 1997 1941
1945 1946 1997
1998 1999 2000
1999 2001 2000
2002 2003 2004
2005 2002 2004
2005 2004 2006
2006 2007 2005
2006 2008 2007
2008 2009 2007
2008 2010 2009
2010 2011 2009
2010 2012 2011
2012 2013 2011
2012 2014 2013
2014 2015 2013
2014 2016 2015
2015 2016 2017
2015 2017 2018
2018 2017 2019
2018 2019 2020
2020 2019 2021
2020 2021 2022
2023 2022 2021
2023 2024 2022
2024 2023 2025
2024 2025 2026
2025 2027 2026
2025 2028 2027
2028 2029 2027
2028 2030 2029
2031 2029 2030
2031 2030 2032
2033 2031 2032
2034 2035 2036
2037 2035 2034
2037 2038 2035
2037 2039 2038
2037 2040 2039
2041 2039 2040
2041 2042 2039
2042 2041 2043
2042 2043 2044
2044 2043 2045
2044 2045 2046
2047 2046 2045
2048 2049 2050
2048 2051 2049
2052 2051 2048
2051 2053 2049
2052 2048 2054
2051 2055 2053
2055 2051 2052
2053 2055 2056
2053 2056 2057
2058 2057 2056
2058 2056 2059
2060 2056 2055
2060 2059 2056
2055 2052 2060
2061 2059 2060
2062 2061 2060
2052 2062 2060
2063 2061 2062
2063 2062 2064
2064 2065 2063
2066 2065 2064
2066 2067 2065
2068 2067 2066
2068 2069 2067
2070 2066 2064
2070 2068 2066
2071 2069 2068
2071 2072 2069
2073 2071 2068
2073 2068 2070
2070 2074 2073
2070 2064 2075
2070 2075 2074
2062 2075 2064
2076 2074 2075
2062 2077 2075
2076 2075 2077
2052 2077 2062
2078 2076 2077
2052 2079 2077
2078 2077 2079
2079 2052 2054
2054 2078 2079
2054 2080 2078
2081 2082 2083
2084 2083 2082
2084 2082 2085
2084 2085 2086
2084 2086 2087
2087 2086 2088
2086 2089 2088
2086 2090 2089
2085 2090 2086
2090 2091 2089
2090 2092 2091
2082 2093 2085
2085 2093 2090
2093 2082 2094
2090 2095 2092
2090 2093 2095
2095 2093 2094
2095 2096 2092
2095 2094 2097
2095 2098 2096
2097 2098 2095
2099 2096 2098
2100 2098 2097
2099 2098 2100
2100 2097 2101
2102 2099 2100
2101 2103 2100
2102 2100 2103
2104 2105 2106
2104 2106 2107
2108 2109 2110
2111 2108 2110
2112 2111 2110
2111 2112 2113
2111 2113 2114
2115 2108 2111
2111 2114 2116
2117 2116 2114
2117 2118 2116
2118 2117 2119
2111 2116 2120
2120 2116 2118
2115 2111 2121
2121 2111 2120
2122 2118 2119
2123 2122 2119
2124 2122 2123
2125 2115 2121
2125 2126 2115
2125 2127 2126
2128 2125 2121
2128 2121 2120
2120 2118 2129
2122 2129 2118
2124 2130 2122
2124 2131 2130
2125 2132 2127
2128 2132 2125
2127 2132 2133
2127 2133 2134
2120 2135 2128
2120 2129 2135
2122 2136 2129
2136 2122 2130
2128 2137 2132
2135 2137 2128
2134 2133 2138
2134 2138 2139
2140 2138 2133
2141 2140 2133
2133 2142 2141
2143 2133 2132
2133 2143 2142
2143 2132 2137
2143 2144 2142
2143 2145 2144
2137 2145 2143
2146 2144 2145
2135 2147 2137
2137 2147 2145
2146 2145 2148
2147 2148 2145
2149 2146 2148
2148 2150 2149
2148 2151 2150
2150 2151 2131
2147 2152 2148
2153 2147 2135
2153 2152 2147
2153 2135 2129
2153 2129 2136
2154 2131 2151
2130 2131 2154
2154 2151 2155
2156 2152 2153
2136 2156 2153
2156 2155 2152
2136 2130 2157
2157 2130 2154
2136 2157 2156
2158 2155 2156
2154 2155 2158
2157 2158 2156
2157 2154 2158
2159 2160 2161
2161 2162 2159
2161 2163 2162
2164 2162 2163
2164 2163 2165
2166 2164 2165
2166 2165 2167
2167 2168 2166
2167 2169 2168
2169 2170 2168
2169 2171 2170
2171 2172 2170
2171 2173 2172
2173 2174 2172
2173 2175 2174
2175 2176 2174
2175 2177 2176
2177 2178 2176
2177 2179 2178
2179 2180 2178
2179 2181 2180
2181 2182 2180
2181 2183 2182
2183 2184 2182
2183 2185 2184
2184 2185 2186
2184 2186 2187
2188 2187 2186
2188 2189 2187
2190 2189 2188
2190 2188 2191
2191 2192 2190
2193 2192 2191
2194 2192 2193
2195 2192 2194
2196 2195 2194
2197 2195 2196
2197 2198 2195
2198 2192 2195
2198 2190 2192
2199 2190 2198
2199 2200 2190
2190 2200 2201
2190 2201 2202
2203 2202 2201
2203 2204 2202
2205 2204 2203
2205 2206 2204
2207 2206 2205
2207 2208 2206
2208 2207 2209
2208 2209 2210
2210 2209 2211
2210 2211 2212
2212 2211 2213
2212 2213 2214
2215 2214 2213
2215 2216 2214
2217 2216 2215
2217 2218 2216
2218 2217 2219
2218 2219 2220
2219 2221 2220
2219 2222 2221
2222 2223 2221
2222 2224 2223
2224 2225 2223
2224 2226 2225
2227 2225 2226
2227 2228 2225
2228 2227 2229
2228 2229 2230
2229 2231 2230
2232 2233 2234
2235 2233 2232
2236 2237 2238
2236 2239 2237
2239 2240 2237
2239 2236 2241
2239 2242 2240
2239 2241 2243
2243 2242 2239
2243 2241 2244
2243 2245 2242
2243 2244 2246
2245 2243 2246
2247 2246 2244
2245 2246 2248
2247 2249 2246
2248 2246 2249
2248 2249 2250
2251 2250 2249
2249 2247 2252
2249 2252 2253
2252 2254 2253
2255 2256 2257
2255 2257 2258
2259 2260 2261
2261 2260 2262
2263 2261 2262
2263 2262 2264
2263 2264 2265
2263 2265 2266
2264 2262 2267
2267 2262 2268
2267 2268 2269
2266 2265 2270
2266 2270 2271
2272 2271 2270
2272 2273 2271
2274 2273 2272
2274 2272 2275
2275 2272 2276
2276 2272 2270
2275 2276 2277
2278 2270 2265
2276 2270 2278
2277 2276 2279
2278 2279 2276
2277 2279 2280
2278 2265 2281
2264 2281 2265
2282 2279 2278
2282 2278 2281
2280 2279 2283
2283 2279 2282
2280 2283 2284
2284 2283 2285
2285 2283 2282
2284 2285 2286
2285 2287 2286
2264 2288 2281
2264 2267 2288
2282 2281 2289
2288 2289 2281
2285 2282 2290
2290 2282 2289
2285 2291 2287
2290 2291 2285
2292 2287 2291
2267 2293 2288
2288 2293 2289
2290 2289 2294
2293 2294 2289
2290 2295 2291
2295 2290 2294
2292 2291 2296
2296 2291 2295
2292 2296 2297
2292 2297 2298
2297 2299 2298
2296 2295 2300
2297 2296 2300
2297 2301 2299
2300 2301 2297
2301 2302 2299
2301 2303 2302
2304 2303 2301
2295 2294 2305
2300 2295 2305
2304 2301 2306
2300 2306 2301
2304 2306 2307
2304 2307 2308
2306 2300 2309
2300 2305 2309
2306 2309 2307
2310 2305 2294
2293 2310 2294
2311 2308 2307
2311 2312 2308
2311 2313 2312
2314 2309 2305
2310 2314 2305
2315 2307 2309
2315 2311 2307
2314 2315 2309
2311 2316 2313
2315 2316 2311
2314 2317 2315
2315 2317 2316
2310 2318 2314
2314 2318 2317
2293 2319 2310
2310 2319 2318
2320 2313 2316
2320 2321 2313
2322 2321 2320
2323 2316 2317
2318 2323 2317
2323 2320 2316
2322 2320 2324
2325 2322 2324
2320 2323 2326
2320 2326 2324
2318 2327 2323
2326 2323 2327
2325 2324 2328
2328 2329 2325
2318 2319 2330
2318 2330 2327
2324 2326 2331
2324 2331 2328
2328 2332 2329
2333 2328 2331
2333 2332 2328
2334 2333 2331
2326 2335 2331
2334 2331 2335
2326 2327 2336
2326 2336 2335
2327 2330 2337
2327 2337 2336
2336 2338 2335
2338 2334 2335
2336 2337 2338
2339 2330 2319
2337 2330 2339
2329 2332 2340
2329 2340 2341
2342 2332 2333
2342 2333 2334
2342 2340 2332
2341 2340 2343
2341 2343 2344
2339 2319 2345
2293 2345 2319
2267 2345 2293
2269 2345 2267
2269 2339 2345
2339 2269 2346
2339 2346 2347
2337 2339 2347
2347 2346 2348
2349 2348 2346
2337 2347 2350
2347 2348 2350
2337 2350 2338
2344 2343 2351
2344 2351 2352
2352 2351 2353
2352 2353 2354
2353 2355 2354
2356 2351 2343
2356 2353 2351
2353 2357 2355
2358 2355 2357
2359 2357 2353
2359 2358 2357
2359 2353 2360
2356 2360 2353
2359 2361 2358
2360 2361 2359
2362 2358 2361
2362 2363 2358
2360 2364 2361
2356 2364 2360
2364 2362 2361
2356 2343 2365
2340 2365 2343
2340 2342 2365
2366 2356 2365
2356 2366 2364
2342 2367 2365
2366 2365 2367
2342 2368 2367
2342 2334 2368
2366 2367 2369
2369 2367 2368
2370 2364 2366
2366 2369 2370
2364 2371 2362
2370 2371 2364
2372 2362 2371
2372 2371 2370
2372 2363 2362
2334 2373 2368
2369 2368 2373
2374 2370 2369
2374 2369 2373
2334 2375 2373
2338 2375 2334
2376 2373 2375
2374 2373 2376
2377 2375 2338
2376 2375 2377
2377 2338 2350
2378 2376 2377
2378 2374 2376
2379 2377 2350
2378 2377 2379
2379 2380 2378
2379 2350 2348
2348 2381 2379
2379 2381 2380
2348 2349 2381
2374 2382 2370
2372 2370 2382
2378 2383 2374
2382 2374 2383
2380 2383 2378
2384 2381 2349
2380 2381 2384
2384 2349 2385
2349 2386 2385
2380 2384 2387
2388 2380 2387
2388 2389 2380
2380 2389 2383
2389 2388 2390
2382 2383 2391
2391 2383 2389
2391 2372 2382
2389 2390 2392
2391 2389 2392
2393 2392 2390
2393 2394 2392
2391 2392 2394
2394 2393 2395
2391 2396 2372
2391 2394 2396
2396 2363 2372
2394 2395 2397
2397 2396 2394
2398 2397 2395
2399 2398 2363
2396 2399 2363
2399 2397 2398
2397 2399 2396
2400 2401 2402
2403 2401 2400
2403 2404 2401
2400 2405 2403
2400 2406 2405
2407 2406 2400
2407 2400 2408
2409 2403 2405
2408 2410 2407
2408 2401 2411
2409 2412 2403
2412 2404 2403
2413 2412 2409
2408 2414 2410
2408 2411 2414
2410 2414 2415
2416 2404 2412
2413 2416 2412
2416 2417 2404
2416 2413 2418
2414 2411 2419
2419 2415 2414
2419 2411 2420
2419 2421 2415
2422 2417 2416
2418 2422 2416
2422 2423 2417
2424 2422 2418
2419 2420 2425
2421 2419 2425
2421 2425 2426
2425 2427 2426
2425 2420 2428
2422 2429 2423
2429 2422 2424
2429 2424 2430
2429 2431 2423
2425 2432 2427
2425 2428 2432
2432 2433 2427
2430 2434 2429
2434 2431 2429
2430 2435 2434
2436 2434 2435
2437 2431 2434
2436 2437 2434
2438 2437 2436
2437 2439 2431
2440 2437 2438
2441 2439 2437
2440 2441 2437
2442 2441 2440
2443 2441 2442
2441 2444 2439
2443 2445 2441
2445 2444 2441
2446 2445 2443
2447 2445 2446
2447 2448 2445
2448 2444 2445
2449 2448 2447
2450 2448 2449
2451 2444 2448
2450 2451 2448
2452 2451 2450
2451 2453 2444
2454 2451 2452
2455 2453 2451
2454 2455 2451
2455 2456 2453
2457 2455 2454
2457 2458 2455
2459 2458 2457
2459 2460 2458
2460 2461 2456
2460 2459 2462
2463 2461 2460
2460 2462 2463
2463 2464 2461
2462 2465 2463
2465 2464 2463
2462 2466 2465
2465 2466 2467
2465 2467 2468
2468 2464 2465
2468 2467 2469
2468 2469 2470
2470 2464 2468
2470 2469 2471
2472 2464 2470
2470 2471 2472
2472 2471 2473
2472 2474 2464
2472 2473 2475
2475 2474 2472
2475 2473 2476
2475 2476 2477
2477 2474 2475
2478 2477 2476
2479 2474 2477
2478 2479 2477
2479 2478 2480
2479 2428 2474
2479 2480 2481
2481 2428 2479
2481 2480 2482
2481 2482 2483
2483 2428 2481
2433 2483 2482
2484 2428 2483
2433 2484 2483
2432 2428 2484
2432 2484 2433
2485 2486 2487
2487 2486 2488
2489 2490 2491
2492 2490 2489
2492 2493 2490
2493 2492 2494
2493 2494 2495
2495 2494 2496
2495 2496 2497
2497 2496 2498
2497 2498 2499
2499 2498 2500
2499 2500 2501
2501 2500 2502
2501 2502 2503
2502 2504 2503
2502 2505 2504
2505 2506 2504
2505 2507 2506
2507 2508 2506
2507 2509 2508
2510 2508 2509
2510 2509 2511
2511 2512 2510
2511 2513 2512
2512 2513 2514
2512 2514 2515
2515 2514 2516
2515 2516 2517
2518 2517 2516
2518 2519 2517
2520 2519 2518
2521 2522 2523
2524 2521 2523
2524 2523 2525
2524 2525 2526
2524 2526 2527
2528 2527 2526
2528 2526 2529
2529 2530 2528
2529 2531 2530
2531 2532 2530
2531 2533 2532
2534 2532 2533
2535 2536 2537
2535 2537 2538
2539 2535 2538
2538 2537 2540
2539 2541 2535
2538 2540 2542
2542 2539 2538
2540 2543 2542
2540 2544 2543
2545 2543 2544
2545 2546 2543
2547 2542 2543
2547 2543 2546
2542 2547 2539
2548 2547 2546
2549 2547 2548
2539 2547 2549
2550 2549 2548
2550 2551 2549
2551 2550 2552
2553 2551 2552
2553 2552 2554
2555 2553 2554
2555 2554 2556
2557 2551 2553
2557 2553 2555
2558 2555 2556
2558 2556 2559
2560 2555 2558
2560 2557 2555
2557 2560 2561
2557 2562 2551
2557 2561 2562
2549 2551 2562
2563 2562 2561
2549 2562 2564
2563 2564 2562
2539 2549 2564
2565 2564 2563
2539 2564 2566
2565 2566 2564
2566 2541 2539
2541 2566 2565
2541 2565 2567
2568 2569 2570
2571 2570 2569
2571 2572 2570
2571 2573 2572
2571 2574 2573
2574 2575 2573
2573 2575 2576
2573 2576 2577
2572 2573 2577
2577 2576 2578
2577 2578 2579
2570 2572 2580
2572 2577 2580
2580 2581 2570
2577 2579 2582
2577 2582 2580
2582 2581 2580
2582 2579 2583
2582 2584 2581
2582 2583 2585
2584 2582 2585
2586 2585 2583
2587 2584 2585
2586 2587 2585
2587 2588 2584
2589 2587 2586
2588 2587 2590
2589 2590 2587
2591 2592 2593
2591 2593 2594
2595 2596 2597
2598 2596 2595
2599 2596 2598
2598 2600 2599
2598 2601 2600
2602 2598 2595
2598 2603 2601
2604 2601 2603
2604 2603 2605
2605 2606 2604
2598 2607 2603
2607 2605 2603
2602 2608 2598
2608 2607 2598
2609 2606 2605
2610 2606 2609
2611 2610 2609
2612 2608 2602
2612 2602 2613
2612 2613 2614
2615 2608 2612
2615 2607 2608
2607 2616 2605
2609 2605 2616
2611 2609 2617
2611 2617 2618
2612 2614 2619
2615 2612 2619
2614 2620 2619
2614 2621 2620
2607 2615 2622
2607 2622 2616
2609 2616 2623
2623 2617 2609
2615 2619 2624
2622 2615 2624
2621 2625 2620
2621 2626 2625
2627 2620 2625
2628 2620 2627
2620 2628 2629
2630 2619 2620
2620 2629 2630
2630 2624 2619
2630 2629 2631
2630 2631 2632
2624 2630 2632
2633 2632 2631
2622 2624 2634
2624 2632 2634
2633 2635 2632
2634 2632 2635
2636 2635 2633
2635 2636 2637
2635 2637 2638
2637 2618 2638
2634 2635 2639
2640 2622 2634
2640 2634 2639
2640 2616 2622
2640 2623 2616
2641 2638 2618
2617 2641 2618
2641 2642 2638
2643 2640 2639
2623 2640 2643
2643 2639 2642
2623 2644 2617
2644 2641 2617
2623 2643 2644
2645 2643 2642
2641 2645 2642
2644 2643 2645
2644 2645 2641
2646 2647 2648
2647 2646 2649
2647 2649 2650
2651 2650 2649
2651 2652 2650
2653 2652 2651
2653 2654 2652
2654 2653 2655
2654 2655 2656
2656 2655 2657
2656 2657 2658
2658 2657 2659
2658 2659 2660
2660 2659 2661
2660 2661 2662
2662 2661 2663
2662 2663 2664
2664 2663 2665
2664 2665 2666
2666 2665 2667
2666 2667 2668
2668 2667 2669
2668 2669 2670
2670 2669 2671
2670 2671 2672
2671 2673 2672
2671 2674 2673
2675 2673 2674
2675 2674 2676
2677 2675 2676
2677 2678 2675
2678 2677 2679
2680 2678 2679
2681 2680 2679
2682 2681 2679
2683 2681 2682
2684 2683 2682
2684 2682 2685
2685 2682 2679
2685 2679 2677
2686 2685 2677
2686 2677 2687
2677 2688 2687
2677 2689 2688
2690 2688 2689
2690 2689 2691
2692 2690 2691
2692 2691 2693
2694 2692 2693
2694 2693 2695
2695 2696 2694
2695 2697 2696
2697 2698 2696
2697 2699 2698
2699 2700 2698
2699 2701 2700
2702 2700 2701
2702 2701 2703
2704 2702 2703
2704 2703 2705
2705 2706 2704
2705 2707 2706
2706 2707 2708
2706 2708 2709
2709 2708 2710
2709 2710 2711
2711 2710 2712
2711 2712 2713
2714 2713 2712
2714 2712 2715
2715 2716 2714
2715 2717 2716
2716 2717 2718
2719 2720 2721
2722 2719 2721
2723 2724 2725
2723 2725 2726
2726 2725 2727
2726 2728 2723
2726 2727 2729
2726 2730 2728
2730 2726 2729
2730 2731 2728
2730 2729 2732
2730 2733 2731
2732 2733 2730
2734 2731 2733
2732 2735 2733
2734 2733 2736
2735 2736 2733
2735 2737 2736
2736 2738 2734
2739 2736 2737
2736 2739 2738
2738 2739 2740
2741 2742 2743
2741 2743 2744
2745 2746 2747
2745 2748 2746
2749 2746 2748
2749 2748 2750
2750 2751 2749
2750 2752 2751
2752 2753 2751
2752 2754 2753
2755 2753 2754
2755 2756 2753
2757 2756 2755
2757 2755 2758
2758 2759 2757
2758 2760 2759
2752 2761 2754
2752 2762 2761
2763 2755 2754
2763 2754 2761
2764 2755 2763
2764 2765 2755
2766 2760 2765
2766 2765 2767
2768 2766 2767
2763 2768 2767
2768 2769 2766
2763 2770 2768
2761 2770 2763
2761 2771 2770
2771 2761 2772
2773 2772 2752
2773 2774 2772
2771 2772 2775
2776 2775 2772
2777 2776 2773
2777 2778 2776
2776 2779 2775
2779 2776 2780
2745 2780 2777
2745 2781 2780
2779 2780 2782
2782 2780 2783
2782 2783 2784
2785 2786 2787
2785 2788 2786
2789 2788 2785
2790 2786 2788
2789 2791 2788
2792 2791 2789
2792 2793 2791
2790 2788 2794
2794 2788 2791
2795 2790 2794
2796 2791 2793
2794 2791 2796
2796 2793 2797
2798 2796 2797
2795 2794 2799
2799 2794 2796
2800 2795 2799
2798 2801 2796
2799 2796 2801
2802 2801 2798
2800 2799 2803
2803 2799 2801
2803 2804 2800
2802 2805 2801
2803 2801 2805
2806 2805 2802
2803 2807 2804
2805 2807 2803
2807 2808 2804
2806 2809 2805
2805 2809 2807
2810 2809 2806
2807 2811 2808
2811 2807 2809
2810 2812 2809
2811 2809 2812
2812 2810 2813
2812 2813 2814
2815 2812 2814
2815 2811 2812
2808 2811 2815
2808 2815 2816
2817 2818 2819
2817 2820 2818
2820 2817 2821
2820 2821 2822
2821 2823 2822
2821 2824 2823
2825 2824 2821
2825 2826 2824
2827 2823 2824
2827 2828 2826
2827 2829 2823
2827 2826 2830
2831 2829 2827
2831 2832 2829
2831 2833 2830
2832 2831 2834
2832 2834 2835
2831 2830 2836
2834 2831 2836
2837 2835 2834
2837 2838 2835
2837 2834 2839
2834 2836 2839
2837 2839 2840
2841 2840 2839
2841 2842 2840
2843 2841 2839
2843 2839 2836
2836 2844 2843
2836 2830 2844
2845 2844 2830
2845 2830 2846
2846 2847 2845
2846 2848 2847
2848 2849 2847
2848 2850 2849
2849 2850 2851
2849 2851 2852
2851 2850 2817
2851 2817 2853
2850 2854 2817
2850 2825 2854
2855 2856 2857
2855 2857 2858
2859 2855 2858
2860 2858 2857
2859 2858 2861
2862 2859 2861
2862 2861 2863
2860 2864 2858
2864 2861 2858
2865 2864 2860
2866 2863 2861
2864 2866 2861
2866 2867 2863
2868 2867 2866
2865 2869 2864
2869 2866 2864
2870 2869 2865
2868 2866 2871
2869 2871 2866
2872 2868 2871
2870 2873 2869
2873 2871 2869
2873 2870 2874
2872 2871 2875
2873 2875 2871
2876 2872 2875
2873 2874 2877
2875 2873 2877
2877 2874 2878
2876 2875 2879
2875 2877 2879
2880 2876 2879
2877 2878 2881
2881 2879 2877
2880 2879 2882
2881 2882 2879
2882 2883 2880
2882 2884 2883
2885 2884 2882
2885 2882 2881
2878 2885 2881
2878 2886 2885
2887 2888 2889
2887 2889 2890
2890 2889 2891
2892 2887 2890
2892 2893 2887
2890 2891 2894
2894 2892 2890
2895 2893 2892
2895 2896 2893
2897 2896 2895
2892 2898 2895
2898 2897 2895
2899 2894 2891
2899 2891 2900
2901 2899 2900
2901 2902 2899
2902 2903 2899
2894 2899 2903
2902 2904 2903
2894 2905 2892
2892 2905 2898
2894 2903 2905
2898 2905 2903
2906 2897 2898
2898 2903 2906
2906 2903 2904
2907 2897 2906
2906 2904 2907
2908 2909 2910
2910 2911 2908
2910 2912 2911
2913 2911 2912
2913 2914 2911
2913 2915 2914
2913 2916 2915
2915 2916 2917
2915 2917 2918
2919 2918 2917
2919 2920 2918
2921 2920 2919
2921 2919 2922
2923 2921 2922
2923 2922 2924
2925 2923 2924
2925 2924 2926
2925 2926 2927
2925 2927 2928
2929 2928 2927
2929 2927 2930
2931 2929 2930
2931 2932 2929
2933 2932 2931
2934 2935 2936
2934 2937 2935
2937 2938 2935
2939 2937 2934
2939 2934 2940
2937 2941 2938
2941 2937 2939
2942 2939 2940
2942 2940 2943
2944 2942 2943
2939 2942 2945
2945 2942 2944
2946 2938 2941
2946 2947 2938
2948 2947 2946
2948 2946 2949
2949 2946 2950
2941 2950 2946
2949 2950 2951
2941 2939 2952
2939 2945 2952
2941 2952 2950
2945 2950 2952
2953 2945 2944
2945 2953 2950
2953 2951 2950
2954 2953 2944
2953 2954 2951
2955 2956 2957
2956 2955 2958
2956 2958 2959
2960 2959 2958
2960 2958 2961
2960 2961 2962
2960 2962 2963
2962 2964 2963
2962 2965 2964
2966 2964 2965
2966 2965 2967
2968 2966 2967
2968 2969 2966
2970 2969 2968
2970 2971 2969
2972 2971 2970
2972 2973 2971
2972 2974 2973
2972 2975 2974
2976 2974 2975
2976 2977 2974
2978 2977 2976
2978 2976 2979
2980 2978 2979
2981 2982 2983
2981 2983 2984
2981 2985 2982
2981 2984 2986
2985 2981 2986
2987 2982 2985
2987 2988 2982
2984 2989 2986
2984 2990 2989
2991 2989 2990
2991 2990 2992
2993 2991 2992
2986 2989 2994
2994 2989 2991
2985 2986 2995
2986 2994 2995
2996 2985 2995
2996 2987 2985
2994 2996 2995
2987 2997 2988
2987 2996 2997
2993 2998 2991
2999 2998 2993
3000 2998 2999
2999 3001 3000
3000 3001 3002
2991 2998 3003
3003 2998 3000
3000 3002 3004
3003 3000 3004
3004 3002 3005
2994 2991 3006
2991 3003 3006
2994 3007 2996
3007 2994 3006
3008 3003 3004
3006 3003 3008
3004 3005 3009
3008 3004 3009
3006 3008 3010
3007 3006 3010
2996 3007 3011
2996 3011 2997
3009 3005 3012
3012 3005 3013
3012 3013 3014
3015 3008 3009
3010 3008 3015
3015 3009 3012
3007 3010 3016
3007 3016 3011
3010 3015 3016
3012 3014 3017
3015 3012 3017
3018 3017 3014
3016 3015 3019
3015 3017 3019
3018 3020 3017
3020 3019 3017
3020 3018 3021
3011 3016 3022
3016 3019 3022
3020 3021 3023
3024 3023 3021
3020 3025 3019
3025 3020 3023
3022 3019 3025
3024 3026 3023
3025 3023 3026
3024 3027 3026
3028 3026 3027
3011 3022 3029
3029 2997 3011
3022 3025 3030
3026 3030 3025
3030 3029 3022
3028 3031 3026
3026 3031 3030
3029 3032 2997
3032 2988 2997
3030 3033 3029
3031 3033 3030
3032 3029 3033
3028 3034 3031
3031 3034 3033
3028 3035 3034
3032 3036 2988
3036 3037 2988
3032 3033 3038
3034 3038 3033
3036 3032 3038
3039 3034 3035
3034 3039 3038
3039 3035 3040
3041 3039 3040
3036 3038 3042
3036 3042 3037
3039 3042 3038
3043 3041 3037
3041 3043 3039
3043 3037 3042
3039 3043 3042
3044 3045 3046
3044 3047 3045
3044 3046 3048
3044 3049 3047
3048 3049 3044
3050 3048 3046
3050 3046 3051
3047 3049 3052
3047 3052 3053
3054 3053 3052
3054 3055 3053
3056 3055 3054
3049 3057 3052
3057 3054 3052
3048 3058 3049
3049 3058 3057
3059 3058 3048
3059 3048 3050
3057 3058 3059
3050 3051 3060
3050 3060 3059
3056 3054 3061
3062 3056 3061
3063 3062 3061
3062 3063 3064
3063 3065 3064
3054 3066 3061
3066 3063 3061
3063 3067 3065
3066 3067 3063
3067 3068 3065
3057 3069 3054
3054 3069 3066
3057 3059 3070
3070 3069 3057
3071 3067 3066
3069 3071 3066
3067 3072 3068
3071 3072 3067
3069 3073 3071
3070 3073 3069
3059 3074 3070
3059 3060 3074
3072 3075 3068
3075 3076 3068
3075 3077 3076
3078 3072 3071
3073 3078 3071
3078 3075 3072
3070 3079 3073
3070 3074 3079
3073 3079 3078
3075 3080 3077
3078 3080 3075
3081 3077 3080
3079 3082 3078
3078 3082 3080
3081 3080 3083
3083 3080 3082
3083 3084 3081
3074 3085 3079
3079 3085 3082
3083 3086 3084
3087 3084 3086
3083 3082 3088
3088 3086 3083
3085 3088 3082
3087 3086 3089
3088 3089 3086
3087 3089 3090
3091 3090 3089
3074 3092 3085
3092 3074 3060
3085 3093 3088
3089 3088 3093
3093 3085 3092
3091 3089 3094
3089 3093 3094
3092 3060 3095
3095 3060 3051
3093 3092 3096
3094 3093 3096
3095 3096 3092
3091 3094 3097
3094 3096 3097
3091 3097 3098
3095 3051 3099
3099 3051 3100
3095 3101 3096
3097 3096 3101
3099 3101 3095
3102 3098 3097
3097 3101 3102
3102 3103 3098
3104 3103 3102
3099 3105 3101
3099 3100 3105
3102 3101 3105
3106 3100 3104
3104 3102 3106
3106 3105 3100
3102 3105 3106
3107 3108 3109
3110 3108 3107
3107 3109 3111
3111 3109 3112
3110 3107 3113
3114 3110 3113
3115 3107 3111
3113 3107 3115
3111 3112 3116
3117 3116 3112
3115 3111 3118
3116 3118 3111
3117 3119 3116
3119 3117 3120
3114 3113 3121
3122 3114 3121
3113 3115 3123
3123 3115 3118
3116 3124 3118
3119 3124 3116
3119 3120 3125
3125 3120 3126
3122 3121 3127
3128 3122 3127
3113 3129 3121
3113 3123 3129
3129 3127 3121
3123 3118 3130
3130 3118 3124
3123 3131 3129
3129 3131 3127
3123 3130 3131
3128 3127 3132
3131 3132 3127
3132 3133 3128
3134 3131 3130
3131 3134 3132
3132 3135 3133
3135 3132 3134
3136 3133 3135
3130 3124 3137
3134 3130 3137
3135 3134 3138
3137 3138 3134
3136 3135 3139
3139 3135 3138
3137 3124 3140
3119 3140 3124
3140 3119 3125
3137 3141 3138
3137 3140 3141
3136 3139 3142
3136 3142 3143
3139 3138 3144
3144 3138 3141
3141 3140 3145
3140 3125 3145
3146 3139 3144
3146 3142 3139
3144 3141 3147
3141 3145 3147
3146 3144 3147
3143 3142 3148
3143 3148 3149
3150 3142 3146
3146 3147 3150
3150 3148 3142
3147 3145 3151
3151 3145 3125
3147 3151 3150
3149 3148 3152
3152 3148 3150
3152 3150 3151
3151 3125 3152
3149 3152 3126
3125 3126 3152
3153 3154 3155
3153 3155 3156
3153 3157 3154
3157 3158 3154
3153 3156 3159
3160 3159 3156
3157 3161 3158
3162 3158 3161
3160 3163 3159
3164 3163 3160
3162 3161 3165
3165 3166 3162
3165 3167 3166
3168 3166 3167
3169 3165 3161
3167 3165 3169
3170 3161 3157
3169 3161 3170
3153 3171 3157
3170 3157 3171
3159 3172 3153
3153 3172 3171
3170 3171 3173
3169 3170 3173
3171 3172 3173
3174 3169 3173
3167 3169 3174
3172 3175 3173
3159 3175 3172
3175 3159 3163
3168 3167 3176
3176 3167 3174
3177 3168 3176
3176 3174 3178
3178 3174 3173
3177 3176 3179
3179 3176 3178
3180 3177 3179
3179 3178 3181
3181 3178 3173
3180 3179 3182
3181 3182 3179
3183 3180 3182
3181 3184 3182
3184 3181 3173
3183 3182 3185
3185 3182 3184
3186 3183 3185
3185 3184 3187
3187 3184 3173
3186 3185 3188
3188 3185 3187
3189 3186 3188
3190 3187 3173
3188 3187 3190
3189 3188 3191
3191 3188 3190
3192 3190 3173
3191 3190 3192
3193 3192 3173
3193 3191 3192
3194 3193 3173
3189 3191 3195
3193 3195 3191
3194 3195 3193
3189 3195 3196
3197 3196 3195
3194 3197 3195
3197 3198 3196
3199 3197 3194
3199 3194 3173
3200 3198 3197
3199 3200 3197
3200 3201 3198
3200 3199 3202
3202 3199 3173
3203 3201 3200
3200 3202 3203
3203 3204 3201
3205 3203 3202
3205 3202 3173
3206 3204 3203
3205 3206 3203
3206 3207 3204
3207 3206 3208
3205 3208 3206
3207 3208 3209
3205 3210 3208
3210 3205 3173
3209 3208 3211
3211 3208 3210
3209 3211 3164
3164 3211 3163
3211 3210 3212
3212 3210 3173
3163 3211 3212
3213 3212 3173
3163 3212 3213
3175 3213 3173
3175 3163 3213
3214 3215 3216
3216 3215 3217
3216 3217 3218
3219 3216 3218
3219 3218 3220
3220 3221 3219
3214 3216 3222
3219 3222 3216
3219 3221 3223
3219 3223 3222
3223 3221 3224
3224 3222 3223
3221 3225 3224
3224 3225 3226
3214 3222 3227
3224 3227 3222
3224 3226 3227
3214 3227 3228
3227 3226 3229
3227 3229 3228
3230 3231 3232
3230 3233 3231
3230 3232 3234
3234 3232 3235
3230 3236 3233
3237 3233 3236
3234 3235 3238
3239 3238 3235
3237 3236 3240
3241 3237 3240
3239 3242 3238
3242 3239 3243
3242 3243 3244
3245 3244 3243
3246 3238 3242
3244 3246 3242
3247 3234 3238
3246 3247 3238
3230 3234 3248
3247 3248 3234
3236 3230 3249
3230 3248 3249
3247 3250 3248
3246 3250 3247
3248 3250 3249
3251 3250 3246
3244 3251 3246
3249 3250 3252
3236 3249 3252
3252 3240 3236
3245 3253 3244
3253 3251 3244
3254 3253 3245
3253 3255 3251
3255 3250 3251
3254 3256 3253
3256 3255 3253
3257 3256 3254
3256 3258 3255
3258 3250 3255
3257 3259 3256
3258 3256 3259
3260 3259 3257
3258 3259 3261
3261 3250 3258
3260 3262 3259
3262 3261 3259
3263 3262 3260
3262 3264 3261
3264 3250 3261
3263 3265 3262
3265 3264 3262
3266 3265 3263
3267 3250 3264
3265 3267 3264
3266 3268 3265
3268 3267 3265
3269 3250 3267
3268 3269 3267
3270 3250 3269
3270 3269 3268
3271 3250 3270
3266 3272 3268
3270 3268 3272
3271 3270 3272
3266 3273 3272
3274 3272 3273
3271 3272 3274
3274 3273 3275
3276 3271 3274
3276 3250 3271
3277 3274 3275
3276 3274 3277
3277 3275 3278
3277 3279 3276
3279 3250 3276
3280 3277 3278
3277 3280 3279
3280 3278 3281
3282 3279 3280
3282 3250 3279
3283 3280 3281
3282 3280 3283
3283 3281 3284
3284 3285 3283
3282 3283 3285
3284 3286 3285
3282 3285 3287
3287 3250 3282
3286 3288 3285
3288 3287 3285
3286 3241 3288
3241 3240 3288
3288 3289 3287
3289 3250 3287
3240 3289 3288
3290 3250 3289
3240 3290 3289
3252 3250 3290
3252 3290 3240
3291 3292 3293
3292 3294 3293
3292 3295 3294
3296 3295 3292
3296 3297 3295
3297 3296 3298
3291 3299 3292
3296 3292 3299
3296 3300 3298
3296 3299 3300
3300 3301 3298
3301 3300 3299
3298 3301 3302
3301 3303 3302
3291 3304 3299
3301 3299 3304
3301 3304 3303
3291 3305 3304
3304 3306 3303
3304 3305 3306
3307 3308 3309
3310 3307 3309
3308 3311 3309
3312 3310 3309
3311 3313 3309
3314 3312 3309
3313 3315 3309
3316 3314 3309
3315 3317 3309
3318 3316 3309
3317 3319 3309
3320 3318 3309
3319 3321 3309
3322 3320 3309
3321 3323 3309
3324 3322 3309
3323 3325 3309
3326 3324 3309
3325 3327 3309
3327 3326 3309
3328 3329 3330
3331 3329 3328
3330 3329 3332
3333 3329 3331
3332 3329 3334
3335 3329 3333
3334 3329 3336
3337 3329 3335
3336 3329 3338
3339 3329 3337
3338 3329 3340
3341 3329 3339
3340 3329 3342
3343 3329 3341
3342 3329 3344
3345 3329 3343
3344 3329 3346
3347 3329 3345
3346 3329 3348
3348 3329 3347
3349 3350 3351
3352 3349 3351
3350 3353 3351
3354 3352 3351
3353 3355 3351
3356 3354 3351
3355 3357 3351
3358 3356 3351
3357 3359 3351
3360 3358 3351
3359 3361 3351
3362 3360 3351
3361 3363 3351
3364 3362 3351
3363 3364 3351
3365 3366 3367
3368 3366 3365
3367 3366 3369
3370 3366 3368
3369 3366 3371
3372 3366 3370
3371 3366 3373
3374 3366 3372
3373 3366 3375
3376 3366 3374
3375 3366 3377
3378 3366 3376
3377 3366 3379
3380 3366 3378
3379 3366 3380
3381 3382 3383
3384 3381 3383
3381 3385 3382
3385 3386 3382
3384 3387 3381
3388 3387 3384
3389 3385 3381
3387 3389 3381
3385 3390 3386
3391 3386 3390
3389 3392 3385
3390 3385 3392
3391 3390 3393
3393 3394 3391
3388 3395 3387
3396 3395 3388
3387 3397 3389
3397 3392 3389
3390 3392 3398
3393 3390 3398
3393 3399 3394
3399 3400 3394
3396 3401 3395
3402 3401 3396
3387 3395 3403
3387 3403 3397
3403 3395 3401
3397 3404 3392
3404 3398 3392
3397 3403 3405
3403 3401 3405
3397 3405 3404
3402 3406 3401
3405 3401 3406
3406 3402 3407
3408 3404 3405
3405 3406 3408
3406 3407 3409
3409 3408 3406
3410 3409 3407
3404 3411 3398
3408 3411 3404
3409 3412 3408
3411 3408 3412
3410 3413 3409
3413 3412 3409
3411 3414 3398
3393 3398 3414
3414 3399 3393
3411 3412 3415
3411 3415 3414
3410 3416 3413
3410 3417 3416
3413 3418 3412
3418 3415 3412
3415 3419 3414
3414 3419 3399
3420 3418 3413
3420 3413 3416
3418 3421 3415
3415 3421 3419
3420 3421 3418
3417 3422 3416
3417 3423 3422
3424 3420 3416
3420 3424 3421
3424 3416 3422
3421 3425 3419
3425 3399 3419
3421 3424 3425
3423 3426 3422
3426 3424 3422
3426 3425 3424
3425 3426 3399
3423 3400 3426
3399 3426 3400
