byte offset: 0
first index: 0
index count: 3531
topology: trianglelist
format: DXGI_FORMAT_R16_UINT

0 1 2
3 4 5
6 7 8
9 10 11
12 13 14
15 16 17
18 19 20
21 22 23
24 22 25
24 25 26
26 25 27
26 27 28
28 27 29
30 31 32
33 34 32
33 32 35
36 33 35
36 35 37
38 34 33
38 39 34
40 39 38
41 42 43
44 45 46
44 47 48
44 48 49
50 51 52
50 53 54
50 55 53
55 50 56
57 53 55
56 58 55
57 55 59
55 58 59
60 61 62
63 64 65
63 66 67
63 68 66
63 69 68
69 70 68
71 69 63
69 72 70
72 73 70
71 74 69
74 72 69
71 75 74
71 76 75
72 77 73
77 78 73
74 79 72
79 77 72
75 79 74
79 80 77
81 80 79
75 81 79
81 82 80
83 81 75
82 81 83
84 75 76
85 84 76
83 75 86
84 86 75
87 82 83
82 87 88
83 89 87
82 88 90
83 91 89
91 83 86
92 89 91
82 90 93
93 90 94
93 95 82
95 93 96
93 94 96
95 96 97
96 94 98
98 94 99
96 98 100
97 96 100
97 100 101
92 91 102
103 92 102
102 91 104
91 86 104
103 102 105
105 102 106
102 104 106
107 104 86
107 86 84
108 104 107
108 106 104
105 106 109
110 105 109
111 107 84
108 107 111
112 109 106
112 106 108
110 109 113
113 109 112
111 84 114
85 114 84
112 108 115
108 111 115
114 116 111
114 117 116
85 117 114
111 116 118
111 118 115
115 118 119
115 119 120
112 115 120
85 121 117
122 112 120
113 112 122
122 120 123
85 124 121
85 125 124
125 126 124
85 127 125
85 76 127
125 128 126
128 129 126
128 130 129
128 131 130
125 132 128
128 132 131
125 127 132
132 133 131
132 134 133
127 134 132
127 135 134
76 135 127
76 136 135
135 136 137
135 137 138
138 137 139
138 139 140
141 142 143
141 144 145
141 145 146
141 146 147
147 146 148
149 141 147
147 148 150
150 148 151
149 147 152
152 147 150
149 152 153
149 153 154
150 151 155
155 151 156
152 150 157
157 150 155
153 152 157
157 155 158
159 157 158
153 157 159
159 158 160
161 153 159
160 161 159
162 154 153
163 154 162
161 164 153
162 153 164
165 161 160
160 166 165
161 165 167
160 168 166
161 167 169
169 164 161
170 169 167
160 171 168
171 172 168
171 160 173
173 174 171
171 174 172
173 175 174
174 176 172
176 177 172
174 178 176
175 178 174
175 179 178
170 180 169
181 180 170
180 182 169
169 182 164
181 183 180
180 184 182
183 184 180
185 164 182
185 162 164
186 185 182
186 182 184
187 162 185
186 187 185
187 188 162
163 162 188
183 189 184
190 186 184
190 184 189
191 189 183
191 183 192
186 193 187
193 186 190
194 190 189
194 189 191
188 187 195
188 195 196
163 188 196
187 197 195
187 193 197
198 197 193
163 196 199
198 193 200
193 190 200
200 201 198
190 202 200
200 202 201
190 194 202
203 201 202
203 204 201
202 205 203
202 194 205
206 205 194
206 194 191
207 206 191
207 191 192
192 208 207
192 209 208
210 209 192
210 181 209
211 212 213
214 211 213
214 213 215
216 214 215
217 215 213
218 217 213
218 213 219
218 219 220
218 220 221
217 222 215
222 223 215
216 215 223
222 224 223
223 224 225
216 223 226
223 225 226
216 226 227
226 225 228
229 227 226
226 228 230
231 229 226
230 232 226
231 226 233
232 233 226
234 235 221
234 236 235
237 235 236
237 236 238
237 238 239
237 239 240
240 239 241
240 241 242
243 242 241
242 244 240
242 245 244
243 246 242
245 242 246
245 246 247
246 243 248
246 249 247
246 248 250
246 250 249
251 249 250
251 252 249
251 253 252
251 254 253
255 254 251
255 256 248
255 251 256
257 240 258
257 258 259
259 260 257
259 261 260
261 221 260
261 262 221
263 221 262
263 218 221
218 263 264
218 264 217
263 265 264
265 266 264
265 267 266
264 268 217
264 266 268
267 269 266
266 269 270
266 270 271
271 272 266
266 273 268
266 272 273
273 272 274
275 273 274
276 277 278
278 279 276
278 280 279
281 279 280
281 282 279
283 284 285
286 284 283
286 287 284
288 287 286
289 284 287
290 284 289
290 291 284
290 292 291
290 293 292
289 287 294
294 287 295
288 295 287
294 295 296
295 297 296
288 298 295
295 298 297
288 299 298
298 300 297
298 299 301
298 302 300
303 298 301
302 298 304
303 305 298
298 305 304
290 289 306
306 289 307
306 307 308
308 307 309
290 306 310
310 293 290
310 306 311
311 306 308
310 312 293
311 308 313
308 314 313
308 315 314
308 316 315
316 308 317
308 309 317
309 318 317
319 318 309
320 293 312
320 321 293
322 321 320
322 323 321
323 322 324
323 324 325
326 293 327
326 327 328
329 328 327
329 330 328
329 331 330
329 325 331
325 332 331
325 333 332
333 325 334
335 332 333
333 334 336
335 333 337
336 337 333
336 338 337
337 339 335
337 338 340
337 341 339
337 340 341
342 341 340
342 340 343
342 343 344
342 344 345
346 339 347
346 348 345
346 347 348
349 350 351
350 349 352
350 352 353
354 353 352
354 352 355
356 357 358
359 357 356
359 360 357
360 359 361
362 363 361
359 364 363
365 364 359
365 366 364
366 365 367
368 367 365
369 368 370
370 371 369
371 365 372
373 372 365
365 374 375
376 375 377
376 377 378
376 378 379
377 380 378
379 381 376
382 376 381
383 384 380
385 384 377
377 386 385
377 387 386
387 388 386
389 390 382
390 389 391
391 392 376
393 376 392
394 395 396
394 396 397
394 397 398
399 397 396
400 398 397
399 401 397
400 397 401
400 401 402
403 404 405
405 406 403
406 407 403
406 408 407
406 409 408
410 408 409
410 411 408
412 411 410
412 413 411
414 413 415
414 415 416
417 418 419
417 419 420
417 420 421
417 421 422
423 424 425
423 426 424
427 426 423
427 428 426
429 428 427
429 430 428
431 430 429
431 432 430
433 432 431
433 434 432
435 434 433
435 436 434
437 438 439
437 439 440
441 437 440
441 440 442
443 441 442
443 442 444
445 443 444
445 444 446
447 445 446
447 446 448
449 447 448
449 448 450
451 452 450
451 453 452
454 455 456
454 456 457
454 457 458
454 458 459
460 461 462
461 460 463
461 463 464
464 463 465
466 464 465
464 466 467
464 467 468
461 464 469
469 464 468
461 469 470
468 471 469
461 470 472
468 473 471
473 474 471
461 472 475
475 472 476
475 476 477
475 478 461
461 478 479
475 480 478
477 480 475
480 477 481
482 473 468
482 468 483
482 484 473
473 484 485
473 485 486
485 487 486
473 486 474
486 488 474
486 489 488
490 489 486
490 491 489
489 491 492
489 493 494
495 489 494
495 494 496
497 489 495
497 495 498
499 500 501
502 499 501
503 504 505
505 506 503
506 505 507
506 508 503
506 509 508
509 510 508
506 507 511
509 512 511
509 511 513
509 513 514
509 514 515
514 516 515
516 514 517
515 516 518
515 518 519
519 520 515
515 520 521
509 515 521
509 521 522
522 523 509
516 517 524
524 517 525
526 516 524
526 527 516
526 524 528
524 529 528
524 525 530
524 530 529
529 530 531
530 525 532
530 532 533
534 530 533
534 533 535
533 536 535
533 537 538
539 537 533
539 540 537
541 539 533
541 542 539
543 544 545
545 544 546
547 548 549
548 550 549
551 552 553
551 553 554
555 556 557
555 558 556
559 558 555
559 560 558
561 562 563
561 563 564
564 563 565
564 565 566
567 568 569
567 569 570
571 572 573
571 573 574
575 576 574
575 577 576
578 579 580
578 580 581
582 583 584
582 585 583
585 586 583
585 587 586
588 589 590
588 591 589
591 592 589
591 593 592
594 595 596
596 595 597
598 599 600
600 601 598
600 602 601
601 602 603
601 603 604
605 604 603
605 603 606
607 608 609
610 609 608
610 611 609
610 612 611
610 613 612
614 612 613
614 615 612
616 617 614
616 618 617
616 619 618
620 621 622
620 623 621
621 623 624
623 625 624
623 626 625
627 625 626
627 626 628
628 626 629
629 626 623
629 623 630
631 627 632
632 633 631
632 634 633
635 634 632
636 635 632
635 637 634
634 638 633
637 638 634
637 639 638
638 640 633
639 641 638
638 641 640
641 642 640
641 643 642
643 644 642
643 645 644
645 646 644
645 647 646
648 649 650
648 651 649
652 651 648
653 649 654
653 655 649
655 653 656
657 656 653
657 658 656
658 657 659
660 659 657
660 661 659
660 662 661
661 662 663
661 663 664
664 665 666
664 666 667
668 669 670
668 671 669
669 671 672
669 672 673
673 672 674
673 674 675
676 677 678
676 679 677
680 679 676
680 676 681
682 677 683
682 683 684
683 685 686
683 686 687
688 689 690
688 691 689
691 692 689
691 693 692
692 693 694
688 695 691
695 688 696
697 695 696
698 697 696
698 699 697
700 701 702
701 703 702
701 704 703
705 703 704
706 703 705
702 703 707
706 707 703
702 707 708
707 706 709
709 710 707
708 709 711
712 711 709
713 714 715
716 713 715
716 715 717
716 717 718
716 719 713
719 716 720
721 720 716
722 721 716
722 723 721
723 722 724
723 724 725
726 725 724
727 726 724
724 728 727
729 722 716
729 716 718
722 730 724
722 729 730
724 731 728
731 724 730
731 732 728
731 733 732
733 731 734
731 730 734
733 734 735
735 734 736
737 729 718
730 729 737
734 730 738
734 738 736
730 737 738
737 718 739
739 718 717
737 740 738
736 738 740
741 737 739
737 741 740
739 717 742
741 739 743
743 739 742
740 741 744
745 740 744
740 745 736
744 741 746
746 741 743
745 744 747
745 748 736
747 748 745
746 743 749
746 749 750
748 751 736
751 752 736
753 748 747
753 751 748
753 747 754
755 753 754
755 756 753
757 756 755
757 758 756
753 759 751
756 759 753
758 760 756
756 760 759
758 761 760
759 762 751
751 762 752
761 763 760
761 764 763
760 765 759
759 765 762
760 763 765
764 766 763
764 767 766
768 766 767
763 769 765
762 765 769
763 766 769
768 770 766
771 770 768
766 772 769
766 770 772
771 773 770
773 771 774
773 774 775
773 775 776
770 773 777
773 776 777
770 777 772
776 778 777
769 772 779
779 772 777
777 778 780
779 777 780
778 781 780
782 780 781
780 782 783
779 780 783
769 779 784
762 769 784
779 783 785
784 779 785
762 784 786
784 785 786
762 786 752
783 787 785
783 788 787
785 787 789
785 789 786
786 789 790
786 790 752
791 752 790
792 793 794
793 795 796
797 794 795
797 795 798
794 797 799
794 799 800
801 802 803
802 804 803
802 805 804
806 807 808
806 809 807
810 811 809
810 812 811
813 812 814
813 815 812
816 815 813
816 817 815
818 819 816
818 816 820
820 821 822
820 823 821
823 824 821
825 826 827
825 828 826
825 829 828
828 829 830
828 830 831
832 833 834
835 832 834
835 834 836
834 837 836
838 835 836
838 836 839
837 839 836
840 838 839
840 841 838
842 841 840
843 842 840
837 844 839
844 840 839
840 845 843
845 846 843
846 845 847
844 848 840
848 845 840
845 849 847
849 850 847
849 851 850
849 852 851
853 849 845
848 853 845
852 849 854
853 854 849
852 854 855
855 854 856
854 853 857
854 857 856
858 853 848
858 857 853
848 844 859
848 859 858
860 857 858
860 858 859
856 857 861
860 861 857
844 862 859
844 837 862
856 861 863
864 856 863
865 864 863
864 866 856
867 863 861
868 861 860
868 867 861
865 863 869
867 869 863
869 867 870
870 865 869
871 867 868
871 870 867
860 859 872
873 868 860
873 860 872
874 872 859
873 872 874
874 859 862
875 871 868
875 868 873
862 876 874
877 873 874
877 874 876
862 878 876
837 878 862
879 875 873
879 873 877
880 877 876
880 876 878
881 879 877
880 881 877
882 871 875
883 871 882
883 870 871
884 875 879
881 885 879
885 884 879
882 875 886
884 886 875
887 882 886
888 886 884
888 887 886
887 889 882
883 882 889
885 890 884
888 884 890
891 889 887
888 891 887
883 889 892
893 883 892
893 894 883
895 894 893
894 870 883
895 896 894
894 896 870
750 896 895
870 896 865
750 749 896
865 896 749
888 897 891
891 897 898
891 899 889
899 900 889
891 898 901
901 899 891
901 898 902
901 902 903
901 904 899
903 904 901
904 900 899
903 905 904
904 905 906
904 906 907
907 900 904
907 906 908
900 907 909
907 910 909
900 909 911
910 911 909
910 912 911
910 913 912
907 908 914
907 914 910
915 914 908
915 910 914
915 908 916
910 917 913
915 917 910
918 915 916
918 917 915
918 916 919
920 918 919
921 913 917
918 921 917
921 922 913
922 921 923
924 921 918
920 924 918
924 923 921
924 920 925
923 924 925
920 926 925
923 925 927
926 928 925
925 929 927
925 928 929
930 931 932
933 930 932
934 930 933
933 932 935
934 936 930
933 935 937
837 936 934
937 938 933
938 934 933
937 939 938
837 934 940
934 941 940
837 940 878
941 878 940
942 938 939
942 939 943
942 943 944
942 944 945
945 946 942
938 942 946
945 947 946
938 948 934
934 948 941
938 946 948
946 941 948
947 949 946
946 949 941
947 950 949
951 949 950
951 952 949
941 949 952
953 952 951
941 952 954
941 954 878
880 878 954
952 880 954
953 955 952
952 955 880
955 881 880
956 955 953
955 957 881
956 957 955
885 881 957
958 957 956
885 957 958
958 956 959
960 885 958
960 958 959
960 959 961
962 960 961
960 890 885
962 963 960
963 890 960
890 963 888
964 965 963
964 966 965
966 967 965
966 968 967
968 969 967
968 970 969
971 972 888
971 973 972
973 974 972
973 975 974
975 976 974
975 977 976
978 979 980
978 980 981
982 983 984
982 123 983
123 982 985
123 985 122
986 122 985
986 113 122
987 113 986
987 110 113
110 987 988
110 988 989
990 110 989
990 989 103
991 992 993
991 994 992
995 994 991
995 996 994
994 996 997
994 997 998
997 999 998
1000 994 998
1000 992 994
1001 1000 998
1001 998 1002
1003 1000 1001
1003 1004 1000
1004 992 1000
1005 1004 1003
1004 1006 992
1004 1005 1006
1005 1007 1006
1008 992 1006
1008 1006 1009
1010 1011 1012
1010 1013 1011
1014 1013 1010
1014 1010 1015
121 1014 1015
1016 1017 1018
1016 1019 1017
1016 1020 1019
1021 1020 1016
1021 1022 1020
82 1022 1021
1023 1024 1025
1023 1025 1026
1023 1026 1027
1028 1023 1027
1028 1027 1029
160 1028 1029
1030 1031 1032
1030 1032 1033
1034 1030 1033
1034 1033 1035
154 1034 1035
154 1036 1034
1036 1037 1034
163 1036 154
1036 1038 1037
1038 1039 1037
1038 1040 1039
163 1041 1036
1041 1038 1036
1042 1040 1038
1041 1042 1038
1042 1043 1040
1042 1044 1043
1042 1045 1044
1041 1045 1042
1041 1046 1045
163 1046 1041
163 199 1046
199 1047 1048
1048 1047 1049
1048 1049 1050
1049 1051 1050
1049 1052 1051
1053 1054 1055
1053 1055 1056
1057 1053 1056
1058 1056 1055
1058 1055 1059
1060 1061 1062
1060 1063 1061
1064 1063 1060
1064 1065 1063
1066 1067 1068
1066 1068 1069
1069 1068 1070
1069 1070 1071
1072 1073 1074
1072 1075 1073
1076 1075 1072
1076 1072 1077
1078 1079 1080
1081 1078 1080
1081 1080 1082
1083 1081 1082
1084 1081 1083
1084 1085 1081
1085 1078 1081
1085 1086 1078
1087 1088 1089
1087 1090 1088
1090 1091 1088
1092 1093 1094
1092 1094 1095
1095 1094 1096
1097 1092 1095
1095 1096 1098
1098 1097 1095
1098 1099 1097
1100 1099 1098
1099 1100 1101
1097 1099 1102
1099 1101 1102
1097 1102 1103
1104 1102 1101
1103 1102 1104
743 742 1105
749 743 1105
1105 865 749
742 865 1105
742 864 865
717 864 742
717 866 864
1106 866 717
717 1107 1106
1107 717 1108
1107 1108 1109
1107 1109 1110
1106 1107 1110
1110 1109 1111
1110 1111 1112
1113 1110 1112
1106 1110 1113
1113 1112 1114
1113 1114 1115
1106 1116 866
1116 1106 1113
1116 1117 866
1116 1118 1117
1119 1113 1115
1116 1113 1119
1119 1118 1116
1115 1120 1119
1119 1121 1118
1122 1119 1120
1122 1121 1119
