byte offset: 0
first index: 59853
index count: 11961
topology: trianglelist
format: DXGI_FORMAT_R16_UINT

17502 17503 17504
17505 17506 17507
17508 17509 17510
17511 17512 17513
17514 17515 17516
17517 17518 17519
17520 17521 17522
17523 17524 17525
17526 17527 17528
17529 17530 17531
17532 17533 17534
17535 17536 17537
17538 14212 14214
17539 17540 17541
17542 17543 17544
17545 17546 17543
17547 17546 17545
17548 17547 17545
17548 17549 17547
17550 17549 17548
17548 17545 17551
17551 17545 17552
17551 17552 17553
17554 17550 17548
17554 17555 17550
17555 17554 17556
17551 17553 17557
17557 17553 17558
17551 17559 17548
17551 17557 17559
17554 17548 17559
17557 17558 17560
17560 17559 17557
17560 17558 17561
17554 17562 17556
17556 17562 17563
17562 17564 17563
17559 17565 17554
17554 17565 17562
17560 17566 17559
17559 17566 17565
17560 17561 17567
17567 17566 17560
17568 17565 17566
17567 17568 17566
17569 17568 17567
17567 17561 17570
17567 17570 17569
17570 17561 17571
17572 17570 17571
17570 17572 17569
17572 17571 17573
17574 17572 17573
17569 17572 17574
17575 17574 17573
17565 17576 17562
17568 17577 17565
17565 17577 17576
17569 17578 17568
17577 17568 17578
17569 17579 17578
17579 17577 17578
17569 17574 17580
17579 17569 17580
17574 17575 17581
17574 17581 17580
17562 17576 17582
17562 17582 17564
17576 17577 17583
17579 17584 17577
17577 17584 17583
17579 17580 17585
17584 17579 17585
17581 17586 17580
17585 17580 17586
17575 17587 17581
17581 17587 17586
17576 17588 17582
17576 17583 17588
17583 17584 17589
17584 17585 17589
17585 17586 17590
17591 17586 17587
17590 17586 17591
17592 17589 17585
17592 17585 17590
17583 17589 17593
17588 17583 17594
17594 17583 17593
17595 17593 17589
17595 17589 17592
17596 17594 17593
17596 17593 17595
17582 17588 17597
17598 17588 17594
17588 17598 17597
17599 17597 17598
17598 17594 17600
17596 17600 17594
17599 17598 17600
17582 17597 17601
17564 17582 17601
17602 17592 17590
17592 17603 17595
17592 17602 17603
17595 17604 17596
17595 17603 17604
17596 17605 17600
17604 17605 17596
17599 17600 17606
17600 17605 17606
17602 17590 17607
17590 17591 17607
17602 17608 17603
17604 17603 17608
17609 17602 17607
17609 17607 17591
17602 17610 17608
17609 17610 17602
17604 17611 17605
17604 17608 17612
17611 17604 17612
17605 17613 17606
17611 17613 17605
17610 17614 17608
17612 17608 17614
17610 17615 17614
17615 17616 17614
17612 17614 17616
17612 17616 17617
17611 17612 17617
17618 17615 17610
17618 17610 17609
17611 17617 17619
17620 17618 17609
17609 17591 17620
17620 17621 17618
17622 17611 17619
17622 17619 17623
17611 17622 17613
17624 17622 17623
17622 17624 17613
17620 17591 17625
17591 17587 17625
17621 17620 17626
17620 17625 17626
17621 17626 17627
17624 17628 17613
17613 17628 17606
17627 17626 17629
17627 17629 17630
17624 17631 17628
17632 17631 17624
17628 17633 17606
17633 17599 17606
17634 17633 17628
17634 17599 17633
17628 17631 17635
17634 17628 17635
17636 17634 17635
17634 17637 17599
17637 17634 17636
17631 17638 17635
17632 17638 17631
17630 17629 17639
17630 17639 17640
17640 17639 14180
17640 14180 14179
17639 14183 14180
17639 17641 14183
17629 17641 17639
17629 17642 17641
17626 17642 17629
17643 17642 17626
17625 17643 17626
17643 17625 17644
17644 17625 17587
17645 17644 17587
17575 17645 17587
17645 17575 17646
17645 17646 17647
17648 17646 17575
17648 17575 17649
17650 17648 17649
17647 17646 17651
17651 17646 17648
17650 17652 17648
17653 17652 17650
17647 17651 17654
17655 17647 17654
17651 17648 17656
17654 17651 17656
17652 17656 17648
17655 17654 17657
17654 17656 17657
17655 17657 17658
17653 17659 17652
17660 17659 17653
17652 17661 17656
17661 17657 17656
17659 17661 17652
17662 17658 17657
17661 17662 17657
17662 17663 17658
17664 17662 17661
17659 17664 17661
17665 17663 17662
17664 17665 17662
17665 17666 17663
17660 17667 17659
17668 17667 17660
17668 17669 17667
17670 17659 17667
17670 17664 17659
17670 17665 17664
17671 17669 17668
17671 17672 17669
17671 17673 17672
17671 17674 17673
17670 17675 17665
17675 17666 17665
17675 17676 17666
17677 17676 17675
17677 17678 17676
17677 17679 17678
17677 17680 17679
17681 17673 17682
17681 17682 17683
17684 4371 4370
17684 17685 4371
17686 17685 17684
17685 4373 4371
17687 17685 17686
17685 17688 4373
17688 4377 4373
17688 17689 4377
4378 4377 17689
17687 17690 17685
17691 17685 17690
17692 17690 17687
17685 17693 17688
17693 17689 17688
17691 17693 17685
17692 17694 17690
17694 17691 17690
17695 17694 17692
17695 17696 17694
17697 17696 17695
17694 17698 17691
17696 17698 17694
4378 17689 17699
17700 4378 17699
17700 4382 4378
4385 4382 17700
4385 17700 17701
17701 17700 17702
17702 17700 17703
17699 17689 17704
17693 17704 17689
17691 17705 17693
17693 17705 17704
17706 17705 17691
17705 17706 17704
17699 17704 17707
17700 17699 17707
17708 17700 17707
17707 17709 17708
17708 17709 17706
17704 17709 17707
17704 17706 17709
17706 17691 17710
17708 17706 17710
17698 17710 17691
17700 17711 17703
17708 17711 17700
17703 17711 17712
17712 17711 17708
17703 17712 17713
17713 17712 17714
17714 17712 17708
17713 17714 17715
17715 17714 17716
17698 17717 17710
17708 17710 17717
17714 17708 17718
17708 17717 17718
17716 17714 17719
17719 17714 17718
17716 17719 17720
17719 17721 17720
17722 17717 17698
17696 17722 17698
17718 17717 17723
17722 17723 17717
17719 17718 17724
17718 17723 17724
17725 17721 17719
17725 17719 17724
17726 17721 17725
17727 17726 17725
17728 17722 17696
17697 17728 17696
17729 17723 17722
17728 17729 17722
17730 17728 17697
17730 17697 17731
17732 17728 17730
17732 17729 17728
17733 17729 17732
17729 17734 17723
17724 17723 17734
17733 17734 17729
17724 17734 17735
17735 17734 17733
17725 17724 17735
17735 17733 17736
17737 17735 17736
17737 17725 17735
17727 17725 17737
17727 17737 17738
4135 4141 17739
4135 17739 17740
4135 17740 17741
4134 4135 17741
17741 17740 17742
4134 17741 17743
4129 4134 17743
17741 17742 17744
17743 17741 17744
17743 17744 17745
17744 17742 17746
4129 17743 17747
17747 17743 17745
4124 4129 17747
17744 17746 17748
17745 17744 17748
17748 17746 17749
4124 17747 17750
17750 4125 4124
17750 17751 4125
17752 17751 17750
17752 17753 17751
17752 17754 17753
17752 17755 17754
17750 17747 17756
17750 17756 17752
17757 17752 17756
17757 17756 17758
17756 17747 17758
17747 17745 17758
17758 17745 17757
17748 17749 17759
17759 17749 17760
17761 17759 17760
17762 17755 17752
17762 17752 17757
17763 17759 17761
17763 17761 17764
17763 17764 17765
17763 17765 17766
17767 17763 17766
17767 17766 17768
17769 17767 17768
17769 17770 17767
17771 17763 17767
17770 17771 17767
17771 17759 17763
17770 17772 17771
17773 17759 17771
17772 17773 17771
17773 17748 17759
17772 17774 17773
17775 17748 17773
17774 17775 17773
17745 17748 17775
17745 17775 17776
17774 17776 17775
17757 17745 17776
17757 17776 17774
17757 17774 17777
17778 17757 17777
17778 17762 17757
17778 17779 17762
17779 17778 17780
17779 17755 17762
17779 17780 17781
17781 17755 17779
17781 17780 17782
17781 17783 17755
17781 17782 17784
17784 17783 17781
17784 17782 17785
17784 17786 17783
17784 17785 17787
17787 17786 17784
17787 17788 17786
17789 17790 17791
17789 17792 17790
17793 17792 17789
17793 17794 17792
17795 17794 17793
17795 17796 17794
17797 17796 17795
17797 17798 17796
17799 17798 17797
17799 17800 17798
17801 17800 17799
17801 17802 17800
17803 17802 17801
17803 17804 17802
4396 17804 17803
4396 17805 17804
4396 4395 17805
17802 17804 17806
17800 17802 17806
17800 17806 17807
17798 17800 17807
17798 17807 17808
17809 17798 17808
17809 17810 17798
17811 17810 17809
17811 17809 17812
17813 17811 17812
17813 17814 17811
17815 17814 17813
17816 17814 17815
17815 17813 17817
17815 17817 17818
17815 17818 17819
17820 4991 4988
17820 4988 17821
17822 17820 17821
17821 4988 4986
17823 17822 17821
17821 4986 17824
17824 4986 4985
17824 4985 17825
4983 17825 4985
17823 17821 17826
17827 17826 17821
17828 17823 17826
17821 17824 17829
17829 17824 17825
17827 17821 17829
17828 17826 17830
17830 17826 17827
17831 17828 17830
17831 17830 17832
17833 17831 17832
17830 17827 17834
17832 17830 17834
4983 17835 17825
17836 17835 4983
17836 4983 4981
4980 17836 4981
4980 17837 17836
17837 17838 17836
17838 17839 17836
17835 17840 17825
17829 17825 17840
17827 17829 17841
17829 17840 17841
17842 17827 17841
17841 17840 17842
17835 17843 17840
17836 17843 17835
17844 17843 17836
17843 17844 17845
17844 17842 17845
17843 17845 17840
17840 17845 17842
17842 17846 17827
17844 17846 17842
17834 17827 17846
17836 17839 17847
17844 17836 17847
17839 17848 17847
17848 17844 17847
17839 17849 17848
17849 17850 17848
17850 17844 17848
17849 17851 17850
17851 17852 17850
17834 17846 17853
17844 17853 17846
17852 17854 17850
17852 17855 17854
17854 17855 17856
17850 17857 17844
17844 17857 17853
17854 17857 17850
17858 17834 17853
17832 17834 17858
17859 17854 17856
17860 17859 17856
17861 17859 17860
17857 17862 17853
17858 17853 17862
17854 17863 17857
17859 17863 17854
17857 17863 17862
17864 17832 17858
17833 17832 17864
17861 17865 17859
17861 17866 17865
17865 17867 17859
17859 17867 17863
17865 17868 17867
17867 17868 17869
17863 17867 17870
17863 17870 17862
17867 17869 17870
17871 17858 17862
17871 17862 17870
17869 17871 17870
17864 17858 17871
17869 17872 17871
17872 17864 17871
17872 17873 17864
17873 17833 17864
17873 17874 17833
4634 17875 4633
4634 17876 17875
4634 17877 17876
4637 17877 4634
17877 17878 17876
4637 17879 17877
4638 17879 4637
17877 17880 17878
17879 17880 17877
17879 17881 17880
17880 17882 17878
4638 17883 17879
17883 17881 17879
4640 17883 4638
17880 17884 17882
17881 17884 17880
17884 17885 17882
4640 17886 17883
17886 4640 4643
17886 4643 17887
17888 17886 17887
17888 17887 17889
17888 17889 17890
17888 17890 17891
17886 17892 17883
17886 17888 17892
17888 17893 17892
17894 17893 17888
17894 17888 17891
17892 17895 17883
17893 17895 17892
17883 17895 17881
17895 17893 17881
17896 17894 17891
17897 17893 17894
17897 17894 17896
17897 17898 17893
17896 17899 17897
17893 17898 17900
17901 17896 17891
17896 17901 17899
17901 17891 17902
17901 17903 17899
17904 17901 17902
17901 17904 17903
17904 17905 17903
17904 17902 17906
17904 17907 17905
17907 17904 17906
17907 17906 17908
17893 17900 17909
17893 17909 17881
17881 17909 17910
17900 17910 17909
17881 17910 17884
17900 17911 17910
17910 17911 17884
17912 17911 17900
17911 17913 17884
17884 17913 17885
17913 17914 17885
17915 17914 17913
17912 17916 17911
17911 17916 17913
17917 17916 17912
17918 17915 17913
17916 17918 17913
17918 17919 17915
17918 17920 17919
17918 17921 17920
17917 17922 17916
17916 17922 17918
17922 17921 17918
17923 17922 17917
17922 17924 17921
17923 17924 17922
17925 17926 17927
17925 17927 17928
17929 17925 17928
17929 17928 17930
17931 17929 17930
17931 17930 17932
17933 17931 17932
17933 17932 17934
17935 17933 17934
17935 17934 17936
17937 17935 17936
17937 17936 17938
17939 17937 17938
17939 17938 17940
4941 17939 17940
4941 17940 17941
4941 17941 4942
17938 17942 17940
17936 17942 17938
17936 17943 17942
17934 17943 17936
17934 17944 17943
17945 17944 17934
17945 17934 17946
17947 17945 17946
17947 17948 17945
17949 17948 17947
17949 17947 17950
17951 17949 17950
17952 17951 17950
17951 17953 17949
17951 17954 17953
17951 17955 17954
17956 17957 17958
17956 17959 17957
17959 17960 17957
17960 17961 17957
17960 17962 17961
17960 17963 17962
17960 17964 17963
17963 17964 17965
17963 17965 17966
17965 17967 17966
17965 17968 17967
17969 17968 17965
17970 17969 17965
17970 17971 17969
17970 17972 17971
17972 17973 17971
17972 17974 17973
17972 17975 17974
17975 17976 17974
17975 17977 17976
17978 17979 17980
17981 17978 17980
17982 17983 17984
17985 17983 17982
17986 17987 17988
17986 17988 17989
17989 17988 17990
17989 17990 17991
17992 17986 17989
17989 17991 17993
17992 17989 17993
17994 17993 17991
17995 17992 17993
17995 17996 17992
17994 17997 17993
17998 17993 17997
17998 17995 17993
17999 17995 17998
18000 17995 17999
18000 18001 17995
17995 18001 18002
17996 17995 18003
17995 18002 18003
17996 18003 18004
18002 18005 18003
18004 18003 18005
18004 18005 18006
18007 18008 18009
18007 18010 18008
18010 18011 18008
18011 18012 18008
18011 18013 18012
18011 18014 18013
18011 18015 18014
18014 18015 18016
18014 18016 18017
18016 18018 18017
18016 18019 18018
18020 18019 18016
18021 18020 18016
18021 18022 18020
18021 18023 18022
18023 18024 18022
18023 18025 18024
18023 18026 18025
18026 18027 18025
18026 18028 18027
18029 18030 18031
18032 18029 18031
18033 18034 18035
18036 18034 18033
18037 18038 18039
18037 18039 18040
18040 18039 18041
18040 18041 18042
18043 18037 18040
18040 18042 18044
18043 18040 18044
18045 18044 18042
18046 18043 18044
18046 18047 18043
18045 18048 18044
18049 18044 18048
18049 18046 18044
18050 18046 18049
18051 18046 18050
18051 18052 18046
18046 18052 18053
18047 18046 18054
18046 18053 18054
18053 18055 18054
18054 18055 18056
18057 18058 18056
18059 18058 18057
18060 18061 18062
18060 18063 18061
18063 18064 18061
18064 18065 18061
18064 18066 18065
18064 18067 18066
18064 18068 18067
18067 18068 18069
18067 18069 18070
18069 18071 18070
18069 18072 18071
18073 18072 18069
18074 18073 18069
18074 18075 18073
18074 18076 18075
18076 18077 18075
18076 18078 18077
18076 18079 18078
18079 18080 18078
18079 18081 18080
18082 18083 18084
18085 18082 18084
18086 18087 18088
18089 18087 18086
18090 18091 18092
18090 18092 18093
18093 18092 18094
18093 18094 18095
18096 18090 18093
18093 18095 18097
18096 18093 18097
18098 18097 18095
18099 18096 18097
18099 18100 18096
18098 18101 18097
18102 18097 18101
18102 18099 18097
18103 18099 18102
18104 18099 18103
18104 18105 18099
18099 18105 18106
18100 18099 18107
18099 18106 18107
18100 18107 18108
18106 18109 18107
18108 18107 18109
18108 18109 18110
18111 18112 18113
18111 18113 18114
18115 18111 18114
18115 18114 18116
18115 18116 18117
18118 18115 18117
18118 18117 18119
18118 18119 18120
18119 18121 18120
18120 18121 18122
18120 18122 18123
18124 18120 18123
18124 18125 18120
18126 18125 18124
18126 18124 18127
18126 18127 18128
18126 18128 18129
18130 18126 18129
18131 18130 18129
18131 18129 18132
18133 18132 18129
18133 18129 18134
18134 18129 18135
18134 18135 18136
18137 18133 18134
18134 18136 18138
18137 18134 18138
18139 18138 18136
18140 18137 18138
18140 18141 18137
18139 18142 18138
18143 18138 18142
18143 18140 18138
18144 18140 18143
18145 18140 18144
18145 18146 18140
18140 18146 18147
18141 18140 18148
18140 18147 18148
18141 18148 18149
18147 18150 18148
18149 18148 18150
18149 18150 18151
18152 18153 18154
18155 18152 18154
18156 18157 18158
18159 18157 18156
18160 18161 18162
18160 18163 18161
18163 18164 18161
18164 18165 18161
18164 18166 18165
18164 18167 18166
18164 18168 18167
18167 18168 18169
18167 18169 18170
18169 18171 18170
18169 18172 18171
18173 18172 18169
18174 18173 18169
18174 18175 18173
18174 18176 18175
18176 18177 18175
18176 18178 18177
18176 18179 18178
18179 18180 18178
18179 18181 18180
18182 18183 18184
18185 18182 18184
18186 18187 18188
18189 18187 18186
18190 18191 18192
18190 18192 18193
18193 18192 18194
18193 18194 18195
18196 18190 18193
18193 18195 18197
18196 18193 18197
18198 18197 18195
18199 18196 18197
18199 18200 18196
18198 18201 18197
18202 18197 18201
18202 18199 18197
18203 18199 18202
18204 18199 18203
18204 18205 18199
18199 18205 18206
18200 18199 18207
18199 18206 18207
18200 18207 18208
18206 18209 18207
18208 18207 18209
18208 18209 18210
18211 18212 18213
18214 18213 18212
18214 18215 18213
18216 18214 18212
18215 18214 18217
18218 18214 18216
18217 18214 18219
18220 18214 18218
18219 18214 18221
18222 18214 18220
18221 18214 18223
18224 18214 18222
18223 18214 18225
18226 18214 18224
18225 18214 18227
18228 18214 18226
18227 18214 18229
18229 18214 18228
18230 18231 18232
18232 18231 18233
18234 18232 18233
18231 18235 18233
18231 18236 18235
18235 18236 18237
18235 18237 18238
18237 18239 18238
18237 18240 18239
18241 18242 18243
18241 18243 18244
18245 18246 18247
18245 18247 18248
18248 18247 18249
18248 18249 18250
18250 18249 18251
18250 18251 18252
18252 18251 18253
18252 18253 18254
18255 18256 18257
18255 18257 18258
18259 18260 18261
18259 18261 18262
18263 18264 18265
18263 18266 18264
18267 18266 18263
18267 18268 18266
18269 18268 18267
18269 18270 18268
18271 18270 18269
18271 18269 18272
18273 18274 18275
18273 18275 18276
18277 18278 18279
18277 18279 18280
18281 18282 18283
18281 18283 18284
18285 18286 18287
18285 18288 18286
18289 18288 18285
18289 18290 18288
18291 18290 18289
18291 18289 18292
18293 18291 18292
18293 18292 18294
18294 18295 18293
18296 18295 18294
18297 18293 18295
18297 18295 18298
18297 18298 18299
18297 18299 18300
18299 18301 18300
18299 18302 18301
18302 18303 18301
18302 18304 18303
18305 18306 18307
18305 18307 18308
18308 18307 18309
18308 18309 18310
18310 18309 18311
18310 18311 18312
18313 18314 18315
18313 18316 18314
18317 18316 18313
18317 18318 18316
18319 18318 18317
18319 18320 18318
18321 18322 18323
18321 18324 18322
18325 18324 18321
18325 18326 18324
18327 18328 18329
18327 18329 18330
18330 18329 18331
18330 18331 18332
18333 18334 18335
18333 18335 18336
18337 18338 18339
18337 18340 18338
18341 18340 18337
18341 18342 18340
18343 18344 18345
18343 18345 18346
18346 18345 18347
18346 18347 18348
18348 18347 18349
18348 18349 18350
18351 18352 18353
18351 18354 18352
18355 18354 18351
18355 18356 18354
18357 18356 18355
18357 18358 18356
18359 18360 18361
18359 18361 18362
18363 18364 18365
18363 18365 18366
18367 18363 18366
18367 18366 18368
18369 18367 18368
18369 18370 18367
18371 18370 18369
18371 18372 18370
18372 18371 18373
18374 18372 18373
18375 18373 18371
18375 18376 18373
18375 18377 18376
18375 18378 18377
18377 18378 18379
18377 18379 18380
18380 18379 18381
18380 18381 18382
18383 18384 18385
18383 18386 18384
18386 18387 18384
18386 18388 18387
18388 18389 18387
18388 18390 18389
18391 18392 18393
18391 18393 18394
18395 18391 18394
18395 18394 18396
18397 18395 18396
18397 18396 18398
18399 18400 18401
18399 18401 18402
18403 18399 18402
18403 18402 18404
18405 18406 18407
18405 18408 18406
18408 18409 18406
18408 18410 18409
18411 18412 18413
18411 18413 18414
18415 18416 18417
18415 18417 18418
18419 18415 18418
18419 18418 18420
18421 18422 18423
18421 18424 18422
18424 18425 18422
18424 18426 18425
18426 18427 18425
18426 18428 18427
18429 18430 18431
18429 18431 18432
18433 18429 18432
18433 18432 18434
18435 18433 18434
18435 18434 18436
18437 18438 18439
18437 18439 18440
18441 18442 18443
18442 18444 18443
18445 18444 18442
18443 18444 18446
18443 18446 18447
18446 18448 18447
18446 18449 18448
18448 18449 18450
18448 18450 18451
18452 18453 18454
18452 18455 18453
18455 18456 18453
18455 18457 18456
18457 18458 18456
18457 18459 18458
18459 18460 18458
18459 18461 18460
18462 18463 18464
18462 18464 18465
18466 18467 18468
18466 18468 18469
18470 18471 18472
18470 18472 18473
18474 18470 18473
18474 18473 18475
18476 18474 18475
18476 18475 18477
18478 18476 18477
18478 18477 18479
18480 18481 18482
18480 18482 18483
18484 18485 18486
18484 18486 18487
18488 18489 18490
18488 18490 18491
18492 18493 18494
18492 18494 18495
18496 18497 18498
18496 18499 18497
18499 18500 18497
18499 18501 18500
18501 18502 18500
18501 18503 18502
18504 18505 18506
18504 18506 18507
18508 18509 18510
18508 18510 18511
18512 18513 18514
18512 18514 18515
18516 18517 18518
18516 18519 18517
18520 18521 18519
18520 18519 18522
18523 18524 18525
18523 18525 18526
18527 18525 18528
18527 18528 18529
18530 18531 18532
18530 18533 18531
18533 18534 18531
18533 18535 18534
18535 18536 18534
18535 18537 18536
18538 18539 18540
18538 18540 18541
18542 18538 18541
18542 18541 18543
18544 18542 18543
18544 18543 18545
18546 18547 18548
18546 18549 18547
18549 18550 18547
18549 18551 18550
18551 18552 18550
18551 18553 18552
18554 18555 18556
18554 18557 18555
18557 18558 18555
18557 18559 18558
18559 18560 18558
18559 18561 18560
18562 18563 18564
18562 18564 18565
18566 18562 18565
18566 18565 18567
18568 18566 18567
18568 18567 18569
18570 18571 18572
18570 18572 18573
18574 18575 18576
18574 18577 18575
18577 18578 18575
18577 18579 18578
18580 18581 18582
18580 18582 18583
18584 18580 18583
18584 18583 18585
18586 18584 18585
18586 18585 18587
18588 18589 18590
18588 18590 18591
18592 18588 18591
18592 18591 18593
18594 18592 18593
18594 18593 18595
18596 18597 18598
18596 18598 18599
18600 18596 18599
18600 18599 18601
18602 18600 18601
18602 18601 18603
18604 18605 18606
18604 18607 18605
18607 18608 18605
18607 18609 18608
18609 18610 18608
18609 18611 18610
18612 18613 18614
18612 18614 18615
18616 18612 18615
18616 18615 18617
18618 18616 18617
18618 18617 18619
18620 18621 18622
18620 18623 18621
18623 18624 18621
18623 18625 18624
18625 18626 18624
18625 18627 18626
18628 18629 18630
18628 18630 18631
18632 18628 18631
18632 18631 18633
18634 18632 18633
18634 18633 18635
18636 18637 18638
18636 18638 18639
18640 18636 18639
18640 18639 18641
18642 18640 18641
18642 18641 18643
18644 18645 18646
18647 18646 18645
18647 17601 18646
17564 17601 18647
18647 18648 17564
17564 18648 18649
18646 17601 17597
18646 17597 18650
18651 18646 18650
17599 18650 17597
18652 18646 18651
18652 18651 18653
18650 17599 17637
18654 18653 18651
18651 18650 18655
18650 17637 18655
18654 18651 18656
18657 18654 18656
18651 18655 18658
18658 18655 17637
18651 18658 18656
18657 18656 18659
18660 18657 18659
18658 17637 18661
17637 17636 18661
18658 18662 18656
18662 18659 18656
18662 18658 18661
18660 18659 18663
18662 18663 18659
18664 18660 18663
18665 18664 18663
18662 18666 18663
18666 18662 18661
18665 18663 18666
18666 18661 18667
18665 18666 18667
17636 18667 18661
18665 18667 18668
18667 18669 18668
18667 17636 18669
17636 18670 18669
17636 18671 18670
17636 17635 18671
18671 17635 17638
18670 18671 18672
17638 18672 18671
18670 18672 18673
18674 18673 18672
18675 18672 17638
17632 18675 17638
18674 18672 18676
18675 18676 18672
18677 18676 18675
18678 18675 17632
18677 18675 18678
18679 18676 18677
18679 18674 18676
18680 18677 18678
18680 18679 18677
18681 18680 18678
18680 18682 18679
18681 18678 18683
18678 17632 18683
18684 18681 18683
18684 18683 18685
18683 18686 18685
18683 17632 18686
18686 17632 18687
18682 18688 18679
18688 18674 18679
18682 18689 18688
18682 18690 18689
18688 18691 18674
18689 18691 18688
18690 18692 18689
18690 18693 18692
18692 18694 18689
18689 18694 18691
18692 18695 18694
18694 18695 18696
18694 18696 18697
18697 18691 18694
18697 18696 18698
18699 18674 18691
18697 18699 18691
18699 18700 18674
18697 18698 18701
18699 18697 18701
18700 18699 18701
18700 18701 18702
18701 18698 18703
18702 18701 18704
18701 18703 18704
18703 18705 18704
18702 18704 18706
18705 18706 18704
18703 18707 18705
18708 18705 18707
18708 18709 18705
18705 18710 18706
18709 18711 18705
18711 18710 18705
18711 18712 18710
18713 18714 18715
18715 18714 18716
18717 18716 18714
18718 18716 18717
18717 18714 18719
18718 18717 18720
18721 18717 18719
18720 18717 18722
18721 18722 18717
18720 18722 18723
18722 18724 18723
18722 18725 18724
18721 18726 18722
18722 18726 18725
18721 18727 18726
18728 18726 18727
18729 18725 18726
18728 18729 18726
18728 18730 18729
18729 18731 18725
18730 18731 18729
18728 18732 18730
18730 18733 18731
18730 18732 18734
18735 18733 18730
18730 18734 18736
18735 18730 18736
18734 18737 18736
18737 18735 18736
18734 18738 18737
18737 18739 18735
18738 18740 18737
18740 18739 18737
18738 18741 18740
18740 18742 18739
18740 18741 18743
18742 18740 18744
18740 18743 18744
18742 18744 18745
18746 18744 18743
18747 18745 18744
18746 18747 18744
18747 18748 18745
18747 18746 18749
18748 18747 18750
18747 18749 18750
18748 18750 18751
18750 18752 18751
18753 18752 18750
18753 18750 18749
18753 18749 18754
18755 18753 18754
18755 18756 18753
18757 18756 18755
18757 18758 18756
18757 14190 18758
18757 14191 14190
18759 18760 18761
18762 18759 18761
18762 18763 18759
18764 18763 18762
18764 18765 18763
18766 18765 18764
18766 18767 18765
18768 18767 18766
18768 18769 18767
18770 18769 18768
18770 18771 18769
18772 18771 18770
18772 18773 18771
18774 18773 18772
18774 18775 18773
18776 18777 18778
18776 18779 18777
18776 18780 18779
18781 18782 18783
18783 18784 18781
18783 18785 18784
18784 18785 18786
18784 18786 18787
18787 18786 18788
18787 18788 18789
18789 18788 18790
18789 18790 18791
18791 18790 18792
18791 18792 18793
18794 18795 18796
18795 18797 18796
18795 18798 18797
18799 18796 18797
18798 18800 18797
18801 18799 18797
18801 18797 18800
18802 18803 18804
18802 18804 18805
18806 18802 18805
18806 18805 18807
18808 18806 18807
18808 18807 18809
18810 18811 18812
18810 18812 18813
18814 18815 18816
18814 18816 18817
18818 18814 18817
18818 18817 18819
18820 18821 18822
18820 18822 18823
18824 18825 18826
18824 18827 18825
18827 18828 18825
18827 18829 18828
18830 18831 18832
18830 18832 18833
18834 18830 18833
18834 18833 18835
18836 18834 18835
18836 18835 18837
18838 18839 18840
18838 18841 18839
18841 18842 18839
18841 18843 18842
18843 18844 18842
18843 18845 18844
18846 18847 18848
18846 18848 18849
18850 18846 18849
18850 18849 18851
18852 18850 18851
18852 18851 18853
18854 18855 18856
18854 18857 18855
18857 18858 18855
18857 18859 18858
18859 18860 18858
18859 18861 18860
18862 18863 18864
18862 18864 18865
18866 18862 18865
18866 18865 18867
18868 18866 18867
18868 18867 18869
18870 18871 18872
18870 18872 18873
18874 18875 18876
18874 18876 18877
18878 18874 18877
18878 18877 18879
18880 18878 18879
18880 18879 18881
18882 18883 18884
18882 18884 18885
18886 18887 18888
18886 18888 18889
18890 18891 18892
18890 18893 18891
18893 18894 18891
18893 18895 18894
18895 18896 18894
18895 18897 18896
18898 18899 18900
18898 18900 18901
18902 18898 18901
18902 18901 18903
18904 18902 18903
18904 18903 18905
18906 18907 18908
18906 18908 18909
18910 18906 18909
18910 18909 18911
18912 18910 18911
18912 18911 18913
18914 18915 18916
18914 18917 18915
18917 18918 18915
18917 18919 18918
18919 18920 18918
18919 18921 18920
18922 18923 18924
18922 18924 18925
18926 18927 18928
18926 18928 18929
18930 18931 18932
18930 18932 18933
18934 18935 18936
18934 18936 18937
18938 18939 18940
18938 18940 18941
18942 18943 18944
18942 18944 18945
18946 18947 18948
18946 18948 18949
18950 18948 18951
18950 18951 18952
18953 18954 18955
18953 18956 18954
18957 18956 18953
18957 18958 18956
18959 18960 18961
18959 18962 18960
18963 18964 18962
18963 18962 18965
18966 18967 18968
18966 18968 18969
18970 18968 18971
18970 18971 18972
18973 18974 18975
18973 18975 18976
18977 18978 18979
18977 18979 18980
18981 18982 18983
18981 18983 18984
18985 18986 18987
18985 18988 18986
18989 18988 18985
18989 18990 18988
18991 18992 18993
18991 18993 18994
18994 18993 18995
18994 18995 18996
18997 18998 18999
18997 18999 19000
19001 19002 19003
19001 19003 19004
19005 19006 19007
19005 19007 19008
19009 19010 19011
19009 19012 19010
19013 19014 19012
19013 19012 19015
19016 19017 19018
19016 19018 19019
19020 19018 19021
19020 19021 19022
19023 19024 19025
19023 19025 19026
19027 19028 19029
19027 19029 19030
19031 19032 19033
19031 19033 19034
19035 19036 19037
19035 19037 19038
19039 19040 19041
19039 19041 19042
19043 19044 19045
19043 19045 19046
19047 19048 19049
19047 19049 19050
19051 19049 19052
19051 19052 19053
19054 19055 19056
19054 19057 19055
19058 19059 19057
19058 19057 19060
19061 19062 19063
19061 19063 19064
19064 19063 19065
19064 19065 19066
19067 19068 19069
19067 19070 19068
19071 19070 19067
19071 19072 19070
19073 19074 19075
19073 19075 19076
19077 19078 19079
19077 19079 19080
19081 19082 19083
19081 19083 19084
19085 19086 19087
19085 19087 19088
19089 19087 19090
19089 19090 19091
19092 19093 19094
19092 19095 19093
19096 19097 19095
19096 19095 19098
19099 19100 19101
19099 19101 19102
19103 19104 19105
19103 19105 19106
19107 19108 19109
19107 19109 19110
19111 19112 19113
19111 19113 19114
19115 19116 19117
19115 19117 19118
19119 19120 19121
19119 19121 19122
19123 19124 19125
19123 19125 19126
19127 19125 19128
19127 19128 19129
19130 19131 19132
19130 19133 19131
19134 19135 19133
19134 19133 19136
19137 19138 19139
19137 19139 19140
19141 19139 19142
19141 19142 19143
19144 19145 19146
19144 19147 19145
19148 19149 19147
19148 19147 19150
19151 19152 19153
19151 19153 19154
19155 19156 19157
19155 19157 19158
19159 19160 19161
19159 19161 19162
19163 19164 19165
19163 19165 19166
19167 19168 19169
19167 19169 19170
19171 19172 19173
19171 19173 19174
19175 19176 19177
19175 19177 19178
19178 19177 19179
19178 19179 19180
19181 19182 19183
19181 19183 19184
19185 19186 19187
19185 19187 19188
19189 19190 19191
19189 19192 19190
19193 19194 19192
19193 19192 19195
19196 19197 19198
19196 19198 19199
19200 19198 19201
19200 19201 19202
19203 19204 19205
19203 19205 19206
19207 19208 19209
19207 19209 19210
19211 19212 19213
19211 19213 19214
19215 19216 19217
19215 19217 19218
19219 19220 19221
19219 19221 19222
19223 19224 19225
19223 19225 19226
19227 19228 19229
19227 19229 19230
19230 19229 19231
19230 19231 19232
19233 19234 19235
19233 19236 19234
19237 19236 19233
19237 19238 19236
19239 19240 19241
19239 19242 19240
19243 19244 19242
19243 19242 19245
19246 19247 19248
19246 19248 19249
19250 19248 19251
19250 19251 19252
19253 19254 19255
19253 19255 19256
19257 19258 19259
19257 19259 19260
19261 19262 19263
19261 19263 19264
19265 19263 19266
19265 19266 19267
19268 19269 19270
19268 19271 19269
19272 19271 19268
19272 19273 19271
19274 19275 19276
19274 19276 19277
19278 19279 19280
19281 19280 19279
19281 19282 19280
19283 19282 19281
19283 19284 19282
19285 19284 19283
19285 19286 19284
19287 19286 19285
19287 19288 19286
19289 19288 19287
19289 19290 19288
19291 19290 19289
19291 19292 19290
19293 19292 19291
19293 19294 19292
19295 19294 19293
19295 19296 19294
19297 19296 19295
19297 19298 19296
19299 19298 19297
19299 19300 19298
19301 19300 19299
19301 19302 19300
19303 19302 19301
19303 19304 19302
14211 19304 19303
14211 14210 19304
19305 14201 14200
19305 19306 14201
19307 19306 19305
19307 19308 19306
19309 19308 19307
19309 19310 19308
19311 19310 19309
19311 19312 19310
19313 19312 19311
19313 19314 19312
19315 19314 19313
19315 19316 19314
19317 19316 19315
19317 19318 19316
19319 19318 19317
19319 19320 19318
19321 19320 19319
19321 19322 19320
19323 19322 19321
19323 19324 19322
19325 19324 19323
19325 19326 19324
19327 19326 19325
19327 19328 19326
19329 19328 19327
19329 19330 19328
19331 19330 19329
19331 19332 19330
19333 19332 19331
19333 19334 19332
19335 19334 19333
19335 19336 19334
19337 19338 19339
19337 19339 19340
19341 19342 19343
19341 19343 19344
19345 19346 19347
19345 19347 19348
19349 19350 19351
19349 19351 19352
19353 19354 19355
19353 19355 19356
19357 19358 19359
19357 19359 19360
19361 19362 19363
19361 19363 19364
19365 19366 19367
19365 19367 19368
19369 19370 19371
19369 19372 19370
19373 19372 19369
19373 19374 19372
19375 19374 19373
19375 19376 19374
19377 19376 19375
19377 19378 19376
19379 19378 19377
19379 19380 19378
19381 19380 19379
19381 19379 19382
19381 19382 19383
19384 19385 19386
19385 19387 19386
19388 19389 19390
19388 19390 19391
19392 19393 19394
19392 19394 19395
19396 19397 19398
19396 19398 19399
19400 19401 19402
19400 19402 19403
19404 19405 19406
19404 19406 19407
19408 19409 19410
19408 19410 19411
19412 19413 19414
19412 19414 19415
19416 19417 19418
19416 19418 19419
19420 19418 19421
19420 19421 19422
19423 19424 19425
19423 19426 19424
19427 19428 19426
19427 19426 19429
19430 19431 19432
19430 19433 19431
19434 19435 19433
19434 19433 19436
19437 19438 19439
19437 19439 19440
19441 19439 19442
19441 19442 19443
19444 19445 19446
19444 19446 19447
19448 19446 19449
19448 19449 19450
19451 19452 19453
19451 19454 19452
19455 19456 19454
19455 19454 19457
19458 19459 19460
19458 19460 19461
19462 19463 19464
19462 19464 19465
19466 19467 19468
19466 19468 19469
19470 19471 19472
19470 19472 19473
19474 19475 19476
19474 19476 19477
19478 19476 19479
19478 19479 19480
19481 19482 19483
19481 19484 19482
19485 19486 19484
19485 19484 19487
19488 19489 19490
19488 19490 19491
19492 19493 19494
19492 19494 19495
19496 19497 19498
19496 19498 19499
19500 19501 19502
19500 19503 19501
19504 19505 19503
19504 19503 19506
19507 19508 19509
19507 19509 19510
19511 19509 19512
19511 19512 19513
19514 19515 19516
19514 19516 19517
19518 19519 19520
19518 19520 19521
19522 19523 19524
19522 19524 19525
19526 19527 19528
19526 19528 19529
19530 19528 19531
19530 19531 19532
19533 19534 19535
19533 19536 19534
19537 19538 19536
19537 19536 19539
19540 19541 19542
19540 19542 19543
19544 19545 19546
19544 19546 19547
19548 19549 19550
19548 19550 19551
19552 19553 19554
19552 19554 19555
19556 19557 19558
19556 19558 19559
19560 19561 19562
19560 19562 19563
19564 19565 19566
19564 19566 19567
19568 19566 19569
19568 19569 19570
19571 19572 19573
19571 19574 19572
19575 19576 19574
19575 19574 19577
19578 19579 19580
19578 19581 19579
19582 19583 19581
19582 19581 19584
19585 19586 19587
19585 19587 19588
19589 19587 19590
19589 19590 19591
19592 19593 19594
19592 19594 19595
19596 19597 19598
19596 19598 19599
19600 19601 19602
19600 19602 19603
19604 19605 19606
19604 19606 19607
19608 19609 19610
19608 19610 19611
19612 19613 19614
19612 19614 19615
19616 19617 19618
19616 19618 19619
19620 19618 19621
19620 19621 19622
19623 19624 19625
19623 19626 19624
19627 19628 19626
19627 19626 19629
19630 19631 19632
19630 19632 19633
19633 19632 19634
19633 19634 19635
19636 19637 19638
19636 19639 19637
19640 19641 19639
19640 19639 19642
19643 19644 19645
19643 19645 19646
19647 19648 19649
19647 19649 19650
19651 19652 19653
19651 19653 19654
19655 19656 19657
19655 19658 19656
19659 19660 19658
19659 19658 19661
19662 19663 19664
19662 19664 19665
19666 19664 19667
19666 19667 19668
19669 19670 19671
19669 19671 19672
19673 19674 19675
19673 19675 19676
19677 19678 19679
19677 19679 19680
19681 19682 19683
19681 19683 19684
19685 19683 19686
19685 19686 19687
19688 19689 19690
19688 19691 19689
19692 19691 19688
19692 19693 19691
19694 19695 19696
19694 19696 19697
19698 19699 19700
19698 19700 19701
19702 19703 19704
19702 19704 19705
19706 19707 19708
19706 19708 19709
19710 19708 19711
19710 19711 19712
19713 19714 19715
19713 19716 19714
19717 19716 19713
19717 19718 19716
19719 19720 19721
19719 19721 19722
19723 19724 19725
19723 19725 19726
19727 19728 19729
19727 19729 19730
19731 19732 19733
19731 19734 19732
19735 19736 19734
19735 19734 19737
19738 19739 19740
19738 19740 19741
19742 19740 19743
19742 19743 19744
19745 19746 19747
19745 19747 19748
19749 19750 19751
19749 19751 19752
19749 19752 19753
19752 19754 19753
19752 19755 19754
19756 19749 19753
19754 19756 19753
19756 19757 19749
19758 19749 19757
19754 19759 19756
19755 14218 19754
14218 19759 19754
19755 14223 14218
14218 14220 19759
19749 19760 19761
19762 19761 19760
19762 19763 19761
19764 19763 19762
19764 19765 19763
19766 19765 19764
14228 14230 19767
14228 19767 19768
19768 19767 19769
19768 19769 19770
19770 19769 19771
19770 19771 19772
19772 19771 19773
19772 19773 19774
19774 19773 19775
19774 19775 19776
19776 19775 19777
19776 19777 19778
19778 19777 19779
19778 19779 19780
19780 19779 19781
19780 19781 19782
19782 19781 19783
19782 19783 19784
19784 19783 19785
19784 19785 19786
19786 19785 19787
19786 19787 19788
19788 19787 19789
19788 19789 19790
19790 19789 19791
19790 19791 19792
19792 19791 14237
19792 14237 14239
19793 19794 19795
19793 19795 19796
19797 19798 19799
19797 19800 19798
19801 19800 19797
19802 19798 19800
19802 19800 19803
19803 19800 19804
19801 19804 19800
19803 19804 19805
19806 19805 19804
19801 19807 19804
19806 19804 19807
19807 19801 19808
19806 19807 19809
19809 19807 19808
19806 19809 19810
19811 19809 19808
19810 19809 19812
19812 19809 19811
19810 19812 19813
19812 19811 19814
19815 19813 19812
19816 19812 19814
19815 19812 19816
19816 19814 19817
19818 19815 19816
19818 19816 19817
19818 19817 19819
19819 19820 19818
19818 19820 19821
19818 19821 19822
19823 19818 19822
19823 19824 19818
19818 19824 19825
19818 19826 19815
19818 19825 19826
19826 19825 19827
19827 19828 19826
19829 19830 19831
19829 19831 19832
19802 19832 19831
19802 19833 19832
19832 19833 19834
19835 19829 19832
19832 19834 19836
19835 19832 19836
19837 19836 19834
19835 19836 19838
19837 19838 19836
19838 19839 19835
19837 19840 19838
19840 19839 19838
19837 19841 19840
19842 19839 19840
19841 19843 19840
19843 19842 19840
19841 19844 19843
19843 19845 19842
19846 19843 19844
19847 19845 19843
19846 19847 19843
19847 19848 19845
19849 19848 19847
19849 19850 19848
19851 19847 19846
19851 19849 19847
19850 19849 19852
19849 19853 19852
19849 19854 19853
19855 19854 19849
19855 19849 19856
19851 19856 19849
19851 19857 19856
19851 19858 19857
19858 19851 19859
19860 19861 19862
19860 19862 19863
19863 19862 19864
19862 19865 19864
19866 19864 19865
19866 19865 19867
19868 19866 19867
19868 19867 19869
19870 19860 19871
19870 19871 19872
19873 19870 19872
19873 19872 19874
19875 19873 19874
19875 19874 19876
19877 19878 19879
19877 19879 19880
19881 19882 19883
19881 19884 19882
19885 19884 19881
19885 19886 19884
19887 19886 19885
19887 19888 19886
19889 19888 19887
19889 19890 19888
19891 19890 19889
19891 19892 19890
19893 19892 19891
19893 19894 19892
19895 19894 19893
19895 19896 19894
19897 19896 19895
19897 19898 19896
19898 19897 19899
19898 19899 19900
19899 19901 19900
19899 19902 19901
19903 19901 19902
19903 19902 19904
19905 19903 19904
19905 19906 19903
19907 19906 19905
19907 19908 19906
19909 19908 19907
19909 19910 19908
19911 19910 19909
19911 19912 19910
19913 19912 19911
19913 19914 19912
19915 19914 19913
19915 19916 19914
19917 19916 19915
19917 19918 19916
19919 19918 19917
19919 19920 19918
19921 19920 19919
19921 19922 19920
19923 19924 19925
19923 19925 19926
19927 19928 19929
19927 19929 19930
19930 19929 19931
19930 19931 19932
19932 19931 19933
19932 19933 19934
19934 19933 19935
19934 19935 19936
19936 19935 19937
19936 19937 19938
19938 19937 19939
19938 19939 19940
19940 19939 19941
19940 19941 19942
19942 19941 19943
19942 19943 19944
19944 19943 19945
19944 19945 19946
19945 19947 19946
19945 19948 19947
19947 19948 19949
19947 19949 19950
19949 19951 19950
19949 19952 19951
19951 19952 19953
19951 19953 19954
19954 19953 19955
19954 19955 19956
19956 19955 19957
19956 19957 19958
19958 19957 19959
19958 19959 19960
19960 19959 19961
19960 19961 19962
19962 19961 19963
19962 19963 19964
19964 19963 19965
19964 19965 19966
19966 19965 19967
19966 19967 19968
19969 19970 19971
19969 19972 19970
19973 19972 19969
19973 19974 19972
19975 19974 19973
19975 19976 19974
19977 19976 19975
19977 19975 19978
19979 19980 19981
19979 19981 19982
19982 19981 19983
19982 19983 19984
19984 19983 19985
19984 19985 19986
19986 19985 19987
19986 19987 19988
19989 19990 19991
19989 19992 19990
19993 19992 19994
19993 19994 19995
19996 19997 19998
19996 19999 19997
19999 20000 19997
20001 20002 20000
20003 20002 20001
20003 20004 20002
20005 20006 20007
20005 20008 20006
20009 20008 20005
20008 20010 20006
20009 20011 20008
20012 20011 20009
20008 20013 20010
20011 20013 20008
20014 20010 20013
20012 20015 20011
20016 20015 20012
20017 20013 20011
20017 20011 20015
20014 20013 20018
20018 20013 20017
20019 20014 20018
20019 20020 20014
20019 20018 20021
20018 20017 20021
20019 20021 20022
20022 20021 20023
20022 20023 20024
20021 20025 20023
20021 20017 20025
20025 20017 20015
20025 20015 20026
20026 20015 20027
20026 20027 20028
20016 20027 20015
20028 20027 20029
20016 20029 20027
20028 20029 20030
20016 20031 20029
20029 20032 20030
20031 20033 20029
20029 20033 20032
20032 20033 20034
20031 20035 20033
20035 20034 20033
20032 20034 20036
20035 20037 20034
20034 20037 20038
20036 20034 20039
20034 20038 20040
20039 20034 20040
20039 20040 20041
20042 20043 20044
20042 20044 20045
20044 20046 20045
20045 20047 20042
20044 20048 20046
20049 20047 20045
20046 20049 20045
20049 20050 20047
20046 20051 20049
20052 20046 20048
20052 20048 20053
20051 20046 20054
20051 20054 20055
20054 20056 20055
20054 20057 20056
20046 20058 20054
20046 20052 20058
20054 20059 20057
20058 20059 20054
20060 20057 20059
20061 20052 20053
20061 20053 20062
20063 20061 20062
20052 20064 20058
20052 20061 20064
20063 20065 20061
20065 20064 20061
20060 20059 20066
20067 20060 20066
20067 20066 20068
20068 20066 20069
20069 20070 20068
20058 20071 20059
20071 20058 20064
20072 20066 20059
20069 20066 20072
20072 20059 20071
20073 20065 20063
20073 20063 20074
20075 20073 20074
20075 20074 20076
20076 20077 20075
20076 20078 20077
20077 20078 20079
20077 20079 20080
20077 20080 20081
20075 20077 20082
20077 20081 20082
20083 20073 20075
20083 20075 20082
20081 20084 20082
20081 20085 20084
20082 20084 20086
20083 20082 20086
20083 20086 20087
20083 20088 20073
20065 20073 20088
20083 20087 20089
20088 20083 20089
20065 20088 20090
20065 20090 20064
20091 20064 20090
20071 20064 20091
20092 20090 20088
20091 20090 20092
20071 20091 20093
20071 20093 20072
20094 20089 20087
20094 20087 20095
20088 20089 20096
20092 20088 20096
20097 20096 20089
20092 20096 20097
20097 20089 20094
20091 20092 20098
20091 20098 20093
20092 20097 20098
20099 20098 20097
20099 20093 20098
20100 20072 20093
20069 20072 20100
20094 20095 20101
20101 20095 20102
20094 20103 20097
20099 20097 20103
20099 20104 20093
20100 20093 20104
20105 20101 20102
20105 20102 20106
20094 20101 20107
20094 20107 20103
20108 20101 20105
20107 20101 20108
20108 20105 20109
20108 20109 20110
20108 20110 20111
20112 20108 20111
20112 20107 20108
20107 20112 20113
20107 20113 20103
20103 20113 20114
20103 20114 20099
20114 20104 20099
20114 20115 20104
20104 20115 20116
20104 20116 20100
20100 20116 20117
20100 20117 20069
20118 20069 20117
20118 20119 20069
20069 20119 20070
20120 20119 20118
20120 20118 20121
20119 20120 20122
20070 20119 20122
20070 20122 20123
20124 20125 20126
20124 20126 20127
20128 20124 20127
20127 20126 20129
20128 20127 20130
20131 20128 20130
20127 20129 20132
20130 20127 20132
20133 20132 20129
20131 20130 20134
20135 20131 20134
20136 20130 20132
20136 20134 20130
20133 20137 20132
20137 20136 20132
20138 20137 20133
20138 20133 20139
20138 20140 20137
20137 20140 20136
20138 20141 20140
20141 20142 20140
20141 20143 20142
20140 20142 20144
20140 20144 20136
20144 20134 20136
20144 20145 20134
20145 20146 20134
20145 20147 20146
20135 20134 20146
20147 20148 20146
20135 20146 20148
20147 20149 20148
20135 20148 20150
20148 20149 20151
20150 20148 20152
20148 20151 20152
20151 20153 20152
20150 20152 20154
20154 20152 20153
20151 20155 20153
20154 20153 20156
20155 20157 20153
20153 20158 20156
20158 20159 20156
20153 20160 20158
20157 20160 20153
20157 20161 20160
20162 20163 20164
20162 20164 20165
20164 20166 20165
20164 20167 20166
20162 20165 20168
20165 20166 20168
20162 20168 20169
20170 20162 20169
20171 20168 20166
20172 20166 20167
20173 20172 20167
20172 20173 20174
20173 20175 20174
20175 20176 20174
20175 20177 20176
20177 20178 20176
20177 20179 20178
20180 20178 20179
20180 20181 20178
20182 20178 20181
20171 20166 20183
20171 20183 20184
20171 20184 20185
20166 20172 20186
20166 20186 20183
20172 20174 20187
20172 20187 20186
20183 20186 20188
20183 20188 20184
20185 20184 20189
20190 20189 20184
20185 20189 20191
20190 20191 20189
20192 20191 20190
20193 20186 20187
20193 20188 20186
20194 20192 20190
20195 20192 20194
20195 20194 20196
20195 20196 20197
20198 20194 20190
20198 20196 20194
20199 20197 20196
20199 20200 20197
20201 20199 20196
20198 20201 20196
20201 20202 20199
20198 20203 20201
20198 20190 20204
20198 20205 20203
20198 20204 20205
20204 20190 20206
20190 20184 20206
20205 20207 20203
20203 20207 20208
20205 20204 20209
20207 20205 20209
20204 20206 20209
20207 20209 20210
20211 20206 20184
20211 20209 20206
20211 20184 20188
20212 20210 20209
20211 20212 20209
20212 20213 20210
20188 20214 20211
20188 20193 20214
20211 20215 20212
20211 20214 20215
20214 20216 20215
20214 20217 20216
20193 20217 20214
20212 20218 20213
20212 20215 20218
20219 20213 20218
20219 20220 20213
20221 20219 20218
20215 20222 20218
20221 20218 20222
20215 20216 20222
20216 20221 20222
20216 20223 20221
20224 20223 20216
20225 20224 20216
20225 20216 20226
20226 20216 20217
20227 20225 20226
20227 20226 20217
20227 20228 20225
20229 20228 20227
20229 20230 20228
20229 20231 20230
20217 20232 20227
20229 20227 20232
20229 20233 20231
20229 20232 20233
20233 20234 20231
20233 20235 20234
20235 20236 20234
20235 20237 20236
20237 20238 20236
20239 20235 20233
20240 20232 20239
20241 20238 20237
20217 20242 20232
20242 20239 20232
20193 20242 20217
20187 20242 20193
20187 20243 20242
20242 20243 20239
20187 20174 20243
20243 20174 20244
20239 20243 20244
20244 20174 20176
20239 20245 20235
20239 20244 20245
20245 20237 20235
20244 20176 20246
20246 20245 20244
20246 20176 20178
20246 20247 20245
20237 20245 20247
20248 20246 20178
20248 20247 20246
20248 20237 20247
20182 20248 20178
20248 20249 20237
20249 20248 20182
20241 20237 20249
20249 20182 20250
20251 20241 20249
20251 20249 20250
20252 20253 20254
20252 20255 20253
20253 20255 20256
20257 20255 20252
20257 20252 20258
20256 20255 20259
20259 20260 20256
20257 20261 20255
20259 20255 20261
20259 20262 20260
20262 20263 20260
20261 20264 20259
20262 20259 20264
20261 20265 20264
20257 20265 20261
20262 20266 20263
20263 20266 20267
20268 20267 20266
20262 20264 20269
20265 20269 20264
20268 20266 20270
20271 20268 20270
20266 20262 20272
20262 20269 20272
20272 20269 20273
20274 20273 20269
20270 20266 20275
20266 20272 20275
20270 20275 20276
20265 20277 20269
20274 20269 20277
20275 20272 20278
20272 20273 20278
20276 20275 20279
20275 20278 20279
20280 20276 20279
20279 20281 20280
20279 20278 20281
20280 20281 20282
20283 20277 20265
20257 20283 20265
20283 20284 20277
20274 20277 20284
20274 20284 20285
20274 20285 20286
20274 20286 20287
20274 20287 20288
20285 20289 20286
20273 20274 20288
20273 20288 20290
20273 20290 20291
20292 20273 20291
20292 20278 20273
20278 20292 20293
20293 20281 20278
20293 20294 20281
20285 20295 20289
20281 20294 20296
20285 20297 20295
20295 20297 20298
20297 20299 20298
20300 20298 20299
20301 20300 20299
20281 20296 20302
20302 20303 20281
20282 20281 20303
20282 20303 20304
20304 20303 20305
20304 20305 20306
20307 20306 20305
20307 20305 20308
20309 20308 20305
20310 20305 20303
20302 20310 20303
20309 20305 20311
20311 20305 20310
20312 20309 20311
20312 20313 20309
20314 20313 20312
20314 20312 20315
20315 20312 20316
20311 20316 20312
20315 20316 20317
20311 20310 20318
20311 20318 20316
20310 20319 20318
20310 20302 20319
20316 20318 20319
20316 20320 20317
20319 20320 20316
20319 20302 20321
20296 20321 20302
20296 20322 20321
20296 20323 20322
20324 20323 20296
20324 20325 20323
20326 20325 20324
20326 20327 20325
20328 20327 20326
20328 20329 20327
20330 20329 20328
20330 20328 20331
20332 20330 20331
20332 20333 20330
20334 20333 20332
20334 20332 20335
20336 20334 20335
20336 20337 20334
20338 20337 20336
20338 20339 20337
20340 20339 20338
20340 20341 20339
20340 20342 20341
20340 20343 20342
20343 20344 20342
20343 20345 20344
20258 20346 20347
20258 20347 20348
20257 20258 20348
20257 20348 20283
20348 20284 20283
20347 20284 20348
20347 20349 20284
20285 20284 20349
20285 20349 20350
20285 20350 20351
20285 20351 20297
20352 20351 20350
20352 20350 20353
20297 20351 20354
20354 20351 20352
20354 20352 20355
20297 20354 20299
20299 20354 20355
20299 20355 20356
20357 20299 20356
20299 20357 20358
20299 20358 20301
20301 20358 20359
20359 20358 20360
20361 20301 20359
20361 20362 20301
20363 20361 20359
20359 20360 20364
20363 20359 20364
20365 20363 20364
20364 20360 20366
20365 20364 20367
20364 20366 20367
20368 20365 20367
20368 20367 20369
20370 20368 20369
20370 20369 20371
20372 20370 20371
20372 20371 20373
20367 20366 20374
20366 20320 20374
20366 20375 20320
20376 20374 20320
20377 20376 20320
20320 20319 20377
20319 20321 20377
20321 20378 20377
20379 20377 20378
20379 20380 20377
20381 20382 20383
20381 20383 20384
20385 20381 20384
20385 20384 20386
20384 20387 20386
20383 20388 20384
20384 20389 20387
20388 20390 20384
20384 20390 20389
20388 20391 20390
20391 20392 20390
20390 20393 20389
20390 20392 20393
20392 20394 20393
20395 20394 20392
20391 20396 20392
20397 20395 20392
20396 20398 20392
20397 20392 20398
20396 20399 20398
20400 20397 20398
20399 20401 20398
20400 20398 20401
20399 20402 20401
20403 20400 20401
20402 20404 20401
20405 20403 20401
20404 20405 20401
20405 20406 20403
20404 20407 20405
20408 20409 20410
20409 20411 20410
20412 20410 20411
20412 20413 20410
20412 20414 20413
20414 20412 20415
20414 20415 20416
20416 20415 20417
20416 20417 20418
20418 20417 20419
20417 20420 20419
20417 20421 20420
20420 20421 20422
20420 20422 20423
20424 20425 20426
20424 20426 20427
20428 20429 20430
20428 20430 20431
20431 20432 20428
20428 20432 20433
20428 20433 20434
20434 20433 20435
20434 20435 20436
20435 20437 20436
20435 20438 20437
20437 20438 20439
20437 20439 20440
20440 20439 20441
20440 20441 20442
20442 20441 20443
20442 20443 20444
20443 20445 20444
20443 20446 20445
20445 20446 20447
20445 20447 20448
20448 20447 20449
20450 20448 20449
20450 20451 20448
20452 20453 20454
20454 20453 20455
20454 20455 20317
20456 20457 20458
20456 20459 20457
20456 20458 20460
20459 20456 20461
20456 20460 20462
20461 20456 20463
20456 20462 20464
20456 20464 20463
20465 20466 20467
20465 20467 20468
20465 20469 20466
20468 20467 20470
20465 20471 20469
20472 20468 20470
20473 20471 20465
20472 20474 20468
20473 20465 20475
20465 20476 20475
20465 20477 20476
20465 20478 20477
20465 20468 20478
20468 20479 20478
20480 20468 20474
20480 20479 20468
20480 20474 20481
20480 20481 20482
20482 20481 20483
20482 20483 20484
20474 20485 20481
20485 20483 20481
20485 20486 20483
20474 20487 20485
20484 20483 20488
20486 20488 20483
20486 20489 20488
20484 20488 20490
20490 20488 20491
20488 20489 20492
20488 20492 20491
20490 20491 20493
20474 20494 20487
20495 20487 20494
20495 20494 20496
20497 20495 20496
20496 20498 20497
20496 20499 20498
20498 20499 20500
20498 20500 20501
20500 20502 20501
20502 20503 20492
20492 20503 20491
20502 20500 20503
20493 20491 20504
20493 20504 20505
20505 20504 20506
20505 20506 20507
20491 20508 20504
20508 20506 20504
20491 20509 20508
20491 20503 20509
20503 20510 20509
20503 20500 20510
20511 20510 20500
20500 20512 20511
20508 20513 20506
20500 20499 20512
20512 20499 20514
20512 20514 20515
20514 20516 20515
20507 20506 20517
20513 20517 20506
20507 20517 20518
20513 20519 20517
20518 20517 20520
20519 20520 20517
20518 20520 20521
20519 20522 20520
20523 20521 20520
20516 20524 20522
20516 20514 20524
20522 20524 20520
20523 20520 20525
20526 20523 20525
20526 20525 20527
20528 20526 20527
20528 20527 20529
20530 20528 20529
20530 20529 20531
20532 20530 20531
20533 20529 20527
20531 20529 20533
20533 20527 20534
20534 20527 20525
20534 20525 20535
20535 20525 20520
20535 20520 20536
20520 20524 20536
20537 20536 20524
20537 20524 20514
20514 20538 20537
20539 20538 20514
20531 20533 20540
20539 20514 20499
20541 20539 20499
20541 20542 20539
20542 20541 20543
20544 20540 20543
20531 20540 20544
20544 20543 20541
20541 20499 20545
20496 20545 20499
20546 20541 20545
20496 20547 20545
20541 20546 20548
20548 20544 20541
20547 20496 20549
20549 20496 20494
20549 20494 20550
20548 20551 20544
20531 20544 20551
20474 20550 20494
20474 20552 20550
20553 20531 20551
20532 20531 20553
20553 20551 20554
20555 20532 20553
20556 20553 20554
20555 20553 20557
20556 20557 20553
20552 20557 20556
20558 20555 20557
20474 20559 20552
20552 20559 20557
20558 20557 20559
20560 20559 20474
20560 20558 20559
20561 20562 20563
20561 20564 20562
20561 20563 20565
20564 20561 20566
20561 20565 20567
20566 20561 20568
20561 20567 20569
20561 20569 20568
20570 20571 20572
20570 20572 20573
20570 20574 20571
20573 20572 20575
20570 20576 20574
20577 20573 20575
20578 20576 20570
20577 20579 20573
20578 20570 20580
20570 20581 20580
20570 20582 20581
20570 20583 20582
20570 20573 20583
20573 20584 20583
20585 20573 20579
20585 20584 20573
20585 20579 20586
20585 20586 20587
20587 20586 20588
20587 20588 20589
20579 20590 20586
20590 20588 20586
20590 20591 20588
20579 20592 20590
20589 20588 20593
20591 20593 20588
20591 20594 20593
20589 20593 20595
20595 20593 20596
20593 20594 20597
20593 20597 20596
20595 20596 20598
20579 20599 20592
20600 20592 20599
20600 20599 20601
20602 20600 20601
20601 20603 20602
20601 20604 20603
20603 20604 20605
20603 20605 20606
20605 20607 20606
20607 20608 20597
20597 20608 20596
20607 20605 20608
20598 20596 20609
20598 20609 20610
20610 20609 20611
20610 20611 20612
20596 20613 20609
20613 20611 20609
20596 20614 20613
20596 20608 20614
20608 20615 20614
20608 20605 20615
20616 20615 20605
20605 20617 20616
20613 20618 20611
20605 20604 20617
20617 20604 20619
20617 20619 20620
20619 20621 20620
20612 20611 20622
20618 20622 20611
20612 20622 20623
20618 20624 20622
20623 20622 20625
20624 20625 20622
20623 20625 20626
20624 20627 20625
20628 20626 20625
20621 20629 20627
20621 20619 20629
20627 20629 20625
20628 20625 20630
20631 20628 20630
20631 20630 20632
20633 20631 20632
20633 20632 20634
20635 20633 20634
20635 20634 20636
20637 20635 20636
20638 20634 20632
20636 20634 20638
20638 20632 20639
20639 20632 20630
20639 20630 20640
20640 20630 20625
20640 20625 20641
20625 20629 20641
20642 20641 20629
20642 20629 20619
20619 20643 20642
20644 20643 20619
20636 20638 20645
20644 20619 20604
20646 20644 20604
20646 20647 20644
20647 20646 20648
20649 20645 20648
20636 20645 20649
20649 20648 20646
20646 20604 20650
20601 20650 20604
20651 20646 20650
20601 20652 20650
20646 20651 20653
20653 20649 20646
20652 20601 20654
20654 20601 20599
20654 20599 20655
20653 20656 20649
20636 20649 20656
20579 20655 20599
20579 20657 20655
20658 20636 20656
20637 20636 20658
20658 20656 20659
20660 20637 20658
20661 20658 20659
20660 20658 20662
20661 20662 20658
20657 20662 20661
20663 20660 20662
20579 20664 20657
20657 20664 20662
20663 20662 20664
20665 20664 20579
20665 20663 20664
20666 20667 20668
20666 20669 20667
20666 20668 20670
20669 20666 20671
20666 20670 20672
20671 20666 20673
20666 20672 20674
20666 20674 20673
20675 20676 20677
20675 20677 20678
20675 20679 20676
20678 20677 20680
20675 20681 20679
20682 20678 20680
20683 20681 20675
20682 20684 20678
20683 20675 20685
20675 20686 20685
20675 20687 20686
20675 20688 20687
20675 20678 20688
20678 20689 20688
20690 20678 20684
20690 20689 20678
20690 20684 20691
20690 20691 20692
20692 20691 20693
20692 20693 20694
20684 20695 20691
20695 20693 20691
20695 20696 20693
20684 20697 20695
20694 20693 20698
20696 20698 20693
20696 20699 20698
20694 20698 20700
20700 20698 20701
20698 20699 20702
20698 20702 20701
20700 20701 20703
20684 20704 20697
20705 20697 20704
20705 20704 20706
20707 20705 20706
20706 20708 20707
20706 20709 20708
20708 20709 20710
20708 20710 20711
20710 20712 20711
20712 20713 20702
20702 20713 20701
20712 20710 20713
20703 20701 20714
20703 20714 20715
20715 20714 20716
20715 20716 20717
20701 20718 20714
20718 20716 20714
20701 20719 20718
20701 20713 20719
20713 20720 20719
20713 20710 20720
20721 20720 20710
20710 20722 20721
20718 20723 20716
20710 20709 20722
20722 20709 20724
20722 20724 20725
20724 20726 20725
20717 20716 20727
20723 20727 20716
20717 20727 20728
20723 20729 20727
20728 20727 20730
20729 20730 20727
20728 20730 20731
20729 20732 20730
20733 20731 20730
20726 20734 20732
20726 20724 20734
20732 20734 20730
20733 20730 20735
20736 20733 20735
20736 20735 20737
20738 20736 20737
20738 20737 20739
20740 20738 20739
20740 20739 20741
20742 20740 20741
20743 20739 20737
20741 20739 20743
20743 20737 20744
20744 20737 20735
20744 20735 20745
20745 20735 20730
20745 20730 20746
20730 20734 20746
20747 20746 20734
20747 20734 20724
20724 20748 20747
20749 20748 20724
20741 20743 20750
20749 20724 20709
20751 20749 20709
20751 20752 20749
20752 20751 20753
20754 20750 20753
20741 20750 20754
20754 20753 20751
20751 20709 20755
20706 20755 20709
20756 20751 20755
20706 20757 20755
20751 20756 20758
20758 20754 20751
20757 20706 20759
20759 20706 20704
20759 20704 20760
20758 20761 20754
20741 20754 20761
20684 20760 20704
20684 20762 20760
20763 20741 20761
20742 20741 20763
20763 20761 20764
20765 20742 20763
20766 20763 20764
20765 20763 20767
20766 20767 20763
20762 20767 20766
20768 20765 20767
20684 20769 20762
20762 20769 20767
20768 20767 20769
20770 20769 20684
20770 20768 20769
20771 20772 20773
20774 20773 20772
20773 20774 20775
20773 20775 20776
20772 20771 20777
20776 20775 20778
20777 20779 20772
20777 20780 20779
20778 20775 20781
20778 20781 20782
20783 20782 20781
20783 20784 20782
20779 20780 20785
20786 20785 20780
20786 20787 20785
20779 20785 20788
20789 20788 20785
20790 20779 20788
20790 20772 20779
20772 20790 20791
20791 20792 20772
20793 20787 20786
20774 20772 20792
20792 20794 20774
20792 20795 20794
20795 20796 20794
20789 20785 20797
20798 20789 20797
20793 20799 20787
20784 20799 20793
20796 20800 20794
20796 20801 20800
20802 20800 20801
20802 20801 20803
20803 20798 20804
20798 20797 20804
20784 20805 20799
20783 20805 20784
20802 20803 20806
20803 20804 20806
20807 20787 20799
20807 20808 20787
20809 20807 20799
20809 20799 20805
20808 20785 20787
20810 20809 20805
20810 20805 20783
20808 20811 20785
20810 20783 20812
20810 20812 20813
20813 20812 20814
20813 20814 20815
20783 20816 20812
20816 20814 20812
20783 20817 20816
20783 20781 20817
20818 20817 20781
20818 20781 20775
20819 20818 20775
20820 20819 20775
20816 20821 20814
20820 20775 20774
20774 20822 20820
20823 20820 20822
20822 20824 20823
20815 20814 20825
20821 20825 20814
20815 20825 20826
20821 20827 20825
20826 20825 20828
20827 20828 20825
20826 20828 20829
20827 20830 20828
20828 20831 20829
20832 20829 20831
20824 20833 20830
20824 20822 20833
20833 20828 20830
20834 20833 20822
20822 20835 20834
20834 20836 20833
20833 20836 20828
20835 20822 20837
20774 20837 20822
20837 20774 20794
20837 20794 20838
20838 20794 20839
20839 20794 20800
20839 20800 20840
20802 20840 20800
20841 20828 20836
20802 20842 20840
20841 20843 20828
20844 20843 20841
20842 20845 20844
20844 20845 20843
20802 20846 20842
20842 20846 20845
20847 20846 20802
20847 20802 20806
20847 20848 20846
20848 20845 20846
20847 20806 20849
20848 20850 20845
20850 20843 20845
20849 20806 20804
20850 20851 20843
20851 20828 20843
20849 20804 20852
20851 20853 20828
20852 20804 20797
20852 20797 20854
20853 20831 20828
20854 20797 20785
20854 20785 20855
20856 20831 20853
20785 20857 20855
20811 20857 20785
20858 20855 20857
20859 20857 20811
20856 20860 20831
20856 20861 20860
20832 20831 20860
20832 20860 20861
20856 20862 20861
20832 20861 20863
20862 20864 20861
20863 20861 20865
20861 20864 20866
20861 20866 20865
20858 20857 20867
20859 20867 20857
20858 20867 20868
20859 20868 20867
20858 20868 20869
20859 20870 20868
20869 20868 20871
20870 20872 20868
20868 20873 20871
20868 20872 20873
20874 20875 20876
20877 20876 20875
20876 20877 20878
20876 20878 20879
20875 20874 20880
20879 20878 20881
20880 20882 20875
20880 20883 20882
20881 20878 20884
20881 20884 20885
20886 20885 20884
20886 20887 20885
20882 20883 20888
20889 20888 20883
20889 20890 20888
20882 20888 20891
20892 20891 20888
20893 20882 20891
20893 20875 20882
20875 20893 20894
20894 20895 20875
20896 20890 20889
20877 20875 20895
20895 20897 20877
20895 20898 20897
20898 20899 20897
20892 20888 20900
20901 20892 20900
20896 20902 20890
20887 20902 20896
20899 20903 20897
20899 20904 20903
20905 20903 20904
20905 20904 20906
20906 20901 20907
20901 20900 20907
20887 20908 20902
20886 20908 20887
20905 20906 20909
20906 20907 20909
20910 20890 20902
20910 20911 20890
20912 20910 20902
20912 20902 20908
20911 20888 20890
20913 20912 20908
20913 20908 20886
20911 20914 20888
20913 20886 20915
20913 20915 20916
20916 20915 20917
20916 20917 20918
20886 20919 20915
20919 20917 20915
20886 20920 20919
20886 20884 20920
20921 20920 20884
20921 20884 20878
20922 20921 20878
20923 20922 20878
20919 20924 20917
20923 20878 20877
20877 20925 20923
20926 20923 20925
20925 20927 20926
20918 20917 20928
20924 20928 20917
20918 20928 20929
20924 20930 20928
20929 20928 20931
20930 20931 20928
20929 20931 20932
20930 20933 20931
20931 20934 20932
20935 20932 20934
20927 20936 20933
20927 20925 20936
20936 20931 20933
20937 20936 20925
20925 20938 20937
20937 20939 20936
20936 20939 20931
20938 20925 20940
20877 20940 20925
20940 20877 20897
20940 20897 20941
20941 20897 20942
20942 20897 20903
20942 20903 20943
20905 20943 20903
20944 20931 20939
20905 20945 20943
20944 20946 20931
20947 20946 20944
20945 20948 20947
20947 20948 20946
20905 20949 20945
20945 20949 20948
20950 20949 20905
20950 20905 20909
20950 20951 20949
20951 20948 20949
20950 20909 20952
20951 20953 20948
20953 20946 20948
20952 20909 20907
20953 20954 20946
20954 20931 20946
20952 20907 20955
20954 20956 20931
20955 20907 20900
20955 20900 20957
20956 20934 20931
20957 20900 20888
20957 20888 20958
20959 20934 20956
20888 20960 20958
20914 20960 20888
20961 20958 20960
20962 20960 20914
20959 20963 20934
20959 20964 20963
20935 20934 20963
20935 20963 20964
20959 20965 20964
20935 20964 20966
20965 20967 20964
20966 20964 20968
20964 20967 20969
20964 20969 20968
20961 20960 20970
20962 20970 20960
20961 20970 20971
20962 20971 20970
20961 20971 20972
20962 20973 20971
20972 20971 20974
20973 20975 20971
20971 20976 20974
20971 20975 20976
20977 20978 20979
20980 20979 20978
20979 20980 20981
20979 20981 20982
20978 20977 20983
20982 20981 20984
20983 20985 20978
20983 20986 20985
20984 20981 20987
20984 20987 20988
20989 20988 20987
20989 20990 20988
20985 20986 20991
20992 20991 20986
20992 20993 20991
20985 20991 20994
20995 20994 20991
20996 20985 20994
20996 20978 20985
20978 20996 20997
20997 20998 20978
20999 20993 20992
20980 20978 20998
20998 21000 20980
20998 21001 21000
21001 21002 21000
20995 20991 21003
21004 20995 21003
20999 21005 20993
20990 21005 20999
21002 21006 21000
21002 21007 21006
21008 21006 21007
21008 21007 21009
21009 21004 21010
21004 21003 21010
20990 21011 21005
20989 21011 20990
21008 21009 21012
21009 21010 21012
21013 20993 21005
21013 21014 20993
21015 21013 21005
21015 21005 21011
21014 20991 20993
21016 21015 21011
21016 21011 20989
21014 21017 20991
21016 20989 21018
21016 21018 21019
21019 21018 21020
21019 21020 21021
20989 21022 21018
21022 21020 21018
20989 21023 21022
20989 20987 21023
21024 21023 20987
21024 20987 20981
21025 21024 20981
21026 21025 20981
21022 21027 21020
21026 20981 20980
20980 21028 21026
21029 21026 21028
21028 21030 21029
21021 21020 21031
21027 21031 21020
21021 21031 21032
21027 21033 21031
21032 21031 21034
21033 21034 21031
21032 21034 21035
21033 21036 21034
21034 21037 21035
21038 21035 21037
21030 21039 21036
21030 21028 21039
21039 21034 21036
21040 21039 21028
21028 21041 21040
21040 21042 21039
21039 21042 21034
21041 21028 21043
20980 21043 21028
21043 20980 21000
21043 21000 21044
21044 21000 21045
21045 21000 21006
21045 21006 21046
21008 21046 21006
21047 21034 21042
21008 21048 21046
21047 21049 21034
21050 21049 21047
21048 21051 21050
21050 21051 21049
21008 21052 21048
21048 21052 21051
21053 21052 21008
21053 21008 21012
21053 21054 21052
21054 21051 21052
21053 21012 21055
21054 21056 21051
21056 21049 21051
21055 21012 21010
21056 21057 21049
21057 21034 21049
21055 21010 21058
21057 21059 21034
21058 21010 21003
21058 21003 21060
21059 21037 21034
21060 21003 20991
21060 20991 21061
21062 21037 21059
20991 21063 21061
21017 21063 20991
21064 21061 21063
21065 21063 21017
21062 21066 21037
21062 21067 21066
21038 21037 21066
21038 21066 21067
21062 21068 21067
21038 21067 21069
21068 21070 21067
21069 21067 21071
21067 21070 21072
21067 21072 21071
21064 21063 21073
21065 21073 21063
21064 21073 21074
21065 21074 21073
21064 21074 21075
21065 21076 21074
21075 21074 21077
21076 21078 21074
21074 21079 21077
21074 21078 21079
21080 21081 21082
21083 21081 21080
21081 21084 21082
21081 21083 21085
21081 21086 21084
21081 21085 21087
21081 21088 21086
21081 21087 21089
21088 21090 21086
21088 21091 21090
21092 21089 21087
21092 21093 21089
21094 21090 21091
21094 21095 21090
21092 21096 21093
21092 21097 21096
21098 21095 21094
21098 21094 21099
21098 21099 21100
21098 21100 21101
21102 21101 21100
21096 21097 21103
21096 21103 21104
21105 21104 21103
21105 21103 21106
21107 21105 21106
21102 21108 21101
21107 21106 21109
21102 21110 21108
21107 21109 21111
21110 21102 21112
21113 21107 21111
21112 21102 21114
21102 21115 21114
21102 21116 21115
21102 21117 21116
21118 21107 21113
21107 21118 21119
21107 21119 21120
21107 21120 21121
21117 21122 21116
21117 21123 21122
21124 21121 21120
21124 21125 21121
21126 21122 21123
21126 21127 21122
21124 21128 21125
21124 21129 21128
21130 21127 21126
21130 21126 21131
21130 21131 21132
21130 21132 21133
21134 21133 21132
21128 21129 21135
21128 21135 21136
21137 21136 21135
21137 21135 21138
21139 21137 21138
21134 21140 21133
21139 21138 21141
21134 21142 21140
21139 21141 21143
21142 21134 21144
21145 21139 21143
21144 21134 21146
21134 21147 21146
21134 21148 21147
21134 21149 21148
21150 21139 21145
21139 21150 21151
21139 21151 21152
21139 21152 21153
21149 21154 21148
21149 21155 21154
21156 21153 21152
21156 21157 21153
21158 21154 21155
21156 21158 21157
21158 21159 21154
21156 21159 21158
21160 21161 21162
21160 21162 21163
21161 21164 21162
21162 21165 21163
21164 21166 21162
21162 21166 21165
21167 21168 21169
21167 21169 21170
21171 21168 21167
21170 21169 21172
21170 21172 21173
21171 21174 21168
21175 21174 21171
21168 21176 21169
21169 21176 21172
21174 21176 21168
21172 21176 21177
21173 21172 21177
21178 21176 21174
21175 21178 21174
21173 21177 21179
21180 21178 21175
21179 21177 21181
21177 21176 21181
21179 21181 21182
21180 21183 21178
21183 21176 21178
21184 21183 21180
21182 21181 21185
21181 21176 21185
21182 21185 21186
21184 21187 21183
21187 21176 21183
21188 21187 21184
21186 21185 21189
21185 21176 21189
21186 21189 21190
21190 21191 21188
21188 21191 21187
21191 21176 21187
21190 21189 21191
21189 21176 21191
21192 21193 21194
21192 21194 21195
21196 21193 21192
21195 21194 21197
21195 21197 21198
21196 21199 21193
21200 21199 21196
21193 21201 21194
21194 21201 21197
21199 21201 21193
21197 21201 21202
21198 21197 21202
21203 21201 21199
21200 21203 21199
21198 21202 21204
21205 21203 21200
21204 21202 21206
21202 21201 21206
21204 21206 21207
21205 21208 21203
21208 21201 21203
21209 21208 21205
21207 21206 21210
21206 21201 21210
21207 21210 21211
21209 21212 21208
21212 21201 21208
21213 21212 21209
21211 21210 21214
21210 21201 21214
21211 21214 21215
21215 21216 21213
21213 21216 21212
21216 21201 21212
21215 21214 21216
21214 21201 21216
21217 21218 21219
21217 21219 21220
21221 21217 21220
21218 21222 21219
21218 21223 21222
21221 21220 21224
21225 21221 21224
21220 21219 21226
21219 21222 21226
21224 21220 21226
21222 21227 21226
21223 21227 21222
21228 21224 21226
21225 21224 21228
21223 21229 21227
21230 21225 21228
21229 21231 21227
21227 21231 21226
21229 21232 21231
21230 21228 21233
21233 21228 21226
21234 21230 21233
21232 21235 21231
21231 21235 21226
21232 21236 21235
21234 21233 21237
21237 21233 21226
21238 21234 21237
21236 21239 21235
21235 21239 21226
21236 21240 21239
21240 21238 21241
21238 21237 21241
21241 21237 21226
21240 21241 21239
21239 21241 21226
21242 21243 21244
21242 21244 21245
21246 21242 21245
21243 21247 21244
21243 21248 21247
21246 21245 21249
21250 21246 21249
21245 21244 21251
21244 21247 21251
21249 21245 21251
21247 21252 21251
21248 21252 21247
21253 21249 21251
21250 21249 21253
21248 21254 21252
21255 21250 21253
21254 21256 21252
21252 21256 21251
21254 21257 21256
21255 21253 21258
21258 21253 21251
21259 21255 21258
21257 21260 21256
21256 21260 21251
21257 21261 21260
21259 21258 21262
21262 21258 21251
21263 21259 21262
21261 21264 21260
21260 21264 21251
21261 21265 21264
21265 21263 21266
21263 21262 21266
21266 21262 21251
21265 21266 21264
21264 21266 21251
21267 21268 21269
21267 21269 21270
21271 21268 21267
21270 21269 21272
21271 21273 21268
21270 21272 21274
21275 21273 21271
21274 21272 21276
21275 21277 21273
21274 21276 21278
21279 21277 21275
21278 21276 21280
21279 21281 21277
21278 21280 21282
21283 21281 21279
21282 21280 21284
21283 21285 21281
21282 21284 21286
21287 21285 21283
21286 21284 21288
21287 21289 21285
21286 21288 21290
21291 21289 21287
21290 21288 21292
21291 21293 21289
21290 21292 21294
21295 21293 21291
21294 21292 21296
21295 21297 21293
21294 21296 21298
21298 21297 21295
21298 21296 21297
21299 21300 21301
21299 21302 21300
21301 21300 21303
21304 21302 21299
21301 21303 21305
21304 21306 21302
21305 21303 21307
21308 21306 21304
21305 21307 21309
21308 21310 21306
21309 21307 21311
21312 21310 21308
21309 21311 21313
21312 21314 21310
21313 21311 21315
21316 21314 21312
21313 21315 21317
21316 21318 21314
21317 21315 21319
21320 21318 21316
21317 21319 21321
21320 21322 21318
21321 21319 21323
21324 21322 21320
21321 21323 21325
21324 21326 21322
21325 21323 21327
21328 21326 21324
21325 21327 21329
21328 21330 21326
21329 21327 21330
21329 21330 21328
21331 21332 21333
21331 21334 21332
21335 21331 21333
21334 21336 21332
21335 21333 21337
21334 21338 21336
21339 21335 21337
21338 21340 21336
21339 21337 21341
21338 21342 21340
21343 21339 21341
21342 21344 21340
21343 21341 21345
21342 21346 21344
21347 21343 21345
21346 21348 21344
21347 21345 21349
21346 21350 21348
21351 21347 21349
21350 21352 21348
21351 21349 21353
21350 21354 21352
21355 21351 21353
21354 21356 21352
21355 21353 21357
21354 21358 21356
21359 21355 21357
21358 21360 21356
21359 21357 21361
21358 21362 21360
21363 21359 21361
21362 21364 21360
21363 21361 21365
21362 21366 21364
21366 21363 21365
21366 21365 21364
21367 21368 21369
21367 21369 21370
21371 21368 21367
21370 21369 21372
21371 21373 21368
21370 21372 21374
21375 21373 21371
21374 21372 21376
21375 21377 21373
21374 21376 21378
21379 21377 21375
21378 21376 21380
21379 21381 21377
21378 21380 21382
21383 21381 21379
21382 21380 21384
21383 21385 21381
21382 21384 21386
21387 21385 21383
21386 21384 21388
21387 21389 21385
21386 21388 21390
21391 21389 21387
21390 21388 21392
21391 21393 21389
21390 21392 21394
21395 21393 21391
21394 21392 21396
21395 21397 21393
21394 21396 21398
21398 21397 21395
21398 21396 21397
21399 21400 21401
21399 21402 21400
21401 21400 21403
21404 21402 21399
21401 21403 21405
21404 21406 21402
21405 21403 21407
21408 21406 21404
21405 21407 21409
21408 21410 21406
21409 21407 21411
21412 21410 21408
21409 21411 21413
21412 21414 21410
21413 21411 21415
21416 21414 21412
21413 21415 21417
21416 21418 21414
21417 21415 21419
21420 21418 21416
21417 21419 21421
21420 21422 21418
21421 21419 21423
21424 21422 21420
21421 21423 21425
21424 21426 21422
21425 21423 21427
21428 21426 21424
21425 21427 21429
21428 21430 21426
21429 21427 21430
21429 21430 21428
