byte offset: 0
first index: 59853
index count: 11961
topology: trianglelist
format: DXGI_FORMAT_R16_UINT

17502 17503 17504
17505 17506 17507
17508 17509 17510
17511 17512 17513
17514 17515 17516
17517 17518 17519
17520 17521 17522
17523 17524 17525
17526 17527 17528
17529 17530 17531
17532 17533 17534
17535 17536 17537
17538 17539 17540
17541 17542 17543
17544 17545 17546
17547 17548 17545
17549 17548 17547
17550 17549 17547
17550 17551 17549
17552 17551 17550
17550 17547 17553
17553 17547 17554
17553 17554 17555
17556 17552 17550
17556 17557 17552
17557 17556 17558
17553 17555 17559
17559 17555 17560
17553 17561 17550
17553 17559 17561
17556 17550 17561
17559 17560 17562
17562 17561 17559
17562 17560 17563
17556 17564 17558
17558 17564 17565
17564 17566 17565
17561 17567 17556
17556 17567 17564
17562 17568 17561
17561 17568 17567
17562 17563 17569
17569 17568 17562
17570 17567 17568
17569 17570 17568
17571 17570 17569
17569 17563 17572
17569 17572 17571
17572 17563 17573
17574 17572 17573
17572 17574 17571
17574 17573 17575
17576 17574 17575
17571 17574 17576
17577 17576 17575
17567 17578 17564
17570 17579 17567
17567 17579 17578
17571 17580 17570
17579 17570 17580
17571 17581 17580
17581 17579 17580
17571 17576 17582
17581 17571 17582
17576 17577 17583
17576 17583 17582
17564 17578 17584
17564 17584 17566
17578 17579 17585
17581 17586 17579
17579 17586 17585
17581 17582 17587
17586 17581 17587
17583 17588 17582
17587 17582 17588
17577 17589 17583
17583 17589 17588
17578 17590 17584
17578 17585 17590
17585 17586 17591
17586 17587 17591
17587 17588 17592
17593 17588 17589
17592 17588 17593
17594 17591 17587
17594 17587 17592
17585 17591 17595
17590 17585 17596
17596 17585 17595
17597 17595 17591
17597 17591 17594
17598 17596 17595
17598 17595 17597
17584 17590 17599
17600 17590 17596
17590 17600 17599
17601 17599 17600
17600 17596 17602
17598 17602 17596
17601 17600 17602
17584 17599 17603
17566 17584 17603
17604 17594 17592
17594 17605 17597
17594 17604 17605
17597 17606 17598
17597 17605 17606
17598 17607 17602
17606 17607 17598
17601 17602 17608
17602 17607 17608
17604 17592 17609
17592 17593 17609
17604 17610 17605
17606 17605 17610
17611 17604 17609
17611 17609 17593
17604 17612 17610
17611 17612 17604
17606 17613 17607
17606 17610 17614
17613 17606 17614
17607 17615 17608
17613 17615 17607
17612 17616 17610
17614 17610 17616
17612 17617 17616
17617 17618 17616
17614 17616 17618
17614 17618 17619
17613 17614 17619
17620 17617 17612
17620 17612 17611
17613 17619 17621
17622 17620 17611
17611 17593 17622
17622 17623 17620
17624 17613 17621
17624 17621 17625
17613 17624 17615
17626 17624 17625
17624 17626 17615
17622 17593 17627
17593 17589 17627
17623 17622 17628
17622 17627 17628
17623 17628 17629
17626 17630 17615
17615 17630 17608
17629 17628 17631
17629 17631 17632
17626 17633 17630
17634 17633 17626
17630 17635 17608
17635 17601 17608
17636 17635 17630
17636 17601 17635
17630 17633 17637
17636 17630 17637
17638 17636 17637
17636 17639 17601
17639 17636 17638
17633 17640 17637
17634 17640 17633
17632 17631 17641
17632 17641 17642
17642 17641 17643
17642 17643 17644
17641 17645 17643
17641 17646 17645
17631 17646 17641
17631 17647 17646
17628 17647 17631
17648 17647 17628
17627 17648 17628
17648 17627 17649
17649 17627 17589
17650 17649 17589
17577 17650 17589
17650 17577 17651
17650 17651 17652
17653 17651 17577
17653 17577 17654
17655 17653 17654
17652 17651 17656
17656 17651 17653
17655 17657 17653
17658 17657 17655
17652 17656 17659
17660 17652 17659
17656 17653 17661
17659 17656 17661
17657 17661 17653
17660 17659 17662
17659 17661 17662
17660 17662 17663
17658 17664 17657
17665 17664 17658
17657 17666 17661
17666 17662 17661
17664 17666 17657
17667 17663 17662
17666 17667 17662
17667 17668 17663
17669 17667 17666
17664 17669 17666
17670 17668 17667
17669 17670 17667
17670 17671 17668
17665 17672 17664
17673 17672 17665
17673 17674 17672
17675 17664 17672
17675 17669 17664
17675 17670 17669
17676 17674 17673
17676 17677 17674
17676 17678 17677
17676 17679 17678
17675 17680 17670
17680 17671 17670
17680 17681 17671
17682 17681 17680
17682 17683 17681
17682 17684 17683
17682 17685 17684
17686 17678 17687
17686 17687 17688
17689 17690 17691
17689 17692 17690
17693 17692 17689
17692 17694 17690
17695 17692 17693
17692 17696 17694
17696 17697 17694
17696 17698 17697
17699 17697 17698
17695 17700 17692
17701 17692 17700
17702 17700 17695
17692 17703 17696
17703 17698 17696
17701 17703 17692
17702 17704 17700
17704 17701 17700
17705 17704 17702
17705 17706 17704
17707 17706 17705
17704 17708 17701
17706 17708 17704
17699 17698 17709
17710 17699 17709
17710 17711 17699
17712 17711 17710
17712 17710 17713
17713 17710 17714
17714 17710 17715
17709 17698 17716
17703 17716 17698
17701 17717 17703
17703 17717 17716
17718 17717 17701
17717 17718 17716
17709 17716 17719
17710 17709 17719
17720 17710 17719
17719 17721 17720
17720 17721 17718
17716 17721 17719
17716 17718 17721
17718 17701 17722
17720 17718 17722
17708 17722 17701
17710 17723 17715
17720 17723 17710
17715 17723 17724
17724 17723 17720
17715 17724 17725
17725 17724 17726
17726 17724 17720
17725 17726 17727
17727 17726 17728
17708 17729 17722
17720 17722 17729
17726 17720 17730
17720 17729 17730
17728 17726 17731
17731 17726 17730
17728 17731 17732
17731 17733 17732
17734 17729 17708
17706 17734 17708
17730 17729 17735
17734 17735 17729
17731 17730 17736
17730 17735 17736
17737 17733 17731
17737 17731 17736
17738 17733 17737
17739 17738 17737
17740 17734 17706
17707 17740 17706
17741 17735 17734
17740 17741 17734
17742 17740 17707
17742 17707 17743
17744 17740 17742
17744 17741 17740
17745 17741 17744
17741 17746 17735
17736 17735 17746
17745 17746 17741
17736 17746 17747
17747 17746 17745
17737 17736 17747
17747 17745 17748
17749 17747 17748
17749 17737 17747
17739 17737 17749
17739 17749 17750
17751 17752 17753
17751 17753 17754
17751 17754 17755
17756 17751 17755
17755 17754 17757
17756 17755 17758
17759 17756 17758
17755 17757 17760
17758 17755 17760
17758 17760 17761
17760 17757 17762
17759 17758 17763
17763 17758 17761
17764 17759 17763
17760 17762 17765
17761 17760 17765
17765 17762 17766
17764 17763 17767
17767 17768 17764
17767 17769 17768
17770 17769 17767
17770 17771 17769
17770 17772 17771
17770 17773 17772
17767 17763 17774
17767 17774 17770
17775 17770 17774
17775 17774 17776
17774 17763 17776
17763 17761 17776
17776 17761 17775
17765 17766 17777
17777 17766 17778
17779 17777 17778
17780 17773 17770
17780 17770 17775
17781 17777 17779
17781 17779 17782
17781 17782 17783
17781 17783 17784
17785 17781 17784
17785 17784 17786
17787 17785 17786
17787 17788 17785
17789 17781 17785
17788 17789 17785
17789 17777 17781
17788 17790 17789
17791 17777 17789
17790 17791 17789
17791 17765 17777
17790 17792 17791
17793 17765 17791
17792 17793 17791
17761 17765 17793
17761 17793 17794
17792 17794 17793
17775 17761 17794
17775 17794 17792
17775 17792 17795
17796 17775 17795
17796 17780 17775
17796 17797 17780
17797 17796 17798
17797 17773 17780
17797 17798 17799
17799 17773 17797
17799 17798 17800
17799 17801 17773
17799 17800 17802
17802 17801 17799
17802 17800 17803
17802 17804 17801
17802 17803 17805
17805 17804 17802
17805 17806 17804
17807 17808 17809
17807 17810 17808
17811 17810 17807
17811 17812 17810
17813 17812 17811
17813 17814 17812
17815 17814 17813
17815 17816 17814
17817 17816 17815
17817 17818 17816
17819 17818 17817
17819 17820 17818
17821 17820 17819
17821 17822 17820
17823 17822 17821
17823 17824 17822
17823 17825 17824
17820 17822 17826
17818 17820 17826
17818 17826 17827
17816 17818 17827
17816 17827 17828
17829 17816 17828
17829 17830 17816
17831 17830 17829
17831 17829 17832
17833 17831 17832
17833 17834 17831
17835 17834 17833
17836 17834 17835
17835 17833 17837
17835 17837 17838
17835 17838 17839
17840 17841 17842
17840 17842 17843
17844 17840 17843
17843 17842 17845
17846 17844 17843
17843 17845 17847
17847 17845 17848
17847 17848 17849
17850 17849 17848
17846 17843 17851
17852 17851 17843
17853 17846 17851
17843 17847 17854
17854 17847 17849
17852 17843 17854
17853 17851 17855
17855 17851 17852
17856 17853 17855
17856 17855 17857
17858 17856 17857
17855 17852 17859
17857 17855 17859
17850 17860 17849
17861 17860 17850
17861 17850 17862
17863 17861 17862
17863 17864 17861
17864 17865 17861
17865 17866 17861
17860 17867 17849
17854 17849 17867
17852 17854 17868
17854 17867 17868
17869 17852 17868
17868 17867 17869
17860 17870 17867
17861 17870 17860
17871 17870 17861
17870 17871 17872
17871 17869 17872
17870 17872 17867
17867 17872 17869
17869 17873 17852
17871 17873 17869
17859 17852 17873
17861 17866 17874
17871 17861 17874
17866 17875 17874
17875 17871 17874
17866 17876 17875
17876 17877 17875
17877 17871 17875
17876 17878 17877
17878 17879 17877
17859 17873 17880
17871 17880 17873
17879 17881 17877
17879 17882 17881
17881 17882 17883
17877 17884 17871
17871 17884 17880
17881 17884 17877
17885 17859 17880
17857 17859 17885
17886 17881 17883
17887 17886 17883
17888 17886 17887
17884 17889 17880
17885 17880 17889
17881 17890 17884
17886 17890 17881
17884 17890 17889
17891 17857 17885
17858 17857 17891
17888 17892 17886
17888 17893 17892
17892 17894 17886
17886 17894 17890
17892 17895 17894
17894 17895 17896
17890 17894 17897
17890 17897 17889
17894 17896 17897
17898 17885 17889
17898 17889 17897
17896 17898 17897
17891 17885 17898
17896 17899 17898
17899 17891 17898
17899 17900 17891
17900 17858 17891
17900 17901 17858
17902 17903 17904
17902 17905 17903
17902 17906 17905
17907 17906 17902
17906 17908 17905
17907 17909 17906
17910 17909 17907
17906 17911 17908
17909 17911 17906
17909 17912 17911
17911 17913 17908
17910 17914 17909
17914 17912 17909
17915 17914 17910
17911 17916 17913
17912 17916 17911
17916 17917 17913
17915 17918 17914
17918 17915 17919
17918 17919 17920
17921 17918 17920
17921 17920 17922
17921 17922 17923
17921 17923 17924
17918 17925 17914
17918 17921 17925
17921 17926 17925
17927 17926 17921
17927 17921 17924
17925 17928 17914
17926 17928 17925
17914 17928 17912
17928 17926 17912
17929 17927 17924
17930 17926 17927
17930 17927 17929
17930 17931 17926
17929 17932 17930
17926 17931 17933
17934 17929 17924
17929 17934 17932
17934 17924 17935
17934 17936 17932
17937 17934 17935
17934 17937 17936
17937 17938 17936
17937 17935 17939
17937 17940 17938
17940 17937 17939
17940 17939 17941
17926 17933 17942
17926 17942 17912
17912 17942 17943
17933 17943 17942
17912 17943 17916
17933 17944 17943
17943 17944 17916
17945 17944 17933
17944 17946 17916
17916 17946 17917
17946 17947 17917
17948 17947 17946
17945 17949 17944
17944 17949 17946
17950 17949 17945
17951 17948 17946
17949 17951 17946
17951 17952 17948
17951 17953 17952
17951 17954 17953
17950 17955 17949
17949 17955 17951
17955 17954 17951
17956 17955 17950
17955 17957 17954
17956 17957 17955
17958 17959 17960
17958 17960 17961
17962 17958 17961
17962 17961 17963
17964 17962 17963
17964 17963 17965
17966 17964 17965
17966 17965 17967
17968 17966 17967
17968 17967 17969
17970 17968 17969
17970 17969 17971
17972 17970 17971
17972 17971 17973
17974 17972 17973
17974 17973 17975
17974 17975 17976
17971 17977 17973
17969 17977 17971
17969 17978 17977
17967 17978 17969
17967 17979 17978
17980 17979 17967
17980 17967 17981
17982 17980 17981
17982 17983 17980
17984 17983 17982
17984 17982 17985
17986 17984 17985
17987 17986 17985
17986 17988 17984
17986 17989 17988
17986 17990 17989
17991 17992 17993
17991 17994 17992
17994 17995 17992
17995 17996 17992
17995 17997 17996
17995 17998 17997
17995 17999 17998
17998 17999 18000
17998 18000 18001
18000 18002 18001
18000 18003 18002
18004 18003 18000
18005 18004 18000
18005 18006 18004
18005 18007 18006
18007 18008 18006
18007 18009 18008
18007 18010 18009
18010 18011 18009
18010 18012 18011
18013 18014 18015
18016 18013 18015
18017 18018 18019
18020 18018 18017
18021 18022 18023
18021 18023 18024
18024 18023 18025
18024 18025 18026
18027 18021 18024
18024 18026 18028
18027 18024 18028
18029 18028 18026
18030 18027 18028
18030 18031 18027
18029 18032 18028
18033 18028 18032
18033 18030 18028
18034 18030 18033
18035 18030 18034
18035 18036 18030
18030 18036 18037
18031 18030 18038
18030 18037 18038
18031 18038 18039
18037 18040 18038
18039 18038 18040
18039 18040 18041
18042 18043 18044
18042 18045 18043
18045 18046 18043
18046 18047 18043
18046 18048 18047
18046 18049 18048
18046 18050 18049
18049 18050 18051
18049 18051 18052
18051 18053 18052
18051 18054 18053
18055 18054 18051
18056 18055 18051
18056 18057 18055
18056 18058 18057
18058 18059 18057
18058 18060 18059
18058 18061 18060
18061 18062 18060
18061 18063 18062
18064 18065 18066
18067 18064 18066
18068 18069 18070
18071 18069 18068
18072 18073 18074
18072 18074 18075
18075 18074 18076
18075 18076 18077
18078 18072 18075
18075 18077 18079
18078 18075 18079
18080 18079 18077
18081 18078 18079
18081 18082 18078
18080 18083 18079
18084 18079 18083
18084 18081 18079
18085 18081 18084
18086 18081 18085
18086 18087 18081
18081 18087 18088
18082 18081 18089
18081 18088 18089
18088 18090 18089
18089 18090 18091
18092 18093 18091
18094 18093 18092
18095 18096 18097
18095 18098 18096
18098 18099 18096
18099 18100 18096
18099 18101 18100
18099 18102 18101
18099 18103 18102
18102 18103 18104
18102 18104 18105
18104 18106 18105
18104 18107 18106
18108 18107 18104
18109 18108 18104
18109 18110 18108
18109 18111 18110
18111 18112 18110
18111 18113 18112
18111 18114 18113
18114 18115 18113
18114 18116 18115
18117 18118 18119
18120 18117 18119
18121 18122 18123
18124 18122 18121
18125 18126 18127
18125 18127 18128
18128 18127 18129
18128 18129 18130
18131 18125 18128
18128 18130 18132
18131 18128 18132
18133 18132 18130
18134 18131 18132
18134 18135 18131
18133 18136 18132
18137 18132 18136
18137 18134 18132
18138 18134 18137
18139 18134 18138
18139 18140 18134
18134 18140 18141
18135 18134 18142
18134 18141 18142
18135 18142 18143
18141 18144 18142
18143 18142 18144
18143 18144 18145
18146 18147 18148
18146 18148 18149
18150 18146 18149
18150 18149 18151
18150 18151 18152
18153 18150 18152
18153 18152 18154
18153 18154 18155
18154 18156 18155
18155 18156 18157
18155 18157 18158
18159 18155 18158
18159 18160 18155
18161 18160 18159
18161 18159 18162
18161 18162 18163
18161 18163 18164
18165 18161 18164
18166 18165 18164
18166 18164 18167
18168 18167 18164
18168 18164 18169
18169 18164 18170
18169 18170 18171
18172 18168 18169
18169 18171 18173
18172 18169 18173
18174 18173 18171
18175 18172 18173
18175 18176 18172
18174 18177 18173
18178 18173 18177
18178 18175 18173
18179 18175 18178
18180 18175 18179
18180 18181 18175
18175 18181 18182
18176 18175 18183
18175 18182 18183
18176 18183 18184
18182 18185 18183
18184 18183 18185
18184 18185 18186
18187 18188 18189
18190 18187 18189
18191 18192 18193
18194 18192 18191
18195 18196 18197
18195 18198 18196
18198 18199 18196
18199 18200 18196
18199 18201 18200
18199 18202 18201
18199 18203 18202
18202 18203 18204
18202 18204 18205
18204 18206 18205
18204 18207 18206
18208 18207 18204
18209 18208 18204
18209 18210 18208
18209 18211 18210
18211 18212 18210
18211 18213 18212
18211 18214 18213
18214 18215 18213
18214 18216 18215
18217 18218 18219
18220 18217 18219
18221 18222 18223
18224 18222 18221
18225 18226 18227
18225 18227 18228
18228 18227 18229
18228 18229 18230
18231 18225 18228
18228 18230 18232
18231 18228 18232
18233 18232 18230
18234 18231 18232
18234 18235 18231
18233 18236 18232
18237 18232 18236
18237 18234 18232
18238 18234 18237
18239 18234 18238
18239 18240 18234
18234 18240 18241
18235 18234 18242
18234 18241 18242
18235 18242 18243
18241 18244 18242
18243 18242 18244
18243 18244 18245
18246 18247 18248
18249 18248 18247
18249 18250 18248
18251 18249 18247
18250 18249 18252
18253 18249 18251
18252 18249 18254
18255 18249 18253
18254 18249 18256
18257 18249 18255
18256 18249 18258
18259 18249 18257
18258 18249 18260
18261 18249 18259
18260 18249 18262
18263 18249 18261
18262 18249 18264
18264 18249 18263
18265 18266 18267
18267 18266 18268
18269 18267 18268
18266 18270 18268
18266 18271 18270
18270 18271 18272
18270 18272 18273
18272 18274 18273
18272 18275 18274
18276 18277 18278
18276 18278 18279
18280 18281 18282
18280 18282 18283
18283 18282 18284
18283 18284 18285
18285 18284 18286
18285 18286 18287
18287 18286 18288
18287 18288 18289
18290 18291 18292
18290 18292 18293
18294 18295 18296
18294 18296 18297
18298 18299 18300
18298 18301 18299
18302 18301 18298
18302 18303 18301
18304 18303 18302
18304 18305 18303
18306 18305 18304
18306 18304 18307
18308 18309 18310
18308 18310 18311
18312 18313 18314
18312 18314 18315
18316 18317 18318
18316 18318 18319
18320 18321 18322
18320 18323 18321
18324 18323 18320
18324 18325 18323
18326 18325 18324
18326 18324 18327
18328 18326 18327
18328 18327 18329
18329 18330 18328
18331 18330 18329
18332 18328 18330
18332 18330 18333
18332 18333 18334
18332 18334 18335
18334 18336 18335
18334 18337 18336
18337 18338 18336
18337 18339 18338
18340 18341 18342
18340 18342 18343
18343 18342 18344
18343 18344 18345
18345 18344 18346
18345 18346 18347
18348 18349 18350
18348 18351 18349
18352 18351 18348
18352 18353 18351
18354 18353 18352
18354 18355 18353
18356 18357 18358
18356 18359 18357
18360 18359 18356
18360 18361 18359
18362 18363 18364
18362 18364 18365
18365 18364 18366
18365 18366 18367
18368 18369 18370
18368 18370 18371
18372 18373 18374
18372 18375 18373
18376 18375 18372
18376 18377 18375
18378 18379 18380
18378 18380 18381
18381 18380 18382
18381 18382 18383
18383 18382 18384
18383 18384 18385
18386 18387 18388
18386 18389 18387
18390 18389 18386
18390 18391 18389
18392 18391 18390
18392 18393 18391
18394 18395 18396
18394 18396 18397
18398 18399 18400
18398 18400 18401
18402 18398 18401
18402 18401 18403
18404 18402 18403
18404 18405 18402
18406 18405 18404
18406 18407 18405
18407 18406 18408
18409 18407 18408
18410 18408 18406
18410 18411 18408
18410 18412 18411
18410 18413 18412
18412 18413 18414
18412 18414 18415
18415 18414 18416
18415 18416 18417
18418 18419 18420
18418 18421 18419
18421 18422 18419
18421 18423 18422
18423 18424 18422
18423 18425 18424
18426 18427 18428
18426 18428 18429
18430 18426 18429
18430 18429 18431
18432 18430 18431
18432 18431 18433
18434 18435 18436
18434 18436 18437
18438 18434 18437
18438 18437 18439
18440 18441 18442
18440 18443 18441
18443 18444 18441
18443 18445 18444
18446 18447 18448
18446 18448 18449
18450 18451 18452
18450 18452 18453
18454 18450 18453
18454 18453 18455
18456 18457 18458
18456 18459 18457
18459 18460 18457
18459 18461 18460
18461 18462 18460
18461 18463 18462
18464 18465 18466
18464 18466 18467
18468 18464 18467
18468 18467 18469
18470 18468 18469
18470 18469 18471
18472 18473 18474
18472 18474 18475
18476 18477 18478
18477 18479 18478
18480 18479 18477
18478 18479 18481
18478 18481 18482
18481 18483 18482
18481 18484 18483
18483 18484 18485
18483 18485 18486
18487 18488 18489
18487 18490 18488
18490 18491 18488
18490 18492 18491
18492 18493 18491
18492 18494 18493
18494 18495 18493
18494 18496 18495
18497 18498 18499
18497 18499 18500
18501 18502 18503
18501 18503 18504
18505 18506 18507
18505 18507 18508
18509 18505 18508
18509 18508 18510
18511 18509 18510
18511 18510 18512
18513 18511 18512
18513 18512 18514
18515 18516 18517
18515 18517 18518
18519 18520 18521
18519 18521 18522
18523 18524 18525
18523 18525 18526
18527 18528 18529
18527 18529 18530
18531 18532 18533
18531 18534 18532
18534 18535 18532
18534 18536 18535
18536 18537 18535
18536 18538 18537
18539 18540 18541
18539 18541 18542
18543 18544 18545
18543 18545 18546
18547 18548 18549
18547 18549 18550
18551 18552 18553
18551 18554 18552
18555 18556 18554
18555 18554 18557
18558 18559 18560
18558 18560 18561
18562 18560 18563
18562 18563 18564
18565 18566 18567
18565 18568 18566
18568 18569 18566
18568 18570 18569
18570 18571 18569
18570 18572 18571
18573 18574 18575
18573 18575 18576
18577 18573 18576
18577 18576 18578
18579 18577 18578
18579 18578 18580
18581 18582 18583
18581 18584 18582
18584 18585 18582
18584 18586 18585
18586 18587 18585
18586 18588 18587
18589 18590 18591
18589 18592 18590
18592 18593 18590
18592 18594 18593
18594 18595 18593
18594 18596 18595
18597 18598 18599
18597 18599 18600
18601 18597 18600
18601 18600 18602
18603 18601 18602
18603 18602 18604
18605 18606 18607
18605 18607 18608
18609 18610 18611
18609 18612 18610
18612 18613 18610
18612 18614 18613
18615 18616 18617
18615 18617 18618
18619 18615 18618
18619 18618 18620
18621 18619 18620
18621 18620 18622
18623 18624 18625
18623 18625 18626
18627 18623 18626
18627 18626 18628
18629 18627 18628
18629 18628 18630
18631 18632 18633
18631 18633 18634
18635 18631 18634
18635 18634 18636
18637 18635 18636
18637 18636 18638
18639 18640 18641
18639 18642 18640
18642 18643 18640
18642 18644 18643
18644 18645 18643
18644 18646 18645
18647 18648 18649
18647 18649 18650
18651 18647 18650
18651 18650 18652
18653 18651 18652
18653 18652 18654
18655 18656 18657
18655 18658 18656
18658 18659 18656
18658 18660 18659
18660 18661 18659
18660 18662 18661
18663 18664 18665
18663 18665 18666
18667 18663 18666
18667 18666 18668
18669 18667 18668
18669 18668 18670
18671 18672 18673
18671 18673 18674
18675 18671 18674
18675 18674 18676
18677 18675 18676
18677 18676 18678
18679 18680 18681
18682 18681 18680
18682 17603 18681
17566 17603 18682
18682 18683 17566
17566 18683 18684
18681 17603 17599
18681 17599 18685
18686 18681 18685
17601 18685 17599
18687 18681 18686
18687 18686 18688
18685 17601 17639
18689 18688 18686
18686 18685 18690
18685 17639 18690
18689 18686 18691
18692 18689 18691
18686 18690 18693
18693 18690 17639
18686 18693 18691
18692 18691 18694
18695 18692 18694
18693 17639 18696
17639 17638 18696
18693 18697 18691
18697 18694 18691
18697 18693 18696
18695 18694 18698
18697 18698 18694
18699 18695 18698
18700 18699 18698
18697 18701 18698
18701 18697 18696
18700 18698 18701
18701 18696 18702
18700 18701 18702
17638 18702 18696
18700 18702 18703
18702 18704 18703
18702 17638 18704
17638 18705 18704
17638 18706 18705
17638 17637 18706
18706 17637 17640
18705 18706 18707
17640 18707 18706
18705 18707 18708
18709 18708 18707
18710 18707 17640
17634 18710 17640
18709 18707 18711
18710 18711 18707
18712 18711 18710
18713 18710 17634
18712 18710 18713
18714 18711 18712
18714 18709 18711
18715 18712 18713
18715 18714 18712
18716 18715 18713
18715 18717 18714
18716 18713 18718
18713 17634 18718
18719 18716 18718
18719 18718 18720
18718 18721 18720
18718 17634 18721
18721 17634 18722
18717 18723 18714
18723 18709 18714
18717 18724 18723
18717 18725 18724
18723 18726 18709
18724 18726 18723
18725 18727 18724
18725 18728 18727
18727 18729 18724
18724 18729 18726
18727 18730 18729
18729 18730 18731
18729 18731 18732
18732 18726 18729
18732 18731 18733
18734 18709 18726
18732 18734 18726
18734 18735 18709
18732 18733 18736
18734 18732 18736
18735 18734 18736
18735 18736 18737
18736 18733 18738
18737 18736 18739
18736 18738 18739
18738 18740 18739
18737 18739 18741
18740 18741 18739
18738 18742 18740
18743 18740 18742
18743 18744 18740
18740 18745 18741
18744 18746 18740
18746 18745 18740
18746 18747 18745
18748 18749 18750
18750 18749 18751
18752 18751 18749
18753 18751 18752
18752 18749 18754
18753 18752 18755
18756 18752 18754
18755 18752 18757
18756 18757 18752
18755 18757 18758
18757 18759 18758
18757 18760 18759
18756 18761 18757
18757 18761 18760
18756 18762 18761
18763 18761 18762
18764 18760 18761
18763 18764 18761
18763 18765 18764
18764 18766 18760
18765 18766 18764
18763 18767 18765
18765 18768 18766
18765 18767 18769
18770 18768 18765
18765 18769 18771
18770 18765 18771
18769 18772 18771
18772 18770 18771
18769 18773 18772
18772 18774 18770
18773 18775 18772
18775 18774 18772
18773 18776 18775
18775 18777 18774
18775 18776 18778
18777 18775 18779
18775 18778 18779
18777 18779 18780
18781 18779 18778
18782 18780 18779
18781 18782 18779
18782 18783 18780
18782 18781 18784
18783 18782 18785
18782 18784 18785
18783 18785 18786
18785 18787 18786
18788 18787 18785
18788 18785 18784
18788 18784 18789
18790 18788 18789
18790 18791 18788
18792 18791 18790
18792 18793 18791
18792 18794 18793
18792 18795 18794
18796 18797 18798
18799 18796 18798
18799 18800 18796
18801 18800 18799
18801 18802 18800
18803 18802 18801
18803 18804 18802
18805 18804 18803
18805 18806 18804
18807 18806 18805
18807 18808 18806
18809 18808 18807
18809 18810 18808
18811 18810 18809
18811 18812 18810
18813 18814 18815
18813 18816 18814
18813 18817 18816
18818 18819 18820
18820 18821 18818
18820 18822 18821
18821 18822 18823
18821 18823 18824
18824 18823 18825
18824 18825 18826
18826 18825 18827
18826 18827 18828
18828 18827 18829
18828 18829 18830
18831 18832 18833
18832 18834 18833
18832 18835 18834
18836 18833 18834
18835 18837 18834
18838 18836 18834
18838 18834 18837
18839 18840 18841
18839 18841 18842
18843 18839 18842
18843 18842 18844
18845 18843 18844
18845 18844 18846
18847 18848 18849
18847 18849 18850
18851 18852 18853
18851 18853 18854
18855 18851 18854
18855 18854 18856
18857 18858 18859
18857 18859 18860
18861 18862 18863
18861 18864 18862
18864 18865 18862
18864 18866 18865
18867 18868 18869
18867 18869 18870
18871 18867 18870
18871 18870 18872
18873 18871 18872
18873 18872 18874
18875 18876 18877
18875 18878 18876
18878 18879 18876
18878 18880 18879
18880 18881 18879
18880 18882 18881
18883 18884 18885
18883 18885 18886
18887 18883 18886
18887 18886 18888
18889 18887 18888
18889 18888 18890
18891 18892 18893
18891 18894 18892
18894 18895 18892
18894 18896 18895
18896 18897 18895
18896 18898 18897
18899 18900 18901
18899 18901 18902
18903 18899 18902
18903 18902 18904
18905 18903 18904
18905 18904 18906
18907 18908 18909
18907 18909 18910
18911 18912 18913
18911 18913 18914
18915 18911 18914
18915 18914 18916
18917 18915 18916
18917 18916 18918
18919 18920 18921
18919 18921 18922
18923 18924 18925
18923 18925 18926
18927 18928 18929
18927 18930 18928
18930 18931 18928
18930 18932 18931
18932 18933 18931
18932 18934 18933
18935 18936 18937
18935 18937 18938
18939 18935 18938
18939 18938 18940
18941 18939 18940
18941 18940 18942
18943 18944 18945
18943 18945 18946
18947 18943 18946
18947 18946 18948
18949 18947 18948
18949 18948 18950
18951 18952 18953
18951 18954 18952
18954 18955 18952
18954 18956 18955
18956 18957 18955
18956 18958 18957
18959 18960 18961
18959 18961 18962
18963 18964 18965
18963 18965 18966
18967 18968 18969
18967 18969 18970
18971 18972 18973
18971 18973 18974
18975 18976 18977
18975 18977 18978
18979 18980 18981
18979 18981 18982
18983 18984 18985
18983 18985 18986
18987 18985 18988
18987 18988 18989
18990 18991 18992
18990 18993 18991
18994 18993 18990
18994 18995 18993
18996 18997 18998
18996 18999 18997
19000 19001 18999
19000 18999 19002
19003 19004 19005
19003 19005 19006
19007 19005 19008
19007 19008 19009
19010 19011 19012
19010 19012 19013
19014 19015 19016
19014 19016 19017
19018 19019 19020
19018 19020 19021
19022 19023 19024
19022 19025 19023
19026 19025 19022
19026 19027 19025
19028 19029 19030
19028 19030 19031
19031 19030 19032
19031 19032 19033
19034 19035 19036
19034 19036 19037
19038 19039 19040
19038 19040 19041
19042 19043 19044
19042 19044 19045
19046 19047 19048
19046 19049 19047
19050 19051 19049
19050 19049 19052
19053 19054 19055
19053 19055 19056
19057 19055 19058
19057 19058 19059
19060 19061 19062
19060 19062 19063
19064 19065 19066
19064 19066 19067
19068 19069 19070
19068 19070 19071
19072 19073 19074
19072 19074 19075
19076 19077 19078
19076 19078 19079
19080 19081 19082
19080 19082 19083
19084 19085 19086
19084 19086 19087
19088 19086 19089
19088 19089 19090
19091 19092 19093
19091 19094 19092
19095 19096 19094
19095 19094 19097
19098 19099 19100
19098 19100 19101
19101 19100 19102
19101 19102 19103
19104 19105 19106
19104 19107 19105
19108 19107 19104
19108 19109 19107
19110 19111 19112
19110 19112 19113
19114 19115 19116
19114 19116 19117
19118 19119 19120
19118 19120 19121
19122 19123 19124
19122 19124 19125
19126 19124 19127
19126 19127 19128
19129 19130 19131
19129 19132 19130
19133 19134 19132
19133 19132 19135
19136 19137 19138
19136 19138 19139
19140 19141 19142
19140 19142 19143
19144 19145 19146
19144 19146 19147
19148 19149 19150
19148 19150 19151
19152 19153 19154
19152 19154 19155
19156 19157 19158
19156 19158 19159
19160 19161 19162
19160 19162 19163
19164 19162 19165
19164 19165 19166
19167 19168 19169
19167 19170 19168
19171 19172 19170
19171 19170 19173
19174 19175 19176
19174 19176 19177
19178 19176 19179
19178 19179 19180
19181 19182 19183
19181 19184 19182
19185 19186 19184
19185 19184 19187
19188 19189 19190
19188 19190 19191
19192 19193 19194
19192 19194 19195
19196 19197 19198
19196 19198 19199
19200 19201 19202
19200 19202 19203
19204 19205 19206
19204 19206 19207
19208 19209 19210
19208 19210 19211
19212 19213 19214
19212 19214 19215
19215 19214 19216
19215 19216 19217
19218 19219 19220
19218 19220 19221
19222 19223 19224
19222 19224 19225
19226 19227 19228
19226 19229 19227
19230 19231 19229
19230 19229 19232
19233 19234 19235
19233 19235 19236
19237 19235 19238
19237 19238 19239
19240 19241 19242
19240 19242 19243
19244 19245 19246
19244 19246 19247
19248 19249 19250
19248 19250 19251
19252 19253 19254
19252 19254 19255
19256 19257 19258
19256 19258 19259
19260 19261 19262
19260 19262 19263
19264 19265 19266
19264 19266 19267
19267 19266 19268
19267 19268 19269
19270 19271 19272
19270 19273 19271
19274 19273 19270
19274 19275 19273
19276 19277 19278
19276 19279 19277
19280 19281 19279
19280 19279 19282
19283 19284 19285
19283 19285 19286
19287 19285 19288
19287 19288 19289
19290 19291 19292
19290 19292 19293
19294 19295 19296
19294 19296 19297
19298 19299 19300
19298 19300 19301
19302 19300 19303
19302 19303 19304
19305 19306 19307
19305 19308 19306
19309 19308 19305
19309 19310 19308
19311 19312 19313
19311 19313 19314
19315 19316 19317
19318 19317 19316
19318 19319 19317
19320 19319 19318
19320 19321 19319
19322 19321 19320
19322 19323 19321
19324 19323 19322
19324 19325 19323
19326 19325 19324
19326 19327 19325
19328 19327 19326
19328 19329 19327
19330 19329 19328
19330 19331 19329
19332 19331 19330
19332 19333 19331
19334 19333 19332
19334 19335 19333
19336 19335 19334
19336 19337 19335
19338 19337 19336
19338 19339 19337
19340 19339 19338
19340 19341 19339
19342 19341 19340
19342 19343 19341
19344 19345 19346
19344 19347 19345
19348 19347 19344
19348 19349 19347
19350 19349 19348
19350 19351 19349
19352 19351 19350
19352 19353 19351
19354 19353 19352
19354 19355 19353
19356 19355 19354
19356 19357 19355
19358 19357 19356
19358 19359 19357
19360 19359 19358
19360 19361 19359
19362 19361 19360
19362 19363 19361
19364 19363 19362
19364 19365 19363
19366 19365 19364
19366 19367 19365
19368 19367 19366
19368 19369 19367
19370 19369 19368
19370 19371 19369
19372 19371 19370
19372 19373 19371
19374 19373 19372
19374 19375 19373
19376 19375 19374
19376 19377 19375
19378 19379 19380
19378 19380 19381
19382 19383 19384
19382 19384 19385
19386 19387 19388
19386 19388 19389
19390 19391 19392
19390 19392 19393
19394 19395 19396
19394 19396 19397
19398 19399 19400
19398 19400 19401
19402 19403 19404
19402 19404 19405
19406 19407 19408
19406 19408 19409
19410 19411 19412
19410 19413 19411
19414 19413 19410
19414 19415 19413
19416 19415 19414
19416 19417 19415
19418 19417 19416
19418 19419 19417
19420 19419 19418
19420 19421 19419
19422 19421 19420
19422 19420 19423
19422 19423 19424
19425 19426 19427
19426 19428 19427
19429 19430 19431
19429 19431 19432
19433 19434 19435
19433 19435 19436
19437 19438 19439
19437 19439 19440
19441 19442 19443
19441 19443 19444
19445 19446 19447
19445 19447 19448
19449 19450 19451
19449 19451 19452
19453 19454 19455
19453 19455 19456
19457 19458 19459
19457 19459 19460
19461 19459 19462
19461 19462 19463
19464 19465 19466
19464 19467 19465
19468 19469 19467
19468 19467 19470
19471 19472 19473
19471 19474 19472
19475 19476 19474
19475 19474 19477
19478 19479 19480
19478 19480 19481
19482 19480 19483
19482 19483 19484
19485 19486 19487
19485 19487 19488
19489 19487 19490
19489 19490 19491
19492 19493 19494
19492 19495 19493
19496 19497 19495
19496 19495 19498
19499 19500 19501
19499 19501 19502
19503 19504 19505
19503 19505 19506
19507 19508 19509
19507 19509 19510
19511 19512 19513
19511 19513 19514
19515 19516 19517
19515 19517 19518
19519 19517 19520
19519 19520 19521
19522 19523 19524
19522 19525 19523
19526 19527 19525
19526 19525 19528
19529 19530 19531
19529 19531 19532
19533 19534 19535
19533 19535 19536
19537 19538 19539
19537 19539 19540
19541 19542 19543
19541 19544 19542
19545 19546 19544
19545 19544 19547
19548 19549 19550
19548 19550 19551
19552 19550 19553
19552 19553 19554
19555 19556 19557
19555 19557 19558
19559 19560 19561
19559 19561 19562
19563 19564 19565
19563 19565 19566
19567 19568 19569
19567 19569 19570
19571 19569 19572
19571 19572 19573
19574 19575 19576
19574 19577 19575
19578 19579 19577
19578 19577 19580
19581 19582 19583
19581 19583 19584
19585 19586 19587
19585 19587 19588
19589 19590 19591
19589 19591 19592
19593 19594 19595
19593 19595 19596
19597 19598 19599
19597 19599 19600
19601 19602 19603
19601 19603 19604
19605 19606 19607
19605 19607 19608
19609 19607 19610
19609 19610 19611
19612 19613 19614
19612 19615 19613
19616 19617 19615
19616 19615 19618
19619 19620 19621
19619 19622 19620
19623 19624 19622
19623 19622 19625
19626 19627 19628
19626 19628 19629
19630 19628 19631
19630 19631 19632
19633 19634 19635
19633 19635 19636
19637 19638 19639
19637 19639 19640
19641 19642 19643
19641 19643 19644
19645 19646 19647
19645 19647 19648
19649 19650 19651
19649 19651 19652
19653 19654 19655
19653 19655 19656
19657 19658 19659
19657 19659 19660
19661 19659 19662
19661 19662 19663
19664 19665 19666
19664 19667 19665
19668 19669 19667
19668 19667 19670
19671 19672 19673
19671 19673 19674
19674 19673 19675
19674 19675 19676
19677 19678 19679
19677 19680 19678
19681 19682 19680
19681 19680 19683
19684 19685 19686
19684 19686 19687
19688 19689 19690
19688 19690 19691
19692 19693 19694
19692 19694 19695
19696 19697 19698
19696 19699 19697
19700 19701 19699
19700 19699 19702
19703 19704 19705
19703 19705 19706
19707 19705 19708
19707 19708 19709
19710 19711 19712
19710 19712 19713
19714 19715 19716
19714 19716 19717
19718 19719 19720
19718 19720 19721
19722 19723 19724
19722 19724 19725
19726 19724 19727
19726 19727 19728
19729 19730 19731
19729 19732 19730
19733 19732 19729
19733 19734 19732
19735 19736 19737
19735 19737 19738
19739 19740 19741
19739 19741 19742
19743 19744 19745
19743 19745 19746
19747 19748 19749
19747 19749 19750
19751 19749 19752
19751 19752 19753
19754 19755 19756
19754 19757 19755
19758 19757 19754
19758 19759 19757
19760 19761 19762
19760 19762 19763
19764 19765 19766
19764 19766 19767
19768 19769 19770
19768 19770 19771
19772 19773 19774
19772 19775 19773
19776 19777 19775
19776 19775 19778
19779 19780 19781
19779 19781 19782
19783 19781 19784
19783 19784 19785
19786 19787 19788
19786 19788 19789
19790 19791 19792
19790 19792 19793
19790 19793 19794
19793 19795 19794
19793 19796 19795
19797 19790 19794
19795 19797 19794
19797 19798 19790
19799 19790 19798
19795 19800 19797
19796 19801 19795
19801 19800 19795
19796 19802 19801
19801 19803 19800
19790 19804 19805
19806 19805 19804
19806 19807 19805
19808 19807 19806
19808 19809 19807
19810 19809 19808
19811 19812 19813
19811 19813 19814
19814 19813 19815
19814 19815 19816
19816 19815 19817
19816 19817 19818
19818 19817 19819
19818 19819 19820
19820 19819 19821
19820 19821 19822
19822 19821 19823
19822 19823 19824
19824 19823 19825
19824 19825 19826
19826 19825 19827
19826 19827 19828
19828 19827 19829
19828 19829 19830
19830 19829 19831
19830 19831 19832
19832 19831 19833
19832 19833 19834
19834 19833 19835
19834 19835 19836
19836 19835 19837
19836 19837 19838
19838 19837 19839
19838 19839 19840
19841 19842 19843
19841 19843 19844
19845 19846 19847
19845 19848 19846
19849 19848 19845
19850 19846 19848
19850 19848 19851
19851 19848 19852
19849 19852 19848
19851 19852 19853
19854 19853 19852
19849 19855 19852
19854 19852 19855
19855 19849 19856
19854 19855 19857
19857 19855 19856
19854 19857 19858
19859 19857 19856
19858 19857 19860
19860 19857 19859
19858 19860 19861
19860 19859 19862
19863 19861 19860
19864 19860 19862
19863 19860 19864
19864 19862 19865
19866 19863 19864
19866 19864 19865
19866 19865 19867
19867 19868 19866
19866 19868 19869
19866 19869 19870
19871 19866 19870
19871 19872 19866
19866 19872 19873
19866 19874 19863
19866 19873 19874
19874 19873 19875
19875 19876 19874
19877 19878 19879
19877 19879 19880
19850 19880 19879
19850 19881 19880
19880 19881 19882
19883 19877 19880
19880 19882 19884
19883 19880 19884
19885 19884 19882
19883 19884 19886
19885 19886 19884
19886 19887 19883
19885 19888 19886
19888 19887 19886
19885 19889 19888
19890 19887 19888
19889 19891 19888
19891 19890 19888
19889 19892 19891
19891 19893 19890
19894 19891 19892
19895 19893 19891
19894 19895 19891
19895 19896 19893
19897 19896 19895
19897 19898 19896
19899 19895 19894
19899 19897 19895
19898 19897 19900
19897 19901 19900
19897 19902 19901
19903 19902 19897
19903 19897 19904
19899 19904 19897
19899 19905 19904
19899 19906 19905
19906 19899 19907
19908 19909 19910
19908 19910 19911
19911 19910 19912
19910 19913 19912
19914 19912 19913
19914 19913 19915
19916 19914 19915
19916 19915 19917
19918 19908 19919
19918 19919 19920
19921 19918 19920
19921 19920 19922
19923 19921 19922
19923 19922 19924
19925 19926 19927
19925 19927 19928
19929 19930 19931
19929 19932 19930
19933 19932 19929
19933 19934 19932
19935 19934 19933
19935 19936 19934
19937 19936 19935
19937 19938 19936
19939 19938 19937
19939 19940 19938
19941 19940 19939
19941 19942 19940
19943 19942 19941
19943 19944 19942
19945 19944 19943
19945 19946 19944
19946 19945 19947
19946 19947 19948
19947 19949 19948
19947 19950 19949
19951 19949 19950
19951 19950 19952
19953 19951 19952
19953 19954 19951
19955 19954 19953
19955 19956 19954
19957 19956 19955
19957 19958 19956
19959 19958 19957
19959 19960 19958
19961 19960 19959
19961 19962 19960
19963 19962 19961
19963 19964 19962
19965 19964 19963
19965 19966 19964
19967 19966 19965
19967 19968 19966
19969 19968 19967
19969 19970 19968
19971 19972 19973
19971 19973 19974
19975 19976 19977
19975 19977 19978
19978 19977 19979
19978 19979 19980
19980 19979 19981
19980 19981 19982
19982 19981 19983
19982 19983 19984
19984 19983 19985
19984 19985 19986
19986 19985 19987
19986 19987 19988
19988 19987 19989
19988 19989 19990
19990 19989 19991
19990 19991 19992
19992 19991 19993
19992 19993 19994
19993 19995 19994
19993 19996 19995
19995 19996 19997
19995 19997 19998
19997 19999 19998
19997 20000 19999
19999 20000 20001
19999 20001 20002
20002 20001 20003
20002 20003 20004
20004 20003 20005
20004 20005 20006
20006 20005 20007
20006 20007 20008
20008 20007 20009
20008 20009 20010
20010 20009 20011
20010 20011 20012
20012 20011 20013
20012 20013 20014
20014 20013 20015
20014 20015 20016
20017 20018 20019
20017 20020 20018
20021 20020 20017
20021 20022 20020
20023 20022 20021
20023 20024 20022
20025 20024 20023
20025 20023 20026
20027 20028 20029
20027 20029 20030
20030 20029 20031
20030 20031 20032
20032 20031 20033
20032 20033 20034
20034 20033 20035
20034 20035 20036
20037 20038 20039
20037 20040 20038
20041 20040 20042
20041 20042 20043
20044 20045 20046
20044 20047 20045
20047 20048 20045
20049 20050 20048
20051 20050 20049
20051 20052 20050
20053 20054 20055
20053 20056 20054
20057 20056 20053
20056 20058 20054
20057 20059 20056
20060 20059 20057
20056 20061 20058
20059 20061 20056
20062 20058 20061
20060 20063 20059
20064 20063 20060
20065 20061 20059
20065 20059 20063
20062 20061 20066
20066 20061 20065
20067 20062 20066
20067 20068 20062
20067 20066 20069
20066 20065 20069
20067 20069 20070
20070 20069 20071
20070 20071 20072
20069 20073 20071
20069 20065 20073
20073 20065 20063
20073 20063 20074
20074 20063 20075
20074 20075 20076
20064 20075 20063
20076 20075 20077
20064 20077 20075
20076 20077 20078
20064 20079 20077
20077 20080 20078
20079 20081 20077
20077 20081 20080
20080 20081 20082
20079 20083 20081
20083 20082 20081
20080 20082 20084
20083 20085 20082
20082 20085 20086
20084 20082 20087
20082 20086 20088
20087 20082 20088
20087 20088 20089
20090 20091 20092
20090 20092 20093
20092 20094 20093
20093 20095 20090
20092 20096 20094
20097 20095 20093
20094 20097 20093
20097 20098 20095
20094 20099 20097
20100 20094 20096
20100 20096 20101
20099 20094 20102
20099 20102 20103
20102 20104 20103
20102 20105 20104
20094 20106 20102
20094 20100 20106
20102 20107 20105
20106 20107 20102
20108 20105 20107
20109 20100 20101
20109 20101 20110
20111 20109 20110
20100 20112 20106
20100 20109 20112
20111 20113 20109
20113 20112 20109
20108 20107 20114
20115 20108 20114
20115 20114 20116
20116 20114 20117
20117 20118 20116
20106 20119 20107
20119 20106 20112
20120 20114 20107
20117 20114 20120
20120 20107 20119
20121 20113 20111
20121 20111 20122
20123 20121 20122
20123 20122 20124
20124 20125 20123
20124 20126 20125
20125 20126 20127
20125 20127 20128
20125 20128 20129
20123 20125 20130
20125 20129 20130
20131 20121 20123
20131 20123 20130
20129 20132 20130
20129 20133 20132
20130 20132 20134
20131 20130 20134
20131 20134 20135
20131 20136 20121
20113 20121 20136
20131 20135 20137
20136 20131 20137
20113 20136 20138
20113 20138 20112
20139 20112 20138
20119 20112 20139
20140 20138 20136
20139 20138 20140
20119 20139 20141
20119 20141 20120
20142 20137 20135
20142 20135 20143
20136 20137 20144
20140 20136 20144
20145 20144 20137
20140 20144 20145
20145 20137 20142
20139 20140 20146
20139 20146 20141
20140 20145 20146
20147 20146 20145
20147 20141 20146
20148 20120 20141
20117 20120 20148
20142 20143 20149
20149 20143 20150
20142 20151 20145
20147 20145 20151
20147 20152 20141
20148 20141 20152
20153 20149 20150
20153 20150 20154
20142 20149 20155
20142 20155 20151
20156 20149 20153
20155 20149 20156
20156 20153 20157
20156 20157 20158
20156 20158 20159
20160 20156 20159
20160 20155 20156
20155 20160 20161
20155 20161 20151
20151 20161 20162
20151 20162 20147
20162 20152 20147
20162 20163 20152
20152 20163 20164
20152 20164 20148
20148 20164 20165
20148 20165 20117
20166 20117 20165
20166 20167 20117
20117 20167 20118
20168 20167 20166
20168 20166 20169
20167 20168 20170
20118 20167 20170
20118 20170 20171
20172 20173 20174
20172 20174 20175
20176 20172 20175
20175 20174 20177
20176 20175 20178
20179 20176 20178
20175 20177 20180
20178 20175 20180
20181 20180 20177
20179 20178 20182
20183 20179 20182
20184 20178 20180
20184 20182 20178
20181 20185 20180
20185 20184 20180
20186 20185 20181
20186 20181 20187
20186 20188 20185
20185 20188 20184
20186 20189 20188
20189 20190 20188
20189 20191 20190
20188 20190 20192
20188 20192 20184
20192 20182 20184
20192 20193 20182
20193 20194 20182
20193 20195 20194
20183 20182 20194
20195 20196 20194
20183 20194 20196
20195 20197 20196
20183 20196 20198
20196 20197 20199
20198 20196 20200
20196 20199 20200
20199 20201 20200
20198 20200 20202
20202 20200 20201
20199 20203 20201
20202 20201 20204
20203 20205 20201
20201 20206 20204
20206 20207 20204
20201 20208 20206
20205 20208 20201
20205 20209 20208
20210 20211 20212
20210 20212 20213
20212 20214 20213
20212 20215 20214
20210 20213 20216
20213 20214 20216
20210 20216 20217
20218 20210 20217
20219 20216 20214
20220 20214 20215
20221 20220 20215
20220 20221 20222
20221 20223 20222
20223 20224 20222
20223 20225 20224
20225 20226 20224
20225 20227 20226
20228 20226 20227
20228 20229 20226
20230 20226 20229
20219 20214 20231
20219 20231 20232
20219 20232 20233
20214 20220 20234
20214 20234 20231
20220 20222 20235
20220 20235 20234
20231 20234 20236
20231 20236 20232
20233 20232 20237
20238 20237 20232
20233 20237 20239
20238 20239 20237
20240 20239 20238
20241 20234 20235
20241 20236 20234
20242 20240 20238
20243 20240 20242
20243 20242 20244
20243 20244 20245
20246 20242 20238
20246 20244 20242
20247 20245 20244
20247 20248 20245
20249 20247 20244
20246 20249 20244
20249 20250 20247
20246 20251 20249
20246 20238 20252
20246 20253 20251
20246 20252 20253
20252 20238 20254
20238 20232 20254
20253 20255 20251
20251 20255 20256
20253 20252 20257
20255 20253 20257
20252 20254 20257
20255 20257 20258
20259 20254 20232
20259 20257 20254
20259 20232 20236
20260 20258 20257
20259 20260 20257
20260 20261 20258
20236 20262 20259
20236 20241 20262
20259 20263 20260
20259 20262 20263
20262 20264 20263
20262 20265 20264
20241 20265 20262
20260 20266 20261
20260 20263 20266
20267 20261 20266
20267 20268 20261
20269 20267 20266
20263 20270 20266
20269 20266 20270
20263 20264 20270
20264 20269 20270
20264 20271 20269
20272 20271 20264
20273 20272 20264
20273 20264 20274
20274 20264 20265
20275 20273 20274
20275 20274 20265
20275 20276 20273
20277 20276 20275
20277 20278 20276
20277 20279 20278
20265 20280 20275
20277 20275 20280
20277 20281 20279
20277 20280 20281
20281 20282 20279
20281 20283 20282
20283 20284 20282
20283 20285 20284
20285 20286 20284
20287 20283 20281
20288 20280 20287
20289 20286 20285
20265 20290 20280
20290 20287 20280
20241 20290 20265
20235 20290 20241
20235 20291 20290
20290 20291 20287
20235 20222 20291
20291 20222 20292
20287 20291 20292
20292 20222 20224
20287 20293 20283
20287 20292 20293
20293 20285 20283
20292 20224 20294
20294 20293 20292
20294 20224 20226
20294 20295 20293
20285 20293 20295
20296 20294 20226
20296 20295 20294
20296 20285 20295
20230 20296 20226
20296 20297 20285
20297 20296 20230
20289 20285 20297
20297 20230 20298
20299 20289 20297
20299 20297 20298
20300 20301 20302
20300 20303 20301
20301 20303 20304
20305 20303 20300
20305 20300 20306
20304 20303 20307
20307 20308 20304
20305 20309 20303
20307 20303 20309
20307 20310 20308
20310 20311 20308
20309 20312 20307
20310 20307 20312
20309 20313 20312
20305 20313 20309
20310 20314 20311
20311 20314 20315
20316 20315 20314
20310 20312 20317
20313 20317 20312
20316 20314 20318
20319 20316 20318
20314 20310 20320
20310 20317 20320
20320 20317 20321
20322 20321 20317
20318 20314 20323
20314 20320 20323
20318 20323 20324
20313 20325 20317
20322 20317 20325
20323 20320 20326
20320 20321 20326
20324 20323 20327
20323 20326 20327
20328 20324 20327
20327 20329 20328
20327 20326 20329
20328 20329 20330
20331 20325 20313
20305 20331 20313
20331 20332 20325
20322 20325 20332
20322 20332 20333
20322 20333 20334
20322 20334 20335
20322 20335 20336
20333 20337 20334
20321 20322 20336
20321 20336 20338
20321 20338 20339
20340 20321 20339
20340 20326 20321
20326 20340 20341
20341 20329 20326
20341 20342 20329
20333 20343 20337
20329 20342 20344
20333 20345 20343
20343 20345 20346
20345 20347 20346
20348 20346 20347
20349 20348 20347
20329 20344 20350
20350 20351 20329
20330 20329 20351
20330 20351 20352
20352 20351 20353
20352 20353 20354
20355 20354 20353
20355 20353 20356
20357 20356 20353
20358 20353 20351
20350 20358 20351
20357 20353 20359
20359 20353 20358
20360 20357 20359
20360 20361 20357
20362 20361 20360
20362 20360 20363
20363 20360 20364
20359 20364 20360
20363 20364 20365
20359 20358 20366
20359 20366 20364
20358 20367 20366
20358 20350 20367
20364 20366 20367
20364 20368 20365
20367 20368 20364
20367 20350 20369
20344 20369 20350
20344 20370 20369
20344 20371 20370
20372 20371 20344
20372 20373 20371
20374 20373 20372
20374 20375 20373
20376 20375 20374
20376 20377 20375
20378 20377 20376
20378 20376 20379
20380 20378 20379
20380 20381 20378
20382 20381 20380
20382 20380 20383
20384 20382 20383
20384 20385 20382
20386 20385 20384
20386 20387 20385
20388 20387 20386
20388 20389 20387
20388 20390 20389
20388 20391 20390
20391 20392 20390
20391 20393 20392
20306 20394 20395
20306 20395 20396
20305 20306 20396
20305 20396 20331
20396 20332 20331
20395 20332 20396
20395 20397 20332
20333 20332 20397
20333 20397 20398
20333 20398 20399
20333 20399 20345
20400 20399 20398
20400 20398 20401
20345 20399 20402
20402 20399 20400
20402 20400 20403
20345 20402 20347
20347 20402 20403
20347 20403 20404
20405 20347 20404
20347 20405 20406
20347 20406 20349
20349 20406 20407
20407 20406 20408
20409 20349 20407
20409 20410 20349
20411 20409 20407
20407 20408 20412
20411 20407 20412
20413 20411 20412
20412 20408 20414
20413 20412 20415
20412 20414 20415
20416 20413 20415
20416 20415 20417
20418 20416 20417
20418 20417 20419
20420 20418 20419
20420 20419 20421
20415 20414 20422
20414 20368 20422
20414 20423 20368
20424 20422 20368
20425 20424 20368
20368 20367 20425
20367 20369 20425
20369 20426 20425
20427 20425 20426
20427 20428 20425
20429 20430 20431
20429 20431 20432
20433 20429 20432
20433 20432 20434
20432 20435 20434
20431 20436 20432
20432 20437 20435
20436 20438 20432
20432 20438 20437
20436 20439 20438
20439 20440 20438
20438 20441 20437
20438 20440 20441
20440 20442 20441
20443 20442 20440
20439 20444 20440
20445 20443 20440
20444 20446 20440
20445 20440 20446
20444 20447 20446
20448 20445 20446
20447 20449 20446
20448 20446 20449
20447 20450 20449
20451 20448 20449
20450 20452 20449
20453 20451 20449
20452 20453 20449
20453 20454 20451
20452 20455 20453
20456 20457 20458
20457 20459 20458
20460 20458 20459
20460 20461 20458
20460 20462 20461
20462 20460 20463
20462 20463 20464
20464 20463 20465
20464 20465 20466
20466 20465 20467
20465 20468 20467
20465 20469 20468
20468 20469 20470
20468 20470 20471
20472 20473 20474
20472 20474 20475
20476 20477 20478
20476 20478 20479
20479 20480 20476
20476 20480 20481
20476 20481 20482
20482 20481 20483
20482 20483 20484
20483 20485 20484
20483 20486 20485
20485 20486 20487
20485 20487 20488
20488 20487 20489
20488 20489 20490
20490 20489 20491
20490 20491 20492
20491 20493 20492
20491 20494 20493
20493 20494 20495
20493 20495 20496
20496 20495 20497
20498 20496 20497
20498 20499 20496
20500 20501 20502
20502 20501 20503
20502 20503 20365
20504 20505 20506
20504 20507 20505
20504 20506 20508
20507 20504 20509
20504 20508 20510
20509 20504 20511
20504 20510 20512
20504 20512 20511
20513 20514 20515
20513 20515 20516
20513 20517 20514
20516 20515 20518
20513 20519 20517
20520 20516 20518
20521 20519 20513
20520 20522 20516
20521 20513 20523
20513 20524 20523
20513 20525 20524
20513 20526 20525
20513 20516 20526
20516 20527 20526
20528 20516 20522
20528 20527 20516
20528 20522 20529
20528 20529 20530
20530 20529 20531
20530 20531 20532
20522 20533 20529
20533 20531 20529
20533 20534 20531
20522 20535 20533
20532 20531 20536
20534 20536 20531
20534 20537 20536
20532 20536 20538
20538 20536 20539
20536 20537 20540
20536 20540 20539
20538 20539 20541
20522 20542 20535
20543 20535 20542
20543 20542 20544
20545 20543 20544
20544 20546 20545
20544 20547 20546
20546 20547 20548
20546 20548 20549
20548 20550 20549
20550 20551 20540
20540 20551 20539
20550 20548 20551
20541 20539 20552
20541 20552 20553
20553 20552 20554
20553 20554 20555
20539 20556 20552
20556 20554 20552
20539 20557 20556
20539 20551 20557
20551 20558 20557
20551 20548 20558
20559 20558 20548
20548 20560 20559
20556 20561 20554
20548 20547 20560
20560 20547 20562
20560 20562 20563
20562 20564 20563
20555 20554 20565
20561 20565 20554
20555 20565 20566
20561 20567 20565
20566 20565 20568
20567 20568 20565
20566 20568 20569
20567 20570 20568
20571 20569 20568
20564 20572 20570
20564 20562 20572
20570 20572 20568
20571 20568 20573
20574 20571 20573
20574 20573 20575
20576 20574 20575
20576 20575 20577
20578 20576 20577
20578 20577 20579
20580 20578 20579
20581 20577 20575
20579 20577 20581
20581 20575 20582
20582 20575 20573
20582 20573 20583
20583 20573 20568
20583 20568 20584
20568 20572 20584
20585 20584 20572
20585 20572 20562
20562 20586 20585
20587 20586 20562
20579 20581 20588
20587 20562 20547
20589 20587 20547
20589 20590 20587
20590 20589 20591
20592 20588 20591
20579 20588 20592
20592 20591 20589
20589 20547 20593
20544 20593 20547
20594 20589 20593
20544 20595 20593
20589 20594 20596
20596 20592 20589
20595 20544 20597
20597 20544 20542
20597 20542 20598
20596 20599 20592
20579 20592 20599
20522 20598 20542
20522 20600 20598
20601 20579 20599
20580 20579 20601
20601 20599 20602
20603 20580 20601
20604 20601 20602
20603 20601 20605
20604 20605 20601
20600 20605 20604
20606 20603 20605
20522 20607 20600
20600 20607 20605
20606 20605 20607
20608 20607 20522
20608 20606 20607
20609 20610 20611
20609 20612 20610
20609 20611 20613
20612 20609 20614
20609 20613 20615
20614 20609 20616
20609 20615 20617
20609 20617 20616
20618 20619 20620
20618 20620 20621
20618 20622 20619
20621 20620 20623
20618 20624 20622
20625 20621 20623
20626 20624 20618
20625 20627 20621
20626 20618 20628
20618 20629 20628
20618 20630 20629
20618 20631 20630
20618 20621 20631
20621 20632 20631
20633 20621 20627
20633 20632 20621
20633 20627 20634
20633 20634 20635
20635 20634 20636
20635 20636 20637
20627 20638 20634
20638 20636 20634
20638 20639 20636
20627 20640 20638
20637 20636 20641
20639 20641 20636
20639 20642 20641
20637 20641 20643
20643 20641 20644
20641 20642 20645
20641 20645 20644
20643 20644 20646
20627 20647 20640
20648 20640 20647
20648 20647 20649
20650 20648 20649
20649 20651 20650
20649 20652 20651
20651 20652 20653
20651 20653 20654
20653 20655 20654
20655 20656 20645
20645 20656 20644
20655 20653 20656
20646 20644 20657
20646 20657 20658
20658 20657 20659
20658 20659 20660
20644 20661 20657
20661 20659 20657
20644 20662 20661
20644 20656 20662
20656 20663 20662
20656 20653 20663
20664 20663 20653
20653 20665 20664
20661 20666 20659
20653 20652 20665
20665 20652 20667
20665 20667 20668
20667 20669 20668
20660 20659 20670
20666 20670 20659
20660 20670 20671
20666 20672 20670
20671 20670 20673
20672 20673 20670
20671 20673 20674
20672 20675 20673
20676 20674 20673
20669 20677 20675
20669 20667 20677
20675 20677 20673
20676 20673 20678
20679 20676 20678
20679 20678 20680
20681 20679 20680
20681 20680 20682
20683 20681 20682
20683 20682 20684
20685 20683 20684
20686 20682 20680
20684 20682 20686
20686 20680 20687
20687 20680 20678
20687 20678 20688
20688 20678 20673
20688 20673 20689
20673 20677 20689
20690 20689 20677
20690 20677 20667
20667 20691 20690
20692 20691 20667
20684 20686 20693
20692 20667 20652
20694 20692 20652
20694 20695 20692
20695 20694 20696
20697 20693 20696
20684 20693 20697
20697 20696 20694
20694 20652 20698
20649 20698 20652
20699 20694 20698
20649 20700 20698
20694 20699 20701
20701 20697 20694
20700 20649 20702
20702 20649 20647
20702 20647 20703
20701 20704 20697
20684 20697 20704
20627 20703 20647
20627 20705 20703
20706 20684 20704
20685 20684 20706
20706 20704 20707
20708 20685 20706
20709 20706 20707
20708 20706 20710
20709 20710 20706
20705 20710 20709
20711 20708 20710
20627 20712 20705
20705 20712 20710
20711 20710 20712
20713 20712 20627
20713 20711 20712
20714 20715 20716
20714 20717 20715
20714 20716 20718
20717 20714 20719
20714 20718 20720
20719 20714 20721
20714 20720 20722
20714 20722 20721
20723 20724 20725
20723 20725 20726
20723 20727 20724
20726 20725 20728
20723 20729 20727
20730 20726 20728
20731 20729 20723
20730 20732 20726
20731 20723 20733
20723 20734 20733
20723 20735 20734
20723 20736 20735
20723 20726 20736
20726 20737 20736
20738 20726 20732
20738 20737 20726
20738 20732 20739
20738 20739 20740
20740 20739 20741
20740 20741 20742
20732 20743 20739
20743 20741 20739
20743 20744 20741
20732 20745 20743
20742 20741 20746
20744 20746 20741
20744 20747 20746
20742 20746 20748
20748 20746 20749
20746 20747 20750
20746 20750 20749
20748 20749 20751
20732 20752 20745
20753 20745 20752
20753 20752 20754
20755 20753 20754
20754 20756 20755
20754 20757 20756
20756 20757 20758
20756 20758 20759
20758 20760 20759
20760 20761 20750
20750 20761 20749
20760 20758 20761
20751 20749 20762
20751 20762 20763
20763 20762 20764
20763 20764 20765
20749 20766 20762
20766 20764 20762
20749 20767 20766
20749 20761 20767
20761 20768 20767
20761 20758 20768
20769 20768 20758
20758 20770 20769
20766 20771 20764
20758 20757 20770
20770 20757 20772
20770 20772 20773
20772 20774 20773
20765 20764 20775
20771 20775 20764
20765 20775 20776
20771 20777 20775
20776 20775 20778
20777 20778 20775
20776 20778 20779
20777 20780 20778
20781 20779 20778
20774 20782 20780
20774 20772 20782
20780 20782 20778
20781 20778 20783
20784 20781 20783
20784 20783 20785
20786 20784 20785
20786 20785 20787
20788 20786 20787
20788 20787 20789
20790 20788 20789
20791 20787 20785
20789 20787 20791
20791 20785 20792
20792 20785 20783
20792 20783 20793
20793 20783 20778
20793 20778 20794
20778 20782 20794
20795 20794 20782
20795 20782 20772
20772 20796 20795
20797 20796 20772
20789 20791 20798
20797 20772 20757
20799 20797 20757
20799 20800 20797
20800 20799 20801
20802 20798 20801
20789 20798 20802
20802 20801 20799
20799 20757 20803
20754 20803 20757
20804 20799 20803
20754 20805 20803
20799 20804 20806
20806 20802 20799
20805 20754 20807
20807 20754 20752
20807 20752 20808
20806 20809 20802
20789 20802 20809
20732 20808 20752
20732 20810 20808
20811 20789 20809
20790 20789 20811
20811 20809 20812
20813 20790 20811
20814 20811 20812
20813 20811 20815
20814 20815 20811
20810 20815 20814
20816 20813 20815
20732 20817 20810
20810 20817 20815
20816 20815 20817
20818 20817 20732
20818 20816 20817
20819 20820 20821
20822 20821 20820
20821 20822 20823
20821 20823 20824
20820 20819 20825
20824 20823 20826
20825 20827 20820
20825 20828 20827
20826 20823 20829
20826 20829 20830
20831 20830 20829
20831 20832 20830
20827 20828 20833
20834 20833 20828
20834 20835 20833
20827 20833 20836
20837 20836 20833
20838 20827 20836
20838 20820 20827
20820 20838 20839
20839 20840 20820
20841 20835 20834
20822 20820 20840
20840 20842 20822
20840 20843 20842
20843 20844 20842
20837 20833 20845
20846 20837 20845
20841 20847 20835
20832 20847 20841
20844 20848 20842
20844 20849 20848
20850 20848 20849
20850 20849 20851
20851 20846 20852
20846 20845 20852
20832 20853 20847
20831 20853 20832
20850 20851 20854
20851 20852 20854
20855 20835 20847
20855 20856 20835
20857 20855 20847
20857 20847 20853
20856 20833 20835
20858 20857 20853
20858 20853 20831
20856 20859 20833
20858 20831 20860
20858 20860 20861
20861 20860 20862
20861 20862 20863
20831 20864 20860
20864 20862 20860
20831 20865 20864
20831 20829 20865
20866 20865 20829
20866 20829 20823
20867 20866 20823
20868 20867 20823
20864 20869 20862
20868 20823 20822
20822 20870 20868
20871 20868 20870
20870 20872 20871
20863 20862 20873
20869 20873 20862
20863 20873 20874
20869 20875 20873
20874 20873 20876
20875 20876 20873
20874 20876 20877
20875 20878 20876
20876 20879 20877
20880 20877 20879
20872 20881 20878
20872 20870 20881
20881 20876 20878
20882 20881 20870
20870 20883 20882
20882 20884 20881
20881 20884 20876
20883 20870 20885
20822 20885 20870
20885 20822 20842
20885 20842 20886
20886 20842 20887
20887 20842 20848
20887 20848 20888
20850 20888 20848
20889 20876 20884
20850 20890 20888
20889 20891 20876
20892 20891 20889
20890 20893 20892
20892 20893 20891
20850 20894 20890
20890 20894 20893
20895 20894 20850
20895 20850 20854
20895 20896 20894
20896 20893 20894
20895 20854 20897
20896 20898 20893
20898 20891 20893
20897 20854 20852
20898 20899 20891
20899 20876 20891
20897 20852 20900
20899 20901 20876
20900 20852 20845
20900 20845 20902
20901 20879 20876
20902 20845 20833
20902 20833 20903
20904 20879 20901
20833 20905 20903
20859 20905 20833
20906 20903 20905
20907 20905 20859
20904 20908 20879
20904 20909 20908
20880 20879 20908
20880 20908 20909
20904 20910 20909
20880 20909 20911
20910 20912 20909
20911 20909 20913
20909 20912 20914
20909 20914 20913
20906 20905 20915
20907 20915 20905
20906 20915 20916
20907 20916 20915
20906 20916 20917
20907 20918 20916
20917 20916 20919
20918 20920 20916
20916 20921 20919
20916 20920 20921
20922 20923 20924
20925 20924 20923
20924 20925 20926
20924 20926 20927
20923 20922 20928
20927 20926 20929
20928 20930 20923
20928 20931 20930
20929 20926 20932
20929 20932 20933
20934 20933 20932
20934 20935 20933
20930 20931 20936
20937 20936 20931
20937 20938 20936
20930 20936 20939
20940 20939 20936
20941 20930 20939
20941 20923 20930
20923 20941 20942
20942 20943 20923
20944 20938 20937
20925 20923 20943
20943 20945 20925
20943 20946 20945
20946 20947 20945
20940 20936 20948
20949 20940 20948
20944 20950 20938
20935 20950 20944
20947 20951 20945
20947 20952 20951
20953 20951 20952
20953 20952 20954
20954 20949 20955
20949 20948 20955
20935 20956 20950
20934 20956 20935
20953 20954 20957
20954 20955 20957
20958 20938 20950
20958 20959 20938
20960 20958 20950
20960 20950 20956
20959 20936 20938
20961 20960 20956
20961 20956 20934
20959 20962 20936
20961 20934 20963
20961 20963 20964
20964 20963 20965
20964 20965 20966
20934 20967 20963
20967 20965 20963
20934 20968 20967
20934 20932 20968
20969 20968 20932
20969 20932 20926
20970 20969 20926
20971 20970 20926
20967 20972 20965
20971 20926 20925
20925 20973 20971
20974 20971 20973
20973 20975 20974
20966 20965 20976
20972 20976 20965
20966 20976 20977
20972 20978 20976
20977 20976 20979
20978 20979 20976
20977 20979 20980
20978 20981 20979
20979 20982 20980
20983 20980 20982
20975 20984 20981
20975 20973 20984
20984 20979 20981
20985 20984 20973
20973 20986 20985
20985 20987 20984
20984 20987 20979
20986 20973 20988
20925 20988 20973
20988 20925 20945
20988 20945 20989
20989 20945 20990
20990 20945 20951
20990 20951 20991
20953 20991 20951
20992 20979 20987
20953 20993 20991
20992 20994 20979
20995 20994 20992
20993 20996 20995
20995 20996 20994
20953 20997 20993
20993 20997 20996
20998 20997 20953
20998 20953 20957
20998 20999 20997
20999 20996 20997
20998 20957 21000
20999 21001 20996
21001 20994 20996
21000 20957 20955
21001 21002 20994
21002 20979 20994
21000 20955 21003
21002 21004 20979
21003 20955 20948
21003 20948 21005
21004 20982 20979
21005 20948 20936
21005 20936 21006
21007 20982 21004
20936 21008 21006
20962 21008 20936
21009 21006 21008
21010 21008 20962
21007 21011 20982
21007 21012 21011
20983 20982 21011
20983 21011 21012
21007 21013 21012
20983 21012 21014
21013 21015 21012
21014 21012 21016
21012 21015 21017
21012 21017 21016
21009 21008 21018
21010 21018 21008
21009 21018 21019
21010 21019 21018
21009 21019 21020
21010 21021 21019
21020 21019 21022
21021 21023 21019
21019 21024 21022
21019 21023 21024
21025 21026 21027
21028 21027 21026
21027 21028 21029
21027 21029 21030
21026 21025 21031
21030 21029 21032
21031 21033 21026
21031 21034 21033
21032 21029 21035
21032 21035 21036
21037 21036 21035
21037 21038 21036
21033 21034 21039
21040 21039 21034
21040 21041 21039
21033 21039 21042
21043 21042 21039
21044 21033 21042
21044 21026 21033
21026 21044 21045
21045 21046 21026
21047 21041 21040
21028 21026 21046
21046 21048 21028
21046 21049 21048
21049 21050 21048
21043 21039 21051
21052 21043 21051
21047 21053 21041
21038 21053 21047
21050 21054 21048
21050 21055 21054
21056 21054 21055
21056 21055 21057
21057 21052 21058
21052 21051 21058
21038 21059 21053
21037 21059 21038
21056 21057 21060
21057 21058 21060
21061 21041 21053
21061 21062 21041
21063 21061 21053
21063 21053 21059
21062 21039 21041
21064 21063 21059
21064 21059 21037
21062 21065 21039
21064 21037 21066
21064 21066 21067
21067 21066 21068
21067 21068 21069
21037 21070 21066
21070 21068 21066
21037 21071 21070
21037 21035 21071
21072 21071 21035
21072 21035 21029
21073 21072 21029
21074 21073 21029
21070 21075 21068
21074 21029 21028
21028 21076 21074
21077 21074 21076
21076 21078 21077
21069 21068 21079
21075 21079 21068
21069 21079 21080
21075 21081 21079
21080 21079 21082
21081 21082 21079
21080 21082 21083
21081 21084 21082
21082 21085 21083
21086 21083 21085
21078 21087 21084
21078 21076 21087
21087 21082 21084
21088 21087 21076
21076 21089 21088
21088 21090 21087
21087 21090 21082
21089 21076 21091
21028 21091 21076
21091 21028 21048
21091 21048 21092
21092 21048 21093
21093 21048 21054
21093 21054 21094
21056 21094 21054
21095 21082 21090
21056 21096 21094
21095 21097 21082
21098 21097 21095
21096 21099 21098
21098 21099 21097
21056 21100 21096
21096 21100 21099
21101 21100 21056
21101 21056 21060
21101 21102 21100
21102 21099 21100
21101 21060 21103
21102 21104 21099
21104 21097 21099
21103 21060 21058
21104 21105 21097
21105 21082 21097
21103 21058 21106
21105 21107 21082
21106 21058 21051
21106 21051 21108
21107 21085 21082
21108 21051 21039
21108 21039 21109
21110 21085 21107
21039 21111 21109
21065 21111 21039
21112 21109 21111
21113 21111 21065
21110 21114 21085
21110 21115 21114
21086 21085 21114
21086 21114 21115
21110 21116 21115
21086 21115 21117
21116 21118 21115
21117 21115 21119
21115 21118 21120
21115 21120 21119
21112 21111 21121
21113 21121 21111
21112 21121 21122
21113 21122 21121
21112 21122 21123
21113 21124 21122
21123 21122 21125
21124 21126 21122
21122 21127 21125
21122 21126 21127
21128 21129 21130
21131 21129 21128
21129 21132 21130
21129 21131 21133
21129 21134 21132
21129 21133 21135
21129 21136 21134
21129 21135 21137
21136 21138 21134
21136 21139 21138
21140 21137 21135
21140 21141 21137
21142 21138 21139
21142 21143 21138
21140 21144 21141
21140 21145 21144
21146 21143 21142
21146 21142 21147
21146 21147 21148
21146 21148 21149
21150 21149 21148
21144 21145 21151
21144 21151 21152
21153 21152 21151
21153 21151 21154
21155 21153 21154
21150 21156 21149
21155 21154 21157
21150 21158 21156
21155 21157 21159
21158 21150 21160
21161 21155 21159
21160 21150 21162
21150 21163 21162
21150 21164 21163
21150 21165 21164
21166 21155 21161
21155 21166 21167
21155 21167 21168
21155 21168 21169
21165 21170 21164
21165 21171 21170
21172 21169 21168
21172 21173 21169
21174 21170 21171
21174 21175 21170
21172 21176 21173
21172 21177 21176
21178 21175 21174
21178 21174 21179
21178 21179 21180
21178 21180 21181
21182 21181 21180
21176 21177 21183
21176 21183 21184
21185 21184 21183
21185 21183 21186
21187 21185 21186
21182 21188 21181
21187 21186 21189
21182 21190 21188
21187 21189 21191
21190 21182 21192
21193 21187 21191
21192 21182 21194
21182 21195 21194
21182 21196 21195
21182 21197 21196
21198 21187 21193
21187 21198 21199
21187 21199 21200
21187 21200 21201
21197 21202 21196
21197 21203 21202
21204 21201 21200
21204 21205 21201
21206 21202 21203
21204 21206 21205
21206 21207 21202
21204 21207 21206
21208 21209 21210
21208 21210 21211
21209 21212 21210
21210 21213 21211
21212 21214 21210
21210 21214 21213
21215 21216 21217
21215 21217 21218
21219 21216 21215
21218 21217 21220
21218 21220 21221
21219 21222 21216
21223 21222 21219
21216 21224 21217
21217 21224 21220
21222 21224 21216
21220 21224 21225
21221 21220 21225
21226 21224 21222
21223 21226 21222
21221 21225 21227
21228 21226 21223
21227 21225 21229
21225 21224 21229
21227 21229 21230
21228 21231 21226
21231 21224 21226
21232 21231 21228
21230 21229 21233
21229 21224 21233
21230 21233 21234
21232 21235 21231
21235 21224 21231
21236 21235 21232
21234 21233 21237
21233 21224 21237
21234 21237 21238
21238 21239 21236
21236 21239 21235
21239 21224 21235
21238 21237 21239
21237 21224 21239
21240 21241 21242
21240 21242 21243
21244 21241 21240
21243 21242 21245
21243 21245 21246
21244 21247 21241
21248 21247 21244
21241 21249 21242
21242 21249 21245
21247 21249 21241
21245 21249 21250
21246 21245 21250
21251 21249 21247
21248 21251 21247
21246 21250 21252
21253 21251 21248
21252 21250 21254
21250 21249 21254
21252 21254 21255
21253 21256 21251
21256 21249 21251
21257 21256 21253
21255 21254 21258
21254 21249 21258
21255 21258 21259
21257 21260 21256
21260 21249 21256
21261 21260 21257
21259 21258 21262
21258 21249 21262
21259 21262 21263
21263 21264 21261
21261 21264 21260
21264 21249 21260
21263 21262 21264
21262 21249 21264
21265 21266 21267
21265 21267 21268
21269 21265 21268
21266 21270 21267
21266 21271 21270
21269 21268 21272
21273 21269 21272
21268 21267 21274
21267 21270 21274
21272 21268 21274
21270 21275 21274
21271 21275 21270
21276 21272 21274
21273 21272 21276
21271 21277 21275
21278 21273 21276
21277 21279 21275
21275 21279 21274
21277 21280 21279
21278 21276 21281
21281 21276 21274
21282 21278 21281
21280 21283 21279
21279 21283 21274
21280 21284 21283
21282 21281 21285
21285 21281 21274
21286 21282 21285
21284 21287 21283
21283 21287 21274
21284 21288 21287
21288 21286 21289
21286 21285 21289
21289 21285 21274
21288 21289 21287
21287 21289 21274
21290 21291 21292
21290 21292 21293
21294 21290 21293
21291 21295 21292
21291 21296 21295
21294 21293 21297
21298 21294 21297
21293 21292 21299
21292 21295 21299
21297 21293 21299
21295 21300 21299
21296 21300 21295
21301 21297 21299
21298 21297 21301
21296 21302 21300
21303 21298 21301
21302 21304 21300
21300 21304 21299
21302 21305 21304
21303 21301 21306
21306 21301 21299
21307 21303 21306
21305 21308 21304
21304 21308 21299
21305 21309 21308
21307 21306 21310
21310 21306 21299
21311 21307 21310
21309 21312 21308
21308 21312 21299
21309 21313 21312
21313 21311 21314
21311 21310 21314
21314 21310 21299
21313 21314 21312
21312 21314 21299
21315 21316 21317
21315 21317 21318
21319 21316 21315
21318 21317 21320
21319 21321 21316
21318 21320 21322
21323 21321 21319
21322 21320 21324
21323 21325 21321
21322 21324 21326
21327 21325 21323
21326 21324 21328
21327 21329 21325
21326 21328 21330
21331 21329 21327
21330 21328 21332
21331 21333 21329
21330 21332 21334
21335 21333 21331
21334 21332 21336
21335 21337 21333
21334 21336 21338
21339 21337 21335
21338 21336 21340
21339 21341 21337
21338 21340 21342
21343 21341 21339
21342 21340 21344
21343 21345 21341
21342 21344 21346
21346 21345 21343
21346 21344 21345
21347 21348 21349
21347 21350 21348
21349 21348 21351
21352 21350 21347
21349 21351 21353
21352 21354 21350
21353 21351 21355
21356 21354 21352
21353 21355 21357
21356 21358 21354
21357 21355 21359
21360 21358 21356
21357 21359 21361
21360 21362 21358
21361 21359 21363
21364 21362 21360
21361 21363 21365
21364 21366 21362
21365 21363 21367
21368 21366 21364
21365 21367 21369
21368 21370 21366
21369 21367 21371
21372 21370 21368
21369 21371 21373
21372 21374 21370
21373 21371 21375
21376 21374 21372
21373 21375 21377
21376 21378 21374
21377 21375 21378
21377 21378 21376
21379 21380 21381
21379 21382 21380
21383 21379 21381
21382 21384 21380
21383 21381 21385
21382 21386 21384
21387 21383 21385
21386 21388 21384
21387 21385 21389
21386 21390 21388
21391 21387 21389
21390 21392 21388
21391 21389 21393
21390 21394 21392
21395 21391 21393
21394 21396 21392
21395 21393 21397
21394 21398 21396
21399 21395 21397
21398 21400 21396
21399 21397 21401
21398 21402 21400
21403 21399 21401
21402 21404 21400
21403 21401 21405
21402 21406 21404
21407 21403 21405
21406 21408 21404
21407 21405 21409
21406 21410 21408
21411 21407 21409
21410 21412 21408
21411 21409 21413
21410 21414 21412
21414 21411 21413
21414 21413 21412
21415 21416 21417
21415 21417 21418
21419 21416 21415
21418 21417 21420
21419 21421 21416
21418 21420 21422
21423 21421 21419
21422 21420 21424
21423 21425 21421
21422 21424 21426
21427 21425 21423
21426 21424 21428
21427 21429 21425
21426 21428 21430
21431 21429 21427
21430 21428 21432
21431 21433 21429
21430 21432 21434
21435 21433 21431
21434 21432 21436
21435 21437 21433
21434 21436 21438
21439 21437 21435
21438 21436 21440
21439 21441 21437
21438 21440 21442
21443 21441 21439
21442 21440 21444
21443 21445 21441
21442 21444 21446
21446 21445 21443
21446 21444 21445
21447 21448 21449
21447 21450 21448
21449 21448 21451
21452 21450 21447
21449 21451 21453
21452 21454 21450
21453 21451 21455
21456 21454 21452
21453 21455 21457
21456 21458 21454
21457 21455 21459
21460 21458 21456
21457 21459 21461
21460 21462 21458
21461 21459 21463
21464 21462 21460
21461 21463 21465
21464 21466 21462
21465 21463 21467
21468 21466 21464
21465 21467 21469
21468 21470 21466
21469 21467 21471
21472 21470 21468
21469 21471 21473
21472 21474 21470
21473 21471 21475
21476 21474 21472
21473 21475 21477
21476 21478 21474
21477 21475 21478
21477 21478 21476
