byte offset: 0
first index: 0
index count: 13365
topology: trianglelist
format: DXGI_FORMAT_R16_UINT

0 1 2
3 4 5
6 7 8
9 10 11
12 13 14
15 14 16
17 14 18
18 14 19
19 14 20
19 20 21
21 20 22
19 23 24
19 24 25
26 27 28
29 30 26
29 31 30
29 32 33
29 33 34
35 36 37
38 39 37
38 40 39
39 41 42
39 42 43
44 45 46
47 44 48
47 48 49
47 50 51
47 51 52
53 54 55
56 54 57
56 57 58
57 59 60
57 60 61
62 63 64
65 66 62
65 67 66
65 68 69
65 69 70
71 72 73
74 75 73
74 76 75
75 77 78
75 78 79
80 81 82
83 80 84
83 84 85
83 86 87
83 87 88
89 90 91
92 90 93
92 93 94
93 95 96
93 96 97
98 99 100
101 102 98
101 103 102
101 104 105
101 105 106
107 108 109
110 111 109
110 112 111
111 113 114
111 114 115
116 117 118
119 116 120
119 120 121
119 122 123
119 123 124
125 126 127
128 126 129
128 129 130
129 131 132
129 132 133
134 135 136
137 138 134
137 139 138
137 140 141
137 141 142
143 144 145
146 147 145
146 148 147
147 149 150
147 150 151
152 153 154
155 152 156
155 156 157
155 158 159
155 159 160
161 162 163
164 162 165
164 165 166
165 167 168
165 168 169
170 171 172
173 171 174
173 175 171
176 175 177
178 179 175
178 175 180
181 171 182
181 182 183
184 182 185
185 182 186
187 186 188
189 186 190
189 190 191
192 193 194
195 196 193
195 193 197
198 193 199
198 199 200
201 199 202
202 199 203
204 203 205
206 203 207
206 207 208
209 210 211
212 213 214
215 214 216
217 218 219
220 218 221
222 223 224
225 226 223
227 228 229
230 231 229
232 233 234
235 232 234
235 234 236
237 235 236
237 236 238
239 237 238
239 238 240
241 242 243
241 244 242
242 244 245
246 247 248
249 248 247
249 247 250
251 249 250
252 253 254
252 254 255
256 257 258
257 259 258
257 260 259
257 261 260
261 262 260
261 263 262
263 264 262
263 265 264
263 266 265
265 266 267
268 269 270
268 270 271
272 273 274
272 274 275
276 272 275
276 275 277
278 276 277
278 277 279
280 278 279
280 279 281
280 281 282
283 280 282
281 284 282
285 286 287
285 288 286
289 285 290
289 290 291
288 292 293
288 293 294
295 296 297
295 298 296
298 299 296
298 300 299
300 301 299
300 302 301
302 303 304
302 305 303
305 306 307
305 307 308
309 310 311
311 310 312
312 313 311
312 314 313
315 316 317
315 317 318
319 320 321
319 321 322
323 324 325
323 325 326
327 328 325
327 325 329
330 331 332
330 332 333
334 335 336
334 336 337
336 338 337
336 339 338
340 341 342
340 342 343
344 345 346
344 346 347
348 349 350
348 350 351
352 353 350
352 350 354
355 356 357
355 357 358
359 360 361
359 361 362
363 364 365
363 365 366
367 368 369
367 369 370
371 372 373
371 373 374
375 376 377
378 376 375
378 379 376
380 379 378
380 381 379
382 381 380
382 383 381
384 385 386
384 386 387
386 388 387
389 390 391
392 391 390
392 393 391
394 393 392
395 396 397
395 397 398
399 400 401
401 400 402
401 402 403
401 403 404
404 403 405
404 405 406
406 405 407
406 407 408
406 408 409
408 410 409
411 412 413
411 413 414
415 416 417
415 418 416
419 418 415
419 420 418
421 420 419
421 422 420
423 422 421
423 424 422
423 425 424
426 425 423
424 425 427
428 429 430
428 430 431
432 433 428
432 434 433
431 435 436
431 436 437
438 439 440
438 440 441
441 440 442
441 442 443
443 442 444
443 444 445
445 446 447
445 447 448
448 449 450
448 450 451
452 453 454
453 455 454
455 453 456
455 456 457
458 459 460
458 460 461
462 463 464
462 464 465
466 467 468
466 468 469
470 471 472
470 473 471
471 473 474
471 474 475
476 477 478
476 478 479
480 481 482
480 482 483
484 485 486
484 486 487
488 489 490
488 490 491
492 493 494
492 494 495
496 497 498
496 498 499
500 501 502
500 502 503
504 505 506
504 507 505
508 507 504
508 509 507
510 509 508
510 511 509
512 511 510
512 513 511
514 513 512
514 515 513
516 515 514
516 517 515
518 519 520
518 521 519
521 522 519
523 521 518
521 524 522
523 525 521
525 524 521
526 525 523
525 527 524
526 528 525
528 527 525
528 529 527
530 531 532
530 533 531
533 534 531
535 533 530
533 536 534
535 537 533
537 536 533
538 537 535
537 539 536
538 540 537
540 539 537
540 541 539
542 543 544
542 545 543
546 545 547
546 548 545
549 550 548
549 548 551
552 543 553
552 553 554
555 553 556
555 556 557
558 556 559
558 559 560
561 562 563
563 562 564
563 564 565
565 564 566
565 566 567
568 569 570
568 570 571
572 568 571
572 571 573
574 572 573
574 573 575
576 574 575
576 575 577
578 576 577
578 577 579
580 578 579
580 579 581
582 583 584
582 584 585
585 584 586
587 582 585
585 586 588
587 585 589
589 585 588
590 587 589
589 588 591
590 589 592
592 589 591
592 591 593
594 595 596
594 596 597
597 596 598
599 594 597
597 598 600
599 597 601
601 597 600
602 599 601
601 600 603
602 601 604
604 601 603
604 603 605
606 607 608
606 608 609
610 611 609
610 609 612
613 614 612
613 612 615
616 617 608
616 618 617
619 620 617
619 621 620
622 623 620
622 624 623
625 626 627
626 628 627
626 629 628
629 630 628
629 631 630
632 633 634
632 634 635
635 636 637
635 638 639
640 637 639
640 639 641
632 642 643
644 642 632
644 645 642
646 645 644
645 647 642
645 648 647
646 649 645
650 645 649
650 651 645
652 640 653
652 653 654
652 655 656
657 652 656
657 656 658
659 657 658
658 656 660
658 660 661
659 658 662
663 662 658
663 658 664
665 666 667
665 668 666
669 668 665
669 670 668
670 671 668
672 673 674
672 674 675
676 677 678
676 678 679
680 681 682
680 682 683
684 685 686
684 687 685
687 688 689
687 690 691
692 690 688
692 693 690
684 694 695
696 684 695
696 695 697
698 696 697
697 695 699
697 699 700
698 697 701
702 701 697
702 697 703
704 705 692
704 706 705
704 707 708
709 707 704
709 710 707
711 710 709
710 712 707
710 713 712
711 714 710
715 710 714
715 716 710
717 718 719
717 719 720
721 717 720
721 720 722
722 720 723
724 725 726
724 726 727
728 729 730
728 730 731
732 733 734
732 734 735
736 737 738
738 737 739
738 739 740
740 739 741
740 741 742
742 741 743
742 743 744
744 743 745
744 745 746
746 745 747
746 747 748
748 747 749
748 749 750
751 750 749
751 752 750
753 752 751
753 754 752
755 754 753
756 757 758
756 758 759
760 761 762
763 761 760
763 764 761
764 765 761
764 766 765
766 767 768
766 768 769
770 771 772
770 772 773
774 775 776
774 776 777
778 779 780
781 778 780
781 780 782
782 780 783
782 783 784
784 785 786
784 786 787
788 789 790
788 790 791
792 793 794
792 795 793
796 795 792
796 797 795
798 797 796
798 799 797
800 799 798
800 801 799
802 801 800
802 803 801
804 803 802
804 805 803
806 805 804
806 807 805
808 807 806
808 809 807
810 809 808
810 811 809
812 811 810
812 813 811
814 815 816
814 817 815
815 817 818
815 818 819
820 821 822
820 822 823
823 822 824
823 824 825
826 827 828
826 828 829
829 828 830
829 830 831
831 830 832
831 832 833
833 832 834
833 834 835
835 834 836
835 836 837
838 839 840
838 840 841
841 840 842
841 842 843
843 842 844
843 844 845
845 844 846
845 846 847
847 846 848
847 848 849
850 851 852
850 853 851
851 853 854
851 854 855
856 857 858
856 858 859
859 858 860
859 860 861
862 863 864
862 865 863
866 865 862
866 867 865
868 867 866
868 869 867
870 869 868
870 871 869
872 871 870
872 873 871
874 875 876
874 877 875
878 877 874
878 879 877
880 879 878
880 881 879
882 881 880
882 883 881
884 883 882
884 885 883
886 887 888
886 889 887
889 890 887
889 891 890
891 892 890
891 893 892
893 894 892
893 895 894
895 896 894
895 897 896
898 899 900
898 901 899
901 902 899
901 903 902
903 904 902
903 905 904
905 906 904
905 907 906
907 908 906
907 909 908
910 911 912
910 912 913
912 914 913
912 915 914
916 917 918
916 919 917
919 920 917
919 921 920
922 923 924
922 924 925
925 924 926
925 926 927
927 926 928
927 928 929
929 928 930
929 930 931
931 930 932
931 932 933
934 935 936
934 936 937
937 936 938
937 938 939
939 938 940
939 940 941
941 940 942
941 942 943
943 942 944
943 944 945
946 947 948
946 949 947
947 949 950
947 950 951
952 953 954
952 954 955
955 954 956
955 956 957
958 959 960
958 961 959
961 962 959
961 963 962
963 964 962
963 965 964
966 967 964
966 968 967
968 969 967
968 970 969
971 972 973
971 974 972
974 975 972
974 976 975
976 977 975
976 978 977
978 979 977
978 980 979
980 981 979
980 982 981
983 984 985
983 985 986
985 987 986
985 988 987
989 990 991
989 992 990
992 993 990
992 994 993
995 996 997
995 998 996
999 998 995
999 1000 998
1001 1000 999
1001 1002 1000
1003 1002 1001
1003 1004 1002
1005 1004 1003
1005 1006 1004
1007 1006 1005
1007 1008 1006
1009 1008 1007
1009 1010 1008
1011 1010 1009
1011 1012 1010
1013 1014 1015
1013 1016 1014
1016 1017 1014
1016 1018 1017
1018 1019 1017
1018 1020 1019
1020 1021 1019
1020 1022 1021
1022 1023 1021
1022 1024 1023
1024 1025 1026
1024 1027 1025
1027 1028 1025
1027 1029 1028
1029 1030 1028
1029 1031 1030
1032 1033 1034
1032 1034 1035
1035 1036 1037
1035 1037 1038
1038 1039 1040
1038 1040 1041
1041 1042 1043
1041 1043 1044
1044 1045 1046
1044 1046 1047
1048 1049 1032
1048 1050 1049
1051 1047 1052
1051 1052 1053
1054 1055 1048
1054 1056 1055
1057 1051 1058
1057 1058 1059
1060 1057 1061
1060 1061 1062
1063 1060 1064
1063 1064 1065
1066 1063 1067
1066 1067 1068
1069 1066 1070
1069 1070 1071
1072 1069 1073
1072 1073 1074
1075 1072 1076
1075 1076 1077
1075 1078 1079
1075 1079 1054
1080 1081 1082
1080 1082 1083
1083 1084 1085
1083 1085 1086
1086 1087 1088
1086 1088 1089
1089 1090 1091
1089 1091 1092
1093 1094 1080
1093 1095 1094
1096 1092 1097
1096 1097 1098
1099 1100 1093
1099 1101 1100
1102 1096 1103
1102 1103 1104
1105 1106 1099
1105 1107 1106
1108 1102 1109
1108 1109 1110
1111 1108 1112
1111 1112 1113
1114 1111 1115
1114 1115 1116
1117 1114 1118
1117 1118 1119
1120 1117 1121
1120 1121 1122
1123 1120 1124
1123 1124 1125
1123 1126 1127
1123 1127 1105
1128 1129 1130
1128 1130 1131
1132 1128 1131
1132 1131 1133
1134 1132 1133
1134 1133 1135
1136 1134 1135
1136 1135 1137
1138 1136 1137
1138 1137 1139
1140 1138 1139
1140 1139 1141
1142 1140 1143
1142 1143 1144
1145 1142 1144
1145 1144 1146
1147 1148 1149
1147 1149 1150
1150 1149 1151
1150 1151 1152
1152 1151 1153
1152 1153 1154
1154 1153 1155
1154 1155 1156
1157 1158 1147
1157 1159 1158
1160 1155 1161
1160 1161 1162
1162 1161 1163
1162 1163 1164
1164 1163 1165
1164 1165 1166
1167 1168 1169
1167 1170 1168
1171 1170 1167
1170 1172 1168
1170 1173 1172
1171 1174 1170
1174 1173 1170
1175 1174 1171
1174 1176 1173
1175 1177 1174
1177 1176 1174
1177 1178 1176
1179 1180 1172
1179 1181 1180
1182 1181 1179
1182 1183 1181
1178 1183 1182
1178 1184 1183
1185 1186 1180
1185 1187 1186
1188 1187 1185
1184 1189 1188
1188 1189 1187
1184 1190 1189
1191 1192 1186
1191 1193 1192
1194 1193 1187
1194 1195 1193
1190 1195 1194
1190 1196 1195
1197 1198 1192
1197 1199 1198
1200 1199 1197
1200 1201 1199
1196 1201 1200
1196 1202 1201
1202 1203 1201
1202 1204 1203
1201 1203 1205
1201 1205 1206
1206 1207 1198
1206 1205 1207
1205 1208 1207
1205 1209 1208
1210 1209 1205
1204 1211 1210
1210 1211 1209
1208 1209 1212
1204 1213 1211
1208 1212 1214
1211 1213 1215
1211 1215 1216
1217 1211 1216
1217 1216 1212
1212 1216 1218
1212 1218 1219
1220 1212 1219
1220 1219 1221
1216 1222 1218
1216 1223 1222
1219 1218 1224
1219 1224 1225
1226 1219 1225
1227 1214 1226
1227 1226 1228
1226 1225 1229
1225 1230 1229
1225 1231 1230
1224 1231 1225
1224 1232 1231
1218 1233 1224
1233 1232 1224
1233 1234 1232
1218 1235 1233
1215 1236 1235
1215 1237 1236
1237 1238 1236
1237 1227 1238
1238 1221 1239
1238 1239 1240
1241 1238 1240
1241 1240 1242
1222 1241 1242
1222 1242 1243
1239 1244 1245
1239 1245 1246
1246 1245 1247
1246 1247 1248
1248 1249 1243
1248 1250 1249
1251 1220 1227
1251 1252 1220
1253 1252 1251
1253 1251 1254
1255 1251 1227
1254 1251 1255
1255 1227 1256
1254 1255 1257
1258 1255 1256
1257 1255 1258
1258 1256 1223
1257 1258 1259
1260 1257 1259
1260 1259 1261
1262 1257 1260
1262 1263 1257
1264 1253 1263
1264 1263 1265
1266 1264 1262
1266 1262 1267
1267 1262 1268
1267 1268 1269
1269 1268 1261
1269 1261 1270
1271 1266 1272
1271 1272 1273
1273 1272 1274
1273 1274 1275
1275 1274 1270
1275 1270 1276
1277 1271 1278
1277 1278 1279
1279 1278 1280
1279 1280 1281
1281 1280 1276
1281 1276 1282
1283 1277 1284
1283 1284 1285
1285 1284 1286
1285 1286 1287
1287 1286 1282
1287 1282 1288
1289 1287 1288
1289 1288 1290
1291 1289 1290
1291 1290 1292
1293 1289 1291
1294 1287 1289
1293 1294 1289
1295 1294 1293
1294 1296 1287
1297 1283 1296
1295 1297 1294
1297 1296 1294
1298 1299 1300
1298 1300 1301
1302 1303 1304
1302 1304 1305
1306 1307 1308
1306 1308 1309
1310 1311 1309
1310 1309 1312
1313 1310 1312
1313 1312 1314
1315 1314 1316
1315 1316 1317
1318 1315 1317
1318 1317 1319
1308 1318 1319
1308 1319 1320
1321 1316 1322
1321 1322 1323
1324 1321 1323
1324 1323 1325
1320 1324 1325
1320 1325 1326
1327 1322 1328
1327 1328 1329
1330 1327 1329
1330 1329 1331
1326 1330 1331
1326 1331 1332
1333 1332 1334
1333 1334 1335
1336 1333 1335
1336 1335 1337
1328 1336 1337
1328 1337 1338
1339 1334 1340
1339 1340 1341
1342 1339 1341
1341 1340 1343
1338 1342 1344
1342 1341 1344
1338 1344 1345
1341 1343 1346
1344 1341 1346
1346 1343 1347
1345 1344 1348
1344 1346 1348
1345 1348 1349
1348 1346 1350
1346 1347 1350
1348 1350 1351
1349 1352 1351
1349 1351 1353
1347 1354 1355
1347 1356 1354
1357 1358 1354
1357 1359 1358
1359 1353 1360
1359 1360 1358
1361 1359 1356
1362 1361 1356
1362 1356 1363
1350 1363 1364
1350 1364 1365
1366 1350 1365
1366 1365 1367
1368 1366 1367
1368 1367 1369
1370 1361 1362
1371 1368 1359
1361 1371 1359
1371 1372 1368
1370 1373 1361
1373 1371 1361
1374 1373 1370
1375 1372 1371
1373 1375 1371
1375 1376 1372
1374 1377 1373
1377 1375 1373
1377 1378 1375
1378 1376 1375
1378 1379 1376
1380 1381 1374
1380 1382 1381
1382 1383 1381
1382 1384 1383
1384 1379 1383
1384 1385 1379
1386 1387 1385
1386 1388 1387
1388 1389 1387
1388 1390 1389
1390 1380 1389
1390 1391 1380
1392 1393 1386
1392 1394 1393
1394 1395 1393
1394 1396 1395
1396 1391 1395
1396 1397 1391
1398 1399 1392
1398 1400 1399
1400 1401 1399
1400 1402 1401
1402 1397 1401
1402 1403 1397
1404 1405 1398
1404 1398 1406
1407 1408 1403
1407 1409 1408
1409 1406 1408
1409 1410 1406
1411 1412 1413
1411 1413 1414
1414 1413 1415
1414 1415 1416
1416 1415 1417
1416 1417 1418
1418 1417 1419
1418 1419 1420
1420 1419 1421
1420 1421 1422
1423 1424 1425
1423 1425 1426
1426 1425 1427
1426 1427 1428
1428 1427 1429
1428 1429 1430
1430 1429 1431
1430 1431 1432
1432 1431 1433
1432 1433 1434
1435 1436 1437
1435 1438 1436
1436 1438 1439
1436 1439 1440
1441 1442 1443
1441 1443 1444
1444 1443 1445
1444 1445 1446
1447 1448 1449
1447 1450 1448
1451 1450 1447
1451 1452 1450
1451 1453 1452
1451 1454 1453
1453 1454 1455
1453 1455 1456
1457 1458 1459
1457 1460 1458
1460 1461 1458
1460 1462 1461
1462 1463 1461
1462 1464 1463
1464 1465 1463
1464 1466 1465
1466 1467 1465
1466 1468 1467
1469 1470 1471
1469 1472 1470
1472 1473 1470
1472 1474 1473
1474 1475 1473
1474 1476 1475
1476 1477 1475
1476 1478 1477
1478 1479 1477
1478 1480 1479
1481 1482 1483
1481 1483 1484
1483 1485 1484
1483 1486 1485
1487 1488 1489
1487 1490 1488
1490 1491 1488
1490 1492 1491
1493 1494 1495
1493 1495 1496
1497 1493 1496
1497 1496 1498
1497 1498 1499
1497 1499 1500
1499 1501 1500
1499 1502 1501
1503 1504 1505
1503 1506 1504
1506 1507 1504
1506 1508 1507
1509 1510 1503
1509 1511 1510
1511 1512 1510
1511 1513 1512
1514 1515 1509
1514 1516 1515
1516 1517 1515
1516 1518 1517
1519 1520 1514
1519 1521 1520
1521 1522 1520
1521 1523 1522
1524 1525 1526
1524 1527 1525
1528 1527 1524
1528 1529 1527
1530 1531 1532
1530 1533 1531
1534 1533 1530
1534 1535 1533
1536 1537 1538
1536 1539 1537
1540 1539 1536
1537 1539 1541
1537 1541 1542
1539 1543 1541
1540 1544 1539
1539 1544 1543
1545 1544 1540
1544 1546 1543
1545 1547 1544
1544 1547 1546
1548 1547 1545
1547 1549 1546
1548 1550 1547
1547 1550 1549
1551 1552 1553
1551 1554 1552
1552 1554 1555
1552 1555 1556
1557 1558 1551
1557 1559 1558
1558 1559 1560
1558 1560 1561
1562 1563 1557
1562 1564 1563
1563 1564 1565
1563 1565 1566
1567 1568 1562
1567 1569 1568
1568 1569 1570
1568 1570 1571
1572 1573 1574
1572 1574 1575
1576 1577 1578
1576 1578 1579
1580 1581 1582
1580 1582 1583
1584 1585 1586
1584 1586 1587
1588 1589 1590
1588 1590 1591
1590 1592 1591
1590 1593 1592
1594 1592 1595
1594 1595 1596
1597 1594 1596
1597 1598 1594
1599 1595 1600
1599 1600 1601
1602 1599 1601
1602 1603 1599
1604 1605 1593
1604 1593 1606
1607 1604 1606
1607 1608 1604
1609 1610 1605
1609 1611 1610
1612 1611 1609
1612 1609 1613
1614 1615 1610
1614 1616 1615
1617 1616 1614
1617 1614 1618
1619 1620 1615
1619 1621 1620
1622 1621 1619
1622 1619 1623
1624 1625 1620
1624 1626 1625
1627 1626 1624
1627 1624 1628
1629 1630 1631
1629 1631 1632
1632 1631 1633
1632 1633 1634
1634 1633 1635
1634 1635 1636
1636 1635 1637
1636 1637 1638
1639 1640 1641
1639 1642 1640
1640 1642 1643
1640 1643 1644
1645 1646 1647
1645 1648 1646
1646 1648 1649
1646 1649 1650
1651 1652 1653
1651 1653 1654
1655 1656 1657
1655 1657 1658
1659 1660 1661
1659 1661 1662
1663 1664 1665
1663 1665 1666
1667 1668 1669
1667 1669 1670
1671 1672 1673
1671 1673 1674
1675 1676 1677
1675 1677 1678
1679 1680 1681
1681 1680 1682
1683 1684 1685
1683 1685 1686
1687 1688 1689
1687 1689 1690
1691 1692 1693
1691 1693 1694
1695 1696 1697
1695 1697 1698
1699 1700 1701
1699 1701 1702
1699 1702 1703
1704 1705 1706
1706 1705 1707
1706 1707 1708
1709 1710 1711
1709 1711 1712
1709 1712 1713
1714 1715 1716
1716 1715 1717
1716 1717 1718
1719 1720 1721
1719 1721 1722
1719 1722 1723
1724 1725 1726
1726 1725 1727
1726 1727 1728
1729 1730 1731
1729 1731 1732
1729 1732 1733
1734 1735 1736
1734 1736 1737
1734 1737 1738
1739 1740 1741
1741 1740 1742
1741 1742 1743
1744 1745 1746
1744 1746 1747
1747 1746 1748
1747 1748 1749
1750 1744 1751
1750 1751 1752
1752 1751 1753
1752 1753 1754
1755 1750 1756
1755 1756 1757
1757 1756 1758
1757 1758 1759
1760 1755 1761
1760 1761 1762
1762 1761 1763
1762 1763 1764
1765 1766 1767
1765 1767 1768
1769 1765 1768
1769 1768 1770
1771 1772 1773
1771 1773 1774
1775 1771 1774
1775 1774 1776
1777 1778 1779
1777 1779 1780
1781 1777 1780
1779 1782 1780
1779 1783 1782
1780 1782 1784
1781 1780 1785
1780 1784 1785
1786 1781 1785
1785 1784 1787
1786 1785 1788
1785 1787 1788
1789 1786 1788
1788 1787 1790
1789 1788 1791
1788 1790 1791
1792 1793 1794
1792 1794 1795
1794 1796 1795
1794 1797 1796
1798 1792 1799
1798 1799 1800
1799 1801 1800
1799 1802 1801
1803 1798 1804
1803 1804 1805
1804 1806 1805
1804 1807 1806
1808 1803 1809
1808 1809 1810
1809 1811 1810
1809 1812 1811
1813 1814 1815
1813 1815 1816
1817 1818 1819
1817 1819 1820
1821 1822 1823
1821 1823 1824
1825 1826 1827
1825 1827 1828
1829 1830 1831
1829 1832 1830
1832 1833 1830
1832 1834 1833
1834 1835 1833
1834 1836 1835
1836 1837 1835
1836 1838 1837
1839 1840 1841
1839 1841 1842
1841 1843 1842
1841 1844 1843
1845 1846 1847
1845 1847 1848
1847 1849 1848
1847 1850 1849
1851 1852 1853
1851 1853 1854
1855 1856 1857
1855 1857 1858
1859 1860 1861
1859 1861 1862
1863 1864 1865
1863 1865 1866
1867 1868 1869
1867 1869 1870
1871 1872 1873
1871 1873 1874
1875 1876 1877
1875 1877 1878
1879 1880 1881
1881 1880 1882
1883 1884 1885
1883 1885 1886
1887 1888 1889
1887 1889 1890
1891 1892 1893
1891 1893 1894
1895 1896 1897
1895 1897 1898
1899 1900 1901
1899 1902 1900
1899 1903 1902
1904 1905 1906
1905 1907 1906
1905 1908 1907
1909 1910 1911
1909 1912 1910
1909 1913 1912
1914 1915 1916
1915 1917 1916
1915 1918 1917
1919 1920 1921
1919 1922 1920
1919 1923 1922
1924 1925 1926
1925 1927 1926
1925 1928 1927
1929 1930 1931
1929 1932 1930
1929 1933 1932
1934 1935 1936
1934 1937 1935
1934 1938 1937
1939 1940 1941
1940 1942 1941
1940 1943 1942
1944 1945 1946
1944 1946 1947
1944 1947 1948
1944 1948 1949
1950 1951 1952
1950 1952 1953
1954 1955 1956
1954 1957 1955
1958 1955 1957
1958 1959 1955
1960 1961 1962
1960 1962 1963
1963 1964 1965
1963 1965 1966
1967 1968 1969
1967 1969 1970
1971 1972 1973
1971 1973 1974
1975 1976 1977
1975 1977 1978
1979 1980 1981
1979 1981 1982
1983 1984 1985
1983 1985 1986
1987 1988 1989
1987 1989 1990
1991 1992 1993
1991 1993 1994
1995 1996 1997
1995 1998 1996
1995 1999 1998
1995 2000 1999
2001 2002 2003
2001 2003 2004
2005 2006 2007
2005 2007 2008
2009 2008 2007
2009 2007 2010
2011 2012 2013
2011 2014 2012
2014 2015 2016
2014 2016 2017
2018 2019 2020
2018 2020 2021
2022 2023 2024
2022 2024 2025
2026 2027 2028
2026 2028 2029
2030 2031 2032
2030 2032 2033
2034 2035 2036
2034 2036 2037
2038 2039 2040
2038 2040 2041
2042 2043 2044
2042 2044 2045
2046 2047 2048
2046 2048 2049
2049 2048 2050
2049 2050 2051
2051 2050 2052
2051 2052 2053
2053 2052 2054
2053 2054 2055
2056 2055 2057
2056 2057 2058
2059 2056 2058
2059 2058 2060
2061 2059 2060
2061 2060 2062
2063 2061 2062
2063 2062 2064
2065 2066 2067
2065 2067 2068
2068 2067 2069
2070 2071 2072
2070 2073 2071
2073 2074 2071
2075 2076 2077
2075 2077 2078
2078 2077 2079
2080 2081 2082
2080 2082 2083
2080 2083 2084
2085 2086 2087
2085 2087 2088
2088 2087 2089
2088 2089 2090
2090 2089 2091
2090 2091 2092
2092 2091 2093
2092 2093 2094
2094 2093 2095
2094 2095 2096
2097 2098 2099
2097 2099 2100
2101 2102 2103
2101 2103 2104
2105 2106 2107
2105 2107 2108
2109 2110 2111
2109 2112 2110
2113 2112 2109
2113 2114 2112
2115 2114 2113
2115 2116 2114
2117 2116 2115
2117 2118 2116
2119 2118 2117
2119 2120 2118
2121 2120 2119
2121 2122 2120
2123 2122 2121
2123 2124 2122
2125 2124 2123
2125 2126 2124
2127 2128 2129
2127 2130 2128
2130 2131 2128
2130 2132 2131
2132 2133 2131
2132 2134 2133
2134 2135 2133
2134 2136 2135
2136 2137 2138
2136 2139 2137
2139 2140 2137
2139 2141 2140
2141 2142 2140
2141 2143 2142
2143 2144 2142
2143 2145 2144
2146 2144 2145
2146 2147 2144
2148 2147 2149
2148 2150 2147
2151 2150 2148
2151 2152 2150
2153 2152 2151
2153 2154 2152
2155 2156 2153
2155 2157 2156
2158 2157 2155
2158 2159 2157
2160 2159 2161
2160 2162 2159
2163 2162 2160
2163 2164 2162
2165 2166 2167
2165 2167 2168
2168 2169 2170
2168 2170 2171
2171 2172 2173
2171 2173 2174
2174 2175 2176
2174 2176 2177
2177 2178 2179
2177 2179 2180
2181 2182 2165
2181 2183 2182
2184 2180 2185
2184 2185 2186
2187 2188 2181
2187 2189 2188
2190 2184 2191
2190 2191 2192
2193 2190 2194
2193 2194 2195
2196 2193 2197
2196 2197 2198
2199 2196 2200
2199 2200 2201
2202 2199 2203
2202 2203 2204
2205 2202 2206
2205 2206 2207
2208 2205 2209
2208 2209 2210
2208 2211 2212
2208 2212 2187
2213 2214 2215
2213 2215 2216
2216 2217 2218
2216 2218 2219
2219 2220 2221
2219 2221 2222
2222 2223 2224
2222 2224 2225
2226 2227 2213
2226 2228 2227
2229 2225 2230
2229 2230 2231
2232 2233 2226
2232 2234 2233
2235 2229 2236
2235 2236 2237
2238 2239 2232
2238 2240 2239
2241 2235 2242
2241 2242 2243
2244 2241 2245
2244 2245 2246
2247 2244 2248
2247 2248 2249
2250 2247 2251
2250 2251 2252
2253 2250 2254
2253 2254 2255
2256 2253 2257
2256 2257 2258
2256 2259 2260
2256 2260 2238
2261 2262 2263
2261 2263 2264
2265 2261 2264
2265 2264 2266
2267 2265 2266
2267 2266 2268
2269 2267 2268
2269 2268 2270
2271 2269 2270
2271 2270 2272
2273 2271 2272
2273 2272 2274
2275 2273 2274
2275 2274 2276
2277 2275 2276
2277 2276 2278
2279 2280 2281
2279 2281 2282
2279 2282 2283
2284 2285 2286
2284 2286 2287
2288 2289 2290
2288 2290 2291
2292 2293 2294
2292 2294 2295
2292 2295 2296
2297 2298 2299
2297 2299 2300
2301 2302 2303
2301 2303 2304
2301 2304 2305
2306 2307 2308
2306 2308 2309
2310 2311 2312
2310 2312 2313
2314 2315 2316
2314 2316 2317
2314 2317 2318
2319 2320 2321
2319 2321 2322
2323 2324 2325
2323 2325 2326
2327 2328 2329
2327 2330 2328
2331 2330 2327
2331 2332 2330
2333 2334 2335
2333 2335 2336
2337 2338 2339
2337 2339 2340
2341 2342 2343
2341 2343 2344
2345 2346 2347
2345 2347 2348
2349 2350 2351
2349 2351 2352
2353 2354 2355
2353 2355 2356
2356 2355 2357
2356 2357 2358
2359 2360 2361
2359 2361 2362
2363 2364 2365
2363 2365 2366
2367 2368 2369
2367 2369 2370
2371 2372 2373
2371 2373 2374
2375 2376 2377
2375 2377 2378
2378 2377 2379
2378 2379 2380
2380 2379 2381
2380 2381 2382
2383 2384 2385
2383 2385 2386
2386 2385 2387
2386 2387 2388
2388 2387 2389
2388 2389 2390
2391 2392 2393
2391 2393 2394
2395 2396 2397
2395 2397 2398
2399 2400 2401
2399 2401 2402
2403 2404 2405
2403 2405 2406
2407 2408 2409
2407 2410 2408
2410 2411 2408
2410 2412 2411
2412 2413 2411
2412 2414 2413
2415 2416 2417
2415 2418 2416
2418 2419 2416
2418 2420 2419
2420 2421 2419
2420 2422 2421
2423 2424 2425
2423 2425 2426
2427 2428 2429
2427 2429 2430
2431 2432 2433
2431 2433 2434
2435 2436 2437
2435 2437 2438
2439 2440 2441
2439 2441 2442
2442 2441 2443
2442 2443 2444
2444 2443 2445
2444 2445 2446
2447 2448 2449
2447 2449 2450
2450 2449 2451
2450 2451 2452
2452 2451 2453
2452 2453 2454
2455 2456 2457
2455 2457 2458
2459 2460 2461
2459 2461 2462
2463 2464 2465
2463 2465 2466
2467 2468 2469
2467 2469 2470
2471 2472 2473
2471 2474 2472
2474 2475 2472
2474 2476 2475
2476 2477 2475
2476 2478 2477
2479 2480 2481
2479 2482 2480
2482 2483 2480
2482 2484 2483
2484 2485 2483
2484 2486 2485
2487 2488 2489
2487 2489 2490
2491 2492 2493
2491 2493 2494
2495 2496 2497
2495 2497 2498
2499 2500 2501
2499 2501 2502
2503 2504 2505
2503 2505 2506
2506 2507 2508
2506 2508 2509
2510 2505 2511
2510 2512 2505
2513 2512 2510
2513 2514 2512
2515 2516 2514
2515 2514 2517
2518 2519 2520
2521 2520 2519
2520 2521 2522
2521 2519 2523
2524 2523 2519
2521 2525 2522
2525 2526 2522
2525 2527 2526
2528 2527 2525
2529 2528 2525
2521 2529 2525
2529 2530 2528
2529 2531 2530
2531 2532 2530
2531 2533 2532
2534 2529 2521
2534 2531 2529
2534 2535 2531
2536 2531 2535
2536 2533 2531
2534 2521 2537
2521 2523 2537
2537 2523 2538
2539 2538 2523
2537 2538 2540
2541 2540 2538
2533 2542 2543
2533 2543 2544
2545 2546 2547
2545 2547 2548
2549 2545 2548
2549 2548 2550
2551 2549 2550
2551 2550 2552
2553 2551 2552
2553 2554 2551
2553 2555 2554
2553 2556 2555
2556 2557 2555
2556 2558 2557
2559 2560 2561
2562 2560 2559
2559 2563 2562
2560 2562 2564
2562 2565 2564
2560 2564 2566
2566 2567 2560
2566 2564 2568
2564 2569 2568
2570 2566 2568
2568 2571 2570
2566 2572 2567
2573 2572 2566
2574 2572 2573
2574 2575 2572
2575 2567 2572
2575 2576 2567
2577 2576 2575
2576 2578 2579
2576 2580 2578
2581 2580 2576
2582 2583 2559
2582 2559 2584
2585 2586 2587
2585 2587 2588
2589 2590 2591
2589 2591 2592
2593 2594 2595
2593 2595 2596
2597 2598 2599
2597 2600 2598
2601 2600 2597
2601 2602 2600
2603 2602 2601
2603 2604 2602
2605 2606 2607
2605 2607 2608
2609 2610 2611
2609 2611 2612
2613 2614 2615
2613 2615 2616
2617 2618 2619
2617 2619 2620
2621 2622 2623
2621 2623 2624
2625 2626 2627
2625 2627 2628
2628 2627 2629
2630 2631 2632
2630 2632 2633
2634 2635 2636
2634 2637 2635
2638 2637 2634
2638 2639 2637
2640 2641 2642
2640 2642 2643
2644 2645 2646
2644 2646 2647
2648 2649 2650
2648 2650 2651
2652 2653 2654
2652 2654 2655
2656 2657 2658
2656 2658 2659
2660 2661 2662
2660 2662 2663
2664 2665 2666
2664 2666 2667
2668 2669 2670
2668 2671 2669
2671 2672 2673
2671 2673 2674
2675 2676 2669
2675 2669 2677
2678 2675 2677
2678 2677 2679
2680 2681 2679
2680 2679 2682
2683 2684 2685
2686 2685 2684
2684 2687 2686
2686 2688 2685
2689 2685 2688
2686 2687 2690
2690 2687 2691
2690 2691 2692
2693 2690 2692
2694 2690 2693
2686 2690 2694
2694 2693 2695
2694 2695 2696
2696 2695 2697
2696 2697 2698
2699 2686 2694
2699 2694 2696
2699 2696 2700
2701 2700 2696
2701 2696 2698
2699 2702 2686
2686 2702 2688
2702 2703 2688
2704 2688 2703
2702 2705 2703
2706 2703 2705
2698 2707 2708
2698 2708 2709
2710 2711 2712
2710 2713 2711
2714 2713 2710
2714 2715 2713
2716 2715 2714
2716 2717 2715
2718 2717 2716
2718 2716 2719
2720 2718 2719
2720 2719 2721
2720 2721 2722
2720 2722 2723
2713 2724 2725
2713 2726 2724
2726 2727 2724
2726 2728 2727
2729 2730 2731
2732 2729 2731
2729 2732 2733
2731 2734 2732
2732 2734 2735
2731 2736 2734
2736 2731 2737
2736 2738 2734
2734 2738 2739
2740 2738 2736
2738 2740 2741
2736 2737 2742
2743 2736 2742
2744 2743 2742
2744 2742 2745
2745 2742 2737
2745 2737 2746
2747 2745 2746
2746 2748 2749
2746 2749 2750
2751 2746 2750
2752 2753 2729
2752 2729 2754
2755 2756 2757
2755 2757 2758
2759 2760 2761
2759 2761 2762
2763 2764 2765
2763 2765 2766
2767 2768 2769
2767 2769 2770
2771 2767 2770
2771 2770 2772
2773 2771 2772
2773 2772 2774
2775 2776 2777
2775 2777 2778
2779 2780 2781
2779 2781 2782
2783 2784 2785
2783 2785 2786
2787 2788 2789
2787 2789 2790
2791 2792 2793
2791 2793 2794
2795 2796 2797
2795 2798 2796
2798 2799 2796
2800 2801 2802
2800 2802 2803
2804 2805 2806
2804 2806 2807
2808 2809 2810
2808 2810 2811
2812 2813 2814
2812 2814 2815
2816 2817 2818
2816 2818 2819
2820 2821 2822
2820 2822 2823
2824 2825 2826
2824 2826 2827
2828 2829 2830
2828 2830 2831
2832 2833 2834
2832 2835 2833
2832 2836 2835
2837 2838 2839
2837 2839 2840
2841 2842 2843
2841 2843 2844
2845 2846 2847
2845 2848 2846
2845 2849 2848
2850 2851 2852
2850 2852 2853
2854 2855 2856
2854 2857 2855
2854 2858 2857
2859 2860 2861
2859 2861 2862
2863 2864 2865
2863 2865 2866
2867 2868 2869
2867 2870 2868
2867 2871 2870
2872 2873 2874
2872 2874 2875
2876 2877 2878
2876 2878 2879
2880 2881 2882
2880 2882 2883
2884 2880 2883
2884 2883 2885
2886 2887 2888
2886 2888 2889
2890 2891 2892
2890 2892 2893
2894 2895 2896
2894 2896 2897
2898 2899 2900
2898 2900 2901
2902 2903 2904
2902 2904 2905
2906 2907 2908
2906 2909 2907
2909 2910 2907
2909 2911 2910
2912 2913 2914
2912 2914 2915
2916 2917 2918
2916 2918 2919
2920 2921 2922
2920 2922 2923
2924 2925 2926
2924 2926 2927
2928 2929 2930
2928 2931 2929
2931 2932 2929
2931 2933 2932
2933 2934 2932
2933 2935 2934
2936 2937 2938
2936 2939 2937
2939 2940 2937
2939 2941 2940
2941 2942 2940
2941 2943 2942
2944 2945 2946
2944 2946 2947
2948 2949 2950
2948 2950 2951
2952 2953 2954
2952 2954 2955
2956 2957 2958
2956 2958 2959
2960 2961 2962
2960 2962 2963
2963 2962 2964
2963 2964 2965
2965 2964 2966
2965 2966 2967
2968 2969 2970
2968 2970 2971
2971 2970 2972
2971 2972 2973
2973 2972 2974
2973 2974 2975
2976 2977 2978
2976 2978 2979
2980 2981 2982
2980 2982 2983
2984 2985 2986
2984 2986 2987
2988 2989 2990
2988 2990 2991
2992 2993 2994
2992 2995 2993
2995 2996 2993
2995 2997 2996
2997 2998 2996
2997 2999 2998
3000 3001 3002
3000 3003 3001
3003 3004 3001
3003 3005 3004
3005 3006 3004
3005 3007 3006
3008 3009 3010
3008 3010 3011
3012 3013 3014
3012 3014 3015
3016 3017 3018
3016 3018 3019
3020 3021 3022
3020 3022 3023
3024 3025 3026
3024 3026 3027
3027 3026 3028
3027 3028 3029
3029 3028 3030
3029 3030 3031
3032 3033 3034
3032 3034 3035
3035 3034 3036
3035 3036 3037
3037 3036 3038
3037 3038 3039
3040 3041 3042
3040 3042 3043
3044 3045 3046
3044 3046 3047
3048 3049 3050
3048 3050 3051
3052 3053 3054
3052 3054 3055
3056 3057 3058
3056 3058 3059
3060 3061 3059
3060 3059 3062
3063 3064 3058
3063 3065 3064
3066 3064 3067
3066 3068 3064
3068 3069 3070
3068 3070 3071
3072 3073 3074
3075 3074 3073
3073 3076 3075
3075 3077 3074
3078 3074 3077
3075 3076 3079
3079 3076 3080
3079 3080 3081
3082 3079 3081
3083 3079 3082
3075 3079 3083
3083 3082 3084
3083 3084 3085
3085 3084 3086
3085 3086 3087
3088 3075 3083
3088 3083 3085
3088 3085 3089
3090 3089 3085
3090 3085 3087
3088 3091 3075
3075 3091 3077
3091 3092 3077
3093 3077 3092
3091 3094 3092
3095 3092 3094
3087 3096 3097
3087 3097 3098
3099 3100 3101
3099 3102 3100
3103 3102 3099
3103 3104 3102
3105 3104 3103
3105 3106 3104
3107 3106 3105
3107 3105 3108
3107 3108 3109
3107 3109 3110
3110 3109 3111
3110 3111 3112
3113 3114 3115
3116 3113 3115
3113 3116 3117
3115 3118 3116
3116 3118 3119
3115 3120 3118
3120 3115 3121
3120 3122 3118
3118 3122 3123
3124 3122 3120
3122 3124 3125
3120 3121 3126
3127 3120 3126
3128 3127 3126
3128 3126 3129
3129 3126 3121
3129 3121 3130
3131 3129 3130
3130 3132 3133
3130 3133 3134
3135 3130 3134
3136 3137 3113
3136 3113 3138
3139 3140 3141
3139 3141 3142
3143 3144 3145
3143 3145 3146
3147 3148 3149
3147 3149 3150
3151 3152 3153
3151 3153 3154
3155 3151 3154
3155 3154 3156
3157 3155 3156
3157 3156 3158
3159 3160 3161
3159 3161 3162
3163 3164 3165
3163 3165 3166
3167 3168 3169
3167 3169 3170
3171 3172 3173
3171 3173 3174
3175 3176 3177
3175 3177 3178
3179 3180 3181
3179 3182 3180
3182 3183 3180
3184 3185 3186
3184 3186 3187
3188 3189 3190
3188 3190 3191
3192 3188 3191
3192 3191 3193
3194 3195 3196
3194 3196 3197
3198 3199 3200
3198 3200 3201
3202 3203 3204
3202 3204 3205
3206 3207 3208
3206 3208 3209
3210 3211 3212
3210 3212 3213
3214 3215 3216
3214 3216 3217
3218 3219 3220
3218 3220 3221
3222 3223 3224
3222 3224 3225
3225 3226 3227
3225 3227 3228
3229 3224 3230
3229 3231 3224
3232 3231 3229
3232 3233 3231
3234 3235 3233
3234 3233 3236
3237 3238 3239
3240 3239 3238
3239 3240 3241
3240 3238 3242
3243 3242 3238
3240 3244 3241
3244 3245 3241
3244 3246 3245
3247 3246 3244
3248 3247 3244
3240 3248 3244
3248 3249 3247
3248 3250 3249
3250 3251 3249
3250 3252 3251
3253 3248 3240
3253 3250 3248
3253 3254 3250
3255 3250 3254
3255 3252 3250
3253 3240 3256
3240 3242 3256
3256 3242 3257
3258 3257 3242
3256 3257 3259
3260 3259 3257
3252 3261 3262
3252 3262 3263
3264 3265 3266
3264 3266 3267
3268 3264 3267
3268 3267 3269
3270 3268 3269
3270 3269 3271
3272 3270 3271
3272 3273 3270
3274 3273 3272
3274 3275 3273
3274 3276 3275
3274 3277 3276
3267 3278 3279
3267 3279 3280
3280 3279 3281
3280 3281 3282
3283 3284 3285
3286 3284 3283
3283 3287 3286
3284 3286 3288
3286 3289 3288
3284 3288 3290
3290 3291 3284
3290 3288 3292
3288 3293 3292
3294 3290 3292
3292 3295 3294
3290 3296 3291
3297 3296 3290
3298 3296 3297
3298 3299 3296
3299 3291 3296
3299 3300 3291
3301 3300 3299
3300 3302 3303
3300 3304 3302
3305 3304 3300
3306 3307 3283
3306 3283 3308
3309 3310 3311
3309 3311 3312
3313 3314 3315
3313 3315 3316
3317 3318 3319
3317 3319 3320
3321 3322 3323
3321 3324 3322
3325 3324 3321
3325 3326 3324
3327 3326 3325
3327 3328 3326
3329 3330 3331
3329 3331 3332
3333 3334 3335
3333 3335 3336
3337 3338 3339
3337 3339 3340
3341 3342 3343
3341 3343 3344
3345 3346 3347
3345 3347 3348
3349 3350 3351
3349 3351 3352
3352 3351 3353
3354 3355 3356
3354 3356 3357
3358 3359 3360
3358 3360 3361
3362 3363 3364
3362 3364 3365
3366 3367 3368
3366 3368 3369
3370 3371 3372
3370 3372 3373
3374 3375 3376
3374 3376 3377
3378 3379 3380
3378 3380 3381
3382 3383 3384
3382 3384 3385
3386 3387 3388
3386 3388 3389
3390 3391 3392
3390 3392 3393
3390 3393 3394
3395 3390 3394
3395 3394 3396
3395 3396 3397
3395 3397 3398
3399 3400 3401
3399 3401 3402
3402 3401 3403
3402 3403 3404
3405 3406 3407
3405 3407 3408
3409 3410 3411
3409 3412 3410
3412 3409 3413
3412 3413 3414
3415 3416 3417
3415 3417 3418
3419 3420 3421
3419 3421 3422
3422 3421 3423
3422 3423 3424
3424 3423 3425
3424 3425 3426
3426 3425 3427
3426 3427 3428
3429 3430 3431
3429 3431 3432
3433 3429 3432
3433 3432 3434
3435 3436 3434
3435 3434 3437
3438 3439 3440
3438 3440 3441
3442 3443 3444
3442 3444 3445
3446 3447 3448
3446 3448 3449
3450 3451 3452
3450 3452 3453
3454 3455 3456
3454 3456 3457
3458 3459 3460
3458 3460 3461
3462 3463 3464
3462 3464 3465
3466 3467 3468
3466 3468 3469
3470 3471 3472
3470 3472 3473
3474 3475 3476
3474 3476 3477
3478 3479 3480
3478 3480 3481
3482 3483 3484
3485 3483 3482
3485 3486 3483
3485 3487 3486
3487 3488 3486
3486 3488 3489
3486 3489 3490
3491 3492 3493
3491 3493 3494
3495 3496 3497
3495 3497 3498
3499 3500 3501
3499 3501 3502
3503 3504 3505
3503 3506 3504
3503 3507 3506
3508 3507 3503
3508 3509 3507
3508 3510 3509
3508 3511 3510
3512 3513 3514
3512 3515 3513
3515 3516 3513
3515 3517 3516
3518 3519 3520
3518 3520 3521
3522 3523 3524
3522 3524 3525
3525 3526 3522
3525 3527 3526
3528 3529 3530
3528 3530 3531
3532 3533 3534
3532 3535 3533
3535 3536 3533
3535 3537 3536
3537 3538 3536
3537 3539 3538
3539 3540 3538
3539 3541 3540
3542 3543 3544
3542 3545 3543
3546 3545 3542
3546 3547 3545
3548 3549 3546
3548 3550 3549
3551 3552 3553
3551 3553 3554
3555 3556 3557
3555 3557 3558
3559 3560 3561
3559 3561 3562
3563 3564 3565
3563 3565 3566
3567 3568 3569
3567 3569 3570
3571 3572 3573
3571 3573 3574
3575 3576 3577
3575 3577 3578
3579 3580 3581
3579 3581 3582
3583 3584 3585
3583 3585 3586
3587 3588 3589
3587 3589 3590
3591 3592 3593
3591 3593 3594
3595 3596 3597
3598 3595 3597
3598 3597 3599
3598 3599 3600
3600 3599 3601
3599 3602 3601
3599 3603 3602
3604 3605 3606
3604 3606 3607
3608 3609 3610
3608 3611 3609
3612 3613 3614
3612 3614 3615
3612 3615 3616
3617 3618 3619
3617 3619 3620
3617 3620 3621
3622 3623 3624
3622 3624 3625
3625 3624 3626
3625 3626 3627
3628 3629 3630
3628 3630 3631
3632 3633 3634
3632 3634 3635
3636 3637 3638
3636 3638 3639
3640 3641 3642
3640 3642 3643
3644 3645 3646
3644 3646 3647
3648 3649 3650
3648 3650 3651
3652 3653 3654
3652 3654 3655
3655 3654 3656
3655 3656 3657
3658 3659 3660
3658 3660 3661
3658 3661 3662
3658 3662 3663
3664 3665 3666
3664 3666 3667
3667 3666 3668
3667 3668 3669
3669 3668 3670
3669 3670 3671
3672 3673 3674
3672 3674 3675
3676 3677 3678
3676 3678 3679
3680 3681 3682
3680 3682 3683
3683 3684 3680
3683 3685 3684
3683 3686 3685
3686 3687 3685
3686 3688 3687
3688 3689 3687
3689 3690 3687
3691 3692 3693
3691 3693 3694
3695 3694 3693
3696 3694 3695
3696 3697 3694
3698 3697 3696
3698 3699 3697
3700 3699 3698
3701 3700 3698
3702 3703 3704
3702 3704 3705
3706 3707 3708
3706 3708 3709
3710 3711 3712
3710 3712 3713
3714 3715 3716
3714 3716 3717
3718 3719 3720
3718 3720 3721
3722 3723 3724
3722 3724 3725
3726 3727 3728
3726 3728 3729
3730 3731 3732
3730 3732 3733
3734 3735 3736
3734 3736 3737
3738 3739 3740
3738 3741 3739
3739 3741 3742
3739 3742 3743
3743 3742 3744
3743 3744 3745
3744 3746 3745
3744 3747 3746
3747 3748 3746
3747 3749 3748
3750 3751 3752
3750 3752 3753
3754 3755 3756
3754 3757 3755
3755 3757 3758
3755 3758 3759
3760 3761 3762
3760 3762 3763
3764 3765 3766
3764 3766 3767
3768 3769 3770
3768 3770 3771
3772 3773 3774
3772 3774 3775
3776 3777 3778
3776 3778 3779
3780 3781 3782
3780 3782 3783
3784 3785 3786
3784 3786 3787
3788 3789 3790
3788 3791 3789
3788 3792 3791
3793 3794 3795
3793 3796 3794
3793 3797 3796
3798 3799 3800
3798 3801 3799
3801 3802 3799
3801 3803 3802
3804 3805 3806
3804 3806 3807
3808 3809 3810
3808 3810 3811
3812 3813 3814
3812 3814 3815
3816 3817 3818
3816 3818 3819
3820 3821 3822
3820 3822 3823
3824 3825 3826
3824 3826 3827
3828 3829 3830
3828 3831 3829
3831 3832 3829
3831 3833 3832
3834 3835 3836
3834 3837 3835
3834 3838 3837
3834 3839 3838
3840 3841 3842
3840 3842 3843
3844 3845 3846
3844 3846 3847
3848 3849 3850
3848 3850 3851
3852 3853 3854
3852 3854 3855
3856 3857 3858
3856 3858 3859
3860 3861 3862
3860 3863 3861
3863 3860 3864
3863 3864 3865
3863 3865 3866
3866 3865 3867
3866 3867 3868
3868 3867 3869
3869 3867 3870
3871 3872 3873
3871 3874 3872
3875 3872 3874
3876 3875 3874
3876 3874 3877
3878 3876 3877
3878 3877 3879
3880 3878 3879
3881 3878 3880
3882 3883 3884
3882 3884 3885
3886 3887 3888
3886 3888 3889
3890 3891 3892
3890 3892 3893
3894 3895 3896
3894 3896 3897
3898 3899 3900
3898 3900 3901
3902 3903 3904
3902 3904 3905
3906 3907 3908
3906 3908 3909
3910 3911 3912
3910 3912 3913
3914 3915 3916
3914 3916 3917
3918 3919 3920
3918 3920 3921
3920 3922 3921
3920 3923 3922
3923 3924 3922
3923 3925 3924
3924 3925 3926
3924 3926 3927
3927 3926 3928
3927 3928 3929
3930 3931 3932
3930 3932 3933
3934 3935 3936
3934 3936 3937
3936 3938 3937
3936 3939 3938
3940 3941 3942
3940 3942 3943
3944 3945 3946
3944 3946 3947
3948 3949 3950
3948 3950 3951
3952 3953 3954
3952 3954 3955
3956 3957 3958
3956 3958 3959
3960 3961 3962
3960 3962 3963
3964 3965 3966
3964 3966 3967
3968 3969 3970
3968 3970 3971
3972 3968 3971
3973 3971 3970
3973 3970 3974
3975 3971 3973
3972 3971 3975
3975 3973 3976
3977 3972 3975
3977 3975 3976
3977 3978 3972
3977 3979 3978
3977 3980 3979
3981 3980 3977
3977 3976 3981
3981 3982 3980
3983 3984 3974
3976 3984 3983
3983 3974 3985
3976 3983 3986
3987 3976 3986
3988 3982 3987
3987 3986 3988
3988 3989 3982
3990 3985 3991
3990 3991 3992
3986 3990 3992
3993 3992 3991
3993 3994 3992
3994 3993 3995
3986 3992 3996
3996 3992 3994
3994 3995 3997
3998 3997 3995
3999 3986 3996
3999 4000 3986
3999 3989 4000
3999 4001 3989
4002 4001 3999
3996 4002 3999
4002 4003 4001
3996 3994 4004
3996 4004 4002
4004 3994 3997
4005 4003 4002
4005 4002 4004
4005 4006 4003
3998 4007 3997
4007 3998 4008
4004 3997 4009
4005 4004 4009
4009 3997 4007
4010 4006 4005
4009 4010 4005
4010 4011 4006
4007 4008 4012
4009 4007 4013
4013 4007 4012
4009 4013 4010
4013 4012 4014
4015 4011 4010
4015 4010 4013
4015 4013 4014
4015 4016 4011
4017 4018 4008
4017 4019 4018
4014 4018 4019
4014 4019 4020
4014 4020 4021
4014 4021 4022
4021 4016 4022
4021 4023 4016
4024 4017 4025
4024 4025 4026
4020 4024 4026
4020 4026 4027
4028 4020 4027
4028 4029 4023
4028 4030 4020
4028 4023 4030
4027 4031 4032
4032 4031 4033
4032 4033 4034
4027 4032 4035
4036 4027 4035
4037 4032 4034
4035 4032 4037
4037 4034 4038
4036 4035 4039
4039 4040 4036
4039 4041 4040
4042 4037 4038
4042 4038 4043
4035 4037 4044
4039 4035 4044
4044 4037 4042
4045 4042 4043
4045 4043 4046
4047 4041 4039
4039 4044 4047
4047 4048 4041
4044 4042 4049
4047 4044 4049
4049 4042 4050
4049 4050 4051
4052 4048 4047
4047 4049 4052
4052 4053 4048
4054 4049 4051
4054 4051 4055
4055 4053 4054
4055 4056 4053
4057 4058 4059
4057 4059 4060
4057 4060 4061
4061 4060 4062
4061 4062 4063
4064 4065 4066
4064 4066 4067
4067 4066 4068
4067 4068 4069
4069 4068 4070
4071 4072 4073
4073 4072 4074
4075 4072 4076
4077 4072 4075
4073 4077 4078
4079 4073 4078
4074 4080 4078
4080 4081 4078
4082 4083 4084
4082 4084 4085
4086 4087 4088
4086 4088 4089
4090 4091 4092
4090 4092 4093
4094 4095 4096
4094 4096 4097
4098 4099 4100
4098 4101 4099
4102 4101 4098
4102 4103 4101
4104 4105 4106
4104 4106 4107
4108 4109 4110
4108 4110 4111
4112 4113 4114
4112 4114 4115
4116 4117 4118
4116 4118 4119
4120 4121 4122
4123 4121 4120
4121 4124 4125
4126 4124 4121
4126 4120 4127
4120 4128 4127
4123 4127 4129
4127 4130 4129
4131 4132 4133
4131 4133 4134
4135 4136 4137
4135 4137 4138
4139 4140 4141
4139 4141 4142
4143 4144 4145
4143 4145 4146
4147 4148 4149
4147 4149 4150
4151 4147 4150
4151 4150 4152
4153 4154 4155
4153 4155 4156
4157 4158 4159
4157 4159 4160
4161 4162 4163
4161 4163 4164
4165 4166 4167
4165 4167 4168
4169 4170 4171
4169 4171 4172
4173 4174 4175
4173 4175 4176
4177 4178 4179
4177 4179 4180
4181 4182 4183
4181 4183 4184
4185 4186 4187
4185 4187 4188
4189 4190 4191
4191 4190 4192
4193 4190 4194
4195 4190 4193
4191 4195 4196
4197 4191 4196
4192 4198 4196
4198 4199 4196
4200 4201 4202
4200 4202 4203
4204 4205 4206
4204 4206 4207
4208 4209 4210
4208 4210 4211
4212 4213 4214
4212 4214 4215
4216 4217 4218
4216 4219 4217
4220 4219 4216
4220 4221 4219
4222 4223 4224
4222 4224 4225
4226 4227 4228
4226 4228 4229
4230 4231 4232
4230 4232 4233
4234 4235 4236
4234 4236 4237
4238 4239 4240
4241 4239 4238
4239 4242 4243
4244 4242 4239
4244 4238 4245
4238 4246 4245
4241 4245 4247
4245 4248 4247
4249 4250 4251
4249 4251 4252
4253 4254 4255
4253 4255 4256
4257 4258 4259
4257 4259 4260
4261 4262 4263
4261 4263 4264
4265 4266 4267
4265 4267 4268
4269 4265 4268
4269 4268 4270
4271 4272 4273
4271 4273 4274
4275 4276 4277
4275 4277 4278
4279 4280 4281
4279 4281 4282
4283 4284 4285
4283 4285 4286
4287 4288 4289
4287 4289 4290
4291 4292 4293
4291 4293 4294
4295 4296 4297
4295 4297 4298
4299 4300 4301
4299 4301 4302
4303 4304 4305
4303 4305 4306
4307 4308 4309
4309 4308 4310
4311 4308 4312
4313 4308 4311
4309 4313 4314
4315 4309 4314
4310 4316 4314
4316 4317 4314
4318 4319 4320
4318 4320 4321
4322 4323 4324
4322 4324 4325
4326 4327 4328
4326 4328 4329
4330 4331 4332
4330 4332 4333
4334 4335 4336
4334 4337 4335
4338 4337 4334
4338 4339 4337
4340 4341 4342
4340 4342 4343
4344 4345 4346
4344 4346 4347
4348 4349 4350
4348 4350 4351
4352 4353 4354
4352 4354 4355
4356 4357 4358
4359 4357 4356
4357 4360 4361
4362 4360 4357
4362 4356 4363
4356 4364 4363
4359 4363 4365
4363 4366 4365
4367 4368 4369
4367 4369 4370
4371 4372 4373
4371 4373 4374
4375 4376 4377
4375 4377 4378
4379 4380 4381
4379 4381 4382
4383 4384 4385
4383 4385 4386
4387 4383 4386
4387 4386 4388
4389 4390 4391
4389 4391 4392
4393 4394 4395
4393 4395 4396
4397 4398 4399
4397 4399 4400
4401 4402 4403
4401 4403 4404
4405 4406 4407
4405 4407 4408
4409 4410 4411
4409 4411 4412
4413 4414 4415
4413 4415 4416
4417 4418 4419
4417 4419 4420
4421 4422 4423
4421 4423 4424
4425 4426 4427
4427 4426 4428
4429 4426 4430
4431 4426 4429
4427 4431 4432
4433 4427 4432
4428 4434 4432
4434 4435 4432
4436 4437 4438
4436 4438 4439
4440 4441 4442
4440 4442 4443
4444 4445 4446
4444 4446 4447
4448 4449 4450
4448 4450 4451
4452 4453 4454
4452 4455 4453
4456 4455 4452
4456 4457 4455
4458 4459 4460
4458 4460 4461
4462 4463 4464
4462 4464 4465
4466 4467 4468
4466 4468 4469
4470 4471 4472
4470 4472 4473
4474 4475 4476
4477 4475 4474
4475 4478 4479
4480 4478 4475
4480 4474 4481
4474 4482 4481
4477 4481 4483
4481 4484 4483
4485 4486 4487
4485 4487 4488
4489 4490 4491
4489 4491 4492
4493 4494 4495
4493 4495 4496
4497 4498 4499
4497 4499 4500
4501 4502 4503
4501 4503 4504
4505 4501 4504
4505 4504 4506
4507 4508 4509
4507 4509 4510
4511 4512 4513
4511 4513 4514
4515 4516 4517
4515 4517 4518
4519 4520 4521
4519 4521 4522
4523 4524 4525
4523 4525 4526
4527 4528 4529
4527 4529 4530
4531 4532 4533
4531 4533 4534
4535 4536 4537
4535 4537 4538
4539 4540 4541
4539 4541 4542
4543 4544 4545
4543 4546 4544
4547 4546 4543
4547 4548 4546
4549 4548 4547
4549 4550 4548
4551 4550 4549
4551 4552 4550
4553 4554 4555
4553 4555 4556
4556 4555 4557
4556 4557 4558
4559 4560 4561
4559 4561 4562
4559 4562 4563
4563 4562 4564
4563 4564 4565
4566 4567 4568
4568 4567 4569
4568 4569 4570
4570 4569 4571
4570 4571 4572
4573 4574 4575
4573 4575 4576
4576 4577 4578
4576 4578 4579
4579 4578 4580
4579 4580 4581
4582 4583 4584
4582 4584 4585
4585 4584 4586
4585 4586 4587
4587 4588 4589
4587 4589 4590
4591 4592 4593
4591 4593 4594
4591 4594 4595
4595 4594 4596
4595 4596 4597
4598 4599 4600
4600 4599 4601
4600 4601 4602
4602 4601 4603
4602 4603 4604
4605 4606 4607
4605 4607 4608
4608 4607 4609
4608 4609 4610
4611 4612 4613
4611 4613 4614
4614 4613 4615
4614 4615 4616
4617 4618 4619
4617 4620 4618
4621 4620 4617
4621 4622 4620
4623 4622 4621
4623 4624 4622
4625 4624 4623
4625 4626 4624
4627 4626 4625
4627 4628 4626
4629 4628 4627
4629 4630 4628
4631 4630 4629
4631 4632 4630
4633 4632 4631
4633 4634 4632
4635 4634 4633
4635 4636 4634
4637 4636 4635
4637 4638 4636
4637 4639 4640
4637 4641 4639
4641 4642 4639
4641 4643 4642
4643 4644 4642
4643 4645 4644
4645 4646 4644
4645 4647 4646
4647 4648 4646
4647 4649 4648
4649 4650 4648
4649 4651 4650
4651 4652 4650
4651 4653 4652
4653 4654 4652
4653 4655 4654
4655 4656 4654
4655 4657 4656
4657 4658 4656
4657 4659 4658
4660 4661 4662
4660 4662 4663
4664 4665 4666
4664 4666 4667
4668 4669 4670
4668 4670 4671
4672 4673 4674
4672 4674 4675
4676 4677 4678
4676 4678 4679
4680 4681 4682
4680 4682 4683
4684 4685 4686
4684 4686 4687
4688 4689 4690
4688 4690 4691
4692 4693 4694
4692 4694 4695
4696 4697 4698
4696 4698 4699
4700 4701 4702
4702 4701 4703
4702 4703 4704
4704 4703 4705
4704 4705 4706
4706 4705 4707
4706 4707 4708
4708 4707 4709
4708 4709 4710
4711 4712 4713
4711 4713 4714
4715 4716 4717
4715 4717 4718
4719 4720 4721
4719 4721 4722
4723 4724 4725
4723 4725 4726
4727 4728 4729
4727 4729 4730
4731 4732 4733
4731 4733 4734
4735 4736 4737
4735 4737 4738
4739 4740 4741
4739 4741 4742
4743 4744 4745
4743 4745 4746
4747 4748 4749
4747 4749 4750
4751 4752 4753
4751 4754 4752
4755 4754 4751
4754 4756 4752
4755 4757 4754
4757 4756 4754
4758 4757 4755
4759 4756 4757
4758 4759 4757
4760 4759 4758
4761 4756 4759
4760 4761 4759
4762 4756 4761
4763 4761 4760
4763 4762 4761
4764 4762 4763
4764 4765 4762
4765 4756 4762
4766 4765 4764
4766 4767 4765
4767 4756 4765
4768 4767 4766
4768 4769 4767
4769 4756 4767
4770 4769 4768
4770 4771 4769
4771 4756 4769
4772 4771 4770
4772 4773 4771
4773 4756 4771
4774 4775 4756
4776 4775 4774
4776 4777 4775
4775 4778 4756
4777 4778 4775
4778 4779 4756
4777 4780 4778
4780 4779 4778
4780 4781 4779
4781 4782 4779
4779 4782 4756
4781 4783 4782
4783 4784 4782
4782 4784 4756
4783 4785 4784
4785 4786 4784
4784 4786 4756
4785 4787 4786
4787 4788 4786
4786 4788 4756
4787 4789 4788
4789 4790 4788
4788 4790 4756
4789 4791 4790
4790 4792 4756
4791 4792 4790
4792 4793 4756
4791 4794 4792
4794 4793 4792
4794 4795 4793
4796 4797 4798
4796 4798 4799
4800 4796 4799
4800 4799 4801
4802 4800 4801
4802 4801 4803
4804 4802 4803
4804 4803 4805
4806 4807 4808
4806 4809 4807
4809 4810 4807
4809 4811 4810
4812 4813 4814
4812 4815 4813
4812 4816 4815
4816 4817 4815
4816 4818 4817
4819 4820 4821
4820 4822 4821
4820 4823 4822
4823 4824 4822
4823 4825 4824
4826 4827 4828
4826 4829 4827
4829 4830 4827
4829 4831 4830
4831 4832 4830
4831 4833 4832
4834 4826 4835
4834 4835 4836
4837 4834 4838
4837 4838 4839
4840 4837 4839
4840 4839 4841
4842 4843 4844
4842 4845 4843
4842 4846 4845
4846 4847 4845
4846 4848 4847
4849 4850 4851
4850 4852 4851
4850 4853 4852
4853 4854 4852
4853 4855 4854
4856 4857 4858
4856 4859 4857
4859 4860 4857
4859 4861 4860
4862 4863 4864
4862 4865 4863
4865 4866 4863
4865 4867 4866
4868 4869 4870
4868 4870 4871
4872 4873 4874
4872 4874 4875
4876 4877 4878
4876 4878 4879
4880 4881 4882
4880 4882 4883
4884 4885 4886
4884 4886 4887
4888 4889 4890
4888 4890 4891
4892 4893 4894
4892 4894 4895
4896 4897 4898
4896 4898 4899
4900 4901 4902
4900 4902 4903
4904 4905 4906
4904 4906 4907
4908 4909 4910
4909 4911 4910
4909 4912 4911
4912 4913 4911
4912 4914 4913
4914 4915 4913
4914 4916 4915
4916 4917 4915
4916 4918 4917
4919 4920 4921
4919 4921 4922
4923 4924 4925
4923 4925 4926
4927 4928 4929
4927 4929 4930
4931 4932 4933
4931 4933 4934
4935 4936 4937
4935 4937 4938
4939 4940 4941
4939 4941 4942
4943 4944 4945
4943 4945 4946
4947 4948 4949
4947 4949 4950
4951 4952 4953
4951 4953 4954
4955 4956 4957
4955 4957 4958
4959 4960 4961
4961 4960 4962
4961 4962 4963
4964 4965 4966
4964 4966 4967
4968 4967 4966
4968 4969 4967
4970 4971 4972
4972 4971 4973
4972 4973 4974
4975 4976 4977
4975 4977 4978
4979 4980 4981
4979 4981 4982
4983 4984 4985
4983 4985 4986
4987 4988 4989
4987 4989 4990
4990 4989 4991
4990 4991 4992
4993 4994 4995
4993 4995 4996
4996 4995 4997
4996 4997 4998
4999 5000 5001
4999 5001 5002
5003 5004 5005
5003 5005 5006
5007 5008 5009
5007 5010 5008
5010 5011 5008
5010 5012 5011
5013 5014 5015
5013 5016 5014
5016 5017 5014
5016 5018 5017
5019 5020 5021
5019 5021 5022
5023 5024 5025
5023 5025 5026
5027 5028 5029
5027 5029 5030
5031 5032 5033
5031 5033 5034
5035 5036 5037
5035 5037 5038
5039 5040 5041
5039 5041 5042
5043 5044 5045
5043 5045 5046
5047 5048 5049
5047 5049 5050
5051 5052 5053
5051 5053 5054
5055 5056 5057
5055 5057 5058
5055 5058 5059
5060 5061 5062
5062 5061 5063
5062 5063 5064
5065 5066 5067
5065 5067 5068
5068 5067 5069
5070 5071 5072
5070 5072 5073
5073 5072 5074
5075 5076 5077
5077 5076 5078
5077 5078 5079
5080 5081 5082
5082 5081 5083
5082 5083 5084
5085 5086 5087
5085 5087 5088
5089 5090 5091
5089 5091 5092
5093 5094 5095
5093 5095 5096
5097 5098 5099
5097 5099 5100
5101 5102 5103
5101 5103 5104
5105 5106 5107
5105 5108 5106
5106 5108 5109
5106 5109 5110
5111 5112 5113
5111 5113 5114
5111 5114 5115
5116 5117 5118
5116 5118 5119
5119 5118 5120
5121 5122 5123
5121 5124 5122
5125 5124 5121
5125 5121 5126
5121 5127 5126
5128 5126 5127
5128 5127 5129
5127 5130 5129
5130 5131 5129
5130 5132 5131
5129 5131 5133
5134 5135 5133
5134 5136 5135
5137 5138 5139
5137 5140 5138
5138 5140 5141
5138 5141 5142
5143 5138 5142
5143 5142 5144
5143 5144 5145
5138 5143 5146
5138 5146 5147
5148 5146 5143
5149 5148 5143
5143 5145 5149
5150 5149 5145
5150 5151 5149
5150 5145 5152
5153 5154 5152
5153 5155 5154
5156 5157 5158
5156 5158 5159
5160 5161 5162
5160 5162 5163
5164 5165 5166
5164 5166 5167
5168 5169 5170
5168 5170 5171
5172 5173 5174
5172 5174 5175
5176 5177 5178
5176 5178 5179
5180 5181 5182
5180 5182 5183
5184 5185 5186
5184 5186 5187
5187 5186 5188
5187 5188 5189
5190 5191 5192
5190 5192 5193
5193 5192 5194
5193 5194 5195
5196 5197 5198
5196 5199 5197
5200 5199 5196
5200 5201 5199
5202 5203 5204
5202 5204 5205
5206 5202 5207
5206 5207 5208
5209 5210 5211
5209 5212 5210
5212 5213 5210
5212 5214 5213
5214 5215 5213
5214 5216 5215
5217 5218 5219
5217 5219 5220
5221 5222 5223
5221 5224 5222
5224 5225 5222
5224 5226 5225
5227 5228 5229
5227 5229 5230
5231 5232 5233
5231 5233 5234
5235 5236 5237
5235 5237 5238
5239 5240 5241
5239 5241 5242
5243 5244 5245
5243 5245 5246
5247 5248 5249
5247 5249 5250
5251 5252 5253
5252 5254 5253
5252 5255 5254
5256 5257 5258
5256 5259 5257
5260 5257 5259
5260 5259 5261
5262 5263 5264
5263 5265 5264
5263 5266 5265
5267 5268 5269
5267 5269 5270
5271 5272 5273
5271 5273 5274
5275 5276 5277
5275 5277 5278
5279 5280 5281
5279 5282 5280
5282 5283 5280
5282 5284 5283
5285 5286 5287
5285 5288 5286
5288 5289 5286
5288 5290 5289
5291 5292 5293
5291 5293 5294
5295 5296 5297
5295 5297 5298
5299 5300 5301
5299 5301 5302
5302 5301 5303
5302 5303 5304
5305 5306 5307
5305 5307 5308
5308 5307 5309
5308 5309 5310
5311 5312 5313
5311 5313 5314
5315 5316 5317
5315 5317 5318
5319 5320 5321
5319 5321 5322
5323 5324 5325
5323 5325 5326
5327 5328 5329
5327 5329 5330
5331 5332 5333
5331 5333 5334
5335 5336 5337
5335 5337 5338
5339 5340 5341
5339 5341 5342
5343 5344 5345
5343 5345 5346
5347 5348 5349
5347 5350 5348
5347 5351 5350
5352 5353 5354
5353 5355 5354
5353 5356 5355
5357 5358 5359
5357 5360 5358
5360 5361 5358
5362 5363 5364
5362 5365 5363
5365 5366 5363
5367 5368 5369
5368 5370 5369
5368 5371 5370
5372 5373 5374
5373 5375 5374
5373 5376 5375
5377 5378 5379
5377 5379 5380
5381 5382 5383
5381 5383 5384
5385 5386 5387
5385 5387 5388
5389 5390 5391
5389 5391 5392
5393 5394 5395
5393 5395 5396
5397 5398 5399
5397 5399 5400
5399 5401 5400
5399 5402 5401
5403 5404 5405
5403 5406 5404
5403 5407 5406
5408 5409 5410
5408 5411 5409
5411 5412 5409
5413 5414 5415
5413 5415 5416
5417 5413 5416
5417 5418 5413
5413 5418 5419
5420 5419 5418
5420 5421 5419
5419 5421 5422
5422 5421 5423
5422 5423 5424
5421 5425 5423
5426 5425 5427
5426 5427 5428
5429 5430 5431
5429 5431 5432
5431 5433 5432
5431 5434 5433
5435 5434 5431
5435 5436 5434
5435 5437 5436
5431 5438 5435
5437 5435 5438
5431 5439 5438
5438 5440 5437
5438 5441 5440
5442 5437 5440
5442 5440 5443
5442 5444 5437
5445 5444 5446
5445 5446 5447
5448 5449 5450
5448 5450 5451
5452 5453 5454
5452 5454 5455
5456 5457 5458
5456 5458 5459
5460 5461 5462
5460 5462 5463
5464 5465 5466
5464 5466 5467
5468 5469 5470
5468 5470 5471
5472 5473 5474
5472 5474 5475
5476 5477 5478
5476 5479 5477
5479 5480 5477
5479 5481 5480
5482 5483 5484
5482 5485 5483
5485 5486 5483
5485 5487 5486
5488 5489 5490
5488 5490 5491
5492 5488 5491
5492 5491 5493
5494 5495 5496
5494 5496 5497
5498 5499 5494
5498 5500 5499
5501 5502 5503
5501 5503 5504
5504 5503 5505
5504 5505 5506
5506 5505 5507
5506 5507 5508
5509 5510 5511
5509 5511 5512
5513 5514 5515
5513 5515 5516
5516 5515 5517
5516 5517 5518
5519 5520 5521
5519 5521 5522
5523 5524 5525
5523 5525 5526
5527 5528 5529
5527 5529 5530
5531 5532 5533
5531 5533 5534
5535 5536 5537
5535 5537 5538
5539 5540 5541
5539 5541 5542
5543 5544 5545
5543 5545 5546
5547 5548 5549
5547 5549 5550
5551 5552 5553
5551 5553 5554
5554 5553 5555
5554 5555 5556
5557 5558 5559
5557 5559 5560
5561 5562 5563
5561 5563 5564
5564 5563 5565
5564 5565 5566
5567 5568 5569
5567 5569 5570
5571 5572 5573
5571 5573 5574
5575 5576 5577
5575 5577 5578
5579 5575 5578
5579 5578 5580
5579 5581 5582
5579 5582 5583
5583 5582 5584
5583 5584 5585
5580 5586 5587
5580 5587 5588
5586 5589 5587
5586 5590 5589
5588 5591 5592
5588 5593 5591
5593 5594 5591
5593 5595 5594
5596 5592 5597
5596 5597 5598
5598 5597 5599
5598 5599 5600
5601 5596 5602
5601 5602 5603
5603 5602 5604
5603 5604 5605
5606 5601 5607
5606 5607 5608
5608 5607 5609
5608 5609 5610
5611 5612 5613
5611 5614 5612
5581 5614 5611
5581 5615 5614
5615 5616 5617
5615 5617 5618
5618 5617 5619
5618 5619 5620
5621 5622 5616
5621 5623 5622
5623 5624 5622
5623 5625 5624
5626 5627 5621
5626 5628 5627
5628 5629 5627
5628 5630 5629
5631 5632 5626
5631 5633 5632
5633 5634 5632
5633 5635 5634
5636 5637 5638
5636 5638 5639
5636 5639 5640
5640 5639 5641
5640 5641 5642
5643 5642 5641
5643 5641 5644
5645 5643 5644
5645 5644 5646
5645 5646 5647
5648 5649 5650
5648 5650 5651
5651 5650 5652
5651 5652 5653
5654 5655 5656
5654 5656 5657
5657 5656 5658
5657 5658 5659
5660 5661 5662
5662 5661 5663
5662 5663 5664
5665 5666 5667
5665 5667 5668
5669 5665 5668
5669 5668 5670
5671 5672 5673
5671 5673 5674
5675 5671 5674
5675 5674 5676
5677 5678 5679
5677 5680 5678
5680 5681 5678
5680 5682 5681
5683 5684 5685
5683 5686 5684
5686 5687 5684
5686 5688 5687
5689 5690 5691
5690 5692 5691
5690 5693 5692
5694 5695 5696
5694 5697 5695
5698 5697 5694
5698 5699 5697
5700 5701 5702
5700 5703 5701
5704 5703 5700
5704 5705 5703
5706 5707 5708
5706 5708 5709
5709 5708 5710
5709 5710 5711
5711 5710 5712
5711 5712 5713
5713 5712 5714
5713 5714 5715
5715 5714 5716
5715 5716 5717
5718 5719 5720
5718 5720 5721
5721 5720 5722
5721 5722 5723
5723 5722 5724
5723 5724 5725
5725 5724 5726
5725 5726 5727
5727 5726 5728
5727 5728 5729
5730 5731 5732
5730 5733 5731
5731 5733 5734
5731 5734 5735
5736 5737 5738
5736 5738 5739
5739 5738 5740
5739 5740 5741
5742 5743 5744
5742 5745 5743
5746 5745 5742
5746 5747 5745
5748 5747 5746
5748 5749 5747
5750 5749 5748
5750 5751 5749
5752 5751 5750
5752 5753 5751
5754 5755 5756
5754 5757 5755
5758 5757 5754
5758 5759 5757
5760 5759 5758
5760 5761 5759
5762 5761 5760
5762 5763 5761
5764 5763 5762
5764 5765 5763
5766 5767 5768
5766 5769 5767
5769 5770 5767
5769 5771 5770
5771 5772 5770
5771 5773 5772
5773 5774 5772
5773 5775 5774
5775 5776 5774
5775 5777 5776
5778 5779 5780
5778 5781 5779
5781 5782 5779
5781 5783 5782
5783 5784 5782
5783 5785 5784
5785 5786 5784
5785 5787 5786
5787 5788 5786
5787 5789 5788
5790 5791 5792
5790 5792 5793
5792 5794 5793
5792 5795 5794
5796 5797 5798
5796 5799 5797
5799 5800 5797
5799 5801 5800
5802 5803 5804
5802 5804 5805
5805 5804 5806
5805 5806 5807
5807 5806 5808
5807 5808 5809
5809 5808 5810
5809 5810 5811
5811 5810 5812
5811 5812 5813
5813 5812 5814
5813 5814 5815
5812 5816 5814
5817 5814 5818
5817 5818 5819
5820 5818 5821
5820 5821 5822
5823 5824 5825
5823 5825 5826
5827 5828 5829
5827 5829 5830
5831 5832 5833
5831 5833 5834
5835 5836 5837
5835 5837 5838
5839 5840 5841
5839 5841 5842
5843 5844 5845
5843 5845 5846
5847 5848 5849
5847 5849 5850
5851 5852 5853
5851 5853 5854
5855 5856 5857
5855 5857 5858
5859 5860 5861
5859 5861 5862
5863 5864 5865
5863 5865 5866
5867 5868 5869
5867 5869 5870
5871 5872 5873
5874 5872 5871
5874 5871 5875
5874 5875 5876
5876 5875 5877
5878 5879 5874
5878 5880 5879
5881 5875 5882
5883 5875 5881
5884 5885 5886
5884 5886 5887
5888 5889 5890
5888 5890 5891
5892 5893 5894
5892 5894 5895
5896 5897 5898
5899 5896 5898
5900 5896 5899
5896 5900 5901
5902 5896 5901
5901 5900 5903
5904 5901 5903
5905 5899 5898
5905 5898 5906
5906 5898 5907
5906 5907 5908
5908 5907 5909
5910 5905 5906
5908 5910 5906
5910 5911 5905
5912 5910 5908
5913 5910 5912
5914 5912 5908
5914 5908 5915
5908 5909 5915
5915 5909 5916
5917 5915 5916
5917 5918 5915
5905 5919 5899
5905 5920 5919
5921 5920 5905
5921 5922 5920
5899 5919 5923
5923 5919 5924
5920 5925 5919
5900 5899 5923
5920 5926 5925
5922 5926 5920
5926 5927 5925
5922 5928 5926
5929 5928 5922
5930 5926 5928
5930 5931 5926
5926 5931 5927
5931 5932 5927
5933 5932 5931
5933 5931 5934
5923 5935 5900
5936 5935 5923
5935 5937 5900
5938 5937 5935
5937 5939 5900
5903 5900 5939
5937 5940 5939
5941 5940 5937
5940 5942 5939
5940 5943 5942
5903 5939 5944
5945 5903 5944
5944 5939 5946
5944 5946 5947
5948 5949 5950
5948 5950 5951
5952 5953 5954
5953 5955 5954
5953 5956 5955
5956 5953 5957
5953 5958 5957
5956 5957 5959
5957 5960 5959
5954 5955 5961
5954 5961 5962
5963 5954 5962
5962 5961 5964
5962 5964 5965
5963 5962 5966
5966 5962 5965
5966 5965 5967
5968 5963 5966
5968 5966 5969
5968 5969 5970
5969 5971 5970
5969 5972 5971
5966 5973 5969
5966 5974 5973
5975 5961 5955
5975 5976 5961
5976 5977 5961
5976 5978 5977
5979 5975 5955
5980 5975 5979
5981 5976 5975
5979 5955 5956
5982 5978 5976
5981 5982 5976
5982 5983 5978
5984 5982 5981
5984 5985 5982
5984 5986 5985
5985 5986 5987
5985 5987 5988
5982 5985 5989
5982 5989 5990
5956 5991 5979
5979 5991 5992
5956 5993 5991
5991 5993 5994
5956 5995 5993
5956 5959 5995
5995 5996 5993
5993 5996 5997
5998 5996 5995
5998 5999 5996
5995 5959 6000
5959 6001 6000
6002 5995 6000
6002 6000 6003
6004 6005 6006
6004 6006 6007
6008 6009 6010
6008 6010 6011
6012 6013 6014
6012 6014 6015
6015 6014 6016
6015 6016 6017
6017 6016 6018
6017 6018 6019
6019 6018 6020
6019 6020 6021
6022 6023 6024
6022 6024 6025
6025 6026 6027
6025 6027 6028
6029 6030 6031
6029 6031 6032
6033 6034 6035
6033 6035 6036
6037 6038 6039
6037 6039 6040
6041 6042 6043
6041 6043 6044
6045 6046 6047
6045 6047 6048
6049 6050 6051
6049 6051 6052
6053 6054 6055
6053 6055 6056
6057 6058 6059
6057 6059 6060
6061 6062 6063
6061 6063 6064
6065 6066 6067
6065 6067 6068
6069 6070 6071
6069 6071 6072
6073 6074 6075
6073 6075 6076
6077 6078 6079
6077 6079 6080
6081 6082 6083
6081 6084 6082
6084 6085 6082
6084 6086 6085
6086 6087 6085
6086 6088 6087
6088 6089 6087
6088 6090 6089
6091 6092 6093
6091 6094 6092
6094 6095 6096
6094 6096 6097
6098 6099 6100
6098 6100 6101
6102 6103 6104
6102 6104 6105
6106 6107 6108
6106 6108 6109
6110 6111 6112
6110 6112 6113
6114 6115 6116
6114 6116 6117
6118 6119 6120
6118 6120 6121
6122 6123 6124
6122 6124 6125
6126 6127 6128
6126 6128 6129
6130 6131 6132
6130 6132 6133
6134 6135 6136
6134 6136 6137
6138 6139 6140
6138 6140 6141
6142 6143 6144
6142 6144 6145
6146 6147 6148
6146 6149 6147
6150 6151 6149
6150 6149 6152
6153 6154 6155
6156 6154 6153
6157 6156 6153
6153 6158 6157
6159 6158 6153
6158 6160 6157
6161 6160 6158
6162 6154 6156
6162 6163 6154
6163 6164 6154
6163 6165 6164
6165 6166 6164
6167 6163 6162
6165 6163 6167
6167 6162 6168
6169 6165 6167
6170 6169 6167
6171 6165 6169
6171 6172 6165
6165 6172 6166
6172 6173 6166
6174 6173 6172
6174 6172 6175
6162 6156 6176
6162 6176 6177
6178 6162 6177
6178 6177 6179
6156 6180 6176
6180 6181 6176
6177 6176 6182
6157 6180 6156
6177 6182 6183
6179 6177 6183
6183 6182 6184
6179 6183 6185
6186 6179 6185
6187 6185 6183
6187 6183 6188
6183 6184 6188
6188 6184 6189
6190 6188 6189
6190 6191 6188
6180 6157 6192
6193 6180 6192
6192 6157 6194
6195 6192 6194
6194 6157 6196
6160 6196 6157
6194 6196 6197
6198 6194 6197
6197 6196 6199
6197 6199 6200
6160 6201 6196
6202 6201 6160
6201 6203 6196
6201 6204 6203
6205 6206 6207
6205 6207 6208
6209 6210 6211
6211 6210 6212
6211 6212 6213
6213 6214 6211
6211 6214 6215
6213 6216 6214
6214 6216 6217
6210 6218 6212
6210 6219 6218
6220 6219 6210
6219 6221 6218
6219 6222 6221
6220 6223 6219
6223 6222 6219
6223 6224 6222
6225 6223 6220
6225 6226 6223
6225 6227 6226
6226 6227 6228
6226 6228 6229
6223 6226 6230
6223 6230 6231
6232 6212 6218
6232 6218 6233
6233 6218 6234
6233 6234 6235
6236 6212 6232
6237 6236 6232
6238 6232 6233
6236 6213 6212
6239 6233 6235
6238 6233 6239
6239 6235 6240
6241 6238 6239
6241 6239 6242
6241 6242 6243
6242 6244 6243
6242 6245 6244
6239 6246 6242
6239 6247 6246
6213 6236 6248
6236 6249 6248
6213 6248 6250
6248 6251 6250
6213 6250 6252
6213 6252 6216
6252 6250 6253
6250 6254 6253
6255 6252 6253
6255 6253 6256
6252 6257 6216
6216 6257 6258
6259 6257 6252
6259 6260 6257
6261 6262 6263
6261 6263 6264
6265 6266 6267
6265 6267 6268
6269 6270 6271
6269 6272 6270
6272 6273 6270
6272 6274 6273
6274 6275 6273
6274 6276 6275
6276 6277 6275
6276 6278 6277
6279 6280 6281
6279 6282 6280
6282 6283 6284
6282 6284 6285
6286 6287 6288
6286 6288 6289
6290 6291 6292
6290 6292 6293
6294 6295 6296
6294 6296 6297
6298 6299 6300
6298 6300 6301
6302 6303 6304
6302 6304 6305
6306 6307 6308
6306 6308 6309
6310 6311 6312
6310 6312 6313
6314 6315 6316
6314 6316 6317
6318 6319 6320
6318 6320 6321
6322 6323 6324
6322 6324 6325
6326 6327 6328
6326 6328 6329
6330 6331 6332
6330 6332 6333
6334 6335 6336
6334 6336 6337
6338 6339 6340
6338 6340 6341
6341 6340 6342
6341 6342 6343
6343 6342 6344
6343 6344 6345
6345 6344 6346
6345 6346 6347
6348 6349 6350
6348 6350 6351
6351 6352 6353
6351 6353 6354
6355 6356 6357
6355 6357 6358
6359 6360 6361
6359 6361 6362
6363 6364 6365
6363 6365 6366
6367 6368 6369
6367 6369 6370
6371 6372 6373
6371 6373 6374
6375 6376 6377
6375 6377 6378
6379 6380 6381
6379 6381 6382
6383 6384 6385
6383 6385 6386
6387 6388 6389
6387 6389 6390
6391 6392 6393
6391 6393 6394
6395 6396 6397
6395 6397 6398
6399 6400 6401
6399 6401 6402
6403 6404 6405
6403 6405 6406
6407 6403 6406
6407 6406 6408
6409 6410 6411
6409 6411 6412
6413 6410 6409
6413 6414 6410
6415 6414 6413
6415 6416 6414
6417 6416 6415
6417 6418 6416
6419 6418 6417
6419 6420 6418
6421 6420 6419
6421 6422 6420
6423 6422 6421
6423 6424 6422
6425 6424 6423
6425 6426 6424
6427 6426 6425
6427 6428 6426
6429 6428 6427
6429 6430 6428
6429 6431 6430
6429 6432 6431
6432 6433 6431
6432 6434 6433
6434 6435 6433
6434 6436 6435
6436 6437 6435
6436 6438 6437
6438 6439 6437
6438 6440 6439
6440 6441 6439
6440 6442 6441
6442 6443 6441
6442 6444 6443
6444 6445 6443
6444 6446 6445
6446 6447 6445
6446 6448 6447
6448 6449 6447
6448 6412 6449
