byte offset: 0
first index: 47880
index count: 2724
topology: trianglelist
format: DXGI_FORMAT_R16_UINT

14269 14270 14271
14272 14273 14274
14275 14276 14277
14275 14277 14278
14277 14279 14278
14277 14280 14279
14281 14279 14280
14281 14282 14279
14283 14284 14285
14283 14286 14284
14284 14286 14287
14284 14287 14288
14289 14288 14287
14289 14287 14290
14291 14292 14293
14291 14293 14294
14295 14296 14297
14295 14297 14298
14299 14300 14301
14299 14301 14302
14303 14304 14305
14303 14305 14306
14307 14308 14309
14307 14309 14310
14311 14312 14313
14311 14313 14314
14315 14316 14317
14315 14317 14318
14319 14320 14321
14319 14321 14322
14323 14324 14325
14323 14325 14326
14323 14326 14327
14327 14328 14323
14325 14329 14326
14325 14330 14329
14331 14326 14329
14329 14332 14331
14333 14328 14327
14333 14334 14328
14327 14326 14335
14331 14335 14326
14336 14331 14332
14336 14332 14337
14327 14335 14338
14327 14338 14333
14331 14339 14335
14336 14339 14331
14339 14338 14335
14340 14339 14336
14341 14340 14336
14341 14342 14340
14340 14342 14343
14340 14344 14339
14338 14339 14344
14340 14343 14344
14338 14344 14345
14345 14344 14343
14333 14338 14345
14345 14343 14346
14347 14345 14346
14347 14346 14348
14333 14345 14349
14350 14349 14348
14350 14333 14349
14351 14352 14353
14351 14353 14354
14355 14351 14354
14355 14356 14351
14353 14357 14354
14357 14353 14358
14359 14355 14354
14355 14359 14360
14361 14357 14358
14361 14358 14362
14357 14363 14354
14359 14354 14363
14360 14359 14364
14360 14364 14365
14357 14366 14363
14357 14361 14366
14359 14363 14367
14364 14359 14367
14367 14363 14366
14367 14368 14364
14368 14369 14364
14368 14370 14369
14368 14371 14370
14367 14372 14368
14372 14367 14366
14368 14372 14371
14372 14366 14373
14371 14372 14373
14361 14373 14366
14371 14373 14374
14374 14373 14375
14374 14375 14376
14361 14377 14373
14378 14376 14377
14378 14377 14361
14379 14380 14381
14379 14381 14382
14383 14379 14382
14383 14384 14379
14381 14385 14382
14385 14381 14386
14387 14383 14382
14383 14387 14388
14389 14385 14386
14389 14386 14390
14385 14391 14382
14387 14382 14391
14388 14387 14392
14388 14392 14393
14385 14394 14391
14385 14389 14394
14387 14391 14395
14392 14387 14395
14395 14391 14394
14395 14396 14392
14396 14397 14392
14396 14398 14397
14396 14399 14398
14395 14400 14396
14400 14395 14394
14396 14400 14399
14400 14394 14401
14399 14400 14401
14389 14401 14394
14399 14401 14402
14402 14401 14403
14402 14403 14404
14389 14405 14401
14406 14404 14405
14406 14405 14389
14407 14408 14409
14407 14409 14410
14407 14410 14411
14411 14412 14407
14409 14413 14410
14409 14414 14413
14415 14410 14413
14413 14416 14415
14417 14412 14411
14417 14418 14412
14411 14410 14419
14415 14419 14410
14420 14415 14416
14420 14416 14421
14411 14419 14422
14411 14422 14417
14415 14423 14419
14420 14423 14415
14423 14422 14419
14424 14423 14420
14425 14424 14420
14425 14426 14424
14424 14426 14427
14424 14428 14423
14422 14423 14428
14424 14427 14428
14422 14428 14429
14429 14428 14427
14417 14422 14429
14429 14427 14430
14431 14429 14430
14431 14430 14432
14417 14429 14433
14434 14433 14432
14434 14417 14433
14435 14436 14437
14435 14438 14436
14438 14435 14439
14438 14439 14440
14438 14440 14441
14436 14438 14441
14442 14441 14440
14442 14443 14441
14443 14444 14441
14436 14441 14444
14443 14445 14444
14446 14436 14444
14446 14444 14447
14447 14444 14448
14446 14449 14436
14450 14436 14449
14451 14436 14450
14452 14453 14454
14452 14455 14453
14455 14456 14453
14457 14455 14452
14457 14458 14455
14459 14453 14456
14460 14453 14459
14459 14456 14461
14461 14456 14462
14462 14456 14463
14455 14464 14456
14465 14464 14455
14466 14456 14464
14466 14467 14456
14464 14468 14466
14464 14465 14468
14469 14458 14470
14469 14470 14471
14472 14471 14470
14472 14473 14471
14465 14474 14470
14472 14470 14474
14474 14465 14475
14474 14475 14476
14476 14477 14474
14472 14474 14477
14476 14478 14477
14479 14472 14477
14480 14479 14477
14479 14481 14472
14481 14482 14472
14482 14483 14472
14484 14485 14486
14484 14486 14487
14488 14484 14487
14488 14487 14489
14487 14490 14489
14486 14490 14487
14490 14491 14489
14490 14492 14491
14493 14492 14490
14486 14493 14490
14493 14494 14492
14495 14493 14486
14495 14496 14493
14496 14497 14493
14495 14486 14498
14499 14498 14486
14500 14499 14486
14501 14502 14503
14501 14503 14504
14505 14504 14503
14505 14503 14506
14503 14507 14506
14503 14508 14507
14506 14507 14509
14506 14509 14510
14510 14511 14506
14505 14506 14511
14510 14512 14511
14513 14511 14512
14513 14514 14511
14514 14513 14515
14516 14511 14514
14516 14505 14511
14514 14515 14517
14516 14514 14517
14518 14517 14515
14516 14517 14519
14518 14519 14517
14505 14516 14520
14516 14519 14520
14505 14520 14521
14505 14521 14504
14522 14519 14518
14522 14523 14519
14520 14519 14524
14525 14524 14522
14520 14524 14526
14521 14520 14526
14525 14527 14524
14527 14526 14524
14528 14527 14525
14528 14529 14527
14529 14530 14527
14527 14530 14526
14529 14531 14530
14521 14526 14532
14530 14532 14526
14531 14533 14530
14530 14533 14532
14531 14534 14533
14521 14532 14535
14535 14532 14533
14521 14535 14504
14536 14504 14535
14536 14537 14504
14535 14538 14536
14535 14539 14538
14535 14533 14539
14539 14533 14534
14539 14534 14540
14541 14539 14540
14541 14540 14542
14540 14534 14543
14543 14544 14540
14543 14545 14544
14543 14534 14546
14547 14546 14548
14548 14549 14547
14548 14550 14549
14551 14550 14552
14546 14553 14552
14551 14552 14553
14546 14554 14553
14555 14551 14553
14554 14556 14553
14555 14553 14556
14554 14557 14556
14556 14558 14555
14557 14559 14556
14556 14559 14558
14557 14560 14559
14559 14561 14558
14562 14559 14560
14559 14562 14561
14562 14560 14563
14562 14564 14561
14565 14562 14563
14562 14565 14564
14565 14563 14566
14563 14567 14566
14564 14565 14568
14568 14565 14566
14566 14567 14569
14567 14570 14569
14564 14568 14571
14572 14564 14571
14573 14572 14571
14574 14572 14573
14568 14566 14575
14566 14569 14575
14569 14570 14576
14570 14577 14576
14578 14571 14568
14573 14571 14578
14569 14576 14579
14579 14575 14569
14577 14580 14576
14579 14576 14580
14577 14581 14580
14579 14580 14582
14575 14583 14568
14578 14568 14583
14579 14584 14575
14582 14584 14579
14575 14584 14583
14585 14583 14584
14585 14584 14586
14582 14586 14584
14583 14585 14587
14583 14587 14578
14582 14588 14586
14589 14586 14588
14590 14578 14587
14590 14573 14578
14591 14573 14590
14587 14589 14592
14589 14588 14592
14582 14593 14588
14593 14582 14594
14591 14595 14573
14574 14573 14595
14595 14596 14574
14595 14597 14596
14598 14596 14597
14598 14597 14599
14595 14600 14597
14595 14591 14600
14601 14597 14600
14601 14602 14597
14592 14588 14603
14603 14588 14593
14593 14594 14604
14605 14604 14594
14605 14594 14606
14607 14604 14605
14608 14593 14604
14608 14604 14607
14603 14593 14608
14607 14609 14608
14608 14609 14610
14608 14610 14603
14609 14611 14610
14592 14603 14612
14612 14603 14610
14613 14610 14611
14612 14610 14613
14613 14611 14614
14615 14614 14611
14612 14616 14592
14587 14592 14616
14616 14617 14587
14612 14613 14618
14614 14618 14613
14614 14619 14618
14615 14620 14614
14620 14621 14614
14622 14620 14615
14620 14623 14621
14612 14618 14624
14612 14624 14616
14618 14625 14624
14616 14626 14617
14624 14626 14616
14624 14625 14626
14591 14617 14626
14627 14626 14625
14622 14628 14620
14623 14620 14628
14628 14622 14629
14623 14628 14630
14591 14626 14631
14627 14631 14626
14600 14591 14631
14631 14627 14632
14628 14629 14633
14630 14628 14633
14630 14633 14634
14633 14629 14635
14634 14633 14636
14633 14635 14636
14634 14636 14637
14600 14631 14638
14631 14632 14638
14638 14639 14600
14638 14640 14639
14641 14638 14632
14641 14642 14638
14643 14644 14637
14643 14637 14645
14635 14643 14645
14635 14646 14643
14643 14646 14647
14648 14643 14647
14648 14649 14643
14650 14647 14646
14647 14650 14651
14647 14651 14652
14650 14646 14653
14653 14646 14654
14653 14654 14655
14655 14654 14656
14655 14656 14657
14658 14657 14656
14658 14659 14657
14660 14657 14659
14660 14659 14661
14662 14655 14657
14662 14657 14660
14663 14653 14655
14663 14655 14662
14653 14664 14650
14653 14663 14664
14650 14664 14665
14650 14665 14666
14661 14667 14660
14661 14518 14667
14660 14668 14662
14660 14667 14668
14662 14669 14663
14662 14668 14669
14670 14664 14663
14670 14663 14669
14664 14670 14671
14664 14671 14672
14518 14673 14667
14518 14674 14673
14675 14668 14667
14675 14667 14673
14673 14674 14676
14675 14673 14676
14674 14677 14676
14677 14678 14676
14678 14675 14676
14677 14512 14678
14678 14512 14679
14668 14675 14680
14678 14680 14675
14668 14680 14669
14678 14679 14681
14681 14680 14678
14681 14679 14682
14681 14682 14683
14684 14669 14680
14681 14684 14680
14683 14684 14681
14684 14670 14669
14683 14685 14684
14685 14670 14684
14685 14686 14670
14687 14688 14689
14688 14687 14690
14688 14690 14691
14692 14693 14694
14695 14693 14692
14695 14696 14693
14697 14698 14699
14697 14699 14700
14700 14699 14701
14700 14701 14702
14701 14703 14702
14704 14705 14706
14704 14707 14705
14708 14707 14704
14708 14704 14709
14710 14708 14709
14710 14709 14711
14711 14712 14710
14711 14713 14712
14714 14712 14713
14714 14715 14712
14716 14715 14714
14716 14717 14715
14718 14719 14720
14720 14721 14718
14720 14722 14721
14722 14723 14721
14722 14724 14723
14724 14725 14723
14724 14726 14725
14727 14725 14726
14727 14726 14728
14729 14727 14728
14729 14728 14730
14731 14729 14730
14731 14732 14729
14733 14734 14735
14733 14735 14736
14736 14737 14733
14735 14738 14736
14736 14739 14737
14739 14740 14737
14741 14736 14738
14741 14739 14736
14738 14742 14741
14741 14742 14743
14744 14740 14739
14744 14739 14741
14741 14743 14744
14745 14740 14744
14744 14743 14746
14744 14746 14745
14747 14748 14749
14747 14750 14748
14751 14750 14747
14751 14747 14752
14752 14753 14751
14752 14754 14753
14754 14755 14753
14754 14756 14755
14757 14758 14759
14758 14760 14759
14758 14761 14760
14762 14760 14761
14762 14761 14763
14764 14765 14766
14764 14766 14767
14768 14766 14769
14768 14769 14770
14770 14769 14771
14771 14769 14772
14764 14772 14769
14772 14773 14771
14773 14772 14774
14764 14774 14772
14773 14774 14775
14764 14776 14774
14777 14776 14764
14776 14778 14774
14774 14778 14775
14775 14778 14779
14780 14781 14782
14780 14782 14783
14784 14780 14783
14785 14786 14787
14785 14788 14786
14789 14786 14788
14789 14790 14786
14786 14790 14791
14786 14791 14792
14790 14793 14791
14790 14794 14793
14794 14790 14795
14789 14795 14790
14794 14795 14796
14797 14796 14795
14797 14795 14798
14798 14799 14797
14800 14798 14795
14800 14795 14789
14798 14801 14799
14800 14801 14798
14802 14799 14801
14800 14803 14801
14802 14801 14803
14789 14804 14800
14800 14804 14803
14789 14805 14804
14789 14788 14805
14806 14802 14803
14806 14803 14807
14804 14808 14803
14809 14806 14808
14804 14810 14808
14805 14810 14804
14809 14808 14811
14811 14808 14810
14812 14809 14811
14812 14811 14813
14813 14811 14814
14811 14810 14814
14813 14814 14815
14805 14816 14810
14814 14810 14816
14815 14814 14817
14814 14816 14817
14815 14817 14818
14805 14819 14816
14819 14817 14816
14805 14788 14819
14820 14819 14788
14820 14788 14821
14819 14820 14822
14819 14822 14823
14819 14823 14817
14823 14818 14817
14823 14824 14818
14825 14824 14823
14825 14826 14824
14824 14827 14818
14827 14824 14828
14827 14828 14829
14827 14830 14818
14831 14832 14830
14832 14831 14833
14832 14833 14834
14835 14836 14834
14830 14836 14837
14835 14837 14836
14830 14837 14838
14839 14837 14835
14838 14837 14840
14839 14840 14837
14838 14840 14841
14840 14839 14842
14841 14840 14843
14840 14842 14843
14841 14843 14844
14843 14842 14845
14846 14844 14843
14843 14845 14846
14846 14847 14844
14846 14845 14848
14849 14847 14846
14846 14848 14849
14849 14850 14847
14847 14850 14851
14848 14852 14849
14852 14850 14849
14850 14853 14851
14851 14853 14854
14848 14855 14852
14856 14855 14848
14857 14855 14856
14858 14857 14856
14852 14859 14850
14850 14859 14853
14853 14860 14854
14854 14860 14861
14862 14852 14855
14857 14862 14855
14853 14863 14860
14863 14853 14859
14861 14860 14864
14863 14864 14860
14861 14864 14865
14863 14866 14864
14859 14852 14867
14862 14867 14852
14863 14859 14868
14866 14863 14868
14859 14867 14868
14869 14868 14867
14869 14870 14868
14866 14868 14870
14867 14871 14869
14867 14862 14871
14866 14870 14872
14873 14872 14870
14874 14871 14862
14874 14862 14857
14875 14874 14857
14871 14876 14873
14873 14876 14872
14866 14872 14877
14877 14878 14866
14875 14857 14879
14858 14879 14857
14879 14858 14880
14879 14880 14881
14882 14881 14880
14882 14883 14881
14879 14881 14884
14879 14884 14875
14885 14884 14881
14885 14881 14886
14876 14887 14872
14887 14877 14872
14884 14888 14875
14884 14889 14888
14889 14884 14890
14889 14890 14891
14875 14888 14892
14875 14892 14893
14894 14893 14892
14894 14871 14893
14871 14894 14876
14895 14876 14894
14876 14895 14887
14896 14894 14892
14895 14894 14896
14888 14889 14897
14898 14897 14889
14898 14889 14899
14888 14897 14900
14900 14892 14888
14900 14901 14892
14896 14892 14901
14902 14896 14901
14895 14896 14902
14895 14903 14887
14895 14902 14904
14895 14904 14903
14905 14904 14902
14905 14902 14906
14907 14887 14903
14887 14907 14877
14904 14908 14903
14904 14905 14908
14909 14903 14908
14907 14903 14909
14910 14908 14905
14911 14907 14909
14907 14912 14877
14907 14911 14912
14877 14912 14878
14911 14913 14912
14913 14878 14912
14913 14914 14878
14910 14905 14915
14915 14905 14916
14917 14910 14915
14915 14916 14918
14917 14915 14919
14918 14919 14915
14919 14920 14917
14918 14921 14919
14919 14922 14920
14921 14922 14919
14921 14923 14922
14922 14924 14920
14923 14925 14922
14922 14925 14924
14923 14926 14925
14927 14926 14928
14927 14929 14926
14924 14929 14927
14924 14927 14930
14927 14931 14930
14932 14931 14927
14932 14927 14933
14934 14930 14931
14931 14935 14934
14931 14936 14935
14934 14937 14930
14937 14938 14930
14937 14939 14938
14939 14940 14938
14939 14941 14940
14942 14940 14941
14942 14941 14943
14944 14943 14941
14944 14945 14943
14946 14941 14939
14946 14944 14941
14947 14939 14937
14947 14946 14939
14937 14934 14948
14937 14948 14947
14934 14949 14948
14934 14950 14949
14945 14944 14951
14945 14951 14802
14944 14946 14952
14944 14952 14951
14946 14947 14953
14946 14953 14952
14954 14947 14948
14954 14953 14947
14948 14955 14954
14948 14956 14955
14802 14951 14957
14802 14957 14958
14959 14951 14952
14959 14957 14951
14957 14960 14958
14959 14960 14957
14958 14960 14961
14961 14960 14962
14962 14960 14959
14961 14962 14796
14962 14963 14796
14952 14964 14959
14962 14959 14964
14952 14953 14964
14962 14965 14963
14965 14962 14964
14965 14966 14963
14965 14967 14966
14968 14964 14953
14965 14964 14968
14967 14965 14968
14968 14953 14954
14967 14968 14969
14969 14968 14954
14969 14954 14970
14971 14972 14973
14973 14974 14971
14973 14975 14974
14976 14977 14978
14979 14976 14978
14979 14978 14980
14981 14982 14983
14981 14984 14982
14984 14985 14982
14984 14986 14985
14985 14986 14987
14988 14989 14990
14988 14990 14991
14992 14988 14991
14992 14993 14988
14994 14993 14992
14994 14995 14993
14995 14994 14996
14995 14996 14997
14998 14997 14996
14998 14996 14999
15000 14998 14999
15000 14999 15001
15002 15003 15004
15003 15002 15005
15003 15005 15006
15006 15005 15007
15006 15007 15008
15008 15007 15009
15008 15009 15010
15011 15010 15009
15011 15012 15010
15013 15012 15011
15013 15014 15012
15015 15014 15013
15015 15013 15016
15017 15018 15019
15017 15020 15018
15020 15017 15021
15018 15020 15022
15020 15021 15023
15023 15021 15024
15025 15022 15020
15025 15020 15023
15022 15025 15026
15025 15027 15026
15028 15023 15024
15028 15025 15023
15025 15028 15027
15029 15028 15024
15028 15030 15027
15028 15029 15030
15031 15032 15033
15031 15033 15034
15035 15031 15034
15035 15036 15031
15036 15035 15037
15036 15037 15038
15038 15037 15039
15038 15039 15040
15041 15042 15043
15043 15042 15044
15043 15044 15045
15046 15045 15044
15046 15047 15045
15048 15049 15050
15048 15050 15051
15052 15053 15050
15052 15054 15053
15054 15055 15053
15055 15056 15053
15048 15053 15056
15056 15055 15057
15057 15058 15056
15048 15056 15058
15057 15059 15058
15048 15058 15060
15061 15048 15060
15060 15058 15062
15058 15059 15062
15059 15063 15062
15064 15065 15066
15064 15067 15065
15068 15067 15064
