byte offset: 0
first index: 0
index count: 12699
topology: trianglelist
format: DXGI_FORMAT_R16_UINT

0 1 2
3 4 5
6 7 8
9 10 11
12 13 14
15 16 17
18 19 20
21 22 23
24 25 26
24 26 27
28 29 30
28 30 31
32 28 31
30 33 31
30 34 33
35 34 30
35 36 34
31 33 37
38 36 35
32 31 39
31 37 39
40 32 39
37 40 39
40 41 32
37 42 40
40 42 43
44 41 40
40 43 45
44 40 45
45 43 46
44 45 47
45 46 47
44 47 48
47 46 49
48 47 50
47 49 50
48 50 51
50 49 52
52 49 53
50 52 54
51 50 54
51 54 55
55 54 56
55 56 57
57 56 58
57 58 59
58 60 59
58 61 60
56 62 63
56 63 64
63 65 64
63 66 65
66 67 65
68 69 70
68 70 71
72 71 70
72 70 73
74 72 73
75 73 70
76 74 73
75 76 73
77 78 79
77 79 80
81 77 80
81 80 82
83 84 85
83 85 86
87 88 89
87 89 90
89 91 90
89 92 91
91 92 38
91 38 93
38 35 93
35 94 93
35 95 94
96 93 94
96 91 93
90 91 96
90 96 97
90 97 98
98 99 90
99 87 90
87 99 100
87 100 101
102 103 104
102 104 105
106 107 108
106 109 107
110 109 106
107 109 111
107 111 112
113 107 112
113 112 114
109 115 111
116 113 114
110 117 109
109 117 115
118 117 110
115 117 118
118 110 119
115 118 120
118 121 120
122 118 119
118 123 121
122 123 118
123 124 121
122 125 123
123 125 124
122 126 125
125 127 124
126 128 125
125 128 127
126 129 128
128 130 127
130 131 127
128 132 130
129 132 128
129 133 132
133 134 132
133 135 134
135 136 134
135 137 136
136 137 138
136 138 139
134 140 141
134 142 140
140 142 143
140 143 144
144 143 145
146 147 148
146 149 147
150 147 149
150 151 147
152 151 150
153 147 151
154 151 152
153 151 154
155 156 157
155 158 156
159 158 155
159 160 158
161 162 163
161 163 164
165 166 167
165 168 166
166 168 169
166 169 170
169 116 170
169 171 116
116 171 113
113 171 172
113 172 173
174 172 171
174 171 169
168 174 169
168 175 174
168 176 175
176 168 177
177 168 165
165 178 177
165 179 178
180 181 182
180 182 183
183 184 180
182 185 183
182 186 185
183 187 184
185 187 183
186 188 185
186 189 188
189 190 188
189 191 190
192 190 191
192 191 193
194 192 193
194 195 192
192 195 196
197 190 192
192 196 197
188 190 198
197 198 190
185 188 199
188 198 199
200 197 196
200 196 201
202 200 201
202 203 200
197 200 204
203 204 200
197 204 198
203 205 204
206 204 205
207 198 204
206 207 204
207 199 198
206 208 207
208 199 207
206 209 208
210 208 209
208 211 199
185 199 211
185 211 187
208 187 211
210 212 208
208 212 187
213 212 210
213 210 214
212 213 215
212 215 187
215 184 187
184 215 216
216 215 217
216 217 218
184 216 219
216 218 220
219 216 220
219 220 221
222 223 224
225 224 223
225 223 226
227 225 226
227 226 228
229 227 228
229 228 230
230 231 229
230 232 231
232 233 231
232 234 233
235 233 234
235 234 236
237 235 236
237 238 235
239 238 237
239 240 238
239 241 240
239 242 241
241 242 243
244 245 246
247 246 245
247 248 246
248 247 249
248 249 250
249 251 250
249 252 251
253 251 252
253 252 254
255 253 254
255 256 253
256 255 257
256 257 258
259 258 257
259 257 260
261 259 260
261 260 262
263 261 262
263 264 261
263 265 264
266 267 268
266 268 269
266 269 270
266 270 271
266 271 272
273 274 275
273 275 276
273 276 277
273 277 278
273 278 279
273 279 280
273 280 281
273 281 282
273 282 283
273 283 284
273 284 285
273 285 286
273 286 287
273 287 288
289 290 291
289 291 292
293 294 295
293 295 296
297 293 296
297 296 298
299 297 298
299 298 300
301 299 300
301 300 302
303 301 302
303 302 304
305 303 304
305 304 306
307 305 306
307 306 308
309 307 308
309 308 310
311 309 310
311 310 312
313 311 312
313 312 314
315 313 314
315 314 316
317 315 316
317 316 318
319 317 318
319 318 320
321 319 320
321 320 322
323 321 322
322 320 324
320 325 324
325 326 324
326 327 324
327 328 324
328 329 324
329 330 324
330 331 324
331 332 324
332 333 324
333 334 324
334 335 324
335 296 324
296 295 324
295 336 324
336 337 324
338 337 336
338 339 337
339 340 337
337 340 324
339 341 340
341 342 340
340 342 324
341 343 342
342 344 324
343 344 342
344 322 324
343 323 344
323 322 344
345 346 347
345 347 348
348 347 349
348 349 350
350 349 351
350 351 352
352 351 353
352 353 354
354 353 355
354 355 356
356 355 357
356 357 358
358 357 359
358 359 360
360 359 361
360 361 362
359 363 361
364 363 359
365 363 364
366 363 365
367 363 366
368 363 367
369 363 368
370 363 369
371 363 370
372 363 371
373 363 372
361 363 374
362 361 374
374 363 375
362 374 376
376 374 375
376 375 377
377 375 378
375 363 378
377 378 379
379 378 380
378 363 380
379 380 381
381 380 382
380 363 382
381 382 383
383 382 384
382 363 384
383 384 385
385 384 386
384 363 386
385 386 387
386 363 388
387 386 388
387 388 389
388 363 373
389 388 373
389 373 390
390 373 391
390 391 392
392 391 393
392 393 394
395 396 397
395 397 398
399 400 401
399 402 400
399 403 402
399 404 403
405 406 407
405 407 408
407 409 408
410 408 409
410 411 408
407 412 409
413 412 407
413 414 412
415 414 413
415 416 414
414 417 412
414 418 417
419 420 421
419 421 422
423 424 425
423 425 426
427 428 429
427 429 430
431 430 429
431 432 430
433 427 430
432 433 430
434 433 432
435 433 434
436 437 438
436 438 439
440 439 438
440 438 441
442 440 441
442 443 440
444 445 446
444 446 447
448 444 447
449 447 446
448 447 450
451 448 450
449 452 447
452 450 447
453 452 449
454 451 450
452 454 450
453 455 452
455 454 452
456 451 454
455 456 454
457 451 456
458 457 456
458 456 455
459 458 455
459 455 453
460 459 453
460 461 459
461 460 462
461 462 463
460 464 462
460 465 464
465 466 464
465 467 466
468 469 470
468 470 471
472 473 474
472 475 473
475 472 476
477 475 476
478 475 477
477 479 478
478 480 475
481 482 483
481 484 482
485 484 481
485 481 486
484 487 482
484 488 487
487 489 482
490 491 492
490 492 493
490 493 494
490 494 495
496 497 498
496 499 497
497 499 500
501 500 499
501 499 502
497 500 503
504 497 503
504 503 505
506 504 505
506 505 507
505 503 508
505 508 509
510 511 512
510 512 513
514 515 516
514 516 517
518 519 520
518 521 519
522 519 521
522 521 523
524 521 518
523 521 524
525 523 524
526 525 524
527 528 529
527 530 528
531 528 530
531 532 528
533 532 531
533 531 534
535 536 537
535 538 536
539 536 538
540 538 535
540 535 541
542 540 541
539 538 543
543 538 540
544 539 543
540 542 545
543 540 545
544 543 546
546 543 545
545 542 547
546 545 547
547 542 548
549 547 548
549 546 547
550 546 549
550 544 546
551 544 550
551 550 552
552 553 551
552 554 553
551 553 555
551 555 556
556 555 557
556 557 558
559 560 561
559 561 562
563 564 565
563 565 566
566 567 563
568 567 566
565 568 566
565 569 568
570 571 569
570 572 571
573 574 575
573 575 576
577 573 576
577 578 573
576 575 579
576 579 580
579 575 581
582 583 584
582 584 585
586 585 584
582 585 587
582 587 588
586 589 585
590 589 586
585 589 591
585 591 587
590 592 589
592 591 589
592 590 593
587 594 588
595 588 594
592 593 596
597 596 593
587 598 594
587 591 598
595 594 599
598 599 594
599 600 595
599 601 600
602 601 599
602 599 603
598 603 599
603 604 602
592 605 591
596 605 592
597 606 596
606 597 607
608 598 591
608 591 605
609 603 598
608 609 598
603 610 604
609 610 603
610 611 604
596 612 605
612 596 606
606 607 613
613 607 614
615 610 609
615 609 608
610 616 611
615 616 610
616 617 611
616 618 617
619 618 616
619 616 615
620 619 615
615 608 620
620 621 619
620 608 622
608 605 622
622 605 612
623 621 620
620 622 623
623 624 621
622 612 625
623 622 625
626 624 623
623 625 626
626 627 624
628 625 612
612 606 628
628 606 613
627 626 629
627 629 630
631 626 625
628 631 625
631 629 626
628 613 632
632 631 628
630 629 633
630 633 634
635 629 631
632 635 631
635 633 629
632 613 636
613 614 636
636 614 637
634 633 638
634 638 639
635 632 640
632 636 640
636 637 641
641 640 636
641 637 642
633 635 643
635 640 643
633 643 638
641 642 644
645 644 642
641 646 640
643 640 646
644 646 641
647 638 643
643 646 647
639 638 648
647 648 638
645 649 644
650 649 645
644 651 646
647 646 651
651 644 649
650 652 649
652 650 653
652 653 654
647 651 655
655 648 647
651 649 656
656 649 652
655 651 656
657 652 654
656 652 657
657 654 658
659 657 658
660 656 657
655 656 660
659 661 657
660 657 661
661 659 662
661 662 663
660 661 663
663 662 664
663 664 665
666 663 665
660 663 666
666 665 667
660 666 668
668 666 667
660 668 655
668 667 669
655 668 670
670 668 669
655 670 648
671 670 669
670 671 648
671 669 672
639 648 671
673 671 672
673 639 671
674 675 676
674 677 675
677 678 675
677 679 678
680 678 679
680 679 681
682 680 681
682 683 680
684 683 682
684 685 683
686 685 684
686 687 685
688 687 686
688 689 687
690 689 688
690 691 689
692 691 690
692 693 691
694 693 692
694 695 693
696 695 694
696 697 695
698 697 696
698 699 697
700 699 698
700 701 699
700 702 701
703 704 705
706 705 704
706 704 707
708 709 710
708 711 709
708 712 711
712 713 711
712 714 713
715 713 714
715 716 713
717 716 715
717 718 716
719 718 717
719 720 718
719 721 720
719 722 721
721 722 723
721 723 724
723 725 724
723 726 725
726 727 725
726 728 727
728 729 727
728 730 729
730 731 729
730 732 731
733 731 732
733 732 734
734 735 733
734 736 735
736 737 735
736 738 737
738 739 737
737 739 740
740 739 741
742 743 744
743 745 744
743 746 745
746 747 745
746 748 747
748 749 747
750 751 752
752 753 750
752 754 753
754 755 753
754 756 755
755 756 757
755 757 758
759 758 757
760 761 762
760 763 761
763 764 761
765 763 760
765 760 766
766 760 767
766 767 768
769 766 768
769 768 770
763 771 764
765 772 763
772 771 763
773 764 771
773 774 764
775 774 773
775 776 774
777 776 775
777 778 776
779 778 777
779 780 778
781 780 779
781 782 780
783 782 781
783 784 782
784 783 785
784 785 786
785 787 786
788 783 781
788 785 783
789 781 779
788 781 789
790 779 777
789 779 790
791 777 775
790 777 791
785 792 787
793 787 792
788 794 785
794 792 785
791 775 795
795 775 773
795 773 796
796 773 771
796 771 797
772 797 771
798 797 772
798 796 797
798 772 765
799 795 796
798 799 796
800 799 798
800 801 799
799 801 795
801 791 795
800 798 802
798 765 802
801 803 791
800 803 801
803 790 791
803 804 790
800 804 803
804 789 790
804 805 789
800 805 804
805 788 789
805 806 788
800 806 805
806 794 788
800 807 806
806 807 794
800 808 807
800 802 809
800 810 808
807 811 794
807 808 811
794 811 792
808 812 811
808 810 812
811 813 792
811 812 813
793 792 813
793 813 814
812 814 813
793 814 815
814 816 815
810 817 812
812 817 814
814 818 816
817 818 814
818 819 816
810 820 817
800 820 810
820 821 817
817 821 818
818 822 819
822 823 819
820 824 821
800 824 820
818 821 825
818 825 822
824 825 821
822 826 823
826 822 825
826 827 823
824 828 825
800 828 824
828 829 825
826 825 829
828 830 829
800 830 828
831 826 829
830 831 829
826 832 827
831 832 826
800 833 830
830 833 831
834 827 832
834 835 827
836 832 831
833 836 831
836 834 832
800 837 833
833 837 836
800 838 837
800 839 838
837 840 836
840 834 836
837 838 840
841 835 834
840 841 834
841 842 835
838 843 840
843 841 840
838 839 843
844 842 841
843 844 841
844 845 842
839 846 843
846 844 843
847 845 844
846 847 844
848 847 846
847 849 845
839 850 846
850 848 846
800 850 839
851 849 847
848 851 847
851 852 849
851 853 852
851 854 853
848 854 851
854 855 853
854 856 855
856 857 855
800 858 850
850 858 848
848 859 854
859 856 854
860 848 858
800 860 858
860 859 848
856 861 857
861 862 857
863 859 860
800 863 860
859 864 856
863 864 859
864 861 856
800 865 863
865 864 863
864 866 861
865 866 864
861 867 862
866 867 861
800 868 865
800 809 868
866 865 869
866 869 867
869 865 868
870 862 867
870 871 862
872 867 869
869 868 872
872 870 867
872 868 873
873 868 809
873 870 872
873 809 874
873 875 870
874 875 873
809 876 874
876 809 802
870 875 877
870 877 878
874 879 875
877 875 879
876 879 874
877 879 880
879 881 880
879 769 881
876 769 879
766 769 876
876 802 882
766 876 882
802 765 882
765 766 882
883 884 885
883 885 886
887 886 888
887 889 886
887 890 889
887 891 890
891 892 890
891 893 892
893 894 892
893 895 894
895 896 894
894 896 897
895 898 896
892 894 899
894 897 899
892 899 900
890 892 900
890 900 901
889 890 901
889 901 902
902 886 889
902 903 886
903 904 886
898 905 896
898 906 905
907 897 896
907 896 905
908 905 906
908 906 909
910 908 909
905 911 907
905 908 911
910 912 908
910 913 912
910 914 913
913 914 915
916 908 912
916 911 908
913 916 912
913 915 917
917 915 918
917 918 919
920 919 918
920 921 919
922 921 920
923 917 919
921 923 919
924 913 917
923 924 917
922 925 921
921 925 923
913 926 916
924 926 913
922 927 925
928 927 922
928 929 927
927 929 930
927 930 931
931 925 927
932 931 930
923 925 933
931 933 925
932 934 931
933 931 934
935 934 932
924 923 936
923 933 936
937 926 924
924 936 937
935 938 934
939 938 935
933 934 940
936 933 940
940 934 938
939 941 938
941 939 942
936 940 943
937 936 943
940 938 944
941 944 938
943 940 944
941 942 945
946 945 942
941 947 944
947 941 945
946 948 945
949 948 946
943 944 950
950 944 947
947 945 951
951 945 948
949 952 948
953 952 949
950 947 954
951 954 947
951 948 955
955 948 952
952 953 956
957 956 953
951 958 954
955 958 951
943 950 959
960 950 954
960 959 950
961 954 958
961 960 954
943 959 962
937 943 962
955 952 963
952 956 964
952 964 963
955 965 958
963 965 955
966 961 958
966 958 965
964 956 967
957 967 956
968 967 957
968 957 969
937 962 970
937 970 971
937 971 926
916 926 971
916 971 972
970 972 971
970 973 972
911 916 972
911 972 974
973 974 972
907 911 974
975 970 962
975 962 959
907 974 976
897 907 976
973 977 974
977 976 974
978 973 970
978 970 975
959 979 975
959 960 979
980 978 975
980 975 979
960 981 979
960 961 981
982 980 979
982 979 981
961 983 981
961 966 983
984 982 981
984 981 983
980 982 985
982 984 985
986 978 980
980 985 986
987 973 978
986 987 978
966 988 983
983 989 984
983 988 989
966 990 988
990 966 965
990 965 991
963 991 965
988 990 992
993 989 988
988 992 993
991 994 990
994 992 990
963 995 991
991 996 994
995 996 991
963 997 995
964 997 963
998 996 995
995 997 999
998 995 999
964 1000 997
997 1000 999
1001 994 996
998 1001 996
964 1002 1000
964 967 1002
1002 967 1003
968 1003 967
1000 1002 1004
1002 1003 1004
999 1000 1005
1000 1004 1005
998 999 1006
999 1005 1006
1001 998 1007
998 1006 1007
1001 1008 994
1001 1007 1009
1008 1001 1009
1010 994 1008
994 1010 992
1004 1003 1011
1005 1004 1012
1004 1011 1012
1006 1005 1013
1005 1012 1013
1007 1006 1014
1006 1013 1014
1009 1007 1015
1007 1014 1015
1003 1016 1011
1003 968 1016
1017 1013 1012
1018 1013 1017
1018 1014 1013
1017 1012 1019
1019 1012 1011
1020 1014 1018
1020 1015 1014
1019 1011 1021
1021 1011 1016
1022 1015 1020
1021 1016 1023
1022 1024 1015
1025 1024 1022
1009 1015 1024
1023 1016 1026
1023 1026 1027
968 1026 1016
1025 1028 1024
1029 1028 1025
1030 1009 1024
1030 1024 1028
1008 1009 1030
1027 1026 1031
1027 1031 1032
968 1033 1026
1031 1026 1033
968 969 1033
1034 1033 969
1031 1033 1034
1034 969 1035
1032 1031 1036
1034 1036 1031
1032 1036 1037
1035 1038 1034
1034 1038 1036
1035 1039 1038
1037 1036 1040
1038 1040 1036
1037 1040 1041
1039 1042 1038
1038 1042 1040
1039 1043 1042
1041 1040 1044
1044 1040 1042
1041 1044 1045
1046 1042 1043
1044 1042 1046
1045 1044 1047
1045 1047 1048
1046 1043 1049
1050 1049 1043
1044 1046 1051
1044 1051 1047
1051 1046 1049
1048 1047 1052
1048 1052 1053
1050 1054 1049
1050 1055 1054
1056 1047 1051
1056 1052 1047
1051 1049 1057
1057 1049 1054
1057 1056 1051
1053 1052 1058
1053 1058 1059
1059 1058 1060
1059 1060 1061
1061 1060 1062
1061 1062 1063
1063 1062 1064
1063 1064 1065
1065 1064 1066
1065 1066 1067
1068 1064 1062
1068 1066 1064
1060 1069 1062
1068 1062 1069
1069 1070 1068
1058 1071 1060
1060 1071 1069
1058 1052 1072
1058 1072 1071
1067 1066 1073
1067 1073 1074
1068 1075 1066
1075 1068 1070
1073 1066 1075
1071 1076 1069
1069 1076 1070
1077 1072 1052
1077 1052 1056
1078 1071 1072
1071 1078 1076
1078 1072 1077
1074 1073 1079
1074 1079 1080
1073 1075 1081
1081 1079 1073
1082 1076 1078
1082 1070 1076
1080 1079 1083
1080 1083 1084
1085 1077 1056
1057 1085 1056
1086 1078 1077
1082 1078 1086
1075 1070 1087
1081 1075 1087
1081 1088 1079
1079 1088 1083
1081 1087 1089
1088 1081 1089
1070 1090 1087
1089 1087 1090
1088 1089 1091
1091 1083 1088
1085 1092 1077
1086 1077 1092
1082 1093 1070
1070 1093 1090
1091 1089 1094
1089 1090 1094
1095 1092 1085
1086 1092 1096
1095 1096 1092
1097 1082 1086
1086 1096 1097
1093 1082 1098
1097 1098 1082
1097 1096 1099
1099 1096 1095
1100 1095 1085
1100 1085 1057
1057 1054 1100
1100 1101 1095
1101 1100 1054
1101 1099 1095
1055 1101 1054
1102 1101 1055
1102 1055 1103
1104 1098 1097
1099 1104 1097
1099 1101 1105
1105 1101 1102
1102 1103 1106
1106 1103 1107
1108 1106 1107
1108 1109 1106
1106 1110 1102
1102 1110 1105
1105 1111 1099
1099 1111 1104
1111 1112 1104
1111 1105 1113
1113 1105 1110
1113 1112 1111
1114 1098 1104
1104 1112 1114
1115 1110 1106
1116 1115 1106
1117 1113 1110
1117 1110 1115
1118 1098 1114
1093 1098 1118
1119 1093 1118
1118 1114 1119
1119 1090 1093
1114 1120 1119
1120 1114 1112
1121 1090 1119
1120 1121 1119
1121 1094 1090
1122 1113 1117
1113 1122 1112
1123 1117 1115
1122 1117 1124
1123 1124 1117
1123 1115 1125
1125 1115 1116
1125 1116 1126
1126 1116 1108
1126 1108 1127
1127 1108 1128
1127 1128 1129
1129 1128 1130
1129 1130 1131
1131 1130 1132
1129 1133 1127
1133 1129 1131
1126 1127 1134
1133 1134 1127
1126 1135 1125
1135 1126 1134
1131 1132 1136
1131 1136 1137
1138 1136 1132
1138 1139 1136
1137 1136 1139
1139 1138 1140
1139 1140 1141
1142 1141 1140
1133 1131 1143
1143 1131 1137
1141 1144 1139
1137 1139 1144
1142 1145 1141
1145 1142 1146
1141 1147 1144
1145 1147 1141
1145 1146 1148
1149 1148 1146
1144 1150 1137
1150 1144 1147
1145 1151 1147
1151 1145 1148
1149 1152 1148
1153 1152 1149
1150 1147 1154
1154 1147 1151
1151 1148 1155
1152 1155 1148
1153 1156 1152
1156 1153 1157
1154 1151 1158
1158 1151 1155
1152 1159 1155
1159 1152 1156
1156 1157 1160
1160 1157 1161
1158 1155 1162
1162 1155 1159
1163 1154 1158
1163 1158 1162
1163 1164 1154
1154 1164 1150
1163 1162 1165
1164 1166 1150
1164 1167 1166
1150 1166 1137
1167 1168 1166
1137 1166 1168
1167 1169 1168
1137 1168 1143
1169 1170 1168
1143 1168 1170
1169 1171 1170
1162 1159 1172
1162 1172 1165
1143 1170 1173
1173 1133 1143
1174 1133 1173
1170 1174 1173
1174 1134 1133
1171 1175 1170
1170 1175 1174
1171 1176 1175
1134 1174 1177
1175 1177 1174
1134 1177 1135
1176 1178 1175
1177 1175 1178
1176 1179 1178
1178 1179 1180
1180 1181 1178
1181 1177 1178
1180 1182 1181
1135 1177 1183
1177 1181 1183
1125 1135 1183
1181 1182 1184
1183 1181 1184
1184 1125 1183
1185 1184 1182
1184 1123 1125
1185 1123 1184
1185 1186 1123
1123 1186 1124
1187 1124 1186
1187 1186 1188
1187 1189 1124
1189 1122 1124
1187 1188 1190
1188 1191 1190
1189 1192 1122
1192 1112 1122
1193 1190 1191
1193 1191 1194
1192 1195 1112
1195 1120 1112
1196 1120 1195
1196 1121 1120
1195 1192 1197
1197 1196 1195
1189 1198 1192
1192 1198 1197
1199 1189 1187
1189 1199 1198
1200 1187 1190
1199 1187 1200
1193 1194 1201
1201 1194 1202
1203 1201 1202
1204 1190 1193
1200 1190 1204
1203 1205 1201
1206 1205 1203
1193 1201 1207
1207 1204 1193
1207 1201 1205
1206 1208 1205
1208 1206 1209
1200 1204 1210
1210 1204 1207
1205 1211 1207
1208 1211 1205
1207 1212 1210
1207 1211 1212
1213 1200 1210
1210 1212 1213
1208 1209 1214
1214 1209 1215
1200 1213 1216
1200 1216 1199
1216 1217 1199
1199 1217 1198
1213 1218 1216
1218 1217 1216
1213 1212 1219
1213 1219 1218
1218 1220 1217
1217 1220 1221
1222 1218 1219
1217 1223 1198
1223 1217 1221
1223 1197 1198
1224 1223 1221
1197 1223 1225
1224 1225 1223
1196 1197 1225
1226 1219 1212
1211 1226 1212
1222 1219 1227
1227 1219 1226
1227 1228 1222
1227 1229 1228
1226 1229 1227
1229 1230 1228
1211 1231 1226
1208 1231 1211
1231 1232 1226
1208 1232 1231
1226 1232 1229
1232 1233 1229
1208 1214 1232
1214 1233 1232
1229 1234 1230
1229 1233 1234
1235 1230 1234
1235 1234 1236
1233 1236 1234
1236 1237 1235
1236 1238 1237
1238 1239 1237
1214 1240 1233
1214 1215 1240
1240 1215 1241
1233 1242 1236
1238 1236 1242
1233 1240 1243
1240 1241 1243
1242 1233 1243
1238 1244 1239
1244 1245 1239
1238 1242 1246
1243 1246 1242
1246 1244 1238
1247 1243 1241
1243 1247 1246
1248 1247 1241
1244 1249 1245
1250 1245 1249
1246 1251 1244
1247 1251 1246
1251 1249 1244
1248 1252 1247
1247 1252 1251
1250 1249 1253
1253 1254 1250
1251 1255 1249
1255 1251 1252
1253 1249 1255
1248 1256 1252
1255 1252 1256
1248 1257 1256
1253 1258 1254
1259 1254 1258
1253 1255 1260
1260 1255 1256
1260 1258 1253
1256 1257 1261
1260 1256 1261
1259 1258 1262
1262 1263 1259
1260 1264 1258
1264 1260 1261
1264 1262 1258
1265 1261 1257
1265 1257 1266
1262 1267 1263
1267 1268 1263
1261 1265 1269
1264 1261 1269
1270 1265 1266
1265 1270 1269
1270 1266 1271
1271 1272 1270
1273 1272 1271
1274 1272 1273
1264 1269 1275
1264 1276 1262
1264 1275 1276
1267 1262 1276
1277 1276 1275
1267 1276 1277
1277 1275 1278
1277 1279 1267
1267 1279 1268
1280 1277 1278
1277 1280 1279
1280 1278 1281
1282 1280 1281
1282 1279 1280
1282 1281 1283
1283 1284 1282
1283 1285 1284
1286 1284 1285
1286 1285 1287
1286 1287 1288
1286 1288 1289
1289 1288 1290
1284 1286 1291
1289 1291 1286
1292 1282 1284
1284 1291 1292
1282 1293 1279
1292 1293 1282
1294 1289 1290
1294 1290 1295
1289 1296 1291
1294 1296 1289
1279 1293 1297
1279 1297 1268
1298 1293 1292
1298 1297 1293
1299 1292 1291
1299 1291 1296
1299 1298 1292
1294 1295 1300
1300 1295 1301
1302 1300 1301
1302 1303 1300
1303 1302 1304
1300 1305 1294
1300 1303 1305
1303 1304 1306
1305 1303 1306
1307 1306 1304
1294 1308 1296
1308 1294 1305
1307 1309 1306
1310 1309 1307
1305 1306 1311
1311 1306 1309
1312 1296 1308
1299 1296 1312
1311 1313 1305
1308 1305 1313
1310 1314 1309
1311 1309 1315
1314 1315 1309
1311 1316 1313
1316 1311 1315
1317 1308 1313
1316 1317 1313
1312 1308 1318
1317 1318 1308
1299 1312 1319
1318 1319 1312
1317 1320 1318
1318 1320 1319
1316 1321 1317
1320 1317 1321
1316 1315 1322
1322 1321 1316
1310 1323 1314
1310 1324 1323
1314 1325 1315
1325 1322 1315
1299 1319 1326
1326 1298 1299
1327 1323 1324
1327 1324 1328
1328 1329 1327
1328 1330 1329
1331 1329 1330
1314 1323 1332
1314 1332 1325
1333 1323 1327
1332 1323 1333
1333 1327 1334
1334 1327 1329
1335 1332 1333
1335 1333 1334
1336 1325 1332
1335 1336 1332
1331 1337 1329
1338 1337 1331
1336 1339 1325
1325 1339 1322
1338 1340 1337
1341 1340 1338
1339 1342 1322
1322 1342 1321
1343 1321 1342
1320 1321 1343
1336 1335 1344
1339 1336 1345
1336 1344 1345
1339 1346 1342
1339 1345 1346
1343 1342 1347
1346 1347 1342
1348 1344 1335
1335 1334 1348
1349 1348 1334
1334 1329 1349
1329 1350 1349
1337 1350 1329
1349 1351 1348
1350 1351 1349
1348 1352 1344
1352 1348 1351
1353 1345 1344
1354 1346 1345
1353 1354 1345
1355 1344 1352
1355 1353 1344
1352 1351 1356
1355 1352 1356
1350 1357 1351
1356 1351 1357
1337 1358 1350
1357 1350 1358
1337 1359 1358
1359 1337 1340
1357 1358 1360
1360 1358 1359
1356 1357 1361
1361 1357 1360
1355 1356 1362
1362 1356 1361
1353 1355 1363
1355 1362 1364
1355 1364 1363
1362 1361 1365
1365 1364 1362
1361 1360 1366
1365 1361 1366
1360 1359 1367
1366 1360 1367
1359 1340 1368
1368 1367 1359
1353 1363 1369
1354 1353 1369
1370 1368 1340
1341 1370 1340
1341 1371 1370
1341 1372 1371
1372 1373 1371
1372 1374 1373
1374 1375 1373
1374 1376 1375
1377 1375 1376
1377 1378 1375
1378 1377 1379
1378 1379 1380
1381 1380 1379
1370 1382 1368
1370 1371 1383
1370 1383 1382
1384 1371 1373
1384 1383 1371
1385 1368 1382
1368 1385 1367
1386 1367 1385
1366 1367 1386
1387 1366 1386
1365 1366 1387
1387 1388 1365
1365 1388 1364
1382 1383 1389
1383 1384 1390
1383 1390 1389
1385 1382 1391
1382 1389 1391
1387 1386 1392
1386 1385 1393
1392 1386 1393
1387 1394 1388
1392 1394 1387
1391 1395 1385
1395 1393 1385
1396 1364 1388
1397 1388 1394
1396 1388 1397
1398 1364 1396
1398 1363 1364
1399 1396 1397
1398 1396 1399
1399 1397 1400
1400 1397 1401
1397 1394 1401
1400 1401 1402
1401 1394 1403
1392 1403 1394
1402 1401 1404
1401 1403 1404
1402 1404 1405
1405 1404 1406
1407 1403 1392
1392 1393 1407
1404 1403 1408
1404 1408 1406
1407 1408 1403
1407 1393 1409
1395 1409 1393
1410 1408 1407
1407 1409 1410
1406 1408 1411
1410 1411 1408
1412 1410 1409
1413 1409 1395
1413 1412 1409
1414 1411 1410
1412 1414 1410
1414 1412 1415
1414 1416 1411
1416 1414 1415
1406 1411 1417
1417 1411 1416
1418 1413 1395
1418 1395 1419
1391 1419 1395
1420 1419 1391
1418 1419 1420
1420 1391 1389
1421 1412 1413
1422 1413 1418
1422 1421 1413
1423 1415 1412
1421 1423 1412
1418 1420 1424
1422 1418 1424
1420 1389 1425
1424 1420 1426
1420 1425 1426
1427 1425 1389
1427 1389 1390
1423 1421 1428
1429 1421 1422
1429 1428 1421
1422 1424 1430
1429 1422 1430
1431 1415 1423
1423 1428 1431
1424 1426 1432
1430 1424 1432
1433 1426 1425
1434 1425 1427
1434 1433 1425
1432 1426 1435
1433 1435 1426
1428 1429 1436
1429 1430 1437
1436 1429 1437
1438 1431 1428
1428 1436 1438
1430 1432 1439
1439 1437 1430
1439 1432 973
973 1432 977
1432 1435 977
987 1439 973
1439 987 1437
977 1435 976
987 1440 1437
1436 1437 1440
987 986 1440
1435 1441 976
1435 1433 1441
897 976 1441
1442 1441 1433
897 1441 1442
1442 1433 1434
1443 1436 1440
1443 1438 1436
986 1444 1440
1443 1440 1444
986 985 1444
897 1442 1445
1446 897 1445
1447 1442 1434
1445 1442 1447
1446 1445 1448
1445 1447 1448
1446 1448 1449
1447 1434 1450
1450 1434 1427
1448 1447 1451
1451 1447 1450
1449 1448 1452
1448 1451 1452
1452 1451 1453
1449 1452 1454
1454 1452 1455
1452 1453 1455
1454 1455 1456
903 1456 1455
903 1455 1453
1450 1427 1457
1457 1427 1390
1451 1450 1458
1458 1453 1451
1458 1450 1457
1457 1390 1459
1384 1459 1390
1458 1457 1460
1460 1457 1459
1384 1461 1459
1373 1461 1384
1461 1462 1459
1460 1459 1462
1373 1463 1461
1461 1463 1462
1373 1375 1463
1464 1458 1460
1458 1464 1453
1465 1460 1462
1464 1460 1465
1466 1462 1463
1465 1462 1466
1375 1467 1463
1466 1463 1467
1468 1453 1464
1468 1464 1465
1375 1469 1467
1375 1378 1469
1467 1470 1466
1467 1469 1470
1471 1465 1466
1468 1465 1471
1471 1466 1470
1472 1469 1378
1472 1378 1380
1470 1473 1471
1468 1471 1473
1469 1474 1470
1469 1472 1474
1470 1474 1473
1468 1475 1453
903 1453 1475
1476 1472 1380
1474 1472 1476
1468 1473 1477
1477 1475 1468
1475 1478 903
903 1478 904
1479 1473 1474
1474 1476 1479
1476 1380 1480
1381 1480 1380
1475 1481 1478
1477 1481 1475
904 1478 1482
1482 1478 1481
1477 1473 1483
1479 1483 1473
1479 1476 1484
1476 1480 1484
1485 1480 1381
1485 1381 1486
1487 1481 1477
1477 1483 1487
1488 1483 1479
1479 1484 1488
1489 1484 1480
1489 1480 1485
1490 1485 1486
1490 1486 1491
1487 1492 1481
1482 1481 1492
1487 1483 1493
1488 1493 1483
1494 1488 1484
1494 1484 1489
1485 1495 1489
1485 1490 1495
1491 1496 1490
1491 1497 1496
1498 1492 1487
1487 1493 1498
1499 1493 1488
1499 1488 1494
1489 1500 1494
1489 1495 1500
1490 1496 1501
1490 1501 1495
1497 1502 1496
1501 1496 1502
1497 1503 1502
1502 1503 1504
1505 1502 1504
1501 1502 1505
1506 1505 1504
1507 1495 1501
1507 1500 1495
1508 1494 1500
1508 1499 1494
1509 1507 1501
1509 1501 1505
1510 1500 1507
1510 1508 1500
1510 1507 1509
1506 1511 1505
1511 1506 1512
1505 1513 1509
1505 1511 1513
1514 1511 1512
1514 1512 1515
1514 1515 1516
1511 1514 1517
1511 1517 1513
1514 1516 1518
1518 1517 1514
1518 1516 1519
1518 1519 1520
1521 1520 1519
1518 1522 1517
1520 1522 1518
1513 1517 1523
1523 1517 1522
1524 1509 1513
1513 1523 1524
1524 1525 1509
1510 1509 1525
1525 1524 1526
1523 1526 1524
1525 1527 1510
1525 1526 1527
1508 1510 1527
1521 1528 1520
1529 1528 1521
1529 1530 1528
1530 1529 1531
1520 1528 1532
1532 1528 1530
1508 1527 1533
1499 1508 1533
1520 1532 1534
1520 1534 1522
1535 1522 1534
1523 1522 1535
1499 1533 1536
1536 1493 1499
1536 1498 1493
1536 1537 1498
1498 1537 1492
1537 1482 1492
1538 1536 1533
1536 1538 1537
1537 1539 1482
1539 1537 1538
1538 1533 1540
1540 1533 1527
1538 1540 1541
1539 1538 1541
1540 1527 1542
1541 1540 1542
1526 1542 1527
1539 1543 1482
904 1482 1543
1544 904 1543
1544 1543 1545
1539 1546 1543
1546 1545 1543
1546 1539 1541
1546 1547 1545
1547 1546 1548
1546 1541 1548
1547 1548 1549
1541 1542 1550
1548 1541 1550
1549 1548 1551
1548 1550 1551
1549 1551 1552
1550 1542 1553
1526 1553 1542
1551 1550 1554
1550 1553 1554
1555 1552 1551
1551 1554 1555
1555 1556 1552
1557 1556 1555
1558 1553 1526
1523 1558 1526
1558 1523 1535
1559 1554 1553
1558 1559 1553
1555 1554 1560
1559 1560 1554
1557 1555 1561
1555 1560 1561
1559 1558 1562
1558 1535 1562
1563 1557 1561
1563 1564 1557
1565 1561 1560
1565 1563 1561
1566 1560 1559
1559 1562 1566
1566 1565 1560
1563 1565 1567
1563 1567 1568
1565 1566 1569
1562 1569 1566
1565 1569 1567
1535 1570 1562
1562 1570 1569
1568 1567 1571
1568 1571 1572
1573 1567 1569
1573 1569 1570
1573 1571 1567
1574 1570 1535
1535 1534 1574
1532 1574 1534
1573 1570 1575
1574 1575 1570
1576 1571 1573
1576 1573 1575
1577 1575 1574
1576 1575 1577
1532 1578 1574
1577 1574 1578
1577 1578 1579
1580 1577 1579
1580 1576 1577
1576 1581 1571
1581 1576 1580
1581 1580 1582
1572 1571 1581
1581 1582 1583
1584 1578 1532
1584 1161 1578
1532 1530 1584
1160 1161 1584
1584 1530 1585
1584 1585 1160
1530 1531 1585
1586 1160 1585
1586 1585 1531
1586 1156 1160
1159 1156 1586
1586 1531 1587
1586 1172 1159
1586 1587 1172
1172 1587 1588
1165 1172 1588
1165 1588 1589
1588 1587 1590
1589 1588 1590
1589 1590 1591
1591 1590 1592
1593 1591 1592
1594 1593 1592
1595 1596 1597
1595 1597 1598
1599 1600 1572
1599 1572 1601
1572 1581 1601
1581 1583 1601
1599 1601 1583
1599 1583 1602
1583 1603 1602
1583 1604 1603
1605 1606 1607
1605 1607 1608
1609 1610 1611
1609 1611 1612
1612 1613 1609
1611 1614 1612
1611 1615 1614
1612 1616 1613
1616 1617 1613
1612 1618 1616
1612 1614 1618
1616 1619 1617
1619 1616 1618
1619 1620 1617
1615 1621 1614
1622 1621 1615
1619 1623 1620
1623 1624 1620
1625 1614 1621
1625 1618 1614
1622 1626 1621
1625 1621 1626
1626 1622 1627
1626 1627 1628
1629 1626 1628
1629 1630 1626
1625 1626 1630
1630 1629 1631
1619 1618 1632
1632 1623 1619
1623 1633 1624
1633 1634 1624
1625 1635 1618
1635 1632 1618
1636 1625 1630
1625 1636 1635
1630 1631 1637
1636 1630 1637
1637 1631 1638
1632 1639 1623
1639 1633 1623
1633 1640 1634
1640 1641 1634
1642 1636 1637
1642 1635 1636
1637 1638 1643
1642 1637 1643
1643 1638 1644
1643 1644 1645
1646 1643 1645
1646 1642 1643
1647 1642 1646
1642 1647 1635
1647 1646 1648
1647 1649 1635
1635 1649 1632
1639 1632 1649
1650 1647 1648
1647 1650 1649
1650 1648 1651
1639 1649 1652
1650 1652 1649
1653 1650 1651
1650 1653 1652
1653 1651 1654
1652 1655 1639
1639 1655 1633
1640 1633 1655
1656 1653 1654
1656 1654 1657
1658 1652 1653
1652 1658 1655
1658 1653 1656
1640 1655 1659
1659 1655 1658
1660 1656 1657
1660 1657 1661
1662 1658 1656
1659 1658 1662
1662 1656 1660
1663 1640 1659
1640 1663 1641
1663 1664 1641
1661 1665 1660
1661 1666 1665
1662 1667 1659
1663 1659 1667
1663 1668 1664
1667 1668 1663
1668 1669 1664
1660 1670 1662
1662 1670 1667
1660 1665 1670
1668 1671 1669
1671 1672 1669
1667 1673 1668
1670 1673 1667
1671 1668 1673
1674 1670 1665
1670 1674 1673
1666 1675 1665
1674 1665 1675
1671 1676 1672
1677 1672 1676
1671 1673 1678
1674 1678 1673
1676 1671 1678
1677 1676 1679
1679 1680 1677
1679 1681 1680
1674 1682 1678
1682 1674 1675
1676 1678 1683
1679 1676 1683
1682 1683 1678
1684 1681 1679
1679 1683 1684
1684 1685 1681
1686 1685 1684
1687 1684 1683
1682 1687 1683
1686 1684 1688
1687 1688 1684
1688 1689 1686
1688 1690 1689
1687 1690 1688
1690 1691 1689
1690 1692 1691
1693 1692 1690
1687 1693 1690
1693 1694 1692
1687 1695 1693
1695 1694 1693
1687 1682 1695
1695 1696 1694
1682 1697 1695
1697 1696 1695
1682 1675 1697
1698 1696 1697
1697 1675 1699
1698 1697 1699
1666 1699 1675
1700 1698 1699
1700 1699 1666
1701 1702 1703
1704 1703 1702
1704 1705 1703
1706 1707 1708
1706 1708 1709
1706 1709 1710
1710 1709 1711
1710 1711 1712
1713 1712 1711
1713 1711 1714
1715 1713 1714
1715 1714 1716
1717 1715 1716
1717 1716 1718
1717 1718 1719
1717 1719 1720
1719 1721 1720
1719 1722 1721
1721 1722 1723
1721 1723 1724
1724 1723 1725
1724 1725 1726
1726 1725 1727
1726 1727 1728
1728 1727 1729
1728 1729 1730
1731 1730 1729
1731 1732 1730
1732 1731 1733
1732 1733 1734
1734 1733 1735
1734 1735 1736
1736 1735 1737
1735 1738 1737
1738 1739 1737
1740 1741 1742
1742 1741 1743
1742 1743 1744
1744 1743 1745
1744 1745 1746
1746 1745 1747
1748 1749 1750
1748 1751 1749
1748 1752 1751
1753 1751 1752
1753 1754 1751
1755 1754 1753
1755 1756 1754
1757 1756 1755
1758 1759 1760
1758 1760 1761
1760 1762 1761
1760 1763 1762
1762 1763 1764
1762 1764 1765
1765 1764 1766
1767 1761 1762
1768 1758 1761
1767 1768 1761
1769 1767 1762
1769 1762 1765
1770 1768 1767
1770 1767 1769
1765 1766 1771
1772 1769 1765
1772 1765 1771
1766 1773 1771
1766 1774 1773
1773 1774 1775
1776 1769 1772
1776 1770 1769
1777 1772 1771
1777 1771 1773
1772 1777 1776
1778 1770 1776
1778 1779 1770
1770 1779 1768
1778 1776 1780
1780 1776 1777
1773 1775 1781
1777 1773 1781
1782 1768 1779
1768 1782 1758
1780 1777 1783
1777 1781 1783
1775 1784 1781
1775 1785 1784
1781 1786 1783
1780 1783 1786
1781 1784 1786
1787 1784 1785
1787 1785 1788
1789 1786 1784
1780 1786 1789
1789 1784 1787
1790 1787 1788
1790 1788 1791
1780 1789 1792
1778 1780 1792
1793 1789 1787
1792 1789 1793
1793 1787 1790
1794 1790 1791
1794 1791 1795
1792 1793 1796
1778 1792 1796
1797 1793 1790
1796 1793 1797
1797 1790 1794
1798 1794 1795
1798 1795 1799
1796 1797 1800
1778 1796 1800
1801 1797 1794
1800 1797 1801
1801 1794 1798
1802 1798 1799
1802 1799 1803
1800 1801 1804
1778 1800 1804
1805 1801 1798
1804 1801 1805
1805 1798 1802
1806 1802 1803
1806 1803 1807
1778 1804 1808
1804 1805 1808
1809 1805 1802
1809 1802 1806
1808 1805 1809
1807 1810 1806
1809 1806 1810
1807 1811 1810
1810 1811 1812
1778 1808 1813
1808 1809 1813
1778 1813 1814
1778 1814 1815
1813 1809 1816
1809 1810 1816
1813 1816 1814
1810 1812 1817
1816 1810 1817
1818 1817 1812
1814 1816 1819
1816 1817 1819
1814 1819 1815
1818 1820 1817
1819 1817 1820
1815 1819 1821
1819 1820 1821
1818 1822 1820
1821 1820 1822
1818 1823 1822
1822 1823 1824
1815 1821 1825
1778 1815 1825
1821 1822 1826
1825 1821 1826
1822 1824 1827
1826 1822 1827
1827 1824 1828
1825 1826 1829
1778 1825 1829
1829 1826 1830
1826 1827 1830
1827 1828 1831
1831 1828 1832
1829 1830 1833
1778 1829 1833
1827 1834 1830
1827 1831 1834
1833 1830 1834
1831 1832 1835
1835 1834 1831
1835 1832 1836
1833 1834 1837
1778 1833 1837
1837 1834 1838
1835 1838 1834
1778 1837 1839
1837 1838 1839
1840 1838 1835
1839 1838 1840
1778 1839 1841
1839 1840 1841
1778 1841 1842
1778 1842 1843
1835 1836 1844
1840 1835 1844
1841 1840 1845
1841 1845 1842
1845 1840 1844
1846 1844 1836
1845 1844 1846
1846 1836 1847
1842 1845 1848
1848 1845 1846
1842 1848 1843
1849 1846 1847
1848 1846 1849
1849 1847 1850
1843 1848 1851
1851 1848 1849
1852 1849 1850
1851 1849 1852
1852 1850 1853
1843 1851 1854
1778 1843 1854
1855 1851 1852
1854 1851 1855
1856 1852 1853
1855 1852 1856
1857 1855 1856
1856 1853 1858
1854 1855 1859
1778 1854 1859
1859 1855 1857
1860 1856 1858
1857 1856 1860
1860 1858 1861
1860 1861 1862
1860 1862 1863
1857 1860 1863
1863 1862 1864
1863 1864 1865
1865 1864 1866
1778 1859 1867
1859 1857 1867
1857 1863 1868
1868 1863 1865
1869 1867 1857
1778 1867 1869
1869 1857 1868
1865 1866 1870
1870 1866 1871
1778 1869 1872
1872 1869 1868
1868 1865 1873
1872 1868 1873
1873 1865 1870
1778 1872 1874
1874 1872 1873
1778 1874 1779
1873 1870 1875
1874 1873 1875
1876 1779 1874
1875 1876 1874
1876 1782 1779
1875 1870 1877
1875 1877 1876
1782 1876 1877
1870 1871 1877
1782 1877 1758
1758 1877 1871
1758 1871 1878
1879 1880 1881
1879 1881 1882
1883 1884 1885
1883 1885 1886
1883 1886 1887
1883 1887 1888
1888 1887 1889
1888 1889 1890
1890 1889 1891
1890 1891 1892
1892 1891 1893
1892 1893 1894
1894 1893 1895
1894 1895 1896
1897 1896 1895
1897 1898 1896
1899 1898 1897
1900 1886 1885
1886 1900 1901
1886 1901 1887
1887 1901 1902
1887 1902 1889
1903 1889 1902
1903 1891 1889
1891 1903 1406
1891 1406 1893
1900 1885 1398
1417 1893 1406
1417 1895 1893
1398 1885 1904
1895 1417 1905
1417 1416 1905
1895 1905 1897
1905 1416 1906
1416 1415 1906
1897 1905 1907
1905 1906 1907
1398 1904 1908
1363 1398 1908
1363 1908 1369
1904 1909 1908
1909 1369 1908
1897 1907 1910
1899 1897 1910
1899 1910 1911
1899 1911 1912
1910 1907 1913
1910 1913 1911
1907 1906 1914
1907 1914 1913
1915 1912 1911
1915 1916 1912
1917 1914 1906
1917 1906 1415
1918 1913 1914
1918 1914 1917
1919 1911 1913
1919 1915 1911
1918 1919 1913
1920 1916 1915
1920 1921 1916
1922 1921 1920
1923 1915 1919
1923 1920 1915
1922 1920 1924
1925 1922 1924
1920 1926 1924
1925 1924 1926
1920 1923 1926
1919 1927 1923
1919 1918 1927
1925 1926 1928
1929 1925 1928
1929 1928 1930
1928 1931 1930
1928 1932 1931
1932 1928 1926
1933 1931 1932
1923 1934 1926
1932 1926 1934
1923 1927 1934
1933 1932 1935
1934 1935 1932
1935 1936 1933
1927 1937 1934
1934 1937 1935
1935 1938 1936
1937 1938 1935
1939 1936 1938
1927 1940 1937
1940 1927 1918
1939 1938 1941
1941 1942 1939
1937 1943 1938
1943 1937 1940
1941 1938 1943
1941 1944 1942
1945 1942 1944
1941 1943 1946
1944 1941 1946
1945 1944 1947
1948 1945 1947
1940 1918 1949
1918 1917 1949
1943 1940 1950
1946 1943 1950
1944 1946 1951
1951 1947 1944
1948 1947 1952
1953 1948 1952
1940 1949 1954
1940 1954 1950
1955 1949 1917
1955 1954 1949
1946 1950 1956
1956 1951 1946
1951 1957 1947
1957 1952 1947
1950 1954 1958
1950 1958 1956
1956 1959 1951
1959 1957 1951
1952 1960 1953
1961 1953 1960
1962 1955 1917
1962 1917 1415
1431 1962 1415
1954 1955 1963
1954 1963 1958
1956 1958 1964
1956 1964 1959
1962 1431 1965
1438 1965 1431
1966 1955 1962
1966 1963 1955
1962 1965 1966
1958 1963 1967
1958 1967 1964
1965 1438 1968
1443 1968 1438
1966 1965 1969
1965 1968 1969
1970 1963 1966
1970 1967 1963
1966 1969 1970
1968 1443 1971
1444 1971 1443
1972 1967 1970
1970 1969 1972
1964 1967 1973
1972 1973 1967
1974 1969 1968
1968 1971 1974
1975 1974 1971
1444 1976 1971
1975 1971 1976
1976 1444 985
1974 1977 1969
1972 1969 1977
1976 985 1978
984 1978 985
1974 1979 1977
1975 1979 1974
1972 1977 1980
1979 1980 1977
1976 1978 1981
1975 1976 1981
984 1982 1978
1981 1978 1982
984 989 1982
1982 1983 1981
1981 1983 1975
1979 1975 1984
1980 1979 1984
1972 1980 1985
1985 1973 1972
989 1986 1982
1986 1983 1982
1975 1987 1984
1975 1983 1987
1987 1983 1988
1987 1988 1984
1989 1980 1984
1985 1980 1989
1990 1986 989
993 1990 989
1983 1986 1991
1991 1988 1983
1984 1988 1992
1992 1989 1984
1986 1990 1993
1986 1993 1991
1990 993 1994
1990 1994 1993
1995 1988 1991
1995 1992 1988
1991 1996 1995
1991 1993 1996
1996 1992 1995
1989 1992 1997
1996 1997 1992
1993 1998 1996
1993 1994 1998
1997 1996 1998
1994 1999 1998
2000 1994 993
2000 1999 1994
2000 993 992
1989 1997 2001
2001 1985 1989
1997 1998 2002
2002 2001 1997
2002 1998 1999
2003 2000 992
1010 2003 992
1985 2001 2004
2002 2004 2001
2005 2002 1999
2005 2004 2002
1985 2004 2006
1985 2006 1973
1999 2000 2007
2000 2003 2007
2003 1010 2008
1010 1008 2008
2008 1008 1030
2003 2008 2009
2009 2007 2003
2008 1030 2010
2009 2008 2010
2010 1030 1028
2006 2004 2011
2005 2011 2004
2012 1973 2006
1964 1973 2012
1959 1964 2012
2012 2006 2013
2006 2011 2013
1959 2012 2014
2013 2014 2012
1959 2014 1957
2015 1957 2014
1957 2015 1952
2013 2016 2014
2015 2014 2016
2017 2013 2011
2016 2013 2017
1952 2015 2018
1952 2018 1960
2018 2019 1960
1961 1960 2019
2015 2016 2020
2016 2017 2021
2020 2016 2021
2018 2015 2022
2015 2020 2022
2023 2020 2021
2020 2024 2022
2023 2024 2020
2018 2022 2025
2022 2024 2025
2018 2026 2019
2018 2025 2026
2027 2021 2017
2023 2021 2027
2028 1961 2019
2029 2019 2026
2028 2019 2029
2030 2026 2025
2029 2026 2030
2031 2025 2024
2030 2025 2031
2032 2024 2023
2031 2024 2032
2033 2023 2027
2032 2023 2033
1961 2028 2034
1961 2034 2035
2036 2035 2034
2036 2037 2035
2037 2036 2038
2037 2038 2039
2039 2038 2040
2039 2040 2041
2042 2031 2032
2043 2032 2033
2042 2032 2043
2044 2031 2042
2044 2030 2031
2045 2030 2044
2045 2029 2030
2046 2029 2045
2046 2028 2029
2047 2028 2046
2047 2034 2028
2034 2047 2048
2034 2048 2036
2049 2036 2048
2049 2038 2036
2050 2038 2049
2050 2040 2038
2051 2044 2042
2051 2042 2052
2053 2044 2051
2053 2045 2044
2054 2045 2053
2054 2046 2045
2055 2046 2054
2055 2047 2046
2056 2047 2055
2056 2048 2047
2057 2048 2056
2057 2049 2048
2058 2049 2057
2052 2042 2043
2058 2050 2049
2052 2043 2059
2060 2050 2058
2059 2043 2061
2059 2061 2062
2043 2033 2061
2060 2063 2050
2064 2063 2060
2040 2050 2063
2062 2061 2065
2062 2065 2066
2061 2033 2067
2061 2067 2065
2033 2027 2067
2066 2065 2068
2066 2068 2069
2067 2027 2070
2027 2017 2070
2065 2067 2071
2065 2071 2068
2067 2070 2071
2072 2070 2017
2017 2011 2072
2071 2070 2073
2072 2073 2070
2072 2011 2074
2074 2073 2072
2074 2011 2005
2071 2073 2075
2068 2071 2075
2069 2068 2076
2069 2076 2077
2005 2078 2074
1999 2078 2005
2074 2079 2073
2075 2073 2079
2078 2079 2074
2080 2076 2068
2068 2075 2080
2077 2076 2081
2080 2081 2076
2077 2081 2082
1999 2083 2078
1999 2007 2083
2075 2079 2084
2080 2075 2084
2078 2085 2079
2085 2078 2083
2084 2079 2085
2082 2081 2086
2082 2086 2087
2080 2088 2081
2080 2084 2088
2086 2081 2088
2083 2007 2089
2009 2089 2007
2084 2085 2090
2088 2084 2090
2085 2083 2091
2083 2089 2091
2090 2085 2091
2087 2086 2092
2087 2092 2093
2086 2088 2094
2088 2090 2094
2094 2092 2086
2089 2009 2095
2009 2010 2095
2090 2091 2096
2094 2090 2096
2091 2089 2097
2089 2095 2097
2091 2097 2096
2095 2010 2098
2010 1028 2098
2094 2096 2099
2094 2099 2092
2096 2100 2099
2096 2097 2100
2092 2099 2100
2097 2095 2101
2097 2101 2100
2095 2098 2101
2092 2100 2102
2102 2100 2101
2093 2092 2102
2093 2102 2103
2102 2101 2104
2103 2102 2104
2098 2104 2101
2103 2104 2105
2098 1028 2106
2098 2106 2104
2105 2104 2106
1029 2106 1028
2105 2106 1029
2107 2108 2109
2107 2109 2110
2107 2110 2111
2107 2111 2112
2113 2112 2111
2113 2111 2114
2115 2113 2114
2115 2114 2116
2117 2115 2116
2117 2116 2118
2118 2119 2117
2118 2120 2119
2121 2119 2120
2121 2120 1904
1904 2120 1909
2122 2120 2118
2122 1909 2120
2118 2116 2123
2118 2123 2122
2116 2114 2124
2116 2124 2123
2114 2111 2125
2114 2125 2124
2111 2126 2125
2111 2110 2126
2127 2126 2110
2127 2110 2109
2109 2128 2127
2109 2129 2128
2129 2130 2128
2129 2131 2130
2124 2125 2132
2133 2125 2126
2133 2132 2125
2134 2126 2127
2134 2133 2126
2127 2128 2135
2127 2135 2134
2136 2133 2134
2136 2134 2135
2137 2135 2128
2137 2128 2130
2124 2132 2138
2123 2124 2138
1326 2132 2133
2136 1326 2133
1326 1319 2132
1319 2138 2132
1326 2136 1298
1319 1320 2138
2136 2135 2139
2136 2139 1298
2137 2139 2135
1298 2139 1297
2140 2138 1320
2123 2138 2140
2140 1320 1343
2141 2123 2140
2141 2140 1343
2122 2123 2141
2141 1343 1347
2122 2141 2142
1347 2142 2141
2142 1909 2122
2137 2143 2139
2139 2143 1297
1347 2144 2142
1346 2144 1347
1354 2144 1346
2142 2145 1909
2144 2145 2142
2144 1354 2145
1909 2145 1369
1354 1369 2145
2146 2143 2137
2146 2137 2130
1297 2143 2147
2146 2147 2143
1268 1297 2147
2148 1268 2147
2149 2148 2147
2149 2147 2146
2146 2130 2150
2150 2149 2146
2150 2151 2149
2131 2150 2130
2150 2152 2151
2131 2153 2150
2150 2153 2152
2154 2153 2131
2154 2152 2153
2154 2131 2155
2154 2156 2152
2152 2156 2157
2152 2157 2158
2159 2160 2161
2159 2161 2162
2163 2164 2165
2163 2166 2164
2163 2167 2166
2167 2168 2166
2167 2169 2168
2169 2170 2168
2169 2171 2170
2171 2172 2170
2171 2173 2172
2173 2174 2172
2173 2175 2174
2175 2176 2174
2175 2177 2176
2177 2178 2176
2177 2179 2178
2179 2180 2178
2179 2181 2180
2181 2182 2180
2181 2183 2182
2183 2184 2182
2183 2185 2184
2185 2186 2184
2185 2187 2186
2188 2186 2187
2188 2187 2189
2190 2188 2189
2190 2191 2188
2192 2193 2194
2192 2194 2195
2196 2197 2198
2196 2198 2199
2200 2201 2202
2200 2203 2201
2203 2200 2204
2205 2201 2203
2205 2206 2201
2205 2207 2206
2203 2204 2208
2205 2203 2208
2208 2204 2209
2205 2210 2207
2211 2207 2210
2205 2208 2212
2205 2212 2210
2208 2209 2213
2212 2208 2213
2214 2213 2209
2211 2210 2215
2215 2210 2212
2216 2211 2215
2216 2215 2217
2215 2212 2218
2217 2215 2218
2218 2212 2213
2214 2219 2213
2219 2214 2220
2217 2218 2221
2222 2217 2221
2218 2213 2223
2219 2223 2213
2223 2221 2218
2221 2224 2222
2224 2225 2222
2224 2226 2225
2227 2226 2224
2223 2228 2221
2228 2223 2219
2227 2224 2229
2230 2227 2229
2221 2231 2224
2228 2231 2221
2231 2229 2224
2219 2220 2232
2228 2219 2233
2233 2219 2232
2228 2234 2231
2233 2234 2228
2231 2235 2229
2235 2231 2234
2230 2229 2236
2235 2236 2229
2233 2237 2234
2237 2233 2232
2238 2230 2236
2238 2239 2230
2238 2240 2239
2235 2241 2236
2241 2238 2236
2235 2234 2242
2241 2235 2242
2237 2242 2234
2241 2243 2238
2243 2241 2242
2238 2244 2240
2243 2244 2238
2245 2240 2244
2245 2246 2240
2243 2247 2244
2247 2245 2244
2243 2242 2248
2248 2247 2243
2237 2249 2242
2249 2248 2242
2250 2249 2237
2237 2232 2250
2247 2251 2245
2247 2252 2251
2245 2251 2253
2251 2252 2253
2245 2253 2254
2252 2255 2253
2255 2256 2253
2253 2256 2257
2253 2257 2254
2255 2258 2256
2254 2257 2259
2254 2259 2260
2257 2261 2259
2257 2262 2261
2263 2261 2262
2258 2263 2262
2263 2264 2261
2263 2265 2264
2255 2266 2258
2258 2266 2263
2263 2267 2265
2267 2268 2265
2263 2266 2269
2263 2269 2267
2266 2255 2269
2255 2270 2269
2255 2271 2270
2267 2272 2268
2269 2272 2267
2255 2273 2271
2252 2273 2255
2270 2274 2269
2269 2274 2272
2275 2268 2272
2275 2276 2268
2275 2277 2276
2278 2272 2274
2278 2275 2272
2270 2278 2274
2275 2279 2277
2278 2279 2275
2280 2277 2279
2278 2270 2281
2278 2281 2279
2282 2279 2281
2270 2282 2281
2280 2279 2283
2282 2283 2279
2284 2280 2283
2284 2285 2280
2270 2286 2282
2286 2287 2282
2288 2286 2270
2288 2270 2271
2288 2271 2220
2232 2220 2271
2232 2271 2273
2273 2250 2232
2273 2289 2250
2252 2289 2273
2250 2289 2290
2250 2290 2249
2291 2289 2252
2290 2289 2291
2292 2249 2290
2291 2292 2290
2249 2292 2248
2248 2292 2291
2291 2252 2293
2248 2291 2293
2247 2293 2252
2248 2293 2247
2294 2295 2260
2294 2260 2246
2296 2297 2298
2296 2298 2299
2299 2298 2300
2299 2300 2301
2301 2300 2302
2301 2302 2303
2303 2302 2304
2303 2304 2305
2306 2305 2304
2306 2304 2307
2307 2308 2306
2307 2309 2308
2310 2308 2309
2310 2309 2311
2311 2312 2310
2311 2313 2312
2313 2314 2312
2313 2315 2314
2316 2314 2315
2316 2315 2317
2318 2316 2317
2318 2317 2319
2320 2321 2322
2320 2322 2323
2324 2320 2323
2324 2323 2325
2324 2325 2326
2324 2326 2327
2327 2326 2328
2327 2328 2329
2329 2328 2330
2329 2330 2331
2332 2331 2330
2332 2333 2331
2334 2333 2332
2334 2335 2333
2335 2334 2336
2335 2336 2337
2337 2336 2338
2337 2338 2339
2340 2339 2338
2340 2338 2341
2341 2342 2340
2341 2343 2342
2344 2345 2346
2344 2346 2347
2348 2344 2347
2348 2349 2344
2350 2351 2346
2350 2352 2351
2353 2351 2352
2353 2352 2354
2354 2355 2353
2354 2356 2355
2356 2357 2355
2356 2358 2357
2359 2357 2358
2359 2358 2360
2360 2361 2359
2360 2362 2361
2362 2363 2361
2362 2364 2363
2365 2363 2364
2365 2366 2363
2367 2366 2365
2367 2365 2368
2368 2369 2367
2368 2370 2369
2371 2372 2373
2371 2374 2372
2375 2372 2374
2375 2376 2372
2376 2375 2377
2376 2377 2378
2378 2377 2379
2378 2379 2380
2381 2380 2379
2381 2382 2380
2382 2381 2383
2382 2383 2384
2385 2384 2383
2385 2386 2384
2386 2385 2387
2386 2387 2388
2389 2388 2387
2389 2390 2388
2391 2390 2389
2391 2348 2390
2392 2393 2394
2392 2395 2393
2396 2393 2395
2396 2395 2397
2397 2398 2396
2397 2399 2398
2400 2398 2399
2400 2399 2401
2402 2400 2401
2402 2403 2400
2403 2402 2404
2403 2404 2405
2405 2404 2406
2405 2406 2407
2408 2407 2406
2408 2409 2407
2410 2409 2408
2410 2411 2409
2411 2410 2412
2411 2412 2413
2414 2413 2412
2414 2415 2413
2416 2417 2418
2416 2419 2417
2419 2416 2420
2419 2420 2421
2420 2422 2421
2420 2423 2422
2423 2424 2422
2423 2425 2424
2425 2426 2424
2425 2427 2426
2428 2426 2427
2428 2427 2429
2430 2428 2429
2430 2429 2431
2432 2430 2431
2432 2431 2433
2433 2434 2432
2433 2435 2434
2434 2435 2436
2434 2436 2437
2438 2437 2436
2438 2439 2437
2440 2441 2442
2440 2443 2441
2444 2441 2443
2444 2443 2445
2445 2446 2444
2445 2447 2446
2447 2448 2446
2447 2449 2448
2449 2450 2448
2449 2451 2450
2451 2452 2450
2451 2453 2452
2453 2454 2452
2453 2455 2454
2456 2454 2455
2456 2455 2457
2457 2458 2456
2457 2459 2458
2460 2458 2459
2460 2461 2458
2462 2463 2464
2462 2465 2463
2466 2465 2462
2466 2462 2467
2468 2469 2470
2468 2470 2471
2471 2470 2472
2471 2472 2473
2473 2472 2474
2473 2474 2475
2476 2475 2474
2476 2477 2475
2477 2476 2478
2477 2478 2479
2479 2478 2480
2479 2480 2481
2481 2480 2482
2481 2482 2483
2482 2484 2483
2482 2485 2484
2486 2484 2485
2486 2487 2484
2488 2487 2486
2488 2489 2487
2490 2491 2492
2492 2491 2493
2493 2494 2492
2493 2495 2494
2496 2492 2494
2495 2497 2494
2496 2494 2497
2495 2498 2497
2496 2497 2499
2499 2497 2498
2499 2498 2500
2501 2499 2500
2496 2499 2502
2501 2503 2499
2503 2502 2499
2503 2501 2504
2502 2503 2505
2503 2504 2505
2502 2505 2506
2507 2505 2504
2506 2505 2508
2507 2508 2505
2506 2508 2509
2507 2510 2508
2508 2511 2509
2510 2511 2508
2512 2513 2514
2512 2515 2513
2515 2516 2513
2515 2512 2517
2515 2518 2516
2519 2516 2518
2515 2517 2520
2520 2518 2515
2519 2518 2521
2521 2518 2520
2522 2519 2521
2523 2520 2517
2521 2520 2523
2523 2517 2524
2522 2521 2525
2523 2525 2521
2525 2526 2522
2527 2523 2524
2523 2527 2525
2527 2524 2528
2525 2529 2526
2527 2529 2525
2529 2530 2526
2531 2527 2528
2527 2531 2529
2531 2528 2532
2531 2533 2529
2529 2533 2530
2532 2534 2531
2531 2534 2533
2532 2535 2534
2534 2535 2536
2533 2534 2537
2534 2536 2537
2538 2533 2537
2530 2533 2538
2538 2537 2536
2538 2539 2530
2530 2539 2540
2538 2536 2541
2541 2539 2538
2536 2542 2541
2541 2543 2539
2542 2543 2541
2539 2543 2540
2542 2544 2543
2544 2540 2543
2544 2545 2540
2546 2547 2548
2547 2549 2548
2549 2547 2550
2549 2550 2551
2552 2550 2547
2551 2550 2553
2552 2553 2550
2551 2553 2554
2552 2555 2553
2555 2554 2553
2555 2556 2554
2555 2557 2556
2552 2558 2555
2555 2559 2557
2559 2555 2558
2560 2557 2559
2561 2559 2558
2560 2559 2561
2561 2558 2562
2563 2560 2561
2564 2561 2562
2563 2561 2564
2564 2562 2565
2563 2564 2566
2564 2565 2567
2566 2564 2567
2568 2569 2570
2568 2570 2571
2571 2570 2572
2573 2568 2571
2571 2572 2574
2574 2572 2575
2573 2571 2576
2576 2571 2574
2574 2575 2577
2577 2576 2574
2577 2575 2578
2579 2573 2576
2577 2579 2576
2579 2580 2573
2577 2578 2581
2579 2577 2581
2581 2578 2582
2583 2580 2579
2579 2581 2583
2583 2584 2580
2581 2582 2585
2585 2583 2581
2586 2585 2582
2587 2584 2583
2585 2587 2583
2587 2588 2584
2589 2587 2585
2586 2589 2585
2588 2587 2590
2589 2590 2587
2588 2590 2591
2592 2591 2590
2589 2593 2590
2592 2590 2593
2594 2593 2589
2586 2594 2589
2592 2593 2594
2594 2586 2595
2586 2596 2595
2592 2594 2597
2597 2594 2595
2592 2597 2598
2597 2595 2599
2599 2598 2597
2595 2596 2599
2599 2600 2598
2600 2599 2596
2600 2596 2601
2602 2603 2604
2602 2605 2603
2606 2603 2605
2602 2607 2605
2602 2608 2607
2609 2607 2608
2606 2605 2610
2610 2605 2607
2611 2606 2610
2611 2610 2612
2613 2611 2612
2610 2607 2614
2612 2610 2614
2609 2615 2607
2607 2615 2614
2609 2616 2615
2616 2614 2615
2609 2617 2616
2618 2616 2617
2618 2619 2616
2616 2620 2614
2620 2616 2619
2612 2614 2620
2613 2612 2621
2621 2622 2613
2623 2620 2619
2624 2623 2619
2612 2620 2625
2621 2612 2625
2625 2620 2623
2626 2623 2624
2627 2626 2624
2627 2628 2626
2629 2626 2628
2625 2623 2630
2630 2621 2625
2629 2631 2626
2631 2629 2632
2626 2633 2623
2633 2630 2623
2631 2633 2626
2630 2634 2621
2633 2635 2630
2634 2630 2635
2634 2636 2621
2621 2636 2622
2631 2637 2633
2637 2635 2633
2634 2635 2638
2638 2636 2634
2637 2639 2635
2638 2635 2639
2640 2637 2631
2639 2637 2640
2631 2632 2641
2640 2631 2641
2632 2642 2641
2642 2640 2641
2632 2643 2642
2644 2642 2643
2642 2645 2640
2645 2639 2640
2644 2646 2642
2645 2642 2646
2644 2647 2646
2644 2648 2647
2638 2639 2649
2645 2650 2639
2650 2649 2639
2645 2646 2651
2650 2645 2651
2646 2647 2652
2646 2652 2651
2653 2651 2652
2654 2652 2647
2652 2654 2653
2654 2647 2655
2654 2656 2653
2654 2657 2656
2657 2654 2655
2657 2658 2656
2657 2655 2659
2660 2638 2649
2638 2660 2636
2653 2661 2651
2650 2651 2661
2662 2650 2661
2653 2662 2661
2650 2663 2649
2662 2663 2650
2663 2664 2649
2662 2664 2663
2660 2649 2664
2665 2664 2662
2653 2665 2662
2660 2664 2665
2653 2666 2665
2666 2660 2665
2666 2636 2660
2653 2656 2666
2636 2666 2667
2667 2666 2656
2667 2656 2668
2636 2667 2622
2669 2622 2667
2669 2667 2668
2669 2668 2670
2671 2668 2656
2672 2671 2656
2658 2672 2656
2672 2658 2673
2672 2673 2674
2671 2672 2674
2675 2674 2673
2675 2673 2659
2675 2659 2676
2676 2659 2655
2676 2655 2677
2677 2655 2678
2677 2678 2648
2675 2679 2674
2680 2674 2679
2671 2674 2680
2680 2679 2681
2682 2680 2681
2683 2671 2680
2671 2683 2668
2682 2684 2680
2683 2680 2684
2683 2685 2668
2685 2683 2684
2686 2684 2682
2685 2684 2686
2686 2682 2687
2688 2686 2687
2668 2685 2689
2670 2668 2689
2685 2686 2690
2688 2690 2686
2685 2690 2689
2670 2689 2691
2691 2689 2690
2670 2691 2692
2691 2690 2693
2688 2693 2690
2688 2694 2693
2694 2695 2693
2694 2696 2695
2697 2698 2699
2697 2699 2700
2701 2702 2703
2701 2703 2704
2705 2706 2707
2705 2707 2708
2709 2710 2711
2709 2711 2712
2713 2714 2715
2713 2715 2716
2717 2718 2719
2717 2720 2718
2718 2720 2721
2718 2721 2722
2722 2721 2723
2724 2725 2726
2724 2727 2725
2725 2727 2728
2725 2728 2729
2729 2728 2730
2731 2732 2733
2731 2733 2734
2733 2735 2734
2733 2736 2735
2736 2737 2735
2738 2739 2740
2738 2740 2741
2740 2742 2741
2740 2743 2742
2743 2744 2742
2745 202 2746
2745 2746 2747
2748 2745 2747
2747 2746 2749
2748 2747 2750
2751 2748 2750
2747 2749 2752
2752 2750 2747
2751 2750 2753
2754 2751 2753
2755 2752 2749
2755 2749 2756
194 2755 2756
194 2757 2755
2755 2757 2758
2755 2758 2759
2752 2755 2759
2759 2758 2760
2752 2761 2750
2752 2759 2761
2753 2750 2761
2759 2760 2762
2762 2761 2759
2762 2760 2763
2754 2753 2764
2765 2754 2764
2753 2761 2766
2762 2766 2761
2764 2753 2766
2762 2763 2767
2767 2766 2762
2767 2763 2768
2764 2766 2769
2767 2769 2766
2764 2769 2770
2767 2770 2769
2765 2764 2771
2764 2770 2771
2767 2768 2772
2767 2772 2770
2765 2771 2773
2765 2773 2774
2768 2775 2772
2768 2776 2775
2775 2776 2777
2774 2778 2777
2774 2773 2778
2775 2777 2778
2771 2779 2773
2771 2770 2779
2773 2779 2778
2772 2775 2780
2772 2780 2770
2770 2780 2779
2778 2779 2780
2778 2780 2775
2781 2782 2783
2784 2781 2783
2781 2785 2782
2785 2786 2782
2785 2787 2786
2787 2788 2786
2787 2789 2788
2787 2790 2789
2791 2787 2785
2787 2791 2790
2791 2785 2781
2792 2790 2791
2792 2791 2793
2793 2791 2781
2794 2792 2793
2784 2795 2781
2793 2781 2795
2796 2795 2784
2796 2797 2795
2797 2793 2795
2797 2796 2798
2794 2793 2799
2797 2799 2793
2797 2798 2800
2800 2799 2797
2800 2798 2801
2802 2794 2799
2800 2802 2799
2802 2803 2794
2800 2801 2804
2804 2802 2800
2804 2801 2805
2806 2803 2802
2804 2806 2802
2806 2807 2803
2804 2805 2808
2806 2804 2808
2808 2805 2809
2807 2806 2810
2806 2808 2810
2807 2810 2811
2808 2809 2812
2810 2808 2812
2811 2810 2813
2810 2812 2813
2813 2812 2809
2811 2813 2814
2813 2809 2815
2815 2814 2813
2815 2816 2814
2817 2818 2816
2817 2819 2818
2820 2818 2819
2821 2819 2817
2820 2819 2822
2823 2820 2822
2821 2824 2819
2822 2819 2824
2825 2824 2821
2822 2824 2825
2825 2821 2826
2823 2822 2827
2825 2827 2822
2827 2828 2823
2829 2825 2826
2825 2829 2827
2829 2826 2830
2827 2831 2828
2831 2827 2829
2831 2832 2828
2830 2833 2829
2831 2829 2833
2830 2834 2833
2831 2835 2832
2835 2831 2833
2834 2836 2833
2835 2833 2836
2834 2837 2836
2838 2836 2837
2832 2835 2839
2836 2839 2835
2832 2839 2840
2838 2841 2836
2836 2841 2839
2841 2838 2842
2841 2842 2843
2839 2841 2843
2843 2842 2844
2845 2840 2839
2839 2843 2845
2845 2846 2840
2843 2844 2847
2845 2843 2847
2848 2847 2844
2846 2845 2849
2845 2847 2849
2848 2849 2847
2846 2849 2850
2848 2850 2849
2848 2788 2850
2851 2852 2853
2854 2852 2851
2851 2853 2855
2855 2853 2856
2855 2856 2857
2857 2856 2858
2857 2858 2859
2857 2859 2860
2861 2855 2857
2857 2860 2861
2861 2851 2855
2862 2861 2860
2862 2863 2861
2863 2851 2861
2864 2863 2862
2854 2851 2865
2863 2865 2851
2866 2854 2865
2866 2865 2867
2867 2865 2863
2867 2868 2866
2864 2869 2863
2867 2863 2869
2867 2870 2868
2870 2867 2869
2870 2871 2868
2872 2869 2864
2870 2869 2872
2872 2864 2873
2870 2874 2871
2874 2870 2872
2874 2875 2871
2876 2872 2873
2874 2872 2876
2876 2873 2877
2874 2878 2875
2876 2878 2874
2878 2879 2875
2877 2880 2876
2876 2880 2878
2877 2881 2880
2878 2882 2879
2880 2882 2878
2881 2883 2880
2880 2883 2882
2883 2879 2882
2881 2884 2883
2883 2885 2879
2885 2883 2884
2885 2884 2886
2887 2886 2888
2887 2888 2889
2890 2889 2888
2889 2891 2887
2890 2892 2889
2893 2892 2890
2889 2894 2891
2892 2894 2889
2895 2891 2894
2892 2895 2894
2895 2896 2891
2893 2897 2892
2897 2895 2892
2897 2893 2898
2899 2896 2895
2897 2899 2895
2899 2900 2896
2897 2898 2901
2901 2899 2897
2901 2898 2902
2900 2899 2903
2901 2903 2899
2900 2903 2904
2901 2902 2905
2905 2903 2901
2904 2903 2906
2905 2906 2903
2904 2906 2907
2908 2907 2906
2909 2905 2902
2906 2905 2909
2909 2902 2910
2908 2906 2911
2906 2909 2911
2911 2912 2908
2911 2913 2912
2909 2913 2911
2913 2914 2912
2915 2909 2910
2909 2915 2913
2915 2910 2916
2913 2917 2914
2915 2917 2913
2918 2914 2917
2916 2919 2915
2915 2919 2917
2918 2917 2919
2916 2920 2919
2918 2919 2920
2918 2920 2858
2921 2922 2923
2924 2922 2921
2924 2921 2925
2926 2924 2925
2921 2923 2927
2923 2928 2927
2923 2929 2928
2928 2929 2930
2931 2921 2927
2928 2931 2927
2931 2932 2921
2925 2921 2932
2928 2933 2931
2931 2933 2932
2928 2930 2934
2928 2934 2933
2930 2935 2934
2933 2934 2935
2933 2935 2932
2930 2936 2935
2935 2936 2937
2935 2937 2938
2932 2935 2938
2938 2937 2939
2925 2932 2940
2932 2938 2940
2938 2939 2941
2941 2939 2942
2943 2940 2938
2925 2940 2943
2943 2938 2941
2925 2943 2944
2926 2925 2944
2945 2943 2941
2944 2943 2945
2926 2944 2946
2944 2945 2946
2926 2946 2947
2941 2942 2948
2945 2941 2948
2946 2945 2949
2948 2949 2945
2947 2946 2950
2946 2949 2950
2947 2950 2951
2952 2948 2942
2948 2952 2949
2952 2942 2953
2954 2951 2950
2954 2955 2951
2956 2954 2950
2956 2950 2949
2956 2949 2952
2956 2952 2957
2957 2952 2953
2957 2953 2958
2959 2960 2955
2959 2961 2960
2962 2960 2961
2963 2961 2959
2962 2961 2964
2965 2962 2964
2963 2966 2961
2964 2961 2966
2963 2967 2966
2963 2968 2967
2968 2958 2969
2968 2969 2967
2967 2969 2970
2971 2966 2967
2967 2970 2971
2964 2966 2972
2971 2972 2966
2973 2971 2970
2972 2971 2973
2973 2970 2974
2965 2964 2975
2975 2964 2972
2976 2973 2974
2976 2974 2977
2972 2973 2978
2975 2972 2978
2978 2973 2976
2979 2965 2975
2979 2975 2978
2979 2980 2965
2981 2976 2977
2981 2977 2982
2981 2982 2983
2981 2983 2984
2981 2984 2985
2986 2981 2985
2986 2976 2981
2987 2986 2985
2978 2976 2988
2979 2978 2988
2986 2988 2976
2979 2988 2986
2989 2980 2979
2979 2986 2989
2989 2986 2987
2989 2990 2980
2989 2987 2991
2989 2992 2990
2989 2991 2992
2993 2994 2995
2993 2995 2996
2993 2997 2994
2998 2993 2996
2993 2999 2997
2998 3000 2993
2993 3000 2999
3001 3002 3003
3001 3003 3004
3001 3005 3002
3001 3004 3006
3001 3007 3005
3001 3006 3008
3001 3009 3007
3001 3008 3010
3001 3011 3009
3001 3010 3012
3001 3013 3011
3001 3012 3014
3001 3015 3013
3001 3014 3016
3001 3017 3015
3001 3016 3018
3001 3019 3017
3001 3018 3020
3001 3020 3019
3021 3022 3023
3021 3024 3022
3021 3023 3025
3021 3026 3024
3021 3025 3027
3021 3028 3026
3021 3027 3029
3021 3030 3028
3021 3029 3031
3021 3032 3030
3021 3031 3033
3021 3034 3032
3021 3033 3035
3021 3036 3034
3021 3035 3037
3021 3038 3036
3021 3037 3039
3021 3040 3038
3021 3039 3041
3021 3041 3040
3042 3043 3044
3042 3044 3045
3042 3046 3043
3042 3045 3047
3042 3048 3046
3042 3047 3049
3042 3050 3048
3042 3049 3051
3042 3052 3050
3042 3051 3053
3042 3054 3052
3042 3053 3055
3042 3056 3054
3042 3055 3057
3042 3058 3056
3042 3057 3059
3042 3060 3058
3042 3059 3061
3042 3062 3060
3042 3061 3062
1121 1196 3063
1094 1121 3063
1196 3064 3063
1225 3064 1196
1094 3063 3065
3065 3063 3064
1091 1094 3065
3065 3064 3066
1091 3065 3066
3067 3064 1225
3067 3066 3064
1091 3066 3068
1091 3068 1083
1225 3069 3067
1224 3069 1225
3070 3069 1224
3067 3071 3066
3069 3071 3067
3068 3066 3071
3070 3072 3069
3069 3072 3071
3070 2041 3072
3068 3073 1083
1084 1083 3073
1084 3073 2064
2064 3073 2063
3068 3071 3074
3068 3074 3073
3072 3074 3071
2063 3073 3074
2041 3075 3072
3072 3075 3074
2063 3074 3075
2041 2040 3075
2040 2063 3075
