byte offset: 0
first index: 45615
index count: 3540
topology: trianglelist
format: DXGI_FORMAT_R16_UINT

12673 12674 12675
12673 12676 12674
12674 12676 12677
12674 12677 12678
12678 12677 12679
12680 12677 12676
12679 12677 12680
12680 12676 12681
12681 12676 12682
12681 12682 12683
12684 12681 12683
12685 12681 12684
12685 12680 12681
12679 12680 12685
12679 12685 12686
12687 12686 12685
12687 12688 12686
12689 12686 12688
12689 12690 12686
12679 12686 12691
12686 12690 12691
12679 12691 12692
12691 12690 12693
12694 12693 12690
12694 12695 12693
12696 12693 12695
12692 12691 12697
12697 12691 12698
12698 12691 12693
12696 12699 12693
12698 12693 12699
12699 12700 12698
12699 12701 12700
12702 12699 12696
12702 12701 12699
12703 12692 12704
12692 12705 12704
12692 12706 12705
12706 12707 12705
12706 12708 12707
12708 12709 12707
12708 12710 12709
12702 12711 12712
12711 12713 12712
12702 12714 12711
12711 12715 12713
12714 12716 12711
12715 12711 12716
12714 12717 12716
12718 12716 12717
12718 12719 12716
12715 12716 12720
12720 12716 12719
12720 12721 12715
12720 12722 12721
12723 12720 12719
12724 12723 12719
12724 12725 12723
12726 12720 12723
12726 12722 12720
12727 12723 12725
12726 12723 12727
12727 12725 12728
12726 12727 12729
12726 12729 12730
12731 12726 12730
12732 12731 12730
12727 12733 12729
12727 12734 12733
12733 12734 12735
12733 12735 12736
12733 12736 12737
12729 12733 12737
12729 12737 12730
12732 12730 12737
12738 12732 12737
12738 12739 12732
12740 12741 12742
12740 12743 12741
12743 12744 12741
12743 12745 12744
12745 12746 12744
12747 12745 12743
12747 12743 12740
12745 12748 12746
12747 12748 12745
12748 12749 12746
12747 12750 12748
12748 12750 12749
12747 12740 12751
12750 12752 12749
12750 12753 12752
12747 12753 12750
12753 12754 12752
12753 12755 12754
12747 12756 12753
12740 12757 12751
12740 12758 12757
12751 12757 12759
12751 12759 12760
12747 12751 12760
12760 12759 12761
12760 12761 12762
12747 12760 12762
12762 12761 12763
12762 12763 12764
12747 12762 12764
12764 12763 12765
12747 12766 12756
12747 12764 12766
12764 12765 12766
12766 12767 12756
12766 12765 12767
12768 12769 12770
12768 12771 12769
12772 12771 12768
12771 12773 12769
12774 12769 12773
12774 12773 12775
12771 12776 12773
12772 12777 12771
12776 12771 12777
12776 12777 12778
12779 12777 12772
12780 12778 12777
12777 12779 12780
12779 12781 12780
12782 12781 12779
12782 12783 12781
12784 12783 12782
12785 12786 12783
12787 12786 12788
12787 12788 12789
12789 12790 12783
12789 12791 12790
12790 12792 12783
12790 12793 12792
12780 12792 12793
12794 12780 12793
12793 12795 12794
12793 12796 12795
12797 12794 12795
12796 12798 12795
12797 12795 12798
12796 12799 12798
12800 12797 12798
12799 12801 12798
12800 12798 12801
12799 12802 12801
12803 12800 12801
12803 12804 12800
12805 12806 12807
12805 12808 12806
12809 12808 12805
12809 12810 12808
12722 12810 12809
12722 12811 12810
12812 12811 12722
12813 12814 12815
12813 12815 12816
12815 12817 12816
12815 12818 12817
12818 12819 12817
12820 12816 12817
12819 12820 12817
12820 12821 12816
12821 12822 12816
12821 12823 12822
12824 12823 12821
12825 12824 12821
12825 12821 12820
12819 12825 12820
12819 12826 12825
12827 12825 12826
12827 12826 12828
12829 12828 12826
12829 12826 12830
12819 12831 12826
12826 12831 12830
12819 12832 12831
12831 12833 12830
12834 12830 12833
12834 12833 12835
12836 12835 12833
12832 12837 12831
12837 12838 12831
12838 12833 12831
12836 12833 12839
12838 12839 12833
12839 12838 12840
12839 12840 12841
12842 12836 12839
12842 12839 12841
12843 12844 12832
12832 12844 12845
12832 12845 12846
12846 12845 12847
12846 12847 12848
12848 12847 12849
12848 12849 12850
12842 12851 12852
12852 12851 12853
12842 12852 12854
12852 12853 12855
12854 12852 12856
12855 12856 12852
12854 12856 12857
12858 12857 12856
12858 12856 12859
12855 12860 12856
12860 12859 12856
12860 12855 12861
12860 12861 12862
12863 12859 12860
12864 12859 12863
12864 12863 12865
12866 12863 12860
12866 12860 12862
12867 12865 12863
12866 12867 12863
12867 12868 12865
12866 12869 12867
12866 12870 12869
12871 12870 12866
12872 12870 12871
12867 12869 12873
12867 12873 12874
12873 12875 12874
12873 12876 12875
12873 12877 12876
12869 12877 12873
12869 12870 12877
12872 12877 12870
12878 12877 12872
12878 12872 12879
12880 12881 12882
12880 12882 12883
12883 12882 12884
12883 12884 12885
12885 12884 12886
12887 12883 12885
12887 12880 12883
12885 12886 12888
12887 12885 12888
12888 12886 12889
12887 12888 12890
12888 12889 12890
12887 12891 12880
12890 12889 12892
12890 12892 12893
12887 12890 12893
12893 12892 12894
12893 12894 12895
12887 12893 12896
12880 12891 12897
12880 12897 12898
12891 12899 12897
12891 12900 12899
12887 12900 12891
12900 12901 12899
12900 12902 12901
12887 12902 12900
12902 12903 12901
12902 12904 12903
12887 12904 12902
12904 12905 12903
12887 12896 12906
12887 12906 12904
12904 12906 12905
12906 12896 12907
12906 12907 12905
12908 12909 12910
12908 12910 12911
12912 12908 12911
12911 12910 12913
12914 12913 12910
12914 12915 12913
12911 12913 12916
12912 12911 12917
12916 12917 12911
12916 12918 12917
12919 12912 12917
12917 12918 12920
12920 12919 12917
12920 12921 12919
12922 12919 12921
12922 12921 12923
12923 12924 12922
12925 12923 12926
12927 12928 12926
12927 12929 12928
12930 12923 12931
12930 12931 12932
12931 12923 12933
12931 12933 12934
12934 12933 12920
12934 12920 12935
12935 12936 12934
12937 12936 12935
12934 12936 12938
12937 12939 12936
12938 12936 12939
12938 12939 12940
12941 12939 12937
12940 12939 12942
12941 12942 12939
12940 12942 12943
12944 12942 12941
12944 12941 12945
12946 12947 12948
12946 12948 12949
12950 12946 12949
12950 12949 12951
12862 12950 12951
12862 12951 12952
12953 12862 12952
12954 12955 12956
12954 12956 12957
12954 12958 12959
12954 12960 12958
12961 12960 12954
12960 12961 12962
12962 12958 12960
12961 12963 12962
12961 12964 12963
12963 12964 12965
12963 12965 12966
12967 12966 12965
12968 12966 12967
12969 12966 12968
12969 12970 12966
12971 12959 12958
12971 12972 12959
12971 12973 12972
12971 12958 12974
12962 12975 12958
12962 12976 12975
12977 12975 12976
12977 12974 12978
12977 12978 12979
12980 12971 12974
12974 12977 12980
12980 12977 12981
12980 12981 12982
12981 12983 12982
12981 12984 12983
12985 12983 12984
12986 12985 12984
12987 12986 12984
12987 12984 12988
12981 12989 12984
12990 12984 12989
12990 12988 12984
12981 12991 12989
12991 12990 12989
12977 12992 12981
12981 12992 12991
12988 12990 12993
12991 12994 12990
12995 12994 12991
12990 12994 12996
12990 12996 12993
12996 12994 12995
12992 12997 12991
12995 12991 12997
12996 12998 12993
12999 12998 12996
12996 12995 12999
12999 13000 12998
13001 13000 12999
12995 13001 12999
13001 13002 13000
12995 13003 13001
13004 13003 12995
13004 12995 12997
13005 13004 12997
12992 13005 12997
13005 13006 13004
13007 13006 13005
13005 12992 13008
12977 13008 12992
13007 13005 13009
13005 13008 13009
12977 13010 13008
13010 13009 13008
13010 13011 13009
13011 13007 13009
13011 13012 13007
12977 13013 13014
12977 12976 13013
13015 13014 13013
13015 13013 13016
12976 13016 13013
13017 13015 13016
13017 13018 13015
13019 13017 13016
12976 13019 13016
13019 13020 13017
12976 13021 13019
12976 13022 13021
12962 13022 12976
13019 13021 13023
13019 13023 13024
13023 13021 13025
13025 13021 13022
13023 13025 13026
13025 13022 13027
12962 13027 13022
12962 13028 13029
12962 13030 13028
12962 12963 13030
13029 13028 13031
13029 13031 13032
13033 13031 13028
13033 13028 13030
13032 13031 13034
13034 13031 13033
13032 13034 13035
13034 13033 13036
13033 13037 13036
13030 13038 13033
13033 13038 13037
13037 13038 13039
13037 13039 13040
13039 13041 13040
13030 13042 13038
12963 13042 13030
13039 13038 13042
12963 13043 13042
12963 12966 13043
13044 13043 12966
13042 13043 13044
13044 12966 12970
13039 13042 13045
13042 13044 13045
13046 13039 13045
13044 13046 13045
13039 13047 13041
13046 13047 13039
13041 13047 13048
13041 13048 13049
13047 13050 13048
13047 13046 13050
13046 13051 13050
13044 13051 13046
12970 13051 13044
12970 13052 13051
13053 13052 12970
13053 12970 13054
13055 13052 13053
13055 13056 13052
13055 13057 13056
13052 13058 13051
13052 13056 13058
13051 13058 13059
13051 13059 13060
13057 13061 13056
13057 13062 13061
13062 13063 13061
13062 13064 13063
13061 13063 13065
13061 13065 13066
13066 13056 13061
13066 13065 13067
13059 13058 13068
13068 13058 13056
13066 13069 13056
13070 13069 13066
13066 13067 13071
13070 13066 13071
13071 13067 13072
13073 13068 13056
13068 13073 13074
13075 13070 13071
13071 13072 13075
13075 13076 13070
13068 13074 13077
13059 13068 13077
13078 13077 13074
13075 13079 13076
13080 13076 13079
13079 13075 13081
13075 13082 13081
13075 13072 13082
13082 13072 13083
13084 13059 13077
13078 13084 13077
13085 13084 13078
13085 13078 13086
13087 13084 13085
13084 13088 13059
13087 13088 13084
13060 13059 13088
13089 13088 13087
13060 13088 13090
13090 13088 13089
13090 13089 13091
13092 13093 13072
13092 13072 13094
13065 13092 13094
13095 13096 13072
13095 13097 13096
13098 13099 13100
13101 13098 13100
13101 13102 13098
13101 13103 13102
13103 13101 13104
13105 13102 13103
13106 13107 13108
13106 13109 13107
13110 13109 13106
13110 13111 13109
13112 13111 13110
13113 13114 13115
13113 13116 13114
13117 13116 13113
13117 13118 13116
13119 13118 13117
13119 13120 13118
13056 13120 13119
13121 13122 13123
13124 13122 13121
13124 13121 13125
13124 13125 13126
13126 13127 13124
13128 13126 13125
13129 13130 13131
13132 13131 13130
13130 13133 13132
13132 13133 13134
13132 13135 13131
13132 13134 13136
13134 13137 13136
13132 13138 13135
13138 13132 13136
13135 13138 13139
13135 13139 13140
13139 13141 13140
13139 13142 13141
13139 13138 13143
13138 13136 13143
13139 13143 13144
13142 13139 13144
13145 13141 13142
13145 13142 13146
13147 13141 13145
13146 13142 13148
13142 13144 13148
13149 13148 13144
13146 13148 13150
13150 13148 13151
13149 13151 13148
13150 13151 13152
13152 13151 13153
13153 13151 13149
13152 13153 13154
13154 13153 13155
13154 13155 13156
13147 13157 13141
13147 13158 13157
13158 12988 13157
13158 13159 12988
12988 12993 13157
13157 12993 13160
13157 13160 13141
12993 13161 13160
12993 13162 13161
13163 13141 13160
13161 13163 13160
13164 13141 13163
13163 13165 13164
13163 13166 13165
13161 13166 13163
13167 13165 13166
13162 13168 13161
13162 13169 13168
13170 13166 13161
13167 13166 13170
13170 13161 13168
13169 13171 13168
13169 13172 13171
13171 13173 13168
13173 13170 13168
13173 13174 13170
13174 13167 13170
13174 13175 13167
13141 13176 13177
13176 13178 13177
13176 13179 13178
13179 13180 13178
13179 13181 13180
13181 13182 13180
13181 13183 13182
13184 13185 13186
13184 13186 13187
13188 13184 13187
13188 13187 13189
13190 13188 13189
13191 13136 13192
13191 13193 13136
13144 13193 13191
13191 13149 13144
13191 13194 13149
13195 13194 13191
13195 13191 13196
13196 13136 13197
13196 13197 13198
13199 13195 13196
13199 13200 13195
13195 13200 13201
13195 13201 13202
13194 13195 13203
13195 13202 13203
13149 13194 13204
13194 13203 13204
13203 13202 13205
13205 13202 13206
13203 13205 13207
13203 13207 13208
13204 13203 13208
13207 13209 13208
13207 13210 13209
13149 13204 13211
13153 13149 13211
13155 13153 13211
13204 13208 13212
13211 13204 13212
13209 13212 13208
13209 13210 13213
13213 13210 13214
13209 13213 13215
13209 13215 13216
13217 13209 13216
13209 13217 13212
13217 13216 13218
13211 13212 13219
13217 13219 13212
13155 13211 13219
13220 13217 13218
13217 13220 13219
13220 13155 13219
13220 13218 13221
13220 13222 13155
13222 13220 13221
13156 13155 13222
13222 13221 13223
13156 13222 13224
13224 13222 13223
13224 13223 13225
13226 13227 13228
13226 13228 13229
13226 13229 13230
13231 13226 13230
13232 13226 13231
13232 13233 13226
13231 13230 13234
13235 13234 13230
13234 13235 13236
13236 13235 13237
13236 13237 13238
13236 13238 13239
13236 13239 13240
13241 13236 13240
13242 13236 13241
13234 13236 13242
13241 13243 13242
13243 13244 13242
13245 13242 13244
13246 13231 13234
13242 13246 13234
13245 13246 13242
13232 13231 13246
13245 13247 13246
13247 13245 13248
13246 13249 13232
13247 13249 13246
13247 13248 13250
13250 13248 13251
13250 13251 13252
13252 13251 13253
13252 13253 13254
13254 13253 13255
13254 13255 13256
13256 13255 13257
13256 13257 13258
13258 13257 13259
13258 13259 13260
13260 13259 13261
13260 13261 13262
13262 13261 13263
13262 13263 13264
13265 13262 13264
13265 13266 13262
13266 13260 13262
13266 13267 13260
13267 13258 13260
13267 13268 13258
13268 13256 13258
13268 13269 13256
13269 13254 13256
13269 13270 13254
13270 13252 13254
13270 13271 13252
13271 13250 13252
13271 13272 13250
13273 13272 13271
13272 13247 13250
13273 13274 13272
13275 13274 13273
13275 13276 13274
13274 13276 13277
13272 13278 13247
13274 13278 13272
13247 13278 13249
13274 13279 13278
13274 13277 13279
13280 13249 13278
13280 13278 13279
13280 13279 13277
13232 13249 13280
13280 13277 13281
13232 13280 13282
13281 13282 13280
13283 13281 13277
13283 13277 13284
13283 13284 13285
13283 13285 13286
13287 13283 13286
13287 13281 13283
13287 13286 13288
13289 13232 13282
13232 13289 13233
13290 13233 13289
13281 13291 13282
13287 13291 13281
13292 13287 13288
13292 13288 13293
13292 13293 13294
13289 13282 13295
13291 13295 13282
13296 13291 13287
13296 13287 13292
13291 13296 13295
13292 13294 13297
13296 13292 13297
13297 13294 13298
13289 13295 13299
13289 13299 13290
13300 13295 13296
13296 13297 13300
13300 13299 13295
13297 13298 13301
13301 13298 13302
13301 13302 13303
13301 13303 13304
13297 13305 13300
13297 13301 13305
13305 13299 13300
13301 13304 13305
13305 13306 13299
13290 13299 13306
13306 13305 13304
13306 13304 13307
13308 13307 13304
13308 13304 13309
13310 13308 13309
13310 13311 13308
13306 13307 13312
13308 13312 13307
13311 13313 13308
13308 13313 13312
13311 13314 13313
13306 13312 13315
13290 13306 13315
13313 13316 13312
13316 13315 13312
13314 13317 13313
13313 13317 13316
13318 13290 13315
13316 13318 13315
13314 13319 13317
13320 13319 13314
13320 13321 13319
13322 13321 13320
13322 13323 13321
13324 13323 13322
13324 13325 13323
13326 13325 13324
13326 13327 13325
13328 13327 13326
13328 13329 13327
13330 13329 13328
13330 13331 13329
13329 13331 13332
13329 13332 13333
13327 13329 13333
13327 13333 13334
13325 13327 13334
13325 13334 13335
13323 13325 13335
13323 13335 13336
13321 13323 13336
13321 13336 13337
13319 13321 13337
13319 13337 13338
13317 13319 13338
13317 13338 13339
13316 13317 13339
13316 13339 13340
13340 13318 13316
13340 13341 13318
13340 13342 13341
13343 13341 13342
13344 13341 13343
13341 13344 13345
13344 13346 13345
13345 13346 13347
13345 13347 13348
13345 13348 13349
13345 13349 13350
13351 13341 13345
13351 13345 13350
13341 13351 13318
13350 13352 13351
13318 13351 13353
13353 13351 13352
13290 13318 13353
13353 13352 13354
13290 13353 13354
13354 13352 13229
13290 13354 13233
13354 13229 13355
13354 13355 13233
13356 13357 13358
13356 13358 13359
13360 13356 13359
13359 13358 13361
13360 13359 13362
13363 13360 13362
13359 13361 13364
13364 13362 13359
13364 13361 13365
13364 13365 13366
13366 13365 13367
13366 13367 13368
13368 13367 13369
13368 13369 13370
13366 13371 13364
13364 13371 13362
13363 13362 13372
13373 13363 13372
13368 13370 13374
13370 13375 13374
13376 13368 13374
13366 13377 13371
13368 13377 13366
13362 13371 13378
13362 13378 13372
13378 13371 13377
13372 13378 13379
13373 13372 13380
13372 13379 13380
13381 13373 13380
13381 13380 13382
13379 13382 13380
13379 13383 13382
13384 13383 13379
13376 13385 13368
13368 13385 13377
13378 13377 13386
13379 13378 13386
13386 13377 13385
13387 13385 13376
13386 13385 13387
13387 13376 13388
13379 13386 13389
13384 13379 13389
13389 13386 13387
13390 13384 13389
13389 13387 13390
13390 13391 13384
13392 13391 13390
13392 13390 13393
13390 13394 13393
13390 13395 13394
13390 13387 13395
13387 13388 13395
13388 13396 13395
13397 13398 13399
13397 13399 13400
13401 13397 13400
13401 13402 13397
13400 13399 13403
13403 13399 13404
13405 13401 13400
13400 13403 13405
13405 13406 13401
13405 13407 13406
13403 13408 13405
13405 13408 13407
13403 13409 13408
13408 13410 13407
13409 13411 13408
13408 13411 13410
13409 13412 13411
13413 13412 13409
13414 13413 13409
13414 13409 13415
13416 13414 13415
13416 13415 13404
13417 13413 13414
13417 13418 13416
13404 13419 13416
13404 13420 13419
13416 13419 13421
13416 13421 13422
13417 13416 13422
13422 13421 13423
13422 13423 13424
13417 13422 13424
13417 13424 13425
13425 13424 13426
13417 13427 13413
13425 13427 13417
13427 13428 13413
13413 13428 13412
13412 13428 13429
13412 13429 13430
13411 13412 13430
13411 13430 13431
13432 13411 13431
13428 13433 13429
13432 13410 13411
13428 13434 13433
13427 13434 13428
13434 13435 13433
13432 13436 13410
13432 13437 13436
13436 13437 13438
13439 13434 13427
13425 13439 13427
13434 13440 13435
13439 13440 13434
13440 13441 13435
13442 13439 13425
13442 13440 13439
13440 13443 13441
13442 13443 13440
13443 13444 13441
13443 13445 13444
13445 13446 13444
13436 13438 13447
13447 13438 13448
13442 13425 13449
13449 13425 13426
13450 13443 13442
13450 13445 13443
13451 13442 13449
13451 13450 13442
13449 13426 13452
13451 13449 13452
13426 13453 13452
13426 13454 13453
13452 13453 13455
13451 13452 13456
13452 13455 13456
13450 13451 13457
13456 13457 13451
13455 13458 13456
13456 13458 13457
13455 13459 13458
13460 13457 13458
13450 13457 13461
13461 13445 13450
13461 13462 13445
13445 13462 13446
13463 13446 13462
13463 13464 13446
13465 13462 13461
13465 13463 13462
13466 13464 13463
13466 13467 13464
13461 13468 13465
13461 13469 13468
13468 13469 13460
13470 13463 13465
13470 13466 13463
13468 13470 13465
13471 13467 13466
13471 13472 13467
13473 13466 13470
13473 13471 13466
13474 13472 13471
13474 13475 13472
13476 13471 13473
13476 13474 13471
13477 13475 13474
13477 13478 13475
13479 13478 13477
13479 13480 13478
13481 13479 13477
13482 13477 13474
13482 13474 13476
13481 13477 13482
13470 13483 13473
13473 13484 13476
13473 13483 13484
13485 13482 13476
13485 13476 13484
13470 13486 13483
13468 13486 13470
13487 13486 13468
13487 13488 13486
13486 13489 13483
13486 13488 13489
13483 13489 13490
13484 13483 13490
13488 13491 13489
13488 13492 13491
13493 13492 13488
13493 13488 13494
13468 13460 13494
13460 13493 13494
13460 13495 13493
13484 13490 13496
13496 13485 13484
13490 13497 13496
13490 13498 13497
13497 13499 13496
13496 13499 13485
13497 13500 13499
13499 13500 13501
13499 13501 13502
13485 13499 13502
13485 13502 13503
13503 13482 13485
13503 13504 13482
13505 13502 13506
13503 13507 13508
13509 13505 13508
13509 13508 13510
13510 13508 13511
13510 13511 13512
13513 13510 13512
13513 13514 13510
13514 13509 13510
13515 13514 13513
13515 13513 13516
13517 13514 13515
13514 13517 13509
13505 13509 13518
13505 13518 13481
13517 13515 13519
13519 13515 13520
13509 13517 13521
13509 13521 13518
13481 13518 13522
13481 13522 13523
13523 13522 13524
13523 13524 13480
13522 13525 13524
13518 13526 13522
13522 13526 13525
13518 13521 13526
13526 13527 13525
13526 13528 13527
13521 13528 13526
13528 13529 13527
13530 13521 13517
13521 13530 13528
13530 13517 13519
13528 13531 13529
13530 13531 13528
13531 13532 13529
13533 13530 13519
13530 13533 13531
13531 13534 13532
13533 13534 13531
13534 13535 13532
13533 13519 13536
13536 13519 13520
13536 13520 13537
13537 13520 13538
13537 13538 13539
13540 13537 13539
13541 13536 13537
13541 13542 13536
13542 13533 13536
13540 13543 13537
13544 13543 13540
13542 13543 13544
13544 13540 13545
13542 13544 13546
13547 13542 13546
13542 13548 13533
13547 13548 13542
13533 13548 13534
13548 13549 13534
13548 13547 13549
13534 13549 13535
13550 13535 13549
13547 13550 13549
13550 13551 13535
13547 13552 13550
13552 13547 13553
13544 13554 13553
13555 13551 13550
13552 13555 13550
13555 13556 13551
13557 13556 13555
13557 13558 13556
13552 13559 13555
13559 13557 13555
13552 13553 13560
13560 13559 13552
13561 13553 13554
13561 13560 13553
13562 13558 13557
13562 13563 13558
13564 13561 13554
13564 13554 13565
13566 13561 13564
13560 13561 13566
13566 13564 13567
13560 13566 13568
13560 13568 13559
13569 13566 13567
13568 13566 13569
13569 13567 13570
13568 13569 13571
13559 13568 13571
13571 13569 13572
13573 13563 13562
13573 13448 13563
13447 13448 13573
13559 13571 13574
13559 13574 13557
13574 13562 13557
13574 13575 13562
13575 13573 13562
13571 13575 13574
13576 13571 13572
13571 13576 13575
13575 13577 13573
13577 13447 13573
13576 13577 13575
13577 13578 13447
13578 13436 13447
13576 13572 13579
13579 13572 13580
13579 13580 13581
13582 13579 13581
13576 13579 13582
13576 13582 13583
13576 13584 13577
13584 13578 13577
13582 13581 13585
13582 13586 13584
13584 13586 13578
13582 13587 13586
13587 13582 13585
13587 13585 13588
13578 13589 13436
13589 13410 13436
13589 13590 13410
13591 13589 13578
13591 13587 13592
13593 13590 13589
13591 13593 13589
13593 13594 13590
13595 13591 13592
13595 13593 13591
13593 13596 13594
13593 13595 13596
13597 13594 13596
13597 13401 13594
13598 13595 13592
13596 13595 13598
13598 13592 13599
13596 13598 13600
