byte offset: 0
first index: 23730
index count: 3843
topology: trianglelist
format: DXGI_FORMAT_R16_UINT

6474 6475 6476
6477 6475 6474
6477 6474 6478
6479 6477 6478
6479 6478 6480
6481 6479 6480
6481 6482 6479
6483 6482 6481
6483 6481 6484
6485 6483 6484
6485 6484 6486
6487 6485 6486
6487 6486 6488
6489 6487 6488
6490 6491 6492
6493 6491 6490
6493 6494 6491
6495 6494 6493
6495 6496 6494
6495 6497 6496
6495 6498 6497
6499 6497 6498
6499 6498 6500
6500 6501 6499
6500 6502 6501
6502 6503 6501
6502 6504 6503
6505 6503 6504
6506 6507 6508
6506 6509 6507
6509 6510 6507
6509 6511 6510
6511 6512 6510
6511 6513 6512
6513 6514 6512
6513 6515 6514
6515 6516 6514
6515 6517 6516
6517 6518 6516
6517 6519 6518
6519 6520 6518
6519 6521 6520
6521 6522 6520
6521 6523 6522
6524 6525 6526
6524 6526 6527
6527 6526 6528
6527 6528 6529
6529 6528 6530
6529 6530 6531
6531 6530 6532
6531 6532 6533
6533 6532 6534
6533 6534 6535
6535 6534 6536
6535 6536 6537
6537 6536 6538
6537 6538 6539
6539 6538 6540
6539 6540 6541
6542 6543 6544
6542 6544 6545
6546 6542 6545
6546 6545 6547
6548 6546 6547
6548 6547 6549
6550 6548 6549
6550 6551 6548
6550 6552 6551
6550 6553 6552
6553 6554 6552
6553 6555 6554
6555 6556 6554
6555 6557 6556
6557 6558 6556
6557 6559 6558
6559 6560 6558
6559 6561 6560
6562 6563 6564
6562 6564 6565
6564 6566 6565
6564 6567 6566
6567 6568 6566
6567 6569 6568
6569 6570 6568
6571 6572 6573
6571 6573 6574
6571 6574 6575
6574 6576 6575
6574 6577 6576
6577 6578 6576
6577 6579 6578
6580 6581 6582
6580 6583 6581
6584 6583 6580
6584 6585 6583
6586 6585 6584
6586 6587 6585
6588 6587 6586
6588 6586 6589
6588 6589 6590
6588 6590 6591
6591 6590 6592
6591 6592 6593
6593 6592 6594
6593 6594 6595
6595 6594 6596
6595 6596 6597
6597 6596 6598
6597 6598 6599
6600 6601 6602
6600 6603 6601
6601 6603 6604
6601 6604 6605
6605 6604 6606
6605 6606 6607
6607 6606 6608
6609 6610 6611
6609 6612 6610
6609 6613 6612
6612 6613 6614
6612 6614 6615
6615 6614 6616
6615 6616 6617
6618 6619 6620
6618 6621 6619
6622 6621 6618
6622 6623 6621
6624 6623 6622
6624 6625 6623
6626 6625 6624
6626 6627 6625
6628 6627 6626
6628 6629 6627
6630 6629 6628
6630 6631 6629
6632 6631 6630
6632 6633 6631
6634 6633 6632
6634 6635 6633
6636 6635 6634
6636 6637 6635
6638 6637 6636
6638 6639 6637
6640 6639 6638
6640 6641 6639
6642 6641 6640
6642 6643 6641
6644 6643 6642
6644 6645 6643
6646 6645 6644
6646 6647 6645
6648 6647 6646
6648 6649 6647
6648 6650 6649
6650 6648 6651
6649 6650 6652
6653 6654 6655
6655 6654 6656
6656 6654 6657
6655 6656 6658
6655 6658 6659
6659 6658 6660
6659 6660 6661
6661 6660 6662
6661 6662 6663
6663 6662 6664
6663 6664 6665
6665 6664 6666
6665 6666 6667
6668 6669 6670
6668 6670 6671
6671 6670 6672
6671 6672 6673
6673 6672 6674
6673 6674 6675
6675 6674 6676
6675 6676 6677
6677 6676 6678
6677 6678 6679
6679 6678 6680
6679 6680 6681
6681 6680 6682
6681 6682 6683
6683 6682 6684
6683 6684 6685
6685 6684 6686
6685 6686 6687
6687 6686 6688
6687 6688 6689
2261 6690 6691
2261 2262 6690
2262 6692 6690
2262 2263 6692
6690 6692 6693
6690 6693 6694
6690 6694 6695
6690 6695 6696
6694 6697 6695
6698 6694 6693
6694 6698 6697
6698 6693 6699
6697 6698 6700
6701 6698 6699
6700 6698 6701
6702 6703 6704
6702 6704 6705
6706 6705 6704
6705 6706 6707
6707 6708 6705
6708 6702 6705
6708 6709 6702
6709 6710 6702
6709 6711 6710
6710 6712 6702
6711 6713 6710
6710 6714 6712
6710 6713 6715
6715 6714 6710
6716 6717 6718
6716 6719 6717
6719 6720 6717
6719 6721 6720
6721 6722 6720
6721 6723 6722
6723 6724 6722
6723 6725 6724
6726 6727 6728
6726 6729 6727
6730 6727 6729
6729 6731 6730
6731 6729 6732
6732 6729 6726
6732 6726 6733
6733 6726 6734
6733 6734 6735
6734 6726 6736
6735 6734 6737
6734 6736 6738
6734 6739 6737
6739 6734 6738
6740 6741 6742
6740 6742 6743
6743 6742 6744
6743 6744 6745
6745 6744 6746
6745 6746 6747
6747 6746 6748
6747 6748 6749
6750 6751 6752
6750 6752 6753
6754 6753 6752
6753 6754 6755
6755 6756 6753
6756 6750 6753
6756 6757 6750
6757 6758 6750
6757 6759 6758
6758 6760 6750
6759 6761 6758
6758 6762 6760
6758 6761 6763
6763 6762 6758
6764 6765 6766
6764 6767 6765
6767 6768 6765
6767 6769 6768
6769 6770 6768
6769 6771 6770
6771 6772 6770
6771 6773 6772
6774 6775 6776
6774 6777 6775
6778 6775 6777
6777 6779 6778
6779 6777 6780
6780 6777 6774
6780 6774 6781
6781 6774 6782
6781 6782 6783
6782 6774 6784
6783 6782 6785
6782 6784 6786
6782 6787 6785
6787 6782 6786
6788 6789 6790
6788 6790 6791
6791 6790 6792
6791 6792 6793
6793 6792 6794
6793 6794 6795
6795 6794 6796
6795 6796 6797
6798 6799 6800
6798 6800 6801
6802 6801 6800
6801 6802 6803
6803 6804 6801
6804 6798 6801
6804 6805 6798
6805 6806 6798
6805 6807 6806
6806 6808 6798
6807 6809 6806
6806 6810 6808
6806 6809 6811
6811 6810 6806
6812 6813 6814
6812 6815 6813
6815 6816 6813
6815 6817 6816
6817 6818 6816
6817 6819 6818
6819 6820 6818
6819 6821 6820
6822 6823 6824
6822 6825 6823
6826 6823 6825
6825 6827 6826
6827 6825 6828
6828 6825 6822
6828 6822 6829
6829 6822 6830
6829 6830 6831
6830 6822 6832
6831 6830 6833
6830 6832 6834
6830 6835 6833
6835 6830 6834
6836 6837 6838
6836 6838 6839
6839 6838 6840
6839 6840 6841
6841 6840 6842
6841 6842 6843
6843 6842 6844
6843 6844 6845
6846 6847 6848
6848 6847 6849
6848 6849 6850
6850 6849 6851
6850 6851 6852
6848 6850 6853
6848 6853 6854
6854 6853 6855
6854 6855 6856
6856 6855 6857
6856 6857 6858
6858 6857 6859
6858 6859 6860
6861 6862 6863
6862 6864 6863
6862 6865 6864
6865 6866 6864
6865 6867 6866
6862 6868 6865
6862 6869 6868
6869 6870 6868
6869 6871 6870
6871 6872 6870
6871 6873 6872
6873 6874 6872
6873 6875 6874
6876 6877 6878
6877 6879 6878
6880 6879 6877
6879 6880 6881
6881 6880 5019
5019 5020 6881
6882 6883 6884
6885 6884 6886
6885 6887 6884
6888 6884 6887
6889 6887 6885
6889 6885 6890
6889 6890 6891
6891 6890 6892
6890 5169 6892
6892 5169 6893
6890 5170 5169
6885 5170 6890
5169 5167 6893
6885 5175 5170
5185 5175 6885
5185 6885 6894
5167 6895 6893
5167 5171 6895
5171 5172 6895
6896 6894 6897
6896 6897 6898
6883 6898 6897
6899 6896 6898
6899 6900 6896
6899 6901 6900
6901 6902 6900
6900 6902 5009
6902 6903 5009
6900 5009 5010
6896 6900 5010
5009 6903 5007
6896 5010 5015
5025 6896 5015
5025 6886 6896
5007 6903 6904
5007 6904 5011
5011 6904 5012
6905 6897 6888
6906 6907 6908
6908 6907 6909
6910 6908 6909
6909 6911 6910
6911 5179 6910
5179 6911 5180
6912 5802 5801
6912 6913 5802
6913 6912 6914
6913 6914 6915
6914 6916 6915
6917 6918 6919
6917 6920 6918
6921 6918 6920
6921 6922 6918
6923 6922 6921
6923 6924 6922
6924 6923 6925
6926 6927 6928
6928 6927 6929
6929 6930 6928
6929 6931 6930
6932 6931 6929
6933 6931 6932
6933 6934 6931
6930 6931 6934
6935 6934 6933
6935 6936 6934
6937 6936 6935
6930 6934 6938
6938 6934 6936
6937 6939 6936
6940 6939 6937
6938 6936 6941
6941 6936 6939
6940 6942 6939
6943 6942 6940
6941 6939 6944
6944 6939 6942
6938 6945 6930
6941 6946 6938
6938 6946 6945
6944 6947 6941
6941 6947 6946
6948 6930 6945
6930 6948 6928
6946 6949 6945
6947 6950 6946
6946 6950 6949
6945 6951 6948
6949 6951 6945
6951 6952 6948
6948 6952 6953
6948 6953 6928
6928 6953 6954
6928 6954 6955
6944 6956 6947
6947 6957 6950
6956 6957 6947
6958 6956 6944
6944 6942 6958
6950 6959 6949
6960 6949 6959
6950 6961 6959
6957 6961 6950
6960 6962 6949
6963 6962 6960
6949 6962 6951
6951 6962 6963
6951 6963 6964
6965 6951 6964
6965 6964 6966
6965 6966 6967
6968 6967 6966
6969 6968 6966
6970 6966 6964
6969 6966 6970
6970 6964 6963
6970 6971 6969
6972 6971 6970
6972 6973 6971
6972 6970 6974
6963 6974 6970
6971 6973 6975
6975 6973 6976
6975 6976 6977
6974 6963 6978
6978 6963 6979
6963 6960 6979
6980 6979 6960
6981 6980 6960
6982 6979 6980
6983 6979 6982
6984 6980 6981
6981 6960 6985
6985 6960 6986
6987 6984 6981
6988 6987 6981
6987 6989 6984
6987 6990 6989
308 6990 6987
308 6987 306
309 6987 6988
309 6988 311
6988 314 311
6985 6986 6991
6986 6992 6991
6986 6961 6992
6993 6981 6985
6994 6985 6991
6994 6993 6985
6988 6981 6995
6993 6995 6981
6988 6995 6996
6988 6996 6997
6988 6997 314
6995 6993 6998
6995 6998 6999
314 6997 7000
314 7000 318
6997 6999 7001
6997 7001 7000
318 7000 7002
7002 7000 7001
318 7002 323
6999 6998 7003
6999 7003 7001
6998 7004 7003
7005 6998 6993
6998 7005 7004
7005 7006 7004
7005 6993 6994
7005 7007 7006
6994 7007 7005
7007 7008 7006
323 7002 7009
323 7009 5812
7009 7002 7010
7002 7001 7010
7009 7010 7011
6994 7012 7007
7012 6994 6991
7012 6991 6992
7007 7013 7008
7013 7007 7012
7013 7014 7008
7015 7010 7001
7016 7015 7001
7017 7015 7016
7017 7016 7018
7019 7017 7018
7020 7011 7010
7015 7020 7010
7017 7020 7015
7020 7021 7011
7022 7021 7020
7017 7022 7020
7022 7023 7021
7013 7012 7024
7024 7012 6992
7019 7025 7017
7026 7025 7019
7026 7027 7025
7025 7028 7017
7017 7028 7022
7027 7028 7025
7022 7029 7023
7028 7029 7022
7023 7029 7030
7027 7026 7031
7031 7026 7032
7027 7031 7033
7034 7027 7033
7035 7027 7034
7036 7027 7035
7027 7036 7028
7036 7035 7037
7036 7037 7038
7039 7036 7038
7040 7028 7036
7039 7040 7036
7040 7029 7028
7039 7041 7040
7041 7029 7040
7041 7030 7029
7041 7042 7030
5810 7043 5807
7044 7043 5810
5812 7044 5810
7045 7043 7044
5812 7046 7044
5812 7047 7046
7048 7046 7047
7044 7046 7048
7048 7047 7049
7048 7049 7050
7045 7044 7051
7045 7051 7052
7051 7044 7053
7044 7048 7053
7051 7053 7054
7048 7050 7055
7055 7053 7048
7055 7050 7056
7055 7056 7057
7054 7053 7058
7055 7058 7053
7057 7058 7055
7054 7058 7059
7059 7058 7060
7057 7060 7058
7060 7061 7059
7060 7062 7061
7060 7063 7062
7063 7060 7064
7060 7057 7064
7057 7065 7064
7057 7066 7065
7066 7057 7067
7057 7056 7067
7067 7056 7068
7069 7070 7071
7072 7070 7069
7073 7070 7072
7074 7070 7073
7075 7070 7074
7075 7076 7070
7075 7077 7076
7078 7076 7077
7079 7078 7077
7080 7078 7079
7078 7081 7076
7078 7080 7082
7083 7081 7078
7082 7083 7078
7083 7084 7081
7082 7085 7083
7083 7086 7084
7086 7087 7084
7086 7088 7087
7086 7089 7088
7090 7089 7086
7091 7090 7086
7086 7092 7091
7093 7091 7092
7093 7092 7094
7092 7095 7094
6943 7095 7092
7083 7085 7096
7083 7096 7086
7096 7085 7097
6943 7092 7098
6943 7098 6942
7086 7099 7092
7098 7092 7099
7086 7096 7099
7096 7100 7099
7096 7097 7101
7096 7101 7100
7102 7101 7097
7103 7101 7102
7104 7101 7103
7104 7105 7101
7105 7100 7101
7105 7106 7100
6942 7098 7107
7098 7099 7107
6942 7107 6958
7099 7108 7107
7099 7100 7108
7107 7109 6958
7107 7108 7109
6958 7109 6956
7100 7106 7110
7111 7110 7106
7112 7110 7111
7113 7110 7112
7100 7110 7114
7100 7114 7108
7113 7114 7110
7109 7115 6956
6956 7115 6957
7108 7116 7109
7108 7114 7116
7109 7116 7115
7113 7117 7114
7113 7118 7117
7117 7118 7119
7117 7119 7120
7114 7117 7121
7121 7117 7120
7114 7121 7116
7121 7120 7122
7116 7121 7123
7123 7121 7122
7116 7123 7115
7123 7122 7124
7115 7125 6957
7115 7123 7125
7125 7123 7124
6957 7125 6961
7125 7124 7126
6961 7125 7126
6961 7126 6992
6992 7127 7128
7024 6992 7128
7128 7127 7129
7130 7024 7128
7128 7129 7131
7130 7128 7131
7131 7129 7132
7133 7130 7131
7129 7134 7132
7132 7134 7135
7024 7130 7136
7024 7136 7013
7013 7136 7014
7137 7136 7130
7137 7130 7133
7136 7138 7014
7136 7137 7138
7014 7138 7139
7137 7140 7138
7137 7141 7140
7137 7142 7141
7133 7142 7137
7133 7143 7142
7143 7133 7144
7133 7145 7144
7146 7135 7147
7148 7135 7146
7148 7146 7149
7150 7148 7149
7132 7135 7148
7132 7148 7150
7151 7132 7150
7151 7152 7132
7152 7151 7153
7131 7132 7152
7133 7131 7152
7152 7153 7154
7152 7154 7133
7155 7156 7157
7155 7158 7156
7159 7158 7155
7158 7160 7156
7161 7158 7159
7161 7159 7162
7163 7161 7162
7164 7161 7163
7165 7161 7164
7166 7158 7161
7165 7166 7161
7166 7160 7158
7167 7166 7165
7168 7160 7166
7167 7168 7166
7168 7169 7160
7170 7168 7167
7171 7169 7168
7170 7171 7168
7171 7172 7169
7173 7171 7170
7172 7171 7173
7173 7170 7174
7172 7173 7175
7176 7173 7174
7175 7173 7176
7177 7178 7179
7177 7180 7178
7181 7180 7177
7180 7182 7178
7183 7180 7181
7183 7181 7184
7183 7184 7185
7180 7186 7182
7182 7186 7187
7188 7180 7183
7188 7186 7180
7185 7189 7183
7189 7188 7183
7190 7189 7185
7191 7189 7190
7192 7189 7191
7193 7189 7192
7193 7188 7189
7188 7193 7194
7195 7186 7188
7188 7194 7195
7187 7186 7195
7195 7194 7196
7187 7195 7197
7195 7196 7197
7187 7197 7198
7197 7196 7199
7198 7197 7200
7197 7199 7200
7198 7200 7201
7200 7199 7202
7201 7203 7202
7204 7205 7206
7204 7207 7205
7204 7208 7207
7208 7209 7207
7208 7210 7209
7210 7211 7209
7210 7212 7211
7212 7213 7211
7212 7214 7213
7215 7216 7217
7215 7218 7216
7215 7219 7218
7220 7218 7219
7220 7221 7218
7220 7222 7221
7220 7223 7222
7224 7222 7223
7224 7223 7225
7226 5916 5917
7226 5917 7227
7227 7228 7226
7227 7229 7228
7228 7229 7230
7231 7232 7233
7231 7233 7234
7235 7234 7233
7235 7233 7236
7237 7235 7236
7237 7236 7238
7238 7239 7237
7240 7241 7242
7241 7243 7242
7243 7241 7244
7243 7244 7245
7246 7243 7245
7247 7246 7245
7247 7245 7248
7244 7248 7245
7249 7247 7248
7249 7248 7250
7251 7249 7250
7244 7252 7248
7252 7250 7248
7251 7250 7253
7254 7251 7253
7252 7255 7250
7255 7253 7250
7254 7253 7256
7257 7254 7256
7255 7258 7253
7258 7256 7253
7252 7244 7259
7255 7252 7260
7252 7259 7260
7258 7255 7261
7255 7260 7261
7262 7259 7244
7244 7241 7262
7260 7259 7263
7261 7260 7264
7260 7263 7264
7259 7262 7265
7263 7259 7265
7265 7262 7266
7262 7267 7266
7262 7241 7267
7241 7268 7267
7241 7269 7268
7258 7261 7270
7261 7264 7271
7270 7261 7271
7272 7258 7270
7258 7272 7256
7264 7263 7273
7274 7273 7263
7264 7273 7275
7271 7264 7275
7274 7263 7276
7277 7274 7276
7263 7265 7276
7265 7277 7276
7265 7278 7277
7279 7278 7265
7279 7280 7278
7279 7281 7280
7282 7280 7281
7283 7280 7282
7284 7278 7280
7283 7284 7280
7284 7277 7278
7284 7283 7285
7286 7284 7285
7286 7285 7287
7286 7288 7284
7277 7284 7288
7285 7289 7287
7289 7290 7287
7289 7291 7290
7288 7292 7277
7292 7293 7277
7277 7293 7274
7294 7274 7293
7295 7274 7294
7296 7294 7293
7297 7296 7293
7298 7295 7294
7295 7299 7274
7299 7300 7274
7301 7295 7298
7302 7295 7301
7301 7298 7303
7301 7303 7304
6042 7301 7304
6042 6040 7301
6040 7302 7301
6040 6037 7302
7302 6037 6036
7299 7305 7300
7300 7305 7306
7300 7306 7275
7307 7299 7295
7308 7305 7299
7308 7299 7307
7302 7309 7295
7307 7295 7309
7302 7310 7309
7302 7311 7310
7302 6036 7311
7309 7312 7307
7309 7313 7312
6036 7314 7311
6036 6034 7314
7311 7315 7313
7311 7314 7315
6034 7316 7314
7316 7315 7314
6034 6035 7316
7313 7317 7312
7313 7315 7317
7312 7317 7318
7319 7307 7312
7312 7318 7319
7319 7318 7320
7319 7308 7307
7319 7320 7321
7308 7319 7321
7321 7320 7322
6035 7323 7316
6035 6045 7323
7323 7324 7316
7316 7324 7315
7323 7325 7324
7308 7321 7326
7326 7305 7308
7326 7306 7305
7321 7322 7327
7327 7326 7321
7327 7322 7328
7329 7315 7324
7330 7315 7329
7331 7330 7329
7331 7332 7330
7333 7332 7331
7334 7324 7325
7329 7324 7334
7331 7329 7334
7334 7325 7335
7336 7334 7335
7331 7334 7336
7336 7335 7337
7333 7331 7338
7339 7333 7338
7339 7338 7340
7338 7331 7341
7331 7336 7341
7340 7338 7341
7336 7337 7342
7341 7336 7342
7337 7343 7342
7340 7344 7339
7344 7345 7339
7340 7346 7344
7347 7346 7340
7348 7347 7340
7349 7348 7340
7340 7341 7349
7349 7350 7348
7349 7351 7350
7352 7351 7349
7353 7349 7341
7352 7349 7353
7353 7341 7342
7352 7353 7354
7354 7353 7342
7354 7342 7343
7354 7343 7355
6047 6049 7356
7357 6047 7356
6045 6047 7357
7358 7357 7356
6045 7357 7359
6045 7359 7360
7361 7360 7359
7357 7361 7359
7361 7362 7360
7361 7363 7362
7358 7364 7357
7358 7365 7364
7364 7366 7357
7357 7366 7361
7364 7367 7366
7361 7368 7363
7368 7361 7366
7368 7369 7363
7368 7370 7369
7367 7371 7366
7368 7366 7371
7370 7368 7371
7367 7372 7371
7372 7373 7371
7370 7371 7373
7373 7372 7374
7373 7374 7375
7373 7375 7376
7376 7377 7373
7373 7377 7370
7370 7377 7378
7370 7378 7379
7379 7380 7370
7370 7380 7369
7380 7381 7369
7382 7383 7384
7385 7382 7384
7386 7385 7384
7387 7386 7384
7388 7387 7384
7388 7384 7389
7388 7389 7390
7391 7390 7389
7392 7390 7391
7393 7392 7391
7391 7389 7394
7391 7395 7393
7396 7391 7394
7395 7391 7396
7396 7394 7397
7395 7396 7398
7396 7397 7399
7399 7397 7400
7399 7400 7401
7399 7401 7402
7403 7399 7402
7404 7399 7403
7399 7404 7405
7406 7405 7404
7406 7407 7405
7405 7407 7408
7257 7405 7408
7396 7409 7398
7396 7399 7409
7409 7410 7398
7257 7411 7405
7257 7256 7411
7399 7405 7412
7411 7412 7405
7399 7412 7409
7409 7412 7413
7409 7414 7410
7409 7413 7414
7415 7410 7414
7416 7415 7414
7417 7416 7414
7417 7414 7418
7418 7414 7413
7418 7413 7419
7256 7420 7411
7411 7420 7412
7256 7272 7420
7412 7420 7421
7412 7421 7413
7420 7272 7422
7420 7422 7421
7272 7270 7422
7413 7423 7419
7424 7419 7423
7425 7424 7423
7426 7425 7423
7413 7427 7423
7413 7421 7427
7426 7423 7427
7422 7270 7428
7270 7271 7428
7421 7422 7429
7421 7429 7427
7422 7428 7429
7426 7427 7430
7426 7430 7431
7430 7432 7431
7430 7433 7432
7427 7434 7430
7434 7433 7430
7427 7429 7434
7434 7435 7433
7429 7436 7434
7436 7435 7434
7429 7428 7436
7436 7437 7435
7428 7271 7438
7428 7438 7436
7438 7437 7436
7271 7275 7438
7438 7439 7437
7275 7439 7438
7275 7306 7439
7306 7440 7441
7440 7442 7441
7443 7440 7306
7443 7306 7326
7327 7443 7326
7443 7327 7444
7327 7328 7444
7445 7440 7443
7443 7444 7445
7440 7446 7442
7445 7446 7440
7446 7447 7442
7448 7446 7445
7442 7447 7449
7447 7450 7449
7444 7328 7451
7328 7452 7451
7453 7445 7444
7444 7451 7453
7453 7448 7445
7453 7451 7454
7453 7454 7455
7453 7455 7456
7448 7453 7456
7448 7456 7457
7457 7458 7448
7448 7458 7459
7447 7460 7450
7460 7461 7450
7461 7462 7450
7460 7463 7461
7464 7463 7460
7447 7464 7460
7465 7464 7447
7465 7447 7466
7466 7467 7465
7446 7466 7447
7448 7466 7446
7466 7468 7467
7466 7448 7468
7469 7470 7471
7469 7471 7472
7473 7469 7472
7472 7471 7474
7475 7473 7472
7475 7476 7473
7477 7476 7475
7478 7477 7475
7479 7478 7475
7480 7475 7472
7479 7475 7480
7480 7472 7474
7481 7479 7480
7482 7480 7474
7481 7480 7482
7482 7474 7483
7484 7481 7482
7485 7482 7483
7484 7482 7485
7485 7483 7486
7487 7484 7485
7486 7487 7485
7487 7488 7484
7486 7489 7487
7490 7488 7487
7489 7490 7487
7491 7492 7493
7491 7493 7494
7495 7491 7494
7494 7493 7496
7497 7495 7494
7497 7498 7495
7497 7499 7498
7494 7496 7500
7496 7501 7500
7502 7497 7494
7502 7494 7500
7499 7497 7503
7503 7497 7502
7504 7499 7503
7505 7504 7503
7506 7505 7503
7507 7506 7503
7507 7503 7502
7502 7508 7507
7509 7502 7500
7502 7509 7508
7501 7509 7500
7509 7510 7508
7501 7511 7509
7509 7511 7510
7501 7512 7511
7511 7513 7510
7512 7514 7511
7511 7514 7513
7512 7515 7514
7514 7516 7513
7515 7516 7517
7518 7519 7520
7518 7520 7521
7518 7521 7522
7522 7521 7523
7522 7523 7524
7524 7523 7525
7524 7525 7526
7526 7525 7527
7526 7527 7528
7529 7530 7531
7529 7531 7532
7529 7532 7533
7534 7533 7532
7534 7532 7535
7534 7535 7536
7534 7536 7537
7536 7538 7537
7536 7539 7538
7540 7541 7542
7540 7543 7541
7543 7544 7541
7543 7545 7544
7545 7546 7544
7545 7547 7546
7547 7548 7546
7547 7549 7548
7550 7551 7552
7550 7552 7553
7554 7555 7556
7554 7556 7557
7558 7554 7557
7558 7557 7559
7560 7558 7559
7560 7559 7561
7562 7560 7561
7562 7561 7563
7564 7562 7563
7564 7563 7565
7566 7564 7565
7566 7565 7567
7568 7569 7570
7568 7570 7571
7572 7568 7571
7572 7571 7573
7574 7572 7573
7574 7573 7575
7576 7574 7575
7576 7575 7577
7578 7579 7580
7578 7580 7581
7582 7583 7584
7582 7585 7583
7585 7586 7583
7585 7587 7586
7587 7588 7586
7587 7589 7588
7589 7590 7588
7589 7591 7590
7591 7592 7590
7591 7593 7592
7593 7594 7592
7593 7595 7594
