byte offset: 0
first index: 37659
index count: 8745
topology: trianglelist
format: DXGI_FORMAT_R16_UINT

11879 11880 11881
11881 11882 11883
11881 11883 11884
11885 11881 11884
11885 11886 11881
11885 11887 11886
11885 11888 11887
11887 11888 11889
11886 11887 11890
11886 11890 11891
11887 11889 11892
11890 11887 11892
11891 11890 11893
11891 11893 11894
11889 11895 11892
11889 11896 11895
11890 11892 11897
11893 11890 11897
11894 11893 11898
11894 11898 11899
11896 11900 11895
11896 11901 11900
11900 11901 11902
11900 11902 11903
11903 11904 11900
11892 11895 11905
11900 11905 11895
11900 11904 11905
11892 11905 11897
11905 11904 11906
11893 11897 11907
11898 11893 11907
11897 11905 11908
11905 11906 11908
11897 11908 11907
11906 11909 11908
11907 11908 11909
11906 11910 11909
11898 11907 11911
11907 11909 11911
11910 11912 11909
11911 11909 11912
11910 11913 11912
11913 11914 11912
11913 11915 11914
11914 11915 11916
11917 11898 11911
11917 11911 11912
11917 11912 11914
11899 11898 11917
11899 11917 11918
11899 11918 11919
11899 11919 11920
11918 11917 11921
11921 11917 11914
11921 11919 11918
11922 11920 11919
11922 11923 11920
11924 11922 11919
11924 11919 11925
11921 11925 11919
11926 11924 11925
11927 11921 11914
11927 11925 11921
11926 11925 11928
11927 11928 11925
11929 11926 11928
11927 11914 11930
11914 11916 11930
11931 11928 11927
11931 11927 11930
11932 11930 11916
11931 11930 11932
11932 11916 11933
11934 11932 11933
11934 11931 11932
11934 11935 11931
11931 11936 11928
11935 11936 11931
11929 11928 11936
11935 11937 11936
11937 11929 11936
11937 11938 11929
11934 11939 11940
11939 11941 11940
11939 11942 11941
11943 11941 11942
11943 11942 11944
11945 11943 11944
11945 11944 11946
11947 11945 11946
11947 11946 11948
11949 11947 11948
11949 11948 11950
11951 11949 11950
11951 11950 11952
11953 11951 11952
11953 11952 11954
11954 11955 11953
11954 11956 11955
11957 11956 11954
11953 11958 11959
11960 11961 11962
11963 11964 11960
11963 11960 11965
11966 11967 11965
11966 11968 11967
11966 11969 11968
11966 11970 11969
11969 11970 11971
11969 11971 11972
11971 11973 11972
11971 11974 11973
11974 11975 11973
11974 11976 11975
11976 11977 11975
11976 11978 11977
11978 11979 11980
11978 11981 11979
11981 11982 11983
11981 11984 11982
11984 11985 11986
11984 11987 11985
11987 11988 11985
11987 11989 11988
11990 11988 11989
11990 11989 11991
11991 11992 11990
11991 11993 11992
11993 11994 11995
11993 11996 11994
11996 11997 11998
11996 11998 11999
12000 12001 12002
12003 12004 12005
12006 12007 12008
12007 12009 12010
12010 12009 12011
12007 12010 12012
12007 12012 12013
12013 12012 12014
12013 12014 12015
12016 12015 12014
12016 12017 12015
12018 12017 12016
12018 12019 12017
12019 12018 12020
12021 12022 12023
12024 12025 12026
12027 12028 12029
12030 12031 12027
12030 12032 12031
12033 12032 12030
12033 12034 12032
12032 12034 12035
12036 12031 12032
12035 12036 12032
12036 12037 12031
12034 12038 12035
12034 12039 12038
12040 12038 12039
12035 12041 12036
12035 12042 12041
12035 12038 12042
12043 12036 12041
12042 12043 12041
12043 12044 12036
12044 12045 12036
12040 12046 12038
12038 12047 12042
12038 12046 12047
12048 12046 12040
12048 12047 12046
12048 12040 12049
12042 12050 12043
12050 12042 12047
12048 12051 12047
12052 12051 12048
12052 12048 12053
12054 12051 12052
12051 12055 12047
12050 12047 12055
12054 12056 12051
12051 12056 12055
12057 12056 12054
12058 12050 12055
12056 12058 12055
12057 12059 12056
12056 12059 12058
12060 12059 12057
12060 12061 12059
12059 12061 12062
12059 12062 12058
12058 12063 12050
12062 12063 12058
12062 12064 12063
12043 12050 12063
12063 12064 12065
12043 12063 12066
12063 12065 12066
12066 12044 12043
12065 12067 12066
12066 12067 12044
12065 12068 12067
12068 12069 12067
12068 12070 12069
12067 12069 12071
12067 12071 12044
12044 12071 12045
12072 12045 12071
12072 12073 12045
12073 12031 12045
12074 12072 12071
12074 12071 12075
12076 12074 12075
12076 12075 12077
12078 12074 12076
12079 12072 12074
12078 12079 12074
12079 12080 12072
12080 12073 12072
12081 12079 12078
12080 12079 12081
12081 12078 12082
12083 12081 12082
12083 12084 12081
12080 12081 12085
12084 12085 12081
12086 12084 12083
12086 12083 12087
12088 12086 12087
12088 12089 12086
12089 12090 12086
12090 12084 12086
12089 12091 12090
12090 12092 12084
12084 12092 12085
12091 12093 12090
12093 12092 12090
12091 12094 12093
12085 12092 12095
12093 12095 12092
12094 12096 12093
12096 12095 12093
12094 12097 12096
12085 12095 12098
12098 12080 12085
12098 12099 12080
12080 12099 12073
12100 12099 12098
12100 12073 12099
12101 12098 12095
12100 12098 12101
12096 12102 12095
12101 12095 12102
12096 12103 12102
12103 12101 12102
12096 12104 12103
12103 12105 12101
12106 12101 12105
12106 12100 12101
12107 12100 12106
12100 12108 12073
12107 12108 12100
12109 12108 12107
12073 12108 12031
12109 12031 12108
12109 12110 12031
12031 12110 12111
12112 12113 12114
12115 12113 12116
12115 12117 12113
12118 12117 12115
12113 12117 12119
12113 12119 12120
12120 12119 12121
12120 12121 12122
12122 12121 12123
12122 12123 12124
12124 12123 12125
12124 12125 12126
12126 12125 12127
12126 12127 12128
12128 12127 12129
12128 12129 12130
12131 12130 12129
12131 12132 12130
12133 12132 12131
12133 12134 12135
12135 12134 12136
12133 12135 12137
12133 12137 12138
12135 12136 12139
12137 12135 12139
12140 12139 12136
12140 12136 12141
12142 12140 12141
12138 12137 12143
12138 12143 12144
12137 12139 12145
12145 12139 12140
12144 12143 12146
12144 12146 12147
12137 12148 12143
12146 12143 12148
12137 12145 12148
12146 12148 12149
12149 12148 12150
12145 12150 12148
12149 12150 12151
12145 12152 12150
12145 12140 12152
12151 12150 12153
12152 12153 12150
12151 12153 12154
12154 12153 12155
12154 12155 12156
12156 12155 12157
12156 12157 12158
12158 12157 12159
12158 12159 12160
12160 12159 12161
12160 12161 12162
12162 12161 12163
12164 12157 12155
12159 12157 12164
12165 12155 12153
12164 12155 12165
12152 12166 12153
12165 12153 12166
12166 12152 12167
12165 12166 12167
12152 12140 12167
12164 12165 12168
12165 12167 12168
12167 12140 12169
12142 12169 12140
12170 12169 12142
12167 12169 12171
12167 12171 12168
12170 12172 12169
12171 12169 12172
12173 12172 12170
12168 12171 12174
12174 12171 12172
12164 12168 12175
12168 12174 12175
12173 12176 12172
12174 12172 12176
12177 12176 12173
12177 12173 12178
12179 12174 12176
12175 12174 12179
12179 12176 12177
12180 12164 12175
12159 12164 12180
12175 12179 12181
12180 12175 12181
12182 12159 12180
12182 12180 12181
12182 12161 12159
12181 12179 12183
12183 12179 12177
12178 12184 12177
12185 12184 12178
12182 12181 12186
12181 12183 12186
12183 12177 12187
12184 12187 12177
12188 12184 12185
12188 12185 12189
12190 12184 12188
12190 12187 12184
12191 12187 12190
12191 12183 12187
12186 12183 12191
12186 12191 12192
12193 12186 12192
12193 12182 12186
12193 12161 12182
12193 12194 12161
12195 12161 12194
12196 12161 12195
12197 12198 12199
12197 12200 12201
12202 12201 12200
12202 12203 12201
12197 12201 12204
12205 12197 12204
12205 12204 12206
12207 12205 12206
12207 12208 12205
12209 12208 12207
12209 12210 12208
12211 12210 12209
12211 12212 12210
12213 12212 12211
12213 12214 12212
12214 12213 12215
12204 12216 12217
12218 12219 12220
12221 12218 12222
12223 12221 12222
12223 12222 12224
12221 12225 12218
12226 12218 12225
12226 12225 12227
12228 12226 12227
12228 12229 12226
12230 12229 12228
12230 12228 12231
12232 12230 12231
12232 12231 12233
12234 12232 12233
12234 12233 12235
12235 12236 12234
12225 12237 12238
12239 12240 12241
12242 12243 12244
12245 12246 12247
12247 12246 12248
12247 12248 12249
12248 12250 12249
12251 12250 12248
12251 12248 12252
12253 12254 12255
12253 12255 12256
12256 12257 12253
12255 12258 12256
12255 12259 12258
12256 12260 12257
12258 12260 12256
12259 12261 12258
12259 12262 12261
12261 12262 12263
12261 12263 12264
12261 12265 12258
12258 12265 12260
12266 12261 12264
12261 12266 12265
12266 12264 12267
12268 12266 12267
12269 12257 12260
12269 12270 12257
12271 12270 12269
12271 12269 12272
12269 12273 12272
12274 12269 12260
12274 12260 12265
12269 12274 12273
12265 12266 12275
12265 12275 12274
12268 12275 12266
12273 12274 12275
12268 12276 12275
12273 12275 12276
12268 12277 12276
12273 12276 12278
12277 12278 12276
12273 12278 12279
12277 12280 12278
12281 12282 12283
12282 12284 12283
12282 12285 12284
12284 12285 12286
12284 12286 12287
12287 12286 12288
12287 12288 12289
12290 12289 12288
12290 12291 12289
12292 12291 12290
12292 12290 12293
12294 12292 12293
12295 12296 12297
12295 12297 12298
12299 12295 12298
12300 12295 12299
12301 12295 12300
12301 12302 12295
12302 12301 12303
12302 12303 12304
12297 12302 12304
12305 12301 12300
12301 12305 12306
12301 12306 12303
12305 12300 12307
12307 12300 12308
12300 12299 12308
12307 12308 12309
12308 12299 12310
12310 12299 12298
12309 12308 12311
12308 12310 12311
12309 12311 12312
12312 12311 12313
12312 12313 12314
12311 12310 12315
12311 12315 12313
12310 12298 12316
12316 12315 12310
12316 12317 12315
12318 12317 12316
12317 12319 12315
12319 12313 12315
12318 12320 12317
12321 12320 12318
12322 12321 12318
12322 12318 12323
12322 12323 12298
12297 12322 12298
12319 12324 12313
12324 12314 12313
12297 12325 12322
12322 12325 12321
12326 12325 12297
12297 12304 12326
12326 12327 12325
12327 12321 12325
12321 12328 12320
12320 12328 12329
12324 12319 12330
12331 12330 12319
12331 12332 12330
12333 12329 12332
12333 12332 12331
12324 12330 12334
12335 12324 12334
12335 12334 12336
12337 12327 12326
12304 12337 12326
12304 12338 12337
12339 12338 12304
12337 12340 12327
12339 12304 12303
12341 12339 12303
12341 12303 12342
12303 12343 12342
12303 12344 12343
12303 12306 12344
12327 12340 12345
12327 12345 12346
12346 12345 12347
12327 12346 12321
12346 12347 12348
12348 12321 12346
12348 12347 12349
12348 12350 12321
12350 12328 12321
12350 12351 12328
12348 12349 12352
12352 12350 12348
12352 12351 12350
12352 12349 12353
12352 12354 12351
12352 12353 12355
12355 12354 12352
12355 12353 12356
12355 12357 12354
12355 12356 12358
12357 12355 12358
12358 12356 12359
12357 12358 12360
12358 12359 12361
12360 12358 12361
12360 12361 12362
12362 12361 12363
12362 12363 12364
12361 12365 12363
12361 12366 12365
12363 12365 12367
12364 12363 12368
12363 12367 12368
12364 12368 12369
12368 12370 12369
12367 12371 12368
12368 12371 12370
12367 12372 12371
12370 12373 12374
12373 12372 12375
12375 12376 12371
12371 12376 12374
12377 12378 12379
12377 12379 12380
12381 12380 12379
12381 12382 12380
12383 12377 12380
12380 12382 12384
12383 12380 12385
12380 12384 12385
12386 12383 12385
12386 12385 12387
12384 12387 12385
12384 12388 12387
12389 12390 12391
12389 12392 12390
12392 12393 12390
12392 12394 12393
12395 12394 12392
12393 12394 12396
12393 12396 12397
12396 12398 12397
12395 12399 12394
12399 12396 12394
12400 12399 12395
12396 12401 12398
12401 12402 12398
12399 12403 12396
12403 12401 12396
12401 12404 12402
12404 12405 12402
12400 12406 12399
12406 12403 12399
12400 12407 12406
12403 12408 12401
12408 12404 12401
12404 12409 12405
12409 12410 12405
12406 12411 12403
12408 12403 12411
12408 12412 12404
12412 12409 12404
12413 12411 12406
12413 12406 12407
12408 12411 12414
12412 12408 12414
12414 12411 12413
12412 12415 12409
12409 12416 12410
12415 12416 12409
12412 12414 12417
12415 12412 12417
12414 12413 12418
12414 12419 12417
12419 12414 12418
12407 12420 12413
12420 12418 12413
12415 12417 12421
12419 12421 12417
12422 12415 12421
12419 12423 12421
12423 12422 12421
12415 12424 12416
12422 12424 12415
12424 12425 12416
12419 12418 12426
12423 12419 12426
12427 12424 12422
12424 12427 12425
12416 12425 12428
12416 12428 12429
12425 12430 12428
12410 12416 12429
12431 12430 12425
12410 12429 12432
12433 12431 12425
12433 12425 12434
12435 12433 12434
12427 12436 12425
12437 12435 12436
12437 12438 12435
12427 12439 12436
12436 12439 12440
12441 12439 12427
12441 12427 12442
12427 12422 12442
12443 12441 12442
12443 12444 12441
12445 12444 12443
12445 12443 12446
12443 12447 12446
12448 12442 12422
12448 12443 12442
12443 12448 12447
12423 12448 12422
12447 12448 12423
12447 12449 12446
12449 12450 12446
12449 12451 12450
12447 12423 12452
12423 12426 12452
12453 12452 12426
12418 12453 12426
12454 12447 12452
12453 12454 12452
12455 12453 12418
12420 12455 12418
12447 12456 12449
12454 12456 12447
12457 12451 12449
12457 12458 12451
12459 12454 12453
12455 12459 12453
12460 12449 12456
12460 12457 12449
12461 12458 12457
12460 12461 12457
12461 12462 12458
12463 12456 12454
12459 12463 12454
12463 12460 12456
12464 12462 12461
12464 12465 12462
12466 12461 12460
12466 12464 12461
12467 12465 12464
12464 12466 12467
12467 12468 12465
12469 12468 12467
12470 12460 12463
12470 12466 12460
12471 12463 12459
12471 12470 12463
12469 12467 12472
12473 12469 12472
12467 12466 12474
12467 12474 12472
12475 12471 12459
12475 12459 12455
12466 12470 12476
12466 12476 12474
12470 12471 12477
12475 12477 12471
12470 12477 12476
12473 12472 12478
12479 12473 12478
12479 12478 12480
12472 12474 12481
12472 12481 12478
12482 12474 12476
12482 12481 12474
12478 12481 12483
12478 12483 12480
12483 12481 12482
12484 12475 12455
12475 12484 12485
12484 12455 12420
12486 12484 12420
12485 12484 12486
12487 12482 12476
12487 12476 12477
12475 12488 12477
12475 12485 12488
12477 12488 12489
12477 12489 12487
12485 12489 12488
12486 12420 12490
12491 12486 12490
12486 12491 12492
12485 12486 12492
12407 12490 12420
12493 12485 12492
12491 12493 12492
12485 12494 12489
12493 12494 12485
12495 12490 12407
12491 12490 12495
12487 12489 12496
12489 12494 12497
12489 12497 12496
12487 12496 12498
12482 12487 12498
12499 12494 12493
12499 12497 12494
12497 12500 12496
12500 12498 12496
12497 12501 12500
12502 12501 12497
12502 12497 12499
12500 12503 12498
12504 12502 12499
12482 12498 12505
12503 12505 12498
12503 12506 12505
12483 12482 12505
12506 12483 12505
12506 12507 12483
12507 12480 12483
12507 12508 12480
12508 12509 12480
12508 12510 12509
12504 12499 12511
12512 12504 12511
12511 12499 12493
12513 12512 12511
12511 12493 12514
12513 12511 12514
12491 12514 12493
12491 12513 12514
12491 12515 12513
12516 12517 12491
12516 12491 12495
12518 12516 12495
12518 12495 12519
12495 12407 12519
12520 12518 12519
12407 12520 12519
12520 12521 12518
12522 12521 12520
12407 12400 12520
12400 12522 12520
12400 12523 12522
12524 12522 12523
12524 12525 12522
12522 12526 12521
12527 12522 12525
12527 12526 12522
12528 12526 12527
12529 12530 12531
12529 12531 12532
12533 12529 12532
12533 12532 12534
12532 12531 12535
12534 12532 12536
12532 12535 12536
12534 12536 12537
12536 12538 12537
12538 12539 12537
12536 12540 12538
12540 12536 12535
12540 12535 12541
12542 12540 12541
12543 12540 12542
12542 12541 12544
12542 12544 12545
12543 12546 12540
12546 12547 12539
12546 12548 12547
12543 12548 12546
12542 12545 12549
12543 12542 12549
12549 12545 12550
12543 12551 12548
12552 12551 12543
12551 12553 12548
12551 12554 12553
12552 12554 12551
12554 12555 12553
12556 12555 12554
12552 12556 12554
12556 12557 12555
12558 12557 12556
12558 12556 12552
12558 12559 12557
12543 12549 12560
12552 12543 12560
12549 12550 12561
12560 12549 12561
12552 12560 12562
12560 12561 12562
12561 12550 12563
12562 12561 12563
12563 12550 12564
12565 12563 12564
12564 12566 12565
12564 12567 12566
12567 12568 12566
12562 12563 12569
12568 12570 12566
12552 12562 12571
12571 12562 12569
12571 12569 12572
12558 12552 12571
12558 12571 12572
12558 12572 12573
12574 12558 12573
12574 12573 12575
12570 12568 12576
12568 12577 12576
12570 12576 12578
12576 12577 12579
12576 12580 12578
12580 12581 12578
12576 12579 12582
12576 12582 12580
12582 12579 12583
12580 12584 12581
12581 12584 12585
12585 12584 12586
12584 12587 12586
12582 12583 12588
12588 12583 12589
12582 12590 12580
12590 12584 12580
12590 12582 12588
12584 12591 12587
12590 12591 12584
12591 12592 12587
12591 12593 12592
12593 12591 12590
12593 12594 12592
12588 12589 12595
12596 12595 12589
12590 12588 12597
12597 12593 12590
12595 12597 12588
12593 12598 12594
12597 12598 12593
12598 12599 12594
12600 12598 12597
12595 12600 12597
12598 12601 12599
12600 12601 12598
12601 12602 12599
12596 12603 12595
12603 12596 12604
12600 12595 12605
12605 12601 12600
12595 12603 12605
12601 12606 12602
12605 12606 12601
12606 12607 12602
12606 12608 12607
12609 12608 12606
12610 12609 12606
12610 12606 12605
12611 12610 12605
12603 12611 12605
12603 12604 12612
12612 12611 12603
12612 12604 12613
12614 12611 12612
12612 12613 12615
12612 12616 12614
12612 12615 12616
12617 12618 12619
12617 12619 12620
12620 12619 12621
12620 12621 12622
12623 12622 12621
12623 12624 12622
12625 12624 12623
12626 12617 12620
12622 12627 12620
12626 12620 12627
12622 12628 12627
12622 12624 12628
12628 12624 12629
12625 12630 12624
12624 12630 12629
12631 12630 12625
12631 12629 12630
12631 12625 12632
12633 12631 12632
12628 12634 12627
12626 12627 12634
12633 12635 12631
12635 12633 12636
12635 12636 12637
12631 12638 12629
12638 12631 12635
12629 12639 12628
12628 12639 12634
12638 12635 12640
12629 12638 12641
12640 12641 12638
12629 12642 12639
12629 12641 12642
12635 12643 12640
12635 12644 12643
12644 12636 12645
12644 12645 12646
12646 12643 12644
12646 12647 12643
12647 12648 12643
12647 12649 12648
12643 12650 12640
12643 12648 12650
12640 12651 12641
12640 12650 12651
12641 12652 12642
12641 12651 12652
12649 12653 12648
12649 12654 12653
12648 12655 12650
12648 12653 12655
12650 12656 12651
12650 12655 12656
12654 12657 12653
12654 12658 12657
12653 12659 12655
12653 12657 12659
12658 12660 12657
12658 12661 12660
12642 12652 12662
12642 12662 12639
12651 12663 12652
12651 12656 12663
12655 12664 12656
12655 12659 12664
12657 12665 12659
12657 12660 12665
12661 12666 12660
12661 12667 12666
12639 12662 12668
12639 12668 12634
12656 12669 12663
12656 12664 12669
12659 12670 12664
12659 12665 12670
12660 12671 12665
12660 12666 12671
12667 12672 12666
12667 12673 12672
12673 12674 12672
12673 12675 12674
12672 12674 12676
12666 12672 12677
12672 12676 12677
12666 12677 12671
12677 12676 12678
12677 12678 12679
12671 12677 12679
12679 12678 12680
12665 12671 12681
12671 12679 12681
12665 12681 12670
12679 12680 12682
12681 12679 12682
12682 12680 12683
12670 12681 12684
12681 12682 12684
12682 12683 12685
12684 12682 12685
12685 12683 12686
12670 12684 12687
12664 12670 12687
12664 12687 12669
12684 12685 12688
12687 12684 12688
12685 12686 12689
12688 12685 12689
12689 12686 12690
12669 12687 12691
12687 12688 12691
12688 12689 12692
12691 12688 12692
12689 12690 12693
12692 12689 12693
12693 12690 12694
12669 12691 12695
12663 12669 12695
12691 12692 12696
12695 12691 12696
12692 12693 12697
12696 12692 12697
12693 12694 12698
12697 12693 12698
12663 12695 12699
12652 12663 12699
12652 12699 12662
12695 12696 12700
12699 12695 12700
12662 12699 12701
12699 12700 12701
12662 12701 12668
12694 12702 12698
12694 12703 12702
12702 12703 12704
12696 12697 12705
12700 12696 12705
12697 12698 12706
12702 12706 12698
12705 12697 12706
12701 12700 12707
12700 12705 12707
12668 12701 12708
12701 12707 12708
12702 12704 12709
12709 12704 12710
12705 12706 12711
12707 12705 12711
12702 12712 12706
12712 12702 12709
12712 12711 12706
12709 12710 12713
12713 12710 12714
12707 12711 12715
12708 12707 12715
12668 12708 12716
12634 12668 12716
12712 12717 12711
12717 12715 12711
12712 12709 12718
12718 12709 12713
12717 12712 12718
12713 12714 12719
12719 12714 12720
12719 12720 12721
12708 12715 12722
12716 12708 12722
12634 12716 12723
12626 12634 12723
12717 12724 12715
12724 12722 12715
12717 12718 12725
12724 12717 12725
12718 12713 12726
12726 12713 12719
12725 12718 12726
12716 12722 12727
12723 12716 12727
12724 12728 12722
12728 12727 12722
12726 12719 12729
12729 12719 12730
12725 12726 12731
12731 12726 12729
12724 12725 12732
12728 12724 12732
12732 12725 12731
12732 12731 12733
12731 12729 12734
12733 12731 12734
12735 12732 12733
12735 12733 12736
12733 12737 12736
12728 12732 12738
12732 12739 12738
12740 12728 12738
12728 12740 12727
12740 12738 12741
12740 12742 12727
12723 12727 12742
12743 12740 12741
12740 12743 12742
12744 12723 12742
12743 12744 12742
12744 12626 12723
12743 12741 12745
12741 12746 12745
12747 12743 12745
12743 12747 12744
12748 12626 12744
12748 12617 12626
12748 12749 12617
12748 12750 12749
12748 12744 12751
12751 12750 12748
12751 12744 12747
12751 12752 12750
12753 12752 12751
12747 12745 12754
12754 12745 12755
12756 12754 12755
12757 12751 12747
12753 12751 12757
12754 12757 12747
12753 12757 12758
12754 12758 12757
12753 12758 12759
12760 12754 12756
12760 12758 12754
12760 12759 12758
12760 12761 12759
12760 12756 12762
12761 12760 12763
12763 12760 12762
12761 12763 12764
12763 12765 12764
12763 12766 12765
12767 12765 12766
12767 12766 12768
12766 12769 12768
12766 12763 12770
12766 12770 12771
12766 12771 12769
12771 12772 12769
12763 12762 12773
12771 12774 12772
12773 12774 12771
12774 12775 12772
12776 12773 12762
12777 12776 12762
12776 12778 12773
12773 12778 12774
12737 12778 12776
12774 12779 12775
12778 12779 12774
12779 12780 12775
12737 12781 12778
12778 12781 12779
12733 12781 12737
12779 12782 12780
12781 12782 12779
12782 12783 12780
12733 12784 12781
12781 12784 12782
12733 12734 12784
12782 12785 12783
12784 12785 12782
12784 12734 12785
12785 12786 12783
12734 12787 12785
12785 12787 12786
12734 12729 12787
12787 12788 12786
12729 12730 12787
12787 12730 12788
12730 12789 12788
12730 12720 12789
12790 12791 12792
12790 12792 12793
12794 12790 12793
12795 12794 12793
12796 12795 12793
12795 12797 12794
12797 12798 12794
12797 12799 12798
12794 12798 12800
12794 12801 12790
12794 12800 12801
12802 12790 12801
12802 12803 12790
12804 12802 12801
12804 12801 12800
12805 12806 12800
12805 12800 12807
12800 12808 12807
12800 12809 12808
12810 12808 12809
12810 12811 12808
12807 12808 12812
12807 12812 12813
12814 12815 12816
12814 12816 12817
12814 12817 12818
12814 12818 12819
12820 12814 12819
12821 12822 12823
12821 12824 12822
12824 12825 12822
12824 12826 12825
12827 12828 12829
12827 12830 12828
12830 12827 12831
12830 12831 12832
12833 12832 12831
12833 12834 12832
12834 12833 12835
12834 12835 12836
12836 12835 12837
12838 12839 12840
12838 12841 12839
12841 12842 12839
12841 12843 12842
12843 12844 12842
12843 12845 12844
12845 12846 12844
12845 12847 12846
12847 12848 12846
12847 12849 12848
12850 12851 12852
12850 12852 12853
12854 12855 12856
12854 12856 12857
12858 12859 12860
12858 12860 12861
12862 12863 12864
12862 12864 12865
12866 12867 12868
12866 12868 12869
12870 12871 12872
12870 12872 12873
12874 12875 12876
12874 12876 12877
12878 12879 12880
12878 12880 12881
12882 12883 12884
12882 12884 12885
12886 12887 12888
12886 12888 12889
12890 12891 12892
12890 12892 12893
12894 12895 12896
12894 12896 12897
12898 12899 12437
12898 12437 12900
12898 12900 12901
12900 12902 12901
12902 12900 12410
12902 12410 12903
12904 12432 12903
12905 12904 12906
12410 12907 12906
12905 12906 12908
12909 12907 12904
12905 12908 12910
12905 12910 12911
12911 12910 12912
12913 12911 12912
12914 12911 12913
12914 12915 12911
12916 12915 12914
12909 12904 12917
12917 12918 12909
12919 12918 12917
12919 12917 12920
12919 12920 12921
12922 12904 12905
12922 12923 12904
12924 12923 12922
12924 12925 12923
12926 12925 12924
12926 12927 12925
12928 12927 12926
12928 12929 12927
12930 12929 12928
12931 12922 12905
12932 12924 12922
12932 12922 12931
12933 12926 12924
12933 12924 12932
12934 12928 12926
12934 12926 12933
12931 12905 12935
12935 12905 12911
12935 12911 12936
12936 12911 12937
12938 12931 12935
12936 12938 12935
12930 12928 12939
12940 12928 12934
12940 12939 12928
12941 12930 12939
12941 12942 12930
12943 12941 12939
12943 12939 12940
12944 12943 12940
12945 12940 12934
12944 12940 12945
12944 12945 12946
12945 12934 12947
12933 12947 12934
12948 12945 12947
12948 12946 12945
12933 12949 12947
12949 12948 12947
12932 12949 12933
12932 12950 12949
12931 12950 12932
12931 12951 12950
12938 12951 12931
12949 12950 12952
12952 12950 12951
12949 12953 12948
12952 12953 12949
12952 12951 12954
12954 12951 12938
12946 12948 12955
12955 12948 12953
12954 12956 12952
12952 12956 12953
12953 12956 12957
12955 12953 12958
12958 12953 12957
12954 12959 12956
12957 12956 12959
12960 12959 12954
12954 12938 12961
12960 12954 12961
12957 12959 12962
12962 12959 12960
12961 12938 12963
12936 12963 12938
12961 12963 12964
12964 12960 12961
12965 12963 12936
12964 12963 12965
12965 12936 12966
12964 12965 12967
12968 12964 12967
12936 12937 12966
12966 12937 12969
12968 12970 12964
12964 12970 12960
12960 12970 12971
12971 12970 12972
12971 12972 12973
12960 12971 12974
12962 12960 12974
12975 12971 12973
12975 12973 12976
12977 12975 12976
12978 12974 12971
12978 12971 12975
12979 12962 12974
12979 12974 12978
12977 12980 12975
12980 12978 12975
12981 12980 12977
12981 12977 12982
12983 12981 12982
12984 12978 12980
12984 12980 12981
12983 12985 12981
12981 12985 12984
12986 12985 12983
12986 12987 12985
12988 12987 12986
12989 12962 12979
12989 12957 12962
12958 12957 12989
12990 12979 12978
12990 12978 12984
12984 12985 12991
12991 12985 12987
12988 12992 12987
12993 12992 12988
12993 12994 12992
12995 12989 12979
12995 12979 12990
12996 12958 12989
12996 12989 12995
12984 12997 12990
12984 12991 12997
12990 12998 12995
12998 12996 12995
12990 12997 12998
12987 12992 12999
12987 12999 12991
13000 12997 12991
13000 12991 12999
12992 13001 12999
12992 12994 13001
13001 13000 12999
13002 12958 12996
13002 12955 12958
13003 12998 12997
13003 12997 13000
13004 13001 12994
13004 12994 13005
13005 12994 13006
13005 13006 13007
13008 13001 13004
13008 13009 13001
13001 13009 13000
13010 13009 13008
13000 13009 13011
13010 13011 13009
13000 13011 13003
13012 13011 13010
13003 13011 13013
13012 13013 13011
13014 12998 13003
13003 13013 13014
13015 13013 13012
13014 13013 13015
13015 13012 13016
13017 13015 13016
13014 13018 12998
12998 13018 12996
13017 13019 13015
13020 13019 13017
13014 13015 13021
13018 13014 13021
13019 13021 13015
12996 13018 13022
13018 13021 13022
12996 13022 13002
13020 13023 13019
13024 13023 13020
13025 13023 13024
13019 13026 13021
13026 13022 13021
13023 13026 13019
13027 13002 13022
13026 13027 13022
13023 13028 13026
13025 13028 13023
13027 13026 13028
13029 13028 13025
13027 13028 13029
13029 13025 13030
13027 13031 13002
13031 13027 13029
13031 12955 13002
13031 13032 12955
13029 13032 13031
12946 12955 13032
13029 13033 13032
13033 12946 13032
13034 13033 13029
13034 13029 13035
13036 13033 13034
13033 13037 12946
13036 13037 13033
12946 13037 13038
13038 13037 13036
12946 13038 12944
12944 13038 13039
13038 13036 13040
13039 13038 13040
12944 13039 13041
13042 13041 13039
13042 13039 13043
13039 13040 13044
13039 13045 13043
13039 13044 13045
13045 13044 13046
13047 13048 13049
13047 13050 13048
13051 13050 13047
13051 13047 13052
13053 13051 13052
13053 13052 13054
13055 13053 13054
13055 13054 13056
13057 13055 13056
13057 13056 13058
13059 13057 13058
13059 13058 13060
13059 13060 13061
13059 13061 13062
13063 13064 13065
13063 13065 13066
13067 13063 13066
13067 13066 13068
13069 13067 13068
13069 13068 13070
13071 13069 13070
13071 13070 13072
13072 13073 13071
13072 13074 13073
13075 13076 13077
13075 13078 13076
13079 13076 13078
13079 13078 13080
13081 13079 13080
13081 13080 13082
13083 13081 13082
13083 13082 13084
13084 13085 13083
13084 13086 13085
13087 13088 13089
13089 13090 13087
13090 13091 13087
13091 13090 13092
13093 13094 13095
13094 13096 13095
13094 13097 13096
13096 13097 13098
13099 13096 13098
13099 13100 13096
13101 13102 13103
13101 13104 13102
13104 13101 13105
13102 13104 13106
13102 13106 13107
13104 13105 13108
13106 13104 13108
13107 13106 13109
13107 13109 13110
13111 13108 13105
13111 13105 13112
13113 13111 13112
13113 13114 13111
13111 13114 13115
13106 13108 13116
13109 13106 13116
13117 13108 13111
13111 13115 13117
13117 13116 13108
13116 13117 13118
13116 13118 13119
13109 13116 13119
13120 13119 13118
13120 13121 13119
13119 13121 13122
13119 13122 13109
13109 13122 13110
13122 13123 13110
13115 13124 13125
13115 13125 13126
13127 13126 13125
13127 13125 13128
13129 13130 13131
13131 13130 13132
13131 13132 13133
13132 13134 13133
13132 13135 13134
13135 13136 13134
13135 13137 13136
13138 13136 13137
13138 13137 13139
13140 13138 13139
13140 13139 13141
13142 13140 13141
13143 13144 13145
13143 13145 13146
13146 13147 13148
13146 13148 13149
13150 13151 13143
13150 13152 13151
13152 13150 13153
13152 13153 13154
13155 13154 13153
13155 13156 13154
13157 13156 13155
13157 13158 13156
13159 13160 13157
13159 13161 13160
13162 13163 13159
13162 13164 13163
13165 13166 13162
13165 13167 13166
13168 13167 13165
13168 13169 13167
13170 13169 13168
13170 13171 13169
13172 13171 13170
13172 13173 13171
13174 13173 13172
13174 13172 13175
13176 13174 13175
13176 13177 13174
13178 13179 13180
13178 13181 13179
13182 13181 13178
13183 13182 13178
13184 13183 13178
13184 13178 13185
13185 13186 13184
13185 13187 13186
13179 13187 13185
13188 13183 13184
13184 12306 13188
13184 13186 12306
13186 13189 12306
13186 13190 13189
13186 13191 13190
13192 13191 13186
13192 13186 13193
13193 13186 13187
13193 13187 13194
13188 13195 13183
13187 13196 13194
13195 13197 13183
13195 13198 13197
13183 13197 13182
13187 13199 13196
13179 13199 13187
13198 13200 13197
13198 13201 13200
13197 13202 13182
13197 13200 13202
13202 13181 13182
13196 13199 13203
13196 13203 13204
13203 13205 13204
13199 13179 13206
13199 13206 13203
13203 13206 13207
13203 13207 13208
13203 13208 13205
13208 13209 13205
13179 13210 13206
13179 13181 13210
13210 13207 13206
13210 13181 13211
13210 13211 13212
13210 13212 13207
13202 13213 13181
13208 13214 13209
13214 13208 13207
13214 13215 13209
13213 13202 13216
13200 13216 13202
13212 13213 13217
13213 13216 13217
13212 13217 13218
13207 13212 13218
13217 13216 13219
13200 13220 13216
13219 13216 13220
13201 13220 13200
13201 12314 13220
13214 13221 13215
13221 13222 13215
13207 13218 13223
13218 13224 13223
13214 13207 13225
13225 13207 13223
13221 13214 13225
13225 13223 13226
13221 13225 13226
13221 13226 13227
13221 13228 13222
13228 13221 13227
13228 13229 13222
13228 13227 13230
13228 13231 13229
13230 13231 13228
13231 13232 13229
13230 13233 13231
13231 13234 13232
13233 13234 13231
13233 13235 13234
13235 13236 13234
13235 13237 13236
13236 13237 13238
13234 13236 13239
13234 13239 13240
13236 13238 13241
13239 13236 13241
13239 13241 13242
13241 13238 13243
13241 13243 13244
13245 13241 13244
13245 13244 13246
13244 13247 13246
13244 13248 13247
13243 13248 13244
13243 13249 13248
13250 13251 12390
13250 12390 12941
13252 13253 13254
13252 13255 13253
13256 13255 13252
13256 13257 13255
13255 13258 13253
13257 13259 13255
13255 13259 13258
13257 13260 13259
13259 13260 13261
13261 13260 13262
13259 13261 13263
13263 13258 13259
13263 13264 13258
13265 13264 13263
13266 13265 13263
13265 13267 13264
13265 13268 13267
13266 13263 13269
13269 13262 13270
13269 13270 13271
13266 13269 13271
13265 13272 13268
13266 13272 13265
13272 13273 13268
13266 13271 13274
13275 13266 13274
13274 13271 13276
13274 13276 13277
13275 13274 13277
13277 13276 13278
13279 13277 13278
13275 13277 13279
13279 13278 13280
13281 13279 13280
13281 13275 13279
13281 13280 12574
13266 13282 13272
13275 13282 13266
13272 13283 13273
13282 13283 13272
13275 13284 13282
13282 13284 13283
13283 13285 13273
13284 13285 13283
13285 13286 13273
13287 13286 13285
13286 13287 13288
13286 13288 13289
13289 13288 13290
13284 13291 13285
13290 13288 13292
13275 13293 13284
13293 13291 13284
13293 13294 13291
13281 13293 13275
13281 13294 13293
13281 13295 13294
12559 13295 13281
12559 13296 13295
13292 13297 13290
13290 13297 13298
13292 13299 13297
13297 13300 13298
13297 13299 13301
13301 13299 13302
13297 13303 13300
13297 13301 13303
13303 13304 13300
13301 13302 13305
13302 13306 13305
13306 13307 13305
13305 13307 13308
13303 13309 13304
13309 13310 13304
13303 13301 13311
13311 13301 13305
13311 13309 13303
13305 13308 13312
13311 13305 13312
13312 13308 13313
13309 13314 13310
13315 13310 13314
13311 13316 13309
13316 13311 13312
13314 13309 13316
13312 13313 13317
13316 13312 13317
13317 13313 13318
13319 13316 13317
13314 13316 13319
13317 13318 13320
13319 13317 13320
13320 13318 13321
13315 13314 13322
13322 13323 13315
13319 13324 13314
13324 13319 13320
13324 13322 13314
13320 13321 13325
13324 13320 13325
13322 13326 13323
13326 13327 13323
13326 13328 13327
13326 13329 13328
13326 13330 13329
13330 13326 13331
13331 13326 13322
13322 13324 13331
13331 13324 13332
13332 13324 13325
13332 13325 13333
13333 13325 13334
13325 13321 13334
13321 13335 13334
13336 13337 13338
13336 13339 13337
13339 13340 13337
13339 13341 13340
13342 13340 13341
13342 13341 13343
13344 13342 13343
13345 13339 13336
13341 13339 13346
13345 13346 13339
13341 13346 13347
13341 13347 13343
13347 13348 13343
13344 13343 13349
13343 13348 13349
13350 13344 13349
13350 13349 13348
13350 13351 13344
13352 13351 13350
13347 13346 13353
13345 13353 13346
13352 13350 13354
13354 13355 13352
13354 13356 13355
13350 13348 13357
13357 13354 13350
13348 13347 13358
13347 13353 13358
13357 13359 13354
13348 13360 13357
13359 13357 13360
13348 13358 13361
13348 13361 13360
13354 13359 13362
13354 13362 13363
13363 13364 13355
13363 13365 13364
13365 13363 13362
13365 13362 13366
13366 13362 13367
13366 13367 13368
13362 13359 13369
13362 13369 13367
13359 13360 13370
13359 13370 13369
13360 13361 13371
13360 13371 13370
13368 13367 13372
13368 13372 13373
13367 13369 13374
13367 13374 13372
13369 13370 13375
13369 13375 13374
13373 13372 13376
13373 13376 13377
13372 13374 13378
13372 13378 13376
13377 13376 13379
13377 13379 13380
13361 13381 13371
13361 13358 13381
13370 13371 13382
13370 13382 13375
13374 13375 13383
13374 13383 13378
13376 13378 13384
13376 13384 13379
13380 13379 13385
13380 13385 13386
13358 13387 13381
13358 13353 13387
13375 13382 13388
13375 13388 13383
13378 13383 13389
13378 13389 13384
13379 13384 13390
13379 13390 13385
13386 13385 13391
13386 13391 13392
13392 13391 13393
13392 13393 13394
13391 13395 13393
13385 13396 13391
13391 13396 13395
13385 13390 13396
13396 13397 13395
13396 13398 13397
13390 13398 13396
13398 13399 13397
13384 13400 13390
13390 13400 13398
13384 13389 13400
13398 13401 13399
13400 13401 13398
13401 13402 13399
13389 13403 13400
13400 13403 13401
13401 13404 13402
13403 13404 13401
13404 13405 13402
13389 13406 13403
13383 13406 13389
13383 13388 13406
13403 13407 13404
13406 13407 13403
13404 13408 13405
13407 13408 13404
13408 13409 13405
13408 13410 13409
13388 13411 13406
13406 13411 13407
13407 13412 13408
13412 13410 13408
13411 13412 13407
13388 13413 13411
13382 13413 13388
13411 13414 13412
13413 13414 13411
13382 13415 13413
13371 13415 13382
13371 13381 13415
13415 13416 13413
13413 13416 13414
13381 13417 13415
13415 13417 13416
13381 13387 13417
13414 13418 13412
13412 13418 13410
13416 13419 13414
13414 13419 13418
13417 13420 13416
13416 13420 13419
13387 13421 13417
13417 13421 13420
13387 13422 13421
13353 13422 13387
13353 13423 13422
13345 13423 13353
13418 13424 13410
13419 13425 13418
13418 13425 13424
13420 13426 13419
13419 13426 13425
13421 13427 13420
13420 13427 13426
13422 13428 13421
13421 13428 13427
13410 13424 13429
13410 13429 13430
13429 13424 13431
13431 13424 13425
13429 13431 13432
13431 13433 13432
13434 13425 13426
13431 13425 13434
13431 13435 13433
13434 13435 13431
13435 13436 13433
13437 13426 13427
13434 13426 13437
13434 13438 13435
13437 13438 13434
13435 13439 13436
13438 13439 13435
13439 13440 13436
13437 13427 13441
13441 13427 13428
13437 13442 13438
13441 13442 13437
13438 13443 13439
13442 13443 13438
13439 13444 13440
13443 13444 13439
13444 13445 13440
13444 13446 13445
13443 13447 13444
13447 13448 13444
13448 13449 13445
13448 13450 13449
13451 13450 13448
13447 13451 13448
13451 13452 13450
13442 13453 13443
13453 13447 13443
13454 13451 13447
13453 13454 13447
13455 13454 13453
13456 13452 13451
13454 13456 13451
13456 13457 13452
13458 13453 13442
13458 13455 13453
13441 13458 13442
13459 13456 13454
13455 13459 13454
13460 13457 13456
13459 13460 13456
13460 13461 13457
13462 13460 13459
13455 13462 13459
13463 13461 13460
13462 13463 13460
13463 13464 13461
13465 13464 13463
13465 13466 13464
13467 13463 13462
13467 13465 13463
13468 13466 13465
13468 13469 13466
13470 13468 13465
13470 13465 13467
13471 13469 13468
13471 13468 13472
13471 13473 13469
13474 13473 13471
13474 13471 13475
13471 13472 13476
13476 13475 13471
13476 13477 13475
13478 13477 13476
13479 13467 13462
13455 13479 13462
13455 13480 13479
13481 13480 13455
13481 13455 13458
13479 13482 13467
13482 13470 13467
13482 13483 13470
13476 13470 13483
13484 13483 13482
13478 13476 13485
13476 13483 13485
13485 13486 13478
13485 13483 13487
13485 13488 13486
13489 13486 13488
13485 13487 13490
13485 13490 13488
13487 13491 13490
13490 13491 13492
13489 13488 13493
13490 13493 13488
13489 13493 13494
13489 13494 13495
13494 13496 13495
13490 13497 13493
13497 13490 13492
13493 13497 13494
13494 13498 13496
13498 13499 13496
13498 13336 13499
13498 13345 13336
13498 13494 13500
13498 13500 13345
13494 13497 13500
13500 13423 13345
13497 13492 13501
13501 13500 13497
13500 13502 13423
13501 13502 13500
13501 13492 13503
13503 13492 13504
13501 13503 13505
13505 13502 13501
13505 13503 13506
13423 13502 13507
13505 13507 13502
13423 13507 13422
13422 13507 13428
13508 13507 13505
13508 13428 13507
13505 13506 13508
13441 13428 13508
13508 13458 13441
13508 13506 13458
13458 13506 13509
13510 13511 13512
13510 13513 13511
13514 13513 13510
13515 13513 13514
13515 13514 13516
13516 13514 13517
13516 13517 13518
13514 13519 13517
13514 13510 13520
13514 13520 13519
13521 13520 13510
13521 13510 13522
13523 13520 13521
13523 13519 13520
13524 13519 13525
13524 13526 13519
13519 13526 13527
13519 13527 13528
13529 13528 13527
13529 13527 13530
13526 13531 13527
13526 13532 13531
13533 13534 13535
13533 13536 13534
13533 13537 13536
13533 13538 13537
13539 13538 13533
13540 13541 13542
13540 13542 13543
13543 13542 13544
13543 13544 13545
13546 13547 13548
13546 13548 13549
13549 13550 13546
13549 13551 13550
13552 13550 13551
13552 13551 13553
13553 13554 13552
13553 13555 13554
13555 13556 13554
13557 13558 13559
13557 13559 13560
13560 13559 13561
13560 13561 13562
13562 13561 13563
13562 13563 13564
13564 13563 13565
13564 13565 13566
13566 13565 13567
13566 13567 13568
13569 13570 13571
13569 13571 13572
13573 13574 13575
13573 13575 13576
13577 13578 13579
13577 13579 13580
13581 13582 13583
13581 13583 13584
13585 13586 13587
13585 13587 13588
13589 13590 13591
13589 13591 13592
13593 13594 13595
13593 13595 13596
13597 13598 13599
13597 13599 13600
13601 13602 13603
13601 13603 13604
13605 13606 13607
13605 13607 13608
13609 13610 13611
13609 13611 13612
13613 13614 13615
13613 13615 13616
13617 13618 13619
13617 13619 13620
13621 13617 13620
13621 13622 13617
13623 13622 13621
13623 13624 13622
13625 13624 13623
13625 13626 13624
13627 13626 13625
13627 13628 13626
13629 13628 13627
13629 13630 13628
13629 13631 13630
13629 13632 13631
13633 13634 13635
13633 13636 13634
13637 13636 13633
13637 13638 13636
13639 13638 13637
13639 13640 13638
13641 13640 13639
13641 13642 13640
13642 13641 13643
13642 13643 13644
13645 13646 13647
13645 13647 13648
13649 13648 13647
13649 13650 13648
13651 13650 13649
13651 13652 13650
13653 13652 13651
13653 13654 13652
13654 13653 13655
13654 13655 13656
13657 13658 13659
13657 13660 13658
13661 13658 13660
13661 13660 13662
13661 13662 13663
13661 13663 13664
13661 13664 13665
13661 13665 13666
13661 13666 13667
13661 13667 13668
13661 13668 13669
13670 13669 13668
13670 13668 13671
13671 13672 13670
13673 13674 13675
13673 13675 13676
13676 13675 13677
13676 13677 13219
13219 13220 13676
13678 13219 13677
13676 13220 12314
12324 13673 12314
13676 12314 12335
13678 13677 13679
13680 13678 13679
13680 13679 13224
13681 13682 13683
13683 13684 13681
13683 13685 13684
13684 13685 13686
13687 13688 13689
13687 13689 13690
13691 13692 13693
13693 13692 13694
13694 13695 13693
13694 13692 13696
13694 13697 13695
13694 13696 13698
13698 13697 13694
13699 13697 13700
13699 13700 13701
13701 13702 13703
13701 13703 13704
13705 13704 13703
13705 13703 13706
13705 13706 13707
13705 13707 13708
13707 13709 13708
13707 13710 13709
13710 13711 13709
13710 13712 13711
13712 13713 13711
13707 13714 13710
13714 13712 13710
13707 13706 13715
13706 13716 13715
13706 13717 13716
13715 13718 13707
13707 13718 13714
13717 13719 13716
13717 13700 13719
13700 13720 13719
13721 13715 13716
13715 13721 13718
13719 13720 13722
13722 13720 13698
13698 13723 13722
13698 13724 13723
13725 13722 13723
13719 13722 13725
13725 13723 13726
13719 13725 13727
13727 13716 13719
13726 13728 13725
13728 13727 13725
13726 13729 13728
13728 13729 13730
13728 13730 13731
13728 13732 13727
13716 13727 13732
13732 13728 13731
13716 13732 13733
13721 13716 13733
13733 13732 13734
13732 13731 13734
13721 13733 13735
13733 13734 13735
13721 13735 13736
13718 13721 13736
13734 13731 13737
13731 13738 13737
13738 13734 13737
13731 13739 13738
13738 13740 13734
13740 13735 13734
13741 13740 13738
13740 13741 13742
13740 13742 13743
13740 13744 13735
13744 13736 13735
13744 13740 13743
13718 13736 13745
13746 13718 13745
13746 13714 13718
13714 13746 13747
13714 13747 13712
13745 13748 13746
13747 13746 13748
13736 13749 13745
13745 13749 13748
13750 13736 13744
13736 13750 13749
13744 13743 13751
13750 13744 13751
13747 13752 13712
13712 13752 13713
13713 13752 13753
13713 13753 13754
13755 13754 13753
13755 13756 13754
13757 13756 13755
13757 13758 13756
13757 13759 13758
13757 13760 13759
13759 13760 13761
13759 13761 13762
13762 13761 13763
13762 13763 13764
13764 13763 13765
13766 13767 13752
13768 13767 13766
13766 13752 13769
13769 13752 13747
13769 13747 13770
13770 13747 13748
13770 13771 13769
13770 13772 13771
13748 13772 13770
13769 13771 13773
13769 13773 13766
13748 13774 13772
13749 13774 13748
13749 13775 13774
13750 13775 13749
13750 13776 13775
13751 13776 13750
13766 13773 13777
13751 13778 13776
13766 13777 13779
13768 13766 13779
13779 13777 13780
13781 13778 13751
13781 13782 13778
13743 13781 13751
13782 13781 13743
13782 13743 13783
13784 13768 13779
13779 13780 13784
13784 13785 13768
13784 13780 13786
13786 13785 13784
13786 13787 13785
13788 13787 13786
13788 13789 13787
13790 13789 13788
13790 13791 13789
13792 13791 13790
13793 13794 13795
13793 13796 13794
13796 13797 13794
13793 13798 13796
13796 13799 13797
13800 13797 13799
13800 13799 13801
13802 13800 13801
13796 13803 13799
13801 13799 13803
13802 13801 13804
13801 13803 13805
13805 13804 13801
13806 13802 13804
13806 13807 13802
13808 13807 13806
13805 13809 13804
13806 13804 13809
13808 13806 13810
13810 13806 13811
13806 13809 13811
13811 13809 13812
13813 13808 13810
13813 13814 13808
13813 13815 13814
13813 13816 13815
13809 13817 13812
13809 13805 13817
13815 13816 13818
13818 13816 13819
13818 13819 13820
13818 13820 13821
13821 13820 13822
13821 13822 13823
13823 13822 13824
13823 13824 13825
13825 13824 13826
13805 13827 13817
13827 13828 13817
13805 13803 13827
13827 13829 13828
13830 13827 13803
13827 13830 13829
13830 13803 13831
13796 13831 13803
13832 13831 13796
13830 13831 13832
13832 13796 13798
13829 13830 13833
13829 13833 13834
13798 13835 13832
13798 13836 13835
13798 13837 13836
13830 13832 13838
13833 13830 13838
13832 13839 13838
13833 13838 13839
13832 13840 13839
13833 13839 13841
13833 13841 13842
13833 13842 13834
13834 13842 13843
13844 13845 13846
13844 13847 13845
13845 13847 13848
13845 13848 13849
13850 13848 13847
13850 13851 13848
13852 13851 13850
13853 13850 13847
13853 13847 13844
13852 13850 13854
13854 13850 13853
13854 13855 13852
13854 13853 13856
13856 13855 13854
13856 13857 13855
13856 13853 13858
13858 13859 13856
13858 13860 13859
13861 13862 13844
13861 13863 13862
13844 13862 13864
13844 13864 13865
13865 13864 13866
13865 13866 13867
13868 13869 13870
13870 13869 13871
13870 13871 13872
13873 13870 13872
13872 13874 13873
13872 13875 13874
13873 13874 13876
13873 13876 13877
13877 13876 13878
13873 13879 13870
13877 13879 13873
13877 13878 13880
13880 13878 13881
13870 13879 13882
13870 13882 13883
13879 13884 13882
13877 13885 13879
13879 13885 13884
13880 13885 13877
13885 13886 13884
13885 13887 13886
13880 13887 13885
13887 13888 13886
13880 13881 13889
13889 13887 13880
13889 13881 13890
13887 13891 13888
13889 13891 13887
13891 13892 13888
13889 13890 13893
13893 13891 13889
13893 13890 13894
13891 13895 13892
13893 13895 13891
13895 13896 13892
13893 13894 13897
13897 13895 13893
13897 13894 13898
13897 13898 13899
13899 13898 13900
13899 13900 13901
13895 13902 13896
13897 13902 13895
13899 13902 13897
13902 13903 13896
13902 13904 13903
13899 13904 13902
13905 13903 13904
13905 13904 13906
13906 13907 13905
13906 13904 13908
13908 13907 13906
13908 13904 13899
13908 13909 13907
13908 13899 13910
13910 13899 13901
13910 13909 13908
13901 13911 13910
13901 13912 13911
13910 13913 13909
13909 13913 13914
13915 13916 13917
13915 13917 13918
13918 13917 13919
13918 13919 13920
13920 13919 13921
13920 13921 13922
13922 13921 13923
13922 13923 13924
13925 13922 13924
13925 13926 13922
13926 13927 13922
13928 13926 13925
13928 13925 13929
13930 13926 13928
13930 13931 13926
13926 13931 13927
13932 13931 13930
13933 13927 13931
13932 13933 13931
13933 13934 13927
13935 13933 13932
13935 13932 13936
13936 13937 13935
13935 13937 13938
13939 13934 13933
13939 13933 13935
13935 13938 13939
13915 13934 13939
13939 13938 13940
13939 13940 13915
13941 13942 13943
13941 13944 13942
13945 13944 13941
13945 13946 13944
13947 13946 13945
13947 13948 13946
13949 13948 13947
13949 13950 13948
13951 13950 13949
13951 13952 13950
13953 13952 13951
13953 13954 13952
13955 13954 13953
13955 13956 13954
13957 13956 13955
13957 13958 13956
13959 13946 13948
13960 13948 13950
13960 13959 13948
13961 13950 13952
13961 13960 13950
13962 13952 13954
13962 13961 13952
13963 13954 13956
13963 13962 13954
13964 13956 13958
13964 13963 13956
13965 13964 13958
13965 13958 13966
13967 13964 13965
13968 13964 13967
13968 13963 13964
13969 13963 13968
13969 13962 13963
13970 13962 13969
13970 13961 13962
13971 13961 13970
13971 13960 13961
13972 13960 13971
13972 13959 13960
13973 13959 13972
13973 13974 13959
13959 13974 13946
13975 13974 13973
13974 13976 13946
13975 13977 13974
13974 13977 13976
13978 13977 13975
13978 13975 13979
13980 13978 13979
13981 13978 13980
13982 13977 13978
13982 13976 13977
13981 13982 13978
13983 13982 13981
13983 13981 13984
13983 13985 13982
13985 13976 13982
13942 13976 13985
13986 13942 13985
13986 13985 13987
13988 13989 13990
13988 13991 13989
13989 13991 13992
13989 13992 13993
13994 13995 13996
13996 13995 13997
13997 13995 13998
13997 13998 13999
14000 14001 14002
14000 14003 14001
14004 14003 14000
14004 14005 14003
14006 14005 14004
14006 14007 14005
14008 14007 14006
14008 14009 14007
14010 14009 14008
14010 14011 14009
14012 14011 14010
14012 14013 14011
14014 14013 14012
14014 14015 14013
14016 14015 14014
14016 14017 14015
14018 14019 14020
14018 14020 14021
14022 14023 14024
14022 14024 14025
14026 14027 14028
14026 14028 14029
14030 14031 14032
14030 14032 14033
14034 14035 14036
14034 14036 14037
14038 14039 14040
14038 14040 14041
14041 14040 14042
14041 14042 14043
14044 14045 14046
14044 14047 14045
14044 14048 14049
14044 14049 14050
14050 14049 14051
14050 14051 14052
14051 14053 14052
14051 14054 14053
14054 14055 14053
14054 14056 14055
14056 14057 14055
14056 14058 14057
14058 14059 14057
14058 14060 14059
14061 14059 14060
14061 14062 14059
14061 14063 14062
14061 14064 14063
14064 14065 14063
14064 14066 14065
14066 14067 14065
14065 14067 14068
14069 14070 14071
14069 14047 14070
14072 14070 14073
14072 14073 14074
14074 14073 14075
14074 14075 14076
14076 14075 14077
14076 14077 14078
14079 14078 14077
14079 14080 14078
14079 14081 14080
14079 14082 14081
14082 14083 14081
14082 14084 14083
14085 14086 14087
14086 14088 14087
14088 14089 14087
14088 14090 14089
14088 14091 14090
14091 14092 14090
14091 14093 14092
14093 14094 14092
14093 14095 14094
14096 14097 14098
14098 14097 14099
14097 14100 14099
14099 14100 14101
14099 14101 14102
14102 14101 14103
14102 14103 14104
14104 14103 14105
14104 14105 14106
14107 14108 14109
14110 14108 14107
14110 14111 14108
14110 14112 14111
14110 14113 14112
14114 14112 14113
14114 14113 14115
14114 14116 14117
14114 14117 14118
14114 14118 14119
14118 14117 14120
14121 14119 14118
14118 14120 14122
14121 14118 14122
14120 14123 14122
14123 14121 14122
14123 14124 14121
14125 14126 14127
14126 14125 14128
14126 14128 14129
14130 14129 14128
14130 14128 14131
14132 14130 14131
14132 14133 14130
14134 14133 14132
14134 14132 14135
14136 14134 14135
14136 14135 14137
14138 14136 14137
14139 14138 14137
14137 14140 14139
14140 14141 14139
14142 14143 14144
14142 14145 14143
14146 14145 14142
14146 14147 14145
14148 14147 14146
14148 14149 14147
14150 14149 14148
14150 14151 14149
14152 14151 14150
14152 14153 14151
14152 14154 14153
14152 14155 14154
14155 14156 14154
14155 14157 14156
14156 14157 14158
14159 14160 14161
14159 14161 14162
14163 14159 14162
14163 14162 14164
14165 14166 14167
14165 14167 14168
14169 14165 14168
14169 14168 14170
14171 14172 14173
14171 14173 14174
14174 14175 14176
14174 14176 14177
14178 14179 14180
14178 14180 14181
14182 14183 14184
14182 14184 14185
14186 14187 14188
14186 14188 14189
14190 14191 14192
14190 14192 14193
14193 14192 14194
14193 14194 14195
14195 14194 14196
14195 14196 14197
14197 14196 14198
14197 14198 14199
14199 14198 14200
14199 14200 14201
14201 14200 14202
14201 14202 14203
14203 14202 14204
14203 14204 14205
14205 14204 14206
14205 14206 14207
14207 14206 14208
14207 14208 14209
14209 14208 14210
14209 14210 14211
14212 14213 14214
14212 14214 14215
14215 14216 14217
14215 14217 14218
14219 14220 14221
14219 14221 14222
14222 14223 14224
14222 14224 14225
14225 14226 14227
14225 14227 14228
14228 14227 14229
14228 14229 14230
14231 14232 14233
14231 14233 14234
14235 14236 14237
14235 14237 14238
14239 14240 14241
14239 14241 14242
14243 14244 14239
14243 14245 14244
14246 14247 14248
14246 14249 14247
14250 14249 14246
14250 14251 14249
14252 14253 14254
14252 14254 14255
14256 14257 14258
14256 14258 14259
14260 14261 14262
14260 14262 14263
14264 14265 14266
14264 14267 14265
14268 14267 14264
14268 14269 14267
14270 14271 14272
14270 14272 14273
14274 14275 14270
14274 14276 14275
14277 14278 14279
14277 14279 14280
14281 14282 14283
14281 14283 14284
14285 14286 14287
14285 14287 14288
14289 14290 14291
14289 14292 14290
14293 14292 14289
14293 14294 14292
14295 14294 14293
14295 14296 14294
14297 14296 14295
14297 14298 14296
14299 14298 14297
14299 14300 14298
14301 14300 14299
14301 14302 14300
14303 14302 14301
14303 14304 14302
14305 14304 14303
14305 14306 14304
14307 14306 14305
14307 14308 14306
14309 14308 14307
14309 14310 14308
14311 14312 14313
14311 14313 14314
14315 14316 14311
14315 14317 14316
14318 14319 14320
14318 14320 14321
14322 14323 14318
14322 14324 14323
14325 14326 14322
14325 14327 14326
14328 14327 14325
14328 14329 14327
14330 14331 14332
14330 14332 14333
14334 14335 14336
14334 14336 14337
14338 14339 14340
14338 14340 14341
14341 14342 14343
14341 14343 14344
14345 14346 14347
14345 14347 14348
14348 14347 14349
14348 14349 14350
14351 14352 14353
14351 14353 14354
14355 14356 14357
14355 14357 14358
14359 14360 14361
14359 14361 14362
14363 14364 14365
14363 14365 14366
14366 14365 14367
14366 14367 14368
14369 14370 14371
14369 14371 14372
14373 14374 14375
14373 14375 14376
14377 14378 14379
14377 14379 14380
14381 14382 14383
14381 14383 14384
14385 14386 14387
14385 14387 14388
14389 14390 14391
14389 14391 14392
14393 14394 14395
14393 14395 14396
14397 14398 14399
14397 14399 14400
14401 14402 14403
14401 14403 14404
14405 14406 14407
14405 14407 14408
14409 12937 12916
14409 12920 12937
