byte offset: 0
first index: 34080
index count: 13884
topology: trianglelist
format: DXGI_FORMAT_R16_UINT

9209 9210 9211
9210 9212 9213
9213 9212 9214
9213 9214 9215
9215 9214 9216
9215 9216 9217
9218 9217 9216
9218 9216 9219
9220 9218 9219
9220 9219 9221
9222 9220 9221
9222 9221 9223
9224 9222 9223
9225 9222 9224
9226 9227 9228
9229 9230 9228
9230 9231 9228
9232 9230 9229
9230 9233 9231
9232 9234 9230
9234 9232 9235
9236 9233 9230
9233 9236 9237
9230 9234 9238
9230 9238 9236
9234 9235 9239
9234 9239 9240
9234 9240 9238
9241 9239 9235
9239 9241 9240
9241 9235 9242
9242 9243 9241
9242 9244 9243
9245 9243 9244
9237 9236 9246
9247 9236 9238
9247 9246 9236
9248 9237 9246
9248 9249 9237
9250 9248 9246
9250 9246 9247
9247 9251 9250
9238 9252 9247
9252 9251 9247
9253 9251 9252
9254 9253 9252
9238 9240 9252
9254 9252 9255
9255 9252 9240
9255 9240 9256
9240 9241 9256
9241 9257 9256
9241 9243 9257
9258 9256 9257
9258 9255 9256
9259 9255 9258
9259 9258 9260
9260 9258 9261
9260 9261 9262
9263 9262 9261
9264 9262 9263
9261 9258 9265
9266 9264 9263
9261 9265 9267
9265 9243 9267
9263 9261 9267
9266 9263 9268
9269 9266 9268
9267 9243 9270
9245 9270 9243
9245 9271 9270
9271 9267 9270
9245 9272 9271
9263 9267 9273
9273 9267 9271
9274 9263 9273
9268 9263 9274
9271 9274 9273
9269 9268 9275
9274 9275 9268
9271 9276 9274
9277 9276 9271
9277 9278 9276
9269 9275 9279
9269 9279 9280
9274 9281 9275
9276 9281 9274
9281 9279 9275
9282 9280 9279
9282 9283 9280
9276 9284 9281
9285 9284 9276
9285 9286 9284
9281 9287 9279
9287 9282 9279
9281 9284 9288
9281 9288 9287
9289 9288 9284
9289 9290 9288
9291 9288 9290
9291 9292 9288
9292 9287 9288
9292 9291 9293
9292 9293 9294
9292 9295 9287
9287 9295 9282
9295 9292 9294
9296 9282 9295
9282 9296 9283
9283 9296 9297
9296 9298 9297
9295 9294 9299
9296 9295 9299
9300 9298 9296
9299 9300 9296
9301 9298 9300
9299 9294 9302
9302 9294 9303
9302 9303 9304
9301 9300 9305
9305 9306 9301
9299 9307 9300
9299 9302 9307
9307 9305 9300
9308 9302 9304
9308 9304 9309
9302 9310 9307
9307 9310 9305
9302 9308 9310
9305 9311 9306
9310 9311 9305
9309 9312 9308
9309 9313 9312
9308 9314 9310
9310 9314 9311
9314 9308 9312
9315 9306 9311
9314 9315 9311
9315 9316 9306
9313 9317 9312
9313 9318 9317
9314 9312 9319
9314 9319 9315
9319 9312 9317
9320 9316 9315
9320 9315 9319
9320 9321 9316
9321 9320 9322
9321 9322 9323
9322 9324 9323
9325 9324 9322
9322 9326 9325
9320 9319 9327
9319 9317 9327
9327 9322 9320
9328 9317 9318
9327 9317 9328
9328 9318 9329
9330 9326 9322
9327 9330 9322
9327 9328 9330
9330 9331 9326
9330 9328 9331
9329 9331 9328
9332 9331 9329
9333 9334 9335
9336 9337 9335
9336 9335 9338
9335 9339 9338
9340 9341 9336
9340 9342 9341
9343 9344 9340
9339 9345 9346
9339 9346 9347
9347 9346 9348
9347 9348 9349
9348 9350 9349
9351 9352 9342
9353 9352 9351
9354 9352 9353
9354 9355 9352
9356 9355 9354
9356 9357 9355
9358 9359 9360
9361 9362 9359
9363 9362 9361
9361 9364 9363
9361 9365 9364
9365 9366 9364
9366 9367 9368
9369 9370 9366
9371 9372 9373
9374 9372 9375
9374 9376 9372
9372 9376 9377
9378 9372 9377
9378 9379 9372
9379 9380 9372
9372 9380 9381
9378 9382 9383
9384 9383 9382
9385 9383 9384
9386 9383 9385
9386 9387 9383
9383 9387 9388
9378 9383 9389
9389 9383 9390
9378 9391 9392
9378 9392 9393
9394 9392 9391
9392 9395 9393
9394 9396 9392
9395 9392 9397
9392 9396 9398
9397 9392 9398
9399 9400 9401
9399 9401 9402
9402 9401 9403
9402 9403 9404
9405 9406 9407
9405 9407 9408
9409 9405 9408
9408 9407 9410
9409 9408 9411
9412 9409 9411
9408 9410 9413
9411 9408 9413
9414 9413 9410
9415 9413 9414
9416 9415 9414
9412 9411 9417
9418 9412 9417
9411 9413 9419
9415 9419 9413
9420 9417 9411
9420 9411 9419
9420 9418 9417
9416 9421 9415
9422 9421 9416
9415 9423 9419
9423 9420 9419
9421 9423 9415
9421 9422 9424
9424 9422 9425
9424 9425 9426
9426 9425 9427
9426 9427 9428
9426 9428 9429
9430 9426 9429
9426 9430 9424
9430 9429 9431
9432 9430 9431
9433 9421 9424
9424 9430 9433
9421 9434 9423
9433 9434 9421
9430 9435 9433
9435 9434 9433
9430 9436 9435
9437 9435 9436
9434 9438 9423
9423 9438 9420
9435 9439 9434
9437 9439 9435
9434 9439 9438
9440 9420 9438
9420 9440 9418
9441 9418 9440
9441 9442 9418
9442 9441 9443
9444 9443 9441
9445 9444 9441
9441 9446 9445
9447 9438 9439
9447 9439 9437
9440 9438 9447
9448 9441 9440
9448 9440 9447
9437 9448 9447
9448 9446 9441
9448 9437 9449
9450 9446 9448
9449 9450 9448
9451 9446 9450
9451 9450 9452
9450 9449 9453
9450 9453 9452
9453 9454 9452
9453 9455 9454
9456 9454 9455
9456 9455 9457
9458 9459 9460
9458 9460 9461
9462 9458 9461
9462 9461 9463
9464 9461 9460
9463 9461 9464
9464 9460 9465
9463 9464 9466
9464 9465 9467
9468 9466 9464
9468 9464 9467
9469 9466 9468
9470 9468 9467
9471 9469 9468
9470 9471 9468
9471 9472 9469
9473 9472 9471
9470 9474 9471
9474 9473 9471
9473 9475 9472
9476 9473 9474
9473 9476 9477
9478 9475 9473
9479 9473 9477
9478 9473 9479
9479 9477 9480
9479 9480 9481
9479 9482 9478
9482 9479 9481
9483 9482 9481
9482 9483 9484
9478 9482 9485
9482 9484 9486
9485 9482 9486
9485 9486 9487
9488 9489 9490
9488 9490 9491
9492 9491 9490
9493 9488 9491
9492 9494 9491
9495 9494 9492
9495 9496 9494
9493 9491 9497
9494 9497 9491
9498 9493 9497
9498 9499 9493
9494 9500 9497
9496 9500 9494
9500 9498 9497
9501 9499 9498
9501 9502 9499
9501 9503 9502
9503 9501 9504
9504 9505 9503
9496 9506 9500
9500 9507 9498
9506 9507 9500
9498 9508 9501
9498 9507 9508
9501 9509 9504
9509 9501 9508
9506 9496 9510
9496 9511 9510
9510 9511 9512
9506 9513 9507
9513 9508 9507
9514 9510 9512
9514 9512 9515
9516 9514 9515
9506 9510 9517
9513 9506 9517
9510 9514 9518
9510 9518 9517
9516 9519 9514
9519 9518 9514
9517 9518 9520
9513 9517 9520
9516 9521 9519
9516 9522 9521
9522 9523 9521
9519 9524 9518
9524 9519 9521
9524 9520 9518
9524 9521 9525
9526 9524 9525
9526 9527 9524
9524 9527 9520
9528 9527 9526
9529 9513 9520
9527 9529 9520
9528 9530 9527
9527 9530 9529
9529 9531 9513
9513 9531 9508
9528 9532 9530
9528 9533 9532
9534 9529 9530
9534 9531 9529
9534 9530 9532
9535 9508 9531
9531 9534 9535
9508 9535 9509
9536 9532 9533
9536 9533 9537
9538 9534 9532
9538 9535 9534
9538 9532 9536
9539 9509 9535
9535 9538 9539
9537 9540 9536
9541 9540 9537
9509 9539 9542
9542 9504 9509
9538 9543 9539
9543 9542 9539
9536 9544 9538
9540 9544 9536
9538 9544 9543
9540 9541 9545
9545 9544 9540
9504 9542 9546
9505 9504 9546
9543 9547 9542
9542 9547 9546
9548 9505 9546
9546 9547 9548
9548 9549 9505
9544 9550 9543
9550 9547 9543
9541 9551 9545
9541 9552 9551
9544 9545 9553
9544 9553 9550
9545 9554 9553
9545 9551 9554
9554 9550 9553
9552 9555 9551
9552 9556 9555
9551 9555 9557
9551 9557 9554
9554 9557 9558
9550 9559 9547
9547 9559 9548
9554 9560 9550
9554 9558 9560
9560 9559 9550
9558 9561 9560
9560 9561 9559
9548 9559 9561
9558 9562 9561
9561 9562 9563
9548 9561 9564
9561 9563 9564
9564 9549 9548
9563 9565 9564
9564 9565 9549
9566 9567 9568
9566 9568 9569
9570 9566 9569
9568 9571 9569
9570 9569 9572
9573 9569 9571
9574 9569 9573
9575 9569 9574
9569 9576 9572
9575 9576 9569
9574 9573 9577
9578 9576 9575
9578 9579 9576
9577 9580 9574
9574 9580 9581
9574 9581 9582
9574 9582 9583
9575 9574 9583
9583 9582 9584
9584 9585 9583
9583 9585 9586
9583 9586 9575
9587 9575 9586
9588 9575 9587
9578 9575 9588
9589 9578 9588
9578 9589 9590
9578 9590 9591
9578 9591 9592
9593 9578 9592
9594 9578 9593
9595 9596 9597
9595 9598 9596
9596 9598 9599
9598 9600 9599
9600 9601 9599
9602 9601 9600
9602 9603 9601
9604 9599 9601
9604 9605 9599
9606 9601 9603
9606 9604 9601
9606 9603 9607
9608 9606 9607
9604 9606 9608
9608 9607 9609
9610 9608 9609
9611 9605 9604
9604 9608 9612
9611 9604 9612
9610 9613 9608
9613 9612 9608
9614 9613 9610
9614 9610 9615
9615 9616 9614
9613 9617 9612
9617 9611 9612
9614 9617 9613
9618 9605 9611
9619 9605 9618
9618 9620 9619
9614 9621 9617
9617 9622 9611
9617 9621 9622
9611 9623 9618
9623 9611 9622
9620 9618 9624
9624 9618 9623
9614 9616 9625
9625 9621 9614
9624 9626 9620
9620 9626 9627
9626 9628 9627
9622 9629 9623
9622 9621 9630
9629 9622 9630
9623 9631 9624
9631 9623 9629
9625 9616 9632
9621 9625 9633
9633 9625 9632
9634 9632 9616
9634 9616 9635
9636 9632 9634
9636 9633 9632
9637 9633 9636
9638 9621 9633
9637 9638 9633
9638 9630 9621
9638 9637 9639
9630 9638 9640
9638 9639 9641
9642 9641 9639
9630 9640 9643
9642 9644 9641
9643 9641 9644
9630 9643 9629
9645 9629 9643
9629 9645 9631
9643 9644 9646
9643 9646 9645
9647 9646 9644
9648 9645 9646
9647 9648 9646
9649 9647 9644
9650 9649 9644
9650 9651 9649
9651 9652 9649
9652 9647 9649
9651 9653 9652
9653 9654 9652
9655 9647 9652
9655 9648 9647
9652 9654 9656
9656 9655 9652
9654 9657 9656
9657 9654 9658
9656 9657 9659
9659 9660 9656
9660 9655 9656
9659 9661 9660
9655 9662 9648
9660 9662 9655
9661 9663 9660
9660 9663 9662
9661 9664 9663
9663 9664 9665
9666 9648 9662
9648 9666 9645
9667 9663 9665
9668 9667 9665
9669 9662 9663
9666 9662 9669
9669 9663 9667
9645 9666 9670
9670 9666 9669
9645 9670 9631
9667 9668 9671
9669 9667 9671
9668 9672 9671
9671 9672 9673
9631 9670 9674
9631 9674 9624
9670 9669 9675
9669 9671 9675
9674 9670 9675
9671 9673 9676
9675 9671 9676
9676 9673 9677
9675 9676 9678
9674 9675 9678
9676 9677 9679
9678 9676 9679
9679 9677 9680
9624 9674 9681
9624 9681 9626
9674 9678 9682
9678 9679 9682
9674 9682 9681
9679 9680 9683
9682 9679 9683
9680 9684 9683
9685 9683 9684
9685 9686 9683
9626 9681 9687
9687 9681 9682
9688 9626 9687
9689 9688 9687
9686 9689 9690
9686 9690 9683
9682 9683 9690
9687 9682 9690
9689 9687 9690
9691 9692 9693
9691 9693 9694
9695 9691 9694
9695 9694 9696
9696 9694 9697
9698 9694 9693
9697 9694 9698
9698 9693 9699
9698 9700 9697
9701 9698 9699
9702 9700 9698
9701 9702 9698
9703 9700 9702
9704 9702 9701
9705 9703 9702
9704 9705 9702
9706 9703 9705
9707 9705 9704
9708 9706 9705
9707 9708 9705
9708 9709 9706
9710 9708 9707
9711 9709 9708
9710 9711 9708
9712 9709 9711
9713 9711 9710
9713 9712 9711
9714 9712 9713
9713 9710 9715
9713 9716 9714
9717 9713 9715
9717 9716 9713
9717 9715 9718
9716 9717 9719
9719 9717 9718
9716 9719 9720
9719 9718 9721
9719 9722 9720
9720 9722 9723
9723 9722 9724
9725 9719 9721
9719 9725 9722
9725 9721 9726
9724 9722 9727
9725 9727 9722
9724 9727 9728
9726 9729 9725
9725 9729 9727
9726 9730 9729
9728 9727 9731
9727 9729 9731
9731 9732 9728
9733 9732 9731
9733 9731 9734
9729 9735 9731
9731 9735 9734
9730 9736 9737
9738 9737 9735
9730 9737 9738
9739 9740 9741
9739 9742 9740
9742 9739 9743
9742 9744 9740
9742 9743 9745
9745 9743 9746
9745 9746 9747
9742 9748 9744
9748 9742 9745
9748 9749 9744
9750 9745 9747
9748 9745 9750
9749 9748 9750
9750 9747 9751
9749 9750 9751
9752 9753 9754
9752 9755 9753
9755 9756 9753
9755 9752 9757
9755 9758 9756
9758 9759 9756
9759 9758 9760
9760 9758 9755
9759 9760 9761
9760 9762 9761
9755 9757 9763
9760 9755 9763
9760 9764 9762
9764 9760 9763
9765 9762 9764
9757 9766 9763
9764 9763 9766
9757 9767 9766
9768 9766 9767
9768 9769 9766
9769 9764 9766
9770 9769 9768
9765 9764 9771
9769 9771 9764
9770 9772 9769
9772 9771 9769
9772 9770 9773
9774 9765 9771
9772 9774 9771
9775 9765 9774
9772 9773 9776
9774 9772 9776
9776 9773 9777
9776 9777 9778
9779 9776 9778
9775 9774 9780
9774 9776 9780
9779 9780 9776
9781 9775 9780
9781 9780 9779
9782 9783 9784
9782 9785 9783
9786 9785 9782
9787 9783 9785
9788 9783 9787
9787 9789 9788
9790 9789 9787
9786 9791 9785
9791 9787 9785
9791 9786 9792
9791 9792 9793
9794 9790 9787
9791 9794 9787
9794 9791 9793
9794 9795 9790
9794 9793 9796
9796 9795 9794
9797 9795 9796
9798 9799 9800
9799 9798 9801
9799 9801 9802
9801 9803 9802
9799 9802 9804
9804 9802 9805
9803 9805 9802
9806 9803 9801
9807 9805 9803
9803 9806 9808
9809 9807 9803
9803 9808 9810
9809 9803 9810
9811 9810 9808
9811 9808 9812
9813 9811 9812
9814 9809 9810
9814 9810 9811
9814 9815 9809
9813 9816 9811
9816 9814 9811
9816 9813 9817
9816 9817 9818
9819 9815 9814
9816 9819 9814
9816 9818 9819
9819 9820 9815
9819 9818 9821
9822 9820 9819
9822 9819 9821
9821 9823 9822
9824 9825 9826
9824 9827 9825
9824 9828 9827
9827 9828 9829
9829 9828 9830
9831 9827 9829
9831 9832 9827
9831 9833 9832
9831 9834 9833
9830 9835 9829
9829 9835 9831
9830 9836 9835
9836 9837 9835
9831 9838 9834
9831 9835 9838
9835 9837 9839
9835 9839 9838
9840 9839 9837
9834 9838 9841
9838 9839 9841
9834 9841 9842
9841 9843 9842
9839 9844 9841
9845 9839 9840
9845 9846 9839
9841 9846 9847
9847 9846 9848
9847 9848 9849
9850 9845 9840
9840 9851 9850
9850 9851 9852
9850 9852 9853
9850 9853 9845
9853 9852 9854
9846 9845 9855
9845 9853 9855
9846 9855 9848
9853 9854 9856
9853 9856 9855
9856 9854 9857
9856 9857 9858
9855 9856 9859
9859 9856 9858
9848 9855 9859
9859 9858 9860
9848 9859 9861
9861 9859 9860
9862 9848 9861
9862 9861 9863
9861 9860 9864
9865 9861 9864
9865 9864 9866
9867 9868 9869
9867 9870 9868
9871 9870 9867
9870 9872 9868
9871 9873 9870
9870 9874 9872
9873 9874 9870
9874 9875 9872
9873 9876 9874
9876 9875 9874
9877 9878 9879
9880 9877 9879
9881 9877 9880
9877 9881 9882
9881 9883 9882
9882 9884 9877
9883 9885 9882
9886 9884 9882
9885 9886 9882
9886 9887 9884
9887 9888 9884
9885 9889 9886
9886 9889 9887
9890 9889 9885
9890 9891 9889
9889 9891 9887
9890 9892 9891
9887 9893 9888
9887 9891 9893
9888 9893 9894
9893 9895 9894
9893 9891 9895
9891 9896 9895
9891 9897 9896
9898 9899 9900
9898 9901 9899
9898 9902 9901
9898 9903 9902
9904 9902 9903
9904 9903 9905
9902 9906 9901
9904 9906 9902
9901 9907 9899
9901 9906 9907
9899 9907 9908
9909 9899 9908
9909 9908 9910
9904 9905 9911
9904 9912 9906
9904 9911 9912
9906 9912 9913
9906 9913 9914
9915 9914 9913
9913 9916 9915
9915 9916 9917
9918 9915 9917
9915 9919 9914
9920 9915 9918
9919 9915 9921
9921 9915 9920
9919 9921 9922
9921 9920 9923
9921 9924 9922
9922 9924 9925
9926 9924 9921
9926 9921 9923
9923 9927 9926
9911 9928 9929
9911 9930 9928
9931 9905 9930
9932 9928 9933
9934 9931 9932
9932 9933 9935
9934 9932 9935
9935 9933 9936
9934 9935 9937
9935 9936 9937
9938 9939 9940
9938 9941 9939
9942 9941 9938
9942 9943 9941
9944 9943 9942
9944 9945 9943
9944 9946 9945
9947 9946 9944
9948 9949 9950
9951 9948 9950
9951 9950 9952
9953 9951 9952
9953 9952 9954
9955 9953 9954
9955 9954 9956
9957 9955 9956
9957 9956 9958
9959 9955 9957
9959 9960 9955
9960 9953 9955
9961 9960 9959
9962 9960 9961
9951 9953 9963
9963 9953 9960
9962 9964 9960
9964 9963 9960
9965 9964 9962
9951 9963 9966
9967 9951 9966
9967 9966 9968
9969 9963 9964
9969 9966 9963
9965 9970 9964
9970 9969 9964
9969 9971 9966
9971 9972 9966
9971 9973 9972
9971 9969 9974
9974 9969 9970
9975 9970 9965
9975 9965 9976
9970 9975 9977
9970 9977 9974
9978 9975 9976
9978 9977 9975
9978 9976 9979
9971 9974 9980
9981 9971 9980
9981 9980 9982
9974 9983 9980
9983 9982 9980
9974 9977 9983
9983 9984 9982
9984 9983 9985
9977 9985 9983
9984 9985 9986
9985 9987 9986
9988 9985 9977
9988 9977 9978
9985 9989 9987
9988 9989 9985
9989 9990 9987
9978 9979 9991
9991 9979 9992
9993 9988 9978
9988 9993 9989
9993 9978 9991
9989 9994 9990
9993 9994 9989
9995 9990 9994
9995 9996 9990
9993 9997 9994
9991 9997 9993
9997 9998 9994
9991 9992 9999
9991 9999 9997
9999 9992 10000
9996 9998 10001
9996 10001 10002
9997 10003 9998
9999 10003 9997
9998 10003 10001
10004 9999 10000
9999 10004 10003
10004 10000 10005
10005 10006 10004
10007 10003 10004
10004 10006 10007
10001 10003 10008
10008 10003 10007
10006 10009 10007
10006 10010 10009
10011 10009 10010
10007 10012 10008
10007 10009 10012
10008 10013 10001
10008 10012 10013
10001 10013 10014
10001 10014 10015
10009 10016 10012
10016 10017 10012
10011 10018 10009
10009 10018 10016
10016 10019 10017
10020 10017 10019
10020 10021 10017
10018 10011 10022
10022 10011 10023
10018 10024 10016
10018 10022 10024
10025 10016 10024
10023 10026 10022
10027 10026 10023
10028 10026 10027
10029 10024 10022
10029 10022 10026
10025 10024 10030
10030 10024 10029
10028 10031 10026
10032 10031 10028
10032 10033 10031
10031 10033 10034
10026 10031 10035
10035 10031 10034
10026 10035 10029
10036 10035 10034
10037 10025 10030
10037 10038 10025
10030 10029 10039
10039 10037 10030
10035 10039 10029
10039 10040 10037
10036 10041 10035
10035 10041 10039
10041 10040 10039
10036 10042 10041
10041 10043 10040
10042 10043 10041
10042 10044 10043
10045 10046 10047
10047 10046 10048
10047 10048 10049
10047 10049 10050
10051 10052 10053
10053 10052 10054
10053 10054 10055
10056 10054 10052
10057 10055 10054
10056 10058 10054
10056 10059 10058
10057 10054 10060
10060 10054 10058
10061 10057 10060
10059 10062 10058
10059 10063 10062
10064 10062 10063
10060 10058 10065
10065 10058 10062
10066 10061 10060
10066 10060 10065
10067 10062 10064
10068 10067 10064
10065 10062 10069
10066 10065 10069
10069 10062 10067
10066 10069 10070
10071 10061 10066
10071 10066 10070
10070 10072 10071
10071 10073 10061
10073 10071 10072
10073 10072 10074
10075 10074 10072
10068 10076 10067
10077 10076 10068
10077 10078 10076
10069 10067 10079
10069 10079 10070
10079 10067 10076
10076 10078 10080
10081 10080 10078
10079 10076 10082
10082 10070 10079
10082 10076 10080
10083 10070 10082
10084 10080 10081
10085 10084 10081
10085 10086 10084
10082 10080 10087
10080 10084 10087
10082 10087 10083
10084 10086 10088
10084 10089 10087
10089 10083 10087
10088 10086 10090
10088 10090 10091
10091 10090 10092
10092 10093 10091
10093 10094 10091
10093 10095 10094
10095 10096 10094
10097 10096 10095
10098 10096 10097
10098 10099 10096
10100 10099 10098
10100 10101 10099
10100 10102 10101
10103 10101 10102
10103 10104 10101
10105 10103 10102
10106 10107 10108
10106 10109 10107
10109 10110 10107
10111 10109 10106
10109 10112 10110
10112 10113 10110
10114 10109 10111
10114 10112 10109
10112 10115 10113
10114 10115 10112
10114 10116 10115
10115 10117 10113
10118 10114 10111
10118 10116 10114
10118 10111 10075
10075 10072 10118
10116 10118 10072
10115 10119 10117
10115 10116 10119
10119 10120 10117
10119 10121 10120
10121 10119 10116
10121 10122 10120
10116 10072 10123
10070 10123 10072
10123 10070 10083
10123 10083 10116
10116 10083 10121
10121 10124 10122
10121 10083 10124
10089 10124 10083
10122 10124 10125
10125 10124 10126
10127 10128 10129
10127 10129 10130
10127 10130 10131
10131 10130 10132
10131 10132 10133
10132 10134 10133
10134 10135 10133
10136 10135 10134
10137 10135 10136
10137 10136 10138
10137 10138 10139
10137 10139 10140
10140 10139 10141
10140 10141 10142
10143 10144 10142
10142 10144 10145
10146 10147 10148
10149 10147 10146
10149 10146 10150
10151 10149 10150
10151 10150 10152
10151 10152 10153
10153 10152 10154
10155 10153 10154
10155 10156 10153
10156 10155 10127
10157 10158 10159
10159 10158 10160
10160 10158 10161
10162 10159 10160
10162 10163 10159
10162 10164 10163
10163 10164 10165
10165 10164 10166
10166 10164 10167
10168 10167 10164
10160 10161 10169
10170 10169 10161
10171 10162 10160
10171 10164 10162
10171 10160 10169
10168 10164 10172
10171 10172 10164
10172 10173 10168
10170 10174 10169
10175 10174 10170
10175 10176 10174
10177 10174 10176
10178 10171 10169
10178 10169 10174
10172 10171 10178
10177 10178 10174
10172 10179 10173
10172 10178 10179
10177 10179 10178
10179 10180 10173
10177 10181 10179
10179 10181 10180
10182 10183 10184
10182 10185 10183
10185 10186 10183
10185 10187 10186
10187 9432 10186
10188 10189 10190
10190 10189 10191
10190 10191 10192
10192 10191 10193
10192 10193 10194
10194 10193 10195
10194 10195 10196
10197 10198 10199
10200 10199 10198
10200 10201 10199
10202 10201 10200
10202 10203 10201
10204 10203 10202
10204 10205 10203
10206 10207 10208
10206 10209 10207
10207 10209 10210
10210 10209 10211
10212 10209 10206
10211 10209 10212
10212 10206 10213
10211 10212 10214
10211 10214 10215
10210 10211 10216
10210 10216 10217
10211 10215 10218
10218 10215 10219
10220 10218 10219
10221 10218 10220
10218 10221 10222
10211 10218 10223
10223 10218 10222
10211 10223 10216
10223 10222 10224
10225 10223 10224
10225 10226 10223
10226 10227 10223
10227 10228 10223
10223 10228 10229
10223 10229 10216
10228 10230 10229
10229 10230 10231
10231 10230 10232
10229 10231 10233
10216 10229 10233
10216 10233 10234
10217 10216 10234
10217 10234 10235
10236 10237 10238
10236 10239 10237
10240 10239 10236
10240 10236 10241
10242 10240 10241
10239 10243 10237
10237 10243 10244
10245 10239 10240
10245 10243 10239
10240 10246 10245
10242 10247 10240
10240 10247 10246
10242 10248 10247
10248 10246 10247
10242 10249 10248
10248 10249 10250
10243 10251 10244
10244 10251 10252
10253 10252 10251
10253 10251 10254
10254 10251 10255
10255 10251 10243
10255 10256 10254
10257 10256 10255
10243 10258 10255
10258 10257 10255
10259 10257 10258
10245 10258 10243
10259 10258 10260
10260 10258 10245
10245 10261 10260
10261 10262 10260
10262 10261 10263
10264 10263 10261
10245 10246 10261
10264 10261 10265
10261 10246 10265
10265 10266 10264
10265 10267 10266
10267 10265 10268
10268 10265 10246
10267 10268 10269
10270 10269 10268
10268 10271 10270
10272 10268 10246
10272 10271 10268
10248 10272 10246
10271 10272 10273
10274 10271 10273
10274 10273 10275
10272 10248 10276
10248 10250 10276
10272 10277 10273
10272 10276 10277
10273 10278 10275
10277 10278 10273
10278 10279 10275
10280 10279 10278
10276 10250 10281
10277 10276 10281
10281 10250 10282
10277 10281 10283
10280 10278 10284
10278 10277 10284
10277 10283 10284
10285 10280 10284
10283 10286 10284
10285 10284 10286
10287 10288 10289
10287 10289 10290
10290 10289 10291
10290 10291 10292
10293 10294 10295
10293 10296 10294
10297 10294 10296
10297 10296 10298
10297 10298 10299
10297 10299 10300
10300 10299 10301
10300 10301 10302
10299 10303 10301
10299 10298 10303
10298 10304 10303
10298 10296 10304
10305 10304 10296
10305 10296 10306
10307 10308 10309
10307 10310 10308
10310 10311 10308
10312 10311 10310
10310 10307 10313
10310 10313 10312
10313 10307 10314
10312 10315 10316
10316 10315 10314
10312 10316 10317
10316 10314 10318
10317 10316 10318
10317 10318 10319
10320 10321 10322
10320 10323 10321
10324 10323 10320
10324 10325 10323
10323 10325 10326
10323 10326 10327
10321 10323 10327
10321 10327 10328
10329 10321 10328
10328 10330 10329
10329 10330 10331
10329 10331 10332
10333 10321 10334
10333 10334 10332
10335 10336 10337
10335 10338 10336
10336 10338 10339
10340 10338 10335
10341 10339 10338
10340 10341 10338
10342 10341 10340
10343 10339 10341
10343 10341 10342
10342 10340 10344
10345 10342 10344
10346 10342 10345
10342 10347 10343
10346 10348 10342
10342 10348 10347
10349 10348 10346
10347 10348 10350
10349 10350 10348
10350 10351 10347
10352 10350 10349
10352 10351 10350
10353 10354 10355
10353 10356 10354
10356 10357 10354
10356 10358 10357
10359 10360 10361
10361 10360 10362
10363 10362 10360
10362 10364 10361
10363 10360 10365
10365 10366 10363
10365 10367 10366
10365 10360 10368
10368 10367 10365
10368 10361 10369
10361 10364 10369
10368 10369 10370
10364 10371 10369
10364 10372 10371
10369 10371 10373
10374 10375 10376
10374 10376 10377
10378 10377 10376
10378 10379 10377
10378 10380 10379
10378 10381 10380
10381 10382 10380
10381 10383 10382
10380 10382 10384
10380 10384 10379
10379 10384 10385
10379 10385 10377
10386 10377 10385
10386 10387 10377
10388 10389 10390
10388 10390 10391
10390 10392 10391
10393 10388 10391
10394 10391 10392
10393 10391 10394
10395 10393 10394
10396 10394 10392
10396 10395 10394
10395 10397 10393
10398 10397 10395
10399 10398 10395
10395 10396 10400
10399 10395 10401
10395 10400 10401
10402 10399 10401
10400 10403 10401
10402 10401 10403
10403 10400 10404
10405 10402 10403
10405 10403 10404
10406 10407 10408
10406 10409 10407
10410 10409 10406
10406 10411 10410
10406 10412 10411
10413 10412 10406
10414 10412 10413
10414 10413 10415
10415 10413 10416
10416 10413 10417
10413 10418 10417
10419 10418 10413
10420 10418 10419
10419 10413 10421
10419 10422 10420
10419 10421 10423
10421 10424 10423
10425 10422 10419
10425 10426 10422
10427 10426 10425
10427 10428 10426
10427 10429 10428
10427 10430 10429
10431 10425 10419
10431 10419 10432
10419 10423 10432
10431 10432 10433
10431 10433 10434
10435 10434 10433
10423 10424 10436
10436 10424 10437
10438 10432 10423
10432 10438 10433
10439 10438 10423
10439 10423 10436
10433 10438 10440
10441 10439 10436
10436 10437 10442
10442 10437 10443
10442 10443 10444
10444 10443 10445
10441 10436 10446
10446 10447 10441
10441 10447 10448
10449 10441 10448
10450 10433 10440
10450 10440 10451
10435 10433 10450
10452 10450 10451
10435 10450 10452
10452 10451 10453
10435 10452 10454
10455 10452 10453
10454 10452 10455
10455 10453 10456
10454 10455 10457
10455 10456 10458
10457 10455 10459
10455 10458 10459
10457 10459 10460
10461 10460 10459
10462 10459 10458
10461 10459 10462
10462 10458 10463
10464 10461 10462
10462 10463 10465
10464 10462 10466
10462 10465 10466
10467 10464 10466
10468 10466 10465
10467 10466 10468
10468 10465 10469
10468 10469 10470
10467 10468 10471
10468 10470 10471
10467 10471 10472
10473 10472 10471
10474 10471 10470
10473 10471 10474
10474 10470 10475
10476 10473 10474
10474 10475 10476
10477 10473 10476
10476 10475 10478
10477 10476 10479
10478 10479 10476
10477 10479 10480
10480 10479 10481
10478 10482 10479
10482 10481 10479
10480 10481 10483
10482 10484 10481
10485 10483 10481
10486 10481 10484
10485 10481 10487
10486 10487 10481
10488 10485 10487
10489 10487 10486
10488 10487 10490
10489 10490 10487
10491 10492 10493
10494 10492 10491
10494 10495 10492
10495 10494 10496
10496 10494 10497
10498 10496 10497
10498 10499 10496
10500 10499 10498
10501 10500 10498
10502 10501 10498
10498 10503 10502
10504 10503 10498
10505 10503 10504
10506 10505 10504
10507 10506 10504
10504 10508 10507
10508 10504 10509
10508 10509 10510
10511 10510 10512
10513 10511 10509
10514 10513 10509
10515 10514 10509
10516 10514 10515
10515 10517 10516
10518 10517 10515
10518 10515 10519
10519 10515 10520
10521 10519 10520
10522 10521 10523
10524 10522 10523
10525 10524 10520
10526 10524 10525
10527 10526 10525
10528 10527 10525
10525 10529 10528
10530 10529 10525
10529 10530 10531
10531 10530 10532
10532 10530 10533
10530 10534 10533
10533 10534 10535
10534 10536 10535
10537 10536 10534
10537 10538 10536
10539 10540 10538
10537 10541 10540
10537 10542 10541
10537 10543 10542
10542 10543 10544
10545 10546 10547
10548 10546 10545
10549 10546 10548
10550 10546 10549
10549 10551 10550
10552 10549 10548
10552 10548 10553
10553 10554 10545
10555 10551 10549
10555 10556 10551
10552 10557 10549
10549 10557 10555
10558 10556 10555
10555 10557 10558
10556 10558 10559
10558 10560 10559
10561 10560 10558
10558 10557 10561
10562 10560 10561
10563 10557 10552
10564 10563 10552
10565 10563 10564
10562 10561 10566
10567 10562 10566
10568 10561 10557
10568 10557 10563
10566 10561 10568
10563 10565 10569
10569 10568 10563
10565 10570 10569
10571 10569 10570
10572 10567 10566
10568 10572 10566
10572 10568 10573
10574 10567 10572
10575 10572 10573
10575 10574 10572
10576 10574 10575
10575 10577 10576
10571 10578 10569
10579 10578 10571
10569 10580 10575
10580 10577 10575
10578 10580 10569
10581 10577 10580
10578 10581 10580
10581 10582 10577
10581 10583 10582
10579 10584 10578
10584 10581 10578
10581 10584 10583
10585 10584 10579
10583 10584 10585
10586 10587 10588
10589 10586 10588
10589 10588 10590
10590 10591 10589
10591 10592 10589
10593 10592 10591
10593 10591 10594
10595 10593 10594
10596 10593 10595
10597 10593 10596
10593 10597 10598
10599 10593 10598
10600 10599 10598
10601 10599 10600
10602 10599 10601
10599 10602 10603
10603 10604 10599
10603 10605 10604
10606 10607 10605
10608 10604 10606
10609 10604 10608
10610 10604 10609
10611 10610 10609
10610 10611 10612
10613 10610 10612
10613 10614 10610
10614 10615 10610
10616 10615 10614
10617 10618 10616
10619 10618 10617
10620 10615 10619
10621 10620 10619
10622 10620 10621
10623 10620 10622
10620 10623 10624
10625 10620 10624
10624 10626 10625
10626 10627 10625
10627 10628 10625
10625 10628 10629
10628 10630 10629
10629 10630 10631
10632 10629 10631
10632 10631 10633
10634 10633 10635
10632 10635 10636
10632 10636 10637
10632 10637 10638
10637 10639 10638
10640 10641 10642
10643 10640 10642
10644 10643 10642
10645 10644 10642
10644 10645 10646
10647 10643 10644
10647 10648 10643
10648 10640 10649
10650 10644 10646
10650 10646 10651
10647 10644 10652
10644 10650 10652
10653 10650 10651
10650 10653 10652
10651 10654 10653
10653 10654 10655
10656 10653 10655
10653 10656 10652
10657 10656 10655
10658 10647 10652
10659 10647 10658
10660 10659 10658
10657 10661 10656
10662 10661 10657
10663 10652 10656
10663 10658 10652
10661 10663 10656
10658 10664 10660
10664 10658 10663
10664 10665 10660
10666 10665 10664
10667 10661 10662
10663 10661 10667
10667 10668 10663
10669 10667 10662
10670 10668 10667
10670 10667 10669
10671 10670 10669
10670 10671 10672
10666 10664 10673
10674 10666 10673
10664 10670 10675
10675 10670 10672
10673 10664 10675
10676 10675 10672
10673 10675 10676
10676 10672 10677
10676 10677 10678
10674 10673 10679
10679 10673 10676
10676 10678 10679
10680 10674 10679
10678 10680 10679
10681 10682 10683
10681 10684 10682
10684 10685 10682
10682 10685 10686
10687 10682 10686
10686 10688 10687
10689 10682 10687
10690 10682 10689
10690 10691 10682
10690 10692 10691
10693 10692 10690
10693 10690 10689
10693 10694 10692
10693 10689 10695
10689 10696 10695
10696 10688 10697
10696 10697 10698
10695 10696 10698
10699 10694 10693
10699 10693 10695
10699 10700 10694
10701 10700 10699
10701 10702 10700
10699 10703 10701
10704 10695 10703
10695 10705 10703
10705 10697 10706
10705 10706 10707
10703 10705 10707
10707 10706 10708
10709 10702 10701
10709 10710 10702
10701 10703 10711
10707 10711 10703
10701 10711 10709
10707 10708 10712
10712 10711 10707
10712 10708 10713
10714 10710 10709
10714 10715 10710
10716 10714 10709
10709 10711 10716
10717 10714 10716
10712 10718 10711
10711 10718 10716
10712 10713 10719
10719 10718 10712
10719 10713 10720
10716 10718 10721
10719 10721 10718
10716 10721 10717
10717 10721 10722
10719 10720 10723
10723 10721 10719
10723 10720 10724
10725 10721 10723
10723 10724 10725
10725 10722 10721
10725 10724 10726
10725 10726 10727
10722 10725 10727
10727 10726 10728
10727 10728 10729
10722 10727 10729
10729 10728 10730
10729 10730 10731
10731 10732 10729
10729 10732 10722
10731 10733 10732
10717 10722 10734
10717 10734 10735
10736 10722 10732
10736 10734 10722
10735 10734 10737
10737 10715 10735
10737 10738 10715
10739 10737 10734
10739 10738 10737
10739 10734 10736
10739 10740 10738
10741 10740 10739
10736 10741 10739
10741 10742 10740
10732 10743 10736
10736 10743 10741
10732 10733 10743
10744 10742 10741
10743 10744 10741
10744 10745 10742
10743 10746 10744
10743 10733 10746
10747 10745 10744
10744 10746 10747
10747 10748 10745
10749 10748 10747
10749 10750 10748
10747 10746 10751
10751 10749 10747
10751 10752 10749
10753 10750 10749
10753 10754 10750
10753 10749 10755
10746 10756 10751
10751 10756 10755
10746 10733 10757
10746 10757 10756
10758 10757 10733
10759 10758 10733
10759 10760 10758
10759 10730 10760
10758 10760 10761
10762 10757 10758
10758 10761 10762
10762 10756 10757
10762 10761 10763
10762 10763 10764
10764 10756 10762
10763 10765 10764
10766 10756 10764
10764 10765 10766
10766 10755 10756
10765 10767 10766
10766 10767 10768
10768 10755 10766
10768 10767 10769
10770 10755 10768
10753 10755 10770
10768 10769 10771
10771 10770 10768
10772 10753 10770
10771 10772 10770
10769 10773 10771
10774 10773 10769
10773 10774 10775
10772 10776 10753
10776 10754 10753
10776 10777 10754
10778 10777 10776
10772 10778 10776
10778 10779 10777
10780 10772 10771
10780 10778 10772
10780 10771 10773
10781 10779 10778
10780 10781 10778
10781 10782 10779
10781 10783 10782
10773 10784 10780
10780 10784 10781
10773 10775 10785
10785 10784 10773
10785 10775 10786
10786 10784 10785
10786 10775 10787
10781 10788 10783
10788 10781 10784
10789 10783 10788
10789 10790 10783
10788 10784 10791
10786 10791 10784
10788 10791 10789
10787 10792 10786
10793 10792 10787
10794 10792 10793
10786 10795 10791
10786 10792 10795
10794 10795 10792
10789 10791 10795
10796 10795 10794
10789 10795 10796
10796 10797 10789
10798 10799 10800
10799 10798 10801
10801 10798 10802
10802 10798 10803
10803 10798 10804
10804 10798 10805
10798 10806 10805
10798 10807 10806
10798 10808 10807
10798 10809 10808
10809 10798 10810
10798 10811 10810
10798 10812 10811
10813 10812 10798
10814 10815 10816
10814 10817 10815
10817 10818 10815
10819 10815 10818
10819 10820 10815
10820 10821 10815
10814 10821 10822
10814 10822 10823
10824 10814 10823
10825 10824 10823
10826 10825 10823
10827 10825 10826
10826 10828 10827
10826 10829 10828
10830 10828 10829
10829 10831 10830
10829 10832 10831
10832 10829 10826
10831 10832 10833
10826 10823 10834
10832 10826 10835
10826 10834 10835
10833 10832 10836
10832 10835 10836
10837 10833 10836
10837 10838 10833
10835 10839 10836
10835 10834 10839
10839 10837 10836
10823 10840 10834
10823 10822 10840
10841 10838 10837
10841 10842 10838
10834 10840 10843
10834 10843 10839
10844 10840 10822
10844 10843 10840
10839 10845 10837
10845 10841 10837
10842 10841 10846
10847 10842 10846
10848 10847 10846
10848 10846 10849
10848 10849 10850
10849 10851 10850
10852 10851 10849
10852 10849 10853
10854 10853 10849
10855 10849 10846
10854 10849 10855
10841 10856 10846
10855 10846 10856
10857 10854 10855
10857 10858 10854
10841 10859 10856
10845 10859 10841
10860 10855 10856
10860 10857 10855
10859 10860 10856
10858 10857 10861
10861 10857 10860
10858 10861 10862
10845 10863 10859
10859 10863 10860
10862 10861 10864
10862 10864 10865
10865 10864 10866
10861 10866 10864
10865 10866 10867
10861 10860 10868
10868 10860 10863
10861 10868 10866
10866 10868 10863
10867 10866 10869
10866 10863 10869
10867 10869 10870
10869 10871 10870
10845 10872 10863
10869 10863 10872
10839 10872 10845
10839 10843 10872
10869 10873 10871
10869 10872 10873
10843 10873 10872
10873 10874 10871
10843 10875 10873
10873 10875 10874
10844 10875 10843
10876 10874 10875
10876 10875 10844
10877 10874 10876
10878 10876 10844
10844 10822 10878
10878 10822 10821
10876 10879 10877
10877 10879 10880
10879 10881 10880
10878 10882 10876
10876 10882 10879
10878 10821 10883
10883 10882 10878
10820 10883 10821
10884 10881 10879
10884 10879 10882
10883 10884 10882
10884 10885 10881
10883 10886 10884
10884 10886 10885
10883 10820 10886
10887 10885 10886
10820 10887 10886
10820 10819 10887
10887 10819 10888
10887 10888 10889
10819 10890 10888
10819 10818 10890
10891 10889 10888
10890 10891 10888
10891 10892 10889
10893 10892 10891
10893 10894 10892
10895 10894 10893
10896 10890 10818
10817 10896 10818
10890 10897 10891
10893 10891 10897
10895 10893 10898
10895 10898 10899
10896 10900 10890
10900 10897 10890
10893 10897 10901
10898 10893 10901
10902 10899 10898
10903 10899 10902
10900 10904 10897
10904 10901 10897
10902 10898 10905
10898 10901 10905
10905 10901 10906
10902 10905 10906
10907 10903 10902
10907 10908 10903
10907 10902 10909
10902 10906 10909
10908 10907 10910
10909 10910 10907
10908 10910 10911
10910 10912 10911
10910 10913 10912
10909 10914 10910
10910 10914 10913
10906 10914 10909
10915 10906 10901
10904 10915 10901
10914 10916 10913
10913 10916 10917
10906 10918 10914
10914 10918 10916
10915 10918 10906
10919 10916 10918
10919 10918 10915
10904 10920 10915
10904 10921 10920
10900 10921 10904
10920 10921 10922
10900 10923 10921
10920 10922 10924
10925 10919 10924
10917 10925 10924
10917 10924 10926
10926 10924 10922
10926 10922 10927
10927 10922 10928
10927 10928 10929
10930 10928 10922
10930 10923 10928
10929 10928 10931
10932 10931 10928
10928 10923 10932
10933 10923 10900
10923 10933 10932
10933 10900 10896
10932 10933 10934
10934 10933 10896
10932 10934 10935
10934 10896 10817
10935 10936 10937
10937 10936 10938
10936 10817 10938
10938 10817 10939
10939 10817 10940
10939 10940 10941
10824 10941 10940
10942 10943 10944
10943 10942 10945
10945 10942 10946
10946 10942 10947
10947 10942 10948
10948 10942 10949
10942 10950 10949
10942 10951 10950
10942 10952 10951
10942 10953 10952
10953 10942 10954
10942 10955 10954
10942 10956 10955
10957 10956 10942
10958 10959 10960
10959 10958 10961
10961 10958 10962
10962 10958 10963
10963 10958 10964
10964 10958 10965
10958 10966 10965
10958 10967 10966
10958 10968 10967
10958 10969 10968
10969 10958 10970
10958 10971 10970
10958 10972 10971
10973 10972 10958
10974 10975 10976
10975 10974 10977
10977 10974 10978
10978 10974 10979
10979 10974 10980
10980 10974 10981
10974 10982 10981
10974 10983 10982
10974 10984 10983
10974 10985 10984
10985 10974 10986
10974 10987 10986
10974 10988 10987
10989 10988 10974
10990 10991 10992
10991 10990 10993
10993 10990 10994
10994 10990 10995
10995 10990 10996
10996 10990 10997
10990 10998 10997
10990 10999 10998
10990 11000 10999
10990 11001 11000
11001 10990 11002
10990 11003 11002
10990 11004 11003
11005 11004 10990
11006 11007 11008
11008 11007 11009
11010 11009 11007
11010 11007 11011
11007 11012 11011
11013 11012 11007
11007 11014 11013
11015 11014 11007
11010 11016 11017
11010 11017 11018
11016 11019 11017
11017 11020 11018
11017 11019 11021
11022 11020 11017
11017 11021 11023
11023 11022 11017
11024 11025 11026
11026 11027 11024
11024 11027 11028
11024 11028 11029
11030 11024 11029
11024 11030 11031
11024 11031 11032
11024 11032 11033
11024 11033 11034
11035 11024 11034
11036 11024 11035
11037 11024 11036
11038 11024 11037
11039 11024 11038
11040 11041 11042
11041 11043 11042
11044 11043 11041
11044 11041 11045
11046 11045 11041
11046 11041 11047
11041 11048 11047
11048 11041 11049
11046 11050 11051
11050 11052 11051
11051 11052 11053
11051 11053 11054
11054 11055 11051
11055 11056 11051
11051 11056 11057
11046 11051 11057
11046 11058 11059
11046 11059 11060
11061 11059 11058
11062 11059 11061
11059 11063 11060
11064 11063 11059
11059 11065 11064
11066 11065 11059
11067 11068 11069
11070 11068 11067
11070 11071 11068
11068 11071 11072
11073 11068 11072
11073 11074 11068
11074 11075 11068
11068 11075 11076
11073 11077 11078
11073 11078 11079
11079 11078 11080
11081 11078 11077
11082 11078 11081
11083 11078 11082
11083 11084 11078
11078 11084 11085
11086 11087 11088
11088 11087 11089
11090 11089 11087
11090 11087 11091
11087 11092 11091
11093 11092 11087
11087 11094 11093
11095 11094 11087
11090 11096 11097
11090 11097 11098
11096 11099 11097
11097 11100 11098
11097 11099 11101
11102 11100 11097
11097 11101 11103
11103 11102 11097
11104 11105 11106
11107 11105 11104
11107 11108 11105
11105 11108 11109
11110 11105 11109
11110 11111 11105
11111 11112 11105
11105 11112 11113
11110 11114 11115
11116 11115 11114
11117 11115 11116
11118 11115 11117
11118 11119 11115
11115 11119 11120
11110 11115 11121
11121 11115 11122
11110 11123 11124
11110 11124 11125
11126 11124 11123
11124 11127 11125
11126 11128 11124
11127 11124 11129
11124 11128 11130
11129 11124 11130
11131 11132 11133
11132 11131 11134
11134 11131 11135
11135 11131 11136
11136 11131 11137
11137 11131 11138
11131 11139 11138
11131 11140 11139
11131 11141 11140
11131 11142 11141
11142 11131 11143
11131 11144 11143
11131 11145 11144
11146 11145 11131
11147 11148 11149
11148 11147 11150
11150 11147 11151
11151 11147 11152
11152 11147 11153
11153 11147 11154
11147 11155 11154
11147 11156 11155
11147 11157 11156
11147 11158 11157
11158 11147 11159
11147 11160 11159
11147 11161 11160
11162 11161 11147
11163 11164 11165
11166 11163 11165
11167 11166 11165
11168 11169 11170
11171 11168 11170
11171 11170 11172
11173 11168 11171
11172 11174 11171
11175 11173 11171
11174 11175 11171
11176 11177 11178
11176 11179 11177
11180 11179 11176
11181 11177 11179
11179 11180 11182
11182 11181 11179
11182 11180 11183
11182 11184 11181
11185 11186 11187
11188 11186 11185
11189 11186 11188
11190 11191 11192
11193 11191 11190
11193 11194 11191
11195 11193 11190
11194 11193 11196
11197 11193 11195
11196 11193 11197
11198 11199 11200
11198 11200 11201
11202 11198 11201
11203 11201 11200
11201 11204 11202
11204 11201 11203
11204 11205 11202
11204 11203 11206
11207 11208 11209
11210 11208 11207
11210 11207 11211
11211 11207 11212
11212 11213 11211
11211 11213 11214
11213 11215 11214
11214 11215 11216
11216 11215 11217
11218 11216 11217
11218 11219 11216
11219 11218 11220
11220 11221 11219
11222 11221 11220
11221 11222 11223
11224 11225 11226
11227 11224 11226
11227 11228 11224
11228 11229 11224
11229 11228 11230
11228 11231 11230
11230 11231 11232
11231 11233 11232
11233 11234 11232
11235 11234 11233
11235 11233 11236
11236 11237 11235
11237 11236 11238
11239 11237 11238
11238 11240 11239
11241 11242 11243
11242 11241 11244
11242 11244 11245
11242 11245 11246
11242 11246 10430
11242 10430 11247
11248 11249 11250
11250 11249 11251
11248 11250 11252
11252 11253 11248
11252 11254 11253
11254 11255 11253
11254 11256 11255
11256 11257 11255
11256 11258 11257
11258 11259 11257
11258 11260 11259
11260 11261 11259
11260 11262 11261
11263 11262 11260
11263 11264 11262
11265 11260 11258
11265 11263 11260
11266 11258 11256
11266 11265 11258
11256 11254 11267
11256 11267 11266
11268 11254 11252
11268 11267 11254
11269 11264 11263
11269 11270 11264
11269 11271 11270
11272 11268 11252
11272 11252 11250
11273 11267 11268
11273 11268 11272
11274 11266 11267
11274 11267 11273
11275 11274 11273
11276 11266 11274
11275 11276 11274
11265 11266 11276
11277 11269 11263
11277 11263 11265
11269 11278 11271
11277 11278 11269
11278 11279 11271
11280 11265 11276
11280 11277 11265
11275 11280 11276
11277 11281 11278
11280 11281 11277
11278 11282 11279
11281 11282 11278
11282 11283 11279
11282 11284 11283
11285 11284 11282
11281 11285 11282
11285 11286 11284
11280 11287 11281
11275 11287 11280
11288 11286 11285
11288 11289 11286
11281 11290 11285
11290 11281 11287
11285 11290 11288
11291 11289 11288
11291 11292 11289
11293 11290 11287
11275 11293 11287
11288 11290 11294
11294 11290 11293
11288 11294 11291
11295 11292 11291
11295 11296 11292
11275 11297 11293
11293 11297 11294
11298 11291 11294
11298 11295 11291
11294 11297 11298
11296 11295 11299
11296 11299 11300
11299 11301 11300
11302 11295 11298
11297 11302 11298
11302 11299 11295
11275 11303 11297
11275 11273 11303
11297 11304 11302
11303 11304 11297
11303 11273 11305
11273 11272 11305
11303 11306 11304
11303 11305 11306
11304 11306 11307
11305 11307 11306
11302 11304 11308
11304 11307 11308
11309 11299 11302
11302 11308 11309
11272 11310 11305
11305 11310 11307
11308 11307 11311
11310 11311 11307
11272 11312 11310
11312 11272 11250
11309 11313 11299
11299 11313 11301
11309 11308 11314
11308 11311 11314
11310 11315 11311
11312 11315 11310
11312 11250 11316
11250 11251 11316
11301 11313 11317
11301 11317 11318
11318 11317 11319
11317 11320 11319
11321 11320 11317
11322 11317 11313
11321 11317 11322
11321 11322 11314
11322 11313 11309
11309 11314 11322
11321 11314 11323
11314 11324 11323
11314 11311 11324
11315 11324 11311
11315 11325 11324
11326 11325 11315
11326 11315 11327
11312 11327 11315
11327 11312 11316
11326 11327 11328
11327 11316 11328
11326 11328 11329
11251 11328 11316
11330 11329 11328
11251 11331 11328
11330 11328 11331
11332 11333 11334
11332 11334 11335
11334 11336 11335
11334 11337 11336
11333 11338 11334
11338 11337 11334
11333 11339 11338
11338 11340 11337
11339 11341 11338
11341 11340 11338
11339 11342 11341
11343 11340 11341
11341 11342 11344
11341 11344 11343
11345 11346 11347
11346 11345 11348
11347 11349 11345
11348 11345 11350
11345 11349 11351
11350 11345 11352
11345 11351 11353
11352 11345 11354
11355 11345 11353
11354 11345 11356
11345 11355 11357
11345 11358 11356
11345 11357 11359
11345 11359 11358
11360 11361 11362
11361 11360 11363
11362 11364 11360
11363 11360 11365
11360 11364 11366
11365 11360 11367
11360 11366 11368
11367 11360 11369
11370 11360 11368
11369 11360 11371
11360 11370 11372
11360 11373 11371
11360 11372 11374
11360 11374 11373
11375 11376 11377
11376 11375 11378
11377 11379 11375
11378 11375 11380
11375 11379 11381
11380 11375 11382
11375 11381 11383
11382 11375 11384
11385 11375 11383
11384 11375 11386
11375 11385 11387
11375 11388 11386
11375 11387 11389
11375 11389 11388
11390 11391 11392
11391 11390 11393
11392 11394 11390
11393 11390 11395
11390 11394 11396
11395 11390 11397
11390 11396 11398
11397 11390 11399
11400 11390 11398
11399 11390 11401
11390 11400 11402
11390 11403 11401
11390 11402 11404
11390 11404 11403
11405 11406 11407
11406 11405 11408
11407 11409 11405
11408 11405 11410
11405 11409 11411
11410 11405 11412
11405 11411 11413
11412 11405 11414
11415 11405 11413
11414 11405 11416
11405 11415 11417
11405 11418 11416
11405 11417 11419
11405 11419 11418
11420 11421 11422
11420 11423 11421
11422 11424 11420
11425 11423 11420
11424 11426 11420
11420 11426 11427
11428 11425 11420
11429 11420 11427
11428 11430 11431
11432 11431 11430
11433 11431 11432
11434 11431 11433
11434 11435 11431
11431 11435 11436
11437 11431 11436
11428 11431 11437
11428 11438 11439
11428 11439 11440
11441 11439 11438
11439 11442 11440
11441 11443 11439
11442 11439 11444
11439 11443 11445
11444 11439 11445
11446 11447 11448
11448 11449 11446
11448 11447 11450
11451 11449 11448
11451 11448 11452
11452 11448 11453
11429 11448 11450
11429 11453 11448
11429 11454 11455
11454 11456 11455
11429 11457 11458
11457 11456 11459
11460 11455 11459
11461 11455 11460
11457 11462 11458
11461 11462 11457
11463 11464 11465
11464 11463 11466
11465 11467 11463
11466 11463 11468
11463 11467 11469
11468 11463 11470
11463 11469 11471
11470 11463 11472
11473 11463 11471
11472 11463 11474
11463 11473 11475
11463 11476 11474
11463 11475 11477
11463 11477 11476
11478 11479 11480
11479 11478 11481
11480 11482 11478
11481 11478 11483
11478 11482 11484
11483 11478 11485
11478 11484 11486
11485 11478 11487
11488 11478 11486
11487 11478 11489
11478 11488 11490
11478 11491 11489
11478 11490 11492
11478 11492 11491
11493 11494 11495
11494 11493 11496
11495 11497 11493
11496 11493 11498
11493 11497 11499
11498 11493 11500
11493 11499 11501
11500 11493 11502
11503 11493 11501
11502 11493 11504
11493 11503 11505
11493 11506 11504
11493 11505 11507
11493 11507 11506
11508 11509 11510
11509 11508 11511
11510 11512 11508
11511 11508 11513
11508 11512 11514
11513 11508 11515
11508 11514 11516
11515 11508 11517
11518 11508 11516
11517 11508 11519
11508 11518 11520
11508 11521 11519
11508 11520 11522
11508 11522 11521
11523 11524 11525
11524 11523 11526
11525 11527 11523
11526 11523 11528
11523 11527 11529
11528 11523 11530
11523 11529 11531
11530 11523 11532
11533 11523 11531
11532 11523 11534
11523 11533 11535
11523 11536 11534
11523 11535 11537
11523 11537 11536
11538 11539 11540
11538 11541 11539
11540 11542 11538
11543 11541 11538
11542 11544 11538
11538 11544 11545
11546 11543 11538
11547 11538 11545
11546 11548 11549
11550 11549 11548
11551 11549 11550
11552 11549 11551
11552 11553 11549
11549 11553 11554
11555 11549 11554
11546 11549 11555
11546 11556 11557
11546 11557 11558
11559 11557 11556
11557 11560 11558
11559 11561 11557
11560 11557 11562
11557 11561 11563
11562 11557 11563
11564 11565 11566
11566 11567 11564
11566 11565 11568
11569 11567 11566
11569 11566 11570
11570 11566 11571
11547 11566 11568
11547 11571 11566
11547 11572 11573
11572 11574 11573
11547 11575 11576
11575 11574 11577
11578 11573 11577
11579 11573 11578
11575 11580 11576
11579 11580 11575
11581 11582 11583
11582 11581 11584
11583 11585 11581
11584 11581 11586
11581 11585 11587
11586 11581 11588
11581 11587 11589
11588 11581 11590
11591 11581 11589
11590 11581 11592
11581 11591 11593
11581 11594 11592
11581 11593 11595
11581 11595 11594
11596 11597 11598
11597 11596 11599
11598 11600 11596
11599 11596 11601
11596 11600 11602
11601 11596 11603
11596 11602 11604
11603 11596 11605
11606 11596 11604
11605 11596 11607
11596 11606 11608
11596 11609 11607
11596 11608 11610
11596 11610 11609
11611 11612 11613
11612 11611 11614
11613 11615 11611
11614 11611 11616
11611 11615 11617
11616 11611 11618
11611 11617 11619
11618 11611 11620
11621 11611 11619
11620 11611 11622
11611 11621 11623
11611 11624 11622
11611 11623 11625
11611 11625 11624
11626 11627 11628
11627 11626 11629
11628 11630 11626
11629 11626 11631
11626 11630 11632
11631 11626 11633
11626 11632 11634
11633 11626 11635
11636 11626 11634
11635 11626 11637
11626 11636 11638
11626 11639 11637
11626 11638 11640
11626 11640 11639
11641 11642 11643
11641 11644 11642
11643 11645 11641
11646 11644 11641
11645 11647 11641
11641 11647 11648
11649 11646 11641
11650 11641 11648
11649 11651 11652
11653 11652 11651
11654 11652 11653
11655 11652 11654
11655 11656 11652
11652 11656 11657
11658 11652 11657
11649 11652 11658
11649 11659 11660
11649 11660 11661
11662 11660 11659
11660 11663 11661
11662 11664 11660
11663 11660 11665
11660 11664 11666
11665 11660 11666
11667 11668 11669
11669 11670 11667
11669 11668 11671
11672 11670 11669
11672 11669 11673
11673 11669 11674
11650 11669 11671
11650 11674 11669
11650 11675 11676
11650 11677 11678
11675 11679 11677
11677 11680 11678
11677 11679 11681
11682 11680 11677
11683 11676 11681
11682 11676 11683
11684 11685 11686
11685 11684 11687
11686 11688 11684
11687 11684 11689
11684 11688 11690
11689 11684 11691
11684 11690 11692
11691 11684 11693
11694 11684 11692
11693 11684 11695
11684 11694 11696
11684 11697 11695
11684 11696 11698
11684 11698 11697
11699 11700 11701
11700 11699 11702
11701 11703 11699
11702 11699 11704
11699 11703 11705
11704 11699 11706
11699 11705 11707
11706 11699 11708
11709 11699 11707
11708 11699 11710
11699 11709 11711
11699 11712 11710
11699 11711 11713
11699 11713 11712
11714 11715 11716
11715 11714 11717
11716 11718 11714
11717 11714 11719
11714 11718 11720
11719 11714 11721
11714 11720 11722
11721 11714 11723
11724 11714 11722
11723 11714 11725
11714 11724 11726
11714 11727 11725
11714 11726 11728
11714 11728 11727
11729 11730 11731
11730 11729 11732
11731 11733 11729
11732 11729 11734
11729 11733 11735
11734 11729 11736
11729 11735 11737
11736 11729 11738
11739 11729 11737
11738 11729 11740
11729 11739 11741
11729 11742 11740
11729 11741 11743
11729 11743 11742
11744 11745 11746
11745 11744 11747
11746 11748 11744
11747 11744 11749
11744 11748 11750
11749 11744 11751
11744 11750 11752
11751 11744 11753
11754 11744 11752
11753 11744 11755
11744 11754 11756
11744 11757 11755
11744 11756 11758
11744 11758 11757
11759 11760 11761
11759 11762 11760
11761 11763 11759
11764 11762 11759
11763 11765 11759
11759 11765 11766
11767 11764 11759
11768 11759 11766
11767 11769 11770
11771 11770 11769
11772 11770 11771
11773 11770 11772
11773 11774 11770
11770 11774 11775
11776 11770 11775
11767 11770 11776
11767 11777 11778
11767 11778 11779
11780 11778 11777
11778 11781 11779
11780 11782 11778
11781 11778 11783
11778 11782 11784
11783 11778 11784
11785 11786 11787
11787 11788 11785
11787 11786 11789
11790 11788 11787
11790 11787 11791
11791 11787 11792
11768 11787 11789
11768 11792 11787
11768 11793 11794
11793 11795 11794
11796 11795 11793
11768 11797 11798
11796 11798 11799
11797 11800 11798
11799 11798 11801
11798 11800 11801
11802 11803 11804
11803 11802 11805
11804 11806 11802
11805 11802 11807
11802 11806 11808
11807 11802 11809
11802 11808 11810
11809 11802 11811
11812 11802 11810
11811 11802 11813
11802 11812 11814
11802 11815 11813
11802 11814 11816
11802 11816 11815
11817 11818 11819
11818 11817 11820
11819 11821 11817
11820 11817 11822
11817 11821 11823
11822 11817 11824
11817 11823 11825
11824 11817 11826
11827 11817 11825
11826 11817 11828
11817 11827 11829
11817 11830 11828
11817 11829 11831
11817 11831 11830
11832 11833 11834
11833 11832 11835
11834 11836 11832
11835 11832 11837
11832 11836 11838
11837 11832 11839
11832 11838 11840
11839 11832 11841
11842 11832 11840
11841 11832 11843
11832 11842 11844
11832 11845 11843
11832 11844 11846
11832 11846 11845
11847 11848 11849
11848 11847 11850
11849 11851 11847
11850 11847 11852
11847 11851 11853
11852 11847 11854
11847 11853 11855
11854 11847 11856
11857 11847 11855
11856 11847 11858
11847 11857 11859
11847 11860 11858
11847 11859 11861
11847 11861 11860
11862 11863 11864
11863 11862 11865
11864 11866 11862
11865 11862 11867
11862 11866 11868
11867 11862 11869
11862 11868 11870
11869 11862 11871
11872 11862 11870
11871 11862 11873
11862 11872 11874
11862 11875 11873
11862 11874 11876
11862 11876 11875
11877 11878 11879
11877 11880 11878
11879 11881 11877
11882 11880 11877
11881 11883 11877
11877 11883 11884
11885 11882 11877
11886 11877 11884
11885 11887 11888
11889 11888 11887
11890 11888 11889
11891 11888 11890
11891 11892 11888
11888 11892 11893
11894 11888 11893
11885 11888 11894
11885 11895 11896
11885 11896 11897
11898 11896 11895
11896 11899 11897
11898 11900 11896
11899 11896 11901
11896 11900 11902
11901 11896 11902
11903 11904 11905
11905 11906 11903
11905 11904 11907
11908 11906 11905
11908 11905 11909
11909 11905 11910
11886 11905 11907
11886 11910 11905
11886 11911 11912
11886 11913 11914
11911 11915 11913
11913 11916 11914
11913 11915 11917
11918 11916 11913
11919 11912 11917
11918 11912 11919
11920 11921 11922
11921 11920 11923
11922 11924 11920
11923 11920 11925
11920 11924 11926
11925 11920 11927
11920 11926 11928
11927 11920 11929
11930 11920 11928
11929 11920 11931
11920 11930 11932
11920 11933 11931
11920 11932 11934
11920 11934 11933
11935 11936 11937
11936 11935 11938
11937 11939 11935
11938 11935 11940
11935 11939 11941
11940 11935 11942
11935 11941 11943
11942 11935 11944
11945 11935 11943
11944 11935 11946
11935 11945 11947
11935 11948 11946
11935 11947 11949
11935 11949 11948
11950 11951 11952
11951 11950 11953
11952 11954 11950
11953 11950 11955
11950 11954 11956
11955 11950 11957
11950 11956 11958
11957 11950 11959
11960 11950 11958
11959 11950 11961
11950 11960 11962
11950 11963 11961
11950 11962 11964
11950 11964 11963
11965 11966 11967
11966 11965 11968
11967 11969 11965
11968 11965 11970
11965 11969 11971
11970 11965 11972
11965 11971 11973
11972 11965 11974
11975 11965 11973
11974 11965 11976
11965 11975 11977
11965 11978 11976
11965 11977 11979
11965 11979 11978
11980 11981 11982
11980 11983 11981
11982 11984 11980
11985 11983 11980
11984 11986 11980
11980 11986 11987
11988 11985 11980
11989 11980 11987
11988 11990 11991
11992 11991 11990
11993 11991 11992
11994 11991 11993
11994 11995 11991
11991 11995 11996
11997 11991 11996
11988 11991 11997
11988 11998 11999
11988 11999 12000
12001 11999 11998
11999 12002 12000
12001 12003 11999
12002 11999 12004
11999 12003 12005
12004 11999 12005
12006 12007 12008
12008 12009 12006
12008 12007 12010
12011 12009 12008
12011 12008 12012
12012 12008 12013
11989 12008 12010
11989 12013 12008
11989 12014 12015
12014 12016 12015
11989 12017 12018
12017 12016 12019
12020 12015 12019
12021 12015 12020
12017 12022 12018
12021 12022 12017
12023 12024 12025
12024 12023 12026
12025 12027 12023
12026 12023 12028
12023 12027 12029
12028 12023 12030
12023 12029 12031
12030 12023 12032
12033 12023 12031
12032 12023 12034
12023 12033 12035
12023 12036 12034
12023 12035 12037
12023 12037 12036
12038 12039 12040
12039 12038 12041
12040 12042 12038
12041 12038 12043
12038 12042 12044
12043 12038 12045
12038 12044 12046
12045 12038 12047
12048 12038 12046
12047 12038 12049
12038 12048 12050
12038 12051 12049
12038 12050 12052
12038 12052 12051
12053 12054 12055
12054 12053 12056
12055 12057 12053
12056 12053 12058
12053 12057 12059
12058 12053 12060
12053 12059 12061
12060 12053 12062
12063 12053 12061
12062 12053 12064
12053 12063 12065
12053 12066 12064
12053 12065 12067
12053 12067 12066
12068 12069 12070
12069 12068 12071
12070 12072 12068
12071 12068 12073
12068 12072 12074
12073 12068 12075
12068 12074 12076
12075 12068 12077
12078 12068 12076
12077 12068 12079
12068 12078 12080
12068 12081 12079
12068 12080 12082
12068 12082 12081
12083 12084 12085
12084 12083 12086
12085 12087 12083
12086 12083 12088
12083 12087 12089
12088 12083 12090
12083 12089 12091
12090 12083 12092
12093 12083 12091
12092 12083 12094
12083 12093 12095
12083 12096 12094
12083 12095 12097
12083 12097 12096
12098 12099 12100
12098 12101 12099
12100 12102 12098
12103 12101 12098
12102 12104 12098
12098 12104 12105
12106 12103 12098
12107 12098 12105
12106 12108 12109
12110 12109 12108
12111 12109 12110
12112 12109 12111
12112 12113 12109
12109 12113 12114
12115 12109 12114
12106 12109 12115
12106 12116 12117
12106 12117 12118
12119 12117 12116
12117 12120 12118
12119 12121 12117
12120 12117 12122
12117 12121 12123
12122 12117 12123
12124 12125 12126
12126 12127 12124
12126 12125 12128
12129 12127 12126
12129 12126 12130
12130 12126 12131
12107 12126 12128
12107 12131 12126
12107 12132 12133
12132 12134 12133
12135 12134 12132
12107 12136 12137
12135 12137 12138
12136 12139 12137
12138 12137 12140
12137 12139 12140
12141 12142 12143
12142 12141 12144
12143 12145 12141
12144 12141 12146
12141 12145 12147
12146 12141 12148
12141 12147 12149
12148 12141 12150
12151 12141 12149
12150 12141 12152
12141 12151 12153
12141 12154 12152
12141 12153 12155
12141 12155 12154
12156 12157 12158
12157 12156 12159
12158 12160 12156
12159 12156 12161
12156 12160 12162
12161 12156 12163
12156 12162 12164
12163 12156 12165
12166 12156 12164
12165 12156 12167
12156 12166 12168
12156 12169 12167
12156 12168 12170
12156 12170 12169
12171 12172 12173
12172 12171 12174
12173 12175 12171
12174 12171 12176
12171 12175 12177
12176 12171 12178
12171 12177 12179
12178 12171 12180
12181 12171 12179
12180 12171 12182
12171 12181 12183
12171 12184 12182
12171 12183 12185
12171 12185 12184
12186 12187 12188
12187 12186 12189
12188 12190 12186
12189 12186 12191
12186 12190 12192
12191 12186 12193
12186 12192 12194
12193 12186 12195
12196 12186 12194
12195 12186 12197
12186 12196 12198
12186 12199 12197
12186 12198 12200
12186 12200 12199
12201 12202 12203
12202 12201 12204
12203 12205 12201
12204 12201 12206
12201 12205 12207
12206 12201 12208
12201 12207 12209
12208 12201 12210
12211 12201 12209
12210 12201 12212
12201 12211 12213
12201 12214 12212
12201 12213 12215
12201 12215 12214
12216 12217 12218
12216 12219 12217
12218 12220 12216
12221 12219 12216
12220 12222 12216
12216 12222 12223
12224 12221 12216
12225 12216 12223
12224 12226 12227
12228 12227 12226
12229 12227 12228
12230 12227 12229
12230 12231 12227
12227 12231 12232
12233 12227 12232
12224 12227 12233
12224 12234 12235
12224 12235 12236
12237 12235 12234
12235 12238 12236
12237 12239 12235
12238 12235 12240
12235 12239 12241
12240 12235 12241
12242 12243 12244
12244 12245 12242
12244 12243 12246
12247 12245 12244
12247 12244 12248
12248 12244 12249
12225 12244 12246
12225 12249 12244
12225 12250 12251
12250 12252 12251
12253 12252 12250
12225 12254 12255
12253 12255 12256
12254 12257 12255
12256 12255 12258
12255 12257 12258
12259 12260 12261
12260 12259 12262
12261 12263 12259
12262 12259 12264
12259 12263 12265
12264 12259 12266
12259 12265 12267
12266 12259 12268
12269 12259 12267
12268 12259 12270
12259 12269 12271
12259 12272 12270
12259 12271 12273
12259 12273 12272
12274 12275 12276
12275 12274 12277
12276 12278 12274
12277 12274 12279
12274 12278 12280
12279 12274 12281
12274 12280 12282
12281 12274 12283
12284 12274 12282
12283 12274 12285
12274 12284 12286
12274 12287 12285
12274 12286 12288
12274 12288 12287
12289 12290 12291
12290 12289 12292
12291 12293 12289
12292 12289 12294
12289 12293 12295
12294 12289 12296
12289 12295 12297
12296 12289 12298
12299 12289 12297
12298 12289 12300
12289 12299 12301
12289 12302 12300
12289 12301 12303
12289 12303 12302
12304 12305 12306
12305 12304 12307
12306 12308 12304
12307 12304 12309
12304 12308 12310
12309 12304 12311
12304 12310 12312
12311 12304 12313
12314 12304 12312
12313 12304 12315
12304 12314 12316
12304 12317 12315
12304 12316 12318
12304 12318 12317
12319 12320 12321
12320 12319 12322
12321 12323 12319
12322 12319 12324
12319 12323 12325
12324 12319 12326
12319 12325 12327
12326 12319 12328
12329 12319 12327
12328 12319 12330
12319 12329 12331
12319 12332 12330
12319 12331 12333
12319 12333 12332
12334 12335 12336
12334 12337 12335
12336 12338 12334
12339 12337 12334
12338 12340 12334
12334 12340 12341
12342 12339 12334
12343 12334 12341
12342 12344 12345
12346 12345 12344
12347 12345 12346
12348 12345 12347
12348 12349 12345
12345 12349 12350
12351 12345 12350
12342 12345 12351
12342 12352 12353
12342 12353 12354
12355 12353 12352
12353 12356 12354
12355 12357 12353
12356 12353 12358
12353 12357 12359
12358 12353 12359
12360 12361 12362
12362 12363 12360
12362 12361 12364
12365 12363 12362
12365 12362 12366
12366 12362 12367
12343 12362 12364
12343 12367 12362
12343 12368 12369
12368 12370 12369
12371 12370 12368
12343 12372 12373
12371 12373 12374
12372 12375 12373
12374 12373 12376
12373 12375 12376
12377 12378 12379
12378 12377 12380
12379 12381 12377
12380 12377 12382
12377 12381 12383
12382 12377 12384
12377 12383 12385
12384 12377 12386
12387 12377 12385
12386 12377 12388
12377 12387 12389
12377 12390 12388
12377 12389 12391
12377 12391 12390
12392 12393 12394
12393 12392 12395
12394 12396 12392
12395 12392 12397
12392 12396 12398
12397 12392 12399
12392 12398 12400
12399 12392 12401
12402 12392 12400
12401 12392 12403
12392 12402 12404
12392 12405 12403
12392 12404 12406
12392 12406 12405
12407 12408 12409
12408 12407 12410
12409 12411 12407
12410 12407 12412
12407 12411 12413
12412 12407 12414
12407 12413 12415
12414 12407 12416
12417 12407 12415
12416 12407 12418
12407 12417 12419
12407 12420 12418
12407 12419 12421
12407 12421 12420
12422 12423 12424
12423 12422 12425
12424 12426 12422
12425 12422 12427
12422 12426 12428
12427 12422 12429
12422 12428 12430
12429 12422 12431
12432 12422 12430
12431 12422 12433
12422 12432 12434
12422 12435 12433
12422 12434 12436
12422 12436 12435
12437 12438 12439
12438 12437 12440
12439 12441 12437
12440 12437 12442
12437 12441 12443
12442 12437 12444
12437 12443 12445
12444 12437 12446
12447 12437 12445
12446 12437 12448
12437 12447 12449
12437 12450 12448
12437 12449 12451
12437 12451 12450
12452 12453 12454
12452 12455 12453
12454 12456 12452
12457 12455 12452
12456 12458 12452
12452 12458 12459
12460 12457 12452
12461 12452 12459
12460 12462 12463
12464 12463 12462
12465 12463 12464
12466 12463 12465
12466 12467 12463
12463 12467 12468
12469 12463 12468
12460 12463 12469
12460 12470 12471
12460 12471 12472
12473 12471 12470
12471 12474 12472
12473 12475 12471
12474 12471 12476
12471 12475 12477
12476 12471 12477
12478 12479 12480
12480 12481 12478
12480 12479 12482
12483 12481 12480
12483 12480 12484
12484 12480 12485
12461 12480 12482
12461 12485 12480
12461 12486 12487
12486 12488 12487
12489 12488 12486
12461 12490 12491
12489 12491 12492
12490 12493 12491
12492 12491 12494
12491 12493 12494
12495 12496 12497
12496 12495 12498
12497 12499 12495
12498 12495 12500
12495 12499 12501
12500 12495 12502
12495 12501 12503
12502 12495 12504
12505 12495 12503
12504 12495 12506
12495 12505 12507
12495 12508 12506
12495 12507 12509
12495 12509 12508
12510 12511 12512
12511 12510 12513
12512 12514 12510
12513 12510 12515
12510 12514 12516
12515 12510 12517
12510 12516 12518
12517 12510 12519
12520 12510 12518
12519 12510 12521
12510 12520 12522
12510 12523 12521
12510 12522 12524
12510 12524 12523
12525 12526 12527
12526 12525 12528
12527 12529 12525
12528 12525 12530
12525 12529 12531
12530 12525 12532
12525 12531 12533
12532 12525 12534
12535 12525 12533
12534 12525 12536
12525 12535 12537
12525 12538 12536
12525 12537 12539
12525 12539 12538
12540 12541 12542
12541 12540 12543
12542 12544 12540
12543 12540 12545
12540 12544 12546
12545 12540 12547
12540 12546 12548
12547 12540 12549
12550 12540 12548
12549 12540 12551
12540 12550 12552
12540 12553 12551
12540 12552 12554
12540 12554 12553
12555 12556 12557
12556 12555 12558
12557 12559 12555
12558 12555 12560
12555 12559 12561
12560 12555 12562
12555 12561 12563
12562 12555 12564
12565 12555 12563
12564 12555 12566
12555 12565 12567
12555 12568 12566
12555 12567 12569
12555 12569 12568
12570 12571 12572
12570 12573 12571
12572 12574 12570
12575 12573 12570
12574 12576 12570
12570 12576 12577
12578 12575 12570
12579 12570 12577
12578 12580 12581
12582 12581 12580
12583 12581 12582
12584 12581 12583
12584 12585 12581
12581 12585 12586
12587 12581 12586
12578 12581 12587
12578 12588 12589
12578 12589 12590
12591 12589 12588
12589 12592 12590
12591 12593 12589
12592 12589 12594
12589 12593 12595
12594 12589 12595
12596 12597 12598
12598 12599 12596
12598 12597 12600
12601 12599 12598
12601 12598 12602
12602 12598 12603
12579 12598 12600
12579 12603 12598
12579 12604 12605
12604 12606 12605
12607 12606 12604
12579 12608 12609
12607 12609 12610
12608 12611 12609
12610 12609 12612
12609 12611 12612
12613 12614 12615
12614 12613 12616
12615 12617 12613
12616 12613 12618
12613 12617 12619
12618 12613 12620
12613 12619 12621
12620 12613 12622
12623 12613 12621
12622 12613 12624
12613 12623 12625
12613 12626 12624
12613 12625 12627
12613 12627 12626
12628 12629 12630
12629 12628 12631
12630 12632 12628
12631 12628 12633
12628 12632 12634
12633 12628 12635
12628 12634 12636
12635 12628 12637
12638 12628 12636
12637 12628 12639
12628 12638 12640
12628 12641 12639
12628 12640 12642
12628 12642 12641
12643 12644 12645
12644 12643 12646
12645 12647 12643
12646 12643 12648
12643 12647 12649
12648 12643 12650
12643 12649 12651
12650 12643 12652
12653 12643 12651
12652 12643 12654
12643 12653 12655
12643 12656 12654
12643 12655 12657
12643 12657 12656
12658 12659 12660
12659 12658 12661
12660 12662 12658
12661 12658 12663
12658 12662 12664
12663 12658 12665
12658 12664 12666
12665 12658 12667
12668 12658 12666
12667 12658 12669
12658 12668 12670
12658 12671 12669
12658 12670 12672
12658 12672 12671
12673 12674 12675
12673 12676 12674
12675 12677 12673
12678 12676 12673
12677 12679 12673
12673 12679 12680
12681 12678 12673
12682 12673 12680
12681 12683 12684
12685 12684 12683
12686 12684 12685
12687 12684 12686
12687 12688 12684
12684 12688 12689
12690 12684 12689
12681 12684 12690
12681 12691 12692
12681 12692 12693
12694 12692 12691
12692 12695 12693
12694 12696 12692
12695 12692 12697
12692 12696 12698
12697 12692 12698
12699 12700 12701
12701 12702 12699
12701 12700 12703
12704 12702 12701
12704 12701 12705
12705 12701 12706
12682 12701 12703
12682 12706 12701
12682 12707 12708
12707 12709 12708
12682 12710 12711
12710 12709 12712
12713 12708 12712
12714 12708 12713
12710 12715 12711
12714 12715 12710
12716 12717 12718
12717 12716 12719
12718 12720 12716
12719 12716 12721
12716 12720 12722
12721 12716 12723
12716 12722 12724
12723 12716 12725
12726 12716 12724
12725 12716 12727
12716 12726 12728
12716 12729 12727
12716 12728 12730
12716 12730 12729
12731 12732 12733
12732 12731 12734
12733 12735 12731
12734 12731 12736
12731 12735 12737
12736 12731 12738
12731 12737 12739
12738 12731 12740
12741 12731 12739
12740 12731 12742
12731 12741 12743
12731 12744 12742
12731 12743 12745
12731 12745 12744
12746 12747 12748
12747 12746 12749
12748 12750 12746
12749 12746 12751
12746 12750 12752
12751 12746 12753
12746 12752 12754
12753 12746 12755
12756 12746 12754
12755 12746 12757
12746 12756 12758
12746 12759 12757
12746 12758 12760
12746 12760 12759
12761 12762 12763
12762 12761 12764
12763 12765 12761
12764 12761 12766
12761 12765 12767
12766 12761 12768
12761 12767 12769
12768 12761 12770
12771 12761 12769
12770 12761 12772
12761 12771 12773
12761 12774 12772
12761 12773 12775
12761 12775 12774
12776 12777 12778
12776 12779 12777
12778 12780 12776
12781 12779 12776
12780 12782 12776
12776 12782 12783
12784 12781 12776
12785 12776 12783
12784 12786 12787
12788 12787 12786
12789 12787 12788
12790 12787 12789
12790 12791 12787
12787 12791 12792
12793 12787 12792
12784 12787 12793
12784 12794 12795
12784 12795 12796
12797 12795 12794
12795 12798 12796
12797 12799 12795
12798 12795 12800
12795 12799 12801
12800 12795 12801
12802 12803 12804
12804 12805 12802
12804 12803 12806
12807 12805 12804
12807 12804 12808
12808 12804 12809
12785 12804 12806
12785 12809 12804
12785 12810 12811
12810 12812 12811
12785 12813 12814
12813 12812 12815
12816 12811 12815
12817 12811 12816
12813 12818 12814
12817 12818 12813
12819 12820 12821
12820 12819 12822
12821 12823 12819
12822 12819 12824
12819 12823 12825
12824 12819 12826
12819 12825 12827
12826 12819 12828
12829 12819 12827
12828 12819 12830
12819 12829 12831
12819 12832 12830
12819 12831 12833
12819 12833 12832
12834 12835 12836
12835 12834 12837
12836 12838 12834
12837 12834 12839
12834 12838 12840
12839 12834 12841
12834 12840 12842
12841 12834 12843
12844 12834 12842
12843 12834 12845
12834 12844 12846
12834 12847 12845
12834 12846 12848
12834 12848 12847
12849 12850 12851
12850 12849 12852
12851 12853 12849
12852 12849 12854
12849 12853 12855
12854 12849 12856
12849 12855 12857
12856 12849 12858
12859 12849 12857
12858 12849 12860
12849 12859 12861
12849 12862 12860
12849 12861 12863
12849 12863 12862
12864 12865 12866
12865 12864 12867
12866 12868 12864
12867 12864 12869
12864 12868 12870
12869 12864 12871
12864 12870 12872
12871 12864 12873
12874 12864 12872
12873 12864 12875
12864 12874 12876
12864 12877 12875
12864 12876 12878
12864 12878 12877
12879 12880 12881
12880 12879 12882
12881 12883 12879
12882 12879 12884
12879 12883 12885
12884 12879 12886
12879 12885 12887
12886 12879 12888
12889 12879 12887
12888 12879 12890
12879 12889 12891
12879 12892 12890
12879 12891 12893
12879 12893 12892
12894 12895 12896
12894 12897 12895
12896 12898 12894
12899 12897 12894
12898 12900 12894
12894 12900 12901
12902 12899 12894
12903 12894 12901
12902 12904 12905
12906 12905 12904
12907 12905 12906
12908 12905 12907
12908 12909 12905
12905 12909 12910
12911 12905 12910
12902 12905 12911
12902 12912 12913
12902 12913 12914
12915 12913 12912
12913 12916 12914
12915 12917 12913
12916 12913 12918
12913 12917 12919
12918 12913 12919
12920 12921 12922
12922 12923 12920
12922 12921 12924
12925 12923 12922
12925 12922 12926
12926 12922 12927
12903 12922 12924
12903 12927 12922
12903 12928 12929
12928 12930 12929
12931 12930 12928
12903 12932 12933
12931 12933 12934
12932 12935 12933
12934 12933 12936
12933 12935 12936
12937 12938 12939
12938 12937 12940
12939 12941 12937
12940 12937 12942
12937 12941 12943
12942 12937 12944
12937 12943 12945
12944 12937 12946
12947 12937 12945
12946 12937 12948
12937 12947 12949
12937 12950 12948
12937 12949 12951
12937 12951 12950
12952 12953 12954
12953 12952 12955
12954 12956 12952
12955 12952 12957
12952 12956 12958
12957 12952 12959
12952 12958 12960
12959 12952 12961
12962 12952 12960
12961 12952 12963
12952 12962 12964
12952 12965 12963
12952 12964 12966
12952 12966 12965
12967 12968 12969
12968 12967 12970
12969 12971 12967
12970 12967 12972
12967 12971 12973
12972 12967 12974
12967 12973 12975
12974 12967 12976
12977 12967 12975
12976 12967 12978
12967 12977 12979
12967 12980 12978
12967 12979 12981
12967 12981 12980
12982 12983 12984
12983 12982 12985
12984 12986 12982
12985 12982 12987
12982 12986 12988
12987 12982 12989
12982 12988 12990
12989 12982 12991
12992 12982 12990
12991 12982 12993
12982 12992 12994
12982 12995 12993
12982 12994 12996
12982 12996 12995
12997 12998 12999
12997 13000 12998
12999 13001 12997
13002 13000 12997
13001 13003 12997
12997 13003 13004
13005 13002 12997
13006 12997 13004
13005 13007 13008
13009 13008 13007
13010 13008 13009
13011 13008 13010
13011 13012 13008
13008 13012 13013
13014 13008 13013
13005 13008 13014
13005 13015 13016
13005 13016 13017
13018 13016 13015
13016 13019 13017
13018 13020 13016
13019 13016 13021
13016 13020 13022
13021 13016 13022
13023 13024 13025
13025 13026 13023
13025 13024 13027
13028 13026 13025
13028 13025 13029
13029 13025 13030
13006 13025 13027
13006 13030 13025
13006 13031 13032
13031 13033 13032
13006 13034 13035
13034 13033 13036
13037 13032 13036
13038 13032 13037
13034 13039 13035
13038 13039 13034
13040 13041 13042
13041 13040 13043
13042 13044 13040
13043 13040 13045
13040 13044 13046
13045 13040 13047
13040 13046 13048
13047 13040 13049
13050 13040 13048
13049 13040 13051
13040 13050 13052
13040 13053 13051
13040 13052 13054
13040 13054 13053
13055 13056 13057
13056 13055 13058
13057 13059 13055
13058 13055 13060
13055 13059 13061
13060 13055 13062
13055 13061 13063
13062 13055 13064
13065 13055 13063
13064 13055 13066
13055 13065 13067
13055 13068 13066
13055 13067 13069
13055 13069 13068
13070 13071 13072
13071 13070 13073
13072 13074 13070
13073 13070 13075
13070 13074 13076
13075 13070 13077
13070 13076 13078
13077 13070 13079
13080 13070 13078
13079 13070 13081
13070 13080 13082
13070 13083 13081
13070 13082 13084
13070 13084 13083
13085 13086 13087
13086 13085 13088
13087 13089 13085
13088 13085 13090
13085 13089 13091
13090 13085 13092
13085 13091 13093
13092 13085 13094
13095 13085 13093
13094 13085 13096
13085 13095 13097
13085 13098 13096
13085 13097 13099
13085 13099 13098
13100 13101 13102
13101 13100 13103
13102 13104 13100
13103 13100 13105
13100 13104 13106
13105 13100 13107
13100 13106 13108
13107 13100 13109
13110 13100 13108
13109 13100 13111
13100 13110 13112
13100 13113 13111
13100 13112 13114
13100 13114 13113
13115 13116 13117
13116 13115 13118
13117 13119 13115
13118 13115 13120
13115 13119 13121
13120 13115 13122
13115 13121 13123
13122 13115 13124
13125 13115 13123
13124 13115 13126
13115 13125 13127
13115 13128 13126
13115 13127 13129
13115 13129 13128
13130 13131 13132
13131 13130 13133
13132 13134 13130
13133 13130 13135
13130 13134 13136
13135 13130 13137
13130 13136 13138
13137 13130 13139
13140 13130 13138
13139 13130 13141
13130 13140 13142
13130 13143 13141
13130 13142 13144
13130 13144 13143
13145 13146 13147
13146 13145 13148
13147 13149 13145
13148 13145 13150
13145 13149 13151
13150 13145 13152
13145 13151 13153
13152 13145 13154
13155 13145 13153
13154 13145 13156
13145 13155 13157
13145 13158 13156
13145 13157 13159
13145 13159 13158
13160 13161 13162
13161 13160 13163
13162 13164 13160
13163 13160 13165
13160 13164 13166
13165 13160 13167
13160 13166 13168
13167 13160 13169
13170 13160 13168
13169 13160 13171
13160 13170 13172
13160 13173 13171
13160 13172 13174
13160 13174 13173
13175 13176 13177
13176 13175 13178
13177 13179 13175
13178 13175 13180
13175 13179 13181
13180 13175 13182
13175 13181 13183
13182 13175 13184
13185 13175 13183
13184 13175 13186
13175 13185 13187
13175 13188 13186
13175 13187 13189
13175 13189 13188
13190 13191 13192
13191 13190 13193
13192 13194 13190
13193 13190 13195
13190 13194 13196
13195 13190 13197
13190 13196 13198
13197 13190 13199
13200 13190 13198
13199 13190 13201
13190 13200 13202
13190 13203 13201
13190 13202 13204
13190 13204 13203
13205 13206 13207
13206 13205 13208
13207 13209 13205
13208 13205 13210
13205 13209 13211
13210 13205 13212
13205 13211 13213
13212 13205 13214
13215 13205 13213
13214 13205 13216
13205 13215 13217
13205 13218 13216
13205 13217 13219
13205 13219 13218
13220 13221 13222
13221 13220 13223
13222 13224 13220
13223 13220 13225
13220 13224 13226
13225 13220 13227
13220 13226 13228
13227 13220 13229
13230 13220 13228
13229 13220 13231
13220 13230 13232
13220 13233 13231
13220 13232 13234
13220 13234 13233
13235 13236 13237
13236 13235 13238
13237 13239 13235
13238 13235 13240
13235 13239 13241
13240 13235 13242
13235 13241 13243
13242 13235 13244
13245 13235 13243
13244 13235 13246
13235 13245 13247
13235 13248 13246
13235 13247 13249
13235 13249 13248
13250 13251 13252
13251 13250 13253
13252 13254 13250
13253 13250 13255
13250 13254 13256
13255 13250 13257
13250 13256 13258
13257 13250 13259
13260 13250 13258
13259 13250 13261
13250 13260 13262
13250 13263 13261
13250 13262 13264
13250 13264 13263
13265 13266 13267
13266 13265 13268
13267 13269 13265
13268 13265 13270
13265 13269 13271
13270 13265 13272
13265 13271 13273
13272 13265 13274
13275 13265 13273
13274 13265 13276
13265 13275 13277
13265 13278 13276
13265 13277 13279
13265 13279 13278
13280 13281 13282
13281 13280 13283
13282 13284 13280
13283 13280 13285
13280 13284 13286
13285 13280 13287
13280 13286 13288
13287 13280 13289
13290 13280 13288
13289 13280 13291
13280 13290 13292
13280 13293 13291
13280 13292 13294
13280 13294 13293
13295 13296 13297
13296 13295 13298
13297 13299 13295
13298 13295 13300
13295 13299 13301
13300 13295 13302
13295 13301 13303
13302 13295 13304
13305 13295 13303
13304 13295 13306
13295 13305 13307
13295 13308 13306
13295 13307 13309
13295 13309 13308
13310 13311 13312
13311 13310 13313
13312 13314 13310
13313 13310 13315
13310 13314 13316
13315 13310 13317
13310 13316 13318
13317 13310 13319
13320 13310 13318
13319 13310 13321
13310 13320 13322
13310 13323 13321
13310 13322 13324
13310 13324 13323
13325 13326 13327
13325 13328 13326
13327 13329 13325
13330 13328 13325
13329 13331 13325
13325 13331 13332
13333 13330 13325
13334 13325 13332
13333 13335 13336
13337 13336 13335
13338 13336 13337
13339 13336 13338
13339 13340 13336
13336 13340 13341
13342 13336 13341
13333 13336 13342
13333 13343 13344
13333 13344 13345
13346 13344 13343
13344 13347 13345
13346 13348 13344
13347 13344 13349
13344 13348 13350
13349 13344 13350
13351 13352 13353
13353 13354 13351
13353 13352 13355
13356 13354 13353
13356 13353 13357
13357 13353 13358
13334 13353 13355
13334 13358 13353
13334 13359 13360
13359 13361 13360
13334 13362 13363
13362 13361 13364
13365 13360 13364
13366 13360 13365
13362 13367 13363
13366 13367 13362
13368 13369 13370
13369 13368 13371
13370 13372 13368
13371 13368 13373
13368 13372 13374
13373 13368 13375
13368 13374 13376
13375 13368 13377
13378 13368 13376
13377 13368 13379
13368 13378 13380
13368 13381 13379
13368 13380 13382
13368 13382 13381
13383 13384 13385
13384 13383 13386
13385 13387 13383
13386 13383 13388
13383 13387 13389
13388 13383 13390
13383 13389 13391
13390 13383 13392
13393 13383 13391
13392 13383 13394
13383 13393 13395
13383 13396 13394
13383 13395 13397
13383 13397 13396
13398 13399 13400
13399 13398 13401
13400 13402 13398
13401 13398 13403
13398 13402 13404
13403 13398 13405
13398 13404 13406
13405 13398 13407
13408 13398 13406
13407 13398 13409
13398 13408 13410
13398 13411 13409
13398 13410 13412
13398 13412 13411
13413 13414 13415
13414 13413 13416
13415 13417 13413
13416 13413 13418
13413 13417 13419
13418 13413 13420
13413 13419 13421
13420 13413 13422
13423 13413 13421
13422 13413 13424
13413 13423 13425
13413 13426 13424
13413 13425 13427
13413 13427 13426
13428 13429 13430
13428 13431 13429
13430 13432 13428
13433 13431 13428
13432 13434 13428
13428 13434 13435
13436 13433 13428
13437 13428 13435
13436 13438 13439
13440 13439 13438
13441 13439 13440
13442 13439 13441
13442 13443 13439
13439 13443 13444
13445 13439 13444
13436 13439 13445
13436 13446 13447
13436 13447 13448
13449 13447 13446
13447 13450 13448
13449 13451 13447
13450 13447 13452
13447 13451 13453
13452 13447 13453
13454 13455 13456
13456 13457 13454
13456 13455 13458
13459 13457 13456
13459 13456 13460
13460 13456 13461
13437 13456 13458
13437 13461 13456
13437 13462 13463
13462 13464 13463
13437 13465 13466
13465 13464 13467
13468 13463 13467
13469 13463 13468
13465 13470 13466
13469 13470 13465
13471 13472 13473
13472 13471 13474
13473 13475 13471
13474 13471 13476
13471 13475 13477
13476 13471 13478
13471 13477 13479
13478 13471 13480
13481 13471 13479
13480 13471 13482
13471 13481 13483
13471 13484 13482
13471 13483 13485
13471 13485 13484
13486 13487 13488
13487 13486 13489
13488 13490 13486
13489 13486 13491
13486 13490 13492
13491 13486 13493
13486 13492 13494
13493 13486 13495
13496 13486 13494
13495 13486 13497
13486 13496 13498
13486 13499 13497
13486 13498 13500
13486 13500 13499
13501 13502 13503
13502 13501 13504
13503 13505 13501
13504 13501 13506
13501 13505 13507
13506 13501 13508
13501 13507 13509
13508 13501 13510
13511 13501 13509
13510 13501 13512
13501 13511 13513
13501 13514 13512
13501 13513 13515
13501 13515 13514
13516 13517 13518
13517 13516 13519
13518 13520 13516
13519 13516 13521
13516 13520 13522
13521 13516 13523
13516 13522 13524
13523 13516 13525
13526 13516 13524
13525 13516 13527
13516 13526 13528
13516 13529 13527
13516 13528 13530
13516 13530 13529
13531 13532 13533
13531 13534 13532
13533 13535 13531
13536 13534 13531
13535 13537 13531
13531 13537 13538
13539 13536 13531
13540 13531 13538
13539 13541 13542
13543 13542 13541
13544 13542 13543
13545 13542 13544
13545 13546 13542
13542 13546 13547
13548 13542 13547
13539 13542 13548
13539 13549 13550
13539 13550 13551
13552 13550 13549
13550 13553 13551
13552 13554 13550
13553 13550 13555
13550 13554 13556
13555 13550 13556
13557 13558 13559
13559 13560 13557
13559 13558 13561
13562 13560 13559
13562 13559 13563
13563 13559 13564
13540 13559 13561
13540 13564 13559
13540 13565 13566
13565 13567 13566
13540 13568 13569
13568 13567 13570
13571 13566 13570
13572 13566 13571
13568 13573 13569
13572 13573 13568
