byte offset: 0
first index: 0
index count: 11391
topology: trianglelist
format: DXGI_FORMAT_R16_UINT

0 1 2
3 1 4
4 5 6
6 5 7
8 9 10
11 12 10
11 13 12
14 13 11
14 15 13
15 14 16
15 16 17
18 19 20
21 22 23
24 25 26
27 28 29
30 31 32
33 32 34
35 32 33
32 35 36
34 32 37
38 37 32
33 34 39
40 39 34
33 39 41
33 41 42
42 41 43
39 44 41
40 44 39
43 41 45
41 44 45
43 45 46
45 47 46
45 48 47
44 48 45
44 49 48
50 49 44
40 50 44
50 51 49
51 50 52
52 50 40
51 52 53
52 40 54
55 52 54
53 52 56
55 56 52
53 56 57
58 56 55
57 56 59
58 59 56
59 58 60
57 59 61
59 60 62
61 59 62
61 62 63
63 62 64
64 62 65
66 67 40
68 67 66
68 69 67
70 69 68
66 40 71
40 34 71
68 66 72
68 72 73
68 73 74
70 68 75
68 74 75
75 76 70
75 74 76
71 77 66
77 78 66
79 71 34
71 79 77
77 80 78
81 78 80
82 81 80
83 82 80
83 80 77
84 83 77
84 77 79
79 34 85
34 37 85
79 85 86
79 86 84
87 83 84
87 88 83
85 37 89
85 89 86
86 90 84
87 84 90
87 91 88
91 92 88
89 37 93
89 93 94
38 93 37
38 95 93
96 86 89
86 96 90
96 89 97
38 98 95
99 98 38
99 100 98
98 101 95
100 102 98
98 102 101
100 103 102
102 104 101
104 102 103
101 104 105
104 103 106
107 105 104
104 106 108
108 107 104
108 109 107
97 110 96
96 110 111
96 111 90
111 112 90
110 113 111
112 111 113
114 90 112
114 87 90
115 87 114
115 91 87
115 116 91
115 117 116
91 116 92
118 116 117
92 116 119
118 119 116
92 119 120
121 119 118
121 120 119
112 122 114
112 113 123
123 122 112
124 114 122
124 125 114
126 125 124
123 113 127
128 127 113
110 128 113
129 128 110
128 130 127
129 130 128
129 110 131
97 131 110
131 97 132
132 97 133
133 134 132
133 135 134
136 134 135
131 132 137
137 132 134
131 138 129
131 137 138
129 139 130
138 139 129
136 140 134
137 134 141
140 141 134
136 142 140
136 143 142
143 144 142
140 142 145
142 144 146
142 146 145
144 147 146
144 148 147
147 149 146
145 146 149
147 150 149
145 149 151
151 152 145
140 145 153
145 152 153
140 153 141
152 141 153
141 152 154
137 141 154
155 137 154
154 156 155
138 137 155
156 138 155
154 157 156
156 158 138
138 158 139
159 139 158
156 159 158
159 160 139
160 130 139
160 161 130
127 130 161
156 157 162
163 162 157
163 157 164
165 163 164
156 166 159
156 162 166
159 166 167
166 162 167
168 160 159
168 159 167
160 169 161
160 168 169
127 161 170
169 170 161
165 171 163
171 165 172
173 162 163
162 173 167
174 127 170
123 127 174
123 174 175
174 170 176
176 175 174
169 177 170
176 170 177
123 175 178
178 122 123
179 122 178
175 179 178
179 124 122
180 173 163
167 173 181
181 173 180
167 181 182
181 183 182
168 167 183
184 181 180
181 185 183
186 180 163
184 180 186
171 186 163
184 186 187
168 183 188
188 183 185
188 169 168
186 171 189
171 172 189
190 187 186
186 189 190
190 191 187
188 192 169
192 177 169
193 188 185
193 192 188
194 189 172
194 172 195
196 190 189
196 189 194
197 191 190
197 190 196
198 191 197
199 198 197
195 200 194
200 196 194
195 201 200
200 201 202
200 203 196
204 196 203
203 205 204
200 202 206
207 206 202
207 202 208
209 207 208
209 208 210
209 210 211
212 213 214
213 215 216
215 217 216
218 219 216
218 216 220
221 220 216
222 221 216
221 223 220
223 224 220
223 225 224
226 220 224
226 227 220
225 228 224
225 229 228
229 230 228
229 231 230
231 232 230
231 233 232
234 235 232
236 226 237
236 237 238
239 236 238
239 238 240
235 241 242
241 240 242
241 243 240
244 245 246
247 248 249
250 249 251
250 251 252
253 252 251
253 254 252
254 255 256
254 256 257
257 256 258
257 258 259
260 259 258
260 261 259
262 263 264
262 265 263
265 266 263
265 267 266
267 268 266
267 269 268
269 270 268
269 271 270
271 272 270
271 273 272
272 274 275
272 275 276
275 277 276
275 278 277
279 277 278
279 278 280
279 280 281
279 281 282
283 282 281
284 285 286
287 285 284
287 288 285
287 289 288
287 290 289
291 289 290
291 290 292
291 292 293
291 293 294
295 294 293
296 289 291
294 296 291
296 297 289
289 297 298
289 298 288
288 298 299
288 299 300
300 299 301
294 302 296
302 294 303
295 303 294
302 303 304
303 305 304
306 303 295
303 306 305
307 305 306
306 295 308
307 306 309
309 306 308
309 308 310
311 309 310
311 312 309
312 311 313
314 315 316
317 315 314
317 318 315
319 318 317
319 320 318
321 320 319
321 322 320
323 322 321
323 324 322
325 324 323
325 326 324
327 328 329
330 328 327
330 327 331
332 330 331
333 328 330
333 334 328
332 335 330
330 336 333
330 335 336
333 337 334
337 333 336
332 338 335
332 339 338
337 340 334
341 334 340
336 335 342
335 338 342
343 338 339
343 339 344
345 342 338
345 338 343
343 346 345
344 347 343
343 347 346
344 348 347
346 347 349
349 347 348
341 340 350
341 350 351
346 349 352
349 353 352
346 352 354
353 354 352
353 355 354
356 355 353
349 348 357
349 358 353
357 358 349
359 357 348
360 357 359
359 348 361
357 362 358
360 362 357
356 353 363
353 358 364
353 364 363
365 358 362
365 364 358
356 363 366
356 366 367
368 365 362
360 368 362
364 365 369
370 365 368
363 364 371
364 369 371
363 371 366
371 369 372
373 367 366
371 373 366
373 374 367
374 373 375
371 372 376
371 376 373
376 372 375
373 376 375
370 368 377
378 370 377
378 377 379
378 379 380
368 381 377
368 382 381
360 382 368
360 383 382
382 383 384
382 384 385
386 385 384
360 387 383
360 388 387
360 359 388
389 388 359
389 359 361
390 389 361
390 361 391
390 391 392
387 393 383
387 394 393
388 394 387
383 393 395
383 395 384
388 396 394
389 396 388
384 395 397
384 397 398
386 384 398
399 398 397
400 386 398
399 400 398
400 401 386
400 399 402
401 400 403
400 402 403
401 403 404
403 402 405
404 403 406
403 405 406
404 406 407
406 405 408
407 406 408
409 410 411
409 412 410
412 409 413
412 413 414
415 414 413
416 410 412
416 417 410
392 416 412
392 412 414
417 418 410
390 392 414
415 390 414
417 419 418
418 419 420
421 420 419
421 419 422
415 423 390
415 424 423
423 389 390
424 425 423
425 389 423
425 396 389
424 426 425
427 396 425
428 396 427
426 429 425
427 425 429
428 427 430
428 430 431
432 431 430
427 433 430
427 429 433
432 430 434
434 430 433
435 432 434
426 436 429
436 426 437
429 438 433
429 436 438
436 437 439
440 439 437
436 439 441
436 441 438
442 438 441
443 433 438
434 433 443
443 438 442
444 434 443
442 444 443
435 434 445
444 445 434
445 446 435
447 439 440
447 441 439
448 447 440
449 447 448
445 450 446
444 450 445
451 446 450
452 441 447
449 452 447
453 451 450
454 451 453
452 455 441
442 441 455
449 456 452
456 455 452
449 457 456
458 456 457
458 457 459
458 459 460
456 461 455
461 456 458
458 460 462
460 463 462
455 461 464
455 464 442
461 458 465
465 458 462
465 464 461
463 466 462
466 463 467
463 468 467
467 468 469
466 470 462
465 462 470
470 466 467
465 470 467
467 469 471
465 467 471
465 471 464
471 469 472
471 472 464
464 472 442
442 472 473
442 473 444
472 474 473
474 444 473
472 475 474
474 475 476
474 477 444
444 477 450
453 450 477
477 474 478
474 476 478
477 478 453
479 478 476
479 476 480
481 479 480
482 453 478
482 478 479
481 482 479
454 453 482
481 454 482
381 483 484
381 485 483
486 487 488
486 488 489
489 488 490
489 490 491
491 490 492
486 489 493
494 489 491
494 493 489
495 486 493
494 496 493
495 493 496
495 497 486
497 498 486
497 499 498
500 499 497
500 501 499
500 502 501
497 503 500
497 495 503
502 500 503
504 503 495
495 496 504
503 505 502
504 505 503
502 505 506
507 506 505
507 505 504
504 508 507
504 496 508
509 508 496
510 508 509
509 496 494
510 509 511
510 511 512
509 494 513
509 513 511
494 491 513
514 512 511
514 511 513
514 515 512
516 513 491
514 513 516
516 491 517
491 492 517
518 514 516
519 516 517
518 516 519
520 514 518
520 515 514
492 521 517
519 517 521
519 522 518
520 518 522
521 523 519
519 523 522
515 520 524
520 522 525
525 524 520
515 524 526
526 527 515
528 525 522
529 522 523
528 522 529
525 530 524
528 530 525
521 531 523
529 523 532
532 523 531
533 531 521
492 533 521
533 534 531
492 535 533
535 534 533
532 531 536
534 536 531
492 537 535
537 492 538
537 538 539
540 539 538
541 535 537
541 537 539
541 542 535
542 543 535
535 543 534
541 539 544
534 543 545
540 546 539
546 544 539
547 546 540
546 548 544
547 548 546
534 545 549
550 549 545
534 549 536
536 549 550
550 545 551
536 550 552
552 532 536
552 553 532
553 529 532
553 554 529
554 528 529
552 555 553
553 556 554
553 555 556
554 557 528
557 554 556
558 552 550
552 558 555
557 559 528
528 559 530
557 556 560
556 555 561
556 561 562
563 555 558
563 561 555
558 550 564
564 563 558
564 565 563
566 564 550
566 565 564
566 550 551
557 567 559
560 567 557
568 530 559
567 568 559
561 563 569
565 569 563
570 566 551
566 570 565
560 571 567
572 571 560
570 551 573
573 551 574
568 575 530
575 524 530
565 570 576
573 576 570
573 574 577
574 578 577
577 578 579
575 580 524
526 524 580
526 580 581
581 582 526
526 582 527
573 583 576
583 573 577
577 579 584
585 584 579
586 580 575
581 580 586
527 582 587
527 587 588
587 589 588
583 577 590
590 577 584
585 591 584
592 591 585
590 584 593
593 584 591
593 591 594
592 595 591
594 591 595
592 596 595
594 595 597
597 595 596
587 598 589
589 598 599
599 598 600
587 600 598
600 601 599
587 602 600
602 601 600
582 602 587
602 603 601
582 604 602
604 603 602
604 605 603
581 604 582
581 605 604
581 606 605
581 607 606
608 607 581
581 586 608
608 609 607
610 607 609
610 609 611
612 611 609
612 609 608
608 613 612
608 586 613
614 613 586
614 586 615
586 575 615
616 614 615
575 616 615
616 617 614
575 568 616
617 616 618
616 568 618
617 618 619
620 619 618
568 621 618
567 621 568
571 621 567
622 620 618
622 618 621
571 622 621
622 342 620
623 622 571
623 342 622
572 623 571
336 342 623
624 623 572
624 336 623
562 624 572
337 336 624
562 625 624
625 337 624
562 626 625
562 561 626
561 569 626
625 627 337
337 627 340
625 628 627
628 340 627
625 626 628
350 340 628
629 628 626
629 626 569
350 628 629
629 569 630
565 630 569
631 350 629
631 351 350
565 632 630
632 565 576
629 630 633
631 629 633
634 351 631
634 635 351
636 635 634
634 631 637
637 631 633
637 633 638
639 638 633
639 633 630
630 632 639
632 576 640
583 640 576
583 641 640
590 641 583
632 640 642
642 640 641
639 632 643
632 642 643
644 639 643
639 644 645
644 646 645
646 647 645
646 648 647
649 648 646
644 649 646
649 650 648
644 643 651
644 651 649
650 649 652
651 652 649
650 652 653
643 654 651
643 642 654
651 654 652
653 652 655
654 655 652
653 655 656
657 654 642
642 641 657
654 658 655
655 658 659
657 660 654
656 655 661
655 659 662
656 661 663
662 659 664
665 663 661
662 664 665
665 666 663
665 664 667
666 665 668
665 667 668
666 668 669
668 667 670
669 668 670
660 657 671
660 671 672
660 672 673
674 673 672
674 675 673
657 676 671
657 641 676
590 676 641
677 676 590
677 671 676
677 590 678
679 677 678
680 672 671
677 680 671
680 674 672
679 681 677
680 677 681
682 681 679
683 675 674
683 684 675
685 674 680
680 681 685
685 683 674
682 686 681
685 681 686
687 686 682
685 686 688
688 683 685
687 688 686
689 684 683
688 689 683
687 689 688
689 690 684
687 690 689
635 691 692
692 693 694
695 693 692
696 697 698
696 698 699
699 698 700
699 700 701
701 700 702
701 702 703
702 704 703
705 706 696
705 647 706
707 708 709
710 707 709
711 710 709
712 711 709
712 713 711
711 714 710
715 711 713
716 714 711
715 716 711
716 717 714
718 717 716
719 716 715
718 716 719
719 715 720
719 720 721
718 719 722
719 721 722
718 722 723
722 724 723
721 725 722
722 725 724
721 726 725
725 727 724
726 728 725
725 728 727
726 729 728
728 730 727
731 728 729
728 731 730
731 729 732
731 733 730
734 731 732
731 735 733
734 735 731
736 737 738
736 738 739
740 739 738
740 741 739
741 740 742
741 742 743
744 745 742
744 746 745
747 748 744
747 744 749
747 749 750
751 752 753
753 752 754
754 752 755
754 755 756
757 755 752
758 756 755
758 755 759
758 759 760
758 760 761
762 761 760
762 760 763
763 764 762
765 760 759
763 760 765
755 766 759
765 759 766
767 765 766
763 768 764
769 764 768
763 765 770
767 770 765
770 768 763
755 771 766
757 771 755
769 768 772
773 769 772
767 766 774
774 766 771
775 772 768
773 772 776
776 772 775
770 777 768
775 768 777
770 778 777
775 777 778
776 775 779
776 779 780
773 776 781
776 780 781
773 781 782
781 780 783
782 781 784
781 783 784
782 784 785
786 784 783
786 785 784
770 787 778
767 787 770
775 778 788
788 789 775
788 790 789
790 791 789
792 787 767
792 778 787
778 793 788
793 790 788
790 794 791
791 794 795
792 796 778
778 796 793
790 797 794
795 794 798
798 794 797
793 799 790
790 799 797
793 800 799
797 799 800
793 801 800
796 801 793
797 800 802
796 803 801
792 803 796
802 804 797
797 804 798
792 805 803
806 798 804
807 795 798
806 807 798
807 808 795
807 809 808
806 810 807
807 810 809
806 811 810
809 810 812
811 812 810
811 813 812
809 812 814
812 813 815
816 814 812
812 815 816
816 817 814
815 818 816
816 818 817
819 820 821
819 821 822
822 821 823
822 823 824
824 823 825
824 825 826
826 825 827
828 829 830
828 830 831
828 831 832
832 831 833
832 833 834
835 834 833
835 836 834
836 835 837
836 837 838
839 840 841
842 840 839
842 843 840
844 842 845
844 845 846
847 846 845
847 848 846
849 850 851
849 852 850
853 850 852
849 854 852
854 853 852
853 855 850
854 856 853
857 855 853
853 856 858
853 858 859
857 853 859
858 860 859
857 859 860
858 861 860
857 860 862
863 857 862
864 860 861
862 860 864
864 861 865
863 862 866
862 864 866
864 867 866
863 866 868
867 868 866
867 869 868
870 869 867
865 871 864
864 871 867
865 872 871
873 871 872
867 871 873
873 872 874
875 873 874
870 867 876
867 873 876
875 877 873
876 873 877
877 875 878
870 876 879
876 877 879
870 879 880
877 878 881
879 877 881
878 882 881
880 879 883
879 881 883
881 882 883
880 883 884
882 884 883
885 886 887
885 887 888
889 888 887
889 890 888
889 891 890
892 893 894
895 893 892
895 892 896
897 895 896
897 898 895
898 897 899
898 899 900
900 899 901
900 901 902
903 904 905
906 904 903
906 903 907
908 906 907
908 909 906
908 910 909
908 911 910
912 910 911
912 913 910
914 915 916
916 915 917
917 915 918
917 918 919
920 919 918
920 921 919
922 920 918
922 918 923
923 924 922
923 918 925
923 926 924
923 925 927
927 926 923
927 925 928
927 929 926
927 928 930
930 929 927
930 928 931
930 932 929
930 931 933
932 930 933
932 933 934
935 933 931
936 934 933
935 937 933
936 933 937
938 937 935
939 936 937
938 940 937
939 937 940
941 940 938
939 940 941
942 943 944
942 945 943
945 946 943
947 948 949
947 949 950
951 950 949
951 952 950
952 951 953
952 953 954
955 954 953
955 953 956
957 955 956
957 956 958
957 958 959
957 959 960
961 960 959
961 959 962
961 962 963
961 963 964
964 963 965
964 965 966
966 965 967
968 969 970
968 970 971
972 971 970
973 971 972
974 973 972
974 972 975
976 971 973
974 976 973
974 975 977
978 977 975
979 977 978
980 979 978
980 981 979
981 980 982
983 977 979
983 979 981
983 984 977
974 977 984
983 981 985
985 981 986
981 982 986
985 986 987
982 988 986
987 986 988
982 989 988
987 988 990
989 991 988
990 988 991
989 992 991
990 991 993
994 991 992
993 991 995
994 995 991
993 995 996
997 995 994
996 995 998
997 998 995
996 998 999
997 1000 998
999 998 1000
1001 1002 1003
1001 1003 1004
1001 1004 1005
1001 1005 1006
1006 1005 1007
1006 1007 1008
1009 1010 1011
1009 1012 1010
1012 1013 1010
1012 1014 1013
1015 1013 1014
1015 1016 1013
1015 1017 1018
1015 1019 1017
1020 1017 1019
1021 1022 1023
1021 1023 1024
1021 1024 1025
1026 1025 1024
1026 1024 1027
1026 1027 1028
1026 1028 1029
1030 1031 1032
1032 1031 1033
1032 1033 1034
1035 1034 1033
1035 1033 1036
1037 1035 1036
1037 1036 1038
1038 1036 1039
1040 1041 1042
1042 1043 1040
1042 1044 1043
1045 1043 1044
1045 1044 1046
1046 1047 1045
1046 1048 1047
1048 1049 1047
1048 1050 1049
1050 1051 1049
1052 1053 1054
1055 1053 1052
1055 1056 1053
1055 1057 1056
1055 1058 1057
1059 1057 1058
1059 1060 1057
1061 1060 1059
1061 1059 1062
1063 1061 1062
1063 1062 1064
1065 1063 1064
1065 1064 1066
1066 1067 1065
1066 1068 1067
1069 1067 1068
1069 1068 1070
1071 1072 1073
1071 1074 1072
1075 1074 1071
1072 1074 1076
1072 1076 1077
1075 1078 1074
1079 1078 1075
1077 1076 1080
1077 1080 1081
1082 1080 1076
1083 1076 1074
1082 1076 1083
1083 1074 1078
1079 1084 1078
1085 1084 1079
1082 1083 1086
1082 1086 1087
1086 1088 1087
1089 1083 1078
1086 1083 1089
1089 1078 1084
1084 1090 1089
1085 1091 1084
1084 1091 1090
1091 1085 1092
1089 1093 1086
1086 1093 1088
1089 1090 1093
1094 1088 1093
1094 1095 1088
1096 1095 1094
1091 1092 1097
1090 1091 1097
1092 1098 1097
1092 1099 1098
1100 1098 1099
1090 1097 1101
1102 1101 1097
1102 1103 1101
1104 1103 1102
1104 1102 1105
1106 1104 1105
1106 1107 1104
1108 1107 1106
1108 1109 1107
1110 1109 1108
1111 1090 1112
1111 1113 1090
1093 1090 1113
1114 1113 1111
1093 1113 1115
1114 1116 1113
1116 1115 1113
1117 1116 1114
1116 1118 1115
1117 1119 1116
1118 1116 1119
1117 1120 1119
1118 1119 1121
1121 1119 1120
1122 1123 1124
1125 1123 1122
1125 1126 1123
1127 1126 1125
1127 1128 1126
1129 1128 1127
1129 1130 1128
1131 1130 1129
1131 1132 1130
1133 1132 1131
1133 1134 1132
1135 1136 1137
1136 1135 1138
1136 1138 1139
1139 1140 1136
1140 1141 1136
1142 1139 1138
1142 1138 1143
1144 1142 1143
1143 1145 1144
1146 1144 1145
1146 1147 1144
1147 1146 1148
1149 1150 1151
1149 1151 1152
1153 1152 1151
1153 1154 1152
1152 1154 1155
1152 1155 1149
1156 1149 1155
1156 1157 1149
1157 1158 1149
1149 1158 1159
1160 1161 1162
1160 1163 1161
1164 1163 1160
1164 1165 1163
1166 1165 1164
1166 1167 1165
1168 1167 1166
1168 1169 1167
1170 1169 1168
1165 1171 1163
1172 1165 1167
1165 1172 1171
1169 1173 1167
1172 1167 1173
1163 1174 1161
1163 1171 1174
1170 1175 1169
1169 1175 1173
1176 1172 1173
1176 1173 1177
1175 1177 1173
1172 1176 1178
1172 1178 1171
1171 1178 1179
1171 1179 1174
1175 1180 1177
1174 1179 1181
1182 1180 1175
1170 1182 1175
1182 1183 1180
1174 1181 1184
1184 1161 1174
1185 1184 1181
1170 1186 1182
1186 1183 1182
1170 1187 1186
1186 1188 1183
1184 1189 1161
1189 1184 1185
1189 1190 1161
1191 1189 1185
1189 1191 1190
1187 1192 1186
1188 1186 1192
1187 1193 1192
1188 1192 1194
1193 1195 1192
1194 1192 1195
1193 1196 1195
1194 1195 1197
1195 1196 1198
1199 1197 1195
1199 1195 1198
1200 1201 1202
1200 1203 1201
1204 1203 1200
1204 1205 1203
1206 1207 1208
1209 1206 1208
1209 1208 1210
1210 1208 1211
1212 1209 1210
1212 1213 1209
1210 1211 1214
1212 1210 1215
1215 1210 1214
1215 1214 1216
1217 1214 1211
1216 1214 1217
1217 1211 1218
1217 1218 1219
1217 1219 1220
1220 1219 1221
1216 1217 1222
1222 1217 1220
1220 1221 1223
1222 1220 1224
1224 1220 1223
1225 1223 1221
1225 1221 1226
1216 1222 1227
1227 1222 1224
1224 1223 1228
1228 1223 1225
1229 1225 1226
1229 1226 1230
1229 1230 1231
1227 1224 1232
1232 1224 1228
1233 1225 1229
1228 1225 1233
1229 1231 1234
1233 1229 1235
1235 1229 1234
1236 1234 1231
1236 1231 1237
1236 1237 1238
1235 1234 1239
1239 1234 1236
1240 1233 1235
1240 1235 1239
1240 1241 1233
1228 1233 1241
1240 1239 1242
1243 1242 1239
1236 1238 1244
1245 1244 1238
1239 1236 1246
1243 1239 1246
1246 1236 1244
1247 1244 1245
1246 1244 1247
1243 1246 1247
1248 1247 1245
1243 1247 1248
1228 1241 1249
1232 1228 1249
1249 1250 1232
1232 1250 1251
1251 1250 1252
1249 1253 1250
1252 1250 1253
1249 1241 1253
1252 1253 1254
1253 1255 1254
1241 1256 1253
1253 1256 1255
1241 1257 1256
1258 1255 1256
1259 1256 1257
1258 1256 1259
1259 1257 1260
1258 1259 1261
1261 1259 1260
1262 1263 1264
1262 1264 1265
1266 1265 1264
1266 1267 1265
1268 1267 1266
1268 1269 1267
1267 1269 1270
1270 1269 1271
1270 1271 1272
1273 1272 1271
1272 1274 1270
1275 1274 1272
1276 1274 1275
1213 1274 1276
1213 1277 1274
1270 1274 1277
1212 1277 1213
1270 1277 1278
1267 1270 1278
1212 1278 1277
1267 1279 1265
1279 1267 1278
1212 1280 1278
1279 1278 1280
1280 1212 1215
1281 1265 1279
1281 1279 1280
1281 1262 1265
1280 1215 1282
1281 1280 1282
1216 1282 1215
1283 1281 1282
1216 1283 1282
1284 1262 1281
1283 1284 1281
1216 1285 1283
1216 1227 1285
1283 1285 1286
1284 1283 1286
1284 1287 1262
1288 1262 1287
1288 1287 1289
1227 1290 1285
1286 1285 1290
1287 1284 1291
1284 1286 1291
1292 1289 1287
1287 1291 1292
1292 1293 1289
1286 1294 1291
1294 1292 1291
1295 1293 1292
1294 1295 1292
1295 1296 1293
1296 1295 1297
1296 1297 1298
1227 1299 1290
1299 1227 1300
1286 1290 1301
1286 1301 1294
1302 1295 1294
1302 1297 1295
1294 1301 1303
1294 1303 1302
1302 1303 1304
1305 1301 1290
1299 1305 1290
1305 1306 1301
1307 1299 1300
1299 1307 1305
1307 1300 1308
1309 1307 1308
1309 1310 1307
1310 1305 1307
1309 1311 1310
1312 1306 1305
1310 1312 1305
1310 1311 1312
1312 1313 1306
1311 1313 1312
1302 1304 1314
1314 1297 1302
1304 1315 1314
1304 1316 1315
1315 1316 1317
1314 1318 1297
1315 1318 1314
1298 1297 1318
1298 1318 1319
1320 1319 1318
1315 1320 1318
1320 1321 1319
1315 1317 1322
1320 1315 1322
1321 1320 1323
1320 1322 1323
1321 1323 1324
1317 1325 1322
1323 1322 1325
1317 1326 1325
1325 1326 1327
1324 1323 1328
1323 1325 1328
1327 1328 1325
1324 1328 1329
1329 1328 1327
1330 1331 1332
1331 757 1332
757 1333 1332
1333 1334 1332
1335 757 1331
1335 771 757
1335 1331 1336
1337 771 1335
774 771 1337
1335 1336 1338
1335 1338 1337
1338 1336 1339
1338 1339 1340
1337 1341 774
1338 1341 1337
1341 767 774
1338 1340 1342
1338 1342 1341
1342 1340 1343
1341 1344 767
792 767 1344
1344 805 792
1344 1341 1345
1344 1345 805
1342 1346 1341
1347 1342 1343
1342 1347 1346
805 1346 1347
1347 1343 1348
1347 1348 1349
805 1347 1350
1347 1349 1351
1352 805 1350
1353 1351 1349
1352 1350 1353
1353 1349 1354
1352 1353 1355
1355 1353 1354
1352 1355 1356
1355 1354 1357
1358 1356 1355
1359 1355 1357
1358 1355 1359
1359 1357 1360
1361 1358 1359
1360 1361 1359
1361 1362 1358
1360 1363 1361
1364 1362 1361
1364 1361 1363
1365 1366 1367
1367 1366 1368
1367 1368 1369
1369 1368 1370
1369 1370 1371
1372 1371 1370
1373 1372 1370
1373 1374 1372
1373 1370 1375
1372 1376 1371
1376 1372 1374
1377 1371 1376
1377 1376 1378
1378 1379 1377
1378 1380 1379
1381 1380 1378
1378 1376 1382
1376 1374 1382
1374 1383 1382
1378 1382 1384
1381 1378 1384
1384 1382 1383
1385 1381 1384
1385 1386 1381
1384 1383 1387
1387 1385 1384
1388 1385 1387
1388 1387 1383
1389 1386 1385
1388 1389 1385
1389 1390 1386
1391 1390 1389
1391 1389 1392
1393 1389 1388
1393 1392 1389
1394 1391 1392
1394 1395 1391
1392 1393 1396
1392 1396 1394
1395 1394 1397
1395 1397 1398
1399 1398 1397
1399 1397 1400
1394 1400 1397
1401 1399 1400
1394 1402 1400
1402 1401 1400
1394 1396 1402
1402 1403 1401
1402 1404 1403
1402 1396 1404
1393 1404 1396
1393 1405 1404
1388 1405 1393
1388 1406 1405
1388 1407 1406
1388 1383 1407
1408 1407 1383
1408 1406 1407
1408 1383 1409
1408 1410 1406
1374 1409 1383
1405 1406 1411
1410 1411 1406
1405 1411 1412
1410 1413 1411
1411 1414 1412
1413 1415 1411
1411 1415 1414
1413 1416 1415
1417 1415 1416
1414 1415 1418
1417 1418 1415
1414 1418 1419
1418 1420 1419
1421 1418 1417
1418 1421 1420
1421 1417 1422
1421 1423 1420
1421 1422 1423
1424 1425 1426
1427 1424 1426
1427 1426 1428
1429 1427 1428
1429 1430 1427
1427 1430 1431
1430 1429 1432
1431 1430 1433
1430 1432 1434
1433 1430 1434
1434 1432 1435
1433 1434 1436
1434 1435 1437
1436 1434 1437
1437 1435 1438
1436 1437 1439
1436 1439 1440
1441 1440 1439
1437 1441 1439
1441 1442 1440
1437 1438 1443
1437 1443 1441
1443 1438 1444
1443 1444 1445
1441 1443 1445
1445 1444 1446
1442 1441 1447
1441 1445 1447
1447 1445 1446
1442 1447 1448
1448 1447 1446
1449 1450 1451
1452 1451 1450
1452 1453 1451
1454 1453 1452
1454 1452 1455
1456 1455 1452
1457 1454 1455
1458 1452 1450
1456 1452 1458
1457 1455 1459
1459 1455 1456
1458 1450 1460
1461 1460 1450
1461 1462 1460
1463 1460 1462
1463 1458 1460
1463 1456 1458
1463 1464 1456
1456 1464 1465
1456 1465 1466
1459 1456 1466
1467 1466 1465
1467 1468 1466
1459 1466 1468
1468 1467 1469
1457 1459 1470
1459 1468 1470
1457 1470 1471
1468 1469 1472
1470 1468 1472
1472 1469 1473
1471 1470 1474
1470 1472 1474
1471 1474 1475
1476 1475 1474
1472 1473 1477
1474 1472 1477
1474 1477 1478
1476 1474 1478
1476 1478 1479
1479 1478 1480
1478 1481 1480
1479 1480 1482
1479 1482 1483
1482 1484 1483
1480 1485 1482
1484 1482 1485
1480 1486 1485
1486 1473 1487
1487 1484 1485
1486 1487 1485
1488 1489 1490
1488 1491 1489
1492 1491 1488
1492 1488 1493
1494 1491 1492
1494 1495 1491
1494 1496 1495
1494 1497 1496
1496 1497 1498
1499 1489 1491
1499 1491 1500
1499 1500 1496
1501 1489 1499
1502 1489 1501
1502 1503 1489
1503 1502 1504
1503 1504 1505
1506 1505 1504
1501 1507 1502
1507 1504 1502
1501 1499 1508
1499 1496 1509
1508 1499 1509
1501 1510 1507
1508 1510 1501
1506 1504 1511
1507 1512 1504
1512 1511 1504
1512 1513 1511
1511 1513 1514
1506 1511 1515
1511 1514 1515
1506 1515 1516
1515 1514 1517
1518 1516 1515
1515 1517 1519
1518 1515 1519
1517 1520 1519
1520 1518 1519
1517 1521 1520
1520 1522 1518
1523 1520 1521
1522 1520 1523
1507 1524 1525
1526 1525 1524
1507 1527 1524
1527 1507 1510
1526 1524 1528
1527 1529 1524
1528 1524 1529
1528 1529 1530
1528 1530 1531
1527 1532 1529
1526 1528 1533
1528 1531 1533
1526 1533 1534
1535 1533 1531
1535 1534 1533
1527 1510 1536
1527 1537 1532
1527 1536 1537
1538 1537 1536
1536 1510 1539
1508 1539 1510
1538 1536 1540
1536 1539 1540
1539 1508 1541
1508 1509 1541
1542 1540 1539
1542 1538 1540
1539 1541 1542
1541 1509 1543
1543 1509 1496
1542 1541 1544
1541 1543 1544
1542 1545 1538
1546 1542 1544
1547 1546 1544
1548 1546 1547
1547 1549 1548
1549 1547 1550
1547 1544 1551
1551 1544 1543
1550 1547 1551
1552 1551 1543
1550 1551 1552
1543 1496 1553
1552 1543 1553
1496 1498 1553
1552 1553 1498
1538 1545 1554
1555 1554 1545
1550 1552 1556
1556 1557 1550
1556 1558 1557
1557 1558 1559
1559 1558 1560
1560 1558 1556
1559 1560 1561
1561 1560 1556
1556 1562 1561
1552 1562 1556
1552 1498 1563
1552 1563 1562
1564 1563 1498
1564 1498 1565
1563 1566 1562
1564 1566 1563
1562 1566 1567
1568 1567 1566
1564 1568 1566
1568 1569 1567
1564 1565 1570
1568 1564 1570
1570 1565 1571
1569 1568 1572
1568 1570 1572
1570 1571 1573
1573 1571 1574
1570 1575 1572
1570 1573 1575
1573 1574 1576
1575 1573 1576
1576 1574 1577
1569 1572 1578
1575 1578 1572
1569 1578 1579
1569 1579 1580
1575 1581 1578
1581 1579 1578
1575 1576 1582
1581 1575 1582
1576 1577 1583
1582 1576 1583
1577 1584 1583
1577 1585 1584
1586 1584 1585
1580 1579 1587
1580 1587 1588
1587 1589 1588
1582 1583 1590
1590 1583 1584
1586 1591 1584
1592 1591 1586
1590 1584 1593
1593 1584 1591
1592 1594 1591
1594 1592 1595
1596 1593 1591
1596 1591 1594
1596 1597 1593
1597 1590 1593
1597 1598 1590
1598 1582 1590
1596 1594 1599
1599 1594 1600
1594 1595 1600
1599 1600 1601
1600 1602 1601
1603 1600 1595
1600 1603 1602
1603 1595 1604
1603 1605 1602
1604 1605 1603
1598 1606 1582
1581 1582 1606
1606 1607 1581
1581 1607 1579
1606 1608 1607
1598 1608 1606
1579 1607 1609
1609 1607 1608
1579 1609 1587
1598 1610 1608
1609 1608 1611
1611 1608 1610
1612 1587 1609
1612 1609 1611
1613 1610 1598
1613 1598 1614
1611 1610 1615
1615 1610 1613
1616 1613 1614
1616 1614 1617
1612 1618 1587
1587 1618 1589
1612 1611 1619
1619 1611 1615
1616 1620 1613
1615 1613 1620
1616 1621 1620
1616 1622 1621
1623 1615 1620
1616 1624 1622
1625 1616 1617
1625 1617 1626
1627 1625 1626
1628 1622 1624
1627 1629 1625
1628 1624 1629
1629 1627 1630
1628 1629 1631
1629 1630 1631
1628 1631 1632
1633 1631 1630
1633 1632 1631
1623 1634 1615
1619 1615 1634
1635 1619 1634
1635 1634 1636
1637 1619 1635
1637 1612 1619
1638 1636 1634
1618 1612 1637
1623 1639 1634
1638 1634 1639
1640 1639 1623
1640 1638 1639
1640 1623 1641
1640 1642 1638
1643 1640 1641
1642 1640 1643
1643 1641 1644
1642 1643 1645
1643 1644 1646
1645 1643 1647
1643 1646 1647
1645 1647 1648
1647 1646 1649
1647 1649 1650
1649 1651 1650
1652 1648 1647
1652 1653 1648
1653 1652 1654
1655 1589 1656
1618 1656 1589
1618 1657 1656
1657 1618 1658
1618 1637 1658
1656 1657 1659
1656 1659 1660
1661 1658 1637
1662 1661 1637
1657 1658 1663
1659 1657 1663
1660 1659 1664
1660 1664 1665
1665 1664 1666
1659 1667 1664
1666 1664 1667
1662 1668 1661
1669 1668 1662
1661 1670 1658
1663 1658 1670
1659 1663 1671
1659 1671 1667
1663 1672 1671
1663 1670 1672
1672 1667 1671
1673 1666 1667
1674 1666 1673
1672 1675 1667
1673 1667 1675
1670 1676 1672
1676 1675 1672
1677 1670 1661
1670 1677 1676
1673 1675 1678
1676 1678 1675
1674 1673 1679
1673 1678 1679
1679 1680 1674
1678 1680 1679
1681 1674 1680
1682 1680 1678
1682 1678 1676
1681 1680 1683
1684 1681 1683
1676 1685 1682
1684 1683 1685
1677 1685 1676
1685 1686 1684
1677 1661 1687
1685 1677 1687
1687 1661 1668
1685 1688 1686
1685 1687 1688
1689 1686 1688
1687 1689 1688
1689 1690 1686
1691 1690 1689
1687 1668 1692
1687 1693 1689
1691 1689 1694
1694 1689 1693
1695 1691 1694
1694 1693 1696
1695 1694 1697
1696 1698 1694
1696 1699 1698
1700 1695 1697
1701 1698 1699
1700 1697 1701
1701 1699 1702
1701 1702 1703
1701 1703 1704
1704 1700 1701
1704 1705 1700
1705 1704 1706
1705 1706 1707
1704 1708 1706
1704 1709 1708
1706 1708 1710
1706 1710 1711
1710 1712 1711
1713 1714 1706
1713 1715 1714
1716 1715 1713
1717 1718 1719
1719 1718 1720
1720 1718 1721
1722 1720 1721
1722 1721 1723
1723 1724 1722
1723 1725 1724
1722 1724 1726
1726 1727 1722
1728 1726 1724
1725 1729 1724
1728 1724 1729
1725 1730 1729
1729 1731 1728
1729 1730 1732
1729 1733 1731
1729 1732 1733
1733 1734 1731
1732 1734 1733
1735 1736 1737
1738 1735 1737
1739 1735 1738
1739 1740 1735
1739 1741 1740
1739 1742 1741
1741 1742 1743
1744 1743 1742
1744 1742 1739
1745 1739 1738
1744 1739 1745
1737 1746 1738
1745 1738 1746
1737 1747 1746
1747 1737 1748
1747 1748 1749
1750 1749 1748
1746 1747 1751
1747 1752 1751
1753 1745 1746
1753 1746 1751
1754 1753 1751
1755 1745 1753
1755 1744 1745
1755 1753 1754
1751 1752 1756
1754 1751 1756
1756 1752 1757
1754 1756 1757
1752 1758 1757
1757 1758 1759
1760 1744 1755
1760 1761 1744
1762 1761 1760
1757 1759 1763
1754 1757 1763
1764 1763 1759
1754 1763 1764
1764 1759 1765
1755 1754 1766
1760 1755 1766
1754 1764 1766
1760 1766 1767
1767 1768 1760
1762 1760 1768
1767 1769 1768
1768 1769 1770
1762 1768 1771
1768 1770 1771
1762 1771 1772
1773 1771 1770
1771 1773 1772
1766 1764 1774
1766 1774 1775
1774 1776 1775
1777 1774 1764
1777 1764 1765
1774 1778 1776
1778 1774 1777
1778 1777 1779
1778 1780 1776
1778 1779 1780
1781 1765 1782
1783 1765 1781
1784 1765 1783
1784 1783 1785
1786 1784 1785
1780 1786 1787
1786 1785 1787
1788 1789 1790
1790 1789 185
193 185 1789
1789 1791 193
1789 1792 1791
193 1791 1793
193 1793 1794
193 1794 192
1793 1791 1795
1795 1791 1796
1795 1796 1797
1794 1798 192
192 1798 177
1797 1799 1795
1797 1800 1799
1801 1799 1800
1802 1799 1801
1803 1799 1802
1795 1799 1803
1803 1802 1804
1793 1795 1805
1805 1795 1803
1806 1803 1804
1806 1804 1807
1808 1805 1803
1808 1803 1806
1793 1805 1809
1808 1809 1805
1807 1810 1806
1807 1811 1810
1812 1808 1806
1812 1806 1810
1813 1812 1810
1811 1814 1810
1813 1810 1814
1811 1815 1814
1816 1814 1815
1816 1817 1814
1816 1818 1817
1819 1813 1814
1818 1820 1819
1819 1821 1813
1822 1808 1823
1824 1822 1823
1824 1823 1825
1826 1824 1825
1822 1809 1808
1824 1827 1822
1824 1828 1827
1824 1829 1828
1826 1830 1824
1824 1830 1829
1830 1826 1831
1830 1831 1829
1809 1822 1832
1832 1822 1833
1809 1832 1834
1793 1809 1834
1794 1793 1834
1794 1834 1835
1835 1834 1832
1794 1835 1798
1832 1833 1836
1837 1836 1833
1838 1836 1837
1839 1836 1838
1839 1832 1836
1835 1832 1839
1840 1835 1839
1840 1798 1835
1840 1839 1841
1840 1841 1842
1842 1841 1843
1844 1798 1840
1845 1840 1842
1845 1844 1840
1842 1843 1846
1845 1842 1846
1845 1846 1847
1848 1847 1846
1843 1849 1846
1848 1846 1849
1843 1850 1849
1851 1848 1849
1851 1849 1850
1844 1852 1798
177 1798 1852
176 177 1852
1844 1845 1853
1853 1845 1854
1855 1852 1844
1855 176 1852
1844 1853 1855
1856 176 1855
176 1856 175
1855 1857 1856
175 1856 1857
1855 1853 1857
1853 1854 1858
1859 1858 1854
1853 1860 1857
1853 1858 1860
1858 1861 1860
1859 1862 1858
1858 1862 1861
1863 1862 1859
1861 1862 1863
175 1857 1864
175 1864 179
1865 1864 1857
1865 179 1864
1865 1857 1866
1865 1867 179
1866 1868 1865
1867 1865 1868
1866 1869 1868
1867 1868 1870
1869 1871 1868
1870 1868 1871
1872 124 179
1872 1873 124
1874 1873 1872
126 124 1873
1874 1875 1873
1875 126 1873
1874 1876 1875
1875 1877 126
1875 1876 1877
1878 1879 1880
1878 1881 1879
1881 1878 1882
1881 1882 1883
1878 1884 1882
1882 1885 1883
1884 1886 1882
1882 1886 1885
1884 1887 1886
1888 1885 1886
1887 1889 1886
1888 1886 1889
1887 1890 1889
1888 1889 1891
1890 1891 1889
1888 1891 1892
1890 1893 1891
1894 1892 1891
1894 1891 1893
1894 1895 1892
1894 1893 1896
1894 1897 1895
1896 1898 1894
1894 1898 1897
1896 1899 1898
1898 1899 1900
1897 1898 1901
1898 1900 1901
1897 1901 1902
1903 1901 1900
1904 1902 1901
1903 1905 1901
1904 1901 1905
1903 1906 1905
1906 1904 1905
1907 1908 1909
1910 1907 1909
1910 1911 1907
1912 1910 1909
1909 1913 1912
1914 1911 1910
1914 1910 1912
1914 1915 1911
1916 1911 1915
1916 1915 1917
1917 1918 1916
1917 1919 1918
1918 1919 1920
1920 1919 1921
1913 1922 1912
1923 1912 1922
1924 1923 1922
1913 1925 1922
1925 1924 1922
1925 1926 1924
1924 1926 1927
1923 1928 1912
1928 1914 1912
1928 1929 1914
1924 1927 1930
1931 1930 1927
1932 1930 1931
1924 1930 1932
1924 1932 1933
1924 1933 1923
1928 1934 1929
1934 1928 1923
1935 1929 1934
1935 1936 1929
1929 1936 1937
1938 1937 1936
1939 1937 1938
1939 1940 1937
1941 1940 1939
1935 1934 1942
1934 1923 1942
1935 1942 1943
1923 1944 1942
1943 1942 1944
1923 1945 1944
1943 1944 1946
1944 1945 1947
1946 1944 1948
1944 1947 1948
1946 1948 1949
1950 1949 1948
1947 1951 1948
1950 1948 1951
1947 1952 1951
1951 1952 1953
1954 1950 1951
1951 1953 1954
1954 1955 1950
1954 1953 1956
1954 1956 1955
1957 1958 1959
1957 1960 1958
1961 1960 1957
1961 1957 1962
1961 1962 1963
1964 1965 1966
1965 1964 1967
1965 1967 1968
1967 1969 1968
1970 1971 1972
1972 1971 1973
1974 1973 1971
1975 1976 1977
1975 1977 1978
1978 1977 1979
1978 1979 1980
1979 1981 1980
1982 1983 1984
1982 1984 1985
1986 1982 1985
1987 1985 1984
1986 1985 1988
1989 1986 1988
1987 1990 1985
1988 1985 1990
1989 1988 1991
1992 1989 1991
1993 1992 1991
1988 1993 1991
1988 1994 1993
1988 1990 1994
1995 1990 1987
1995 1987 1996
1997 1995 1996
1998 1994 1990
1998 1990 1995
1994 1998 1999
1994 1999 2000
2001 2000 1999
2001 1999 2002
2002 2003 2001
1997 2004 1995
2005 1995 2004
2006 2004 1997
2007 2004 2006
2006 1997 2008
2009 2006 2008
2007 2006 2010
2009 2010 2006
2005 2004 2011
2012 2005 2011
2012 2013 2005
2013 2012 2014
2013 2014 2015
2014 2016 2015
2011 2004 2017
2007 2017 2004
2017 2018 2011
2017 2019 2018
2007 2019 2017
2018 2019 2020
2018 2020 2021
2020 2022 2021
2020 2019 2023
2007 2023 2019
2020 2024 2022
2020 2023 2024
2022 2024 2025
2025 2024 2023
2025 2026 2022
2027 2026 2025
2025 2023 2028
2028 2023 2007
2027 2025 2028
2028 2007 2029
2029 2027 2028
2007 2010 2029
2029 2030 2027
2029 2010 2031
2029 2031 2030
2031 2010 2009
2032 2030 2031
2033 2030 2032
2034 2031 2009
2032 2031 2034
2035 2034 2009
2035 2009 2036
2037 2035 2036
2038 2032 2034
2038 2034 2035
2033 2032 2039
2039 2032 2038
2037 2040 2035
2038 2035 2040
2039 2038 2041
2039 2041 2042
2033 2039 2043
2039 2042 2043
2033 2043 2044
2045 2043 2042
2045 2044 2043
2046 2040 2037
2046 2037 2047
2038 2040 2048
2049 2038 2048
2050 2048 2040
2050 2040 2046
2049 2048 2051
2051 2048 2050
2052 2049 2051
2053 2046 2047
2053 2047 2054
2051 2050 2055
2056 2051 2055
2052 2051 2057
2056 2057 2051
2052 2057 2058
2058 2057 2056
2059 2050 2046
2059 2046 2053
2059 2060 2050
2061 2053 2054
2061 2054 2062
2063 2053 2061
2063 2059 2053
2064 2059 2063
2059 2065 2060
2064 2065 2059
2066 2060 2065
2066 2065 2064
2067 2068 2069
2067 2069 2070
2071 2070 2069
2071 2072 2070
2073 2074 2075
2073 2075 2076
2077 2076 2075
2077 2078 2076
2079 2078 2077
2079 2080 2078
2080 2079 2081
2080 2081 2082
2083 2082 2081
2083 2081 2084
2083 2084 2085
2086 2087 2088
2086 2088 2089
2090 2089 2088
2090 2088 2091
2090 2091 2092
2090 2092 2093
2093 2092 2094
2093 2094 2095
2095 2094 2096
2097 2098 2099
2097 2099 2100
2101 2100 2099
2101 2102 2100
2103 2101 2104
2103 2104 2105
2106 2105 2104
2107 2108 2109
2107 2110 2108
2110 2111 2108
2110 2112 2111
2113 2111 2112
2113 2112 2114
2115 2113 2114
2115 2114 2116
2115 2116 2117
2118 2119 2120
2121 2119 2118
2121 2122 2119
2123 2122 2121
2123 2124 2122
2123 2125 2124
2123 2126 2125
2127 2128 2129
2127 2130 2128
2131 2128 2130
2131 2130 2132
2132 2133 2131
2132 2134 2133
2135 2133 2134
2135 2136 2133
2136 2135 2137
2138 2139 2140
2138 2141 2139
2141 2142 2139
2141 2143 2142
2143 2144 2142
2143 2145 2144
2146 2144 2145
2146 2145 2147
2146 2147 2148
2146 2148 2149
2150 2151 2152
2150 2153 2151
2153 2150 2154
2153 2154 2155
2155 2154 2156
2155 2156 2157
2157 2156 2158
2157 2158 2159
2159 2158 2160
2159 2160 2161
2161 2160 2162
2163 2164 2165
2163 2166 2164
2167 2164 2166
2167 2166 2168
2169 2167 2168
2169 2168 2170
2171 2169 2170
2171 2170 2172
2171 2172 2173
2174 2175 2176
2174 2176 2177
2178 2174 2177
2178 2177 2179
2180 2178 2179
2180 2179 2181
2182 2180 2181
2182 2181 2183
2182 2183 2184
2185 2186 2187
2185 2187 2188
2189 2185 2188
2189 2190 2185
2191 2190 2189
2192 2193 2194
2192 2194 2195
2196 2192 2195
2196 2195 2197
2198 2196 2197
2198 2199 2196
2200 2201 2202
2200 2203 2201
2200 2204 2203
2205 2206 2207
2208 2207 2206
2208 2206 2209
2210 2208 2209
2210 2209 2211
2210 2211 2212
2210 2212 2213
2214 2215 2216
2214 2216 2217
2214 2217 2218
2214 2218 2219
2220 2219 2218
2220 2218 2221
2220 2221 2222
2223 2224 2225
2223 2225 2226
2227 2223 2226
2227 2228 2223
2227 2229 2228
2230 2231 2232
2230 2233 2231
2233 2234 2231
2233 2235 2234
2236 2234 2235
2236 2237 2234
2238 2237 2236
2239 2240 2241
2239 2241 2242
2239 2242 2243
2243 2242 2244
2243 2244 2245
2246 2247 2248
2246 2248 2249
2246 2249 2250
2250 2249 2251
2250 2251 2252
2253 2252 2251
2253 2251 2254
2255 2256 2257
2258 2256 2255
2258 2259 2256
2260 2261 2262
2260 2262 2263
2260 2263 2264
2265 2266 2267
2265 2268 2266
2266 2268 2269
2265 2270 2268
2265 2271 2270
2272 2270 2271
2273 2274 2275
2276 2273 2275
2276 2277 2273
2278 2273 2277
2278 2277 2279
2280 2277 2276
2279 2277 2281
2280 2281 2277
2279 2281 2282
2281 2283 2282
2284 2281 2280
2281 2284 2283
2284 2280 2285
2286 2284 2285
2287 2283 2284
2286 2287 2284
2287 2288 2283
2287 2286 2289
2289 2288 2287
2290 2291 2292
2290 2292 2293
2293 2292 2294
2295 2296 2297
2298 2297 2296
2299 2298 2296
2299 2296 2300
2298 2301 2297
2302 2297 2301
2303 2302 2301
2304 2303 2301
2304 2301 2298
2305 2304 2298
2306 2305 2298
2299 2306 2298
2299 2300 2307
2300 2308 2307
2308 2309 2307
2310 2309 2308
2307 2311 2299
2307 2309 2311
2312 2306 2299
2312 2299 2311
2313 2309 2310
2313 2310 2314
2315 2313 2314
2313 2315 2316
2316 2315 2317
2318 2316 2317
2319 2316 2318
2319 2313 2316
2319 2309 2313
2319 2320 2309
2311 2309 2320
2311 2320 2321
2312 2311 2321
2312 2321 2322
2323 2306 2312
2323 2312 2322
2323 2322 2324
2323 2325 2306
2326 2323 2324
2325 2323 2327
2326 2327 2323
2325 2327 2328
2327 2329 2328
2326 2330 2327
2327 2330 2329
2326 2331 2330
2332 2329 2330
2330 2331 2332
2333 2334 2335
2333 2335 2336
2333 2336 2337
2337 2336 2338
2337 2338 1375
2339 1375 2338
1373 1375 2339
2340 1373 2339
2341 1373 2340
2341 2342 1373
1373 2342 1374
2343 2342 2341
2344 1374 2342
2343 2344 2342
2344 1409 1374
2344 2345 1409
2343 2346 2344
2344 2346 2345
2343 2347 2346
2346 2347 2348
2345 2346 2349
2346 2348 2349
2345 2349 2350
2348 2351 2349
2349 2351 2350
2352 2353 2354
2352 2354 2355
2352 2355 2356
2356 2355 2357
2356 2357 2358
2357 2359 2358
2360 2361 2362
2363 2360 2362
2363 2364 2360
2365 2364 2363
2365 2363 2366
2366 2367 2365
2368 2369 2370
2368 2371 2369
2372 2371 2368
2372 2373 2371
2374 2373 2375
2374 2376 2373
2374 2377 2376
2378 2379 2380
2378 2381 2379
2382 2381 2378
2382 2383 2381
2384 2385 2386
2384 2386 2387
2388 2387 2386
2388 2389 2387
2389 2388 2390
2389 2390 2391
2391 2390 2392
2393 2394 2395
2393 2395 2396
2396 2395 2397
2396 2397 2398
2396 2399 2393
2400 2396 2398
2400 2401 2396
2400 2402 2401
2400 2403 2402
2403 2404 2402
2403 2405 2404
2406 2404 2405
2406 2405 2407
2406 2407 2408
2396 2409 2399
2409 2396 2410
2409 2411 2399
2409 2412 2411
2412 2413 2411
2412 2414 2413
2415 2413 2414
2416 2417 2418
2416 2418 2419
2420 2419 2418
2419 2420 2421
2419 2421 2422
2422 2421 2423
2420 2418 2424
2425 2424 2418
2425 2418 2426
2427 2425 2426
2427 2426 2428
2428 2426 2429
2428 2429 2430
2426 2431 2429
2426 2418 2431
2431 2418 2432
2431 2432 2433
2434 2433 2432
2434 2435 2433
2436 2435 2434
2436 2437 2435
2438 2437 2436
2438 2439 2437
2440 2439 2438
2441 2442 2443
2444 2442 2441
2444 2445 2442
2446 2445 2444
2446 2447 2445
2448 2447 2446
2448 2449 2447
2450 2449 2448
2450 2451 2449
2452 2451 2450
2452 2450 2453
2454 2452 2453
2454 2453 2455
2456 2454 2455
2456 2457 2454
2458 2457 2456
2458 2459 2457
2460 2461 2462
2460 2462 2463
2462 2464 2463
2462 2465 2464
2464 2465 2466
2464 2466 2467
2467 2466 2468
2467 2468 2469
2470 2471 2472
2470 2473 2471
2470 2474 2473
2475 2476 2471
2475 2471 2477
2477 2478 2475
2477 2479 2478
2479 2480 2478
2479 2481 2480
2482 2483 2484
2482 2484 2485
2485 2484 2486
2487 2488 2489
2487 2490 2488
2491 2490 2487
2491 2492 2490
2493 2492 2491
2493 2494 2492
2495 2496 2497
2495 2497 2498
2499 2498 2497
2500 2501 2502
2500 2502 2503
2503 2502 2504
2505 2500 2503
2506 2500 2505
2503 2504 2507
2505 2503 2507
2508 2506 2505
2505 2507 2508
2508 2509 2506
2510 2509 2508
2504 2511 2507
2511 2508 2507
2504 2512 2511
2511 2512 2513
2510 2508 2514
2511 2514 2508
2511 2513 2515
2514 2511 2515
2515 2513 2516
2510 2514 2517
2514 2515 2517
2510 2517 2518
2517 2519 2518
2515 2516 2520
2517 2515 2520
2517 2521 2519
2517 2520 2521
2516 2522 2520
2522 2521 2520
2516 2523 2522
2524 2519 2521
2522 2524 2521
2524 2525 2519
2525 2524 2526
2525 2526 2527
2524 2522 2528
2524 2528 2526
2529 2526 2528
2522 2530 2528
2522 2523 2530
2530 2529 2528
2530 2531 2529
2526 968 2527
2529 2532 2526
2526 2532 968
968 2533 2527
2533 2534 2527
2532 2535 968
968 971 2533
2532 2536 2535
2536 2532 2529
2537 2535 2536
2536 2538 2537
2536 2529 2538
2538 2539 2537
2538 2540 2539
2529 2540 2538
2529 2531 2540
2541 2533 971
2541 971 976
2533 2542 2534
2541 2542 2533
976 2543 2541
2542 2541 2543
2534 2542 2544
2542 2543 2544
2545 2534 2544
976 2546 2543
974 2546 976
974 984 2546
984 2543 2546
984 2547 2543
2544 2543 2547
2547 984 2548
2545 2544 2549
2544 2547 2549
2547 2548 2550
2549 2547 2550
2550 2548 2551
2545 2549 2552
2549 2550 2552
2545 2552 2553
2554 2553 2552
2550 2551 2555
2552 2550 2555
2554 2552 2556
2552 2555 2556
2557 2554 2556
2558 2555 2551
2556 2555 2558
2557 2556 2558
2558 2551 2559
2558 2560 2557
2559 2561 2558
2558 2561 2560
2559 2562 2561
2560 2561 2563
2562 2563 2561
2562 2564 2563
2563 2564 2565
2560 2563 2566
2563 2565 2567
2567 2566 2563
2567 2568 2566
2569 2567 2570
2571 2567 2569
2572 2573 2574
2572 2574 2575
2576 2572 2577
2576 2577 2578
2579 2580 2581
2579 2581 2582
2582 2581 2583
2582 2583 2584
1692 2584 2583
1692 1668 2584
1669 2584 1668
2585 2584 1669
2585 2582 2584
2586 2582 2585
2586 2579 2582
2579 2586 2587
2579 2587 2588
2588 2589 2579
2588 2587 2590
2588 2590 2591
2588 2592 2589
2593 2592 2588
2593 2594 2592
2594 2593 2595
2595 2591 2596
2597 2598 2599
2600 2597 2599
2600 2601 2597
2602 2601 2600
2603 2600 2599
2603 2599 2604
2605 2604 2599
2602 2600 2606
2600 2603 2607
2600 2607 2606
2608 2602 2606
2608 2609 2602
2610 2609 2608
2611 2606 2607
2611 2608 2606
2612 2607 2603
2612 2603 2613
2613 2603 2614
2605 2615 2614
2613 2614 2615
2616 2607 2612
2616 2611 2607
2617 2611 2616
2608 2611 2617
2617 2616 2618
2610 2608 2619
2608 2617 2619
2620 2610 2619
2617 2620 2619
2620 2621 2610
2622 2617 2618
2617 2622 2620
2622 2618 2623
2622 2623 2624
2622 2624 2625
2620 2622 2625
2625 2624 2626
2621 2620 2627
2620 2625 2627
2621 2627 2628
2625 2626 2629
2627 2625 2629
2626 2630 2629
2628 2627 2631
2627 2629 2631
2628 2631 2632
2629 2633 2631
2633 2632 2631
2634 2635 2636
2634 2637 2635
2637 2638 2635
2637 2639 2638
2640 2638 2639
2640 2639 2641
2642 2640 2641
2642 2641 2643
2642 2643 2644
2645 2531 2646
2647 2531 2645
2647 2648 2531
2649 2531 2648
2649 2648 2650
2650 2648 2647
2650 2647 2651
2652 2651 2647
2652 2653 2651
1555 2653 2652
2654 2647 2645
2654 2652 2647
1555 2652 2655
1555 2655 1554
2656 2654 2645
2656 2645 2657
2523 2656 2657
2656 2523 2658
2652 2654 2659
2652 2659 2655
2659 2654 2656
2655 2660 1554
2655 2659 2660
1554 2660 2661
2656 2658 2662
2659 2656 2662
2658 2663 2662
2663 2659 2662
2658 2664 2663
2663 2665 2659
2664 2666 2663
2666 2665 2663
2666 2661 2665
2667 2666 2664
1554 2661 2668
1538 1554 2668
2667 2669 2666
2670 2669 2667
2666 2671 2661
2668 2661 2671
2666 2669 2671
1538 2668 2672
2668 2671 2672
1538 2672 1537
2673 1537 2672
2671 2673 2672
2673 1532 1537
2670 2674 2669
2675 2674 2670
2669 2676 2671
2669 2674 2676
2671 2676 2673
2675 2677 2674
2677 2676 2674
2673 2676 2677
2677 2675 2678
1532 2673 2679
2673 2677 2679
1532 2679 2680
2677 2678 2681
2679 2677 2681
2681 2678 2682
2680 2679 2683
2679 2681 2683
2680 2683 2684
2685 2684 2683
2681 2682 2686
2683 2681 2686
2685 2683 2687
2683 2686 2687
2688 2686 2682
2687 2686 2688
2688 2682 2689
2690 2688 2689
2685 2687 2691
2687 2688 2691
2690 2691 2688
2685 2691 2692
2690 2692 2691
2693 2694 2695
2696 2694 2693
2696 2697 2694
2698 2697 2696
2698 2699 2697
2698 2700 2699
2698 2701 2700
2702 2700 2701
2702 2701 2703
2704 2705 2706
2707 2704 2706
2707 2706 2708
2708 2709 2707
2708 2710 2709
2711 2709 2710
2711 2712 2709
2711 2713 2712
2711 2714 2713
2715 2713 2714
2715 2716 2713
2717 2716 2715
2717 2718 2716
2719 2704 2707
2719 2707 2720
2707 2721 2720
2722 2704 2719
2723 2704 2722
2723 2724 2704
2725 2724 2723
2725 2723 2726
2726 2723 2722
2726 2722 2727
2727 2722 2719
2728 2719 2720
2727 2719 2728
2720 2721 2729
2728 2720 2730
2730 2720 2729
2731 2728 2730
2731 2730 2729
2732 2727 2728
2731 2732 2728
2721 2733 2729
2721 2734 2733
2731 2729 2735
2733 2735 2729
2734 2736 2733
2734 2737 2736
2737 2738 2736
2737 2739 2738
2740 2738 2739
2740 2741 2738
2742 2741 2740
2742 2743 2741
2744 2743 2742
2745 2731 2735
2745 2732 2731
2745 2735 2746
2745 2747 2732
2746 2735 2748
2733 2748 2735
2746 2748 2749
2748 2733 2750
2748 2750 2751
2752 2751 2750
2752 2753 2751
2753 2752 2754
2753 2754 2755
2755 2754 2756
2755 2756 2757
2744 2757 2756
2749 2748 2758
2749 2758 2759
2760 2759 2758
2760 2758 2761
2760 2761 2762
2760 2762 2763
2763 2762 2764
2765 2764 2744
2763 2764 2765
2766 2767 2768
2768 2767 2718
2768 2718 2769
2770 2771 2772
2770 2773 2771
2774 2771 2773
2774 2773 2775
2774 2775 2776
2774 2776 2777
2778 2777 2776
2778 2779 2777
2779 2780 2781
2779 2781 2782
2782 2781 2783
2784 2785 2786
2784 2787 2785
2788 2787 2784
2787 2789 2785
2788 2790 2787
2790 2789 2787
2791 2792 2793
2791 2794 2792
2794 2795 2792
2796 2797 2798
2799 2797 2796
2799 2800 2797
2800 2799 2801
2800 2802 2797
2803 2797 2802
2804 2803 2802
2805 2804 2802
2800 2805 2802
2805 2806 2804
2807 2806 2805
2800 2801 2808
2805 2800 2808
2809 2808 2801
2807 2805 2810
2805 2808 2810
2809 2811 2808
2810 2808 2811
2812 2811 2809
2807 2810 2813
2810 2811 2813
2807 2813 2814
2812 2815 2811
2813 2811 2815
2816 2815 2812
2814 2813 2817
2813 2815 2817
2814 2817 2818
2819 2818 2817
2815 2819 2817
2819 2820 2818
2816 2821 2815
2815 2821 2819
2822 2821 2816
2822 2816 2823
2822 2823 2824
2824 2823 2825
2824 2825 2826
2819 2821 2827
2826 2825 2828
2820 2819 2829
2819 2827 2829
2820 2829 2830
2829 2827 2831
2830 2829 2832
2829 2831 2832
2826 2832 2831
2830 2832 2833
2834 2833 2832
2826 2834 2832
2826 2835 2834
2826 2828 2836
2826 2836 2835
2837 2836 2828
2838 2835 2836
2837 2838 2836
2839 2840 2841
2840 2842 2841
2843 2844 2845
2844 2846 2845
2844 2847 2846
2846 2847 2848
2846 2848 2849
2850 2849 2848
2850 2848 2851
2850 2851 2852
2850 2852 2853
2854 2853 2852
2854 2855 2853
2856 2855 2854
2856 2854 2857
2858 2856 2857
2859 2860 2861
2861 2860 2862
2861 2862 2863
2863 2862 2864
2863 2864 2865
2865 2864 2866
2865 2866 2867
2867 2866 2868
2867 2868 2869
2869 2868 2870
2871 2870 2872
2871 2872 2873
2871 2873 2874
2874 2873 2875
2874 2875 2876
2876 2875 2877
2876 2877 2878
2878 2877 2879
2880 2879 2877
2880 2877 2881
2882 2880 2881
2882 2883 2884
2884 2883 2885
2884 2885 2886
2887 2886 2885
2887 2885 2888
2887 2888 2889
2889 2888 2890
2889 2890 2891
2891 2890 2892
2891 2892 2893
2892 2894 2893
2895 2896 2897
2895 2898 2896
2899 2898 2895
2899 2900 2898
2901 2902 2903
2901 2903 2904
2904 2903 2905
2904 2905 2906
2907 2908 2909
2907 2909 2910
2910 2909 2911
2910 2911 2912
2912 2911 2913
2912 2913 2914
2915 2916 2917
2915 2917 2918
2919 2918 2917
2919 2920 2918
2921 2922 2920
2921 2920 2923
2924 2921 2925
2924 2925 2926
2927 2926 2925
2928 2929 2930
2928 2931 2929
2931 2932 2929
2931 2933 2932
2934 2931 2928
2934 2928 2935
2934 2935 2936
2937 2933 2931
2937 2931 2934
2938 2933 2937
2934 2936 2939
2940 2939 2936
2934 2941 2937
2941 2938 2937
2934 2939 2941
2940 2942 2939
2943 2942 2940
2941 2944 2938
2944 2945 2938
2945 2944 2946
2944 2947 2946
2944 2948 2947
2941 2948 2944
2949 2947 2948
2950 2941 2939
2950 2939 2942
2941 2950 2948
2951 2950 2942
2948 2950 2951
2943 2952 2942
2951 2942 2952
2949 2948 2953
2948 2951 2953
2943 2954 2952
2943 2955 2954
2952 2956 2951
2953 2951 2956
2952 2954 2956
2949 2953 2957
2953 2956 2957
2949 2957 2958
2959 2956 2954
2960 2957 2956
2955 2961 2954
2959 2954 2961
2955 2962 2961
2961 2963 2959
2961 2962 2964
2965 2958 2957
2960 2965 2957
2965 2966 2958
2967 2965 2960
2967 2966 2965
2961 2968 2963
2961 2964 2968
2969 2963 2968
2969 2968 2964
2970 2971 2972
2973 2972 2971
2970 2972 2974
2975 2970 2974
2973 2976 2972
2977 2976 2973
2975 2974 2978
2978 2979 2975
2978 2980 2979
2981 2979 2980
2981 2980 2982
2983 2982 2980
2983 2980 2978
2983 2978 2974
2983 2974 2984
2972 2984 2974
2972 2985 2984
2976 2985 2972
2976 2986 2985
2987 2986 2976
2987 2976 2988
2989 2987 2988
2977 2988 2976
2989 2988 2990
2990 2988 2977
2990 2977 2991
2992 2989 2990
2993 2990 2991
2992 2990 2993
2993 2991 2994
2995 2993 2994
2996 2992 2993
2995 2996 2993
2996 2997 2992
2998 2996 2995
2999 2997 2996
2998 2999 2996
2999 3000 2997
2999 3001 3000
2998 3002 2999
2999 3002 3001
2998 3003 3002
3002 3003 3004
3005 3001 3002
3002 3004 3005
3005 3006 3001
3004 3007 3005
3005 3007 3006
3008 3009 3010
3011 3009 3008
3008 3010 3012
3012 3010 3013
3010 3014 3013
3014 3015 3013
3015 3016 3013
3012 3013 3016
3012 3016 3017
3012 3017 3018
3012 3018 3008
3017 3019 3018
3020 3018 3019
3020 3021 3018
3021 3008 3018
3022 3021 3020
3011 3008 3023
3021 3023 3008
3022 3024 3021
3024 3023 3021
3024 3022 3025
3011 3023 3026
3024 3026 3023
3011 3026 3027
3024 3025 3028
3026 3024 3028
3025 3029 3028
3027 3026 3030
3026 3028 3030
3029 3030 3028
3027 3030 3031
3030 3029 3031
3032 3033 3034
3035 3033 3032
3036 3032 3034
3037 3035 3032
3036 3037 3032
3037 3038 3035
3039 3037 3036
3040 3038 3037
3039 3040 3037
3040 3041 3038
3042 3040 3039
3041 3040 3043
3042 3043 3040
3041 3043 3044
3045 3043 3042
3046 3044 3043
3045 3046 3043
3046 3047 3044
3048 3046 3045
3047 3046 3049
3048 3049 3046
3047 3049 3050
3051 3049 3048
3049 3052 3050
3051 3053 3049
3049 3053 3052
3054 3053 3051
3055 3052 3053
3054 3056 3053
3055 3053 3056
3056 3054 3057
3058 3055 3056
3056 3057 3058
3058 3059 3055
3058 3057 3060
3061 3059 3058
3058 3060 3061
3062 3063 3064
3065 3064 3063
3062 3064 3066
3067 3066 3064
3065 3067 3064
3067 3068 3066
3069 3068 3067
3069 3070 3068
3071 3067 3065
3071 3069 3067
3072 3070 3069
3072 3073 3070
3074 3073 3072
3075 3072 3069
3075 3069 3071
3074 3072 3076
3076 3072 3075
3077 3074 3076
3077 3078 3074
3079 3078 3077
3079 3080 3078
3080 3079 3081
3079 3082 3081
3079 3083 3082
3084 3079 3077
3084 3083 3079
3084 3077 3076
3085 3083 3084
3084 3076 3086
3076 3075 3086
3085 3084 3086
3071 3087 3075
3086 3075 3087
3085 3086 3088
3086 3087 3088
3089 3085 3088
3088 3090 3089
3088 3087 3090
3071 3091 3087
3091 3092 3087
3065 3091 3071
3091 3093 3092
3065 3094 3091
3094 3093 3091
3094 3065 3095
3094 3096 3093
3094 3095 3097
3096 3094 3097
3095 3062 3097
3096 3097 3098
3062 3098 3097
3099 3100 3101
3102 3099 3101
3100 3103 3101
3102 3101 3104
3104 3101 3103
3105 3102 3104
3104 3103 3106
3105 3104 3107
3107 3104 3106
3107 3108 3105
3107 3106 3109
3107 3110 3108
3107 3109 3111
3107 3111 3110
3112 3113 3114
3112 3114 3115
2747 3113 3112
2727 3112 3115
2747 3112 2732
2732 3112 2727
3116 3117 3118
3116 3118 3119
3120 3118 3117
3120 3119 3118
3120 3117 3121
3120 3122 3119
3123 3120 3121
3122 3120 3124
3123 3124 3120
3122 3124 3125
3126 3124 3123
3126 3127 3124
3127 3125 3124
3126 3128 3127
3126 3129 3128
3127 3130 3125
3130 3127 3128
3129 3131 3128
3129 3132 3131
3130 3128 3133
3133 3128 3131
3134 3131 3132
3134 3132 3135
3134 3135 3136
3134 3136 3137
3133 3131 3138
3134 3138 3131
3139 3134 3137
3134 3139 3138
3139 3137 3140
3141 3139 3140
3138 3139 3141
3142 3130 3133
3138 3142 3133
3138 3141 3143
3138 3143 3142
3143 3141 3144
3144 3145 3143
3143 3145 3146
3143 3146 3142
3147 3142 3146
3142 3148 3130
3147 3148 3142
3148 3125 3130
3147 3149 3148
3148 3149 3125
3147 3150 3149
3151 3125 3149
3152 3149 3150
3151 3149 3152
3152 3150 3153
3154 3151 3152
3154 3152 3153
3155 3156 3157
3158 3156 3155
3159 3155 3157
3158 3155 3159
