byte offset: 0
first index: 0
index count: 11244
topology: trianglelist
format: DXGI_FORMAT_R16_UINT

0 1 2
3 4 5
6 7 8
9 10 11
12 13 14
15 16 17
18 19 20
21 22 23
24 25 26
27 28 29
30 31 32
33 34 35
36 37 38
36 39 37
40 39 36
39 41 37
40 42 39
43 42 40
39 44 41
42 44 39
43 45 42
45 43 46
41 44 47
41 47 48
42 49 44
45 49 42
45 46 50
51 50 46
52 47 44
52 44 49
53 48 47
53 54 48
45 55 49
55 45 50
56 52 49
56 49 55
47 52 57
47 57 53
58 54 53
58 59 54
52 56 60
52 60 57
61 53 57
61 58 53
62 57 60
62 61 57
55 50 63
64 56 55
64 55 63
56 65 60
56 64 65
60 66 62
60 65 66
63 50 67
51 67 50
51 68 67
51 69 68
70 68 69
61 62 71
62 66 72
62 72 71
61 71 73
73 58 61
73 74 58
59 58 74
70 75 68
68 76 67
75 76 68
70 77 75
70 78 77
75 79 76
77 79 75
67 76 80
79 80 76
67 80 81
63 67 81
63 81 82
63 82 64
83 64 82
83 65 64
84 65 83
84 66 65
66 84 85
66 85 72
79 86 80
80 87 81
87 80 86
88 82 81
88 81 87
89 83 82
89 82 88
84 83 90
89 90 83
86 79 91
77 91 79
87 86 92
88 87 92
86 91 93
92 86 93
94 91 77
95 91 94
95 93 91
94 77 96
96 77 78
96 78 97
98 97 78
98 78 99
100 98 99
100 101 98
102 101 100
103 93 95
102 104 101
103 105 93
106 105 103
92 93 105
107 104 102
102 108 107
107 109 104
107 108 110
109 107 111
107 110 111
109 111 112
106 113 105
113 106 114
115 92 105
115 105 113
88 92 115
116 111 110
117 116 110
117 118 116
119 112 111
116 119 111
119 120 112
119 121 120
118 122 116
122 119 116
118 123 122
119 124 121
122 124 119
125 121 124
126 122 123
124 122 126
126 123 127
125 124 128
124 126 128
128 129 125
127 130 126
128 126 130
128 131 129
128 130 131
127 132 130
133 132 127
133 134 132
133 135 134
130 132 136
134 136 132
129 131 137
129 137 138
131 130 139
130 136 139
131 139 140
137 131 140
138 137 141
138 141 142
140 139 143
143 139 136
137 140 144
137 144 141
140 143 144
145 142 141
145 146 142
141 144 147
141 147 145
144 143 148
144 148 147
149 147 148
143 136 150
150 148 143
146 145 151
146 151 152
153 152 151
145 147 154
145 154 151
149 154 147
153 151 155
155 151 154
155 156 153
155 154 157
149 157 154
155 158 156
158 155 157
159 156 158
159 158 160
161 159 160
158 157 162
160 158 162
149 163 157
162 157 163
161 160 164
160 162 165
160 165 164
165 162 166
162 163 166
167 161 164
167 168 161
164 165 169
165 166 169
164 169 170
167 164 170
168 167 171
168 171 172
166 173 169
170 169 173
174 166 163
166 174 173
171 167 175
167 170 175
176 172 171
176 177 172
176 178 177
174 163 179
179 163 149
171 175 180
180 176 171
176 181 178
182 178 181
180 183 176
183 181 176
182 181 184
184 185 182
183 186 181
184 181 186
187 186 183
184 186 188
187 183 189
189 183 180
189 180 190
175 190 180
191 184 188
184 191 185
191 192 185
191 193 192
175 194 190
193 195 192
193 196 195
195 196 197
195 197 198
194 175 170
199 198 197
194 170 200
201 194 200
170 173 200
199 197 202
203 199 202
204 202 197
201 200 205
205 200 173
201 205 206
205 173 207
207 173 174
206 205 208
208 205 207
207 174 209
209 208 207
209 174 179
203 202 210
211 203 210
208 212 206
212 213 206
211 210 214
215 211 214
213 212 216
217 213 216
215 214 218
219 215 218
219 218 220
220 221 219
220 222 221
222 223 221
222 224 223
225 223 224
226 222 220
226 224 222
227 218 214
228 220 218
228 218 227
220 229 226
220 228 229
227 214 230
230 214 210
230 210 231
202 231 210
202 232 231
204 232 202
204 233 232
204 234 233
235 233 234
232 236 231
232 233 236
231 237 230
231 236 237
233 238 236
235 238 233
238 237 236
239 227 230
239 230 237
240 227 239
240 228 227
237 241 239
238 241 237
240 239 241
235 242 238
235 243 242
244 241 238
244 238 242
245 242 243
245 243 246
247 228 240
247 229 228
240 241 248
244 248 241
249 244 242
249 242 245
246 250 245
246 251 250
252 247 240
252 240 248
229 247 253
247 252 253
244 254 248
254 244 249
245 255 249
245 250 255
251 256 250
251 257 256
257 258 256
257 259 258
256 258 260
250 256 261
256 260 261
250 261 255
262 249 255
254 249 262
263 248 254
252 248 263
260 264 261
260 265 264
266 255 261
262 255 266
266 261 264
262 267 254
263 254 267
268 264 265
268 265 269
264 270 266
264 268 270
266 271 262
262 271 267
266 270 271
252 263 272
273 263 267
273 272 263
271 274 267
273 267 274
275 271 270
271 275 274
276 270 268
275 270 276
277 268 269
276 268 277
272 278 252
253 252 278
275 279 274
276 280 275
275 280 279
274 281 273
274 279 281
282 276 277
276 282 280
273 283 272
272 284 278
283 284 272
278 284 285
278 286 253
285 286 278
283 273 287
273 281 287
283 288 284
287 288 283
289 253 286
229 253 289
226 229 289
226 289 290
226 290 224
289 286 291
290 289 291
290 292 224
225 224 292
293 284 288
284 293 285
285 294 286
291 286 294
290 291 295
290 295 292
225 292 296
225 296 297
298 297 296
295 291 299
291 294 299
292 295 300
292 300 296
295 299 300
298 296 301
301 296 300
302 300 299
301 300 302
303 299 294
302 299 303
298 301 304
298 304 305
306 301 302
306 302 303
306 304 301
303 294 307
285 307 294
308 305 304
308 114 305
113 114 308
309 308 304
309 304 306
309 113 308
306 303 310
309 306 310
310 303 307
113 309 311
309 310 311
113 311 115
310 307 312
311 310 312
313 115 311
311 312 313
313 88 115
89 88 313
313 312 89
314 312 307
312 314 89
285 314 307
90 89 314
314 285 315
90 314 315
315 285 293
316 90 315
84 90 316
293 317 315
316 315 317
316 318 84
318 316 317
84 318 85
293 319 317
293 288 319
317 319 320
288 320 319
318 317 321
317 320 321
322 318 321
320 322 321
288 323 320
320 323 322
287 323 288
322 323 287
318 324 85
318 322 324
287 325 322
287 281 325
85 324 326
326 324 327
326 72 85
328 324 322
328 322 325
327 324 328
327 328 325
281 329 325
329 327 325
329 281 279
330 72 326
327 330 326
330 71 72
331 329 279
327 329 331
331 279 280
330 332 71
73 71 332
327 333 330
327 331 333
332 330 333
331 280 334
334 333 331
282 334 280
73 332 335
74 73 335
332 333 336
334 336 333
336 335 332
282 337 334
336 334 337
336 338 335
336 337 338
74 335 339
339 335 338
340 337 282
282 277 340
341 338 337
340 341 337
342 340 277
277 269 342
342 343 340
343 341 340
344 343 342
341 345 338
339 338 345
346 74 339
59 74 346
344 347 343
348 347 344
343 349 341
349 345 341
347 349 343
346 339 350
350 339 345
348 351 347
351 348 352
349 353 345
350 345 353
347 354 349
351 354 347
354 353 349
355 346 350
355 59 346
351 352 356
356 352 357
351 358 354
356 358 351
359 350 353
355 350 359
354 360 353
358 360 354
359 353 360
356 357 361
361 357 362
356 363 358
363 356 361
361 362 364
364 362 365
363 361 366
366 361 364
364 365 367
367 365 368
366 364 369
369 364 367
370 359 360
358 371 360
370 360 371
372 371 358
372 358 363
372 370 371
373 359 370
373 355 359
373 374 355
355 374 59
367 368 375
369 367 376
376 367 375
377 375 368
377 368 378
376 375 379
379 375 377
372 380 370
381 373 370
381 370 380
373 382 374
381 382 373
59 374 383
383 374 382
384 380 372
384 372 363
59 383 385
385 386 59
384 363 387
387 363 366
385 388 386
388 389 386
387 366 390
369 390 366
388 391 389
391 392 389
369 393 390
376 393 369
376 394 393
379 394 376
395 390 393
395 393 394
395 394 396
390 397 387
390 395 397
379 398 394
396 394 398
399 398 379
379 377 399
391 400 392
401 392 400
387 397 402
387 402 384
403 396 398
399 403 398
404 399 377
404 377 378
401 400 405
406 401 405
406 405 407
408 384 402
384 408 380
409 403 399
404 409 399
405 400 410
407 405 411
405 410 411
400 412 410
400 391 412
407 411 413
414 407 413
415 412 391
415 391 388
414 413 416
417 414 416
388 418 415
388 385 418
417 416 419
419 420 417
419 421 420
421 422 420
423 419 416
421 419 423
423 416 424
424 416 413
424 413 425
425 413 411
425 411 426
427 426 411
427 411 410
428 427 410
428 410 412
429 428 412
429 412 415
430 429 415
430 415 418
418 431 430
418 432 431
385 432 418
385 383 432
383 433 432
432 434 431
432 433 434
431 434 435
436 435 434
436 434 437
437 438 436
437 439 438
439 440 438
439 441 440
440 441 442
440 442 443
444 443 442
444 445 443
433 446 434
447 445 444
447 448 445
448 447 449
448 449 450
451 447 444
451 449 447
451 444 452
453 452 444
453 454 452
451 455 449
454 453 456
457 450 449
457 449 455
457 458 450
458 457 459
457 455 460
460 459 457
458 459 461
454 456 462
454 462 463
462 456 464
465 463 462
462 464 466
465 462 466
466 464 446
467 465 466
466 446 468
467 466 468
433 468 446
467 468 433
467 433 469
433 470 469
383 470 433
383 382 470
470 471 469
471 472 469
473 472 471
470 382 474
381 474 382
470 475 471
470 474 475
473 471 476
475 476 471
477 474 381
380 477 381
475 474 478
477 478 474
380 479 477
408 479 380
480 473 476
480 481 473
482 481 480
482 483 481
475 478 484
475 484 476
485 478 477
479 485 477
486 480 476
482 480 486
484 478 487
485 487 478
476 484 488
476 488 486
484 487 488
489 483 482
489 490 483
491 490 489
491 492 490
492 491 493
492 493 494
460 494 493
495 493 491
460 493 495
496 491 489
495 491 496
482 497 489
496 489 497
482 486 498
482 498 497
486 488 499
486 499 498
498 500 497
498 499 500
497 501 496
497 500 501
488 502 499
488 487 502
499 503 500
499 502 503
504 502 487
504 487 485
496 501 505
496 505 495
500 506 501
500 503 506
507 503 502
507 502 504
508 504 485
479 508 485
501 509 505
501 506 509
510 506 503
510 503 507
511 507 504
508 511 504
508 479 512
408 512 479
513 509 506
513 506 510
514 510 507
511 514 507
511 508 515
508 512 515
512 408 516
408 402 516
511 515 517
514 511 517
518 515 512
512 516 518
518 517 515
518 519 517
514 520 510
513 510 520
514 517 521
519 521 517
520 514 521
522 516 402
522 402 397
522 523 516
523 518 516
522 397 524
523 525 518
525 519 518
524 397 395
524 395 526
525 527 519
526 395 396
526 396 528
529 528 396
530 519 527
529 396 531
531 532 529
403 531 396
530 533 519
533 530 534
531 535 532
536 532 535
537 531 403
537 535 531
409 537 403
538 535 537
409 538 537
536 535 539
539 535 538
409 540 538
404 540 409
541 519 533
541 521 519
520 521 541
542 520 541
513 520 542
543 541 533
542 541 543
543 533 544
533 534 544
545 544 534
542 543 546
546 543 544
513 542 547
542 546 547
545 548 544
548 546 544
513 547 549
549 509 513
547 546 550
548 550 546
551 548 545
552 551 545
549 547 553
547 550 553
549 554 509
505 509 554
555 550 548
551 555 548
556 551 552
556 552 557
549 553 558
558 554 549
505 554 559
495 505 559
560 553 550
555 560 550
555 551 561
551 556 561
557 562 556
557 563 562
556 562 564
556 564 561
563 565 562
564 562 565
563 566 565
565 566 567
568 565 567
564 565 568
569 568 567
555 561 570
560 555 570
571 561 564
571 570 561
564 572 571
564 568 572
569 573 568
573 569 574
571 575 570
572 575 571
570 576 560
575 576 570
577 572 568
577 568 573
578 573 574
578 574 579
580 578 579
573 581 577
573 578 581
580 582 578
582 581 578
583 582 580
572 577 584
584 577 581
572 585 575
572 584 585
583 586 582
587 586 583
582 588 581
586 588 582
589 575 585
575 589 576
584 581 590
588 590 581
591 585 584
591 589 585
591 584 590
587 592 586
593 592 587
593 594 592
594 593 595
594 595 596
597 596 595
592 594 598
596 598 594
599 586 592
592 598 599
597 600 596
600 597 601
599 602 586
586 602 588
588 603 590
602 603 588
604 602 599
602 604 603
603 605 590
591 590 605
596 606 598
600 606 596
607 599 598
604 599 607
608 603 604
603 608 605
609 598 606
607 598 609
607 610 604
608 604 610
607 611 610
609 611 607
609 612 611
608 610 613
612 609 614
609 606 614
612 614 615
616 614 606
600 616 606
617 615 614
616 617 614
617 618 615
619 616 600
619 600 601
620 618 617
620 621 618
622 617 616
619 622 616
622 620 617
621 620 623
621 623 624
625 620 622
625 623 620
626 622 619
626 625 622
627 619 601
627 626 619
624 623 628
624 628 629
630 623 625
630 628 623
625 626 631
625 631 630
632 629 628
632 633 629
634 628 630
634 632 628
635 633 632
635 636 633
627 601 637
637 601 638
626 627 639
626 639 631
630 631 640
630 640 634
641 632 634
641 635 632
642 636 635
642 643 636
644 627 637
639 627 644
644 637 645
638 645 637
638 646 645
646 638 647
648 646 647
649 648 647
650 639 644
650 651 639
651 631 639
651 640 631
650 652 651
640 651 652
650 653 652
640 652 654
654 634 640
654 641 634
652 653 655
654 652 655
656 641 654
654 655 656
653 657 655
656 655 657
653 658 657
656 659 641
635 641 659
635 659 642
660 657 658
660 658 661
656 657 662
662 659 656
662 657 660
642 659 663
662 663 659
661 664 660
661 665 664
642 663 666
666 643 642
666 667 643
662 660 668
664 668 660
662 669 663
666 663 669
668 669 662
667 666 670
666 669 670
667 670 671
671 670 672
671 672 673
674 670 669
674 672 670
668 675 669
675 674 669
673 672 676
673 676 677
678 672 674
674 675 678
678 676 672
677 676 679
677 679 680
676 678 681
676 681 679
682 675 668
664 682 668
678 675 683
683 681 678
684 675 682
664 684 682
684 683 675
664 685 684
665 685 664
665 686 685
687 683 684
685 687 684
686 688 685
687 685 688
686 689 688
688 689 690
690 691 688
691 687 688
690 692 691
693 681 683
687 693 683
691 692 694
695 694 692
696 687 691
693 687 696
696 691 694
681 693 697
697 693 696
697 696 694
697 679 681
695 698 694
697 694 698
695 699 698
697 700 679
700 697 698
700 680 679
701 680 700
680 701 702
700 698 703
703 701 700
704 698 699
704 703 698
702 701 705
705 135 702
703 706 701
706 705 701
707 135 705
135 707 134
704 699 708
709 708 699
710 703 704
710 706 703
706 710 711
712 705 706
705 712 707
706 711 712
710 704 713
704 708 713
707 714 134
134 714 136
714 150 136
707 712 715
712 711 715
716 714 707
714 716 150
707 715 716
716 717 150
150 717 148
717 149 148
715 718 716
716 718 717
717 719 149
719 717 718
179 149 719
720 718 715
715 711 720
719 721 179
209 179 721
719 718 722
722 718 720
719 722 721
722 720 721
723 209 721
720 723 721
723 720 711
208 209 723
208 723 724
724 723 711
212 208 724
725 724 711
724 725 212
725 711 710
725 216 212
710 713 725
713 216 725
713 726 216
216 726 217
726 713 708
726 727 217
728 217 727
726 708 729
729 727 726
728 727 730
731 728 730
729 708 732
709 732 708
709 733 732
734 732 733
735 734 733
730 727 736
729 736 727
731 730 737
738 731 737
729 732 739
739 732 734
735 740 734
740 735 741
742 740 741
729 739 743
736 729 743
739 734 744
734 740 744
743 739 744
742 745 740
744 740 745
746 745 742
743 747 736
744 747 743
746 748 745
749 748 746
745 750 744
744 750 747
748 750 745
747 751 736
730 736 751
751 737 730
750 752 747
751 747 752
751 753 737
753 751 752
753 754 737
738 737 754
755 738 754
753 756 754
752 756 753
755 754 757
757 754 756
757 758 755
750 759 752
748 759 750
759 760 752
748 760 759
760 756 752
757 761 758
761 762 758
748 763 760
749 763 748
763 749 764
757 756 765
761 757 765
760 766 756
766 760 763
766 765 756
763 764 767
766 763 767
768 767 764
761 769 762
769 770 762
761 765 771
766 771 765
769 761 771
772 766 767
766 772 771
768 773 767
772 767 773
769 774 770
774 775 770
769 771 776
772 776 771
776 774 769
777 773 768
778 777 768
779 772 773
772 779 776
779 773 777
774 780 775
781 775 780
776 782 774
779 782 776
782 780 774
783 779 777
779 783 782
778 784 777
783 777 784
781 780 785
786 781 785
782 787 780
787 782 783
787 785 780
778 788 784
778 789 788
784 790 783
787 783 790
784 788 790
786 785 791
791 792 786
787 793 785
793 787 790
793 791 785
794 790 788
793 790 794
788 789 795
794 788 795
791 796 792
796 797 792
793 798 791
794 798 793
798 796 791
796 799 797
800 797 799
794 801 798
795 801 794
798 802 796
802 799 796
801 802 798
789 803 795
789 804 803
800 799 805
805 806 800
795 807 801
795 803 807
808 803 804
803 808 807
808 804 809
809 810 808
811 810 809
812 810 811
801 807 813
801 813 802
813 807 814
813 815 802
802 815 799
805 799 815
814 816 813
813 816 815
814 817 816
805 815 818
816 818 815
819 816 817
816 819 818
819 817 820
820 821 819
821 818 819
820 822 821
823 805 818
805 823 806
823 824 806
822 825 821
822 826 825
821 827 818
823 818 827
827 821 825
823 828 824
828 823 827
829 824 828
828 827 830
827 825 830
829 828 831
830 831 828
831 832 829
826 833 825
826 834 833
825 835 830
830 835 831
825 833 835
831 836 832
835 836 831
837 832 836
834 838 833
834 839 838
838 839 840
833 841 835
835 841 836
833 838 841
838 840 842
842 841 838
842 840 843
837 836 844
844 836 841
842 845 841
844 841 845
843 846 842
845 842 846
843 847 846
837 844 848
837 848 849
850 844 845
850 848 844
845 846 850
846 847 851
851 847 852
853 851 852
849 848 854
850 854 848
855 846 851
855 850 846
853 856 851
855 851 856
857 856 853
857 858 856
858 855 856
858 857 859
855 860 850
850 860 854
854 861 849
849 861 862
858 863 855
860 855 863
858 859 864
864 863 858
859 536 864
864 536 539
860 865 854
860 863 865
854 865 861
866 863 864
864 539 866
866 865 863
867 862 861
868 862 867
865 869 861
869 865 866
861 869 867
866 539 870
866 870 869
539 538 870
540 870 538
869 870 871
869 871 867
540 871 870
867 872 868
867 871 872
868 872 873
872 874 873
875 871 540
875 872 871
872 875 874
404 875 540
875 876 874
875 404 876
404 378 876
378 877 878
878 877 879
378 878 880
880 881 378
878 879 882
883 882 879
880 884 881
884 885 881
883 886 882
887 886 883
884 888 885
888 889 885
887 890 886
891 890 887
891 892 890
892 891 893
894 886 890
892 894 890
895 882 886
894 895 886
892 893 896
896 893 897
888 898 889
898 899 889
895 900 882
900 878 882
900 901 878
901 880 878
902 900 895
902 901 900
901 903 880
903 884 880
904 888 884
903 904 884
903 901 905
902 905 901
898 906 899
907 899 906
908 898 888
904 908 888
902 895 909
895 894 909
903 905 910
904 903 910
907 906 911
912 907 911
913 906 898
908 913 898
914 913 908
913 915 906
911 906 915
915 913 914
916 908 904
914 908 916
912 911 917
917 918 912
911 915 919
917 911 919
917 920 918
920 921 918
916 904 922
904 910 922
916 922 923
924 923 922
924 922 910
910 925 924
910 905 925
905 926 925
905 902 926
902 927 926
902 909 927
909 928 927
909 894 928
928 894 929
928 929 930
892 929 894
929 931 930
896 929 892
896 931 929
932 931 896
933 931 932
934 932 896
896 897 934
897 935 934
897 936 935
935 936 269
934 937 932
935 937 934
935 269 938
938 269 939
935 940 937
938 940 935
938 939 941
941 939 942
938 943 940
943 938 941
941 942 944
945 944 942
943 941 946
944 946 941
945 947 944
948 947 945
948 949 947
947 950 944
944 950 946
949 951 947
947 951 950
949 952 951
953 952 949
953 954 952
955 954 953
955 956 954
956 955 957
956 957 958
958 957 959
960 954 956
958 960 956
960 961 954
961 952 954
961 962 952
962 951 952
962 963 951
964 951 963
964 950 951
965 950 964
965 946 950
966 946 965
966 943 946
967 943 966
967 940 943
940 967 968
940 968 937
937 968 969
968 970 969
971 969 970
937 969 932
971 972 969
972 971 973
972 973 974
974 973 975
974 975 976
975 977 976
975 978 977
979 977 978
932 969 980
979 978 981
932 980 982
933 932 982
983 982 980
933 982 983
983 980 984
933 983 985
986 983 984
985 983 986
985 986 987
986 984 988
989 987 986
989 986 988
989 988 990
990 991 989
990 979 991
992 991 979
993 979 981
992 979 993
993 981 994
992 993 995
994 995 993
992 995 996
994 997 995
998 996 995
998 995 997
998 916 996
998 997 999
916 998 914
999 914 998
999 1000 914
1001 914 1000
915 914 1001
1001 1000 1002
919 915 1001
1002 1003 1001
919 1001 1003
1004 1003 1002
1004 1002 1005
1006 919 1003
1006 1003 1004
917 919 1006
920 917 1006
1007 1004 1005
1007 1005 1008
1009 1006 1004
920 1006 1009
1009 1004 1007
920 1009 1010
1009 1007 1010
920 1010 1011
920 1011 921
1011 1012 921
1007 1008 1013
1014 1010 1007
1014 1007 1013
1015 1011 1010
1010 1014 1015
1011 1016 1012
1015 1016 1011
1008 1017 1013
1008 1018 1017
1013 1019 1014
1013 1017 1019
1017 1020 1019
1021 1015 1014
1016 1015 1021
1021 1014 1022
1023 1021 1022
1012 1016 1024
1016 1021 1024
1012 1024 1025
1018 1026 1017
1017 1026 1020
1018 1027 1026
1026 1028 1020
1028 1026 1027
1023 1029 1021
1024 1021 1029
1029 1023 1030
1024 1029 1031
1029 1030 1032
1031 1029 1032
1031 1032 959
1032 1030 1033
958 959 1032
1032 1033 958
958 1033 960
1034 1035 1036
1035 1037 1036
1037 1035 1038
1037 1038 1039
1038 1035 1040
1039 1038 1041
1038 1040 1041
1039 1041 1042
1040 1043 1041
1043 1042 1041
1043 1044 1042
1045 1044 1043
1040 1046 1043
1045 1043 1047
1047 1043 1046
1048 1045 1047
1049 1047 1046
1048 1047 1049
1049 1046 1050
1049 1051 1048
1052 1049 1050
1049 1053 1051
1052 1053 1049
1051 1053 1054
1053 1052 1055
1054 1053 1055
1056 1057 1058
1056 1058 1059
1059 1058 1060
1059 1060 1061
1059 1062 1056
1059 1061 1063
1063 1061 1064
1059 1065 1062
1065 1059 1063
1063 1064 1066
1065 1063 1066
1066 1064 1067
1062 1065 1068
1065 1066 1068
1062 1068 1069
1066 1067 1070
1070 1068 1066
1070 1067 1071
1069 1068 1072
1070 1072 1068
1069 1072 1073
1070 1071 1074
1072 1070 1074
1074 1071 1075
1076 1073 1072
1072 1074 1076
1076 1077 1073
1076 1074 1078
1074 1075 1078
1079 1077 1076
1076 1078 1079
1079 1080 1077
1081 1080 1079
1078 1082 1079
1081 1079 1082
1083 1082 1078
1075 1083 1078
1081 1082 1083
1083 1075 1084
1075 1085 1084
1081 1083 1086
1086 1083 1084
1081 1086 1087
1086 1084 1088
1087 1086 1088
1084 1085 1088
1087 1088 1089
1085 1089 1088
1085 1090 1089
1091 1092 1093
1091 1094 1092
1095 1092 1094
1095 1094 1096
1095 1096 1097
1095 1097 1098
1099 1098 1097
1099 1100 1098
1101 1100 1099
1101 1102 1100
1103 1102 1101
1103 1104 1102
1105 1104 1103
1105 1106 1104
1106 1105 1107
1106 1107 1108
1108 1107 1109
1108 1109 1110
1111 1110 1109
1111 1112 1110
1112 1111 1113
1112 1113 1114
1115 1116 1117
1115 1118 1116
1118 1115 1119
1118 1119 1120
1121 1120 1119
1121 1119 1122
1123 1121 1122
1123 1122 1124
1124 1125 1123
1124 1126 1125
1126 1127 1125
1126 1128 1127
1129 1127 1128
1129 1128 1130
1131 1129 1130
1131 1130 1132
1132 1133 1131
1132 1134 1133
1135 1133 1134
1135 1134 1136
1135 1136 1137
1135 1137 1138
1139 1140 1141
1139 1142 1140
1143 1144 1142
1143 1145 1144
1146 1147 1144
1146 1148 1147
1148 1149 1147
1148 1150 1149
1150 1151 1149
1150 1152 1151
1152 1153 1151
1152 1154 1153
1154 1155 1153
1154 1156 1155
1156 1157 1155
1156 1158 1157
1158 1159 1157
1158 1160 1159
1160 1161 1159
1160 1162 1161
1162 1163 1161
1162 1164 1163
1165 1163 1164
1165 1166 1163
1167 1168 1169
1167 1169 1170
1170 1169 1171
1170 1171 1172
1172 1171 1173
1172 1173 1174
1174 1173 1175
1174 1175 1176
1176 1175 1177
1176 1177 1178
1178 1177 1179
1178 1179 1180
1180 1179 1181
1180 1181 1182
1182 1181 1183
1182 1183 1184
1184 1183 1185
1184 1185 1186
1187 1186 1185
1187 1188 1186
1189 1190 1191
1189 1191 1192
1193 1189 1192
1194 1193 1192
1192 1191 1195
1196 1194 1192
1192 1195 1197
1198 1197 1195
1196 1192 1199
1199 1192 1197
1200 1196 1199
1198 1201 1197
1202 1201 1198
1200 1199 1203
1204 1200 1203
1199 1197 1205
1201 1205 1197
1203 1199 1205
1202 1206 1201
1206 1202 1207
1204 1203 1208
1204 1208 1209
1210 1209 1208
1203 1205 1211
1211 1208 1203
1201 1212 1205
1206 1212 1201
1212 1211 1205
1210 1208 1213
1214 1210 1213
1212 1215 1211
1206 1215 1212
1211 1216 1208
1213 1208 1216
1216 1211 1215
1214 1213 1217
1218 1214 1217
1219 1218 1217
1213 1216 1220
1217 1213 1220
1216 1215 1221
1221 1220 1216
1206 1222 1215
1222 1221 1215
1222 1206 1223
1206 1207 1223
1222 1224 1221
1224 1222 1223
1221 1225 1220
1225 1221 1224
1217 1220 1226
1225 1226 1220
1219 1217 1227
1226 1227 1217
1223 1207 1228
1229 1228 1207
1229 1230 1228
1229 1231 1230
1231 1232 1230
1231 1233 1232
1233 1234 1232
1233 1235 1234
1225 1236 1226
1226 1237 1227
1236 1237 1226
1236 1225 1238
1225 1224 1238
1237 1239 1227
1219 1227 1239
1240 1219 1239
1240 1241 1219
1242 1241 1240
1243 1242 1240
1244 1243 1240
1245 1238 1224
1224 1223 1245
1246 1244 1240
1246 1247 1244
1248 1245 1223
1223 1228 1248
1249 1247 1246
1249 1250 1247
1251 1248 1228
1251 1228 1230
1249 1246 1234
1249 1234 1252
1234 1253 1252
1235 1253 1234
1235 1254 1253
1235 1255 1254
1246 1232 1234
1256 1230 1232
1246 1256 1232
1256 1251 1230
1240 1256 1246
1240 1257 1256
1251 1256 1257
1257 1240 1239
1251 1257 1258
1248 1251 1258
1257 1239 1259
1258 1257 1259
1237 1259 1239
1248 1258 1260
1248 1260 1245
1261 1259 1237
1236 1261 1237
1258 1259 1262
1261 1262 1259
1262 1260 1258
1245 1260 1263
1245 1263 1238
1236 1238 1264
1264 1238 1263
1236 1265 1261
1236 1264 1265
1265 1262 1261
1265 1264 1263
1262 1266 1260
1265 1266 1262
1266 1265 1263
1260 1266 1263
1267 1268 1269
1268 1270 1269
1268 1271 1270
1272 1270 1271
1272 1271 1273
1273 1274 1272
1273 1275 1274
1275 1276 1274
1275 1277 1276
1276 1277 1278
1276 1278 1279
1279 1278 1280
1279 1280 1281
1282 1281 1280
1282 1280 1283
1282 1283 1284
1285 1286 1287
1285 1288 1286
1289 1288 1285
1288 1290 1286
1289 1291 1288
1292 1291 1289
1288 1293 1290
1291 1293 1288
1294 1290 1293
1292 1295 1291
1295 1292 1296
1294 1293 1297
1298 1294 1297
1291 1299 1293
1295 1299 1291
1299 1297 1293
1295 1296 1300
1300 1296 1301
1300 1301 1302
1298 1297 1303
1303 1304 1298
1299 1305 1297
1303 1297 1305
1295 1306 1299
1306 1295 1300
1306 1305 1299
1307 1300 1302
1306 1300 1307
1307 1302 1308
1303 1309 1304
1309 1310 1304
1303 1305 1311
1309 1303 1311
1306 1312 1305
1312 1306 1307
1312 1311 1305
1308 1313 1307
1312 1307 1313
1308 1314 1313
1309 1315 1310
1316 1310 1315
1309 1311 1317
1315 1309 1317
1312 1318 1311
1313 1318 1312
1317 1311 1318
1319 1313 1314
1313 1319 1318
1319 1314 1320
1316 1315 1321
1322 1316 1321
1315 1317 1323
1321 1315 1323
1317 1318 1324
1324 1318 1319
1323 1317 1324
1320 1325 1319
1324 1319 1325
1320 1326 1325
1322 1321 1327
1327 1328 1322
1321 1323 1329
1329 1327 1321
1323 1324 1330
1330 1324 1325
1329 1323 1330
1331 1325 1326
1326 1332 1331
1327 1333 1328
1333 1334 1328
1330 1325 1335
1331 1335 1325
1336 1331 1332
1336 1332 1337
1336 1337 1338
1336 1338 1339
1340 1331 1336
1340 1336 1339
1340 1335 1331
1340 1339 1341
1342 1340 1341
1335 1340 1342
1343 1342 1341
1344 1330 1335
1335 1342 1344
1329 1330 1344
1343 1345 1342
1344 1342 1345
1346 1345 1343
1329 1344 1347
1344 1345 1347
1346 1348 1345
1348 1346 1349
1348 1349 1350
1351 1345 1348
1351 1347 1345
1350 1351 1348
1352 1329 1347
1352 1347 1351
1329 1352 1327
1333 1327 1352
1350 1353 1351
1353 1352 1351
1354 1353 1350
1353 1355 1352
1333 1352 1355
1354 1356 1353
1356 1355 1353
1356 1354 1357
1333 1355 1358
1356 1358 1355
1356 1357 1359
1356 1359 1358
1359 1357 1360
1359 1360 1361
1362 1359 1361
1358 1359 1362
1362 1363 1358
1333 1358 1364
1363 1364 1358
1333 1364 1334
1363 1365 1364
1365 1334 1364
1366 1367 1368
1368 1367 1369
1369 1370 1368
1369 1371 1370
1370 1372 1368
1371 1373 1370
1370 1373 1372
1371 1374 1373
1372 1373 1375
1375 1373 1374
1375 1374 1376
1377 1375 1376
1372 1375 1378
1377 1379 1375
1379 1378 1375
1380 1379 1377
1381 1378 1379
1380 1381 1379
1381 1382 1378
1381 1380 1383
1384 1382 1381
1381 1383 1385
1384 1381 1385
1383 1386 1385
1385 1387 1384
1386 1387 1385
1388 1389 1390
1388 1391 1389
1391 1392 1389
1391 1393 1392
1391 1388 1394
1391 1395 1393
1395 1396 1393
1391 1394 1397
1397 1395 1391
1395 1398 1396
1397 1398 1395
1398 1399 1396
1394 1400 1397
1397 1400 1398
1394 1401 1400
1398 1402 1399
1402 1398 1400
1402 1403 1399
1401 1404 1400
1402 1400 1404
1401 1405 1404
1402 1406 1403
1404 1406 1402
1406 1407 1403
1408 1404 1405
1404 1408 1406
1408 1405 1409
1408 1410 1406
1406 1410 1407
1411 1408 1409
1408 1411 1410
1411 1409 1412
1413 1411 1412
1410 1411 1414
1413 1414 1411
1415 1410 1414
1407 1410 1415
1413 1415 1414
1415 1416 1407
1407 1416 1417
1413 1418 1415
1418 1416 1415
1413 1419 1418
1418 1420 1416
1419 1420 1418
1416 1420 1417
1419 1421 1420
1417 1420 1421
1417 1421 1422
1423 1424 1425
1423 1425 1426
1427 1426 1425
1427 1428 1426
1427 1429 1428
1427 1430 1429
1431 1429 1430
1431 1430 1432
1433 1431 1432
1433 1432 1434
1435 1433 1434
1435 1434 1436
1437 1435 1436
1437 1436 1438
1438 1439 1437
1438 1440 1439
1440 1441 1439
1440 1442 1441
1443 1441 1442
1443 1442 1444
1444 1445 1443
1444 1446 1445
1447 1448 1449
1447 1449 1450
1450 1451 1447
1450 1452 1451
1453 1451 1452
1453 1454 1451
1455 1454 1453
1455 1456 1454
1456 1455 1457
1456 1457 1458
1458 1457 1459
1458 1459 1460
1461 1460 1459
1461 1462 1460
1463 1462 1461
1463 1464 1462
1464 1463 1465
1464 1465 1466
1467 1466 1465
1467 1468 1466
1467 1469 1468
1467 1470 1469
1471 1472 1473
1471 1473 1474
1474 1473 1475
1474 1475 1476
1476 1475 1477
1476 1477 1478
1478 1477 1479
1478 1479 1480
1480 1479 1481
1480 1481 1482
1482 1481 1483
1482 1483 1484
1484 1483 1485
1484 1485 1486
1486 1485 1487
1486 1487 1488
1488 1487 1489
1488 1489 1490
1491 1490 1489
1491 1489 1492
1493 1494 1495
1493 1495 1496
1497 1496 1498
1497 1498 1499
1500 1501 1495
1500 1502 1501
1502 1503 1501
1502 1504 1503
1504 1505 1503
1504 1506 1505
1506 1507 1505
1506 1508 1507
1508 1509 1507
1508 1510 1509
1510 1511 1509
1510 1512 1511
1512 1513 1511
1512 1514 1513
1514 1515 1513
1514 1516 1515
1516 1517 1515
1516 1518 1517
1519 1517 1518
1519 1518 1520
1521 1522 1523
1521 1524 1522
1525 1524 1521
1526 1524 1525
1524 1527 1522
1528 1524 1526
1524 1529 1527
1530 1527 1529
1528 1531 1524
1531 1529 1524
1532 1531 1528
1530 1529 1533
1534 1530 1533
1532 1535 1531
1536 1535 1532
1531 1537 1529
1533 1529 1537
1535 1537 1531
1534 1533 1538
1538 1539 1534
1536 1540 1535
1536 1541 1540
1542 1540 1541
1535 1543 1537
1543 1535 1540
1533 1537 1544
1538 1533 1544
1544 1537 1543
1542 1545 1540
1546 1545 1542
1544 1543 1547
1538 1544 1547
1543 1540 1548
1545 1548 1540
1548 1547 1543
1546 1549 1545
1550 1549 1546
1551 1549 1550
1545 1552 1548
1549 1552 1545
1548 1553 1547
1553 1548 1552
1538 1547 1554
1554 1547 1553
1554 1555 1538
1538 1555 1539
1554 1553 1556
1556 1555 1554
1553 1552 1557
1557 1556 1553
1549 1558 1552
1557 1552 1558
1551 1559 1549
1558 1549 1559
1555 1560 1539
1561 1539 1560
1561 1560 1562
1561 1562 1563
1563 1562 1564
1563 1564 1565
1565 1564 1566
1565 1566 1567
1557 1558 1568
1558 1559 1569
1568 1558 1569
1568 1570 1557
1557 1570 1556
1569 1559 1571
1551 1571 1559
1572 1571 1551
1572 1551 1573
1574 1572 1573
1575 1572 1574
1576 1572 1575
1577 1556 1570
1556 1577 1555
1578 1572 1576
1578 1576 1579
1580 1555 1577
1555 1580 1560
1581 1578 1579
1581 1579 1582
1583 1560 1580
1583 1562 1560
1581 1566 1578
1581 1584 1566
1566 1584 1585
1567 1566 1585
1567 1585 1586
1567 1586 1587
1578 1566 1564
1588 1564 1562
1578 1564 1588
1588 1562 1583
1572 1578 1588
1572 1588 1589
1583 1589 1588
1589 1571 1572
1583 1590 1589
1580 1590 1583
1589 1591 1571
1590 1591 1589
1569 1571 1591
1580 1592 1590
1580 1577 1592
1593 1569 1591
1568 1569 1593
1590 1594 1591
1593 1591 1594
1594 1590 1592
1577 1595 1592
1577 1570 1595
1568 1596 1570
1596 1595 1570
1568 1593 1597
1568 1597 1596
1597 1593 1594
1597 1595 1596
1594 1592 1598
1597 1594 1598
1598 1595 1597
1592 1595 1598
1599 1600 1601
1601 1600 1602
1601 1602 1603
1604 1603 1602
1604 1605 1603
1605 1604 1606
1605 1606 1607
1607 1606 1608
1607 1608 1609
1608 1610 1609
1608 1611 1610
1611 1612 1610
1611 1613 1612
1614 1612 1613
1614 1615 1612
1614 1616 1615
1617 1618 1619
1617 1619 1620
1621 1617 1620
1622 1620 1619
1622 1619 1623
1621 1620 1624
1624 1620 1622
1624 1625 1621
1624 1622 1626
1624 1627 1625
1626 1627 1624
1625 1627 1628
1626 1629 1627
1627 1629 1628
1630 1631 1632
1630 1632 1633
1634 1635 1636
1634 1636 1637
1638 1639 1640
1638 1641 1639
1641 1642 1639
1641 1643 1642
1644 1642 1643
1644 1643 1645
1646 1644 1645
1646 1645 1647
1647 1648 1646
1647 1649 1648
1649 1650 1648
1649 1651 1650
1652 1650 1651
1653 1645 1643
1645 1653 1654
1645 1654 1647
1653 1643 1655
1655 1643 1641
1656 1647 1654
1656 1649 1647
1655 1641 1657
1641 1658 1657
1659 1649 1656
1659 1651 1649
1638 1658 1641
1638 1660 1658
1659 1661 1651
1659 1662 1661
1652 1651 1661
1660 1638 1663
1660 1663 1664
1663 1638 1665
1664 1663 1666
1665 1666 1663
1667 1661 1662
1667 1652 1661
1667 1662 1668
1667 1669 1652
1670 1669 1667
1670 1671 1669
1667 1672 1670
1667 1673 1672
1671 1670 1674
1671 1674 1675
1670 1676 1674
1670 1677 1676
1678 1674 1676
1675 1674 1679
1678 1679 1674
1675 1679 1680
1679 1678 1681
1682 1680 1679
1679 1681 1683
1682 1679 1683
1684 1683 1681
1684 1682 1683
1685 1686 1687
1687 1688 1685
1687 1689 1688
1690 1691 1692
1690 1693 1691
1693 1694 1691
1690 1695 1693
1690 1696 1695
1695 1696 1697
1693 1698 1694
1698 1699 1694
1698 1700 1699
1695 1697 1701
1702 1701 1697
1702 1703 1701
1704 1693 1695
1704 1698 1693
1701 1704 1695
1703 1705 1701
1701 1705 1704
1703 1706 1705
1698 1704 1707
1698 1707 1700
1707 1704 1705
1706 1708 1705
1707 1705 1708
1706 1709 1708
1708 1709 1710
1707 1708 1710
1700 1707 1710
1711 1700 1710
1712 1713 1714
1714 1713 1715
1714 1715 1716
1716 1715 1717
1716 1717 1718
1718 1717 1719
1718 1719 1720
1719 1721 1720
1722 1723 1724
1723 1722 1725
1723 1725 1726
1727 1723 1726
1728 1723 1727
1729 1728 1727
1727 1730 1729
1727 1726 1731
1732 1727 1731
1732 1731 1733
1734 1732 1733
1726 1735 1731
1725 1736 1726
1726 1736 1735
1736 1737 1735
1738 1737 1736
1725 1738 1736
1735 1737 1739
1731 1735 1739
1731 1739 1733
1740 1738 1725
1722 1740 1725
1733 1739 1741
1739 1737 1741
1733 1741 1742
1734 1733 1742
1740 1743 1738
1743 1737 1738
1722 1744 1740
1745 1744 1722
1745 1746 1744
1747 1743 1740
1744 1747 1740
1748 1742 1741
1741 1737 1748
1747 1749 1743
1749 1737 1743
1744 1750 1747
1751 1750 1744
1751 1752 1750
1753 1749 1747
1750 1753 1747
1754 1737 1749
1753 1754 1749
1748 1737 1755
1756 1737 1754
1755 1737 1757
1748 1758 1742
1755 1758 1748
1750 1759 1753
1760 1759 1750
1760 1761 1759
1762 1754 1753
1759 1762 1753
1762 1756 1754
1759 1763 1762
1764 1763 1759
1764 1765 1763
1766 1756 1762
1763 1766 1762
1767 1742 1758
1767 1734 1742
1768 1734 1767
1768 1769 1734
1770 1768 1767
1771 1767 1758
1770 1767 1771
1766 1772 1756
1772 1737 1756
1771 1758 1773
1755 1773 1758
1757 1773 1755
1770 1771 1774
1770 1774 1775
1771 1773 1776
1757 1776 1773
1771 1776 1774
1776 1757 1777
1757 1737 1777
1774 1776 1778
1776 1777 1778
1775 1774 1779
1774 1778 1779
1778 1777 1780
1777 1737 1780
1778 1780 1781
1779 1778 1781
1775 1779 1782
1775 1782 1783
1783 1782 1784
1784 1782 1779
1783 1784 1785
1784 1779 1786
1779 1781 1786
1785 1784 1787
1787 1784 1786
1785 1787 1788
1789 1788 1787
1781 1780 1790
1780 1737 1790
1786 1781 1791
1781 1790 1791
1789 1787 1792
1793 1789 1792
1787 1786 1794
1792 1787 1794
1786 1791 1794
1790 1737 1795
1791 1790 1795
1793 1792 1796
1792 1794 1796
1794 1791 1797
1791 1795 1797
1794 1797 1796
1795 1737 1798
1797 1795 1798
1798 1737 1799
1799 1737 1800
1797 1798 1801
1796 1797 1801
1801 1798 1799
1793 1796 1802
1796 1801 1802
1803 1793 1802
1801 1799 1804
1802 1801 1804
1804 1799 1800
1803 1802 1805
1802 1804 1805
1806 1803 1805
1804 1800 1807
1805 1804 1807
1806 1805 1808
1805 1807 1808
1807 1800 1809
1800 1737 1809
1806 1808 1810
1806 1810 1811
1808 1807 1812
1807 1809 1812
1808 1812 1810
1809 1813 1812
1810 1812 1813
1811 1810 1814
1810 1813 1814
1811 1814 1815
1815 1814 1816
1816 1814 1813
1815 1816 1817
1809 1737 1818
1809 1818 1813
1819 1813 1818
1818 1737 1819
1816 1813 1820
1819 1820 1813
1819 1737 1821
1821 1820 1819
1822 1816 1820
1823 1816 1822
1823 1822 1824
1821 1825 1820
1822 1820 1825
1821 1737 1826
1826 1825 1821
1827 1822 1825
1828 1822 1827
1828 1827 1829
1826 1737 1830
1830 1737 1772
1826 1831 1825
1831 1826 1830
1827 1825 1831
1832 1830 1772
1831 1830 1832
1827 1831 1832
1832 1772 1766
1827 1832 1833
1834 1827 1833
1834 1833 1835
1836 1832 1766
1836 1833 1832
1837 1833 1836
1837 1836 1838
1763 1836 1766
1839 1836 1763
1839 1763 1840
1841 1842 1843
1841 1843 1844
1845 1846 1847
1845 1847 1848
1849 1850 1851
1849 1851 1852
1852 1851 1853
1852 1853 1854
1854 1853 1855
1854 1855 1856
1857 1856 1855
1857 1855 1858
1859 1857 1858
1857 1860 1856
1859 1861 1857
1857 1862 1860
1862 1857 1861
1862 1861 1863
1862 1863 1864
1860 1862 1865
1862 1864 1865
1866 1865 1864
1866 1867 1865
1868 1869 1870
1869 1871 1870
1869 1872 1871
1872 1873 1871
1872 1874 1873
1875 1873 1874
1875 1874 1876
1876 1877 1875
1876 1878 1877
1878 1879 1877
1878 1880 1879
1880 1881 1879
1880 1882 1881
1881 1882 1883
1884 1885 1886
1884 1887 1885
1888 1887 1884
1888 1884 1889
1890 1891 1892
1890 1892 1893
1894 1895 1896
1894 1896 1897
1898 1899 1900
1898 1900 1901
1902 1903 1904
1902 1904 1905
1906 1907 1908
1906 1909 1907
1906 1910 1909
1906 1911 1910
1910 1911 1912
1913 1914 1915
1913 1915 1916
1917 1918 1919
1917 1920 1918
1921 1920 1917
1922 1918 1920
1922 1923 1918
1921 1924 1920
1924 1922 1920
1924 1921 1925
1924 1926 1922
1924 1925 1927
1926 1924 1927
1925 1928 1927
1926 1927 1929
1927 1928 1929
1930 1931 1932
1930 1933 1931
1934 1935 1936
1934 1936 1937
1938 1939 1940
1938 1940 1941
1941 1940 1942
1941 1942 1943
1944 1943 1942
1944 1945 1943
1946 1945 1944
1946 1947 1945
1947 1946 1948
1947 1948 1949
1949 1948 1950
1949 1950 1951
1952 1951 1950
1953 1943 1945
1945 1954 1953
1945 1947 1954
1953 1955 1943
1955 1941 1943
1956 1954 1947
1956 1947 1949
1955 1957 1941
1941 1957 1958
1959 1956 1949
1959 1949 1951
1938 1941 1958
1938 1958 1960
1959 1951 1961
1959 1961 1962
1952 1961 1951
1960 1963 1938
1960 1964 1963
1963 1965 1938
1964 1966 1963
1965 1963 1966
1967 1962 1961
1967 1961 1952
1967 1968 1962
1967 1952 1969
1970 1967 1969
1970 1969 1971
1967 1970 1972
1967 1972 1973
1971 1974 1970
1971 1975 1974
1970 1974 1976
1970 1976 1977
1978 1976 1974
1975 1979 1974
1978 1974 1979
1975 1980 1979
1979 1981 1978
1982 1979 1980
1979 1983 1981
1982 1983 1979
1984 1981 1983
1984 1983 1982
1985 1986 1987
1986 1985 1988
1986 1988 1989
1990 1991 1992
1990 1992 1993
1993 1992 1994
1990 1993 1995
1990 1995 1996
1995 1997 1996
1993 1994 1998
1998 1994 1999
1998 1999 2000
1995 2001 1997
2002 1997 2001
2002 2001 2003
2004 1995 1993
2004 1993 1998
2001 1995 2004
2003 2001 2005
2001 2004 2005
2003 2005 2006
1998 2007 2004
1998 2000 2007
2007 2005 2004
2006 2005 2008
2007 2008 2005
2006 2008 2009
2008 2010 2009
2007 2010 2008
2000 2010 2007
2011 2010 2000
2012 2013 2014
2013 2015 2014
2013 2016 2015
2016 2017 2015
2016 2018 2017
2018 2019 2017
2018 2020 2019
2019 2020 2021
2022 2023 2024
2024 2025 2022
2024 2026 2025
2027 2026 2024
2027 2024 2028
2027 2028 2029
2029 2030 2027
2027 2031 2026
2032 2031 2027
2032 2033 2031
2034 2033 2032
2026 2031 2035
2025 2026 2036
2026 2035 2036
2036 2035 2037
2038 2036 2037
2025 2036 2038
2035 2039 2037
2031 2039 2035
2031 2033 2039
2040 2025 2038
2022 2025 2040
2033 2041 2039
2039 2041 2037
2033 2042 2041
2034 2042 2033
2040 2038 2043
2043 2038 2037
2022 2040 2044
2045 2022 2044
2045 2044 2046
2047 2040 2043
2044 2040 2047
2048 2041 2042
2041 2048 2037
2047 2043 2049
2049 2043 2037
2044 2047 2050
2051 2044 2050
2051 2050 2052
2053 2047 2049
2050 2047 2053
2054 2049 2037
2053 2049 2054
2048 2055 2037
2056 2054 2037
2055 2057 2037
2048 2042 2058
2055 2048 2058
2050 2053 2059
2060 2050 2059
2060 2059 2061
2062 2053 2054
2059 2053 2062
2062 2054 2056
2059 2062 2063
2064 2059 2063
2064 2063 2065
2066 2062 2056
2063 2062 2066
2067 2058 2042
2067 2042 2034
2068 2067 2034
2068 2034 2069
2070 2067 2068
2071 2058 2067
2070 2071 2067
2066 2056 2072
2072 2056 2037
2071 2073 2058
2055 2058 2073
2057 2055 2073
2070 2074 2071
2070 2075 2074
2071 2076 2073
2057 2073 2076
2071 2074 2076
2076 2077 2057
2057 2077 2037
2074 2078 2076
2076 2078 2077
2075 2079 2074
2074 2079 2078
2078 2080 2077
2077 2080 2037
2078 2081 2080
2079 2081 2078
2075 2082 2079
2075 2083 2082
2083 2084 2082
2084 2079 2082
2083 2085 2084
2084 2086 2079
2079 2086 2081
2085 2087 2084
2087 2086 2084
2085 2088 2087
2089 2087 2088
2081 2090 2080
2080 2090 2037
2086 2091 2081
2081 2091 2090
2089 2092 2087
2093 2092 2089
2087 2094 2086
2092 2094 2087
2086 2094 2091
2090 2095 2037
2091 2095 2090
2093 2096 2092
2092 2096 2094
2094 2097 2091
2091 2097 2095
2094 2096 2097
2095 2098 2037
2097 2098 2095
2098 2099 2037
2099 2100 2037
2097 2101 2098
2096 2101 2097
2101 2099 2098
2093 2102 2096
2096 2102 2101
2103 2102 2093
2101 2104 2099
2102 2104 2101
2104 2100 2099
2103 2105 2102
2102 2105 2104
2106 2105 2103
2104 2107 2100
2105 2107 2104
2106 2108 2105
2105 2108 2107
2107 2109 2100
2100 2109 2037
2106 2110 2108
2106 2111 2110
2108 2112 2107
2107 2112 2109
2108 2110 2112
2109 2112 2113
2110 2113 2112
2111 2114 2110
2110 2114 2113
2111 2115 2114
2115 2116 2114
2116 2113 2114
2115 2117 2116
2109 2118 2037
2109 2113 2118
2119 2118 2113
2118 2119 2037
2116 2120 2113
2119 2113 2120
2119 2121 2037
2121 2119 2120
2122 2120 2116
2123 2122 2116
2123 2124 2122
2121 2120 2125
2122 2125 2120
2121 2126 2037
2126 2121 2125
2127 2125 2122
2128 2127 2122
2128 2129 2127
2126 2130 2037
2130 2072 2037
2126 2125 2131
2131 2130 2126
2127 2131 2125
2132 2072 2130
2131 2132 2130
2127 2132 2131
2132 2066 2072
2127 2133 2132
2134 2133 2127
2134 2135 2133
2136 2066 2132
2136 2132 2133
2137 2136 2133
2137 2138 2136
2063 2066 2136
2139 2063 2136
2139 2140 2063
2141 2142 2143
2141 2143 2144
2145 2146 2147
2145 2147 2148
2149 2150 2151
2149 2152 2150
2152 2153 2150
2152 2154 2153
2154 2155 2153
2154 2156 2155
2157 2155 2156
2157 2158 2155
2157 2156 2159
2160 2158 2157
2160 2157 2161
2157 2159 2162
2162 2161 2157
2162 2163 2161
2162 2164 2163
2159 2165 2162
2162 2165 2164
2166 2164 2165
2166 2165 2167
2168 2160 2169
2168 2169 2170
2171 2168 2170
2170 2169 2172
2171 2170 2173
2174 2171 2173
2170 2172 2175
2173 2170 2175
2176 2175 2172
2174 2173 2177
2177 2178 2174
2176 2179 2175
2180 2179 2176
2173 2175 2181
2177 2173 2181
2181 2175 2179
2177 2182 2178
2182 2183 2178
2182 2184 2183
2180 2185 2179
2185 2180 2186
2181 2179 2187
2185 2187 2179
2177 2181 2188
2188 2182 2177
2188 2181 2187
2189 2184 2182
2188 2189 2182
2189 2190 2184
2185 2186 2191
2191 2186 2192
2185 2193 2187
2191 2193 2185
2188 2187 2194
2194 2189 2188
2194 2187 2193
2190 2189 2195
2194 2195 2189
2190 2195 2196
2191 2192 2197
2198 2197 2192
2191 2199 2193
2197 2199 2191
2194 2193 2200
2195 2194 2200
2199 2200 2193
2201 2196 2195
2195 2200 2201
2201 2202 2196
2198 2203 2197
2204 2203 2198
2197 2205 2199
2203 2205 2197
2199 2206 2200
2206 2201 2200
2205 2206 2199
2202 2201 2207
2206 2207 2201
2202 2207 2208
2204 2209 2203
2209 2204 2210
2203 2211 2205
2211 2203 2209
2205 2212 2206
2212 2207 2206
2211 2212 2205
2213 2208 2207
2208 2213 2214
2209 2210 2215
2215 2210 2216
2212 2217 2207
2213 2207 2217
2218 2214 2213
2218 2219 2214
2218 2220 2219
2218 2221 2220
2222 2218 2213
2222 2221 2218
2222 2213 2217
2222 2223 2221
2224 2223 2222
2217 2224 2222
2225 2223 2224
2226 2217 2212
2217 2226 2224
2211 2226 2212
2225 2224 2227
2226 2227 2224
2228 2225 2227
2211 2229 2226
2226 2229 2227
2228 2227 2230
2230 2231 2228
2230 2232 2231
2233 2230 2227
2233 2227 2229
2232 2230 2233
2234 2229 2211
2234 2233 2229
2211 2209 2234
2215 2234 2209
2232 2233 2235
2235 2233 2234
2236 2232 2235
2235 2234 2237
2215 2237 2234
2236 2235 2238
2238 2235 2237
2238 2239 2236
2215 2240 2237
2238 2237 2240
2238 2241 2239
2238 2240 2241
2241 2242 2239
2241 2243 2242
2244 2243 2241
2240 2244 2241
2244 2240 2245
2215 2246 2240
2245 2240 2246
2215 2216 2246
2245 2246 2247
2247 2246 2216
2248 2249 2250
2251 2249 2248
2251 2248 2252
2248 2253 2252
2248 2254 2253
2254 2255 2253
2253 2255 2256
2253 2256 2257
2252 2253 2257
2256 2258 2257
2258 2256 461
2258 461 459
2252 2257 2259
2259 2257 2258
2251 2252 2260
2260 2252 2259
2259 2258 2261
2261 2258 459
2260 2259 2262
2262 2259 2261
2260 591 2251
2260 589 591
589 2260 2262
2251 591 605
2251 605 2263
2263 605 608
2251 2263 2249
589 2262 2264
589 2264 576
2262 2261 2265
2264 2262 2265
2261 459 2266
2266 2265 2261
2263 608 2267
608 613 2267
2268 2249 2263
2268 2263 2267
2269 576 2264
576 2269 560
560 2269 553
2269 558 553
2270 2269 2264
2264 2265 2270
2269 2270 558
2266 2271 2265
2271 2270 2265
2270 2272 558
2271 2272 2270
558 2272 554
559 554 2272
559 2272 2271
2273 2271 2266
2273 559 2271
459 2273 2266
495 559 2273
459 460 2273
460 495 2273
2274 2275 2276
2276 2275 2277
2276 2277 2278
2278 2277 2279
2278 2279 2280
2281 2280 2279
2281 2282 2280
2282 2281 2283
2282 2283 2284
2284 2283 2285
2284 2285 2286
2286 2285 2287
2286 2287 2288
2287 2289 2288
2290 2291 2292
2290 2292 2293
2294 2290 2293
2294 2295 2290
2296 2297 2298
2296 2298 2299
2300 2301 2302
2300 2302 2303
2304 2305 2306
2304 2306 2307
2308 2309 2310
2308 2310 2311
2312 2313 2314
2312 2314 2315
2312 2315 2316
2312 2316 2317
2316 2318 2317
2319 2320 2321
2319 2321 2322
421 423 2323
2324 421 2323
421 2324 422
2324 2323 2325
2326 422 2324
2327 2324 2325
2326 2324 2327
2327 2325 2328
613 2326 2327
2328 2329 2327
613 2327 2329
2328 2330 2329
2267 613 2329
2267 2329 2268
2329 2330 2331
2329 2331 2268
2249 2268 2331
2331 2332 2249
2331 2333 2332
2333 2331 2334
2332 2333 2335
2332 2335 2255
2333 2334 2336
2335 2333 2336
2336 2334 2337
2335 2336 2338
2336 2337 2339
2338 2336 2339
2339 2337 2340
2338 2339 2341
2340 2341 2339
2342 2343 2344
2342 2345 2343
2345 2342 2346
2345 2347 2343
2345 2346 2348
2345 2349 2347
2349 2345 2348
2350 2348 2346
2350 2346 2351
2352 2347 2349
2352 2353 2347
2349 2354 2352
2349 2348 2355
2349 2355 2354
2350 2355 2348
2355 2356 2354
2351 2357 2350
2351 2358 2357
2350 2359 2355
2355 2359 2356
2357 2359 2350
2356 2359 2360
2357 2360 2359
2357 2361 2360
2356 2360 2362
2362 2360 2361
2362 2361 2363
2364 2363 2361
2358 2365 2357
2357 2365 2361
2358 2366 2365
2365 2366 2367
2364 2361 2368
2369 2364 2368
2368 2361 2369
2361 2365 2369
2369 2370 2364
2367 2370 2369
2365 2367 2371
2367 2369 2371
2365 2371 2369
2372 2344 2373
2372 2373 2374
2374 2375 2372
2374 2373 2376
2374 2377 2375
2374 2376 2378
2378 2377 2374
2379 2375 2377
2379 2380 2375
2381 2378 2376
2381 2376 2353
2378 2381 2382
2378 2383 2377
2378 2382 2383
2379 2377 2383
2383 2382 2384
2380 2379 2385
2380 2385 2386
2379 2383 2387
2383 2384 2387
2385 2379 2387
2384 2388 2387
2385 2387 2388
2385 2388 2389
2384 2390 2388
2390 2389 2388
2390 2391 2389
2392 2389 2391
2386 2385 2393
2385 2389 2393
2386 2393 2394
2393 2395 2394
2392 2396 2389
2397 2396 2392
2396 2397 2389
2389 2397 2393
2397 2392 2398
2395 2397 2398
2393 2399 2395
2395 2399 2397
2393 2397 2399
2400 2401 2402
2400 2402 2403
2403 2404 2400
2405 2403 2402
2403 2406 2404
2407 2404 2406
2405 2408 2403
2406 2403 2408
2409 2408 2405
2406 2408 2409
2409 2405 2410
2407 2406 2411
2411 2406 2409
2410 2412 2409
2411 2409 2412
2410 2413 2412
2414 2407 2411
2414 2411 2412
2414 2415 2407
2416 2412 2413
2414 2412 2416
2416 2413 2417
2418 2416 2417
2418 2414 2416
2418 2417 2419
2420 2418 2419
2421 2415 2414
2418 2421 2414
2421 2422 2415
2420 2423 2418
2423 2421 2418
2424 2423 2420
2422 2421 2425
2423 2425 2421
2424 2425 2423
2422 2425 2426
2427 2425 2424
2427 2426 2425
2428 2427 2429
2428 2429 2430
2430 2431 2428
2432 2430 2429
2432 2429 2433
2430 2434 2431
2432 2434 2430
2435 2431 2434
2433 2436 2432
2432 2436 2434
2433 2437 2436
2435 2434 2438
2436 2438 2434
2437 2439 2436
2436 2439 2438
2437 2440 2439
2441 2439 2440
2438 2439 2441
2441 2440 2442
2441 2442 2443
2435 2438 2444
2438 2441 2444
2435 2444 2445
2441 2443 2446
2446 2444 2441
2447 2446 2443
2445 2444 2448
2446 2448 2444
2445 2448 2449
2447 2450 2446
2448 2446 2450
2451 2450 2447
2452 2449 2448
2448 2450 2452
2451 2452 2450
2452 2453 2449
2453 2452 2451
2453 2451 2401
2454 2455 2456
2455 2457 2456
2454 2458 2455
2459 2458 2454
2459 2460 2458
2460 2459 2461
2460 2461 2462
2463 2462 2461
2455 2464 2457
2464 2455 2465
2464 2465 2466
2467 2455 2458
2467 2465 2455
2466 2465 2468
2466 2468 2469
2470 2468 2465
2470 2465 2467
2471 2470 2467
2458 2472 2467
2471 2467 2472
2458 2460 2472
2472 2473 2471
2460 2474 2472
2472 2474 2473
2460 2462 2474
2475 2473 2474
2476 2474 2462
2463 2476 2462
2475 2474 2477
2476 2477 2474
2478 2476 2463
2478 2463 2479
2480 2478 2479
2476 2478 2481
2477 2476 2481
2480 2481 2478
2482 2475 2477
2477 2481 2482
2482 2481 2480
2482 2483 2475
2482 2480 2483
2484 2469 2485
2484 2485 2486
2487 2484 2486
2488 2486 2485
2487 2486 2489
2489 2457 2487
2489 2490 2457
2491 2490 2489
2488 2492 2486
2492 2489 2486
2493 2492 2488
2491 2489 2494
2492 2494 2489
2495 2491 2494
2493 2496 2492
2494 2492 2496
2496 2493 2497
2495 2494 2498
2494 2496 2498
2498 2499 2495
2496 2497 2500
2498 2496 2500
2501 2500 2497
2498 2502 2499
2498 2500 2502
2503 2499 2502
2504 2502 2500
2503 2502 2504
2501 2505 2500
2504 2500 2505
2506 2503 2504
2506 2507 2503
2508 2507 2506
2504 2509 2506
2505 2509 2504
2508 2506 2509
2510 2505 2501
2505 2510 2509
2510 2508 2509
2510 2501 2511
2510 2511 2508
2512 2513 2514
2514 2513 2515
2512 2514 2516
2517 2512 2516
2517 2516 2518
2519 2517 2518
2519 2518 2520
2521 2520 2518
2516 2522 2518
2521 2518 2522
2516 2514 2522
2522 2523 2521
2522 2524 2523
2514 2524 2522
2524 2525 2523
2514 2515 2526
2514 2526 2524
2526 2515 2527
2526 2527 2528
2524 2526 2528
2529 2528 2527
2524 2530 2525
2524 2528 2530
2529 2531 2528
2530 2528 2531
2531 2529 2532
2525 2530 2533
2530 2531 2533
2525 2533 2534
2531 2532 2535
2533 2531 2535
2536 2534 2533
2533 2535 2536
2532 2536 2535
2536 2537 2534
2532 2538 2536
2537 2536 2538
2537 2538 2539
2540 2539 2541
2540 2541 2542
2542 2543 2540
2541 2544 2542
2541 2545 2544
2542 2546 2543
2546 2542 2544
2547 2543 2546
2545 2548 2544
2546 2544 2548
2545 2549 2548
2547 2546 2550
2548 2550 2546
2551 2547 2550
2552 2548 2549
2548 2552 2550
2552 2549 2553
2552 2553 2554
2551 2550 2555
2555 2550 2552
2552 2554 2556
2555 2552 2556
2557 2556 2554
2557 2558 2556
2558 2555 2556
2559 2558 2557
2551 2555 2560
2558 2560 2555
2551 2560 2561
2559 2562 2558
2562 2560 2558
2562 2559 2563
2564 2561 2560
2562 2564 2560
2562 2563 2564
2564 2565 2561
2565 2564 2563
2565 2563 2519
2566 2567 2568
2569 2567 2566
2568 2567 2570
2571 2567 2569
2570 2567 2572
2573 2567 2571
2572 2567 2574
2575 2567 2573
2574 2567 2576
2577 2567 2575
2576 2567 2578
2578 2567 2577
2579 2580 2581
2582 2579 2581
2579 2583 2580
2583 2584 2580
2582 2585 2579
2585 2582 2586
2587 2583 2579
2587 2579 2585
2583 2588 2584
2587 2588 2583
2587 2585 2589
2585 2586 2589
2587 2590 2588
2588 2591 2584
2588 2590 2591
2589 2586 2592
2593 2591 2590
2589 2592 2594
2587 2589 2594
2594 2592 2595
2593 2590 2596
2587 2596 2590
2597 2593 2596
2594 2595 2598
2587 2594 2598
2599 2598 2595
2597 2596 2600
2587 2600 2596
2600 2601 2597
2599 2602 2598
2587 2598 2602
2603 2602 2599
2587 2604 2600
2600 2604 2601
2587 2602 2605
2603 2605 2602
2587 2606 2604
2604 2607 2601
2604 2606 2607
2605 2603 2608
2609 2607 2606
2587 2609 2606
2609 2610 2607
2605 2608 2611
2587 2605 2611
2611 2608 2612
2613 2610 2609
2587 2613 2609
2613 2614 2610
2611 2612 2615
2587 2611 2615
2615 2612 2616
2614 2613 2617
2587 2617 2613
2614 2617 2618
2587 2615 2619
2615 2616 2619
2587 2619 2617
2619 2616 2618
2619 2618 2617
2620 2621 2622
2623 2621 2620
2620 2622 2624
2624 2622 2625
2623 2620 2626
2626 2627 2623
2628 2620 2624
2628 2626 2620
2624 2625 2629
2628 2624 2629
2628 2630 2626
2626 2630 2627
2628 2629 2631
2629 2625 2632
2629 2632 2631
2630 2633 2627
2634 2631 2632
2630 2635 2633
2628 2635 2630
2635 2636 2633
2634 2637 2631
2628 2631 2637
2638 2637 2634
2635 2639 2636
2628 2639 2635
2640 2636 2639
2638 2641 2637
2628 2637 2641
2641 2638 2642
2640 2639 2643
2628 2643 2639
2644 2640 2643
2628 2641 2645
2641 2642 2645
2628 2646 2643
2644 2643 2646
2628 2645 2647
2645 2642 2648
2645 2648 2647
2646 2649 2644
2650 2647 2648
2628 2647 2650
2650 2648 2651
2646 2652 2649
2628 2652 2646
2652 2653 2649
2654 2650 2651
2628 2650 2654
2654 2651 2655
2652 2656 2653
2628 2656 2652
2656 2657 2653
2655 2658 2654
2628 2654 2658
2655 2659 2658
2628 2660 2656
2656 2660 2657
2660 2659 2657
2628 2658 2660
2660 2658 2659
2661 2662 2663
2664 2661 2663
2662 2665 2663
2666 2664 2663
2665 2667 2663
2668 2666 2663
2667 2669 2663
2670 2668 2663
2669 2671 2663
2672 2670 2663
2671 2673 2663
2673 2672 2663
