byte offset: 0
first index: 49764
index count: 8991
topology: trianglelist
format: DXGI_FORMAT_R16_UINT

13928 13929 13930
13931 13928 13932
13931 13932 13933
13934 13935 13928
13936 13935 13934
13937 13935 13936
13937 13938 13935
13938 13937 13939
13940 13935 13938
13940 13941 13935
13942 13932 13943
13942 13943 13944
13945 13942 13944
13945 13946 13942
13947 13933 13946
13947 13948 13933
13949 13947 13946
13949 13946 13950
13950 13946 13951
13950 13951 13952
13953 13952 13954
13953 13955 13952
13956 13955 13953
13957 13943 13958
13957 13958 13959
13959 13945 13957
13959 13960 13945
13961 13958 13962
13962 13960 13961
13963 13964 13965
13963 13966 13967
13966 13968 13969
13969 13968 13970
13971 13966 13969
13971 13969 13972
13973 13972 13969
13973 13969 13974
13973 13975 13972
13973 13974 13976
13977 13973 13976
13978 13975 13973
13977 13979 13973
13978 13973 13979
13980 13979 13977
13978 13979 13981
13980 13981 13979
13980 13982 13981
13978 13981 13983
13984 13982 13980
13980 13985 13984
13981 13986 13983
13982 13986 13981
13984 13985 13987
13984 13987 13988
13984 13988 13989
13988 13987 13990
13988 13990 13991
13989 13988 13991
13991 13990 13992
13992 13990 13993
13994 13992 13993
13989 13991 13995
13995 13991 13992
13994 13996 13992
13997 13996 13994
13995 13992 13998
13996 13998 13992
13997 13999 13996
14000 13999 13997
14000 14001 13999
13999 14001 14002
13999 14002 13996
13996 14002 13998
14003 13998 14002
14003 14002 14004
14005 13998 14003
14005 13995 13998
14006 13995 14005
14006 13989 13995
13989 14006 14007
13989 14007 14008
13989 14008 14009
13984 13989 14009
14007 14010 14008
14007 14011 14010
14011 14012 14010
14011 14013 14012
14012 14013 14014
14008 14015 14009
14008 14010 14015
13984 14009 14015
14015 14010 14012
13984 14015 14016
14016 13982 13984
14015 14012 14017
14016 14015 14017
14012 14018 14017
14016 14017 14018
14012 14014 14019
14012 14019 14018
14020 14019 14014
14020 14014 14021
14022 14020 14021
14022 14021 14023
14022 14023 14024
14019 14025 14018
14020 14025 14019
14018 14026 14016
14025 14026 14018
14027 14025 14020
14022 14027 14020
14016 14026 14028
14028 13982 14016
14026 14025 14029
14029 14025 14027
14026 14029 14028
14030 13982 14028
14030 14028 14029
14029 14027 14031
14031 14027 14022
14022 14024 14032
14032 14024 14033
14032 14033 14034
14034 14033 14035
14022 14032 14036
14034 14036 14032
14022 14036 14037
14031 14022 14037
14037 14036 14038
14038 14036 14034
14034 14035 14039
14039 14035 14040
14030 14029 14041
14041 14029 14031
14042 14031 14037
14037 14038 14042
14043 14034 14039
14038 14034 14043
14041 14031 14044
14042 14044 14031
14045 14041 14044
14041 14046 14030
14046 14041 14045
14046 14047 14030
14045 14047 14046
14045 14048 14047
14044 14049 14045
14044 14042 14049
14049 14048 14045
14050 14030 14047
14030 14050 13982
13982 14050 13986
14050 14047 14051
14048 14051 14047
13986 14050 14052
14052 14050 14051
13986 14052 14053
14052 14051 14054
14055 14054 14051
14048 14055 14051
14055 14056 14054
14056 14055 14057
14057 14055 14048
14056 14057 14058
14059 14058 14057
14057 14048 14060
14057 14060 14059
14061 14058 14059
14061 14059 14062
14059 14063 14062
14064 14060 14048
14049 14064 14048
14065 14059 14060
14065 14060 14064
14066 14064 14049
14066 14065 14064
14042 14066 14049
14059 14067 14063
14065 14067 14059
14042 14068 14066
14042 14038 14068
14066 14069 14065
14065 14069 14067
14067 14069 14070
14063 14067 14071
14067 14070 14071
14063 14071 14072
14071 14073 14072
14071 14074 14073
14074 14075 14073
14074 14076 14075
14074 14077 14076
14077 14074 14078
14079 14078 14074
14066 14080 14069
14080 14070 14069
14068 14080 14066
14081 14074 14071
14079 14074 14081
14081 14071 14070
14082 14079 14081
14081 14070 14082
14083 14082 14070
14082 14084 14079
14085 14084 14082
14085 14082 14083
14086 14084 14085
14068 14087 14080
14087 14068 14038
14087 14038 14043
14080 14088 14070
14087 14088 14080
14083 14070 14088
14089 14086 14085
14086 14089 14090
14091 14087 14043
14087 14091 14088
14088 14092 14083
14091 14092 14088
14089 14085 14093
14093 14085 14083
14091 14043 14094
14043 14039 14094
14091 14094 14095
14095 14094 14039
14091 14096 14092
14091 14095 14096
14095 14039 14097
14039 14040 14097
14093 14083 14098
14083 14092 14099
14083 14099 14098
14098 14100 14093
14100 14089 14093
14098 14099 14100
14092 14096 14101
14092 14101 14099
14096 14095 14102
14096 14102 14101
14095 14097 14103
14095 14103 14102
14104 14103 14097
14104 14097 14105
14099 14106 14100
14099 14101 14106
14107 14089 14100
14106 14107 14100
14101 14102 14108
14101 14108 14106
14102 14103 14109
14102 14109 14108
14110 14106 14108
14109 14110 14108
14103 14111 14109
14103 14112 14111
14107 14113 14089
14113 14114 14089
14113 14115 14114
14116 14115 14113
14116 14113 14107
14106 14117 14107
14117 14116 14107
14110 14117 14106
14117 14118 14116
14119 14118 14117
14119 14117 14110
14109 14120 14110
14120 14119 14110
14111 14120 14109
14120 14121 14119
14122 14121 14120
14111 14122 14120
14122 14123 14121
14124 14123 14122
14124 14125 14123
14126 14124 14122
14126 14122 14111
14112 14126 14111
14112 14127 14126
14040 14128 14112
14040 14129 14128
14130 14127 14131
14130 14132 14127
14132 14133 14128
14132 14134 14133
14135 14134 14132
14133 14134 14136
14133 14136 14137
14137 14136 14138
14137 14138 14139
14136 14140 14138
14136 14141 14140
14134 14141 14136
14141 14142 14140
14134 14143 14141
14135 14143 14134
14141 14144 14142
14143 14144 14141
14142 14144 14145
14142 14145 14146
14145 14147 14146
14143 14148 14144
14144 14149 14145
14144 14148 14149
14145 14150 14147
14149 14150 14145
14151 14148 14143
14151 14143 14135
14147 14150 14152
14147 14152 14153
14152 14154 14153
14152 14155 14154
14150 14155 14152
14149 14156 14150
14150 14156 14155
14157 14149 14148
14157 14148 14151
14158 14156 14149
14158 14149 14157
14159 14151 14135
14160 14157 14151
14160 14151 14159
14161 14157 14160
14161 14158 14157
14162 14158 14161
14163 14156 14158
14162 14163 14158
14163 14164 14156
14156 14164 14155
14164 14163 14162
14165 14161 14160
14165 14160 14159
14155 14164 14166
14164 14162 14166
14155 14166 14167
14167 14168 14155
14167 14166 14169
14166 14170 14169
14166 14162 14170
14162 14171 14170
14170 14172 14169
14173 14162 14161
14165 14173 14161
14162 14173 14171
14170 14174 14172
14174 14170 14171
14172 14174 14175
14172 14175 14176
14177 14176 14175
14175 14178 14177
14175 14179 14178
14175 14180 14179
14174 14181 14175
14181 14180 14175
14174 14171 14181
14181 14182 14180
14183 14182 14181
14183 14181 14184
14184 14181 14171
14185 14183 14184
14185 14186 14183
14187 14186 14185
14187 14185 14188
14184 14171 14189
14190 14185 14184
14190 14184 14189
14191 14189 14171
14191 14171 14173
14192 14190 14189
14192 14189 14191
14193 14191 14173
14193 14173 14165
14194 14192 14191
14194 14191 14193
14190 14195 14185
14185 14196 14188
14196 14185 14195
14196 14195 14197
14190 14198 14195
14192 14198 14190
14198 14197 14195
14192 14199 14198
14199 14197 14198
14200 14192 14194
14200 14199 14192
14193 14201 14194
14200 14194 14201
14165 14202 14193
14193 14202 14201
14165 14203 14202
14165 14159 14203
14202 14203 14204
14159 14204 14203
14201 14202 14205
14202 14204 14205
14159 14206 14204
14159 14135 14206
14207 14206 14135
14207 14208 14206
14204 14206 14130
14204 14130 14209
14205 14204 14209
14205 14209 14210
14211 14205 14210
14211 14210 14212
14213 14211 14212
14213 14212 14214
14213 14214 14215
14205 14211 14216
14213 14216 14211
14201 14205 14216
14217 14201 14216
14213 14217 14216
14217 14200 14201
14200 14217 14218
14218 14217 14213
14213 14215 14219
14219 14215 14220
14200 14218 14221
14221 14199 14200
14221 14222 14199
14199 14222 14197
14213 14219 14223
14218 14213 14223
14224 14221 14218
14222 14221 14224
14225 14218 14223
14224 14218 14225
14223 14219 14226
14225 14223 14226
14219 14220 14227
14219 14227 14226
14228 14227 14220
14228 14220 14229
14230 14228 14229
14227 14231 14226
14228 14231 14227
14232 14225 14226
14226 14231 14232
14230 14233 14228
14234 14233 14230
14235 14224 14225
14232 14236 14225
14235 14225 14236
14235 14236 14237
14238 14236 14232
14231 14238 14232
14236 14238 14237
14238 14239 14237
14239 14238 14240
14240 14228 14233
14228 14241 14231
14238 14231 14241
14238 14241 14240
14240 14241 14228
14234 14242 14233
14242 14240 14233
14243 14242 14234
14243 14234 14244
14242 14245 14240
14239 14240 14245
14243 14245 14242
14239 14245 14243
14244 14246 14243
14244 14247 14246
14247 14248 14246
14247 14249 14248
14249 14250 14248
14249 14251 14250
14243 14246 14252
14246 14248 14253
14246 14253 14252
14254 14248 14250
14254 14253 14248
14243 14252 14255
14239 14243 14255
14255 14252 14256
14252 14253 14256
14255 14256 14257
14239 14255 14257
14253 14258 14256
14239 14257 14259
14260 14258 14253
14260 14253 14254
14261 14239 14259
14262 14260 14254
14239 14261 14237
14263 14254 14250
14262 14254 14263
14263 14250 14264
14265 14262 14263
14265 14263 14264
14261 14266 14237
14261 14267 14266
14261 14268 14267
14268 14269 14267
14268 14270 14269
14269 14270 14271
14269 14271 14272
14273 14266 14267
14273 14267 14269
14273 14274 14266
14273 14269 14275
14269 14276 14275
14269 14272 14276
14266 14274 14277
14237 14266 14277
14278 14276 14272
14278 14272 14279
14279 14272 14280
14272 14281 14280
14237 14277 14282
14235 14237 14282
14277 14283 14282
14277 14284 14283
14282 14285 14235
14283 14286 14282
14282 14286 14285
14287 14235 14285
14224 14235 14287
14287 14222 14224
14222 14287 14285
14222 14285 14197
14197 14285 14286
14197 14286 14288
14196 14197 14288
14283 14289 14286
14288 14286 14289
14288 14289 14290
14290 14196 14288
14290 14188 14196
14291 14292 14283
14291 14283 14293
14294 14295 14188
14294 14188 14296
14297 14294 14296
14297 14298 14294
14297 14299 14298
14300 14301 14302
14300 14303 14279
14304 14305 14306
14307 14308 14309
14310 14311 14312
14313 14314 14315
14316 14317 14318
14319 14317 14320
14319 14321 14317
14322 14321 14319
14322 14323 14321
14324 14323 14322
14324 14325 14323
14326 14325 14324
14326 14327 14325
14328 14327 14326
14328 14329 14327
14330 14331 14328
14330 14332 14331
14333 14332 14330
14334 14335 14336
14337 14335 14338
14337 14338 14339
14339 14338 14340
14339 14340 14341
14341 14340 14342
14341 14342 14343
14343 14342 14344
14345 14346 14347
14348 14349 14347
14348 14347 14350
14351 14348 14350
14351 14350 14352
14353 14351 14352
14353 14352 14354
14355 14353 14354
14355 14354 14356
14357 14355 14356
14357 14356 14358
14359 14357 14360
14359 14360 14361
14362 14359 14361
14363 14364 14365
14366 14367 14365
14366 14368 14367
14368 14369 14367
14368 14370 14369
14370 14371 14369
14370 14372 14371
14372 14373 14371
14374 14375 14376
14374 14376 14377
14378 14379 14376
14378 14380 14379
14381 14380 14378
14381 14382 14380
14381 14383 14382
14383 14384 14382
14385 14384 14383
14385 14383 14386
14387 14385 14386
14387 14388 14385
14382 14384 14389
14380 14382 14389
14380 14390 14379
14380 14389 14391
14380 14391 14390
14392 14391 14389
14392 14389 14393
14392 14394 14391
14391 14394 14395
14391 14395 14390
14390 14395 14396
14396 14397 14390
14390 14397 14398
14398 14399 14390
14399 14400 14379
14399 14379 14401
14402 14403 14389
14404 14392 14403
14404 14403 14405
14406 14403 14402
14406 14402 14407
14408 14406 14407
14408 14409 14406
14410 14404 14405
14411 14410 14405
14411 14412 14410
14413 14410 14414
14413 14414 14415
14413 14416 14410
14417 14413 14415
14417 14415 14418
14413 14419 14416
14417 14419 14413
14416 14419 14420
14417 14421 14419
14420 14419 14422
14421 14422 14419
14423 14421 14417
14423 14417 14424
14423 14424 14425
14423 14426 14421
14426 14427 14421
14427 14422 14421
14425 14428 14423
14425 14429 14428
14428 14430 14423
14431 14428 14429
14432 14427 14430
14433 14422 14427
14432 14433 14434
14432 14435 14433
14428 14436 14430
14436 14437 14430
14436 14438 14437
14438 14439 14437
14438 14440 14439
14440 14441 14439
14440 14442 14441
14443 14436 14428
14443 14444 14436
14431 14443 14428
14443 14431 14445
14446 14443 14445
14446 14447 14436
14446 14445 14448
14446 14449 14447
14449 14450 14447
14451 14441 14442
14451 14442 14452
14453 14442 14450
14449 14453 14450
14453 14454 14442
14455 14442 14454
14455 14454 14456
14454 14457 14456
14454 14458 14457
14454 14459 14458
14454 14460 14459
14453 14460 14454
14453 14461 14460
14449 14462 14453
14453 14462 14461
14449 14463 14462
14449 14446 14463
14446 14448 14463
14464 14461 14462
14464 14465 14461
14464 14466 14465
14466 14467 14465
14466 14468 14467
14466 14469 14468
14470 14464 14462
14471 14462 14463
14471 14463 14448
14470 14462 14472
14470 14472 14473
14471 14448 14474
14448 14475 14474
14448 14476 14475
14476 14431 14475
14477 14471 14474
14478 14477 14474
14471 14477 14479
14431 14480 14478
14478 14480 14477
14479 14477 14480
14431 14481 14480
14480 14481 14482
14479 14480 14483
14480 14482 14483
14473 14472 14484
14484 14479 14485
14482 14486 14485
14484 14485 14486
14473 14484 14487
14487 14482 14488
14473 14487 14488
14472 14489 14490
14472 14491 14489
14491 14472 14492
14473 14493 14494
14473 14494 14495
14495 14494 14496
14495 14496 14497
14497 14496 14498
14497 14498 14499
14500 14499 14498
14500 14501 14499
14466 14501 14502
14503 14500 14504
14503 14504 14505
14506 14505 14504
14506 14507 14505
14508 14507 14506
14508 14509 14507
14510 14509 14508
14510 14511 14509
14512 14511 14510
14512 14510 14513
14512 14513 14514
14512 14514 14515
14516 14517 14518
14516 14518 14519
14518 14520 14519
14518 14493 14520
14521 14522 14523
14521 14523 14524
14525 14521 14524
14525 14524 14526
14527 14525 14526
14527 14526 14528
14529 14527 14528
14529 14528 14530
14531 14532 14523
14531 14533 14532
14533 14534 14532
14533 14535 14534
14535 14536 14534
14535 14537 14536
14537 14538 14536
14537 14539 14538
14539 14540 14538
14539 14541 14540
14541 14542 14540
14541 14543 14542
14543 14544 14542
14543 14545 14544
14545 14546 14544
14545 14547 14546
14548 14546 14547
14548 14547 14549
14550 14551 14552
14550 14553 14551
14553 14554 14551
14553 14555 14554
14555 14556 14554
14555 14557 14556
14557 14529 14558
14557 14558 14559
14560 14441 14561
14560 14562 14441
14435 14441 14562
14563 14562 14560
14563 14564 14562
14435 14562 14433
14433 14562 14564
14565 14564 14563
14564 14565 14566
14567 14564 14566
14564 14567 14568
14433 14564 14569
14569 14564 14568
14433 14569 14422
14569 14568 14570
14420 14422 14569
14420 14569 14570
14571 14572 14573
14571 14573 14574
14574 14575 14576
14574 14576 14577
14577 14576 14578
14577 14578 14579
14579 14578 14580
14579 14580 14581
14581 14582 14583
14581 14583 14584
14584 14585 14586
14584 14586 14587
14587 14586 14588
14587 14588 14589
14589 14588 14590
14589 14590 14591
14591 14592 14593
14591 14593 14594
14595 14596 14594
14595 14594 14597
14598 14599 14600
14598 14600 14601
14602 14603 14604
14602 14604 14605
14606 14607 14608
14606 14608 14609
14610 14611 14606
14610 14612 14611
14613 14614 14615
14613 14615 14616
14617 14618 14613
14617 14619 14618
14620 14619 14617
14620 14621 14619
14622 14623 14624
14625 14623 14622
14625 14626 14623
14627 14626 14625
14627 14628 14626
14627 14629 14628
14630 14629 14627
14631 14629 14630
14628 14629 14632
14628 14632 14633
14632 14634 14633
14632 14635 14634
14629 14635 14632
14636 14634 14635
14631 14637 14629
14629 14637 14635
14638 14637 14631
14638 14639 14637
14639 14635 14637
14639 14638 14640
14639 14640 14641
14636 14635 14642
14639 14642 14635
14642 14639 14641
14636 14642 14643
14642 14641 14643
14644 14645 14646
14644 14647 14645
14647 14648 14645
14647 14649 14648
14649 14650 14648
14649 14651 14650
14650 14652 14648
14652 14653 14648
14651 14654 14650
14651 14655 14654
14655 14656 14654
14654 14657 14650
14650 14657 14652
14652 14658 14653
14658 14659 14653
14658 14660 14659
14661 14658 14652
14661 14652 14657
14654 14662 14657
14654 14656 14662
14663 14660 14658
14661 14663 14658
14664 14657 14662
14661 14657 14664
14665 14662 14656
14664 14662 14665
14665 14656 14666
14664 14665 14666
14666 14656 14667
14666 14667 14668
14664 14666 14669
14666 14668 14669
14661 14664 14669
14669 14668 14670
14661 14669 14671
14669 14670 14671
14671 14663 14661
14671 14670 14672
14671 14672 14673
14671 14673 14663
14673 14672 14674
14673 14675 14663
14663 14675 14660
14675 14676 14660
14673 14674 14677
14673 14677 14675
14677 14676 14675
14677 14674 14678
14677 14679 14676
14677 14678 14679
14680 14681 14682
14680 14683 14681
14684 14683 14680
14681 14683 14685
14681 14685 14686
14686 14685 14687
14684 14688 14683
14685 14683 14688
14689 14688 14684
14687 14685 14690
14685 14688 14690
14689 14691 14688
14690 14688 14691
14692 14691 14689
14687 14690 14693
14694 14687 14693
14692 14695 14691
14696 14695 14692
14690 14691 14697
14693 14690 14697
14697 14691 14695
14696 14698 14695
14699 14698 14696
14699 14700 14698
14697 14695 14701
14701 14695 14698
14701 14693 14697
14702 14698 14700
14701 14698 14702
14702 14700 14703
14704 14702 14703
14702 14705 14701
14701 14705 14693
14704 14705 14702
14706 14693 14705
14694 14693 14706
14707 14694 14706
14708 14705 14704
14706 14705 14708
14708 14704 14709
14707 14706 14710
14710 14706 14708
14711 14707 14710
14712 14708 14709
14710 14708 14712
14711 14710 14712
14712 14709 14713
14711 14712 14713
14714 14715 14716
14714 14717 14715
14718 14717 14714
14715 14717 14719
14715 14719 14720
14720 14719 14721
14718 14722 14717
14719 14717 14722
14723 14722 14718
14719 14722 14724
14721 14719 14724
14723 14725 14722
14724 14722 14725
14726 14725 14723
14726 14727 14725
14726 14728 14727
14727 14728 14729
14724 14725 14730
14730 14725 14727
14731 14727 14729
14730 14727 14731
14731 14729 14732
14733 14731 14732
14734 14724 14730
14734 14730 14731
14721 14724 14734
14734 14731 14733
14721 14734 14735
14735 14734 14733
14721 14735 14736
14735 14733 14737
14736 14735 14738
14738 14735 14737
14736 14738 14739
14738 14737 14740
14739 14738 14741
14741 14738 14740
14742 14743 14744
14742 14745 14743
14746 14745 14742
14743 14745 14747
14743 14747 14748
14748 14747 14749
14746 14750 14745
14747 14745 14750
14751 14750 14746
14747 14750 14752
14749 14747 14752
14751 14753 14750
14752 14750 14753
14754 14753 14751
14754 14755 14753
14756 14755 14754
14752 14753 14757
14757 14753 14755
14749 14752 14758
14758 14752 14757
14756 14759 14755
14760 14759 14756
14760 14761 14759
14749 14758 14762
14749 14762 14763
14757 14755 14764
14764 14755 14759
14765 14759 14761
14764 14759 14765
14765 14761 14766
14767 14765 14766
14767 14764 14765
14767 14757 14764
14758 14757 14767
14762 14758 14767
14762 14767 14768
14763 14762 14769
14769 14762 14768
14763 14769 14770
14769 14768 14771
14770 14769 14772
14772 14769 14771
14773 14774 14775
14773 14776 14774
14777 14776 14773
14774 14776 14778
14777 14778 14776
14774 14778 14779
14779 14778 14780
14779 14780 14781
14781 14780 13949
14777 14782 14778
14780 14778 14782
14783 14782 14777
14783 14777 14784
14785 14783 14784
14785 14786 14783
14787 14783 14786
13949 14780 14788
14780 14782 14788
14788 14782 14783
13949 14788 14789
14787 14790 14783
14788 14783 14790
14789 14788 14790
13948 14790 14787
13948 14789 14790
14791 14792 14793
14794 14792 14791
14794 14795 14792
14794 14796 14795
14794 14797 14796
14798 14797 14794
14797 14799 14796
14798 14800 14797
14797 14800 14799
14801 14800 14798
14802 14800 14801
14800 14803 14799
14802 14804 14800
14800 14804 14803
14805 14804 14802
14803 14804 14806
14805 14806 14804
14803 14806 14807
14806 14808 14807
14809 14806 14805
14806 14810 14808
14809 14810 14806
14811 14808 14810
14812 14810 14809
14811 14810 14812
14812 14809 14813
14811 14812 14814
14814 14812 14813
14811 14814 14815
14814 14813 14816
14815 14814 14817
14817 14814 14816
14817 14816 14818
14815 14817 14819
14820 14817 14818
14819 14817 14821
14820 14821 14817
14819 14821 14822
14823 14821 14820
14822 14821 14823
14824 14825 14826
14824 14826 14827
14827 14826 14828
14827 14828 14829
14827 14829 14830
14830 14831 14827
14832 14824 14827
14831 14832 14827
14832 14833 14824
14831 14834 14832
14832 14834 14835
14833 14832 14836
14832 14835 14836
14837 14836 14835
14837 14838 14836
14837 14839 14838
14837 14840 14839
14841 14839 14840
14841 14840 14842
14843 14841 14842
14844 14845 14846
14844 14847 14845
14847 14844 14848
14847 14848 14849
14848 14850 14849
14848 14851 14850
14852 14850 14851
14852 14851 14853
14852 14853 14854
14852 14854 14855
14856 14855 14854
14856 14857 14855
14858 14857 14856
14859 14860 14861
14859 14861 14862
14863 14859 14862
14863 14862 14864
14864 14865 14863
14866 14865 14864
14866 14867 14865
14868 14867 14866
14866 14869 14868
14870 14869 14866
14871 14870 14866
14871 14866 14872
14871 14872 14873
14873 14872 14874
14873 14874 14875
14875 14874 14876
14877 14875 14876
14878 14877 14876
14878 14876 14879
14880 14878 14879
14880 14879 14881
14882 14880 14881
14882 14881 14883
14884 14882 14883
14884 14885 14882
14886 14885 14884
14887 14888 14889
14887 14890 14888
14891 14890 14887
14891 14892 14890
14892 14891 14893
14894 14892 14893
14894 14893 14895
14896 14894 14895
14894 14896 14897
14898 14894 14897
14899 14894 14898
14899 14900 14894
14899 14901 14900
14901 14902 14900
14901 14903 14902
14903 14904 14902
14905 14904 14903
14906 14904 14905
14906 14907 14904
14908 14907 14906
14908 14909 14907
14910 14909 14908
14910 14911 14909
14912 14911 14910
14912 14913 14911
14914 14913 14912
14915 14916 14917
14915 14917 14918
14919 14915 14918
14919 14918 14920
14919 14920 14921
14919 14921 14922
14922 14921 14923
14922 14923 14924
14925 14924 14923
14925 14926 14924
14927 14926 14925
14927 14925 14928
14927 14928 14929
14927 14929 14930
14930 14929 14931
14930 14931 14932
14931 14933 14932
14931 14934 14933
14921 14920 14935
14920 14936 14935
14920 14937 14936
14937 14938 14936
14937 14939 14938
14921 14935 14940
14921 14940 14941
14921 14941 14942
14943 14942 14941
14943 14944 14942
14945 14944 14943
14945 14943 14946
14947 14943 14941
14948 14943 14947
14948 14947 14949
14947 14941 14950
14940 14950 14941
14949 14947 14951
14951 14947 14950
14940 14935 14952
14940 14953 14950
14940 14952 14953
14951 14950 14954
14953 14954 14950
14935 14955 14952
14935 14956 14955
14956 14957 14955
14956 14938 14957
14955 14957 14958
14955 14958 14959
14952 14955 14959
14953 14952 14960
14952 14959 14961
14952 14961 14960
14959 14962 14961
14959 14963 14962
14961 14964 14960
14961 14965 14964
14960 14964 14966
14953 14960 14967
14960 14966 14967
14967 14966 14968
14953 14967 14954
14967 14968 14954
14969 14954 14968
14969 14951 14954
14970 14951 14969
14970 14969 14971
14970 14971 14972
14970 14972 14973
14949 14951 14970
14974 14949 14970
14974 14972 14975
14974 14975 14976
14974 14977 14949
14976 14977 14974
14977 14946 14949
14978 14977 14976
14977 14979 14946
14928 14946 14979
14928 14979 14980
14981 14979 14977
14980 14979 14981
14981 14977 14978
14980 14981 14931
14981 14982 14931
14981 14983 14982
14978 14983 14981
14978 14984 14983
14985 14984 14978
14985 14986 14984
14987 14988 14989
14987 14989 14990
14989 14991 14992
14989 14992 14993
14994 14995 14996
14994 14996 14997
14998 14996 14999
14998 15000 14996
15001 15000 14998
15001 15002 15000
15003 15002 15001
15003 15004 15002
15005 15004 15003
15005 15003 15006
15007 15005 15008
15007 15009 15005
15010 15009 15011
15010 15012 15009
15013 15012 15014
15013 15015 15012
15016 15017 15015
15016 15015 15018
15019 15020 14997
15019 14997 15021
15022 15019 15021
15022 15021 15023
15024 15022 15023
15024 15025 15022
15026 15027 15024
15026 15024 15028
15029 15030 15028
15029 15028 15031
15032 15033 15031
15032 15031 15034
15035 15032 15034
15035 15034 15036
15037 15038 15039
15037 15039 15040
15041 15042 15043
15041 15043 15044
15045 15046 15047
15045 15047 15048
15049 15050 15051
15049 15051 15052
15053 15054 15055
15053 15055 15056
15057 15058 15059
15057 15059 15060
15061 15062 15063
15061 15064 15062
15062 15064 15065
15062 15065 15066
15066 15065 15067
15066 15067 15068
15067 15069 15070
15067 15070 15071
15071 15070 15072
15071 15072 15073
15074 15071 15073
15074 15075 15071
15076 15075 15074
15076 15077 15075
15078 15077 15076
15078 15076 15079
15078 15079 15080
15078 15080 15081
15061 15078 15081
15061 15081 15082
15082 15081 15083
15082 15083 15084
15081 15080 15085
15081 15085 15083
15083 15085 15086
15083 15086 15087
15084 15083 15087
15084 15087 15088
15087 15089 15088
15087 15090 15089
15086 15090 15087
15091 15089 15090
15091 15092 15089
15085 15080 15093
15086 15085 15094
15085 15093 15094
15080 15095 15093
15093 15095 15096
15080 15097 15095
15095 15097 15098
15095 15098 15099
15096 15095 15099
15100 15099 15098
15093 15096 15101
15093 15101 15102
15093 15102 15094
15100 15103 15099
15100 15104 15103
15073 15104 15100
15096 15099 15105
15105 15099 15106
15094 15102 15107
15094 15107 15108
15086 15094 15108
15102 15109 15107
15109 15110 15107
15109 15111 15110
15102 15112 15109
15113 15112 15102
15113 15114 15112
15096 15114 15113
15107 15115 15108
15096 15116 15114
15096 15117 15116
15096 15105 15117
15108 15115 15118
15086 15108 15118
15119 15117 15105
15105 15106 15119
15119 15106 15120
15119 15120 15121
15122 15118 15115
15123 15122 15115
15123 15124 15122
15122 15125 15118
15118 15125 15126
15118 15126 15127
15086 15118 15127
15127 15126 15128
15086 15127 15129
15086 15129 15090
15127 15128 15130
15129 15127 15130
15090 15129 15130
15130 15128 15131
15090 15130 15091
15130 15131 15091
15091 15131 15132
15091 15132 15133
15134 15133 15135
15134 15135 15136
15134 15137 15133
15134 15138 15137
15139 15137 15138
15139 15140 15137
15141 15134 15136
15141 15136 15142
15143 15134 15141
15143 15141 15144
15145 15143 15144
15145 15146 15143
15147 15140 15146
15148 15141 15142
15149 15141 15148
15145 15149 15148
15148 15142 15150
15147 15146 15151
15151 15146 15145
15152 15147 15151
15153 15148 15150
15145 15148 15153
15153 15150 15154
15155 15153 15154
15152 15151 15156
15157 15152 15156
15157 15156 15158
15157 15158 15159
15157 15159 15160
15159 15161 15160
15159 15162 15161
15162 15163 15161
15162 15164 15163
15156 15151 15165
15151 15145 15165
15156 15165 15166
15167 15156 15166
15167 15166 15168
15167 15168 15169
15167 15169 15170
15169 15171 15170
15169 15172 15171
15172 15173 15171
15172 15174 15173
15173 15174 15175
15173 15175 15176
15163 15173 15176
15163 15176 15069
15145 15177 15165
15165 15178 15166
15165 15177 15178
15145 15179 15177
15145 15153 15179
15179 15153 15180
15155 15180 15153
15181 15180 15155
15181 15155 15182
15183 15179 15180
15177 15179 15183
15177 15183 15184
15178 15177 15184
15166 15178 15185
15166 15185 15186
15185 15187 15186
15178 15184 15188
15178 15188 15189
15178 15189 15185
15185 15190 15187
15189 15190 15185
15191 15187 15190
15184 15183 15192
15192 15183 15193
15192 15193 15194
15184 15192 15195
15196 15184 15195
15196 15195 15197
15189 15196 15197
15189 15197 15198
15189 15199 15190
15191 15190 15200
15199 15201 15190
15191 15200 15202
15174 15191 15202
15199 15203 15201
15203 15204 15201
15203 15205 15204
15203 15199 15206
15207 15198 15206
15207 15206 15199
15203 15206 15208
15208 15206 15209
15210 15205 15203
15210 15203 15208
15205 15210 15211
15205 15211 15212
15213 15210 15208
15213 15208 15214
15208 15209 15214
15215 15216 15201
15215 15201 15217
15218 15213 15219
15218 15219 15220
15221 15222 15217
15221 15223 15222
15224 15209 15225
15224 15226 15209
15227 15226 15224
15227 15224 15228
15224 15197 15228
15229 15228 15230
15229 15230 15231
15227 15231 15232
15227 15232 15233
15229 15233 15234
15234 15233 15114
15229 15234 15235
15234 15236 15235
15234 15117 15236
15237 15236 15117
15237 15214 15236
15119 15237 15117
15238 15214 15237
15239 15237 15119
15238 15237 15239
15239 15119 15121
15121 15240 15239
15121 15241 15240
15242 15232 15243
15242 15243 15244
15245 15246 15238
15245 15247 15246
15244 15248 15249
15244 15249 15250
15250 15251 15252
15250 15252 15253
15254 15255 15256
15254 15257 15255
15258 15257 15106
15258 15106 15259
15260 15261 15262
15260 15262 15263
15263 15262 15264
15263 15264 15103
15265 15266 15267
15265 15268 15266
15269 15268 15265
15269 15270 15268
15269 15271 15270
15269 15272 15271
15272 15273 15271
15272 15274 15273
15275 15273 15274
15275 15274 15276
15277 15275 15276
15278 15273 15275
15277 15279 15275
15279 15278 15275
15271 15273 15280
15278 15280 15273
15277 15281 15279
15277 15282 15281
15282 15283 15281
15282 15284 15283
15283 15284 15285
15283 15285 15286
15279 15287 15278
15279 15281 15288
15279 15288 15287
15281 15289 15288
15281 15290 15289
15289 15290 15291
15289 15291 15292
15289 15293 15288
15293 15287 15288
15294 15289 15292
15289 15294 15293
15294 15292 15295
15296 15294 15295
15296 15295 15297
15294 15298 15293
15287 15299 15278
15299 15280 15278
15298 15300 15293
15300 15298 15301
15300 15301 15302
15293 15303 15287
15300 15303 15293
15287 15303 15299
15300 15304 15303
15304 15305 15302
15304 15302 15306
15304 15306 15307
15303 15304 15308
15303 15308 15299
15304 15307 15308
15299 15309 15280
15308 15309 15299
15307 15310 15308
15308 15310 15309
15307 15311 15310
15312 15280 15309
15271 15280 15312
15313 15310 15311
15313 15311 15314
15315 15309 15310
15315 15310 15313
15312 15309 15315
15316 15313 15314
15315 15313 15316
15316 15314 15317
15271 15312 15318
15271 15318 15270
15312 15315 15319
15315 15316 15319
15312 15319 15318
15320 15316 15317
15319 15316 15320
15320 15317 15321
15270 15318 15322
15270 15322 15323
15323 15322 15324
15323 15324 15266
15318 15319 15325
15318 15325 15326
15326 15327 15324
15326 15325 15327
15325 15328 15327
15325 15329 15328
15319 15329 15325
15319 15320 15329
15329 15320 15330
15329 15330 15331
15332 15333 15334
15332 15334 15335
15334 15336 15335
15334 15337 15336
15338 15339 15340
15338 15340 15341
15342 15343 15344
15342 15344 15345
15346 15347 15348
15346 15348 15349
15350 15351 15352
15350 15352 15353
15354 15355 15356
15354 15356 15357
15358 15359 15360
15358 15360 15361
15362 15363 15364
15362 15365 15363
15365 15366 15363
15365 15367 15366
15368 15362 15369
15368 15369 15230
15370 15371 15372
15370 15373 15371
15373 15374 15371
15373 15200 15374
15375 15376 15377
15378 15377 15376
15378 15379 15377
15380 15379 15378
15380 15378 15381
15382 15380 15381
15382 15383 15380
15384 15383 15382
15384 15385 15383
15386 15385 15384
15387 15388 15389
15388 15387 15390
15388 15390 15391
15391 15390 15392
15391 15392 15393
15392 15394 15393
15392 15395 15394
15394 15395 15396
15394 15396 15397
15397 15396 15398
15399 15400 15401
15399 15402 15400
15402 15403 15400
15404 15402 15399
15402 15404 15403
15404 15399 15405
15406 15404 15405
15407 15403 15404
15406 15407 15404
15407 15408 15403
15409 15408 15407
15410 15407 15406
15409 15407 15410
15410 15406 15411
15412 15410 15411
15413 15409 15410
15412 15413 15410
15413 15414 15409
15415 15414 15413
15416 15413 15412
15415 15413 15416
15416 15412 15417
15416 15418 15415
15419 15416 15417
15416 15419 15418
15419 15417 15420
15419 15421 15418
15422 15419 15420
15419 15423 15421
15422 15423 15419
15424 15421 15423
15422 15424 15423
15424 15425 15421
15426 15425 15424
15422 15427 15424
15427 15426 15424
15426 15428 15425
15427 15429 15426
15430 15428 15426
15426 15429 15431
15430 15426 15432
15426 15431 15432
15432 15431 15433
15434 15430 15432
15432 15433 15435
15434 15432 15435
15435 15433 15436
15437 15434 15435
15435 15436 15437
15437 15436 15438
15437 15439 15434
15437 15438 15440
15440 15439 15437
15440 15441 15439
15442 15441 15443
15442 15443 15444
15445 15446 15447
15445 15447 15448
15445 15448 15449
15445 15449 15450
15449 15451 15450
15449 15452 15451
15452 15453 15451
15452 15454 15453
15455 15456 15448
15455 15457 15456
15449 15457 15458
15449 15458 15459
15459 15458 15460
15459 15460 15461
15461 15460 15462
15461 15462 15463
15462 15464 15463
15455 15465 15466
15455 15466 15467
15461 15468 15469
15469 15468 15470
15461 15469 15471
15472 15473 15471
15471 15473 15474
15473 15475 15474
15471 15474 15451
15476 15474 15475
15451 15474 15477
15476 15477 15474
15451 15477 15478
15479 15477 15476
15478 15477 15479
15479 15476 15480
15478 15479 15481
15479 15482 15481
15481 15482 15483
15484 15485 15486
15484 15486 15487
15488 15489 15487
15488 15490 15489
15490 15488 15491
15490 15491 15492
15490 15493 15489
15494 15490 15492
15490 15494 15493
15494 15492 15495
15493 15494 15496
15496 15494 15495
15493 15496 15497
15497 15496 15498
15496 15495 15499
15498 15496 15499
15497 15498 15500
15498 15499 15501
15498 15502 15500
15503 15498 15501
15498 15504 15502
15503 15504 15498
15504 15505 15502
15506 15504 15503
15504 15507 15505
15506 15507 15504
15508 15505 15507
15506 15508 15507
15506 15509 15508
15508 15510 15505
15508 15509 15511
15512 15510 15508
15508 15511 15512
15512 15513 15510
15512 15511 15514
15513 15512 15515
15512 15514 15515
15513 15515 15516
15515 15517 15516
15514 15518 15515
15515 15518 15517
15514 15519 15518
15518 15519 15520
15517 15518 15521
15518 15520 15521
15517 15521 15522
15521 15523 15522
15520 15524 15521
15521 15524 15523
15520 15525 15524
15524 15525 15526
15527 15523 15524
15524 15526 15527
15527 15528 15523
15526 15528 15527
15526 15529 15528
15530 14058 15531
15530 15532 14058
15533 15532 15530
15533 15530 15534
15533 15534 15535
15536 15537 14052
15536 14052 15538
15539 15540 15541
15539 15542 15540
15540 15542 15543
15540 15543 15544
15544 15543 15545
15544 15545 15546
15542 15547 15543
15547 15545 15543
15546 15545 15548
15548 15545 15549
15549 15545 15550
15547 15551 15545
15545 15552 15550
15545 15551 15552
15552 15551 15553
15552 15553 15554
15555 15556 15554
15555 15557 15556
15558 15559 15560
15558 15560 15561
15560 15562 15561
15560 15563 15562
15564 15562 15563
15565 15562 15564
15566 15565 15564
15565 15458 15562
15458 15561 15562
15458 15567 15561
15567 15558 15561
15567 15568 15558
15558 15568 15569
15568 15570 15569
15571 15572 15573
15571 15573 15574
15573 15575 15574
15573 15576 15575
15576 15577 15575
15576 15578 15577
15574 15575 15579
15579 15575 15577
15578 15580 15577
15580 15581 15577
15581 15582 15577
15579 15577 15583
15577 15582 15584
15577 15584 15583
15584 15585 15583
15584 15586 15585
15587 15586 15588
15587 15588 15589
15590 15591 15592
15590 15592 15593
15594 15595 15596
15594 15596 15597
15598 15599 15600
15598 15600 15601
15602 15603 15604
15602 15604 15605
15606 15607 15608
15606 15608 15609
15610 15611 15612
15610 15612 15613
15614 15615 15616
15614 15616 15617
15618 15619 15620
15618 15620 15621
15622 15623 15624
15622 15624 15625
15626 15627 15628
15626 15628 15629
15630 15631 15632
15630 15632 15633
15634 15635 15636
15634 15636 15637
15638 15639 15640
15638 15640 15641
15642 15643 15644
15642 15644 15645
15646 15647 15648
15646 15648 15649
15650 15651 15652
15650 15652 15653
15654 15655 15656
15654 15656 15657
15658 15659 15660
15658 15660 15661
15662 15663 15664
15662 15664 15665
15666 15667 15668
15666 15668 15669
15670 15671 15672
15670 15672 15673
15674 15675 15676
15674 15676 15677
15678 15679 15680
15681 15680 15679
15681 15682 15680
15683 15682 15681
15683 15684 15682
15685 15684 15683
15685 15686 15684
15687 15686 15685
15687 15688 15686
15686 15688 15689
15686 15689 15690
15690 15689 15691
15692 15684 15686
15692 15686 15690
15690 15691 15693
15694 15693 15691
15695 15690 15693
15694 15695 15693
15695 15692 15690
15696 15684 15692
15696 15697 15684
15694 15698 15695
15699 15698 15694
15698 15699 15700
15701 15692 15695
15701 15696 15692
15701 15695 15698
15702 15697 15696
15702 15703 15697
15703 15702 15704
15702 15705 15704
15706 15702 15696
15706 15696 15701
15702 15706 15705
15698 15700 15707
15708 15707 15700
15701 15698 15709
15706 15701 15709
15709 15698 15707
15705 15706 15710
15706 15709 15710
15711 15705 15710
15711 15710 15709
15712 15705 15711
15709 15707 15713
15713 15707 15708
15711 15709 15713
15712 15711 15714
15712 15714 15715
15716 15711 15713
15716 15714 15711
15716 15715 15714
15713 15708 15716
15716 15717 15715
15708 15717 15716
15708 15718 15717
15719 15720 15721
15722 15720 15719
15719 15723 15722
15719 15724 15723
15722 15723 15725
15722 15725 15726
15724 15727 15723
15724 15728 15727
15728 15729 15727
15723 15730 15725
15723 15727 15730
15726 15725 15731
15730 15731 15725
15726 15731 15732
15732 15731 15733
15733 15731 15734
15734 15731 15730
15733 15734 15735
15736 15727 15729
15736 15730 15727
15730 15736 15734
15736 15729 15737
15736 15738 15734
15736 15737 15738
15735 15734 15738
15739 15738 15737
15735 15738 15739
15740 15735 15739
15740 15741 15735
15735 15741 15742
15735 15742 15743
15733 15735 15743
15733 15743 15744
15745 15733 15744
15746 15733 15745
15745 15747 15746
15745 15748 15747
15747 15748 15749
15747 15749 15750
15747 15750 15751
15751 15752 15747
15753 15747 15752
15753 15754 15747
15747 15754 15755
15747 15755 15746
15756 15746 15755
15756 15755 15757
15733 15746 15758
15758 15757 15759
15758 15760 15733
15758 15759 15760
15760 15761 15733
15762 15760 15759
15761 15760 15763
15762 15764 15760
15763 15760 15764
15765 15766 15767
15765 15767 15768
15768 15767 15769
15768 15769 15770
15771 15770 15769
15772 15773 15774
15772 15774 15775
15775 15776 15772
15775 15774 15777
15775 15778 15776
15776 15778 15779
15780 15779 15778
15775 15777 15781
15778 15775 15781
15781 15777 15782
15781 15782 15783
15783 15782 15784
15778 15781 15785
15785 15781 15783
15780 15778 15786
15786 15778 15785
15787 15780 15786
15787 15788 15780
15789 15787 15786
15789 15786 15790
15786 15785 15790
15790 15791 15789
15792 15790 15785
15792 15791 15790
15785 15783 15792
15793 15791 15792
15793 15792 15794
15794 15792 15783
15795 15793 15794
15795 15796 15784
15783 15784 15796
15794 15783 15796
15796 15795 15794
15797 15798 15799
15797 15800 15798
15801 15800 15797
15801 15802 15800
15803 15802 15801
15803 15804 15802
15805 15804 15803
15805 15806 15804
15807 15806 15805
15807 15808 15806
15809 15808 15807
15809 15810 15808
15811 15810 15809
15811 15812 15810
15811 15813 15812
15814 15798 15815
15814 15815 15816
15817 15815 15818
15817 15818 15819
15819 15818 15820
15819 15820 15821
15821 15820 15822
15821 15822 15823
15823 15822 15824
15825 15826 15827
15828 15827 15826
15828 15826 15829
15830 15828 15829
15830 15829 15831
15832 15830 15831
15832 15831 15833
15834 15832 15833
15834 15833 15835
15833 15836 15835
15833 15837 15836
15837 15838 15836
15839 15833 15831
15839 15837 15833
15837 15840 15838
15841 15838 15840
15842 15840 15837
15841 15840 15842
15842 15837 15839
15843 15839 15831
15843 15831 15844
15841 15842 15845
15846 15841 15845
15845 15847 15846
15848 15842 15839
15848 15839 15843
15848 15845 15842
15849 15843 15844
15849 15844 15850
15850 15851 15849
15849 15851 15852
15853 15843 15849
15853 15848 15843
15849 15852 15853
15845 15854 15847
15855 15847 15854
15848 15856 15845
15853 15856 15848
15856 15854 15845
15852 15857 15853
15853 15857 15856
15858 15857 15852
15858 15856 15857
15859 15858 15852
15856 15860 15854
15860 15855 15854
15858 15860 15856
15859 15861 15858
15859 15862 15861
15863 15860 15858
15863 15858 15861
15863 15861 15862
15860 15863 15855
15863 15862 15864
15855 15863 15864
15855 15864 15865
15866 15867 15868
15869 15866 15868
15866 15869 15870
15866 15870 15871
15869 15872 15870
15869 15873 15872
15871 15870 15874
15871 15874 15875
15875 15874 15876
15873 15877 15872
15873 15878 15877
15878 15879 15877
15879 15880 15877
15879 15881 15880
15870 15872 15882
15882 15872 15877
15870 15882 15874
15880 15882 15877
15883 15876 15874
15883 15874 15882
15882 15880 15883
15883 15884 15876
15883 15880 15885
15883 15885 15884
15881 15885 15880
15886 15884 15885
15881 15886 15885
15887 15886 15881
15887 15881 15888
15881 15889 15888
15881 15890 15889
15879 15890 15881
15879 15891 15890
15892 15891 15879
15893 15892 15879
15892 15893 15894
15892 15894 15895
15894 15896 15895
15894 15897 15896
15894 15898 15897
15898 15894 15899
15900 15899 15894
15900 15894 15901
15894 15902 15901
15894 15893 15902
15903 15902 15893
15903 15904 15902
15879 15905 15893
15905 15906 15904
15905 15879 15907
15905 15907 15906
15907 15879 15908
15909 15906 15907
15908 15910 15907
15909 15907 15911
15910 15911 15907
15912 15913 15914
15912 15915 15913
15915 15916 15913
15915 15917 15916
15918 15916 15917
15919 15920 15921
15919 15922 15920
15922 15919 15923
15922 15924 15920
15922 15923 15925
15923 15926 15925
15927 15925 15926
15922 15928 15924
15925 15928 15922
15928 15929 15924
15928 15930 15929
15930 15931 15929
15925 15932 15928
15932 15930 15928
15927 15933 15925
15933 15932 15925
15934 15933 15927
15934 15927 15935
15936 15933 15934
15936 15937 15933
15933 15937 15932
15937 15936 15938
15939 15932 15937
15939 15937 15938
15932 15939 15930
15940 15939 15938
15940 15941 15939
15941 15930 15939
15942 15941 15940
15941 15943 15930
15943 15941 15942
15930 15943 15931
15942 15931 15943
15944 15945 15946
15944 15946 15947
15948 15944 15947
15948 15947 15949
15950 15948 15949
15950 15949 15951
15952 15950 15951
15952 15951 15953
15954 15952 15953
15954 15953 15955
15956 15954 15955
15956 15955 15957
15958 15956 15957
15958 15957 15959
15958 15959 15960
15961 15962 15946
15961 15963 15962
15964 15965 15962
15964 15966 15965
15966 15967 15965
15966 15968 15967
15968 15969 15967
15968 15970 15969
15970 15971 15969
15972 15973 15974
15972 15975 15973
15976 15975 15972
15975 15977 15973
15976 15978 15975
15975 15979 15977
15978 15979 15975
15980 15977 15979
15980 15979 15981
15978 15982 15979
15983 15981 15979
15983 15979 15982
15984 15983 15982
15982 15978 15985
15984 15982 15985
15978 15986 15985
15987 15988 15984
15987 15989 15988
15981 15988 15990
15981 15990 15991
15992 15981 15991
15992 15991 15993
15990 15994 15991
15990 15995 15994
15996 15991 15994
15994 15995 15997
15996 15994 15998
15994 15997 15999
15998 15994 15999
15998 15999 16000
15999 16001 16000
15999 16002 16001
16003 16002 15999
16003 16004 16002
16005 16006 16007
16005 16008 16006
16008 16009 16010
16008 16010 16011
16006 16012 16013
16006 16014 16012
16011 16015 16016
16011 16016 16017
16017 16018 16019
16017 16019 16020
16021 16022 16023
16021 16023 16024
16024 16025 16026
16024 16026 15987
16027 16028 16029
16027 16029 16030
16031 16027 16030
16030 16029 16032
16031 16030 16033
16030 16032 16034
16033 16030 16034
16035 16034 16032
16035 16036 16034
16033 16034 16037
16038 16034 16036
16038 16037 16034
16039 16037 16038
16037 16040 16033
16039 16040 16037
16033 16040 16041
16042 16039 16043
16042 16043 16044
16036 16045 16043
16036 16046 16045
16047 16046 16036
16047 16048 16046
16045 16046 16049
16045 16049 16050
16051 16049 16046
16049 16052 16050
16051 16053 16049
16049 16054 16052
16053 16054 16049
16053 16055 16054
16054 16055 16056
16054 16056 16057
16058 16054 16057
16058 16057 16059
16060 16061 16062
16060 16062 16063
16062 16064 16065
16062 16065 16066
16063 16067 16068
16063 16069 16067
16069 16070 16071
16069 16072 16070
16072 16073 16074
16072 16074 16075
16076 16077 16078
16076 16079 16077
16079 16042 16080
16079 16080 16081
16082 16083 16084
16082 16085 16083
16086 16085 16082
16085 16086 16087
16085 16087 16088
16087 16089 16088
16090 16085 16088
16090 16088 16089
16090 16083 16085
16090 16089 16091
16091 16089 16092
16093 16083 16090
16093 16090 16091
16094 16091 16092
16093 16091 16094
16093 16095 16083
16096 16083 16095
16094 16092 16097
16098 16094 16097
16098 16097 16099
16100 16093 16094
16100 16094 16098
16101 16098 16099
16101 16100 16098
16093 16102 16095
16093 16100 16102
16100 16103 16102
16104 16095 16102
16103 16104 16102
16104 16105 16095
16096 16095 16105
16103 16106 16104
16103 16107 16106
16096 16105 16108
16109 16108 16105
16101 16099 16110
16111 16110 16099
16111 16112 16110
16113 16112 16111
16112 16114 16110
16115 16101 16110
16096 16108 16116
16117 16096 16116
16112 16118 16114
16119 16114 16118
16117 16116 16120
16121 16117 16120
16120 16122 16121
16120 16123 16122
16122 16123 16124
16125 16123 16120
16125 16120 16116
16125 16124 16123
16126 16116 16108
16126 16125 16116
16125 16127 16124
16126 16127 16125
16127 16128 16124
16126 16108 16129
16109 16129 16108
16130 16129 16109
16130 16109 16131
16130 16131 16132
16126 16133 16127
16133 16128 16127
16126 16129 16134
16134 16129 16130
16134 16133 16126
16133 16135 16128
16136 16135 16133
16134 16136 16133
16136 16137 16135
16138 16136 16134
16138 16137 16136
16134 16130 16139
16138 16134 16139
16138 16140 16137
16141 16137 16140
16141 16140 16142
16143 16141 16142
16144 16140 16138
16142 16140 16145
16146 16138 16139
16144 16138 16146
16147 16139 16130
16146 16139 16147
16142 16145 16148
16149 16148 16145
16150 16149 16144
16146 16150 16144
16150 16151 16149
16146 16152 16150
16151 16153 16149
16149 16153 16148
16151 16154 16153
16155 16142 16148
16155 16148 16153
16156 16152 16146
16156 16146 16147
16147 16130 16157
16130 16132 16157
16158 16147 16157
16132 16158 16157
16158 16156 16147
16132 16159 16158
16160 16158 16159
16160 16156 16158
16160 16152 16156
16160 16161 16152
16154 16162 16153
16162 16155 16153
16154 16163 16162
16163 16154 16164
16165 16163 16164
16166 16162 16163
16165 16166 16163
16167 16155 16162
16166 16167 16162
16165 16168 16166
16165 16169 16168
16168 16170 16166
16168 16171 16170
16171 16172 16170
16171 16173 16172
16173 16174 16172
16172 16174 16175
16170 16176 16166
16176 16167 16166
16176 16177 16167
16167 16178 16155
16177 16178 16167
16179 16176 16170
16170 16172 16179
16180 16155 16178
16155 16180 16142
16143 16142 16180
16143 16180 16181
16180 16178 16181
16182 16181 16178
16143 16181 16183
16181 16184 16183
16181 16182 16184
16185 16184 16182
16177 16186 16178
16182 16178 16186
16179 16187 16176
16187 16177 16176
16188 16182 16186
16177 16188 16186
16187 16189 16177
16190 16188 16177
16190 16177 16189
16188 16191 16182
16191 16188 16190
16192 16189 16187
16179 16192 16187
16192 16193 16189
16193 16190 16189
16179 16194 16192
16193 16195 16190
16196 16194 16179
16196 16179 16172
16197 16196 16172
16198 16197 16172
16195 16199 16190
16190 16199 16191
16182 16191 16200
16191 16199 16200
16199 16201 16200
16185 16182 16200
16201 16185 16200
16185 16201 16202
16185 16202 16203
16202 16204 16203
16202 16205 16204
16206 16204 16205
16206 16207 16204
16208 16204 16207
16209 16207 16206
16209 16206 16210
16211 16209 16210
16208 16207 16212
16212 16207 16209
16213 16208 16212
16211 16214 16209
16212 16209 16215
16215 16209 16214
16213 16212 16216
16215 16216 16212
16213 16216 16217
16213 16217 16218
16217 16219 16218
16215 16220 16216
16220 16217 16216
16219 16217 16221
16128 16219 16221
16128 16221 16222
16221 16217 16223
16220 16223 16217
16224 16220 16215
16215 16214 16224
16222 16221 16225
16221 16223 16225
16224 16226 16220
16226 16223 16220
16227 16224 16214
16226 16224 16227
16228 16227 16214
16226 16227 16229
16226 16230 16223
16230 16226 16229
16225 16223 16230
16230 16229 16231
16214 16232 16228
16232 16214 16211
16232 16211 16233
16228 16232 16234
16234 16232 16233
16234 16233 16235
16236 16230 16231
16225 16230 16236
16236 16231 16237
16238 16234 16235
16238 16235 16239
16238 16239 16240
16241 16238 16240
16240 16242 16241
16234 16238 16243
16243 16238 16241
16241 16242 16244
16243 16241 16244
16245 16225 16236
16222 16225 16245
16245 16246 16222
16245 16247 16246
16248 16247 16245
16245 16236 16249
16248 16245 16249
16249 16236 16250
16237 16250 16236
16250 16237 16251
16248 16249 16252
16249 16250 16252
16252 16250 16251
16248 16252 16253
16254 16253 16252
16254 16252 16255
16252 16251 16255
16255 16256 16254
16255 16257 16256
16257 16258 16256
16259 16258 16257
16255 16260 16257
16257 16260 16259
16251 16261 16255
16255 16261 16260
16262 16259 16260
16262 16263 16259
16260 16264 16262
16262 16264 16265
16265 16263 16262
16265 16264 16266
16261 16267 16260
16260 16267 16264
16268 16261 16251
16261 16268 16267
16264 16269 16266
16266 16269 16270
16269 16271 16270
16269 16272 16271
16269 16273 16272
16264 16273 16269
16264 16274 16273
16264 16275 16274
16267 16275 16264
16275 16276 16274
16242 16276 16275
16242 16275 16244
16267 16244 16275
16268 16244 16267
16268 16243 16244
16277 16243 16268
16251 16277 16268
16251 16278 16277
16279 16277 16278
16277 16280 16243
16243 16280 16234
16280 16281 16234
16281 16280 16282
16282 16280 16277
16277 16279 16282
16279 16283 16282
16284 16285 16286
16284 16287 16285
16284 16288 16287
16284 16289 16288
16107 16288 16289
16287 16290 16285
16290 16291 16285
16107 16292 16288
16103 16292 16107
16288 16293 16287
16288 16292 16293
16293 16292 16103
16287 16293 16290
16293 16103 16294
16290 16293 16294
16100 16294 16103
16101 16294 16100
16290 16294 16101
16115 16290 16101
16290 16115 16291
16291 16115 16119
16291 16119 16295
16295 16119 16296
16119 16118 16296
16295 16296 16297
16298 16296 16118
16298 16118 16112
16297 16296 16299
16299 16296 16298
16298 16112 16300
16113 16300 16112
16113 16301 16300
16113 16302 16301
16301 16302 16303
16301 16303 16304
16305 16304 16303
16300 16301 16306
16300 16306 16298
16304 16306 16301
16297 16299 16307
16307 16308 16297
16309 16308 16307
16310 16299 16298
16310 16298 16306
16311 16307 16299
16309 16307 16311
16311 16299 16310
16309 16311 16312
16309 16312 16313
16312 16311 16314
16312 16314 16315
16315 16314 16316
16315 16316 16317
16317 16316 16318
16316 16319 16318
16311 16310 16320
16314 16311 16320
16321 16310 16306
16310 16321 16320
16314 16322 16316
16322 16314 16320
16321 16306 16323
16304 16323 16306
16321 16323 16324
16324 16323 16304
16325 16316 16322
16326 16316 16325
16327 16316 16326
16325 16322 16328
16329 16328 16322
16322 16320 16330
16329 16322 16330
16320 16331 16330
16331 16329 16330
16320 16321 16331
16331 16332 16329
16333 16331 16321
16332 16331 16333
16333 16321 16324
16332 16333 16334
16334 16333 16335
16336 16333 16324
16333 16336 16335
16324 16304 16336
16336 16337 16335
16304 16337 16336
16335 16337 16338
16305 16337 16304
16337 16305 16338
16305 16339 16338
16305 16340 16339
16339 16340 16341
16339 16341 16342
16343 16342 16341
16343 16341 16344
16345 16344 16341
16346 16343 16344
16346 16347 16343
16348 16347 16346
16345 16349 16344
16349 16346 16344
16350 16349 16345
16348 16346 16351
16349 16352 16346
16352 16351 16346
16350 16353 16349
16352 16349 16353
16350 16354 16353
16350 16355 16354
16354 16355 16356
16352 16353 16357
16357 16353 16354
16356 16358 16354
16092 16358 16356
16092 16359 16358
16358 16360 16354
16357 16354 16360
16361 16352 16357
16352 16361 16351
16359 16362 16358
16358 16362 16360
16361 16357 16363
16363 16357 16360
16351 16361 16364
16363 16364 16361
16351 16364 16365
16363 16366 16364
16363 16360 16367
16367 16366 16363
16362 16367 16360
16367 16368 16366
16365 16369 16351
16369 16348 16351
16369 16370 16348
16365 16371 16369
16371 16370 16369
16371 16372 16370
16368 16367 16373
16362 16373 16367
16374 16368 16373
16375 16372 16371
16375 16376 16372
16375 16377 16376
16378 16377 16375
16377 16378 16379
16380 16375 16371
16380 16378 16375
16378 16381 16379
16380 16381 16378
16382 16373 16362
16359 16382 16362
16382 16359 16383
16382 16383 16384
16385 16382 16384
16382 16386 16373
16385 16386 16382
16386 16387 16373
16373 16387 16374
16387 16388 16374
16385 16389 16386
16386 16389 16387
16389 16388 16387
16385 16390 16389
16391 16389 16390
16391 16392 16389
16389 16392 16388
16392 16391 16393
16392 16393 16394
16394 16393 16395
16396 16394 16395
16392 16394 16397
16394 16396 16397
16388 16392 16398
16392 16397 16398
16399 16397 16396
16399 16396 16400
16397 16399 16401
16399 16402 16401
16402 16399 16400
16402 16403 16401
16398 16397 16404
16397 16401 16404
16388 16398 16405
16398 16404 16405
16401 16403 16406
16403 16407 16406
16406 16407 16408
16406 16408 16409
16406 16409 16410
16401 16406 16410
16401 16410 16411
16401 16411 16412
16404 16401 16412
16412 16411 16413
16379 16412 16413
16379 16381 16412
16404 16412 16381
16405 16404 16381
16405 16381 16380
16414 16405 16380
16405 16414 16388
16414 16415 16388
16416 16415 16414
16414 16380 16417
16371 16417 16380
16371 16418 16417
16418 16419 16417
16414 16417 16419
16419 16416 16414
16419 16420 16416
16421 16422 16423
16421 16423 16424
16424 16423 16425
16426 16427 16428
16426 16428 16429
16430 16431 16426
16430 16432 16431
16433 16428 16434
16433 16434 16435
16435 16434 16436
16435 16436 16437
16437 16436 16438
16437 16438 16439
16439 16438 16440
16439 16440 16441
16441 16440 16442
16441 16442 16443
16443 16442 16444
16443 16444 16445
16445 16444 16446
16445 16446 16447
16447 16446 16448
16447 16448 16449
16448 16450 16449
16448 16451 16450
16450 16451 16452
16450 16452 16453
16453 16452 16454
16453 16454 16455
16456 16455 16454
16456 16457 16455
16458 16457 16456
16458 16459 16457
16459 16458 16460
16459 16460 16461
16461 16460 16462
16461 16462 16463
16463 16462 16464
16463 16464 16465
16466 16467 16468
16466 16468 16469
16470 16471 16472
16470 16472 16473
16474 16475 16476
16474 16477 16475
16477 16478 16475
16479 16480 16481
16479 16482 16480
16482 16483 16480
16482 16484 16483
16484 16485 16483
16484 16486 16485
16486 16487 16485
16486 16488 16487
16488 16489 16487
16488 16490 16489
16490 16491 16489
16490 16492 16491
16492 16493 16491
16492 16494 16493
16494 16495 16493
16494 16496 16495
16496 16497 16495
16496 16498 16497
16497 16498 16499
16497 16499 16500
16499 16501 16500
16499 16502 16501
16502 16503 16501
16502 16504 16503
16505 16503 16504
16505 16504 16506
16507 16505 16506
16507 16506 16508
16508 16509 16507
16508 16510 16509
16510 16511 16509
16510 16512 16511
16512 16513 16511
16512 16514 16513
16515 16516 16517
16515 16479 16516
16518 16519 16520
16518 16520 16521
16522 16523 16524
16522 16524 16525
16526 16527 16528
16529 16526 16528
16526 16530 16527
16530 16531 16527
16530 16532 16531
16533 16532 16530
16526 16533 16530
16533 16534 16532
16533 16535 16534
16526 16536 16533
16536 16535 16533
16529 16537 16526
16526 16537 16536
16536 16538 16535
16539 16535 16538
16539 16538 16540
16540 16538 16541
16541 16538 16536
16541 16536 16537
16537 16542 16541
16529 16543 16537
16537 16543 16542
16529 16544 16543
16543 16545 16542
16544 16546 16543
16543 16546 16545
16544 16547 16546
16546 16548 16545
16547 16548 16546
