byte offset: 0
first index: 47490
index count: 3813
topology: trianglelist
format: DXGI_FORMAT_R16_UINT

13893 13894 13895
13894 13896 13897
13894 13898 13896
13898 13894 13899
13899 13900 13898
13900 13899 13901
13901 13899 13902
13903 13899 13894
13902 13899 13903
13902 13903 13904
13903 13894 13905
13903 13906 13904
13905 13907 13903
13906 13903 13907
13906 13907 13908
13907 13909 13908
13905 13910 13907
13907 13911 13909
13910 13911 13907
13910 13912 13911
13912 13913 13911
13914 13913 13912
13914 13915 13913
13916 13915 13914
13916 13917 13915
13917 13916 13918
13918 13916 13919
13914 13920 13916
13914 13921 13920
13922 13920 13921
13919 13916 13923
13923 13916 13920
13919 13923 13924
13922 13925 13920
13925 13923 13920
13924 13923 13926
13924 13926 13927
13922 13928 13925
13922 13929 13928
13930 13928 13929
13925 13931 13923
13926 13923 13931
13930 13932 13928
13933 13932 13930
13925 13928 13934
13925 13934 13931
13932 13934 13928
13933 13935 13932
13936 13935 13933
13932 13937 13934
13935 13937 13932
13938 13931 13934
13938 13934 13937
13936 13939 13935
13940 13939 13936
13941 13939 13940
13935 13942 13937
13939 13942 13935
13942 13943 13937
13938 13937 13943
13939 13944 13942
13942 13944 13943
13945 13939 13941
13939 13945 13944
13945 13941 13946
13946 13944 13945
13946 13941 13947
13947 13948 13946
13949 13943 13944
13946 13949 13944
13950 13946 13948
13950 13949 13946
13950 13948 13951
13952 13950 13951
13952 13949 13950
13952 13951 13953
13949 13954 13943
13952 13954 13949
13954 13938 13943
13955 13952 13953
13955 13953 13956
13952 13957 13954
13954 13957 13938
13952 13955 13957
13958 13955 13956
13958 13956 13959
13960 13938 13957
13938 13960 13931
13926 13931 13960
13955 13961 13957
13960 13957 13961
13926 13960 13961
13955 13958 13961
13926 13961 13962
13962 13961 13958
13962 13927 13926
13962 13963 13927
13964 13958 13959
13962 13958 13964
13964 13959 13965
13966 13963 13962
13966 13962 13964
13966 13964 13965
13966 13967 13963
13966 13965 13968
13967 13969 13970
13970 13969 13971
13971 13969 13972
13972 13969 13973
13969 13968 13973
13973 13968 13974
13974 13975 13976
13977 13975 13974
13977 13978 13975
13975 13978 13979
13979 13978 13980
13978 13981 13980
13982 13978 13977
13981 13978 13982
13981 13982 13983
13982 13977 13984
13983 13982 13985
13986 13982 13984
13986 13985 13982
13987 13985 13986
13987 13986 13988
13986 13984 13989
13988 13986 13990
13990 13986 13989
13990 13989 13991
13992 13990 13991
13993 13991 13994
13995 13991 13993
11061 13996 11059
13997 11058 11059
13997 13998 11058
13998 11057 11058
13999 13998 13997
14000 11057 13998
11062 11057 14000
14000 13998 14001
14001 13998 13999
11062 14000 14002
14002 14000 14001
11063 11062 14002
14003 11063 14002
14003 11068 11063
14003 14002 14004
14004 14002 14001
14003 14004 14005
14006 14001 13999
14006 14004 14001
14005 14004 14007
14006 14007 14004
14005 14007 14008
14008 14007 14009
14006 14009 14007
14008 14009 14010
14009 14011 14010
13999 14012 14006
14006 14012 14009
13999 14013 14012
14009 14014 14011
14012 14014 14009
14013 14015 14012
14012 14015 14014
14016 14011 14014
14015 14016 14014
14016 14017 14011
14016 14018 14017
14013 14019 14015
14019 14013 14020
14015 14021 14016
14021 14015 14019
14016 14022 14018
14021 14022 14016
14022 14023 14018
14023 14022 14024
14021 14024 14022
14023 14024 14025
14026 14025 14024
14021 14019 14027
14024 14021 14027
14024 14027 14028
14026 14024 14028
14028 14029 14026
14020 14030 14019
14028 14031 14029
14030 14031 14028
14031 14032 14029
14020 14033 14030
14030 14033 14031
14033 14032 14031
14034 14033 14020
14033 14035 14032
14034 14035 14033
14036 14037 14038
14036 14039 14037
14037 14039 14040
14037 14040 14041
14042 14043 14036
14044 14043 14042
14045 14043 14044
14046 14045 14044
14045 14046 14047
14045 14047 14048
14048 14047 14049
14048 14049 14050
14051 14050 14049
14051 14052 14050
14053 14052 14054
14053 14055 14052
14055 14053 14056
14055 14056 14057
14056 14058 14057
14056 14059 14058
14059 14060 14058
14060 14061 14058
14062 14061 14060
14061 14062 14063
14062 14064 14063
14064 14062 14065
14065 14062 14066
14067 14065 14066
14067 14066 14068
14069 14067 14068
14069 14068 14070
14071 14069 14070
14071 14072 14069
14072 14071 14073
14073 14071 14074
14071 14075 14074
14075 14071 14076
14071 14077 14076
14076 14077 14078
14076 14078 14079
14079 14078 14080
14079 14080 14081
14080 14082 14081
14081 14082 14083
14083 14082 14084
14082 14085 14084
14082 14086 14085
14085 14086 14087
14085 14087 14088
14087 14089 14088
14087 14090 14089
14089 14090 14091
14089 14091 14092
14092 14091 14093
14092 14093 14094
14095 14094 14093
14095 14096 14094
14097 14096 14095
14096 14097 14098
14098 14097 14099
14098 14099 14100
14100 14099 14101
14100 14101 14102
14102 14101 14103
14103 14101 14104
14103 14104 14105
14104 14106 14105
14105 14106 14107
14108 14107 14106
14107 14108 14109
14110 14111 14112
14110 14113 14111
14114 14111 14113
14115 14113 14110
14114 14113 14116
14115 14117 14113
14116 14113 14117
14117 14115 14118
14116 14117 14119
14119 14117 14120
14117 14118 14121
14117 14121 14122
14121 14123 14122
14121 14124 14123
14124 14125 14123
14126 14117 14122
14123 14126 14122
14127 14117 14126
14128 14117 14127
14123 14129 14126
14123 14130 14129
14131 14130 14123
14130 14131 14132
14123 14125 14133
14133 14125 14134
14133 14134 14135
14132 14133 14136
14133 14135 14136
14132 14136 14137
14136 14135 14138
14137 14136 14139
14136 14138 14139
14137 14139 14140
14138 14141 14139
14141 14138 14142
14143 14141 14142
14143 14144 14141
14143 14145 14144
14139 14146 14140
14140 14146 14147
14147 14146 14148
14148 14146 14149
14148 14149 14150
14150 14149 14151
14139 14141 14152
14152 14146 14139
14141 14144 14152
14146 14152 14149
14144 14145 14153
14153 14145 14154
14153 14154 14155
14156 14153 14155
14153 14156 14157
14157 14144 14153
14152 14144 14158
14149 14152 14158
14151 14149 14159
14151 14159 14160
14158 14144 14161
14157 14161 14144
14162 14149 14158
14162 14159 14149
14158 14161 14162
14157 14156 14163
14163 14156 14164
14163 14164 14165
14166 14163 14165
14166 14167 14163
14167 14157 14163
14168 14167 14166
14161 14157 14169
14167 14169 14157
14168 14170 14167
14170 14169 14167
14170 14168 14171
14162 14161 14172
14161 14169 14172
14170 14171 14173
14173 14171 14174
14170 14175 14169
14172 14169 14175
14173 14175 14170
14162 14172 14176
14159 14162 14176
14172 14175 14177
14176 14172 14177
14159 14176 14178
14160 14159 14178
14173 14174 14179
14179 14174 14180
14173 14181 14175
14177 14175 14181
14176 14177 14182
14176 14182 14178
14183 14173 14179
14183 14181 14173
14179 14180 14184
14184 14180 14185
14186 14183 14179
14186 14179 14184
14184 14185 14187
14187 14185 14188
14177 14181 14189
14182 14177 14189
14181 14183 14190
14190 14183 14186
14191 14186 14184
14191 14184 14187
14187 14188 14192
14192 14188 14193
14190 14194 14181
14181 14194 14189
14190 14186 14195
14191 14195 14186
14195 14194 14190
14196 14191 14187
14196 14187 14192
14192 14193 14197
14197 14193 14198
14191 14199 14195
14196 14199 14191
14192 14200 14196
14192 14197 14200
14197 14198 14201
14201 14198 14202
14195 14203 14194
14199 14203 14195
14196 14204 14199
14204 14196 14200
14197 14205 14200
14197 14201 14205
14201 14202 14206
14206 14202 14207
14199 14208 14203
14204 14208 14199
14204 14200 14209
14209 14200 14205
14201 14206 14210
14201 14210 14205
14206 14207 14211
14211 14207 14212
14211 14212 14213
14213 14214 14211
14206 14211 14215
14211 14214 14215
14206 14215 14210
14214 14216 14215
14215 14216 14210
14210 14216 14217
14205 14210 14217
14205 14217 14218
14209 14205 14218
14217 14219 14218
14218 14219 14220
14221 14218 14220
14221 14209 14218
14220 14222 14221
14223 14209 14221
14223 14204 14209
14204 14223 14208
14221 14222 14224
14223 14221 14224
14224 14222 14225
14226 14208 14223
14223 14224 14226
14227 14224 14225
14227 14225 14228
14227 14228 14229
14230 14224 14227
14230 14226 14224
14227 14229 14231
14230 14227 14231
14231 14229 14232
14226 14233 14208
14233 14203 14208
14226 14230 14234
14226 14234 14233
14230 14231 14235
14235 14234 14230
14231 14232 14236
14235 14231 14236
14233 14237 14203
14237 14194 14203
14233 14234 14238
14233 14238 14237
14237 14239 14194
14238 14239 14237
14239 14189 14194
14235 14240 14234
14240 14238 14234
14241 14189 14239
14238 14241 14239
14236 14232 14242
14243 14242 14232
14235 14236 14244
14244 14240 14235
14240 14245 14238
14245 14241 14238
14241 14246 14189
14182 14189 14246
14243 14247 14242
14243 14248 14247
14249 14247 14248
14249 14250 14247
14236 14242 14251
14251 14242 14247
14244 14236 14251
14251 14247 14252
14244 14251 14253
14253 14251 14252
14254 14246 14241
14245 14254 14241
14255 14244 14253
14244 14255 14240
14255 14245 14240
14253 14252 14256
14255 14253 14257
14257 14253 14256
14255 14258 14245
14255 14257 14259
14255 14259 14258
14260 14245 14258
14260 14254 14245
14259 14260 14258
14257 14256 14261
14259 14257 14261
14262 14256 14252
14262 14252 14263
14263 14252 14264
14263 14264 14250
14265 14256 14262
14265 14261 14256
14266 14261 14265
14266 14267 14261
14259 14261 14267
14266 14268 14267
14259 14267 14269
14267 14268 14269
14259 14269 14260
14268 14270 14269
14269 14270 14260
14268 14271 14270
14272 14270 14271
14260 14270 14273
14273 14254 14260
14274 14270 14272
14274 14273 14270
14275 14274 14272
14273 14276 14254
14254 14276 14246
14277 14274 14275
14278 14277 14275
14279 14273 14274
14279 14276 14273
14279 14274 14277
14246 14276 14280
14279 14280 14276
14277 14280 14279
14246 14280 14182
14178 14182 14280
14277 14178 14280
14160 14178 14277
14160 14277 14278
14160 14278 14281
14160 14281 14282
14283 14160 14282
14284 14285 14286
14284 14287 14285
14288 14285 14287
14288 14289 14285
14290 14291 14292
14290 14293 14291
14294 14293 14290
14294 14295 14293
14296 14295 14294
14296 14297 14295
14298 14297 14296
14298 14299 14297
14300 14299 14298
14300 14301 14299
14301 14300 14302
14301 14302 14303
14304 14303 14302
14304 14305 14303
14306 14305 14304
14306 14307 14305
14308 14307 14306
14308 14309 14307
14310 14309 14308
14310 14311 14309
14312 14313 14314
14312 14314 14315
14316 14317 14318
14316 14319 14317
14317 14319 14320
14317 14320 14321
14321 14320 14322
14321 14322 14323
14324 14325 14326
14324 14327 14325
14328 14327 14324
14328 14329 14327
14330 14329 14328
14330 14331 14329
14332 14331 14330
14332 14333 14331
14334 14335 14336
14334 14337 14335
14338 14337 14334
14338 14339 14337
14339 14338 14340
14339 14340 14341
14342 14341 14340
14342 14343 14341
14344 14343 14342
14344 14345 14343
14346 14347 14348
14346 14348 14349
14349 14348 14350
14349 14350 14351
14351 14350 14352
14351 14352 14353
14353 14352 14354
14353 14354 14355
14356 14357 14358
14356 14358 14359
14359 14358 14360
14359 14360 14361
14361 14360 14362
14361 14362 14363
14363 14362 14364
14363 14364 14365
14365 14364 14366
14365 14366 14367
14368 14369 14370
14368 14370 14371
14371 14370 14372
14371 14372 14373
14374 14373 14372
14374 14372 14375
14376 14377 14378
14376 14378 14379
14380 14381 14382
14380 14383 14381
14384 14383 14380
14384 14385 14383
14386 14385 14384
14386 14387 14385
14388 14387 14386
14388 14389 14387
14390 14389 14388
14390 14391 14389
14391 14390 14392
14391 14392 14393
14393 14392 14394
14393 14394 14395
14395 14394 14396
14395 14396 14397
14397 14396 14398
14397 14398 14399
14399 14398 14400
14399 14400 14401
14401 14400 14402
14401 14402 14403
14404 14405 14406
14404 14406 14407
14408 14409 14410
14408 14410 14411
14411 14410 14412
14411 14412 14413
14413 14412 14414
14413 14414 14415
14415 14414 14416
14415 14416 14417
14418 14417 14416
14418 14419 14417
14419 14418 14420
14419 14420 14421
14421 14420 14422
14421 14422 14423
14423 14422 14424
14423 14424 14425
14425 14424 14426
14425 14426 14427
14427 14426 14428
14427 14428 14429
14429 14428 14430
14431 14432 14433
14431 14433 14434
14435 14436 14437
14435 14437 14438
14438 14437 14439
14438 14439 14440
14440 14439 14441
14440 14441 14442
14442 14441 14443
14442 14443 14444
14444 14443 14445
14444 14445 14446
14447 14446 14445
14447 14448 14446
14449 14448 14447
14449 14450 14448
14451 14450 14449
14451 14452 14450
14453 14452 14451
14453 14454 14452
14455 14454 14453
14455 14456 14454
14457 14456 14455
14457 14458 14456
14459 14458 14457
14460 14461 14462
14462 14463 14464
14464 14463 14465
14464 14465 14466
14466 14465 14467
14468 14465 14461
14468 14469 14465
14469 14467 14465
14469 14470 14467
14471 14470 14469
14471 14461 14472
14472 14473 14471
14474 14470 14471
14475 14470 14473
14476 14475 14474
14476 14474 14477
14476 14477 14478
14476 14478 14479
14479 14480 14476
14481 14470 14475
14476 14481 14475
14476 14480 14482
14476 14482 14481
14480 14483 14482
14482 14483 14484
14482 14484 14485
14482 14485 14481
14481 14485 14486
14481 14487 14470
14481 14486 14487
14487 14467 14470
14487 14486 14488
14488 14467 14487
14486 14489 14488
14489 14467 14488
14490 14467 14489
14491 14467 14490
14491 14490 14492
14492 14490 14493
14494 14489 14486
14493 14490 14495
14493 14495 14496
14495 14497 14496
14494 14498 14489
14499 14490 14489
14499 14489 14498
14500 14498 14494
14499 14498 14500
14500 14494 14501
14502 14500 14501
14503 14495 14490
14503 14490 14499
14497 14495 14504
14504 14495 14503
14505 14500 14502
14506 14505 14502
14499 14500 14507
14507 14503 14499
14500 14505 14507
14497 14504 14508
14497 14508 14509
14509 14508 14510
14511 14505 14506
14511 14506 14512
14511 14512 14513
14513 14512 14514
14505 14511 14515
14515 14511 14513
14513 14514 14516
14516 14514 14517
14507 14505 14518
14505 14515 14518
14515 14513 14519
14519 14513 14516
14516 14517 14520
14520 14517 14521
14518 14515 14522
14519 14522 14515
14507 14518 14523
14518 14522 14523
14524 14516 14520
14519 14516 14524
14520 14521 14525
14525 14521 14526
14524 14520 14527
14527 14520 14525
14519 14524 14528
14528 14524 14527
14519 14529 14522
14519 14528 14529
14525 14526 14530
14530 14526 14531
14527 14525 14532
14532 14525 14530
14528 14527 14533
14533 14527 14532
14530 14531 14534
14534 14531 14535
14534 14535 14536
14532 14530 14537
14537 14530 14534
14538 14534 14536
14537 14534 14538
14538 14536 14539
14538 14539 14540
14538 14540 14541
14541 14537 14538
14542 14532 14537
14533 14532 14542
14543 14528 14533
14529 14528 14543
14544 14541 14540
14544 14540 14545
14546 14541 14544
14541 14547 14537
14546 14547 14541
14542 14537 14547
14548 14547 14546
14548 14542 14547
14549 14542 14548
14549 14533 14542
14543 14533 14549
14550 14543 14549
14543 14550 14551
14529 14543 14552
14543 14551 14552
14529 14552 14553
14529 14553 14522
14523 14522 14553
14552 14551 14554
14552 14554 14553
14551 14555 14554
14556 14554 14555
14553 14554 14556
14556 14555 14557
14523 14553 14558
14553 14556 14558
14559 14556 14557
14558 14556 14559
14560 14523 14558
14507 14523 14560
14507 14560 14503
14560 14558 14561
14503 14560 14561
14558 14559 14561
14503 14561 14504
14504 14561 14559
14504 14559 14508
14559 14557 14562
14508 14559 14562
14562 14557 14563
14508 14562 14564
14564 14562 14563
14510 14508 14564
14564 14563 14565
14564 14566 14510
14565 14566 14564
14567 10884 10889
14567 14568 10884
10884 14568 10883
14567 14569 14568
14567 14570 14569
10883 14568 14571
14571 10878 10883
14568 14572 14571
14569 14572 14568
14573 10878 14571
14571 14572 14573
14573 10879 10878
14570 14574 14569
14570 14575 14574
14576 14572 14569
14576 14569 14574
14575 14577 14574
14576 14574 14577
14575 14578 14577
14577 14578 14579
14572 14580 14573
14576 14580 14572
14581 10879 14573
14580 14581 14573
14581 10880 10879
14576 14577 14582
14580 14576 14582
14577 14579 14583
14582 14577 14583
14584 14583 14579
14584 14579 14585
14584 14585 14586
14582 14583 14587
14587 14583 14584
14580 14582 14588
14588 14582 14587
14584 14586 14589
14589 14586 14590
14587 14584 14591
14591 14584 14589
14590 14592 14589
14591 14589 14592
14590 14593 14592
14594 14592 14593
14591 14595 14587
14588 14587 14595
14592 14596 14591
14591 14596 14595
14592 14597 14596
14594 14597 14592
14597 14594 14598
14597 14598 14599
14599 14598 14600
14601 14597 14599
14602 14599 14600
14601 14599 14602
14602 14600 14603
14604 14602 14603
14605 14595 14601
14605 14601 14602
14595 14605 14588
14604 14605 14602
14588 14605 14606
14604 14607 14605
14607 14606 14605
14608 14607 14604
14606 14607 14608
14609 14608 14604
14610 14608 14609
14588 14606 14611
14588 14611 14580
14611 14581 14580
14612 14606 14608
14610 14612 14608
14612 14611 14606
14610 14613 14612
14612 14613 14611
14611 14613 14581
14610 14614 14613
14581 14613 14615
14614 14615 14613
14616 14615 14614
14615 10880 14581
14617 14615 14616
14617 10880 14615
10882 10880 14617
1089 14618 1090
1089 14619 14618
1092 14619 1089
14620 14618 14619
1092 14621 14619
1092 1094 14621
14620 14619 14622
14623 14620 14622
14621 1094 14624
1097 14624 1094
14619 14621 14625
14619 14625 14622
14621 14624 14625
14623 14622 14626
14627 14623 14626
14628 14626 14622
14628 14622 14625
14627 14626 14629
14628 14629 14626
14630 14627 14629
14630 14631 14627
14630 14632 14631
14628 14633 14629
14630 14629 14633
14628 14625 14634
14633 14628 14634
14625 14624 14635
14634 14625 14635
14636 14635 14624
1097 14636 14624
14636 14637 14635
14634 14635 14637
14638 14636 1097
14636 14638 14637
14637 14638 14639
14638 1097 1099
14639 14638 14640
14639 14640 1100
14639 1100 1105
14637 14641 14634
14641 14637 14639
14633 14634 14642
14634 14641 14642
14639 1105 14643
1107 14643 1105
14644 14633 14642
14630 14633 14644
14641 14639 14645
14645 14639 14643
1107 14646 14643
14645 14643 14647
14647 14643 14646
1107 14648 14646
1107 1118 14648
14649 14648 1118
14649 1118 1120
14649 1120 14650
14649 14650 14651
14641 14645 14652
14653 14645 14647
14652 14645 14653
14641 14652 14654
14641 14654 14642
14642 14654 14655
14644 14642 14655
14655 14654 14656
14656 14654 14652
14657 14644 14655
14655 14656 14657
14657 14658 14644
14658 14630 14644
14658 14659 14630
14630 14659 14632
14659 14660 14632
14659 14661 14660
14658 14661 14659
14661 14662 14660
14658 14663 14661
14663 14662 14661
14657 14663 14658
14663 14664 14662
14663 14665 14664
14666 14663 14657
14663 14666 14665
14666 14657 14656
14666 14667 14665
14665 14667 14668
14668 14667 14669
14666 14656 14670
14666 14670 14667
14670 14656 14671
14656 14652 14671
14672 14667 14670
14670 14671 14672
14667 14673 14669
14672 14673 14667
14652 14674 14671
14653 14674 14652
14671 14675 14672
14671 14674 14675
14676 14674 14653
14675 14674 14676
14676 14653 14677
14677 14653 14647
14675 14676 14678
14677 14647 14679
14680 14675 14678
14647 14646 14679
14672 14675 14681
14680 14681 14675
14672 14681 14673
14682 14681 14680
14683 14679 14646
14683 14646 14648
14684 14679 14683
14682 14685 14681
14673 14681 14685
14686 14685 14682
14673 14685 14687
14687 14685 14686
14669 14673 14687
14687 14686 14688
14687 14688 14669
14689 14683 14648
14689 14648 14649
14684 14683 14690
14690 14683 14689
14691 14684 14690
14692 14689 14649
14693 14690 14689
14692 14693 14689
14691 14690 14694
14690 14693 14694
14695 14691 14694
14695 14696 14691
14697 14696 14695
14692 14649 14698
14698 14649 14651
14693 14699 14694
14699 14695 14694
14697 14695 14700
14701 14697 14700
14699 14702 14695
14702 14700 14695
14701 14700 14703
14704 14701 14703
14705 14703 14700
14702 14705 14700
14706 14704 14703
14705 14706 14703
14706 14707 14704
14706 14708 14707
14708 14706 14705
14709 14708 14705
14702 14709 14705
14710 14708 14709
14711 14710 14709
14712 14702 14699
14702 14712 14709
14713 14711 14709
14713 14709 14712
14712 14699 14714
14713 14712 14714
14714 14699 14693
14715 14711 14713
14715 14716 14711
14715 14717 14716
14713 14714 14718
14713 14718 14715
14714 14693 14719
14692 14719 14693
14715 14720 14717
14720 14721 14717
14722 14714 14719
14722 14718 14714
14692 14723 14719
14723 14722 14719
14724 14720 14715
14718 14724 14715
14725 14721 14720
14724 14725 14720
14724 14726 14725
14725 14727 14721
14726 14727 14725
14726 14728 14727
14726 14729 14728
14718 14722 14730
14718 14730 14724
14730 14722 14723
14724 14730 14726
14731 14723 14692
14698 14731 14692
14730 14723 14732
14726 14730 14732
14732 14723 14731
14726 14733 14729
14726 14732 14733
14729 14733 14734
14729 14734 14735
14736 14733 14732
14736 14734 14733
14732 14731 14736
14735 14734 14737
14736 14737 14734
14735 14737 14738
14731 14739 14736
14736 14739 14737
14738 14737 14740
14740 14737 14739
14738 14740 14741
1381 14741 14740
1381 1382 14741
1384 1381 14740
1384 14740 14742
14740 14739 14742
1384 14742 1284
14742 14743 1284
14742 14739 14743
1279 1284 14743
14744 14739 14731
14739 14744 14743
14731 14698 14744
14745 14743 14744
14745 14744 14698
1279 14743 14745
14745 14698 14651
14651 1279 14745
14651 1278 1279
14746 14747 14748
14746 14748 14749
14749 14748 14750
14749 14750 14751
14751 14750 14752
14751 14752 14753
14753 14752 14754
14753 14754 14755
14755 14754 14756
14755 14756 14757
14757 14756 14758
14757 14758 14759
14758 14760 14759
14761 14762 14763
14761 14764 14762
14765 14764 14761
14765 14766 14764
14767 14766 14765
14767 14768 14766
14769 14768 14767
14769 14770 14768
14771 14770 14769
14771 14772 14770
14773 14772 14771
14773 14774 14772
14775 14776 14777
14775 14777 14778
14778 14777 14779
14778 14779 14780
14781 14782 14775
14781 14783 14782
14784 14783 14781
14784 14785 14783
14786 14785 14784
14786 14787 14785
14788 14787 14786
14788 14789 14787
14790 14789 14788
14790 14791 14789
14792 14793 14794
14792 14794 14795
14794 14796 14795
14795 14796 14797
14797 14796 14798
14797 14798 14799
14800 14799 14798
14801 14799 14800
14802 14803 14804
14802 14805 14803
14805 14806 14803
14805 14807 14806
14807 14808 14806
14807 14809 14808
14809 14810 14808
14809 14811 14810
14811 14812 14810
14811 14813 14812
14813 14814 14812
14813 14815 14814
14814 14815 14816
14817 14818 14819
14817 14819 14820
14821 14817 14820
14821 14820 14822
14823 14821 14822
14823 14822 14824
14825 14823 14824
14825 14824 14826
14827 14825 14826
14827 14826 14828
14829 14827 14828
14829 14828 14830
14831 14832 14833
14831 14834 14832
14834 14835 14832
14834 14836 14835
14837 14831 14838
14837 14838 14839
14840 14837 14839
14840 14839 14841
14842 14840 14841
14842 14841 14843
14844 14842 14843
14844 14843 14845
14846 14844 14845
14846 14845 14847
14848 14849 14850
14848 14851 14849
14849 14851 14852
14851 14853 14852
14853 14854 14852
14853 14855 14854
14856 14854 14855
14857 14856 14855
14858 12485 12484
14858 12484 14859
12765 14860 12766
12765 14861 14860
14861 14862 14860
14861 14863 14862
14863 14864 14862
14865 14866 14867
14865 14867 14868
14866 14869 14867
14867 14870 14868
14869 14871 14867
14870 14867 14871
14872 14871 14869
14873 14870 14871
14873 14874 14870
14875 14874 14873
14872 14876 14871
14876 14873 14871
14875 14873 14877
14876 14877 14873
14875 14877 14878
14877 14879 14878
14872 14880 14876
14876 14880 14877
14877 14880 14879
14872 14881 14880
14881 14879 14880
