byte offset: 0
first index: 0
index count: 12102
topology: trianglelist
format: DXGI_FORMAT_R16_UINT

0 1 2
3 4 5
6 7 8
8 7 9
8 9 10
8 10 11
12 10 9
12 11 10
12 9 13
12 14 11
15 12 13
14 12 16
15 16 12
14 16 17
16 15 18
16 19 17
16 18 20
16 20 19
21 20 18
19 20 22
21 22 20
19 22 23
22 24 23
25 22 21
22 25 24
25 21 26
27 25 26
28 24 25
27 29 25
28 25 29
30 29 27
28 29 31
30 31 29
28 31 32
31 33 32
34 31 30
31 35 33
34 35 31
35 36 33
34 37 35
35 37 36
34 38 37
36 37 39
39 37 38
36 39 40
39 38 41
42 40 39
43 39 41
42 39 43
43 41 44
43 45 42
45 43 44
46 47 48
49 46 48
49 50 46
51 50 49
51 52 50
52 51 53
54 55 56
54 57 55
57 54 58
57 58 59
60 59 58
61 62 63
62 64 63
62 65 64
62 66 65
67 64 65
67 65 66
67 68 64
67 66 69
70 68 67
69 71 67
70 67 71
69 72 71
71 73 70
71 72 74
71 75 73
71 74 75
76 73 75
74 77 75
76 75 77
74 78 77
77 78 79
80 76 77
77 79 80
80 81 76
82 81 80
83 80 79
82 80 84
83 84 80
85 82 84
83 86 84
85 84 86
83 87 86
86 87 88
89 85 86
86 88 90
89 86 90
90 88 91
89 90 92
90 91 92
89 92 93
91 94 92
94 93 92
91 95 94
94 96 93
97 94 95
98 96 94
97 98 94
98 99 96
98 97 100
100 99 98
101 102 103
104 102 101
104 101 105
106 104 105
106 105 107
107 108 106
109 110 111
109 111 112
112 113 109
112 114 113
115 113 114
116 117 118
117 116 119
120 121 122
120 123 121
121 123 124
121 124 125
124 126 125
124 127 126
126 127 128
127 129 128
127 130 129
120 131 132
120 132 133
134 133 132
134 135 133
136 137 130
136 138 137
136 139 138
136 140 139
141 139 140
141 142 139
142 141 143
144 143 141
144 145 143
146 145 144
146 147 145
147 146 148
146 149 148
146 150 149
150 151 149
150 152 151
152 153 151
152 154 153
154 155 153
154 156 155
157 158 159
157 160 158
160 161 158
160 162 161
161 162 163
162 164 163
162 165 164
166 164 165
166 167 164
166 168 167
166 169 168
170 168 169
170 171 168
172 173 174
172 174 175
176 172 175
176 175 177
177 175 178
178 175 179
178 179 180
180 181 178
180 182 181
182 183 181
182 184 183
185 184 182
185 186 184
187 184 186
187 188 184
183 184 188
188 187 189
183 188 189
190 189 187
190 191 189
192 189 191
183 189 192
193 192 191
194 192 193
194 193 195
196 194 195
196 195 197
196 197 198
196 198 199
196 199 200
196 200 201
201 200 202
201 202 203
204 203 202
204 205 203
204 206 205
207 203 205
201 203 207
207 205 208
207 208 209
209 208 210
209 210 211
210 212 211
209 211 213
214 213 211
213 214 215
216 207 209
216 209 213
217 201 207
216 217 207
217 218 201
218 196 201
218 219 196
219 194 196
219 220 194
220 192 194
220 221 192
221 183 192
221 222 183
222 181 183
223 221 220
223 222 221
224 220 219
223 220 224
223 224 225
224 219 226
226 219 218
224 226 225
226 218 227
226 227 225
227 218 217
222 228 181
178 181 228
223 229 222
229 223 225
229 228 222
227 217 230
227 230 225
231 230 217
230 231 225
231 217 216
232 229 225
229 232 228
231 233 225
233 231 216
234 232 225
178 228 235
232 235 228
232 234 235
177 178 235
234 177 235
233 216 236
216 213 236
234 237 177
237 234 225
238 177 237
238 237 225
238 176 177
239 176 238
239 238 225
239 240 176
240 172 176
240 241 172
242 240 239
242 239 225
233 243 225
243 233 236
236 213 244
213 215 244
242 245 240
245 241 240
245 246 241
247 242 225
247 245 242
243 247 225
247 248 245
243 248 247
248 246 245
243 236 249
236 244 249
243 249 248
250 244 215
249 244 250
249 250 248
248 250 246
250 215 251
246 250 251
246 251 252
246 252 253
246 253 254
253 255 254
246 254 241
241 254 256
241 256 257
241 257 258
172 241 258
172 258 259
260 172 259
261 262 263
261 263 264
264 265 261
264 263 266
264 267 265
267 268 265
264 266 269
267 264 269
270 269 266
270 266 271
270 271 272
270 272 273
273 272 274
269 270 275
275 270 273
267 269 276
269 275 276
267 277 268
277 267 276
273 274 278
278 274 279
275 273 280
280 273 278
276 275 281
280 281 275
268 277 282
268 282 283
284 283 282
277 276 285
276 281 285
277 285 286
277 286 282
281 286 285
284 282 287
288 284 287
288 287 289
290 289 287
291 287 282
290 287 291
291 282 286
290 291 292
292 291 286
290 292 293
294 293 292
281 295 286
292 286 295
294 292 296
296 292 295
297 294 296
297 298 294
299 295 281
280 299 281
296 295 300
297 296 300
298 297 301
298 301 302
301 303 302
301 304 303
305 301 297
297 300 305
304 301 306
305 306 301
304 306 307
308 300 295
299 308 295
309 299 280
280 278 309
305 300 310
308 310 300
311 306 305
305 310 311
307 306 312
311 312 306
307 312 313
314 308 299
309 314 299
315 309 278
278 279 315
316 310 308
314 316 308
311 310 317
316 317 310
318 312 311
311 317 318
313 312 319
318 319 312
313 319 320
314 309 321
315 321 309
322 315 279
322 279 323
316 314 324
314 321 324
317 316 325
316 324 325
318 317 326
317 325 326
319 318 327
318 326 327
320 319 328
319 327 328
320 328 329
330 322 323
330 323 331
330 331 332
333 325 324
333 326 325
334 327 326
333 334 326
335 328 327
334 335 327
329 328 336
335 336 328
329 336 337
333 324 338
321 338 324
339 334 333
339 333 338
340 335 334
339 340 334
336 335 341
340 341 335
342 337 336
336 341 342
342 343 337
344 343 342
344 345 343
342 341 346
342 346 344
341 340 347
341 347 346
348 346 347
340 349 347
340 339 349
348 347 349
350 349 339
344 351 345
351 352 345
344 353 351
354 353 344
354 344 346
355 354 346
348 355 346
356 355 348
350 339 357
339 338 357
338 358 357
358 350 357
350 359 349
348 349 359
360 356 348
360 361 356
362 348 359
362 360 348
363 361 360
363 364 361
338 365 358
321 365 338
365 321 315
365 315 322
330 365 322
330 358 365
358 330 366
330 332 366
367 366 332
358 366 368
358 368 350
367 369 366
369 368 366
370 369 367
371 350 368
369 371 368
370 372 369
371 369 372
371 373 350
350 373 359
373 362 359
374 372 370
374 370 375
371 372 376
373 371 376
376 372 374
373 377 362
373 376 377
378 374 375
378 375 379
380 378 379
376 374 381
377 376 381
378 381 374
377 382 362
382 360 362
382 363 360
380 383 378
383 380 384
377 381 385
377 385 382
378 386 381
386 385 381
386 378 383
383 384 387
387 384 388
389 382 385
386 389 385
386 383 390
387 390 383
390 389 386
363 382 391
389 391 382
392 391 389
363 391 393
393 391 392
364 363 393
364 393 394
394 393 395
393 392 395
394 395 396
396 395 397
392 397 395
396 397 398
390 399 389
392 389 399
400 399 390
387 400 390
392 399 401
400 401 399
402 400 387
387 388 402
403 402 388
402 404 400
401 400 404
403 405 402
404 402 405
405 403 406
392 401 407
392 407 397
408 398 397
408 409 398
410 409 408
410 408 411
401 404 412
412 407 401
413 397 407
413 408 397
412 413 407
408 414 411
413 414 408
414 415 411
412 404 416
404 405 416
417 413 412
417 414 413
412 416 417
415 414 418
417 418 414
415 418 419
420 419 418
417 421 418
420 418 421
416 421 417
421 422 420
423 416 405
423 421 416
421 423 422
405 406 423
423 424 422
423 406 424
425 426 427
425 428 426
425 429 428
425 430 429
428 431 426
426 431 432
433 429 430
433 430 434
435 428 429
428 435 431
433 434 436
437 436 434
433 438 429
435 429 438
437 439 436
440 439 437
433 436 441
433 441 438
442 436 439
442 441 436
438 443 435
438 444 443
444 438 441
435 443 445
435 445 431
444 441 446
442 446 441
442 447 446
448 431 445
442 449 447
448 450 431
451 450 448
431 450 432
451 452 450
452 432 450
452 451 453
452 454 432
442 455 449
439 455 442
452 453 456
454 452 456
457 456 453
457 454 456
457 453 458
459 457 458
457 460 454
459 461 457
461 460 457
462 461 459
460 461 463
462 463 461
460 463 464
449 455 465
449 465 466
467 466 465
467 468 466
468 467 469
468 469 470
465 471 467
469 467 471
455 472 465
465 472 471
473 470 469
473 474 470
475 469 471
472 475 471
455 476 472
439 476 455
440 476 439
476 440 472
472 440 475
475 440 477
478 469 475
478 475 477
478 473 469
478 477 479
480 478 479
480 473 478
481 480 479
474 473 482
480 482 473
474 482 483
483 482 484
480 484 482
483 484 485
481 486 480
480 486 484
487 486 481
488 485 484
488 484 486
488 489 485
490 488 486
489 488 490
486 487 490
489 490 491
490 487 492
492 491 490
493 492 487
492 493 494
492 495 491
492 494 495
496 491 495
496 495 497
497 495 494
498 496 497
498 497 499
499 500 498
497 494 501
501 499 497
499 502 500
503 500 502
501 504 499
504 502 499
503 502 505
506 503 505
504 507 502
507 505 502
506 505 508
509 506 508
507 510 505
508 505 510
501 511 504
504 512 507
504 511 512
513 501 494
501 513 511
507 514 510
507 512 514
511 515 512
511 516 515
516 511 513
517 512 515
517 514 512
516 513 518
519 514 517
518 513 520
513 494 520
518 520 521
519 522 514
522 510 514
523 522 519
524 520 494
524 521 520
524 494 525
525 526 524
524 527 521
527 524 526
528 521 527
522 529 510
508 510 529
530 527 526
526 531 530
528 527 532
527 530 532
532 533 528
532 534 533
532 530 534
535 533 534
531 536 530
536 534 530
531 537 536
535 534 538
536 538 534
539 535 538
539 538 540
536 540 538
540 541 539
536 537 542
536 542 540
542 537 543
540 544 541
542 544 540
545 541 544
542 543 546
542 546 544
546 543 547
545 544 548
548 549 545
546 550 544
544 550 548
548 551 549
551 548 550
552 549 551
553 550 546
551 550 553
553 546 547
552 551 554
554 551 553
555 553 547
554 553 555
547 556 555
556 554 555
547 557 556
558 552 554
556 558 554
558 559 552
558 560 559
557 561 556
558 556 561
557 562 561
558 563 560
558 561 563
564 560 563
565 561 562
565 563 561
565 562 566
564 563 567
565 567 563
567 568 564
565 566 569
565 569 567
570 569 566
567 571 568
571 567 569
571 572 568
570 573 569
571 569 573
571 574 572
573 574 571
575 572 574
570 576 573
573 576 574
570 577 576
576 578 574
575 574 579
574 578 579
580 575 579
581 579 578
580 579 581
581 578 582
581 583 580
582 584 581
581 584 583
585 584 582
585 583 584
585 586 583
587 586 585
585 582 588
587 585 589
589 585 588
590 587 589
588 591 589
590 589 591
588 592 591
591 593 590
592 594 591
591 594 593
590 593 595
590 595 596
596 595 597
596 597 598
593 599 595
597 595 599
594 600 593
593 600 599
592 601 594
594 601 600
602 598 597
602 603 598
602 604 603
605 601 592
605 592 606
607 600 601
607 601 605
607 608 600
608 599 600
605 609 607
609 608 607
610 609 605
597 599 611
602 597 611
608 612 599
611 599 612
609 613 608
612 608 613
602 611 614
611 612 615
615 614 611
612 613 616
616 615 612
609 617 613
616 613 617
610 618 609
609 618 617
614 619 602
602 619 604
604 619 620
604 620 621
621 620 622
621 622 623
619 624 620
624 622 620
614 625 619
619 625 624
622 626 623
627 623 626
627 626 628
629 627 628
629 628 630
630 631 629
630 632 631
633 631 632
633 632 634
634 635 633
635 636 633
635 637 636
635 638 637
639 637 638
622 640 626
639 638 641
642 640 622
642 643 640
624 642 622
642 644 643
641 645 639
641 646 645
647 639 645
648 645 646
642 624 649
649 624 625
642 650 644
642 649 650
647 645 651
652 647 651
648 653 645
651 645 653
654 653 648
644 650 655
644 655 656
652 651 657
658 652 657
654 659 653
659 654 660
651 653 661
657 651 661
661 653 659
662 655 650
662 650 649
656 655 663
663 655 662
656 663 664
659 660 665
666 665 660
661 659 667
667 659 665
657 661 668
667 668 661
669 664 663
669 670 664
669 671 670
669 672 671
672 673 671
674 669 663
674 672 669
672 675 673
676 673 675
674 677 672
677 675 672
677 678 675
676 675 679
679 675 678
679 678 680
681 676 679
682 679 680
681 679 682
682 680 683
684 682 683
681 682 685
684 685 682
681 685 686
687 685 684
686 685 688
687 688 685
686 688 689
689 688 690
687 690 688
689 690 691
691 690 692
691 692 666
666 692 693
666 693 665
694 665 693
667 665 694
695 693 692
694 693 695
690 696 692
695 692 696
697 667 694
667 697 668
668 697 698
697 694 699
695 699 694
699 698 697
695 700 699
700 695 696
690 701 696
687 701 690
668 698 702
657 668 702
699 703 698
700 703 699
700 696 704
704 696 701
657 702 705
658 657 705
705 706 658
705 707 706
708 706 707
709 705 702
709 707 705
708 707 710
709 710 707
710 711 708
710 712 711
712 713 711
704 714 700
700 714 703
702 715 709
702 698 715
709 716 710
716 712 710
712 717 713
717 718 713
709 715 719
709 719 716
716 720 712
720 717 712
721 720 716
721 716 719
720 722 717
721 722 720
717 723 718
723 717 722
723 722 724
725 724 722
721 725 722
719 726 721
725 721 726
715 727 719
719 727 726
728 718 723
728 729 718
730 728 723
730 723 724
731 729 728
731 728 730
715 732 727
732 715 698
731 733 729
733 734 729
732 698 735
703 735 698
703 736 735
714 736 703
731 730 737
730 724 738
738 737 730
739 733 731
739 731 737
733 740 734
739 741 733
740 733 741
734 740 742
734 742 743
742 744 743
740 741 745
745 742 740
742 746 744
747 744 746
747 746 748
749 746 742
745 749 742
750 748 746
749 750 746
750 751 748
750 752 751
741 753 745
741 754 753
755 754 741
745 753 756
745 756 749
755 741 739
757 755 739
758 749 756
758 750 749
758 756 759
757 739 760
761 757 760
739 737 760
761 760 762
763 761 762
760 737 764
760 764 762
738 764 737
765 764 738
765 762 764
763 762 766
767 763 766
766 762 768
765 768 762
767 766 769
768 769 766
769 770 767
768 771 769
765 771 768
765 738 772
724 772 738
769 773 770
773 769 771
765 774 771
772 774 765
775 770 773
775 776 770
776 775 777
776 777 778
778 777 779
778 779 780
781 777 775
777 781 779
773 782 775
781 775 782
773 771 783
773 783 782
784 783 771
784 771 774
784 782 783
774 785 784
786 781 782
786 779 781
784 787 782
787 784 785
786 782 787
780 779 788
780 788 789
774 790 785
772 790 774
791 790 772
724 791 772
786 792 779
788 779 792
789 788 793
789 793 794
788 792 795
793 788 795
786 796 792
796 795 792
785 790 797
791 797 790
794 793 798
794 798 799
798 800 799
786 801 796
801 786 787
802 796 801
803 796 802
796 803 795
793 795 804
804 795 803
801 787 805
787 785 805
806 801 805
802 801 806
785 807 805
806 805 807
785 808 807
785 797 808
807 809 806
809 807 808
810 808 797
797 791 810
793 804 811
793 811 798
806 812 802
806 809 812
809 808 813
810 813 808
814 809 813
814 813 810
791 815 810
791 724 815
816 812 809
814 816 809
814 810 817
817 810 815
724 818 815
725 818 724
819 815 818
819 817 815
820 818 725
820 819 818
816 814 821
817 821 814
817 819 822
822 819 820
820 725 823
725 726 823
823 824 820
822 820 824
817 822 825
817 825 821
826 823 726
823 826 824
822 827 825
822 824 827
825 828 821
825 827 828
816 821 829
829 821 828
830 826 726
727 830 726
831 824 826
824 831 827
827 831 832
833 831 826
826 830 833
832 831 833
827 834 828
834 827 832
835 828 834
829 828 835
834 832 835
816 829 836
836 829 835
727 837 830
732 837 727
830 838 833
838 830 837
732 839 837
735 839 732
840 832 833
840 833 838
841 838 837
841 837 839
735 842 839
842 735 736
843 840 838
843 838 841
844 841 839
842 844 839
843 841 845
845 841 844
840 846 832
843 847 840
840 847 846
843 845 848
843 848 847
832 846 849
835 832 849
850 835 849
836 835 850
846 851 849
849 851 850
852 846 847
851 846 852
848 853 847
847 853 852
845 854 848
855 845 844
855 854 845
856 855 844
856 854 855
848 857 853
854 857 848
856 844 858
842 858 844
858 842 859
842 736 859
859 736 860
714 860 736
860 714 861
704 861 714
856 862 854
858 863 856
862 856 863
858 859 864
858 864 863
864 865 863
859 860 866
864 859 866
860 861 867
867 866 860
868 861 704
867 861 868
864 866 869
864 869 865
867 870 866
870 869 866
871 854 862
871 857 854
862 863 872
872 863 865
868 704 873
704 701 873
867 868 874
874 870 867
875 874 868
862 876 871
862 872 876
701 877 873
701 687 877
687 878 877
878 873 877
879 878 687
880 868 873
875 868 880
879 881 878
881 879 882
878 883 873
880 873 883
881 883 878
881 882 884
884 882 885
886 880 883
875 880 886
881 887 883
887 881 884
886 883 887
884 885 888
889 888 885
887 884 890
890 884 888
891 886 887
891 887 890
890 888 892
892 888 889
875 886 893
893 886 891
890 892 894
890 894 891
892 889 895
892 896 894
892 895 896
889 897 895
889 898 897
895 899 896
895 897 899
900 897 898
900 898 674
897 901 899
897 900 901
902 891 894
894 896 903
894 903 902
904 896 899
904 903 896
905 899 901
905 904 899
902 906 891
893 891 906
907 900 674
900 908 901
900 907 908
901 909 905
901 908 909
907 674 910
674 663 910
663 662 910
910 662 911
910 911 907
649 911 662
907 912 908
907 911 912
913 909 908
913 908 912
914 905 909
914 909 913
649 915 911
649 625 915
911 915 916
911 916 912
625 916 915
917 913 912
917 912 916
916 625 918
916 918 917
918 625 614
615 918 614
918 615 919
616 919 615
914 920 905
904 905 920
917 921 913
914 913 921
917 918 922
918 919 922
923 919 616
616 617 923
904 920 924
903 904 924
917 925 921
917 922 925
922 919 926
923 926 919
923 617 927
618 927 617
903 924 928
928 902 903
929 925 922
922 926 929
923 927 930
930 926 923
618 931 927
931 618 610
932 931 610
932 610 933
934 932 933
935 927 931
935 931 932
934 936 932
936 934 937
932 936 938
932 938 935
936 937 939
939 938 936
940 939 937
940 941 939
941 942 939
939 942 938
941 943 942
944 942 943
944 938 942
944 943 945
946 927 935
946 930 927
935 938 947
944 947 938
935 947 946
945 948 944
945 949 948
950 947 944
946 947 950
950 944 948
951 930 946
946 950 951
952 948 949
952 949 953
948 954 950
951 950 954
948 952 954
951 955 930
930 955 926
956 952 953
956 953 957
958 954 952
958 952 956
951 954 959
959 955 951
959 954 958
926 955 960
959 960 955
926 960 929
961 956 957
961 957 962
963 958 956
963 956 961
959 958 964
964 960 959
963 964 958
965 929 960
964 965 960
962 966 961
962 967 966
961 968 963
961 966 968
963 969 964
965 964 969
969 963 968
965 970 929
929 970 925
965 969 971
970 965 971
925 970 972
970 971 972
925 972 921
969 968 973
971 969 973
972 971 974
971 973 974
921 972 975
972 974 975
921 975 914
976 973 968
966 976 968
977 974 973
976 977 973
978 975 974
977 978 974
979 914 975
978 979 975
979 920 914
966 980 976
980 977 976
978 977 981
980 981 977
979 978 982
978 981 982
920 979 983
979 982 983
920 983 924
966 984 980
967 984 966
967 985 984
985 986 984
985 987 986
986 987 988
981 980 989
984 989 980
982 981 990
981 989 990
991 989 984
984 986 991
990 989 991
992 983 982
982 990 992
924 983 993
992 993 983
924 993 928
990 991 994
992 990 994
995 993 992
992 994 995
996 928 993
995 996 993
994 991 997
986 997 991
995 994 998
994 997 998
999 997 986
998 997 999
995 998 1000
1000 996 995
996 1001 928
928 1001 902
1001 906 902
1001 996 1002
1000 1002 996
1001 1003 906
1001 1002 1003
893 906 1003
1000 998 1004
998 999 1004
999 986 1005
986 988 1005
1002 1000 1006
1000 1004 1006
893 1003 1007
1007 875 893
1008 1003 1002
1002 1006 1008
1008 1007 1003
1004 999 1009
1009 999 1005
1010 1005 988
1010 988 1011
1011 1012 1010
1011 1013 1012
1014 1012 1013
1006 1004 1015
1004 1009 1015
1009 1005 1016
1005 1010 1016
1015 1009 1016
1008 1006 1017
1006 1015 1017
1015 1016 1018
1017 1015 1018
1019 1016 1010
1018 1016 1019
1008 1017 1020
1020 1007 1008
1021 1019 1010
1021 1010 1012
1017 1018 1022
1020 1017 1022
1018 1019 1023
1023 1019 1021
1023 1022 1018
1020 1024 1007
1007 1024 875
1020 1022 1025
1025 1024 1020
1026 875 1024
1025 1026 1024
1026 874 875
1023 1027 1022
1025 1022 1027
1023 1021 1028
1027 1023 1028
1025 1027 1029
1029 1026 1025
1026 1030 874
874 1030 870
1031 1028 1021
1031 1021 1012
1027 1028 1032
1032 1029 1027
1029 1033 1026
1026 1033 1030
1034 1033 1029
1032 1034 1029
1035 1032 1028
1031 1035 1028
1036 870 1030
870 1036 869
1036 865 869
1037 1030 1033
1034 1037 1033
1034 1032 1038
1035 1038 1032
1036 1030 1039
1037 1039 1030
1040 1037 1034
1034 1038 1040
1036 1041 865
1039 1041 1036
1042 1039 1037
1040 1042 1037
1039 1043 1041
1042 1043 1039
1044 1041 1043
1042 1044 1043
1045 865 1041
1044 1045 1041
1040 1046 1042
1042 1046 1044
1047 1040 1038
1040 1047 1046
1046 1048 1044
1045 1044 1048
1045 1049 865
872 865 1049
1050 1049 1045
1045 1048 1050
872 1049 1051
1050 1051 1049
872 1051 876
1047 1038 1052
1035 1052 1038
1047 1053 1046
1046 1053 1048
1047 1054 1053
1052 1054 1047
1035 1055 1052
1031 1055 1035
1056 1048 1053
1054 1056 1053
1057 1050 1048
1056 1057 1048
1056 1058 1057
1059 1051 1050
1057 1059 1050
1052 1060 1054
1060 1052 1055
1031 1061 1055
1031 1012 1061
1054 1062 1056
1062 1054 1060
1060 1055 1063
1063 1055 1061
1061 1012 1064
1014 1064 1012
1064 1014 1065
1059 1057 1066
1058 1066 1057
1056 1067 1058
1062 1067 1056
1062 1060 1068
1063 1068 1060
1063 1061 1069
1061 1064 1069
1062 1070 1067
1070 1062 1068
1063 1071 1068
1071 1063 1069
1069 1064 1072
1071 1069 1072
1073 1068 1071
1070 1068 1073
1070 1074 1067
1074 1058 1067
1075 1072 1064
1064 1065 1075
1076 1075 1065
1076 1065 1077
1078 1076 1077
1079 1071 1072
1073 1071 1079
1080 1070 1073
1070 1080 1074
1081 1072 1075
1079 1072 1081
1082 1073 1079
1080 1073 1082
1081 1075 1083
1083 1075 1076
1084 1079 1081
1082 1079 1084
1084 1081 1083
1078 1085 1076
1086 1085 1078
1086 1087 1085
1088 1087 1086
1088 1089 1087
1089 1088 1090
1089 1090 1091
1091 1090 1092
1091 1092 1093
1093 1092 1094
1093 1094 1095
1096 1095 1094
1096 1097 1095
1097 1096 1098
1097 1098 1099
1100 1099 1098
1100 1101 1099
1102 1101 1100
1102 1103 1101
1101 1104 1099
1097 1099 1104
1105 1101 1103
1101 1105 1104
1105 1103 1106
1106 1107 1105
1107 1104 1105
1106 1108 1107
1107 1108 1109
1110 1095 1097
1097 1104 1111
1110 1097 1111
1107 1112 1104
1112 1111 1104
1107 1109 1113
1112 1107 1113
1112 1114 1111
1114 1110 1111
1095 1110 1115
1095 1115 1093
1112 1113 1116
1114 1112 1116
1113 1109 1117
1117 1116 1113
1114 1118 1110
1118 1115 1110
1119 1093 1115
1119 1091 1093
1109 1120 1117
1109 1121 1120
1114 1116 1122
1118 1114 1122
1118 1123 1115
1123 1119 1115
1124 1091 1119
1124 1089 1091
1117 1125 1116
1120 1125 1117
1126 1122 1116
1126 1116 1125
1118 1122 1127
1123 1118 1127
1123 1128 1119
1124 1119 1128
1089 1124 1129
1089 1129 1087
1122 1130 1127
1122 1126 1130
1123 1127 1131
1128 1123 1131
1130 1131 1127
1124 1128 1132
1132 1129 1124
1128 1131 1133
1133 1132 1128
1130 1134 1131
1133 1131 1134
1087 1129 1135
1132 1136 1129
1135 1129 1136
1133 1137 1132
1137 1136 1132
1087 1135 1138
1087 1138 1085
1135 1136 1139
1138 1135 1139
1133 1134 1140
1140 1137 1133
1137 1141 1136
1139 1136 1141
1140 1142 1137
1142 1141 1137
1134 1143 1140
1143 1142 1140
1134 1144 1143
1144 1134 1130
1144 1130 1145
1126 1145 1130
1126 1146 1145
1146 1126 1125
1146 1125 1147
1120 1147 1125
1139 1141 1148
1142 1149 1141
1148 1141 1149
1143 1150 1142
1150 1149 1142
1151 1143 1144
1151 1150 1143
1152 1144 1145
1151 1144 1152
1146 1153 1145
1152 1145 1153
1154 1146 1147
1146 1154 1153
1148 1155 1139
1138 1139 1155
1154 1147 1156
1120 1156 1147
1155 1157 1138
1085 1138 1157
1158 1085 1157
1085 1158 1076
1155 1159 1157
1159 1158 1157
1148 1160 1155
1160 1159 1155
1076 1158 1161
1083 1076 1161
1159 1162 1158
1162 1161 1158
1163 1083 1161
1162 1163 1161
1163 1084 1083
1164 1162 1159
1160 1164 1159
1165 1160 1148
1148 1149 1165
1166 1084 1163
1166 1082 1084
1167 1163 1162
1164 1167 1162
1167 1166 1163
1164 1160 1168
1165 1168 1160
1165 1149 1169
1150 1169 1149
1170 1082 1166
1170 1080 1082
1166 1167 1171
1166 1171 1170
1167 1164 1172
1164 1168 1172
1167 1172 1171
1173 1168 1165
1165 1169 1173
1080 1170 1174
1080 1174 1074
1175 1172 1168
1173 1175 1168
1176 1170 1171
1176 1174 1170
1171 1172 1177
1175 1177 1172
1171 1177 1176
1178 1074 1174
1074 1178 1058
1176 1179 1174
1178 1174 1179
1177 1180 1176
1176 1180 1179
1181 1177 1175
1177 1181 1180
1182 1175 1173
1181 1175 1182
1178 1179 1183
1180 1183 1179
1058 1178 1184
1178 1183 1184
1185 1180 1181
1180 1185 1183
1182 1173 1186
1169 1186 1173
1182 1187 1181
1185 1181 1187
1058 1184 1188
1058 1188 1066
1186 1189 1182
1182 1189 1187
1183 1190 1184
1191 1183 1185
1183 1191 1190
1184 1192 1188
1184 1190 1192
1193 1185 1187
1191 1185 1193
1188 1194 1066
1188 1192 1194
1195 1187 1189
1193 1187 1195
1186 1196 1189
1195 1189 1197
1197 1189 1196
1193 1195 1198
1198 1195 1197
1191 1193 1199
1193 1198 1199
1198 1197 1200
1198 1201 1199
1191 1199 1202
1202 1199 1201
1190 1191 1202
1202 1201 1203
1204 1200 1197
1197 1196 1204
1204 1205 1200
1190 1202 1206
1206 1202 1203
1206 1192 1190
1206 1203 1207
1206 1208 1192
1207 1208 1206
1208 1194 1192
1207 1209 1208
1208 1210 1194
1209 1210 1208
1211 1194 1210
1211 1210 1209
1212 1194 1211
1066 1194 1212
1066 1212 1213
1059 1066 1213
1214 1059 1213
1059 1214 1051
876 1051 1214
1214 1213 1215
1212 1215 1213
876 1214 1216
1215 1216 1214
871 876 1216
871 1216 1217
1217 857 871
1215 1218 1216
1218 1217 1216
1218 1219 1217
1217 1220 857
1220 1217 1219
1220 853 857
1212 1221 1215
1221 1218 1215
1220 1222 853
1222 852 853
1223 1219 1218
1221 1223 1218
1221 1212 1224
1212 1211 1224
1225 1222 1220
1220 1219 1225
1222 1226 852
852 1226 851
1227 1223 1221
1221 1224 1227
1228 1224 1211
1209 1228 1211
1225 1229 1222
1229 1226 1222
851 1226 1230
1230 850 851
1230 1231 850
836 850 1231
1232 1230 1226
1231 1230 1232
836 1231 1233
816 836 1233
1233 812 816
1231 1234 1233
1233 1234 812
1231 1232 1234
802 812 1234
1232 802 1234
1232 1226 1235
1229 1235 1226
1232 1236 802
1235 1236 1232
1237 802 1236
803 802 1237
803 1237 1238
804 803 1238
804 1238 1239
804 1239 811
1238 1240 1239
1238 1237 1240
811 1239 1241
1242 1240 1237
1237 1236 1242
1242 1243 1240
1235 1244 1236
1244 1242 1236
1245 1243 1242
1244 1245 1242
1245 1246 1243
1235 1247 1244
1247 1245 1244
1235 1229 1247
1248 1246 1245
1247 1248 1245
1248 1249 1246
1250 1247 1229
1250 1248 1247
1250 1229 1225
1249 1248 1251
1250 1251 1248
1249 1251 1252
1253 1252 1251
1250 1253 1251
1253 1254 1252
1255 1250 1225
1250 1255 1253
1255 1225 1219
1254 1253 1256
1256 1253 1255
1254 1256 1257
1258 1255 1219
1256 1255 1258
1257 1256 1259
1257 1259 1260
1258 1219 1261
1223 1261 1219
1256 1258 1262
1256 1262 1259
1260 1259 1263
1260 1263 1264
1261 1223 1265
1227 1265 1223
1266 1258 1261
1266 1262 1258
1261 1265 1266
1259 1262 1267
1259 1267 1263
1262 1266 1268
1262 1268 1267
1266 1265 1269
1266 1269 1268
1265 1227 1270
1265 1270 1269
1227 1271 1270
1227 1224 1271
1228 1271 1224
1272 1269 1270
1272 1270 1271
1272 1273 1269
1268 1269 1273
1274 1272 1271
1274 1271 1228
1268 1273 1275
1275 1267 1268
1275 1276 1267
1276 1263 1267
1276 1277 1263
1278 1263 1277
1278 1264 1263
1264 1278 1279
1264 1279 1280
1281 1280 1279
1281 1282 1280
1283 1282 1281
1284 1283 1281
1283 1284 1285
1283 1285 1286
1287 1286 1285
1287 1288 1286
1288 1287 1289
1288 1289 1290
1290 1289 1291
1290 1291 1292
1293 1292 1291
1293 1291 1294
1295 1292 1293
1296 1293 1294
1296 1294 1297
1296 1297 1298
1295 1293 1299
1300 1295 1299
1301 1299 1293
1301 1293 1296
1300 1299 1302
1302 1299 1301
1303 1300 1302
1303 1304 1300
1303 1305 1304
1303 1306 1305
1307 1305 1306
1307 1306 1308
462 1307 1308
462 1308 1309
463 462 1309
1306 1310 1308
1309 1308 1310
1303 1311 1306
1306 1311 1310
1312 1303 1302
1303 1312 1311
1302 1301 1313
1312 1302 1313
463 1309 1314
464 463 1314
1314 1309 1315
1309 1310 1315
464 1314 1316
1314 1315 1316
1121 464 1316
1121 1317 464
1318 1121 1316
1318 1316 1315
1121 1318 1120
1120 1318 1156
1318 1315 1156
1156 1315 1310
1156 1310 1154
1311 1154 1310
1311 1153 1154
1153 1311 1312
1153 1312 1152
1152 1312 1313
1319 1152 1313
1319 1151 1152
1313 1320 1319
1321 1320 1313
1321 1313 1301
1296 1321 1301
1322 1319 1320
1321 1322 1320
1151 1319 1323
1322 1323 1319
1296 1324 1321
1296 1298 1324
1325 1321 1324
1321 1325 1322
1298 1326 1324
1325 1324 1326
1298 1327 1326
1327 1328 1326
1328 1325 1326
1327 1329 1328
1330 1322 1325
1328 1330 1325
1331 1328 1329
1331 1329 1332
1331 1332 1333
1330 1334 1322
1334 1323 1322
1205 1330 1328
1205 1328 1331
1334 1330 1205
1331 1333 1335
1205 1331 1335
1335 1333 1336
1334 1205 1204
1205 1335 1337
1335 1336 1338
1337 1335 1338
1339 1338 1336
1337 1338 1340
1204 1341 1334
1334 1341 1323
1204 1196 1341
1339 1342 1338
1342 1340 1338
1342 1343 1340
1344 1342 1339
1345 1343 1342
1344 1345 1342
1345 1346 1343
1347 1346 1345
1344 1348 1345
1347 1345 1348
1344 1349 1348
1209 1347 1348
1349 1350 1348
1209 1348 1350
1349 1351 1350
1209 1350 1228
1351 1228 1350
1351 1274 1228
1352 1353 1354
1352 1354 1355
1356 1355 1354
1356 1357 1355
1356 1358 1357
1359 1360 1358
1361 1362 1359
1363 1364 1352
1363 1365 1364
1366 1365 1363
1366 1367 1365
1368 1367 1366
1368 1369 1367
1370 1369 1368
1370 1371 1369
1370 1372 1371
1370 1373 1372
1361 1374 1375
1375 1374 1376
1375 1376 1377
1378 1377 1376
1378 1379 1377
1380 1379 1381
1380 1382 1379
1383 1382 1380
1383 1380 1384
1384 1385 1383
1384 1386 1385
1387 1385 1386
1387 1386 1388
1389 1387 1388
1389 1388 1390
1391 1392 1393
1394 1391 1393
1394 1393 1395
1396 1394 1395
1396 1397 1394
1396 1398 1397
1396 1399 1398
1400 1398 1399
1401 1402 1403
1403 1404 1401
1403 1405 1404
1404 1405 1406
1404 1406 1407
1408 1407 1406
1408 1409 1407
1408 1410 1409
1408 1411 1410
1412 1410 1411
1412 1411 1413
1413 1414 1412
1413 1415 1414
1416 1414 1415
1416 1415 1417
1417 1418 1416
1417 1419 1418
1418 1419 1420
1418 1420 1421
1422 1423 1424
1422 1424 1425
1426 1422 1425
1425 1424 1427
1426 1425 1428
1429 1426 1428
1425 1427 1430
1428 1425 1430
1430 1427 1431
1429 1428 1432
1433 1429 1432
1430 1431 1434
1434 1431 1435
1428 1430 1436
1428 1436 1432
1436 1430 1434
1434 1435 1437
1437 1435 1438
1436 1434 1439
1432 1436 1439
1439 1434 1437
1437 1438 1440
1440 1438 1441
1439 1437 1442
1442 1437 1440
1432 1439 1443
1439 1442 1443
1433 1432 1444
1444 1432 1443
1440 1441 1445
1445 1441 1446
1442 1440 1447
1443 1442 1447
1447 1440 1445
1445 1446 1448
1448 1446 1449
1447 1445 1450
1450 1445 1448
1450 1448 1451
1447 1450 1452
1443 1447 1452
1450 1451 1452
1448 1449 1453
1453 1451 1448
1454 1453 1449
1454 1449 1455
1456 1443 1452
1444 1443 1456
1453 1457 1451
1457 1453 1454
1458 1454 1455
1458 1455 1459
1460 1458 1459
1460 1459 1461
1462 1460 1461
1462 1461 1463
1464 1462 1463
1464 1463 1465
1466 1464 1465
1466 1465 1467
1468 1466 1467
1468 1467 1469
1470 1468 1469
1470 1469 1471
1468 1470 1472
1468 1472 1473
1466 1468 1473
1474 1473 1472
1464 1466 1475
1466 1473 1475
1462 1464 1476
1464 1475 1476
1475 1473 1477
1474 1477 1473
1477 1476 1475
1462 1476 1478
1460 1462 1478
1474 1479 1477
1474 1480 1479
1477 1481 1476
1478 1476 1481
1481 1477 1479
1460 1478 1482
1481 1482 1478
1458 1460 1482
1458 1482 1483
1454 1458 1483
1481 1484 1482
1483 1482 1484
1454 1483 1485
1484 1485 1483
1457 1454 1485
1457 1485 1486
1484 1486 1485
1484 1481 1487
1481 1479 1487
1479 1488 1487
1484 1487 1489
1486 1484 1489
1488 1489 1487
1457 1486 1490
1490 1451 1457
1486 1489 1491
1490 1486 1491
1479 1492 1488
1480 1492 1479
1480 1493 1492
1493 1494 1492
1494 1488 1492
1493 1495 1494
1494 1495 1496
1494 1496 1497
1433 1497 1496
1433 1444 1497
1498 1494 1497
1494 1498 1488
1499 1497 1444
1498 1497 1499
1499 1444 1456
1488 1498 1500
1500 1498 1499
1501 1499 1456
1500 1499 1501
1488 1500 1502
1488 1502 1489
1502 1491 1489
1500 1503 1502
1502 1503 1491
1501 1456 1504
1456 1452 1504
1501 1505 1500
1500 1505 1503
1503 1506 1491
1490 1491 1506
1501 1507 1505
1504 1507 1501
1508 1503 1505
1507 1508 1505
1503 1508 1506
1508 1507 1509
1504 1509 1507
1508 1509 1506
1510 1504 1452
1509 1504 1510
1451 1510 1452
1511 1490 1506
1511 1506 1509
1490 1511 1451
1451 1511 1510
1511 1509 1510
1512 1513 1514
1512 1514 1515
1515 1514 1516
1512 1515 1517
1515 1516 1518
1519 1518 1516
1517 1515 1520
1517 1520 1521
1521 1520 1522
1520 1523 1522
1520 1524 1523
1515 1525 1520
1525 1524 1520
1515 1518 1525
1525 1526 1524
1527 1526 1525
1519 1528 1518
1529 1528 1519
1530 1525 1518
1527 1525 1530
1530 1518 1528
1531 1527 1530
1528 1531 1530
1531 1532 1527
1529 1533 1528
1528 1533 1531
1533 1529 1534
1535 1532 1531
1535 1536 1532
1537 1536 1535
1531 1533 1538
1533 1534 1538
1531 1538 1535
1539 1538 1534
1535 1538 1539
1539 1534 1540
1537 1535 1541
1535 1539 1541
1542 1539 1540
1542 1541 1539
1542 1540 1543
1542 1544 1541
1544 1537 1541
1544 1545 1537
1546 1543 1547
1546 1547 1548
1548 1547 1549
1546 1548 1550
1546 1550 1551
1551 1552 1545
1551 1550 1552
1552 1550 1553
1553 1550 1548
1552 1553 1554
1553 1555 1554
1548 1549 1556
1553 1548 1556
1553 1557 1555
1557 1553 1556
1557 1558 1555
1559 1556 1549
1557 1556 1559
1559 1549 1560
1560 1561 1559
1561 1557 1559
1560 1562 1561
1557 1563 1558
1561 1563 1557
1562 1564 1561
1563 1561 1564
1562 1565 1564
1558 1563 1566
1563 1564 1566
1558 1566 1567
1566 1568 1567
1569 1564 1565
1569 1566 1564
1569 1565 1570
1566 1571 1568
1569 1571 1566
1571 1572 1568
1573 1569 1570
1573 1570 1574
1573 1575 1569
1575 1573 1574
1575 1571 1569
1575 1574 1576
1577 1575 1576
1575 1577 1571
1577 1576 1578
1572 1577 1578
1571 1579 1572
1572 1579 1577
1577 1579 1571
1580 1581 1582
1582 1583 1580
1582 1584 1583
1585 1583 1584
1585 1586 1583
1586 1585 1587
1586 1587 1588
1587 1589 1588
1587 1590 1589
1589 1590 1591
1592 1593 1594
1592 1595 1593
1593 1595 1596
1597 1598 1599
1599 1600 1597
1601 1602 1603
1601 1604 1602
1604 1601 1605
1604 1606 1602
1604 1605 1607
1607 1605 1608
1604 1609 1606
1607 1609 1604
1610 1606 1609
1610 1611 1606
1610 1612 1611
1610 1613 1612
1613 1614 1612
1609 1615 1610
1615 1613 1610
1607 1616 1609
1609 1616 1615
1607 1608 1617
1617 1616 1607
1613 1618 1614
1618 1619 1614
1615 1620 1613
1620 1618 1613
1616 1621 1615
1620 1615 1621
1608 1622 1617
1608 1623 1622
1624 1622 1623
1617 1625 1616
1616 1625 1621
1617 1626 1625
1617 1622 1626
1621 1625 1626
1624 1627 1622
1628 1627 1624
1628 1629 1627
1630 1627 1629
1631 1622 1627
1630 1631 1627
1631 1626 1622
1630 1632 1631
1632 1626 1631
1630 1633 1632
1634 1632 1633
1621 1626 1635
1632 1635 1626
1634 1636 1632
1636 1635 1632
1637 1636 1634
1637 1634 1638
1639 1621 1635
1620 1621 1639
1636 1640 1635
1637 1640 1636
1638 1641 1637
1638 1642 1641
1641 1642 1643
1641 1643 1644
1645 1637 1641
1637 1645 1640
1644 1646 1641
1645 1641 1646
1644 1647 1646
1648 1635 1640
1639 1635 1648
1649 1620 1639
1620 1649 1618
1645 1650 1640
1648 1640 1650
1647 1651 1646
1647 1652 1651
1653 1645 1646
1645 1653 1650
1653 1646 1651
1654 1639 1648
1649 1639 1654
1655 1618 1649
1618 1655 1619
1652 1656 1651
1652 1657 1656
1658 1648 1650
1654 1648 1658
1659 1653 1651
1659 1651 1656
1653 1660 1650
1658 1650 1660
1653 1659 1660
1654 1661 1649
1655 1649 1661
1662 1619 1655
1662 1663 1619
1657 1664 1656
1657 1665 1664
1658 1666 1654
1654 1666 1661
1656 1667 1659
1656 1664 1667
1659 1668 1660
1659 1667 1668
1660 1669 1658
1658 1669 1666
1660 1668 1669
1670 1663 1662
1670 1671 1663
1670 1672 1671
1673 1666 1669
1673 1669 1668
1661 1666 1674
1673 1674 1666
1675 1668 1667
1673 1668 1675
1670 1662 1676
1661 1674 1676
1676 1662 1655
1676 1655 1661
1670 1677 1672
1678 1672 1677
1670 1676 1679
1674 1679 1676
1679 1677 1670
1680 1674 1673
1680 1673 1675
1675 1667 1681
1681 1667 1664
1678 1677 1682
1683 1678 1682
1674 1684 1679
1680 1684 1674
1679 1684 1685
1685 1684 1680
1679 1686 1677
1682 1677 1686
1679 1685 1686
1680 1675 1687
1687 1675 1681
1681 1664 1688
1665 1688 1664
1665 1689 1688
1682 1686 1690
1690 1686 1685
1688 1691 1681
1687 1681 1691
1692 1688 1689
1688 1692 1691
1692 1689 1693
1687 1694 1680
1685 1680 1694
1691 1695 1687
1687 1695 1694
1696 1694 1695
1691 1697 1695
1692 1697 1691
1696 1695 1697
1698 1692 1693
1692 1698 1697
1698 1693 1699
1685 1694 1700
1696 1700 1694
1698 1699 1701
1701 1699 1702
1698 1701 1703
1704 1698 1703
1704 1697 1698
1705 1697 1704
1696 1697 1705
1706 1696 1705
1685 1700 1707
1690 1685 1707
1708 1696 1706
1708 1706 1709
1710 1700 1696
1707 1700 1710
1710 1696 1708
1711 1708 1709
1711 1709 1712
1713 1710 1708
1713 1708 1711
1707 1710 1714
1714 1710 1713
1707 1715 1690
1707 1714 1715
1712 1716 1711
1712 1717 1716
1711 1718 1713
1711 1716 1718
1716 1719 1718
1717 1720 1716
1716 1720 1719
1717 1721 1720
1721 1722 1720
1719 1720 1722
1721 1723 1722
1724 1713 1718
1719 1724 1718
1714 1713 1725
1724 1725 1713
1714 1725 1726
1714 1726 1715
1727 1722 1723
1727 1723 1728
1729 1727 1728
1729 1730 1727
1727 1730 1731
1731 1730 1732
1733 1722 1727
1733 1727 1731
1732 1734 1731
1732 1735 1734
1736 1734 1735
1737 1731 1734
1737 1733 1731
1736 1738 1734
1737 1734 1738
1738 1736 1739
1733 1740 1722
1719 1722 1740
1737 1741 1733
1741 1740 1733
1742 1737 1738
1741 1737 1742
1738 1739 1743
1743 1742 1738
1743 1739 1744
1743 1744 1745
1746 1743 1745
1743 1746 1742
1746 1745 1747
1719 1740 1748
1741 1748 1740
1741 1742 1749
1749 1742 1746
1748 1741 1749
1747 1750 1746
1749 1746 1750
1747 1751 1750
1719 1748 1752
1719 1752 1724
1748 1749 1753
1750 1753 1749
1753 1752 1748
1754 1750 1751
1750 1754 1753
1754 1751 1755
1753 1756 1752
1756 1724 1752
1754 1756 1753
1757 1754 1755
1754 1757 1756
1757 1755 1758
1756 1759 1724
1759 1756 1757
1759 1725 1724
1759 1726 1725
1758 1760 1757
1759 1757 1760
1760 1726 1759
1758 1761 1760
1760 1761 1762
1760 1763 1726
1760 1762 1763
1715 1726 1763
1763 1762 1683
1715 1763 1764
1763 1683 1764
1690 1715 1764
1683 1682 1764
1690 1764 1682
1765 1766 1767
1765 1768 1766
1765 1769 1768
1765 1770 1769
1770 1771 1769
1770 1772 1771
1772 1773 1771
1772 1774 1773
1774 1775 1773
1774 1776 1775
1776 1777 1775
1776 1778 1777
1779 1777 1778
1779 1778 1780
1779 1780 1781
1782 1781 1783
1784 1782 1785
1784 1786 1787
1786 1788 1787
1786 1789 1788
1790 1788 1789
1790 1789 1791
1792 1790 1791
1792 1791 1793
1794 1792 1793
1794 1795 1792
1795 1794 1796
1795 1796 1797
1798 1797 1796
1798 1799 1797
1800 1799 1798
1800 1801 1799
1802 1803 1804
1805 1803 1802
1805 1806 1803
1807 1806 1805
1807 1805 1808
1807 1808 1809
1807 1809 1810
1811 1810 1809
1812 1813 1814
1813 1812 1815
1813 1815 1816
1815 1817 1816
1815 1818 1817
1819 1817 1818
1819 1818 1820
1819 1820 1821
1819 1821 1822
1823 1822 1821
1823 1824 1822
1824 1823 1825
1824 1825 1826
1827 1826 1825
1827 1828 1826
1828 1827 1829
1828 1829 1830
1829 1831 1830
1829 1832 1831
1833 1834 1835
1833 1836 1834
1837 1836 1833
1836 1838 1834
1837 1839 1836
1840 1839 1837
1836 1841 1838
1839 1841 1836
1841 1842 1838
1840 1843 1839
1844 1843 1840
1841 1845 1842
1845 1846 1842
1839 1847 1841
1839 1843 1847
1847 1845 1841
1845 1848 1846
1848 1849 1846
1847 1850 1845
1843 1850 1847
1850 1848 1845
1848 1851 1849
1851 1852 1849
1850 1853 1848
1853 1851 1848
1843 1854 1850
1850 1854 1853
1844 1855 1843
1855 1854 1843
1851 1856 1852
1856 1857 1852
1853 1858 1851
1854 1858 1853
1858 1856 1851
1856 1859 1857
1859 1860 1857
1858 1861 1856
1861 1859 1856
1861 1862 1859
1858 1863 1861
1854 1863 1858
1861 1863 1862
1859 1864 1860
1864 1859 1862
1865 1860 1864
1865 1866 1860
1867 1863 1854
1855 1867 1854
1864 1862 1868
1868 1865 1864
1869 1866 1865
1869 1870 1866
1871 1870 1869
1871 1872 1870
1873 1872 1871
1873 1874 1872
1875 1874 1873
1875 1876 1874
1877 1876 1875
1877 1878 1876
1879 1878 1877
1879 1880 1878
1881 1880 1879
1881 1882 1880
1879 1883 1881
1879 1884 1883
1877 1884 1879
1885 1883 1884
1875 1886 1877
1877 1886 1884
1873 1887 1875
1875 1887 1886
1886 1888 1884
1885 1884 1888
1888 1886 1887
1873 1889 1887
1871 1889 1873
1885 1888 1890
1885 1890 1891
1888 1887 1892
1889 1892 1887
1892 1890 1888
1871 1893 1889
1892 1889 1893
1869 1893 1871
1869 1894 1893
1865 1894 1869
1892 1893 1895
1894 1895 1893
1865 1896 1894
1895 1894 1896
1868 1896 1865
1868 1897 1896
1895 1896 1897
1895 1898 1892
1892 1898 1890
1890 1898 1899
1895 1900 1898
1897 1900 1895
1899 1898 1900
1868 1901 1897
1901 1868 1862
1897 1902 1900
1901 1902 1897
1890 1899 1903
1891 1890 1903
1891 1903 1904
1904 1903 1905
1905 1903 1899
1904 1905 1906
1905 1907 1906
1905 1908 1907
1844 1907 1908
1844 1908 1855
1909 1908 1905
1905 1899 1909
1910 1855 1908
1909 1910 1908
1910 1867 1855
1899 1911 1909
1911 1910 1909
1912 1867 1910
1911 1912 1910
1899 1913 1911
1899 1900 1913
1913 1900 1902
1911 1913 1914
1913 1902 1914
1912 1915 1867
1867 1915 1863
1912 1911 1916
1911 1914 1916
1914 1902 1917
1901 1917 1902
1912 1916 1918
1915 1912 1918
1919 1916 1914
1918 1916 1919
1914 1917 1919
1919 1920 1918
1915 1918 1920
1919 1917 1920
1921 1863 1915
1920 1921 1915
1862 1863 1921
1922 1917 1901
1922 1920 1917
1901 1862 1922
1862 1921 1922
1922 1921 1920
1923 1924 1925
1923 1925 1926
1923 1926 1927
1928 1926 1925
1928 1925 1929
1928 1929 1930
1927 1926 1931
1927 1931 1932
1932 1931 1933
1934 1933 1931
1934 1931 1935
1926 1936 1931
1936 1935 1931
1926 1928 1936
1936 1937 1935
1936 1938 1937
1928 1930 1939
1939 1930 1940
1941 1936 1928
1936 1941 1938
1941 1928 1939
1938 1941 1942
1939 1942 1941
1938 1942 1943
1939 1940 1944
1939 1944 1942
1945 1944 1940
1943 1942 1946
1943 1946 1947
1946 1948 1947
1949 1942 1944
1945 1949 1944
1949 1946 1942
1945 1950 1949
1946 1949 1950
1945 1951 1950
1946 1952 1948
1946 1950 1952
1951 1953 1950
1953 1952 1950
1951 1954 1953
1953 1955 1952
1955 1948 1952
1955 1956 1948
1957 1958 1954
1957 1959 1958
1960 1959 1957
1958 1959 1961
1958 1961 1962
1962 1963 1956
1962 1961 1963
1964 1963 1961
1964 1961 1959
1964 1965 1963
1966 1965 1964
1960 1967 1959
1964 1959 1967
1966 1964 1968
1967 1968 1964
1969 1966 1968
1960 1970 1967
1967 1970 1968
1960 1971 1970
1972 1970 1971
1972 1968 1970
1972 1971 1973
1969 1968 1974
1972 1974 1968
1975 1972 1973
1974 1972 1975
1975 1973 1976
1975 1976 1977
1978 1969 1974
1974 1975 1978
1978 1979 1969
1978 1980 1979
1975 1977 1981
1981 1978 1975
1978 1982 1980
1981 1982 1978
1983 1980 1982
1984 1981 1977
1984 1977 1985
1984 1986 1981
1986 1984 1985
1986 1982 1981
1986 1985 1987
1987 1988 1986
1986 1988 1982
1987 1989 1988
1983 1982 1990
1990 1989 1983
1990 1988 1989
1988 1990 1982
1933 1991 1992
1933 1992 1993
1994 1993 1992
1994 1995 1993
1995 1994 1996
1995 1996 1923
1997 1998 1999
1998 1997 2000
1998 2000 2001
2002 2001 2000
2002 2000 2003
2003 2004 2002
2003 2005 2004
2004 2005 2006
2004 2006 2007
2006 2008 2007
2009 2010 2011
2009 2011 2012
2011 2013 2012
2014 2015 2016
2014 2016 2017
2017 2018 2014
2019 2017 2016
2017 2020 2018
2020 2021 2018
2022 2017 2019
2022 2020 2017
2022 2019 2023
2020 2024 2021
2022 2024 2020
2024 2025 2021
2022 2025 2024
2021 2025 2026
2022 2023 2027
2025 2022 2027
2027 2023 2028
2026 2025 2029
2025 2027 2029
2026 2029 2030
2027 2028 2031
2031 2029 2027
2030 2029 2032
2031 2032 2029
2030 2032 2033
2034 2033 2032
2034 2032 2035
2035 2032 2031
2031 2028 2036
2028 2037 2036
2038 2034 2035
2038 2039 2034
2040 2039 2038
2035 2031 2041
2035 2041 2038
2031 2036 2041
2042 2038 2041
2040 2038 2042
2042 2041 2036
2037 2043 2036
2042 2036 2043
2044 2043 2037
2045 2040 2042
2045 2042 2043
2044 2045 2043
2046 2040 2045
2044 2046 2045
2047 2048 2049
2047 2050 2048
2050 2047 2051
2052 2048 2050
2050 2051 2053
2053 2051 2054
2055 2052 2050
2055 2050 2053
2055 2056 2052
2053 2054 2057
2055 2053 2057
2057 2054 2058
2055 2057 2058
2054 2059 2058
2055 2060 2056
2058 2060 2055
2060 2061 2056
2059 2062 2058
2058 2062 2060
2059 2063 2062
2060 2064 2061
2064 2060 2062
2063 2065 2062
2064 2062 2065
2063 2066 2065
2067 2065 2066
2067 2068 2065
2068 2064 2065
2064 2069 2061
2061 2069 2070
2071 2068 2067
2071 2067 2072
2073 2071 2072
2068 2074 2064
2068 2071 2074
2064 2074 2069
2075 2074 2071
2073 2075 2071
2075 2069 2074
2070 2069 2076
2075 2076 2069
2077 2070 2076
2078 2075 2073
2078 2076 2075
2077 2076 2078
2079 2078 2073
2077 2078 2079
2080 2081 1512
2080 2082 2081
2083 2082 2080
2083 2084 2082
2085 2084 2083
2085 2083 1522
2086 2087 2088
2089 2086 2088
2086 2090 2087
2090 2091 2087
2090 2092 2091
2092 2093 2091
2089 2094 2086
2095 2094 2089
2095 2096 2094
2097 2096 2095
2098 2092 2090
2086 2098 2090
2092 2099 2093
2099 2100 2093
2086 2094 2101
2101 2094 2096
2097 2102 2096
2103 2102 2097
2098 2104 2092
2099 2092 2104
2086 2105 2098
2086 2101 2105
2104 2098 2105
2101 2096 2106
2106 2105 2101
2102 2106 2096
2104 2105 2107
2106 2108 2105
2109 2104 2107
2109 2108 2106
2103 2110 2102
2111 2110 2103
2102 2112 2106
2109 2106 2112
2110 2112 2102
2109 2113 2104
2099 2104 2113
2111 2114 2110
2115 2114 2111
2110 2116 2112
2116 2110 2114
2117 2109 2112
2113 2109 2117
2117 2112 2116
2118 2099 2113
2099 2118 2100
2119 2100 2118
2115 2120 2114
2121 2120 2115
2113 2117 2122
2118 2113 2122
2119 2118 2123
2123 2118 2122
2124 2119 2123
2116 2125 2117
2122 2117 2125
2116 2114 2126
2120 2126 2114
2116 2126 2125
2123 2122 2127
2122 2125 2127
2124 2123 2128
2128 2123 2127
2129 2127 2125
2128 2127 2129
2129 2125 2130
2131 2125 2126
2130 2132 2129
2132 2128 2129
2130 2133 2132
2134 2124 2128
2132 2134 2128
2133 2134 2132
2134 2135 2124
2135 2134 2136
2133 2136 2134
2135 2136 2137
2136 2121 2137
2136 2138 2121
2138 2136 2133
2121 2138 2120
2138 2133 2139
2139 2120 2138
2139 2133 2131
2120 2140 2126
2139 2140 2120
2139 2131 2140
2131 2126 2140
2141 2142 2143
2144 2143 2142
2144 2142 2145
2146 2144 2145
2141 2147 2142
2141 2148 2147
2141 2149 2148
2148 2149 2150
2148 2150 2151
2151 2150 2152
2151 2152 2153
2153 2152 2154
2153 2154 2155
2155 2154 2156
2151 2157 2148
2153 2158 2151
2151 2158 2157
2148 2159 2147
2148 2157 2159
2160 2153 2155
2153 2160 2158
2161 2157 2158
2161 2158 2162
2162 2158 2160
2163 2157 2161
2163 2159 2157
2162 2160 2164
2159 2163 509
2160 2165 2164
2147 2159 2166
2159 509 2166
2160 2167 2165
2160 2155 2167
2168 2165 2167
2155 2168 2167
2168 2169 2165
2168 2170 2169
2155 2171 2168
2155 2156 2171
2168 2172 2170
2171 2172 2168
2173 2170 2172
2173 2172 2174
2175 2174 2172
2171 2175 2172
2175 2176 2174
1241 2176 2175
2177 2171 2156
2177 2175 2171
2177 2156 800
798 2177 800
1241 2175 2178
2177 2178 2175
2178 2177 798
811 1241 2178
2178 798 811
2147 2166 2179
2147 2179 2142
2142 2179 2180
2142 2180 2145
2179 2166 2181
2179 2181 2180
2166 2182 2181
2166 509 2182
509 508 2182
2182 508 529
2181 2182 2183
2182 529 2183
2180 2181 2184
2181 2183 2184
2185 2145 2180
2180 2184 2185
2186 2183 529
2186 529 522
523 2186 522
2187 2184 2183
2187 2183 2186
2188 2186 523
2188 2187 2186
2189 2184 2187
2189 2185 2184
2185 2190 2145
2146 2145 2190
2185 2191 2190
2146 2190 2191
2185 2189 2191
2146 2191 2192
2192 2191 2193
2193 2191 2189
2192 2193 2194
2195 2194 2193
2196 2189 2187
2193 2189 2196
2196 2187 2188
2197 2193 2196
2195 2193 2197
2197 2196 2188
2195 2197 2198
2195 2198 2199
2198 2200 2199
2197 2188 2201
2198 2197 2201
2201 2188 523
2201 523 2202
2202 2203 2201
2198 2201 2203
2202 2204 2203
2198 2205 2200
2205 2198 2203
2205 2206 2200
2204 2207 2203
2205 2203 2207
2204 2208 2207
2205 2209 2206
2209 2205 2207
2209 759 2206
2209 758 759
2208 2210 2207
2209 2207 2210
2210 758 2209
2208 2211 2210
2210 2211 752
2210 2212 758
2210 752 2212
758 2212 750
750 2212 752
1151 1323 2213
1151 2213 1150
2213 1323 1341
1169 1150 2213
2213 1341 2214
1169 2213 2214
1196 2214 1341
1169 2214 1186
1196 1186 2214
2215 2216 2217
2218 2216 2215
2218 2215 2219
2220 2218 2219
2220 2219 2221
2221 2222 2220
2219 2215 2223
2221 2219 2223
2221 2224 2222
2224 2221 2223
2215 2225 2223
2215 2217 2225
2225 2226 2223
2217 2226 2225
2217 2227 2226
2224 2228 2222
2226 2227 2229
2224 2230 2228
2230 2224 2223
2230 2231 2228
2226 2229 2232
2226 2232 2223
2232 2229 2233
2230 2234 2231
2234 2230 2223
2234 2235 2231
2232 2233 2236
2232 2236 2223
2236 2233 2237
2234 2238 2235
2238 2234 2223
2238 2239 2235
2236 2237 2240
2236 2240 2223
2241 2238 2223
2238 2241 2239
2240 2242 2223
2240 2237 2243
2240 2243 2242
2241 2244 2239
2242 2243 2245
2241 2246 2244
2246 2241 2223
2247 2244 2246
2242 2245 2248
2242 2248 2223
2249 2248 2245
2249 2250 2248
2248 2250 2223
2251 2250 2249
2251 2252 2250
2250 2252 2223
2252 2251 2253
2252 2253 2254
2247 2254 2253
2252 2254 2223
2247 2246 2255
2247 2255 2254
2254 2255 2223
2255 2246 2223
2256 2257 2258
2257 2256 2259
2256 2260 2259
2261 2260 2256
2256 2258 2262
2261 2256 2262
2263 2262 2258
2261 2262 2264
2263 2264 2262
2261 2264 2265
2266 2264 2263
2267 2265 2264
2266 2267 2264
2267 2268 2265
2267 2266 2269
2270 2268 2267
2267 2269 2270
2270 2271 2268
2269 2272 2270
2270 2272 2271
2273 2274 2275
2276 2273 2275
2277 2274 2273
2277 2273 2276
2277 2278 2274
2277 2279 2278
2277 2276 2280
2277 2281 2279
2281 2277 2280
2282 2279 2281
2282 2281 2283
2281 2280 2284
2283 2281 2284
2282 2283 2285
2282 2285 2286
2283 2284 2287
2287 2285 2283
2288 2287 2284
2287 2289 2285
2290 2288 2284
2291 2286 2285
2289 2291 2285
2291 2292 2286
2289 2293 2291
2290 2284 2294
2294 2284 2280
2294 2295 2290
2296 2292 2291
2296 2291 2293
2296 2297 2292
2296 2293 2298
2280 2299 2294
2294 2299 2295
2280 2300 2299
2295 2299 2301
2299 2300 2301
2297 2296 2302
2302 2296 2298
2297 2302 2303
2302 2298 2304
2305 2303 2302
2305 2302 2304
2305 2306 2303
2306 2305 2307
2305 2304 2308
2308 2307 2305
2306 2307 2309
2308 2310 2307
2311 2309 2307
2307 2310 2312
2311 2307 2313
2307 2312 2313
2313 2314 2311
2312 2315 2313
2313 2315 2314
2312 2316 2315
2315 2317 2314
2318 2315 2316
2315 2318 2317
2318 2316 2319
2320 2318 2319
2321 2317 2318
2320 2321 2318
2321 2322 2317
2323 2321 2320
2323 2322 2321
2324 2325 2326
2327 2325 2324
2326 2325 2328
2329 2325 2327
2328 2325 2330
2331 2325 2329
2330 2325 2332
2333 2325 2331
2332 2325 2334
2335 2325 2333
2334 2325 2336
2337 2325 2335
2336 2325 2337
2338 2339 2340
2341 2338 2340
2338 2342 2339
2343 2339 2342
2341 2344 2338
2345 2342 2338
2345 2338 2344
2341 2346 2344
2341 2347 2346
2341 2348 2347
2349 2347 2348
2350 2344 2346
2350 2345 2344
2350 2346 2347
2351 2350 2347
2351 2347 2352
2349 2352 2347
2349 2353 2352
2351 2352 2353
2349 2354 2353
2355 2353 2354
2355 2356 2353
2351 2353 2356
2357 2356 2355
2351 2356 2357
2358 2357 2355
2358 2359 2357
2360 2359 2358
2351 2357 2361
2361 2357 2359
2362 2350 2351
2363 2351 2361
2362 2351 2363
2364 2350 2362
2364 2345 2350
2360 2365 2359
2361 2359 2366
2359 2365 2366
2360 2367 2365
2366 2365 2367
2368 2366 2367
2360 2369 2367
2370 2361 2366
2363 2361 2370
2371 2367 2369
2368 2367 2371
2369 2372 2371
2368 2371 2372
2369 2373 2372
2374 2372 2373
2374 2375 2372
2375 2368 2372
2376 2375 2374
2376 2377 2375
2378 2377 2376
2379 2366 2368
2370 2366 2379
2375 2380 2368
2377 2380 2375
2378 2381 2377
2382 2381 2378
2382 2383 2381
2384 2383 2382
2384 2385 2383
2386 2377 2381
2377 2386 2380
2386 2381 2387
2388 2387 2385
2389 2385 2384
2388 2385 2389
2384 2390 2389
2384 2391 2390
2391 2392 2390
2390 2392 2388
2391 2393 2392
2394 2392 2393
2388 2392 2394
2388 2394 2395
2393 2396 2394
2395 2394 2396
2393 2397 2396
2398 2396 2397
2398 2399 2396
2395 2396 2399
2398 2400 2399
2395 2399 2400
2401 2395 2400
2398 2402 2400
2403 2400 2402
2401 2400 2403
2404 2403 2402
2404 2405 2403
2401 2403 2405
2406 2405 2404
2401 2405 2406
2407 2406 2404
2408 2388 2395
2409 2395 2401
2409 2408 2395
2408 2410 2388
2410 2387 2388
2410 2411 2387
2411 2386 2387
2407 2412 2406
2401 2406 2413
2413 2406 2412
2414 2409 2401
2414 2401 2413
2415 2412 2407
2415 2407 2416
2343 2415 2416
2417 2408 2409
2418 2410 2408
2417 2418 2408
2417 2419 2418
2420 2417 2409
2420 2409 2414
2420 2419 2417
2418 2421 2410
2418 2419 2421
2421 2411 2410
2422 2420 2414
2422 2419 2420
2421 2423 2411
2421 2419 2423
2424 2411 2423
2423 2419 2424
2424 2425 2411
2411 2425 2386
2424 2419 2426
2426 2425 2424
2426 2419 2427
2428 2419 2422
2386 2425 2429
2426 2429 2425
2427 2429 2426
2386 2429 2380
2430 2380 2429
2427 2430 2429
2430 2368 2380
2379 2368 2430
2431 2430 2427
2431 2379 2430
2427 2419 2431
2431 2370 2379
2431 2432 2370
2431 2419 2432
2432 2363 2370
2432 2433 2363
2432 2419 2433
2433 2362 2363
2433 2434 2362
2433 2419 2434
2434 2364 2362
2434 2419 2435
2434 2435 2364
2435 2419 2436
2436 2364 2435
2436 2419 2428
2436 2437 2364
2428 2437 2436
2437 2345 2364
2428 2438 2437
2422 2438 2428
2437 2439 2345
2345 2439 2342
2422 2440 2438
2422 2414 2440
2440 2414 2413
2440 2413 2441
2438 2440 2441
2413 2412 2441
2437 2438 2442
2438 2441 2442
2442 2441 2412
2437 2442 2439
2442 2412 2415
2415 2443 2442
2439 2442 2443
2343 2443 2415
2439 2444 2342
2343 2342 2444
2439 2443 2444
2444 2443 2343
2445 2446 2447
2448 2445 2447
2445 2449 2446
2450 2446 2449
2449 2445 2451
2450 2449 2452
2449 2451 2452
2453 2450 2452
2454 2453 2452
2454 2452 2451
2453 2455 2450
2456 2454 2451
2450 2455 2457
2456 2451 2458
2458 2451 2445
2459 2456 2458
2450 2457 2460
2460 2457 2461
2450 2462 2446
2450 2460 2462
2460 2461 2463
2462 2460 2463
2463 2461 2464
2465 2446 2462
2462 2463 2465
2465 2466 2446
2448 2466 2465
2463 2464 2467
2467 2465 2463
2467 2464 2468
2459 2458 2469
2470 2459 2469
2467 2471 2465
2448 2465 2471
2467 2468 2472
2472 2471 2467
2473 2472 2468
2473 2474 2472
2475 2474 2473
2472 2476 2471
2474 2476 2472
2471 2477 2448
2471 2476 2477
2469 2458 2478
2477 2478 2448
2458 2445 2478
2448 2478 2445
2469 2478 2479
2477 2479 2478
2476 2480 2477
2479 2477 2480
2474 2481 2476
2476 2481 2480
2475 2482 2474
2482 2481 2474
2479 2483 2469
2470 2469 2483
2484 2470 2483
2479 2485 2483
2479 2480 2485
2484 2483 2486
2486 2483 2485
2487 2484 2486
2488 2480 2481
2482 2488 2481
2488 2489 2480
2490 2485 2480
2489 2488 2491
2491 2488 2482
2489 2491 2492
2491 2482 2493
2492 2491 2493
2493 2482 2475
2493 2475 2494
2494 2495 2493
2492 2493 2495
2494 2496 2495
2495 2496 2487
2495 2487 2497
2497 2492 2495
2487 2486 2497
2497 2498 2492
2498 2497 2486
2498 2490 2492
2498 2486 2499
2498 2499 2490
2486 2485 2499
2490 2499 2485
2500 2501 2502
2503 2500 2502
2503 2504 2500
2505 2504 2503
2505 2506 2504
2506 2505 2507
2504 2508 2500
2506 2508 2504
2506 2507 2509
2509 2508 2506
2500 2508 2510
2500 2510 2501
2510 2508 2511
2501 2510 2511
2501 2511 2512
2509 2507 2513
2511 2514 2512
2509 2513 2515
2515 2508 2509
2515 2513 2516
2511 2517 2514
2511 2508 2517
2517 2518 2514
2515 2516 2519
2519 2508 2515
2519 2516 2520
2517 2521 2518
2517 2508 2521
2521 2522 2518
2519 2520 2523
2523 2508 2519
2523 2520 2524
2521 2525 2522
2521 2508 2525
2526 2508 2523
2523 2524 2526
2525 2508 2527
2525 2528 2522
2525 2527 2528
2526 2524 2529
2527 2530 2528
2526 2529 2531
2531 2508 2526
2532 2531 2529
2527 2533 2530
2527 2508 2533
2534 2530 2533
2534 2533 2535
2533 2508 2535
2536 2534 2535
2536 2535 2537
2535 2508 2537
2537 2538 2536
2537 2539 2538
2532 2538 2539
2537 2508 2539
2532 2540 2531
2540 2508 2531
2532 2539 2540
2539 2508 2540
2541 2542 2543
2543 2544 2541
2541 2544 2545
2546 2541 2545
2541 2547 2542
2546 2547 2541
2548 2542 2547
2546 2549 2547
2548 2547 2549
2546 2550 2549
2551 2548 2549
2552 2549 2550
2551 2549 2552
2552 2550 2553
2552 2554 2551
2555 2552 2553
2552 2555 2554
2555 2553 2556
2554 2555 2557
2555 2556 2557
2558 2559 2560
2561 2560 2559
2558 2560 2562
2562 2563 2558
2561 2564 2560
2564 2561 2565
2564 2565 2566
2566 2565 2567
2562 2568 2563
2569 2563 2568
2560 2564 2570
2570 2564 2566
2560 2570 2571
2572 2560 2571
2572 2562 2560
2562 2572 2573
2562 2573 2568
2570 2566 2574
2568 2573 2575
2569 2568 2576
2568 2575 2576
2576 2577 2569
2576 2575 2578
2579 2574 2566
2579 2580 2574
2566 2567 2579
2581 2580 2579
2576 2582 2577
2576 2578 2582
2582 2583 2577
2584 2582 2578
2585 2579 2567
2581 2579 2585
2585 2567 2586
2587 2581 2585
2587 2585 2586
2582 2588 2583
2584 2588 2582
2589 2583 2588
2590 2588 2584
2589 2588 2591
2590 2591 2588
2589 2591 2592
2589 2592 2593
2591 2590 2594
2591 2594 2592
2595 2594 2590
2596 2594 2595
2597 2593 2592
2597 2598 2593
2597 2599 2598
2596 2600 2594
2600 2596 2601
2592 2594 2602
2600 2602 2594
2592 2602 2597
2600 2601 2603
2602 2600 2603
2601 2604 2603
2603 2604 2605
2602 2603 2605
2597 2602 2606
2597 2607 2599
2597 2606 2607
2607 2608 2599
2606 2608 2607
2609 2610 2611
2612 2609 2611
2610 2613 2611
2614 2612 2611
2613 2615 2611
2616 2614 2611
2615 2617 2611
2618 2616 2611
2617 2619 2611
2620 2618 2611
2619 2621 2611
2622 2620 2611
2621 2622 2611
2623 2624 2625
2623 2626 2624
2623 2625 2627
2628 2627 2625
2629 2627 2628
2629 2630 2627
2630 2623 2627
2623 2631 2626
2630 2631 2623
2632 2626 2631
2630 2633 2631
2632 2631 2634
2631 2633 2634
2634 2635 2632
2633 2636 2634
2634 2636 2635
2637 2636 2633
2635 2636 2638
2637 2638 2636
2635 2638 2639
2638 2640 2639
2641 2638 2637
2638 2641 2640
2642 2641 2637
2640 2641 2642
2643 2642 2637
2640 2642 2644
2643 2644 2642
2645 2646 2647
2645 2647 2648
2645 2649 2646
2650 2646 2649
2651 2650 2649
2651 2649 2652
2652 2649 2645
2645 2648 2653
2652 2645 2653
2654 2653 2648
2652 2653 2655
2654 2656 2653
2653 2656 2655
2656 2654 2657
2655 2656 2658
2656 2657 2658
2659 2655 2658
2657 2660 2658
2659 2658 2660
2657 2661 2660
2660 2661 2662
2663 2659 2660
2660 2662 2663
2664 2659 2663
2662 2664 2663
2665 2659 2664
2662 2666 2664
2665 2664 2666
