byte offset: 0
first index: 0
index count: 12402
topology: trianglelist
format: DXGI_FORMAT_R16_UINT

0 1 2
3 0 4
5 0 3
5 3 6
6 7 5
6 8 7
9 8 6
9 6 10
10 6 3
11 9 10
11 10 12
13 11 12
10 3 14
12 10 14
13 12 15
16 13 15
3 17 14
3 18 17
14 17 19
12 14 20
14 19 20
15 12 20
20 19 21
20 21 22
15 20 22
22 21 23
16 15 24
24 15 22
22 23 25
24 22 25
26 16 24
26 27 16
24 25 28
24 28 26
25 23 29
25 29 28
30 27 26
30 31 27
30 32 31
26 28 33
26 33 30
33 28 34
28 29 34
23 35 29
23 36 35
29 35 37
29 37 34
38 37 35
38 39 37
40 37 39
34 37 40
40 39 41
40 41 42
30 33 43
43 33 34
34 40 44
43 34 44
40 42 45
44 40 45
46 45 42
46 42 47
45 46 48
44 45 49
43 44 49
49 45 48
30 43 50
30 50 32
43 49 51
50 43 51
51 49 48
32 50 52
50 51 52
32 52 53
52 51 54
54 51 48
53 52 55
52 54 55
53 55 56
57 54 48
55 54 57
55 58 56
56 58 59
55 60 58
55 57 60
58 60 61
61 60 57
61 57 62
57 48 63
62 57 63
48 64 63
63 64 65
63 65 66
62 63 67
67 63 66
67 68 62
67 66 69
69 66 70
67 71 68
69 71 67
72 69 70
73 72 70
74 68 71
74 75 68
76 75 74
69 77 71
72 77 69
77 74 71
76 74 78
78 79 76
72 80 77
72 81 80
77 82 74
82 78 74
80 82 77
81 83 80
81 84 83
80 85 82
82 85 78
80 83 85
78 86 79
86 87 79
78 85 88
83 88 85
78 88 86
84 89 83
83 89 88
84 90 89
91 86 88
89 91 88
90 92 89
89 92 91
90 93 92
94 92 93
94 95 92
95 91 92
96 95 94
86 97 87
91 97 86
95 98 91
97 91 99
87 97 100
97 99 100
87 100 101
102 98 95
96 102 95
102 103 98
102 104 103
99 105 100
101 100 105
99 106 105
101 105 107
105 106 108
96 109 102
102 109 104
96 110 109
109 111 104
107 105 112
105 108 112
107 112 113
112 108 114
110 115 109
109 115 111
110 116 115
117 115 116
113 112 118
112 114 118
113 118 119
120 118 114
121 111 115
117 121 115
121 122 111
123 122 121
124 119 118
120 124 118
124 125 119
126 125 124
117 127 121
123 121 127
117 128 127
129 124 120
126 124 129
129 120 130
131 126 129
131 129 130
123 127 132
128 132 127
123 132 133
128 134 132
133 132 135
134 135 132
133 135 136
134 137 135
138 136 135
138 135 137
139 140 141
139 142 140
142 143 140
144 143 142
145 142 139
146 145 139
146 139 147
148 146 147
148 147 149
145 150 142
144 142 150
145 151 150
144 150 152
151 152 150
151 153 152
154 153 151
155 154 151
156 144 152
152 157 156
156 158 144
156 159 158
159 160 158
159 161 160
155 162 154
163 162 155
163 164 162
165 154 162
165 166 154
165 167 166
167 165 168
162 164 169
162 169 165
168 165 169
169 164 170
171 169 170
171 172 169
168 169 172
173 172 171
173 174 172
174 168 172
174 175 168
168 175 176
167 168 177
168 176 177
167 177 178
177 176 178
179 180 181
179 181 182
183 179 182
183 184 179
184 183 185
184 185 186
187 188 189
187 190 188
191 190 187
191 187 192
191 192 193
191 193 194
195 196 197
195 197 198
198 197 199
200 198 199
201 195 198
202 195 201
202 203 195
204 203 202
204 205 203
201 198 206
200 206 198
201 206 207
208 206 200
207 206 208
207 208 209
210 207 209
211 207 210
208 200 212
212 213 208
212 200 214
212 214 215
215 214 216
215 216 217
211 210 218
219 211 218
219 218 220
221 218 210
221 210 222
221 222 223
223 224 221
218 225 220
218 221 225
224 225 221
225 226 220
227 226 225
227 225 228
224 228 225
229 227 228
229 228 230
230 228 224
230 224 231
224 232 231
223 233 224
224 233 232
223 234 233
233 234 232
235 236 237
235 237 238
239 235 238
239 240 235
239 241 240
239 242 241
243 244 245
243 246 244
247 246 243
247 243 248
248 249 247
248 250 249
251 252 253
252 251 254
252 254 255
256 255 254
251 257 254
251 258 257
258 259 257
258 260 259
261 259 260
256 254 262
262 254 257
256 262 263
256 263 264
262 257 265
265 263 262
265 257 259
265 266 263
267 266 265
265 259 267
267 268 266
267 269 268
267 270 269
270 267 259
271 269 270
261 272 259
270 259 272
261 273 272
270 272 273
261 274 273
273 274 275
271 270 276
270 273 276
273 275 277
276 273 277
278 271 276
276 277 278
278 279 271
280 279 278
280 278 277
280 281 279
275 282 277
280 277 282
275 283 282
284 281 280
284 280 282
284 285 281
284 286 285
283 287 282
284 282 287
283 288 287
287 288 289
284 290 286
287 290 284
291 286 290
287 289 292
289 291 292
287 292 290
291 290 292
293 294 295
293 296 294
297 294 296
297 298 294
297 299 298
297 300 299
301 299 300
301 300 302
302 303 301
302 304 303
304 305 303
304 306 305
307 305 306
307 308 305
309 308 307
309 310 308
311 310 309
311 309 312
313 311 312
314 315 316
314 317 315
314 318 317
314 319 318
320 315 317
318 320 317
320 321 315
322 321 320
322 323 321
324 323 322
324 325 323
326 324 322
327 322 320
318 327 320
326 322 328
327 328 322
329 326 328
329 328 330
330 328 327
331 329 330
332 318 319
332 319 333
334 332 333
334 333 335
336 334 335
337 327 318
337 318 332
330 327 337
334 337 332
330 337 338
334 338 337
331 330 339
330 338 339
331 339 340
338 340 339
331 340 341
336 342 334
343 342 336
334 344 338
338 344 340
334 342 344
345 341 340
344 345 340
345 346 341
347 346 345
343 348 342
349 348 343
342 350 344
344 350 345
342 348 350
347 345 351
351 345 350
352 347 351
349 353 348
354 353 349
355 350 348
351 350 355
355 348 353
352 351 356
356 351 355
357 355 353
356 355 357
354 358 353
357 353 358
359 352 356
359 360 352
361 360 359
362 356 357
362 359 356
362 357 358
361 359 362
354 363 358
362 358 363
361 362 363
354 364 363
361 363 364
365 366 367
368 367 366
368 366 369
369 370 368
369 371 370
372 370 371
372 371 373
374 372 373
374 373 375
376 374 375
376 375 377
378 376 377
378 379 376
378 380 379
378 381 380
382 380 381
382 383 380
382 384 383
382 385 384
386 387 388
386 388 389
386 389 390
386 390 391
392 389 388
390 389 392
392 388 393
394 392 393
394 393 395
396 394 395
396 395 397
398 394 396
399 392 394
390 392 399
398 400 394
399 394 400
401 400 398
401 402 400
402 399 400
403 402 401
404 391 390
404 405 391
406 405 404
406 407 405
408 407 406
409 390 399
409 404 390
402 409 399
406 404 409
402 410 409
406 409 410
403 411 402
402 411 410
403 412 411
410 411 412
403 413 412
408 406 414
415 408 414
406 410 416
410 412 416
406 416 414
417 412 413
416 412 417
417 413 418
419 417 418
415 414 420
421 415 420
414 416 422
416 417 422
414 422 420
419 423 417
423 422 417
424 423 419
421 420 425
426 421 425
427 420 422
423 427 422
427 425 420
424 428 423
428 427 423
429 425 427
428 429 427
426 425 430
429 430 425
431 428 424
431 424 432
433 431 432
434 429 428
434 428 431
434 430 429
433 434 431
426 430 435
434 435 430
433 435 434
426 435 436
433 436 435
437 438 439
440 439 438
440 441 439
441 440 442
441 442 443
444 443 442
444 445 443
446 445 444
446 447 445
448 447 446
448 449 447
450 449 448
450 448 451
450 451 452
450 452 453
454 453 452
454 452 455
454 455 456
454 456 457
458 459 460
459 461 460
459 462 461
463 461 462
460 461 464
460 464 465
464 466 465
463 467 461
467 464 461
463 468 467
463 469 468
470 467 468
467 470 464
470 468 471
464 472 466
470 472 464
473 470 471
470 473 472
473 471 474
473 474 475
473 475 476
476 472 473
477 476 475
478 466 472
476 478 472
478 479 466
478 480 479
476 481 478
478 481 480
477 482 476
476 482 481
480 481 483
482 483 481
480 483 484
485 482 477
482 485 483
485 477 486
487 485 486
487 483 485
487 486 488
484 483 489
487 489 483
484 489 490
489 491 490
492 487 488
492 489 487
492 488 493
492 493 494
489 495 491
492 495 489
492 494 496
495 492 496
497 496 494
491 495 498
495 496 498
497 498 496
491 498 499
498 497 499
500 501 502
502 501 503
502 503 504
503 505 504
503 506 505
506 507 505
506 508 507
509 507 508
509 510 507
511 510 509
511 512 510
512 511 513
512 513 514
515 514 513
515 516 514
515 517 516
515 518 517
519 517 518
519 520 517
521 522 523
521 523 524
524 523 525
524 525 526
524 526 527
526 525 528
527 526 529
526 528 529
527 529 530
529 528 531
530 529 532
529 531 532
530 532 533
532 531 534
534 531 535
534 535 536
536 535 537
536 537 538
538 537 539
534 540 532
541 534 536
534 541 540
542 536 538
541 536 542
543 542 538
541 542 543
543 538 544
544 538 539
544 539 545
545 539 546
546 539 547
546 547 548
541 543 549
550 541 549
550 549 551
552 550 551
552 551 553
554 552 553
554 553 555
554 555 556
554 556 557
556 558 557
556 559 558
560 558 559
560 561 558
562 561 560
562 560 563
564 562 563
564 565 562
566 565 564
566 567 565
568 567 566
568 566 569
570 568 569
570 571 568
571 570 572
571 572 573
574 573 572
575 576 577
575 577 578
578 577 579
580 578 579
575 578 580
580 579 581
581 579 582
581 582 583
583 582 584
585 575 580
586 575 585
586 587 575
587 586 588
580 589 585
589 586 585
590 580 581
580 590 589
590 581 591
591 581 583
592 589 590
592 590 591
592 593 589
592 591 594
593 595 589
589 595 586
593 596 595
597 595 596
594 591 598
591 583 598
594 598 599
600 586 595
597 600 595
600 588 586
601 600 597
602 588 600
601 602 600
602 603 588
604 602 601
605 603 602
604 605 602
605 606 603
607 605 604
608 606 605
607 609 605
608 605 609
610 609 607
608 609 611
610 611 609
612 611 610
612 613 611
612 614 613
615 614 612
615 612 616
616 617 615
616 618 617
618 619 617
618 620 619
619 620 621
622 619 621
623 624 625
626 625 624
626 627 625
628 627 629
628 630 627
631 630 628
631 632 630
633 632 631
633 634 632
635 634 633
635 636 634
637 636 635
637 638 636
638 637 639
638 639 640
640 639 532
641 638 640
640 532 540
540 641 640
540 642 641
541 642 540
643 644 645
643 646 644
646 643 647
646 647 648
649 648 647
649 650 648
651 650 649
651 652 650
653 652 651
653 654 652
655 654 653
655 656 654
656 657 654
658 656 655
656 659 657
658 660 656
660 659 656
661 660 658
660 662 659
661 663 660
663 662 660
664 663 661
663 665 662
664 666 663
666 665 663
667 666 664
666 668 665
667 669 666
669 668 666
669 670 668
669 667 671
672 670 669
669 671 673
672 669 673
674 673 671
674 672 673
675 676 677
675 677 678
679 675 678
679 680 675
681 680 679
681 679 682
683 681 682
683 684 681
685 684 683
685 683 686
687 685 686
687 686 688
689 687 688
690 691 692
690 692 693
694 690 693
694 695 690
692 696 693
696 694 693
692 697 696
696 698 694
699 695 694
698 699 694
698 700 699
699 701 695
699 700 702
701 699 703
699 702 703
701 703 704
703 702 705
704 703 706
703 705 706
704 706 707
705 708 706
708 707 706
705 709 708
708 710 707
709 711 708
711 710 708
709 712 711
711 713 710
714 711 712
714 713 711
715 716 717
718 717 716
718 719 717
720 719 718
720 721 719
720 722 721
720 723 722
724 722 723
724 725 722
726 725 724
726 727 725
728 727 726
728 729 727
730 729 728
730 731 729
732 731 730
732 733 731
734 735 736
734 736 737
737 736 738
737 738 739
740 734 737
739 741 737
740 737 741
739 742 741
740 741 743
742 743 741
742 744 743
740 743 745
743 744 746
745 743 747
743 746 747
745 747 748
747 746 749
748 747 750
747 749 750
748 750 751
752 751 750
753 750 749
752 750 753
753 749 754
753 754 755
752 753 756
753 755 756
752 756 757
756 758 757
759 756 755
756 759 758
759 755 760
759 760 761
758 759 762
759 761 762
758 762 763
764 763 762
765 762 761
764 762 765
765 761 766
767 764 765
767 765 766
768 769 770
768 770 771
772 768 771
773 771 770
772 771 774
773 775 771
775 774 771
775 776 774
777 775 773
778 776 775
777 778 775
778 779 776
780 778 777
780 779 778
780 777 781
780 782 779
783 780 781
783 782 780
783 781 784
783 785 782
786 783 784
787 785 783
786 787 783
787 788 785
789 787 786
790 788 787
789 790 787
790 791 788
792 790 789
792 791 790
792 789 793
792 794 791
792 793 795
796 794 792
792 795 796
796 797 794
798 797 796
799 796 795
798 796 799
799 795 800
801 798 799
801 799 800
802 803 804
802 805 803
806 803 805
806 807 803
803 807 808
807 809 808
810 803 808
808 809 811
810 808 812
810 812 813
814 813 812
815 814 812
816 812 808
815 812 816
808 811 817
816 808 817
817 811 818
816 817 818
816 818 819
811 820 818
818 820 819
815 816 821
816 819 821
815 821 822
823 822 821
819 823 821
823 824 822
825 824 823
823 819 825
825 826 824
825 827 826
820 828 819
820 829 828
828 829 830
819 831 825
825 831 827
819 828 831
828 830 832
831 828 832
827 831 833
831 832 833
827 833 834
830 835 832
833 832 835
830 836 835
834 833 837
833 835 837
834 837 838
839 838 837
840 835 836
840 836 841
840 841 842
843 837 835
839 837 843
843 835 840
840 842 844
843 840 844
839 843 845
843 844 845
839 845 846
847 846 845
847 845 848
848 845 844
849 847 848
850 844 842
848 844 850
850 842 851
849 848 852
852 848 850
853 850 851
852 850 853
853 851 854
853 854 855
849 852 856
849 856 857
852 853 858
853 855 858
852 858 856
855 859 858
856 858 859
855 860 859
859 860 861
857 856 862
856 859 862
857 862 863
863 862 864
859 864 862
863 864 865
866 865 864
859 861 867
859 867 864
866 864 868
868 864 867
866 868 869
870 867 861
868 867 870
868 870 869
870 861 871
870 871 869
872 873 874
874 875 872
876 872 875
874 877 875
877 874 878
878 874 879
878 879 880
880 879 881
882 877 878
882 883 877
883 884 877
884 875 877
885 882 878
885 878 886
885 886 887
885 887 888
875 884 889
890 875 889
890 891 875
891 892 875
892 893 875
892 894 893
876 875 893
894 895 893
895 876 893
894 896 895
895 897 876
898 899 900
899 901 900
900 901 902
903 900 902
904 903 902
904 902 905
902 906 905
906 902 907
901 907 902
901 908 907
901 909 908
910 909 901
910 901 911
899 911 901
912 911 899
899 913 912
899 914 913
915 916 917
916 915 918
916 918 919
920 919 918
920 921 919
922 921 920
922 923 921
924 923 922
924 925 923
924 926 925
924 927 926
927 928 926
927 929 928
930 928 929
930 931 928
930 932 931
930 933 932
934 932 933
934 933 935
936 937 938
936 939 937
940 939 936
940 941 939
942 941 940
942 943 941
937 939 944
937 944 945
945 944 946
945 946 947
945 947 948
937 945 949
945 948 949
937 949 950
949 948 951
950 949 952
949 951 952
950 952 953
952 951 954
953 952 955
952 954 955
953 955 956
955 954 957
956 955 958
955 957 958
956 958 959
959 958 960
957 960 958
959 960 961
961 960 962
961 962 963
957 964 960
964 962 960
965 964 957
965 966 964
967 964 966
967 968 964
964 968 962
969 968 967
962 968 969
969 967 970
971 969 970
971 970 972
971 972 973
963 962 974
963 974 975
975 974 976
962 969 977
962 977 974
977 969 971
974 977 978
974 978 976
977 971 978
976 978 979
971 979 978
976 979 980
971 973 981
971 981 979
973 982 981
979 981 982
973 983 982
984 982 983
984 985 982
980 979 986
979 982 986
980 986 987
986 988 987
986 989 988
982 989 986
982 985 989
985 990 991
991 992 985
991 993 992
994 995 996
994 997 995
997 998 995
997 999 998
1000 997 994
1000 994 1001
1000 1001 1002
1003 1000 1002
1003 1002 1004
1005 1003 1004
1005 1004 1006
1003 1005 1007
1008 1000 1003
1003 1007 1008
1009 997 1000
1008 1009 1000
1007 1010 1008
1010 1009 1008
1007 1011 1010
1012 1010 1011
1012 1011 1013
1012 1013 1014
1009 1015 997
997 1015 999
1010 1016 1009
1016 1015 1009
1016 1010 1012
999 1015 1017
1016 1017 1015
999 1017 1018
1018 1017 1019
1019 1017 1016
1018 1019 1020
1019 1016 1021
1016 1012 1021
1022 1020 1019
1022 1019 1021
1022 1023 1020
1024 1021 1012
1022 1021 1024
1012 1014 1025
1024 1012 1025
1023 1022 1026
1023 1026 1027
1028 1022 1024
1028 1024 1025
1028 1026 1022
1029 1025 1014
1030 1029 1014
1027 1026 1031
1027 1031 1032
1033 1026 1028
1033 1031 1026
1028 1025 1034
1029 1034 1025
1033 1028 1034
1035 1029 1030
1034 1029 1036
1035 1036 1029
1030 1037 1035
1030 1038 1037
1039 1035 1037
1039 1040 1035
1040 1036 1035
1041 1040 1039
1034 1036 1042
1033 1034 1042
1040 1043 1036
1043 1042 1036
1041 1044 1040
1044 1043 1040
1045 1033 1042
1043 1045 1042
1046 1044 1041
1046 1041 1047
1048 1046 1047
1044 1049 1043
1049 1045 1043
1049 1044 1046
1045 1050 1033
1050 1031 1033
1050 1051 1031
1051 1032 1031
1045 1052 1050
1051 1050 1052
1051 1053 1032
1054 1032 1053
1053 1051 1055
1051 1052 1055
1053 1055 1056
1045 1057 1052
1049 1057 1045
1056 1055 1058
1056 1058 1059
1060 1055 1052
1060 1052 1057
1060 1058 1055
1059 1058 1061
1059 1061 1062
1062 1061 1063
1062 1063 1064
1064 1063 1065
1064 1065 1066
1066 1065 1067
1066 1067 1068
1068 1067 1069
1068 1069 1070
1071 1070 1069
1071 1072 1070
1073 1072 1071
1073 1074 1072
1075 1074 1073
1076 1077 1078
1076 1079 1077
1076 1080 1079
1076 1081 1080
1080 1081 1082
1080 1082 1083
1083 1082 1084
1083 1084 1085
1085 1084 1086
1085 1086 1087
1087 1086 1088
1087 1088 1089
1090 1089 1088
1090 1088 1091
1092 1090 1091
1093 1094 1095
1093 1096 1094
1096 1097 1094
1096 1098 1097
1099 1096 1093
1100 1098 1096
1099 1100 1096
1100 1101 1098
1099 1102 1100
1101 1100 1102
1099 1103 1102
1101 1102 1104
1102 1103 1105
1104 1102 1106
1102 1105 1106
1104 1106 1107
1108 1107 1106
1109 1106 1105
1108 1106 1109
1109 1105 1110
1111 1109 1110
1108 1109 1112
1111 1112 1109
1108 1112 1113
1114 1112 1111
1115 1113 1112
1114 1116 1112
1115 1112 1116
1117 1116 1114
1117 1115 1116
1118 1119 1120
1118 1121 1119
1122 1121 1118
1122 1118 1123
1124 1122 1123
1119 1121 1125
1125 1121 1122
1119 1125 1126
1125 1127 1126
1124 1128 1122
1129 1128 1124
1125 1130 1127
1131 1127 1130
1131 1130 1132
1133 1132 1130
1125 1122 1134
1130 1125 1134
1134 1122 1128
1129 1135 1128
1136 1135 1129
1133 1130 1137
1130 1134 1137
1134 1128 1138
1137 1134 1138
1138 1128 1135
1139 1133 1137
1137 1138 1139
1139 1140 1133
1141 1140 1139
1136 1142 1135
1143 1142 1136
1138 1135 1144
1139 1138 1144
1144 1135 1142
1141 1139 1145
1139 1144 1145
1143 1146 1142
1147 1146 1143
1144 1142 1148
1145 1144 1148
1148 1142 1146
1141 1145 1149
1145 1148 1149
1141 1149 1150
1147 1151 1146
1152 1151 1147
1148 1146 1153
1149 1148 1153
1153 1146 1151
1154 1150 1149
1149 1153 1154
1154 1155 1150
1152 1156 1151
1157 1156 1152
1153 1151 1158
1154 1153 1158
1158 1151 1156
1159 1155 1154
1154 1158 1159
1159 1160 1155
1157 1161 1156
1162 1161 1157
1158 1156 1163
1159 1158 1163
1163 1156 1161
1164 1160 1159
1159 1163 1164
1164 1165 1160
1166 1165 1164
1163 1161 1167
1162 1167 1161
1164 1163 1167
1162 1166 1168
1166 1164 1168
1164 1167 1168
1162 1168 1167
1169 1170 1171
1169 1172 1170
1173 1172 1169
1173 1169 1174
1173 1174 1175
1170 1172 1176
1170 1176 1177
1173 1175 1178
1179 1178 1175
1180 1172 1173
1180 1176 1172
1178 1180 1173
1181 1177 1176
1181 1182 1177
1181 1183 1182
1184 1176 1180
1184 1181 1176
1181 1185 1183
1184 1185 1181
1186 1183 1185
1179 1187 1178
1188 1187 1179
1188 1189 1187
1189 1190 1187
1190 1178 1187
1189 1191 1190
1192 1190 1191
1178 1193 1180
1190 1193 1178
1193 1184 1180
1192 1194 1190
1194 1193 1190
1193 1195 1184
1194 1195 1193
1184 1196 1185
1195 1196 1184
1192 1197 1194
1192 1198 1197
1197 1198 1199
1194 1200 1195
1194 1197 1200
1195 1200 1196
1197 1199 1201
1200 1197 1201
1202 1201 1199
1203 1185 1196
1186 1185 1203
1200 1204 1196
1203 1196 1204
1200 1201 1205
1200 1205 1204
1202 1206 1201
1206 1205 1201
1207 1186 1203
1207 1208 1186
1207 1209 1208
1204 1205 1210
1206 1210 1205
1211 1203 1204
1211 1207 1203
1204 1210 1211
1202 1212 1206
1202 1213 1212
1214 1212 1213
1215 1207 1211
1210 1215 1211
1206 1216 1210
1206 1212 1216
1210 1216 1215
1214 1217 1212
1217 1216 1212
1218 1217 1214
1217 1219 1216
1219 1215 1216
1218 1219 1217
1215 1220 1207
1207 1220 1209
1219 1221 1215
1218 1221 1219
1221 1220 1215
1222 1209 1220
1221 1222 1220
1218 1222 1221
1222 1223 1209
1218 1223 1222
1224 1225 1226
1224 1226 1227
1228 1224 1227
1227 1226 1229
1227 1229 1230
1229 1231 1230
1229 1232 1231
1231 1232 1233
1231 1233 1234
1235 1234 1233
1235 1236 1234
1237 1236 1235
1237 1238 1236
1239 1238 1237
1239 1240 1238
1241 1242 1243
1241 1243 1244
1245 1244 1243
1245 1246 1244
1247 1246 1245
1241 1244 1248
1246 1248 1244
1247 1249 1246
1250 1249 1247
1241 1248 1251
1252 1241 1251
1252 1251 1253
1254 1246 1249
1246 1254 1248
1250 1255 1249
1255 1250 1256
1255 1256 1257
1258 1257 1256
1259 1249 1255
1259 1255 1257
1260 1257 1258
1259 1257 1260
1258 1261 1260
1262 1260 1261
1262 1259 1260
1263 1259 1262
1259 1264 1249
1263 1264 1259
1254 1249 1264
1265 1264 1263
1265 1254 1264
1266 1254 1265
1266 1248 1254
1267 1248 1266
1267 1251 1248
1268 1251 1267
1268 1253 1251
1269 1253 1268
1269 1270 1253
1271 1272 1273
1271 1274 1272
1275 1272 1274
1275 1276 1272
1277 1276 1275
1277 1275 1278
1279 1277 1278
1279 1278 1280
1280 1281 1279
1280 1282 1281
1283 1282 1280
1284 1282 1283
1285 1283 1280
1285 1280 1278
1285 1284 1283
1286 1285 1278
1286 1284 1285
1286 1278 1275
1286 1287 1284
1288 1286 1275
1288 1287 1286
1288 1275 1274
1288 1289 1287
1290 1288 1274
1290 1289 1288
1290 1291 1289
1292 1291 1290
1290 1274 1271
1292 1290 1271
1292 1293 1291
1294 1293 1292
1292 1271 1295
1292 1295 1296
1297 1295 1271
1297 1296 1295
1297 1271 1298
1297 1299 1296
1296 1299 1300
1294 1292 1301
1292 1296 1301
1302 1294 1301
1302 1301 1296
1302 1303 1294
1296 1300 1304
1302 1296 1304
1305 1304 1300
1306 1303 1302
1306 1307 1303
1302 1304 1308
1305 1308 1304
1302 1308 1306
1309 1307 1306
1309 1306 1308
1309 1310 1307
1311 1310 1309
1312 1308 1305
1309 1308 1312
1312 1305 1313
1312 1313 1314
1309 1312 1315
1312 1314 1315
1309 1315 1311
1315 1314 1316
1311 1315 1317
1315 1316 1317
1311 1317 1318
1317 1316 1319
1318 1317 1320
1317 1319 1320
1318 1320 1321
1322 1321 1320
1323 1320 1319
1322 1320 1323
1323 1319 1324
1323 1324 1325
1323 1325 1326
1326 1322 1323
1326 1327 1322
1328 1327 1326
1328 1326 1329
1330 1331 1332
1330 1333 1331
1333 1334 1331
1330 1335 1333
1330 1336 1335
1335 1336 1337
1333 1338 1334
1335 1338 1333
1335 1337 1339
1339 1337 1340
1334 1338 1341
1334 1341 1342
1335 1343 1338
1343 1335 1339
1339 1340 1344
1344 1340 1345
1338 1346 1341
1338 1343 1346
1343 1339 1347
1347 1339 1344
1341 1348 1342
1342 1348 1349
1348 1350 1349
1351 1350 1348
1341 1351 1348
1351 1352 1350
1341 1353 1351
1353 1341 1346
1353 1346 1354
1355 1354 1346
1343 1356 1346
1355 1346 1356
1343 1347 1356
1357 1355 1356
1358 1356 1347
1357 1356 1358
1358 1347 1359
1347 1344 1359
1360 1357 1358
1360 1358 1359
1360 1361 1357
1359 1344 1362
1344 1345 1362
1345 1363 1362
1345 1364 1363
1363 1364 1365
1363 1365 1366
1363 1366 1367
1359 1362 1368
1363 1368 1362
1360 1359 1368
1363 1367 1369
1363 1369 1368
1360 1368 1369
1370 1369 1367
1371 1361 1360
1360 1369 1371
1370 1371 1369
1371 1372 1361
1372 1371 1370
1372 1370 1373
1372 1373 1374
1373 1375 1374
1370 1376 1373
1373 1376 1375
1370 1377 1376
1378 1377 1370
1378 1370 1379
1380 1378 1379
1380 1379 1381
1378 1380 1382
1380 1383 1382
1384 1378 1382
1384 1377 1378
1376 1377 1385
1384 1385 1377
1375 1376 1386
1376 1385 1386
1385 1384 1387
1388 1387 1384
1375 1386 1389
1389 1390 1375
1389 1391 1390
1386 1385 1392
1385 1387 1392
1388 1393 1387
1394 1393 1388
1394 1395 1393
1389 1386 1396
1386 1392 1396
1397 1391 1389
1389 1396 1397
1397 1398 1391
1393 1399 1387
1399 1392 1387
1395 1400 1393
1393 1400 1399
1395 1401 1400
1400 1401 1402
1400 1402 1403
1399 1400 1403
1403 1402 1404
1405 1396 1392
1399 1405 1392
1399 1403 1406
1407 1405 1399
1406 1403 1408
1403 1404 1408
1406 1408 1409
1410 1409 1408
1411 1408 1404
1410 1408 1411
1411 1404 1412
1411 1412 1413
1414 1410 1411
1411 1413 1414
1414 1415 1410
1414 1413 1416
1415 1414 1417
1414 1416 1417
1415 1417 1418
1419 1418 1417
1420 1417 1416
1419 1417 1420
1420 1416 1421
1422 1419 1420
1422 1420 1421
1423 1424 1425
1423 1426 1424
1424 1426 1427
1424 1427 1428
1428 1427 1429
1428 1429 1430
1430 1429 1431
1430 1431 1432
1432 1431 1433
1432 1433 1434
1434 1433 1435
1434 1435 1436
1436 1435 1437
1436 1437 1438
1438 1437 1439
1438 1439 1440
1440 1439 1441
1440 1441 1442
1442 1441 1443
1442 1443 1444
1445 1446 1447
1445 1448 1446
1448 1445 1449
1445 1450 1449
1449 1450 1451
1450 1452 1451
1451 1452 1453
1451 1453 1454
1453 1455 1454
1453 1456 1455
1456 1457 1455
1456 1458 1457
1458 1459 1457
1460 1461 1462
1460 1463 1461
1464 1463 1460
1464 1465 1463
1465 1464 1466
1465 1466 1467
1467 1466 1468
1467 1468 1469
1469 1468 1470
1469 1470 1471
1470 1472 1471
1470 1473 1472
1472 1473 1474
1472 1474 1475
1474 1476 1475
1477 1478 1479
1477 1480 1478
1480 1481 1478
1480 1477 1482
1480 1483 1481
1480 1482 1484
1483 1480 1484
1483 1484 1485
1484 1482 1486
1485 1484 1487
1484 1486 1487
1485 1487 1488
1489 1487 1486
1490 1488 1487
1489 1490 1487
1486 1491 1489
1486 1492 1491
1493 1489 1491
1493 1494 1489
1494 1490 1489
1493 1495 1494
1493 1496 1495
1495 1496 1497
1490 1498 1488
1498 1499 1488
1498 1500 1499
1501 1500 1498
1490 1501 1498
1501 1502 1500
1494 1503 1490
1495 1503 1494
1490 1503 1501
1495 1497 1504
1504 1497 1505
1495 1506 1503
1501 1503 1506
1504 1506 1495
1502 1501 1507
1501 1506 1507
1502 1507 1508
1504 1505 1509
1509 1505 1510
1504 1511 1506
1507 1506 1511
1509 1511 1504
1512 1508 1507
1507 1511 1512
1512 1513 1508
1509 1510 1514
1514 1510 1515
1509 1516 1511
1512 1511 1516
1514 1516 1509
1517 1513 1512
1512 1516 1517
1517 1518 1513
1519 1518 1517
1519 1517 1516
1519 1520 1518
1514 1521 1516
1519 1516 1521
1514 1515 1522
1522 1521 1514
1523 1520 1519
1523 1524 1520
1519 1521 1525
1519 1525 1523
1522 1525 1521
1526 1524 1523
1526 1523 1525
1526 1527 1524
1528 1527 1526
1526 1525 1529
1522 1529 1525
1528 1526 1529
1530 1522 1515
1522 1530 1529
1528 1529 1530
1530 1515 1531
1528 1530 1531
1532 1533 1534
1532 1535 1533
1536 1535 1532
1536 1537 1535
1537 1536 1538
1537 1538 1539
1540 1541 1542
1540 1543 1541
1540 1544 1543
1540 1545 1544
1544 1545 1546
1544 1546 1547
1548 1546 1545
1547 1546 1549
1547 1549 1550
1550 1549 1551
1550 1551 1552
1552 1551 1553
1552 1553 1554
1554 1553 1555
1554 1555 1556
1556 1555 1557
1556 1557 1558
1559 1558 1557
1559 1560 1558
1561 1560 1559
1559 1562 1561
1557 1562 1559
1562 1563 1561
1557 1564 1562
1564 1563 1562
1555 1564 1557
1564 1565 1563
1555 1566 1564
1566 1565 1564
1553 1566 1555
1566 1567 1565
1553 1568 1566
1568 1567 1566
1551 1568 1553
1568 1569 1567
1551 1570 1568
1570 1569 1568
1570 1571 1569
1551 1549 1572
1549 1573 1572
1546 1573 1549
1546 1574 1573
1548 1574 1546
1575 1574 1548
1575 1548 1576
1577 1574 1575
1577 1573 1574
1573 1577 1578
1573 1578 1579
1573 1579 1572
1579 1578 1580
1581 1572 1579
1579 1580 1581
1581 1582 1572
1581 1580 1583
1584 1582 1581
1581 1583 1584
1584 1585 1582
1584 1583 1586
1587 1585 1584
1584 1586 1587
1587 1588 1585
1587 1586 1589
1587 1589 1588
1590 1591 1592
1590 1592 1593
1590 1593 1594
1590 1594 1595
1595 1594 1596
1595 1596 1597
1597 1598 1595
1597 1599 1598
1597 1596 1600
1601 1600 1596
1601 1602 1600
1600 1602 1603
1604 1599 1597
1597 1600 1604
1604 1605 1599
1606 1605 1604
1600 1603 1607
1604 1600 1607
1607 1603 1608
1606 1604 1609
1604 1607 1609
1607 1608 1610
1609 1607 1610
1611 1606 1609
1609 1610 1611
1611 1612 1606
1611 1613 1612
1608 1614 1610
1611 1610 1614
1608 1615 1614
1614 1615 1616
1611 1617 1613
1611 1614 1617
1614 1616 1618
1617 1614 1618
1618 1616 1619
1620 1613 1617
1617 1618 1620
1620 1621 1613
1618 1619 1622
1620 1618 1622
1623 1622 1619
1624 1621 1620
1620 1622 1624
1623 1624 1622
1624 1625 1621
1623 1625 1624
1626 1627 1628
1626 1629 1627
1630 1629 1626
1630 1631 1629
1632 1631 1630
1632 1633 1631
1634 1633 1632
1634 1635 1633
1634 1636 1635
1634 1637 1636
1638 1636 1637
1638 1639 1636
1639 1638 1640
1639 1640 1641
1642 1641 1640
1643 1644 1645
1643 1645 1646
1646 1645 1647
1646 1647 1648
1648 1647 1649
1648 1649 1650
1650 1649 1651
1650 1651 1652
1652 1651 1653
1652 1653 1654
1654 1653 1655
1654 1655 1656
1656 1655 1657
1656 1657 1658
1658 1657 1659
1658 1659 1660
1660 1659 1661
1660 1661 1662
1663 1664 1665
1663 1665 1666
1666 1667 1663
1666 1665 1668
1666 1669 1667
1669 1670 1667
1666 1668 1671
1671 1668 1672
1666 1673 1669
1666 1671 1673
1669 1674 1670
1673 1674 1669
1671 1672 1675
1671 1676 1673
1671 1675 1676
1675 1677 1676
1678 1675 1672
1675 1678 1677
1678 1672 1679
1680 1678 1679
1680 1681 1678
1677 1678 1681
1682 1681 1680
1683 1673 1676
1673 1683 1674
1682 1684 1681
1684 1682 1685
1683 1676 1686
1686 1676 1677
1683 1687 1674
1687 1683 1686
1688 1681 1684
1677 1681 1688
1684 1685 1689
1689 1685 1690
1688 1684 1691
1691 1684 1689
1689 1690 1692
1692 1690 1693
1691 1689 1694
1694 1689 1692
1692 1693 1695
1695 1693 1696
1694 1692 1697
1697 1692 1695
1695 1696 1698
1698 1696 1699
1697 1695 1700
1700 1695 1698
1698 1699 1701
1701 1699 1702
1700 1698 1703
1703 1698 1701
1704 1697 1700
1703 1704 1700
1705 1694 1697
1704 1705 1697
1706 1691 1694
1705 1706 1694
1701 1702 1707
1707 1702 1708
1703 1701 1709
1709 1701 1707
1703 1710 1704
1711 1710 1703
1711 1703 1709
1712 1711 1709
1709 1707 1712
1712 1713 1711
1707 1708 1714
1712 1707 1714
1715 1714 1708
1716 1713 1712
1712 1714 1716
1716 1714 1715
1716 1717 1713
1716 1715 1717
1704 1718 1719
1704 1719 1705
1720 1718 1704
1705 1719 1721
1720 1722 1718
1723 1722 1720
1723 1724 1722
1725 1724 1723
1725 1726 1724
1727 1726 1725
1705 1721 1706
1728 1706 1721
1728 1729 1706
1706 1729 1691
1730 1729 1728
1729 1688 1691
1730 1731 1729
1729 1731 1688
1732 1731 1730
1731 1677 1688
1732 1733 1731
1731 1733 1677
1686 1677 1733
1733 1732 1734
1733 1734 1686
1687 1686 1734
1735 1687 1734
1735 1734 1736
1737 1735 1736
1737 1736 1738
1739 1735 1737
1740 1687 1735
1739 1740 1735
1740 1674 1687
1741 1740 1739
1674 1740 1742
1741 1742 1740
1743 1742 1741
1674 1742 1670
1743 1744 1742
1670 1742 1744
1745 1744 1743
1745 1746 1744
1747 1746 1745
1670 1744 1748
1748 1744 1746
1747 1749 1746
1750 1749 1747
1750 1751 1749
1752 1670 1748
1752 1753 1670
1748 1746 1754
1754 1746 1749
1752 1748 1754
1755 1749 1751
1754 1749 1755
1756 1753 1752
1756 1757 1753
1756 1758 1757
1756 1759 1758
1760 1759 1756
1760 1756 1752
1760 1761 1759
1752 1754 1762
1760 1752 1762
1762 1754 1755
1763 1761 1760
1763 1760 1762
1763 1764 1761
1755 1751 1765
1765 1751 1766
1762 1755 1767
1763 1762 1767
1767 1755 1765
1768 1764 1763
1768 1763 1767
1768 1769 1764
1767 1765 1770
1768 1767 1770
1765 1766 1771
1771 1770 1765
1772 1769 1768
1772 1773 1769
1774 1768 1770
1771 1774 1770
1774 1772 1768
1766 1775 1771
1774 1771 1775
1766 1776 1775
1775 1776 1777
1775 1777 1778
1779 1773 1772
1779 1772 1774
1779 1780 1773
1774 1775 1781
1781 1775 1778
1779 1774 1781
1781 1778 1782
1783 1781 1782
1783 1779 1781
1780 1779 1783
1780 1783 1784
1783 1785 1784
1786 1787 1788
1786 1789 1787
1790 1789 1786
1790 1791 1789
1792 1791 1790
1792 1793 1791
1794 1793 1792
1795 1796 1797
1795 1797 1798
1799 1795 1798
1800 1798 1797
1800 1797 1801
1799 1798 1802
1800 1802 1798
1803 1800 1801
1803 1801 1804
1803 1805 1800
1800 1805 1802
1803 1806 1805
1806 1807 1805
1802 1805 1807
1806 1808 1807
1799 1802 1809
1802 1807 1809
1799 1809 1810
1810 1809 1811
1807 1811 1809
1810 1811 1812
1808 1813 1807
1807 1813 1811
1808 1814 1813
1815 1813 1814
1816 1812 1811
1816 1817 1812
1816 1818 1817
1819 1811 1813
1815 1819 1813
1819 1816 1811
1816 1820 1818
1819 1820 1816
1815 1821 1819
1819 1821 1820
1815 1822 1821
1818 1820 1823
1821 1823 1820
1818 1823 1824
1823 1825 1824
1826 1821 1822
1821 1826 1823
1826 1825 1823
1826 1822 1827
1825 1826 1827
1828 1829 1830
1828 1831 1829
1828 1832 1831
1828 1833 1832
1834 1831 1832
1829 1831 1835
1834 1835 1831
1829 1835 1836
1837 1835 1834
1836 1835 1838
1837 1838 1835
1836 1838 1839
1840 1838 1837
1839 1838 1841
1840 1841 1838
1839 1841 1842
1843 1841 1840
1842 1841 1844
1843 1844 1841
1842 1844 1845
1846 1844 1843
1845 1844 1847
1846 1847 1844
1845 1847 1848
1849 1847 1846
1848 1847 1849
1848 1849 1850
1849 1846 1851
1849 1852 1850
1851 1853 1849
1849 1853 1852
1851 1854 1853
1853 1855 1852
1854 1855 1853
1856 1857 1858
1858 1857 1859
1858 1859 1860
1859 1861 1860
1859 1862 1861
1863 1861 1862
1858 1860 1864
1865 1860 1861
1865 1864 1860
1863 1866 1861
1866 1865 1861
1863 1867 1866
1863 1868 1867
1866 1869 1865
1867 1869 1866
1868 1870 1867
1868 1871 1870
1858 1864 1872
1872 1873 1858
1873 1872 1874
1874 1872 1864
1874 1864 1875
1876 1875 1864
1876 1864 1865
1869 1876 1865
1869 1877 1876
1867 1878 1869
1878 1877 1869
1870 1878 1867
1878 1879 1877
1880 1879 1878
1870 1880 1878
1880 1881 1879
1882 1881 1880
1883 1880 1870
1882 1880 1883
1883 1870 1884
1871 1884 1870
1871 1885 1884
1882 1883 1886
1884 1886 1883
1882 1886 1887
1888 1887 1886
1885 1889 1884
1884 1889 1886
1885 1890 1889
1891 1889 1890
1888 1886 1892
1889 1892 1886
1891 1893 1889
1889 1893 1892
1893 1891 1894
1893 1894 1895
1896 1888 1892
1893 1896 1892
1893 1895 1896
1896 1897 1888
1898 1896 1895
1898 1895 1899
1900 1897 1896
1898 1900 1896
1900 1901 1897
1898 1899 1902
1900 1898 1903
1902 1903 1898
1901 1900 1904
1900 1903 1904
1905 1902 1899
1905 1899 1906
1905 1907 1902
1902 1907 1903
1905 1908 1907
1909 1903 1907
1904 1903 1909
1908 1910 1907
1909 1907 1910
1908 1911 1910
1911 1912 1910
1912 1909 1910
1911 1913 1912
1914 1912 1913
1901 1904 1915
1916 1901 1915
1917 1916 1915
1904 1909 1918
1915 1904 1918
1914 1919 1912
1914 1920 1919
1912 1921 1909
1921 1918 1909
1919 1921 1912
1917 1915 1922
1915 1918 1922
1921 1923 1918
1923 1922 1918
1919 1923 1921
1924 1917 1922
1923 1924 1922
1924 1925 1917
1926 1919 1920
1927 1926 1920
1919 1928 1923
1928 1924 1923
1926 1928 1919
1929 1925 1924
1928 1929 1924
1929 1928 1926
1929 1930 1925
1931 1930 1929
1932 1927 1931
1926 1927 1932
1929 1926 1932
1931 1929 1932
1933 1934 1935
1935 1934 1936
1935 1936 1937
1938 1937 1936
1938 1939 1937
1940 1939 1938
1940 1941 1939
1942 1941 1940
1942 1943 1941
1944 1943 1942
1944 1945 1943
1946 1945 1944
1946 1947 1945
1948 1947 1946
1948 1949 1947
1950 1949 1948
1950 1951 1949
1952 1951 1950
1952 1953 1951
1954 1953 1952
1954 1955 1953
1954 1956 1955
1954 1957 1956
1958 1959 1960
1958 1960 1961
1962 1958 1961
1962 1963 1958
1964 1963 1962
1964 1962 1965
1966 1964 1965
1966 1965 1967
1968 1966 1967
1961 1960 1969
1962 1961 1970
1961 1969 1970
1965 1962 1971
1962 1970 1971
1967 1965 1972
1965 1971 1972
1973 1969 1960
1974 1973 1960
1975 1971 1970
1969 1975 1970
1975 1976 1971
1971 1976 1977
1971 1977 1972
1969 1978 1975
1977 1979 1972
1967 1972 1979
1977 1980 1979
1979 1981 1967
1968 1967 1981
1980 1982 1979
1979 1982 1981
1980 1983 1982
1982 1983 1984
1968 1981 1985
1968 1985 1986
1987 1986 1985
1981 1982 1988
1982 1984 1988
1981 1988 1985
1987 1985 1989
1989 1985 1988
1990 1987 1989
1991 1988 1984
1989 1988 1991
1991 1984 1992
1990 1989 1993
1993 1989 1991
1994 1990 1993
1995 1991 1992
1993 1991 1995
1995 1992 1996
1994 1993 1997
1997 1993 1995
1998 1995 1996
1997 1995 1998
1998 1996 1999
1998 1999 2000
1994 1997 2001
1994 2001 2002
2003 2002 2001
1997 1998 2004
1998 2000 2004
1997 2004 2001
2003 2001 2005
2005 2001 2004
2006 2003 2005
2007 2004 2000
2005 2004 2007
2006 2005 2007
2007 2000 2008
2006 2007 2008
2009 2010 2011
2009 2012 2010
2013 2012 2009
2013 2009 2014
2013 2014 2015
2013 2015 2016
2016 2015 2017
2012 2018 2010
2018 2019 2010
2019 2020 2010
2019 2021 2020
2019 2022 2021
2022 2023 2021
2024 2012 2013
2012 2025 2018
2024 2025 2012
1978 2019 2018
2025 1978 2018
2025 2026 1978
2027 2026 2025
2027 2025 2024
2024 2028 2027
2013 2029 2024
2024 2029 2028
2030 2028 2029
2013 2016 2029
1978 2031 2019
1969 2031 1978
2031 2022 2019
1969 1973 2031
2030 2029 2032
2032 2029 2016
2033 2030 2032
2031 2034 2022
1973 2034 2031
2032 2016 2035
2035 2016 2017
2033 2032 2036
2036 2032 2035
2037 2035 2017
2036 2035 2037
2037 2017 2038
2037 2038 2039
2033 2036 2040
2033 2040 2041
2042 2041 2040
2036 2037 2043
2037 2039 2043
2036 2043 2040
2042 2040 2044
2044 2040 2043
2045 2042 2044
2046 2043 2039
2044 2043 2046
2046 2039 2047
2045 2044 2048
2048 2044 2046
2049 2045 2048
2050 2046 2047
2048 2046 2050
2049 2048 2050
2050 2047 2051
2049 2050 2051
2052 2053 2054
2052 2055 2053
2055 2056 2053
2055 2057 2056
2058 2057 2055
2059 2055 2052
2058 2055 2059
2059 2052 2060
2059 2061 2058
2060 2062 2059
2059 2062 2061
2060 2063 2062
2064 2062 2063
2065 2061 2062
2064 2065 2062
2065 2066 2061
2067 2065 2064
2068 2066 2065
2067 2068 2065
2068 2069 2066
2068 2070 2069
2067 2071 2068
2068 2071 2070
2067 2072 2071
2073 2070 2071
2074 2071 2072
2073 2071 2075
2074 2075 2071
2076 2073 2075
2077 2075 2074
2076 2075 2077
2077 2074 2078
2079 2076 2077
2079 2077 2078
2080 2081 2082
2080 2083 2081
2084 2083 2080
2083 2085 2081
2084 2086 2083
2083 2087 2085
2086 2087 2083
2087 2088 2085
2086 2089 2087
2087 2090 2088
2089 2090 2087
2089 2091 2090
2092 2088 2090
2093 2090 2091
2092 2090 2093
2093 2091 2094
2095 2093 2094
2096 2092 2093
2095 2097 2093
2097 2096 2093
2098 2096 2097
2096 2099 2092
2099 2096 2098
2099 2100 2092
2101 2100 2099
2099 2098 2101
2101 2102 2100
2103 2102 2101
2103 2101 2098
2103 2104 2102
2105 2104 2103
2106 2097 2095
2095 2107 2106
2095 2108 2107
2106 2107 2109
2098 2097 2110
2106 2110 2097
2111 2098 2110
2111 2110 2106
2106 2109 2112
2111 2106 2112
2112 2109 2113
2111 2114 2098
2103 2098 2115
2116 2114 2111
2112 2113 2117
2117 2111 2112
2117 2113 2118
2119 2103 2115
2119 2115 2120
2105 2103 2119
2121 2119 2120
2122 2105 2119
2121 2122 2119
2122 2123 2105
2124 2123 2122
2125 2122 2121
2124 2122 2125
2125 2121 2126
2127 2125 2126
2124 2125 2128
2127 2128 2125
2124 2128 2129
2127 2130 2128
2129 2128 2130
2127 2131 2130
2129 2130 2132
2133 2130 2131
2133 2132 2130
2134 2135 2136
2134 2136 2137
2138 2134 2137
2137 2136 2139
2140 2139 2136
2138 2137 2141
2137 2139 2142
2141 2137 2142
2143 2138 2141
2138 2143 2144
2143 2145 2144
2145 2146 2144
2140 2147 2139
2142 2139 2148
2147 2148 2139
2140 2149 2147
2140 2150 2149
2151 2149 2150
2143 2152 2145
2143 2141 2153
2153 2152 2143
2152 2154 2145
2154 2155 2145
2154 2156 2155
2141 2142 2157
2153 2141 2158
2141 2157 2158
2157 2142 2159
2142 2148 2159
2151 2160 2149
2151 2161 2160
2151 2162 2161
2161 2162 2163
2161 2163 2164
2165 2164 2163
2160 2166 2149
2147 2149 2166
2147 2167 2148
2147 2166 2167
2168 2160 2161
2164 2168 2161
2160 2169 2166
2168 2169 2160
2169 2170 2166
2170 2167 2166
2169 2171 2170
2168 2171 2169
2170 2172 2167
2167 2172 2173
2167 2173 2148
2173 2159 2148
2168 2174 2171
2173 2175 2159
2176 2174 2168
2164 2176 2168
2176 2177 2174
2178 2177 2176
2159 2175 2179
2175 2180 2179
2181 2159 2179
2182 2181 2179
2157 2159 2181
2183 2181 2182
2183 2157 2181
2157 2183 2158
2183 2184 2158
2184 2153 2158
2184 2185 2153
2186 2185 2184
2153 2185 2152
2186 2187 2185
2188 2187 2186
2185 2189 2152
2185 2187 2189
2152 2189 2154
2188 2190 2187
2190 2188 2191
2187 2192 2189
2187 2190 2192
2189 2193 2154
2189 2192 2193
2154 2193 2156
2190 2191 2194
2194 2191 2195
2190 2196 2192
2193 2192 2196
2190 2194 2196
2156 2193 2197
2193 2196 2197
2156 2197 2198
2199 2196 2194
2197 2196 2199
2198 2197 2200
2197 2199 2200
2198 2200 2201
2202 2201 2200
2202 2200 2203
2203 2200 2199
2204 2202 2203
2194 2195 2205
2199 2194 2205
2203 2199 2206
2205 2206 2199
2195 2207 2205
2205 2207 2206
2195 2208 2207
2208 2209 2207
2206 2207 2209
2208 2210 2209
2204 2203 2211
2211 2203 2206
2206 2209 2212
2211 2206 2213
2209 2214 2212
2211 2213 2215
2210 2216 2209
2209 2216 2214
2210 2217 2216
2216 2218 2214
2204 2211 2219
2211 2215 2219
2204 2219 2220
2219 2215 2221
2217 2222 2216
2216 2222 2218
2217 2223 2222
2224 2218 2222
2220 2219 2225
2219 2221 2225
2220 2225 2226
2227 2226 2225
2228 2222 2223
2224 2222 2228
2228 2223 2229
2230 2228 2229
2231 2225 2221
2227 2225 2231
2231 2221 2232
2233 2231 2232
2234 2224 2228
2230 2234 2228
2234 2235 2224
2236 2234 2230
2236 2235 2234
2227 2231 2237
2233 2237 2231
2227 2237 2238
2233 2239 2237
2238 2237 2239
2233 2240 2239
2238 2239 2241
2240 2242 2239
2241 2239 2242
2240 2243 2242
2241 2242 2244
2245 2242 2243
2245 2244 2242
2246 2247 2248
2246 2248 2249
2246 2249 2250
2246 2250 2251
2251 2250 2252
2253 2251 2252
2250 2254 2252
1974 2252 2254
1974 2255 2252
1974 2254 1973
1973 2254 2034
2254 2250 2256
2254 2256 2034
2249 2256 2250
2034 2256 2257
2034 2257 2022
2022 2257 2023
2249 2258 2256
2258 2257 2256
2023 2257 2259
2258 2259 2257
2023 2259 2260
2261 2259 2258
2262 2258 2249
2261 2258 2262
2262 2249 2263
2264 2261 2262
2265 2262 2263
2264 2262 2265
2265 2263 2266
2267 2265 2266
2268 2264 2265
2267 2268 2265
2268 2269 2264
2270 2268 2267
2268 2271 2269
2270 2272 2268
2268 2272 2271
2270 2273 2272
2272 2273 2271
2274 2275 2276
2274 2277 2275
2274 2278 2277
2274 2279 2278
2278 2279 2280
2277 2281 2275
2275 2281 2282
2282 2281 2283
2277 2284 2281
2277 2278 2284
2285 2281 2284
2285 2284 2286
2287 2286 2284
2278 2288 2284
2287 2284 2288
2278 2280 2289
2288 2278 2289
2287 2288 2290
2288 2289 2290
2287 2290 2291
2292 2291 2290
2293 2289 2280
2290 2289 2293
2293 2280 2294
2295 2293 2294
2292 2290 2296
2290 2293 2296
2297 2292 2296
2295 2298 2293
2298 2296 2293
2297 2296 2299
2298 2299 2296
2297 2299 2300
2300 2299 2298
2297 2300 2301
2302 2301 2300
2295 2303 2298
2300 2298 2303
2295 2304 2303
2304 2305 2303
2300 2303 2305
2304 2306 2305
2307 2305 2306
2302 2300 2308
2300 2305 2308
2307 2309 2305
2308 2305 2309
2310 2309 2307
2310 2307 2311
2310 2311 2312
2313 2302 2308
2308 2309 2313
2313 2309 2310
2313 2314 2302
2315 2314 2313
2315 2313 2316
2313 2310 2316
2317 2315 2316
2310 2317 2316
2317 2318 2315
2310 2312 2319
2310 2319 2317
2320 2319 2312
2321 2318 2317
2321 2322 2318
2323 2322 2321
2317 2319 2324
2320 2324 2319
2317 2324 2321
2323 2321 2325
2325 2321 2324
2326 2324 2320
2325 2324 2326
2326 2320 2327
2328 2326 2327
2323 2325 2329
2323 2329 2330
2331 2330 2329
2332 2325 2326
2328 2332 2326
2332 2329 2325
2331 2329 2333
2333 2329 2332
2334 2332 2328
2333 2332 2334
2334 2328 2335
2336 2334 2335
2336 2337 2334
2337 2333 2334
2338 2337 2336
2331 2333 2339
2337 2339 2333
2338 2339 2337
2331 2339 2340
2338 2340 2339
2341 2342 2343
2341 2344 2342
2341 2345 2344
2341 2346 2345
2346 2347 2345
2346 2348 2347
2349 2347 2348
2350 2342 2344
2350 2344 2345
2350 2351 2342
2350 2345 2352
2352 2345 2347
2351 2353 2342
2351 2354 2353
2354 2355 2353
2354 2356 2355
2356 2357 2355
2356 2358 2357
2352 2347 2359
2358 2360 2357
2358 2361 2360
2362 2360 2361
2362 2363 2360
2364 2359 2347
2364 2347 2365
2349 2365 2347
2364 2365 2366
2349 2366 2365
2364 2366 2367
2349 2368 2366
2369 2367 2366
2369 2366 2368
2370 2371 2372
2373 2372 2371
2373 2374 2372
2375 2374 2373
2375 2376 2374
2377 2376 2375
2377 2378 2376
2379 2378 2377
2379 2377 2380
2381 2379 2380
2381 2382 2379
2383 2382 2381
2383 2384 2382
2385 2384 2383
2385 2386 2384
2387 2388 2389
2387 2390 2388
2391 2390 2387
2392 2388 2390
2393 2388 2392
2393 2394 2388
2392 2390 2395
2396 2394 2393
2396 2397 2394
2398 2397 2396
2398 2396 2399
2390 2400 2395
2391 2401 2390
2390 2401 2400
2402 2401 2391
2400 2401 2402
2402 2391 2403
2404 2402 2403
2400 2402 2405
2405 2402 2404
2404 2403 2406
2405 2404 2407
2408 2404 2406
2404 2409 2407
2408 2410 2404
2404 2410 2409
2411 2410 2408
2410 2412 2409
2411 2413 2410
2410 2413 2412
2414 2413 2411
2412 2413 2414
2412 2414 2415
2414 2411 2416
2414 2417 2415
2418 2414 2416
2414 2418 2417
2418 2416 2419
2420 2417 2418
2420 2418 2419
2421 2422 2399
2421 2399 2423
2424 2425 2426
2424 2426 2427
2428 2424 2427
2429 2427 2426
2429 2426 2430
2430 2426 2431
2430 2431 2432
2432 2431 2433
2432 2433 2434
2434 2433 2435
2434 2435 2436
2435 2437 2436
2435 2438 2437
2439 2427 2429
2428 2427 2440
2439 2440 2427
2428 2440 2441
2439 2441 2440
2428 2441 2442
2442 2441 2443
2442 2443 2444
2439 2445 2441
2445 2443 2441
2445 2446 2443
2447 2443 2446
2447 2448 2443
2447 2449 2448
2447 2450 2449
2451 2449 2450
2451 2452 2449
2453 2449 2452
2453 2448 2449
2453 2443 2448
2453 2454 2443
2455 2456 2457
2455 2458 2456
2458 2455 2459
2458 2460 2456
2461 2456 2460
2461 2460 2462
2463 2461 2462
2463 2464 2461
2465 2464 2463
2465 2463 2466
2467 2465 2466
2467 2466 2468
2458 2469 2460
2458 2459 2470
2469 2458 2470
2470 2459 2471
2469 2470 2472
2473 2469 2472
2473 2472 2474
2470 2471 2475
2472 2470 2475
2475 2471 2476
2474 2472 2477
2472 2475 2477
2474 2477 2478
2477 2479 2478
2475 2476 2480
2477 2475 2480
2480 2476 2481
2477 2482 2479
2477 2480 2482
2480 2481 2483
2482 2480 2483
2483 2481 2484
2479 2482 2485
2482 2483 2485
2479 2485 2486
2485 2487 2486
2483 2484 2488
2485 2483 2488
2488 2484 2489
2485 2490 2487
2485 2488 2490
2490 2491 2487
2488 2489 2492
2492 2490 2488
2493 2492 2489
2490 2494 2491
2493 2491 2494
2493 2494 2492
2492 2494 2490
2495 2496 2497
2495 2498 2496
2499 2498 2495
2499 2495 2500
2501 2499 2500
2501 2502 2499
2503 2502 2501
2504 2496 2498
2505 2496 2504
2504 2498 2506
2506 2498 2499
2505 2507 2496
2506 2499 2508
2508 2499 2502
2507 2505 2509
2507 2509 2510
2511 2510 2509
2511 2512 2510
2508 2502 2513
2512 2511 2514
2512 2514 2515
2514 2516 2515
2514 2517 2516
2502 2518 2513
2502 2519 2518
2503 2519 2502
2518 2519 2520
2520 2519 2503
2518 2520 2521
2520 2503 2522
2520 2523 2521
2522 2524 2520
2520 2524 2523
2522 2525 2524
2526 2523 2524
2526 2524 2525
2527 2528 2529
2527 2529 2530
2529 2531 2530
2529 2532 2531
2533 2530 2531
2534 2530 2533
2532 2535 2531
2532 2536 2535
2534 2533 2537
2538 2534 2537
2538 2537 2539
2540 2538 2539
2540 2539 2541
2542 2540 2541
2542 2541 2543
2544 2542 2543
2544 2545 2542
2546 2537 2533
2546 2547 2537
2548 2546 2533
2548 2533 2549
2533 2531 2549
2550 2548 2549
2531 2550 2549
2550 2551 2548
2552 2551 2550
2531 2535 2550
2535 2552 2550
2552 2553 2551
2554 2553 2552
2535 2555 2552
2536 2555 2535
2536 2556 2555
2555 2556 2557
2554 2552 2558
2559 2554 2558
2552 2555 2560
2555 2557 2560
2552 2560 2558
2557 2561 2560
2558 2560 2561
2557 2562 2561
2559 2558 2563
2558 2561 2563
2564 2559 2563
2561 2564 2563
2564 2565 2559
2562 2566 2561
2561 2566 2564
2562 2567 2566
2567 2568 2566
2564 2566 2568
2567 2569 2568
2570 2568 2569
2571 2565 2564
2564 2568 2571
2570 2571 2568
2571 2572 2565
2570 2572 2571
2573 2574 2575
2573 2575 2576
2577 2573 2576
2576 2575 2578
2576 2578 2579
2578 2580 2579
2578 2581 2580
2579 2580 2582
2579 2582 2583
2584 2583 2582
2584 2582 2585
2586 2585 2582
2587 2580 2581
2587 2581 2588
2587 2588 2589
2590 2582 2580
2586 2582 2590
2590 2580 2587
2587 2589 2591
2590 2587 2591
2591 2589 2592
2586 2590 2593
2590 2591 2593
2586 2593 2594
2591 2592 2595
2593 2591 2595
2595 2592 2596
2594 2593 2597
2593 2595 2597
2594 2597 2598
2597 2599 2598
2595 2596 2600
2597 2595 2600
2600 2596 2601
2597 2602 2599
2597 2600 2602
2600 2601 2603
2602 2600 2603
2603 2601 2604
2599 2602 2605
2602 2603 2605
2599 2605 2606
2605 2607 2606
2603 2604 2608
2605 2603 2608
2608 2604 2609
2605 2610 2607
2605 2608 2610
2608 2609 2611
2610 2608 2611
2612 2611 2609
2607 2610 2613
2610 2611 2613
2612 2613 2611
2607 2613 2614
2612 2614 2613
2615 2616 2617
2615 2617 2618
2619 2615 2618
2619 2618 2620
2618 2621 2620
2617 2622 2618
2618 2622 2621
2617 2623 2622
2624 2622 2623
2625 2621 2622
2624 2625 2622
2625 2626 2621
2627 2625 2624
2628 2626 2625
2627 2628 2625
2628 2629 2626
2628 2627 2630
2629 2628 2631
2628 2630 2631
2629 2631 2632
2633 2631 2630
2632 2631 2634
2633 2634 2631
2632 2634 2635
2636 2634 2633
2635 2634 2637
2636 2637 2634
2635 2637 2638
2639 2637 2636
2638 2637 2640
2639 2640 2637
2638 2640 2641
2642 2640 2639
2642 2641 2640
2643 2644 2645
2643 2646 2644
2647 2646 2643
2648 2644 2646
2648 2649 2644
2650 2649 2648
2650 2651 2649
2652 2650 2648
2652 2648 2646
2652 2653 2650
2647 2654 2646
2652 2646 2654
2655 2653 2652
2655 2652 2654
2655 2656 2653
2657 2654 2647
2655 2654 2657
2657 2647 2658
2659 2657 2658
2660 2656 2655
2660 2655 2657
2660 2661 2656
2660 2662 2661
2659 2663 2657
2660 2657 2663
2664 2663 2659
2660 2665 2662
2665 2660 2663
2664 2666 2663
2665 2663 2666
2666 2664 2667
2666 2667 2668
2668 2665 2666
2668 2667 2669
2670 2662 2665
2668 2670 2665
2670 2671 2662
2668 2669 2672
2672 2670 2668
2672 2669 2673
2674 2671 2670
2672 2674 2670
2674 2675 2671
2672 2673 2676
2676 2674 2672
2677 2676 2673
2678 2675 2674
2676 2678 2674
2677 2678 2676
2678 2679 2675
2677 2679 2678
2680 2681 2682
2680 2682 2683
2684 2680 2683
2683 2682 2178
2684 2683 2685
2684 2685 2686
2687 2686 2685
2683 2178 2688
2685 2683 2688
2178 2176 2688
2689 2688 2176
2685 2688 2689
2689 2176 2164
2165 2689 2164
2687 2685 2690
2690 2685 2689
2165 2690 2689
2691 2687 2690
2692 2690 2165
2692 2691 2690
2693 2694 2695
2693 2696 2694
2697 2696 2693
2697 2698 2696
2699 2698 2697
2699 2697 2700
2701 2699 2700
2701 2702 2699
2703 2702 2701
2703 2704 2702
2705 2704 2703
2705 2706 2704
2707 2706 2705
2707 2708 2706
2709 2708 2707
2709 2710 2708
2711 2710 2709
2712 2713 2714
2712 2715 2713
2716 2715 2712
2715 2717 2713
2716 2718 2715
2719 2718 2716
2715 2720 2717
2718 2720 2715
2719 2721 2718
2722 2721 2719
2722 2723 2721
2721 2724 2718
2718 2724 2720
2723 2725 2721
2721 2725 2724
2723 2726 2725
2727 2725 2726
2728 2717 2720
2728 2729 2717
2730 2729 2728
2731 2724 2725
2727 2731 2725
2732 2720 2724
2732 2728 2720
2731 2732 2724
2730 2728 2733
2733 2728 2732
2734 2731 2727
2734 2727 2735
2734 2735 2736
2737 2732 2731
2737 2731 2734
2733 2732 2737
2734 2736 2738
2737 2734 2738
2738 2736 2739
2730 2733 2740
2730 2740 2741
2740 2742 2741
2733 2737 2743
2737 2738 2743
2733 2743 2740
2738 2744 2743
2740 2743 2744
2738 2739 2745
2738 2745 2744
2746 2745 2739
2740 2747 2742
2740 2744 2747
2748 2742 2747
2748 2747 2744
2748 2749 2742
2748 2750 2749
2746 2751 2745
2751 2744 2745
2748 2744 2752
2751 2752 2744
2748 2753 2750
2750 2753 2754
2748 2752 2755
2748 2755 2753
2751 2755 2752
2753 2755 2754
2746 2756 2751
2751 2756 2755
2755 2756 2754
2746 2757 2756
2756 2757 2754
2758 2759 2760
2758 2760 2761
2762 2761 2760
2762 2760 2763
2764 2762 2763
2764 2765 2762
2763 2766 2764
2763 2767 2766
2768 2765 2764
2768 2769 2765
2767 2770 2766
2771 2770 2767
2764 2766 2772
2764 2772 2768
2766 2770 2772
2769 2768 2773
2769 2773 2774
2775 2774 2773
2771 2776 2770
2776 2771 2777
2776 2777 2778
2768 2779 2773
2772 2779 2768
2780 2775 2773
2780 2773 2779
2776 2781 2770
2770 2781 2772
2776 2778 2782
2776 2782 2781
2778 2783 2782
2782 2783 2784
2782 2784 2785
2781 2782 2785
2786 2785 2784
2772 2787 2779
2781 2787 2772
2780 2788 2775
2788 2789 2775
2779 2790 2780
2779 2787 2790
2781 2791 2787
2781 2785 2791
2787 2791 2792
2792 2791 2785
2787 2792 2790
2786 2793 2785
2792 2785 2793
2786 2794 2793
2786 2795 2794
2796 2794 2795
2793 2797 2792
2793 2794 2797
2790 2792 2797
2798 2780 2790
2798 2788 2780
2796 2799 2794
2797 2794 2799
2790 2797 2800
2798 2790 2800
2800 2797 2801
2797 2799 2801
2796 2802 2799
2802 2796 2803
2802 2803 2804
2805 2802 2804
2806 2798 2800
2800 2801 2806
2807 2788 2798
2806 2807 2798
2801 2799 2808
2802 2808 2799
2805 2809 2802
2808 2802 2809
2810 2809 2805
2806 2801 2811
2801 2808 2811
2810 2812 2809
2813 2812 2810
2808 2809 2814
2811 2808 2814
2814 2809 2812
2806 2811 2815
2815 2807 2806
2807 2816 2788
2816 2789 2788
2816 2817 2789
2816 2818 2817
2811 2814 2819
2815 2811 2819
2814 2812 2820
2819 2814 2820
2816 2807 2821
2815 2821 2807
2816 2822 2818
2816 2821 2822
2820 2812 2823
2813 2823 2812
2824 2823 2813
2824 2813 2825
2824 2825 2826
2827 2824 2826
2827 2828 2824
2829 2828 2827
2824 2830 2823
2828 2830 2824
2820 2823 2831
2831 2823 2830
2818 2822 2832
2822 2821 2833
2822 2833 2832
2821 2834 2833
2821 2815 2834
2815 2835 2834
2815 2819 2835
2819 2820 2836
2835 2819 2836
2837 2833 2835
2832 2833 2837
2838 2836 2820
2838 2820 2831
2835 2836 2839
2837 2835 2839
2839 2836 2838
2818 2832 2840
2841 2840 2832
2818 2840 2842
2842 2840 2841
2842 2841 2843
2844 2843 2841
2837 2839 2845
2839 2838 2845
2838 2846 2845
2831 2847 2838
2838 2847 2846
2832 2837 2848
2841 2832 2848
2837 2845 2849
2848 2837 2849
2849 2845 2846
2831 2850 2847
2831 2830 2850
2851 2841 2848
2848 2849 2851
2844 2841 2852
2851 2852 2841
2853 2844 2852
2851 2853 2852
2853 2854 2844
2853 2855 2854
2856 2847 2850
2846 2847 2856
2857 2850 2830
2856 2850 2857
2851 2849 2858
2849 2846 2858
2851 2859 2853
2860 2853 2859
2851 2858 2861
2860 2862 2853
2853 2862 2855
2863 2862 2860
2855 2862 2864
2863 2864 2862
2855 2864 2865
2864 2863 2866
2865 2864 2867
2864 2866 2867
2865 2867 2868
2867 2866 2869
2868 2867 2870
2867 2869 2870
2868 2870 2871
2870 2869 2872
2871 2870 2873
2870 2872 2873
2871 2873 2874
2875 2874 2873
2876 2873 2872
2875 2873 2876
2876 2872 2877
2878 2875 2876
2879 2876 2877
2878 2876 2879
2879 2877 2880
2881 2878 2879
2881 2879 2880
2882 2883 2884
2842 2884 2883
2885 2842 2883
2886 2887 2888
2889 2887 2886
2889 2890 2887
2891 2890 2889
2891 2892 2890
2893 2892 2891
2893 2891 2894
2895 2893 2894
2895 2896 2893
2897 2896 2895
2897 2898 2896
2899 2898 2897
2899 2900 2898
2901 2900 2899
2901 2902 2900
2903 2902 2901
2904 2905 2906
2904 2906 2907
2908 2909 2910
2908 2910 2911
2912 2913 2914
2912 2914 2915
2916 2917 2918
2916 2918 2919
2920 2921 2922
2920 2922 2923
2924 2925 2926
2924 2926 2927
2928 2929 2930
2928 2931 2929
2932 2931 2928
2933 2934 2935
2934 2936 2935
2934 2937 2936
2938 2936 2937
2933 2939 2934
2939 2937 2934
2933 2940 2939
2933 2941 2940
2942 2940 2941
2939 2943 2937
2940 2943 2939
2942 2944 2940
2940 2944 2943
2944 2942 2945
2944 2945 2946
2946 2943 2944
2946 2945 2947
2938 2937 2948
2948 2937 2943
2946 2949 2943
2948 2943 2949
2946 2947 2950
2950 2949 2946
2950 2947 2951
2952 2938 2948
2952 2953 2938
2954 2948 2949
2950 2954 2949
2954 2952 2948
2950 2951 2955
2955 2951 2956
2957 2954 2950
2957 2952 2954
2957 2950 2955
2958 2953 2952
2957 2958 2952
2958 2959 2953
2960 2957 2955
2956 2960 2955
2961 2958 2957
2960 2961 2957
2959 2958 2962
2961 2962 2958
2959 2962 2963
2962 2964 2963
2965 2960 2956
2966 2961 2960
2965 2966 2960
2967 2962 2961
2966 2967 2961
2962 2968 2964
2967 2968 2962
2956 2969 2965
2956 2970 2969
2970 2971 2969
2969 2971 2972
2969 2972 2973
2965 2969 2973
2861 2973 2972
2861 2858 2973
2965 2973 2974
2858 2974 2973
2974 2966 2965
2858 2846 2974
2974 2975 2966
2846 2975 2974
2975 2967 2966
2846 2856 2975
2975 2856 2967
2967 2856 2857
2967 2857 2968
2964 2968 2857
2964 2857 2976
2857 2830 2976
2828 2976 2830
2977 2976 2828
2977 2964 2976
2829 2977 2828
2978 2964 2977
2978 2977 2829
2978 2979 2964
2980 2979 2978
2978 2829 2981
2980 2978 2981
2980 2982 2979
2980 2981 2983
2980 2983 2984
2985 2982 2980
2980 2984 2986
2985 2980 2986
2987 2986 2984
2988 2985 2986
2987 2988 2986
2988 2989 2985
2990 2989 2988
2991 2988 2987
2990 2988 2991
2991 2987 2992
2993 2990 2991
2994 2991 2992
2993 2991 2994
2994 2992 2995
2996 2993 2994
2996 2994 2995
2997 2998 2999
2997 584 2998
2997 2999 3000
3000 2999 3001
2997 3002 584
583 584 3002
598 583 3002
598 3002 3003
3003 3002 2997
3003 599 598
3003 3004 599
3005 3004 3003
3003 2997 3006
3005 3003 3006
3006 2997 3000
3005 3006 3007
3006 3000 3007
3005 3007 3008
3000 3001 3009
3007 3000 3009
3010 3009 3001
3008 3007 3011
3007 3009 3011
3008 3011 3012
3010 3013 3009
3011 3009 3013
3012 3011 3014
3011 3013 3014
3012 3014 3015
3016 3015 3014
3017 3013 3010
3017 3010 3018
3017 3018 3019
3013 3020 3014
3016 3014 3020
3013 3017 3020
3017 3019 3021
3020 3017 3021
3016 3020 3022
3020 3021 3022
3016 3022 3023
3024 3023 3022
3025 3021 3019
3025 3019 3026
3027 3025 3026
3028 3022 3021
3024 3022 3028
3028 3021 3025
3027 3029 3025
3029 3028 3025
3030 3029 3027
3031 3024 3028
3029 3031 3028
3030 3031 3029
3031 3032 3024
3030 3032 3031
3033 3034 1058
3033 1058 1060
3035 3034 3033
3035 3036 3034
3035 3037 3036
3038 3033 1060
3039 3035 3033
3039 3033 3038
3038 1060 3040
1060 1057 3040
1049 3040 1057
1049 3041 3040
1049 1046 3041
3042 3038 3040
3042 3040 3041
3041 1046 3043
3041 3043 3042
1048 3043 1046
1048 3044 3043
3044 3042 3043
1048 3045 3044
3046 3044 3045
3047 3038 3042
3044 3047 3042
3047 3039 3038
3046 3048 3044
3048 3047 3044
3049 3048 3046
3048 3050 3047
3050 3039 3047
3049 3050 3048
3050 3051 3039
3049 3051 3050
3051 3035 3039
3049 3052 3051
3052 3049 3053
3051 3054 3035
3052 3054 3051
3035 3054 3037
3055 3037 3054
3052 3055 3054
3055 3056 3037
3057 3056 3055
3052 3057 3055
3057 3058 3056
3052 3053 3059
3052 3059 3057
3060 3058 3057
3060 3057 3059
3060 3061 3058
3062 3059 3053
3060 3059 3062
3062 3053 3063
3064 3062 3063
3064 3065 3062
3065 3060 3062
3066 3065 3064
3067 3061 3060
3065 3067 3060
3066 3067 3065
3067 3068 3061
3066 3068 3067
1405 3069 1396
1397 1396 3069
3070 3069 1405
1407 3070 1405
3070 1407 3071
1397 3069 3072
3072 1398 1397
3072 3073 1398
3072 3069 3074
3070 3074 3069
3075 3073 3072
3072 3074 3075
3075 3076 3073
3077 3076 3075
3070 3071 3078
3078 3071 3079
3080 3074 3070
3080 3070 3078
3075 3074 3081
3077 3075 3081
3074 3080 3081
3078 3079 3082
3080 3078 3082
3082 3079 3083
3077 3081 3084
3081 3080 3084
3077 3084 3085
3080 3082 3086
3080 3086 3084
3082 3083 3087
3087 3083 3088
3089 3086 3082
3084 3086 3089
3089 3082 3087
3090 3085 3084
3084 3089 3090
3090 3091 3085
3092 3091 3090
3087 3088 3093
3089 3087 3093
3094 3093 3088
3090 3089 3095
3089 3093 3095
3093 3096 3095
3090 3095 3097
3092 3090 3097
3096 3097 3095
3098 3092 3097
3096 3098 3097
3098 3099 3092
3100 3099 3098
3100 3098 3096
3100 3101 3099
3100 3102 3101
3094 3103 3093
3093 3103 3096
3104 3103 3094
3104 3096 3103
3104 3094 3105
3105 3102 3104
3100 3096 3106
3106 3102 3100
3104 3102 3106
3104 3106 3096
3107 3108 3109
3107 3110 3108
3107 3109 3111
3112 3111 3109
3107 3113 3110
3114 3110 3113
3112 3115 3111
3116 3115 3112
3117 3107 3111
3117 3113 3107
3117 3111 3118
3115 3118 3111
3117 3119 3113
3115 3120 3118
3114 3113 3121
3121 3113 3119
3122 3114 3121
3121 3119 3123
3122 3121 3123
3124 3120 3115
3116 3124 3115
3124 3125 3120
3124 3126 3125
3116 3127 3124
3124 3127 3126
3116 3128 3127
3127 3129 3126
3127 3128 3130
3127 3131 3129
3127 3130 3131
2117 3132 2111
2116 2111 3132
3133 3132 2117
2117 2118 3133
3133 2118 3134
3135 2116 3132
3133 3135 3132
3135 3136 2116
3133 3134 3137
3137 3135 3133
3137 3134 3138
3139 3136 3135
3137 3139 3135
3139 3140 3136
3139 3141 3140
3137 3142 3139
3139 3142 3141
3137 3138 3143
3137 3143 3142
3141 3142 3144
3144 3142 3143
3141 3144 3145
3146 3145 3144
3147 3143 3138
3144 3143 3147
3146 3144 3147
3147 3138 3148
3146 3147 3148
3149 3150 3151
3152 3151 3150
3149 3153 3150
3154 3153 3149
3154 3155 3153
3156 3155 3154
3156 3157 3155
3158 3157 3156
3158 3159 3157
3160 3159 3158
3160 3161 3159
3162 3159 3161
3162 3163 3159
3159 3163 3164
3159 3164 3157
3164 3155 3157
3164 3165 3155
3155 3165 3166
3155 3166 3153
3153 3166 3167
3153 3167 3150
3168 3150 3167
3168 3167 3169
3152 3150 3168
3168 3169 3170
3171 3152 3168
3168 3170 3171
3171 3172 3152
3173 3171 3170
3173 3172 3171
3174 3175 3176
3174 3177 3175
3174 3176 3178
3174 3179 3177
3180 3174 3178
3180 3179 3174
3180 3178 3181
3180 3182 3179
3183 3180 3181
3184 3182 3180
3183 3184 3180
3184 3185 3182
3186 3184 3183
3187 3185 3184
3186 3187 3184
3187 3188 3185
3189 3187 3186
3190 3188 3187
3189 3190 3187
3190 3191 3188
3192 3190 3189
3193 3191 3190
3192 3194 3190
3193 3190 3194
3195 3194 3192
3193 3194 3196
3195 3196 3194
3193 3196 3197
3198 3196 3195
3198 3197 3196
