byte offset: 0
first index: 53163
index count: 14271
topology: trianglelist
format: DXGI_FORMAT_R16_UINT

15430 15431 15432
15433 15434 15435
15436 15437 15438
15437 15439 15440
15441 15439 15437
15442 15441 15437
15442 15437 15443
15437 15444 15443
15444 15437 15445
15446 15443 15444
15447 15444 15445
15446 15444 15447
15448 15447 15445
15449 15446 15447
15450 15447 15448
15449 15447 15451
15447 15450 15451
15452 15453 15454
15454 15455 15456
15454 15457 15455
15455 15458 15456
15458 15459 15456
15459 15458 15460
15461 15459 15460
15460 15458 15462
15462 15458 15455
15462 15455 15463
15455 15464 15463
15457 15464 15455
15457 15465 15464
15465 15457 15466
15466 15457 15467
15467 15457 15468
15466 15467 15469
15467 15470 15469
15471 15472 15473
15471 15474 15475
15476 15471 15475
15471 15476 15477
15476 15475 15478
15476 15479 15477
15476 15478 15480
15476 15480 15479
15478 15481 15480
15480 15482 15479
15480 15481 15483
15483 15482 15480
15483 15481 15484
15482 15483 15485
15483 15484 15485
15484 15486 15485
15482 15485 15487
15486 15487 15485
15484 15488 15486
15486 15489 15487
15486 15488 15490
15491 15489 15486
15486 15490 15492
15491 15486 15492
15492 15490 15493
15491 15492 15494
15492 15493 15494
15494 15493 15495
15494 15495 15496
15491 15494 15497
15497 15494 15498
15499 15497 15498
15498 15500 15499
15501 15502 15503
15501 15504 15505
15506 15504 15501
15501 15507 15506
15506 15508 15504
15506 15507 15509
15506 15510 15508
15506 15509 15510
15510 15511 15508
15509 15512 15510
15513 15511 15510
15510 15512 15513
15513 15514 15511
15513 15515 15514
15512 15515 15513
15512 15516 15515
15517 15515 15516
15518 15515 15517
15517 15516 15519
15518 15517 15520
15517 15521 15520
15522 15517 15519
15517 15523 15521
15522 15523 15517
15523 15524 15521
15522 15525 15523
15523 15525 15524
15525 15526 15524
15525 15527 15526
15522 15528 15525
15529 15525 15528
15529 15528 15530
15530 15531 15529
15532 15533 15534
15535 15536 15533
15536 15535 15537
15538 15533 15536
15538 15539 15533
15540 15539 15538
15536 15537 15541
15541 15537 15542
15542 15543 15541
15536 15544 15538
15536 15541 15544
15545 15540 15538
15545 15538 15544
15541 15543 15546
15546 15543 15547
15541 15548 15544
15548 15545 15544
15546 15548 15541
15546 15547 15549
15550 15546 15549
15550 15548 15546
15551 15540 15545
15540 15551 15552
15551 15553 15552
15551 15554 15553
15555 15551 15545
15555 15554 15551
15548 15556 15545
15555 15545 15556
15557 15554 15555
15556 15557 15555
15554 15557 15558
15548 15559 15556
15559 15557 15556
15548 15550 15559
15557 15560 15558
15559 15560 15557
15561 15558 15560
15550 15562 15559
15559 15562 15560
15563 15561 15560
15562 15563 15560
15564 15561 15563
15550 15565 15562
15565 15550 15566
15567 15564 15563
15567 15568 15564
15562 15569 15563
15565 15569 15562
15569 15567 15563
15570 15568 15567
15570 15571 15568
15571 15570 15572
15571 15572 15573
15573 15572 15574
15574 15572 15575
15575 15572 15576
15577 15567 15569
15577 15570 15567
15565 15577 15569
15570 15577 15572
15576 15572 15578
15572 15577 15578
15579 15576 15578
15580 15579 15578
15577 15565 15581
15577 15581 15578
15581 15580 15578
15582 15580 15581
15565 15566 15581
15566 15582 15581
15582 15566 15583
15547 15583 15566
15584 15585 15586
15584 15586 15587
15588 15584 15587
15588 15587 15589
15590 15588 15589
15590 15589 15591
15592 15590 15591
15592 15591 15593
15594 15592 15593
15594 15593 15595
15596 15594 15595
15596 15595 15597
15598 15596 15597
15598 15597 15599
15600 15598 15599
15600 15599 15601
15602 15600 15601
15602 15601 15603
15604 15602 15603
15604 15603 15605
15606 15604 15605
15606 15605 15607
15608 15606 15607
15608 15607 15609
15610 15608 15609
15610 15609 15611
15612 15610 15611
15612 15611 15613
15614 15612 15613
15614 15613 15615
15616 15614 15615
15616 15615 15617
15618 15616 15617
15618 15617 15619
15620 15618 15619
15620 15619 15621
15622 15623 15624
15625 15622 15624
15626 15625 15624
15626 15624 15627
15628 15627 15624
15627 15629 15626
15628 15630 15627
15629 15627 15631
15629 15631 15632
15633 15627 15630
15627 15633 15631
15634 15633 15630
15635 15632 15631
15632 15635 15636
15637 15636 15635
15636 15637 15638
15637 15639 15638
15639 15640 15638
15641 15637 15635
15642 15637 15641
15642 15639 15643
15644 15640 15639
15645 15640 15644
15646 15645 15644
15647 15635 15631
15648 15641 15635
15648 15635 15647
15647 15631 15649
15649 15631 15633
15650 15644 15639
15642 15651 15639
15651 15650 15639
15646 15644 15652
15650 15652 15644
15653 15647 15649
15649 15633 15654
15654 15653 15649
15655 15648 15647
15653 15655 15647
15654 15633 15656
15633 15657 15656
15657 15658 15656
15659 15656 15658
15654 15656 15659
15660 15659 15658
15660 15658 15661
15662 15654 15659
15662 15659 15660
15654 15663 15653
15662 15663 15654
15660 15661 15664
15661 15665 15664
15666 15660 15664
15664 15665 15666
15662 15660 15667
15666 15667 15660
15666 15665 15668
15665 15669 15668
15669 15670 15668
15670 15669 15671
15670 15671 15672
15672 15671 15673
15672 15673 15674
15674 15673 15675
15674 15675 15676
15676 15675 15677
15678 15670 15672
15679 15670 15678
15679 15668 15670
15678 15672 15680
15680 15672 15674
15668 15679 15681
15680 15674 15682
15682 15674 15676
15668 15681 15683
15666 15668 15683
15683 15684 15666
15684 15667 15666
15685 15667 15684
15686 15667 15685
15686 15662 15667
15662 15686 15687
15682 15676 15688
15662 15687 15663
15687 15689 15663
15690 15689 15687
15689 15690 15691
15691 15692 15689
15688 15676 15693
15688 15693 15694
15676 15677 15693
15694 15693 15695
15695 15693 15677
15694 15695 15696
15696 15695 15697
15695 15677 15698
15697 15695 15698
15696 15697 15699
15697 15698 15700
15701 15699 15697
15702 15697 15700
15701 15697 15703
15702 15703 15697
15704 15701 15703
15702 15705 15703
15704 15703 15705
15702 15706 15705
15707 15704 15705
15706 15707 15705
15708 15709 15710
15708 15710 15711
15712 15708 15711
15712 15713 15708
15708 15713 15714
15708 15714 15715
15710 15715 15716
15714 15716 15715
15711 15710 15717
15717 15710 15718
15710 15716 15718
15718 15716 15719
15711 15717 15720
15717 15718 15721
15722 15711 15720
15712 15711 15722
15722 15720 15723
15714 15724 15716
15724 15719 15716
15725 15721 15718
15721 15725 15726
15725 15727 15726
15728 15722 15723
15728 15723 15729
15728 15729 15730
15731 15725 15718
15718 15719 15731
15725 15732 15727
15731 15732 15725
15727 15732 15733
15727 15733 15734
15735 15732 15731
15735 15731 15719
15735 15733 15732
15736 15722 15728
15736 15712 15722
15728 15730 15737
15730 15738 15737
15739 15737 15738
15739 15738 15740
15739 15740 15741
15742 15728 15737
15742 15736 15728
15739 15742 15737
15736 15743 15712
15712 15743 15713
15742 15744 15736
15736 15744 15743
15739 15745 15742
15742 15745 15744
15743 15746 15713
15743 15747 15746
15744 15747 15743
15744 15748 15747
15744 15749 15748
15744 15745 15749
15749 15745 15750
15739 15750 15745
15739 15751 15750
15739 15752 15751
15713 15746 15753
15713 15753 15714
15753 15724 15714
15753 15754 15724
15755 15724 15754
15754 15756 15755
15755 15756 15757
15758 15724 15755
15724 15758 15719
15755 15757 15759
15755 15759 15758
15760 15719 15758
15758 15759 15760
15757 15761 15759
15760 15759 15761
15757 15762 15761
15760 15763 15719
15760 15764 15763
15762 15765 15761
15762 15766 15765
15767 15765 15766
15760 15761 15768
15760 15768 15764
15768 15769 15764
15761 15765 15770
15770 15765 15767
15761 15770 15768
15771 15769 15768
15768 15770 15771
15772 15770 15767
15767 15773 15772
15772 15773 15774
15770 15775 15771
15772 15775 15770
15769 15771 15775
15776 15772 15774
15776 15775 15772
15776 15774 15777
15776 15777 15778
15769 15775 15779
15779 15775 15780
15780 15775 15776
15779 15780 15781
15778 15782 15776
15782 15780 15776
15778 15783 15782
15783 15778 15784
15785 15783 15784
15781 15780 15786
15786 15780 15782
15785 15787 15783
15788 15787 15785
15788 15785 15789
15788 15790 15787
15787 15790 15791
15783 15787 15791
15783 15791 15792
15792 15791 15793
15782 15783 15794
15794 15783 15792
15794 15795 15782
15795 15794 15792
15795 15786 15782
15796 15792 15793
15795 15792 15796
15793 15797 15796
15798 15797 15793
15799 15797 15798
15800 15799 15798
15799 15800 15801
15802 15799 15801
15803 15799 15802
15804 15803 15802
15795 15805 15786
15795 15796 15806
15806 15805 15795
15805 15807 15786
15781 15786 15807
15805 15808 15807
15781 15807 15809
15806 15810 15805
15810 15808 15805
15796 15811 15806
15810 15806 15811
15781 15809 15812
15813 15781 15812
15796 15814 15811
15814 15796 15797
15813 15812 15815
15769 15813 15815
15812 15816 15815
15769 15815 15817
15818 15769 15817
15764 15769 15818
15819 15812 15809
15816 15812 15819
15814 15797 15820
15820 15797 15799
15821 15818 15817
15817 15822 15821
15735 15764 15818
15735 15823 15764
15735 15719 15823
15735 15818 15733
15733 15818 15821
15822 15816 15824
15821 15822 15824
15821 15825 15733
15733 15825 15734
15734 15825 15826
15827 15826 15825
15821 15827 15825
15824 15827 15821
15827 15824 15828
15824 15829 15828
15816 15829 15824
15816 15830 15829
15816 15831 15830
15831 15816 15819
15831 15819 15832
15832 15833 15831
15834 15833 15832
15819 15835 15832
15835 15819 15836
15836 15819 15809
15835 15837 15832
15836 15837 15835
15836 15809 15838
15838 15809 15839
15838 15839 15808
15834 15832 15840
15841 15834 15840
15841 15842 15834
15841 15840 15843
15840 15844 15843
15832 15844 15840
15832 15837 15844
15837 15845 15844
15836 15846 15837
15846 15845 15837
15847 15836 15838
15836 15847 15846
15838 15808 15848
15847 15838 15848
15845 15846 15849
15692 15845 15849
15689 15692 15849
15846 15847 15850
15848 15850 15847
15851 15849 15846
15846 15850 15851
15852 15689 15849
15851 15852 15849
15848 15808 15853
15853 15808 15810
15854 15848 15853
15810 15855 15853
15848 15856 15850
15854 15856 15848
15810 15857 15855
15810 15811 15857
15858 15850 15856
15858 15851 15850
15859 15856 15854
15859 15858 15856
15859 15854 15860
15860 15861 15859
15859 15861 15862
15858 15859 15862
15861 15863 15862
15863 15864 15862
15863 15865 15864
15864 15866 15862
15858 15862 15866
15867 15857 15811
15867 15811 15814
15868 15858 15866
15858 15868 15851
15869 15857 15867
15869 15855 15857
15869 15870 15855
15870 15869 15871
15869 15872 15871
15867 15872 15869
15871 15872 15873
15873 15872 15874
15873 15874 15875
15867 15876 15872
15874 15872 15876
15867 15814 15877
15877 15876 15867
15875 15874 15878
15875 15878 15879
15876 15880 15874
15880 15878 15874
15881 15879 15878
15881 15882 15879
15814 15883 15877
15814 15820 15883
15877 15884 15876
15884 15880 15876
15885 15878 15880
15881 15878 15885
15885 15880 15886
15884 15886 15880
15885 15886 15887
15881 15888 15887
15882 15881 15889
15889 15881 15887
15889 15890 15882
15877 15891 15884
15877 15883 15891
15884 15891 15886
15883 15892 15891
15820 15892 15883
15891 15892 15893
15894 15893 15886
15887 15886 15895
15895 15886 15893
15889 15896 15890
15890 15896 15897
15820 15898 15892
15820 15799 15898
15803 15898 15799
15899 15892 15898
15803 15899 15898
15900 15893 15892
15899 15900 15892
15901 15895 15893
15900 15901 15893
15900 15902 15901
15903 15895 15901
15902 15903 15901
15904 15895 15903
15887 15895 15904
15903 15905 15904
15903 15902 15905
15887 15904 15906
15906 15904 15905
15906 15889 15887
15906 15907 15889
15907 15896 15889
15908 15907 15906
15906 15905 15908
15908 15896 15907
15899 15909 15900
15900 15909 15902
15905 15910 15908
15910 15905 15902
15908 15911 15896
15896 15911 15897
15897 15911 15912
15912 15911 15913
15914 15911 15908
15908 15910 15914
15913 15911 15915
15914 15915 15911
15915 15914 15916
15915 15917 15913
15917 15915 15916
15917 15916 15918
15918 15916 15919
15920 15914 15910
15916 15914 15920
15919 15916 15921
15922 15919 15921
15916 15920 15923
15916 15923 15921
15921 15924 15922
15922 15924 15925
15924 15926 15925
15921 15923 15927
15921 15927 15924
15924 15928 15926
15927 15928 15924
15928 15929 15926
15920 15930 15923
15923 15930 15927
15920 15910 15931
15931 15930 15920
15932 15929 15928
15932 15933 15929
15934 15933 15932
15927 15935 15928
15932 15928 15935
15927 15930 15936
15935 15927 15936
15931 15910 15937
15910 15902 15937
15902 15938 15937
15902 15909 15938
15930 15939 15936
15930 15931 15939
15931 15937 15940
15937 15938 15940
15931 15941 15939
15931 15940 15941
15939 15942 15936
15941 15942 15939
15940 15938 15943
15943 15944 15940
15940 15944 15941
15945 15943 15938
15941 15944 15946
15938 15947 15945
15909 15947 15938
15948 15945 15947
15949 15941 15946
15942 15941 15949
15950 15949 15946
15951 15949 15950
15909 15952 15947
15899 15952 15909
15948 15947 15953
15953 15954 15948
15955 15952 15899
15955 15899 15803
15804 15955 15803
15952 15956 15947
15953 15947 15956
15952 15955 15956
15951 15957 15949
15942 15949 15957
15953 15958 15954
15954 15958 15959
15959 15958 15960
15960 15958 15961
15961 15958 15953
15961 15953 15962
15956 15962 15953
15963 15962 15956
15956 15964 15963
15955 15964 15956
15963 15964 15965
15955 15966 15964
15966 15965 15964
15804 15966 15955
15967 15965 15966
15804 15967 15966
15967 15968 15965
15967 15969 15968
15968 15969 15970
15971 15969 15967
15969 15971 15970
15804 15972 15967
15971 15967 15972
15973 15972 15804
15804 15974 15973
15973 15975 15972
15975 15976 15972
15976 15971 15972
15977 15971 15976
15970 15971 15978
15971 15977 15978
15978 15977 15979
15970 15978 15980
15978 15979 15981
15980 15978 15982
15981 15982 15978
15982 15983 15980
15981 15984 15982
15982 15985 15983
15984 15985 15982
15985 15986 15983
15984 15987 15985
15985 15988 15986
15987 15988 15985
15988 15989 15986
15987 15990 15988
15988 15991 15989
15990 15991 15988
15990 15992 15991
15991 15993 15989
15992 15994 15991
15991 15994 15993
15992 15995 15994
15996 15993 15994
15995 15996 15994
15996 15997 15993
15998 15997 15996
15995 15999 15996
15999 15998 15996
15998 16000 15997
15999 16001 15998
16002 15998 16001
16003 16000 15998
16002 16004 15998
16003 15998 16004
16005 16004 16002
16003 16004 16006
16005 16006 16004
16003 16006 16007
16008 16006 16005
16007 16006 16008
16009 16010 16011
16009 16011 16012
16009 16012 16013
16014 16009 16013
16015 16016 16017
16015 16017 16018
16019 16018 16017
16015 16018 16020
16015 16020 16021
16020 16022 16021
16019 16023 16018
16024 16023 16019
16018 16025 16020
16018 16023 16025
16020 16026 16022
16026 16027 16022
16020 16025 16028
16020 16028 16026
16029 16025 16023
16028 16025 16029
16024 16030 16023
16029 16023 16030
16031 16027 16026
16031 16032 16027
16033 16032 16031
16034 16030 16024
16035 16034 16024
16034 16035 16036
16034 16036 16037
16038 16029 16030
16038 16030 16034
16034 16037 16039
16038 16034 16039
16040 16039 16037
16041 16031 16026
16041 16026 16028
16042 16033 16031
16042 16031 16041
16033 16042 16043
16043 16042 16044
16043 16044 16045
16046 16045 16044
16039 16040 16047
16040 16048 16047
16042 16041 16049
16044 16042 16049
16046 16044 16050
16050 16051 16046
16051 16050 16052
16053 16051 16052
16054 16053 16052
16050 16044 16055
16055 16052 16050
16044 16049 16056
16044 16056 16055
16049 16041 16057
16049 16057 16056
16048 16058 16047
16059 16058 16048
16059 16060 16058
16060 16061 16058
16058 16061 15646
16058 15646 16062
16058 16062 16047
15646 15652 16062
16063 16047 16062
15652 16063 16062
16063 16039 16047
16063 15652 15650
16064 16039 16063
16063 15650 16064
16064 16038 16039
15650 16065 16064
15651 16065 15650
16066 16038 16064
16064 16065 16066
16066 16029 16038
16028 16029 16066
16028 16066 16065
16028 16065 16041
16057 16041 16065
16057 16065 15651
15642 16057 15651
16056 16057 15642
16056 15642 16067
16056 16067 16055
15642 15641 16067
16068 16055 16067
16055 16068 16052
15641 16069 16067
16069 16068 16067
15641 15648 16069
16052 16068 16070
16071 16068 16069
16068 16071 16070
16052 16070 16072
16072 16054 16052
16073 16054 16072
16070 16074 16072
16074 16073 16072
16071 16074 16070
16074 16075 16073
16075 16074 16076
16076 16077 16075
16071 16078 16074
16074 16078 16076
16071 16069 16079
16078 16071 16079
15648 16080 16069
16069 16080 16079
16076 16081 16077
15865 16077 16081
15865 16081 16082
16080 15648 16083
15655 16083 15648
16079 16080 16084
16084 16080 16083
16078 16079 16084
16076 16085 16081
16076 16078 16085
16086 16082 16081
16085 16086 16081
15866 16082 16086
16085 16078 16087
16078 16084 16087
16085 16087 16086
16083 16088 16084
15655 16088 16083
16084 16088 16087
16089 15866 16086
16089 16086 16087
15868 15866 16089
16089 16087 16090
16090 16087 16088
15868 16089 16090
15655 16091 16088
16090 16088 16091
15653 16091 15655
15868 16090 16092
16092 16090 16091
15851 15868 16092
15851 16092 15852
15852 16092 16091
15653 16093 16091
15852 16091 16093
15663 16093 15653
15852 16093 15689
15663 15689 16093
16094 16095 16096
16094 16097 16095
16095 16097 16098
16095 16098 16099
16099 16098 16100
16100 16101 16099
16101 16100 16102
16101 16102 16103
16104 16103 16102
16098 16105 16100
16102 16100 16105
16098 16106 16105
16098 16107 16106
16106 16107 16108
16108 16107 16109
16105 16110 16102
16104 16102 16111
16102 16110 16111
16104 16111 16112
16105 16106 16113
16105 16113 16110
16104 16112 16114
16115 16104 16114
16116 16115 16114
16112 16116 16114
16111 16110 16117
16111 16117 16112
16117 16110 16118
16112 16117 16118
16119 16110 16113
16119 16118 16110
16106 16120 16113
16120 16119 16113
16106 16121 16120
16122 16115 16116
16115 16122 16123
16122 16124 16123
16124 16125 16123
16126 16124 16122
16116 16126 16122
16116 16127 16126
16116 16128 16127
16128 16116 16112
16129 16127 16128
16129 16130 16127
16131 16130 16129
16128 16112 16132
16128 16132 16129
16132 16112 16118
16133 16131 16129
16132 16133 16129
16118 16134 16132
16132 16134 16133
16118 16119 16134
16131 16133 16135
16135 16133 16134
16131 16135 16136
16136 16135 16137
16136 16137 16138
16135 16134 16139
16119 16139 16134
16137 16135 16139
16138 16137 16140
16138 16140 16141
16142 16140 16137
16143 16142 16137
16143 16137 16144
16139 16144 16137
16144 16145 16143
16119 16146 16139
16144 16139 16146
16120 16146 16119
16144 16146 16147
16144 16147 16145
16147 16146 16120
16145 16147 16148
16147 16120 16148
16145 16148 16149
16148 16120 16121
16148 16121 16150
16148 16150 16151
16152 16153 16154
16152 16155 16153
16156 16155 16152
16156 16152 16157
16158 16156 16157
16158 16159 16156
16160 16159 16158
16160 16161 16159
16162 16161 16160
16162 16163 16161
16164 16163 16162
16164 16165 16163
16164 16166 16165
16167 16166 16164
16168 16169 16097
16168 16097 16170
16171 16109 16097
16171 16097 16094
16171 16172 16109
16171 16173 16172
16172 16173 16174
16172 16174 16175
16108 16109 16172
16175 16108 16172
16175 16176 16108
16177 16108 16176
16106 16108 16177
16177 16176 16178
16094 16179 16180
16094 16180 16181
16182 16094 16181
16180 16183 16181
16180 16184 16183
16183 16184 16185
16182 16181 16186
16182 16186 16187
16182 16187 16188
16187 16189 16188
16187 16190 16189
16191 16187 16186
16190 16187 16191
16191 16186 16192
16190 16191 16193
16183 16194 16192
16194 16195 16192
16196 16193 16195
16194 16196 16195
16196 16197 16193
16183 16185 16198
16183 16198 16194
16185 16199 16198
16185 16200 16199
16201 16199 16200
16194 16202 16196
16198 16203 16194
16194 16203 16202
16198 16199 16204
16198 16204 16203
16201 16205 16199
16205 16204 16199
16206 16196 16202
16206 16207 16196
16208 16207 16206
16209 16203 16204
16202 16203 16209
16201 16210 16205
16205 16211 16204
16210 16211 16205
16211 16212 16204
16209 16204 16212
16212 16211 16210
16201 16213 16210
16214 16213 16201
16215 16206 16202
16202 16209 16216
16215 16202 16216
16217 16206 16215
16217 16218 16206
16219 16217 16215
16219 16215 16216
16219 16220 16217
16209 16221 16216
16219 16216 16221
16220 16219 16222
16221 16222 16219
16220 16222 16223
16209 16224 16221
16212 16224 16209
16222 16221 16225
16225 16221 16224
16212 16226 16224
16226 16212 16210
16225 16224 16227
16226 16227 16224
16228 16226 16210
16213 16228 16210
16226 16229 16227
16228 16229 16226
16230 16225 16227
16227 16229 16230
16230 16231 16225
16231 16222 16225
16230 16229 16232
16231 16233 16222
16229 16234 16232
16229 16228 16234
16233 16235 16222
16233 16236 16235
16235 16236 16237
16237 16236 16238
16237 16238 16239
16239 16238 16240
16239 16240 16241
16240 16242 16241
16240 16243 16242
16244 16242 16243
16244 16245 16242
16246 16245 16244
16246 16244 16247
16248 16246 16247
16248 16247 16249
16250 16248 16249
16250 16249 16251
16250 16251 16252
16253 16235 16223
16254 16255 16256
16254 16256 16257
16254 16257 16258
16258 16257 16259
16258 16259 16260
16260 16259 16261
16260 16261 16262
16261 16263 16262
16261 16264 16263
16265 16263 16264
16265 16266 16263
16267 16266 16265
16267 16265 16268
16269 16267 16268
16270 16271 16272
16272 16271 16273
16274 16272 16273
16273 16275 16274
16274 16275 16276
16277 16272 16274
16277 16274 16278
16278 16274 16279
16279 16274 16280
16281 16278 16279
16279 16282 16281
16283 16278 16281
16283 16281 16284
16285 16283 16284
16285 16284 16286
16287 16285 16286
16287 16286 16288
16289 16287 16288
16290 16278 16283
16285 16290 16283
16290 16291 16278
16278 16291 16277
16292 16290 16285
16287 16292 16285
16290 16292 16291
16293 16277 16291
16294 16291 16292
16294 16293 16291
16295 16293 16294
16293 16296 16277
16296 16272 16277
16297 16294 16292
16297 16295 16294
16287 16298 16292
16297 16292 16298
16295 16299 16293
16299 16296 16293
16296 16300 16272
16300 16301 16272
16302 16300 16296
16299 16302 16296
16302 16303 16300
16304 16302 16299
16304 16299 16295
16304 16305 16302
16306 16305 16304
16305 16307 16302
16305 16308 16307
16309 16308 16305
16306 16309 16305
16309 16310 16308
16309 16311 16310
16309 16312 16311
16306 16312 16309
16312 16313 16311
16312 16314 16313
16314 16315 16313
16304 16295 16316
16306 16304 16316
16306 16317 16312
16317 16314 16312
16306 16316 16318
16319 16318 16316
16320 16316 16295
16319 16316 16320
16306 16321 16317
16317 16321 16322
16306 16323 16321
16319 16321 16323
16317 16324 16314
16317 16322 16324
16314 16325 16315
16324 16325 16314
16320 16295 16326
16297 16326 16295
16326 16297 16327
16298 16327 16297
16320 16326 16328
16326 16327 16328
16320 16328 16329
16319 16320 16329
16322 16330 16324
16324 16330 16325
16325 16331 16315
16315 16331 16332
16333 16327 16298
16298 16287 16333
16328 16327 16334
16329 16328 16334
16334 16327 16335
16327 16333 16335
16335 16333 16336
16329 16334 16337
16333 16338 16336
16339 16329 16337
16339 16337 16340
16319 16329 16339
16333 16287 16341
16333 16341 16338
16338 16341 16342
16289 16341 16287
16343 16341 16289
16343 16289 16344
16289 16345 16344
16346 16340 16347
16346 16347 16348
16319 16346 16348
16348 16347 16349
16319 16348 16350
16319 16350 16321
16350 16322 16321
16348 16349 16351
16350 16348 16351
16350 16351 16352
16350 16352 16322
16349 16353 16351
16354 16353 16349
16355 16351 16353
16356 16322 16355
16355 16353 16356
16354 16357 16353
16358 16357 16354
16357 16358 16359
16356 16360 16322
16322 16360 16330
16353 16361 16356
16357 16361 16353
16361 16357 16362
16357 16359 16363
16362 16357 16363
16363 16359 16364
16361 16365 16356
16356 16365 16360
16362 16365 16361
16364 16366 16363
16366 16362 16363
16364 16367 16366
16366 16367 16368
16369 16362 16366
16362 16369 16370
16362 16370 16371
16362 16371 16365
16371 16370 16372
16360 16365 16373
16360 16373 16330
16371 16372 16374
16374 16372 16375
16371 16376 16365
16365 16376 16373
16376 16371 16374
16330 16373 16377
16373 16376 16377
16330 16377 16325
16325 16377 16331
16378 16376 16374
16374 16375 16378
16377 16376 16378
16375 16379 16378
16379 16375 16380
16377 16378 16381
16378 16379 16381
16377 16381 16331
16379 16382 16381
16381 16382 16383
16384 16381 16383
16381 16384 16331
16331 16384 16385
16386 16331 16385
16387 16388 16389
16387 16389 16390
16389 16391 16390
16392 16387 16390
16391 16392 16390
16393 16394 16392
16395 16393 16392
16393 16396 16394
16396 16397 16394
16396 16398 16397
16396 16399 16398
16399 16396 16393
16399 16400 16398
16399 16393 16401
16395 16402 16393
16395 16403 16402
16402 16403 16404
16393 16405 16401
16405 16393 16402
16401 16405 16406
16402 16404 16407
16405 16402 16408
16407 16408 16402
16409 16407 16404
16410 16409 16404
16410 16411 16409
16407 16412 16408
16409 16412 16407
16405 16408 16413
16408 16412 16413
16414 16409 16411
16414 16411 16415
16409 16416 16412
16414 16416 16409
16414 16415 16417
16418 16417 16415
16418 16419 16417
16420 16419 16418
16421 16419 16420
16421 16420 16422
16423 16421 16422
16423 16424 16421
16412 16425 16413
16416 16425 16412
16416 16414 16426
16414 16427 16426
16416 16428 16425
16416 16426 16428
16427 16419 16429
16427 16429 16426
16424 16430 16421
16424 16431 16430
16431 16432 16430
16432 16433 16430
16433 16434 16430
16434 16435 16430
16421 16430 16435
16421 16435 16436
16419 16421 16436
16436 16435 16437
16438 16436 16437
16419 16436 16439
16439 16436 16438
16419 16439 16429
16439 16438 16440
16429 16439 16440
16429 16440 16441
16426 16429 16441
16441 16440 16442
16426 16441 16443
16443 16428 16426
16444 16441 16442
16443 16441 16444
16442 16445 16444
16446 16445 16442
16446 16447 16445
16445 16447 16448
16446 16449 16447
16449 16450 16447
16450 16448 16447
16444 16445 16451
16445 16448 16451
16450 16452 16448
16452 16450 16453
16452 16453 16454
16455 16454 16453
16452 16454 16456
16457 16456 16454
16452 16456 16458
16458 16448 16452
16458 16459 16448
16460 16459 16458
16461 16459 16460
16461 16462 16459
16463 16448 16459
16451 16448 16463
16459 16462 16463
16464 16451 16463
16462 16464 16463
16464 16465 16451
16444 16451 16465
16464 16462 16466
16466 16462 16467
16468 16444 16465
16443 16444 16468
16469 16443 16468
16443 16469 16428
16470 16465 16464
16468 16465 16471
16470 16471 16465
16472 16464 16466
16472 16470 16464
16469 16468 16473
16473 16468 16471
16474 16466 16467
16475 16472 16466
16475 16466 16474
16474 16467 16476
16476 16467 16477
16476 16477 16478
16477 16479 16478
16478 16479 16480
16481 16478 16480
16482 16476 16478
16482 16474 16476
16482 16478 16481
16483 16475 16474
16483 16474 16482
16481 16480 16484
16485 16484 16480
16486 16484 16485
16487 16484 16486
16488 16484 16487
16489 16484 16488
16489 16481 16484
16490 16481 16489
16490 16491 16481
16481 16491 16492
16481 16492 16482
16492 16493 16482
16493 16483 16482
16493 16494 16483
16495 16483 16494
16495 16494 16496
16495 16475 16483
16495 16496 16497
16498 16497 16496
16498 16499 16497
16500 16475 16495
16495 16497 16500
16500 16501 16475
16472 16475 16501
16472 16501 16502
16502 16470 16472
16502 16503 16470
16503 16471 16470
16503 16504 16471
16473 16471 16504
16497 16499 16505
16497 16506 16500
16497 16505 16506
16507 16505 16499
16507 16499 16508
16509 16507 16508
16509 16510 16507
16509 16511 16510
16505 16507 16512
16505 16512 16506
16500 16506 16513
16500 16513 16501
16514 16512 16507
16514 16507 16510
16512 16515 16506
16506 16515 16513
16514 16515 16512
16513 16516 16501
16515 16516 16513
16516 16517 16501
16517 16502 16501
16515 16518 16516
16518 16517 16516
16517 16519 16502
16519 16503 16502
16514 16520 16515
16520 16518 16515
16514 16521 16520
16520 16521 16518
16518 16522 16517
16522 16519 16517
16519 16523 16503
16504 16503 16523
16518 16524 16522
16521 16524 16518
16521 16525 16524
16526 16519 16522
16524 16526 16522
16526 16523 16519
16525 16526 16524
16527 16521 16514
16510 16527 16514
16523 16528 16504
16526 16529 16523
16528 16523 16529
16529 16526 16530
16530 16526 16525
16531 16504 16528
16504 16531 16473
16528 16529 16532
16530 16532 16529
16528 16533 16531
16528 16532 16533
16534 16473 16531
16534 16469 16473
16535 16531 16533
16535 16534 16531
16536 16533 16532
16533 16536 16535
16536 16537 16535
16538 16469 16534
16538 16428 16469
16535 16539 16534
16539 16538 16534
16540 16428 16538
16425 16428 16540
16413 16425 16540
16541 16540 16538
16541 16538 16539
16413 16540 16541
16542 16539 16535
16537 16542 16535
16541 16539 16542
16543 16413 16541
16405 16413 16543
16405 16543 16406
16543 16541 16406
16406 16541 16542
16406 16542 16537
16406 16537 16544
16544 16545 16406
16545 16401 16406
16544 16546 16545
16547 16545 16546
16401 16545 16548
16549 16544 16537
16550 16401 16548
16551 16401 16550
16552 16550 16548
16551 16550 16552
16553 16551 16552
16549 16537 16554
16549 16554 16555
16555 16554 16556
16554 16557 16556
16558 16557 16554
16554 16559 16558
16554 16537 16559
16537 16536 16559
16559 16536 16560
16561 16559 16560
16561 16560 16562
16560 16536 16563
16560 16563 16564
16536 16532 16563
16565 16564 16563
16530 16563 16532
16565 16563 16530
16566 16565 16530
16525 16566 16530
16567 16565 16566
16567 16568 16565
16569 16566 16525
16569 16570 16566
16571 16570 16569
16571 16572 16570
16571 16569 16573
16573 16569 16525
16571 16573 16574
16573 16525 16575
16521 16575 16525
16575 16521 16576
16575 16576 16577
16578 16577 16576
16576 16521 16527
16527 16579 16576
16580 16579 16527
16581 16579 16580
16582 16580 16527
16582 16581 16580
16583 16581 16582
16584 16527 16510
16584 16510 16585
16585 16586 16584
16584 16586 16587
16585 16588 16586
16585 16589 16588
16510 16589 16585
16510 16511 16589
16590 16591 16511
16592 16591 16590
16511 16591 16593
16593 16591 16592
16593 16592 16594
16595 16596 16597
16595 16597 16598
16597 16599 16598
16595 16598 16600
16601 16595 16600
16598 16602 16600
16598 16603 16602
16599 16603 16598
16603 16604 16602
16605 16604 16603
16603 16599 16606
16606 16605 16603
16599 16607 16606
16608 16605 16606
16609 16606 16607
16609 16608 16606
16609 16610 16608
16611 16609 16607
16611 16610 16609
16611 16612 16610
16610 16613 16608
16610 16612 16614
16615 16613 16610
16615 16616 16613
16615 16617 16616
16615 16618 16617
16618 16619 16614
16619 16610 16614
16610 16619 16615
16619 16618 16615
16620 16621 16622
16620 16622 16623
16624 16620 16623
16624 16623 16625
16624 16626 16620
16624 16627 16626
16628 16624 16625
16628 16627 16624
16628 16625 16629
16628 16630 16627
16631 16628 16629
16631 16630 16628
16631 16629 16632
16631 16633 16630
16634 16631 16632
16634 16633 16631
16634 16632 16635
16634 16636 16633
16637 16634 16635
16637 16636 16634
16637 16635 16638
16637 16639 16636
16640 16637 16638
16640 16639 16637
16640 16638 16641
16640 16642 16639
16643 16640 16641
16643 16642 16640
16643 16641 16644
16643 16644 16645
16643 16646 16642
16643 16645 16646
16644 16647 16645
16645 16648 16646
16649 16645 16647
16650 16648 16645
16651 16645 16649
16645 16651 16650
16652 16651 16649
16653 16651 16652
16651 16654 16650
16653 16654 16651
16653 16652 16655
16653 16656 16654
16657 16653 16655
16653 16657 16658
16659 16656 16653
16653 16658 16659
16658 16657 16660
16658 16661 16659
16658 16660 16662
16658 16663 16661
16664 16658 16662
16658 16664 16663
16665 16664 16662
16666 16663 16664
16667 16664 16665
16668 16666 16664
16669 16664 16667
16664 16670 16668
16671 16664 16669
16671 16670 16664
16620 16672 16673
16620 16673 16674
16675 16676 16677
16677 16676 16678
16677 16678 16679
16679 16678 16680
16678 16681 16680
16680 16681 16682
16681 16683 16682
16681 16684 16683
16684 16685 16683
16684 16686 16685
16686 16687 16685
16681 16688 16684
16689 16688 16681
16688 16690 16684
16684 16690 16686
16691 16689 16681
16681 16678 16691
16678 16692 16691
16678 16693 16692
16678 16676 16693
16686 16690 16694
16695 16693 16676
16676 16696 16695
16676 16697 16696
16696 16698 16695
16696 16697 16699
16696 16700 16698
16696 16699 16701
16696 16702 16700
16696 16701 16702
16703 16700 16702
16704 16702 16701
16705 16703 16702
16706 16702 16704
16702 16707 16705
16708 16702 16706
16702 16709 16707
16708 16709 16702
16710 16711 16712
16710 16713 16711
16713 16714 16711
16713 16715 16714
16715 16716 16714
16715 16717 16716
16717 16718 16719
16717 16720 16718
16720 16721 16718
16720 16722 16721
16722 16723 16721
16722 16724 16723
16725 16726 16727
16726 16725 16728
16729 16726 16728
16725 16730 16728
16725 16731 16730
16730 16732 16728
16729 16728 16733
16733 16728 16732
16733 16732 16734
16729 16733 16735
16733 16734 16736
16735 16733 16737
16733 16736 16737
16735 16737 16738
16737 16736 16739
16738 16737 16740
16737 16739 16740
16738 16740 16741
16742 16740 16739
16740 16742 16741
16743 16744 16745
16743 16746 16744
16746 16747 16744
16746 16748 16747
16748 16749 16747
16748 16750 16749
16751 16743 16752
16751 16752 16753
16754 16751 16753
16754 16753 16755
16756 16754 16755
16756 16755 16757
16758 16759 16760
16761 16760 16759
16761 16762 16760
16763 16764 16765
16766 16763 16765
16767 16763 16766
16766 16765 16768
16765 16769 16768
16766 16768 16770
16766 16770 16771
16767 16766 16772
16766 16771 16772
16767 16772 16773
16772 16771 16774
16773 16772 16775
16772 16774 16775
16773 16775 16776
16775 16774 16777
16776 16775 16778
16775 16777 16778
16776 16778 16779
16780 16778 16777
16778 16780 16779
16781 16782 16783
16784 16781 16783
16783 16785 16784
16783 16786 16785
16786 16787 16785
16786 16788 16787
16788 16789 16790
16788 16791 16789
16791 16792 16789
16791 16793 16792
16793 16794 16792
16793 16795 16794
16796 16797 16798
16796 16799 16797
16799 16800 16797
16799 16801 16800
16801 16802 16800
16801 16803 16802
16803 16804 16805
16803 16806 16804
16806 16807 16804
16806 16808 16807
16807 16808 16809
16810 16811 16812
16810 16813 16811
16810 16814 16813
16815 16816 16817
16816 16818 16817
16818 16819 16817
16818 16816 16820
16818 16821 16819
16818 16820 16822
16821 16818 16822
16823 16822 16820
16821 16822 16824
16823 16825 16822
16825 16824 16822
16825 16826 16824
16827 16825 16823
16826 16825 16828
16827 16828 16825
16826 16828 16829
16830 16828 16827
16830 16829 16828
16830 16827 16831
16830 16832 16829
16833 16830 16831
16832 16830 16833
16833 16831 16834
16835 16833 16834
16832 16833 16836
16835 16836 16833
16835 16834 16837
16835 16838 16836
16835 16837 16839
16835 16840 16838
16841 16835 16839
16841 16840 16835
16841 16839 16842
16843 16840 16841
16844 16841 16842
16844 16843 16841
16845 16844 16842
16844 16845 16843
16845 16842 16846
16847 16845 16846
16845 16848 16843
16848 16845 16847
16849 16847 16846
16850 16848 16847
16851 16847 16849
16852 16850 16847
16853 16847 16851
16853 16852 16847
16854 16853 16851
16855 16852 16853
16853 16854 16856
16853 16856 16855
16856 16854 16857
16856 16858 16855
16859 16856 16857
16860 16858 16856
16861 16856 16859
16861 16862 16856
16863 16860 16856
16863 16856 16862
16862 16861 16864
16865 16863 16862
16864 16866 16862
16862 16867 16865
16862 16866 16868
16868 16867 16862
16869 16870 16871
16869 16872 16870
16873 16872 16869
16873 16874 16872
16875 16874 16873
16875 16876 16874
16877 16876 16875
16877 16878 16876
16879 16878 16877
16879 16880 16878
16880 16879 16881
16881 16879 16882
16883 16881 16882
16883 16884 16881
16885 16884 16883
16885 16886 16884
16887 16886 16885
16887 16888 16886
16889 16888 16887
16889 16890 16888
16891 16890 16889
16891 16892 16890
16893 16892 16891
16893 16894 16892
16895 16894 16893
16895 16896 16894
16897 16896 16895
16897 16898 16896
16899 16898 16897
16899 16900 16898
16901 16900 16899
16901 16902 16900
16903 16902 16901
16903 16904 16902
16905 16904 16903
16905 16906 16904
16907 16908 16909
16907 16910 16908
16907 16911 16910
16912 16911 16907
15934 16913 16914
15934 16915 16913
15934 15932 16915
16916 16913 16915
16915 15932 16917
15932 15935 16917
16916 16915 16918
16915 16917 16918
16919 16916 16918
15935 16920 16917
16920 16918 16917
16919 16918 16921
16920 16921 16918
15935 16922 16920
15935 15936 16922
16923 16919 16921
16924 16919 16923
16923 16925 16924
16923 16926 16925
16927 16921 16920
16922 16927 16920
16927 16923 16921
16922 15936 16928
16922 16928 16927
16928 15936 15942
16923 16929 16926
16927 16929 16923
16928 16929 16927
16930 16926 16929
16931 16928 15942
16928 16931 16929
16931 15942 15957
16929 16932 16930
16931 16932 16929
16930 16932 16933
15957 16934 16931
16931 16934 16932
15951 16934 15957
16933 16932 16935
16935 16932 16934
16935 16934 15951
16936 16933 16935
16935 15951 16937
16936 16935 16938
16938 16935 16937
16939 16940 16941
16939 16941 16942
16943 16939 16942
16943 16944 16939
16945 16944 16943
16945 16943 16946
16947 16945 16946
16947 16946 16948
16949 16947 16948
16949 16948 16950
16951 16949 16950
16951 16950 16952
16951 16952 16953
16954 16951 16953
16954 16953 16955
16956 16954 16955
16957 16958 16181
16957 16181 16959
16960 16961 16962
16963 16961 16960
16214 16961 16963
16964 16963 16960
16963 16965 16214
16965 16963 16964
16214 16965 16213
16965 16964 16234
16213 16965 16228
16965 16234 16228
16966 16967 16968
16966 16969 16967
16967 16969 16970
16966 16971 16969
16972 16971 16966
16969 16971 16973
16974 16969 16973
16975 16969 16974
16969 16975 16970
16976 16975 16974
16975 16977 16970
16977 16975 16976
16970 16977 16978
16979 16977 16976
16980 16978 16977
16980 16977 16979
16980 16979 16981
16982 16978 16980
16982 16980 16981
16982 16981 16983
16981 16979 16984
16981 16985 16983
16986 16981 16984
16986 16984 16987
16986 16987 16988
16989 16985 16981
16981 16986 16989
16990 16985 16989
16986 16990 16989
16991 16990 16986
16992 16993 16994
16995 16993 16992
16995 16992 16996
16992 16997 16996
16996 16997 16998
16998 16997 16999
16997 17000 16999
17001 17000 16997
17000 17001 17002
17001 17003 17002
17002 17003 17004
17004 17003 17005
17005 17003 17006
17006 17007 17005
17001 16997 17008
17008 17009 17001
17009 17003 17001
17010 17003 17009
17010 17011 17003
17003 17011 17006
16997 17012 17008
17013 17012 16997
16997 17014 17013
16992 17014 16997
16992 17015 17014
17016 17015 16992
17017 17016 16992
17006 17011 17018
17006 17018 17019
17019 17007 17006
17018 17020 17019
17020 17007 17019
17021 17020 17018
17021 17022 17020
17023 17007 17020
17022 17023 17020
17024 17022 17021
17025 17023 17022
17022 17024 17026
17022 17027 17025
17022 17026 17028
17022 17028 17027
17028 17026 17029
17030 17027 17028
17028 17029 17031
17030 17028 17031
17031 17032 17030
17031 17029 17033
17031 17034 17032
17031 17033 17034
17035 17032 17034
17033 17036 17034
17035 17034 17036
17033 17037 17036
17036 17038 17035
17037 17039 17036
17036 17039 17038
17037 17040 17039
17041 17038 17039
17042 17039 17040
17041 17039 17042
17042 17043 17041
17042 17040 17044
17042 17045 17043
17044 17045 17042
17046 17045 17044
17047 17048 17049
17047 17049 17050
17050 17049 17051
17050 17051 17052
17052 17051 17053
17052 17053 17054
17054 17055 17056
17054 17056 17057
17057 17056 17058
17057 17058 17059
17059 17058 17060
17059 17060 17061
17062 17063 17064
17064 17065 17062
17066 17065 17064
17062 17065 17067
17062 17067 17068
17067 17065 17069
17066 17070 17065
17070 17069 17065
17070 17071 17069
17066 17072 17070
17070 17073 17071
17072 17074 17070
17070 17074 17073
17072 17075 17074
17074 17076 17073
17075 17077 17074
17074 17077 17076
17075 17078 17077
17079 17076 17077
17077 17078 17079
17080 17081 17082
17080 17082 17083
17083 17082 17084
17083 17084 17085
17085 17084 17086
17085 17086 17087
17088 17089 17080
17088 17090 17089
17091 17090 17088
17091 17092 17090
17093 17092 17091
17093 17094 17092
17095 17096 17097
17098 17097 17096
17098 17096 17099
17100 17101 17102
17103 17101 17100
17104 17103 17100
17103 17105 17101
17101 17105 17106
17103 17107 17105
17103 17108 17107
17104 17109 17103
17103 17109 17108
17104 17110 17109
17109 17111 17108
17110 17112 17109
17109 17112 17111
17110 17113 17112
17112 17114 17111
17113 17115 17112
17112 17115 17114
17113 17116 17115
17117 17114 17115
17115 17116 17117
17118 17119 17120
17119 17118 17121
17119 17121 17122
17122 17121 17123
17122 17123 17124
17124 17125 17126
17124 17126 17127
17127 17126 17128
17127 17128 17129
17129 17128 17130
17129 17130 17131
17132 17133 17134
17132 17134 17135
17135 17134 17136
17135 17136 17137
17137 17136 17138
17137 17138 17139
17139 17140 17141
17139 17141 17142
17142 17141 17143
17142 17143 17144
17143 17145 17144
17144 17145 17146
17147 17148 17149
17147 17149 17150
17147 17150 17151
17152 17153 17154
17154 17153 17155
17156 17154 17155
17156 17155 17157
17157 17155 17158
17158 17155 17159
17160 17157 17158
17158 17161 17160
17162 17161 17158
17159 17162 17158
17159 17163 17162
17159 17164 17163
17153 17165 17155
17155 17165 17159
17159 17166 17164
17164 17166 17167
17166 17168 17167
17168 17166 17169
17159 17165 17170
17166 17159 17170
17166 17170 17169
17170 17165 17153
17170 17171 17169
17170 17172 17171
17172 17170 17153
17173 17172 17153
17174 17175 17176
17175 17174 17177
17177 17174 17178
17179 17177 17178
17178 17180 17179
17181 17180 17178
17182 17181 17178
17182 17178 17174
17183 17184 17181
17183 17185 17184
17183 17186 17185
17185 17186 17187
17186 17183 17188
17186 17188 17189
17188 17190 17189
17188 17191 17190
17192 17183 17174
17183 17192 17188
17193 17191 17188
17193 17188 17192
17193 17192 17174
17194 17191 17193
17193 17174 17195
17194 17193 17195
17196 17197 17187
17197 17196 17189
17198 17199 17200
17198 17201 17199
17202 17201 17198
17202 17203 17201
17204 17205 17202
17204 17206 17205
17207 17206 17208
17207 17209 17206
17210 17209 17207
17210 17211 17209
17212 17211 17210
17213 17214 17215
17213 17215 17216
17216 17215 17217
17218 17219 17213
17218 17220 17219
17221 17220 17222
17221 17223 17220
17224 17223 17221
17224 17225 17223
17226 17225 17224
17226 17227 17225
17228 17229 17230
17228 17230 17231
17231 17232 17233
17231 17233 17234
17234 17235 17236
17234 17236 17237
17237 17236 17238
17237 17238 17239
17239 17238 17240
17239 17240 17241
17241 17240 17242
17241 17242 17243
17243 17242 17244
17245 17246 17247
17248 17246 17245
17248 17249 17246
17250 17249 17248
17250 17251 17249
17252 17251 17250
17252 17253 17251
17254 17253 17252
17254 17255 17253
17256 17255 17254
17256 17257 17255
17258 17259 17260
17260 17259 17261
17260 17261 17262
17262 17261 17263
17262 17263 17264
17264 17263 17265
17264 17265 17266
17266 17265 17267
17266 17267 17268
17268 17267 17269
17268 17269 17270
17271 17272 17273
17271 17273 17274
17274 17273 17275
17274 17275 17276
17276 17275 17277
17276 17277 17278
17278 17277 17279
17278 17279 17280
17280 17279 17281
17280 17281 17282
17282 17281 17283
17284 17285 17286
17284 17287 17285
17288 17287 17284
17288 17289 17287
17290 17289 17291
17290 17292 17289
17293 17292 17290
17293 17294 17292
17295 17294 17293
17295 17296 17294
17297 17296 17295
17297 17298 17296
17299 17298 17297
17300 17301 17302
17303 17301 17300
17303 17304 17301
17305 17304 17303
17305 17306 17304
17307 17306 17305
17307 17308 17306
17309 17308 17307
17309 17310 17308
17311 17310 17309
17311 17312 17310
17313 17314 17311
17313 17315 17314
17316 17315 17313
17316 17317 17315
17318 17317 17316
17318 17319 17317
17320 17319 17318
17320 17321 17319
17322 17321 17320
17322 17323 17321
17324 17323 17322
17325 17326 17327
17325 17328 17326
17329 17328 17325
17329 17330 17328
17331 17330 17329
17331 17332 17330
17333 17332 17331
17333 17334 17332
17335 17334 17333
17335 17336 17334
17337 17336 17335
17337 17338 17336
17339 17338 17337
17340 17341 17342
17342 17343 17340
17344 17343 17342
17344 17342 17345
17346 17344 17345
17347 17346 17345
17348 17347 17345
17349 17348 17345
17349 17345 17342
17349 17342 17350
17342 17351 17350
17342 17352 17351
17353 17354 17355
17353 17356 17354
17357 17354 17356
17357 17358 17354
17359 17358 17357
17360 17358 17359
17361 17358 17360
17362 17358 17361
17362 17354 17358
17362 17363 17354
17354 17363 17364
17354 17364 17365
17366 17367 17368
17368 17367 17369
17370 17368 17369
17367 17371 17369
17369 17372 17370
17369 17371 17372
17371 17373 17372
17372 17374 17370
17373 17375 17372
17375 17374 17372
17373 17376 17375
17377 17375 17376
17375 17378 17374
17377 17378 17375
17378 17379 17374
17380 17378 17377
17381 17378 17380
17381 17382 17378
17383 17381 17380
17382 17381 17384
17384 17381 17383
17385 17384 17383
17386 17387 17388
17389 17386 17388
17389 17388 17390
17391 17392 17393
17391 17394 17392
17395 17392 17394
17396 17392 17395
17397 17398 17399
17399 17398 17400
17399 17400 17401
17402 17403 17404
17404 17405 17402
17404 17406 17405
17405 17407 17402
17408 17405 17406
17405 17409 17407
17408 17410 17405
17405 17410 17409
17411 17409 17410
17412 17411 17410
17408 17413 17410
17412 17410 17414
17410 17413 17414
17414 17413 17415
17416 17417 17418
17417 17416 17419
17416 17420 17419
17419 17420 17421
17422 17421 17420
17420 17416 17423
17423 17416 17424
17423 17425 17420
17420 17425 17426
17426 17422 17420
17427 17422 17426
17426 17428 17427
17429 17430 17431
17429 17431 17432
17433 17429 17432
17434 17435 17436
17437 17434 17436
17437 17438 17434
17439 17440 17441
17442 17439 17441
17441 17443 17442
17442 17443 17444
17442 17444 17439
17439 17444 17445
17446 17447 17448
17446 17448 17449
17446 17449 17450
17446 17450 17451
17449 17452 17450
17451 17450 17453
17453 17450 17454
17452 17455 17450
17454 17450 17456
17450 17455 17456
17455 17457 17456
17458 17459 17460
17461 17458 17460
17462 17458 17461
17462 17461 17463
17460 17464 17461
17464 17463 17461
17460 17465 17464
17466 17467 17463
17465 17468 17466
17469 17467 17466
17468 17469 17466
17468 17470 17469
17471 17469 17470
17472 17469 17471
17472 17473 17469
17474 17475 17476
17476 17475 17477
17476 17477 17478
17475 17479 17477
17478 17477 17480
17477 17479 17480
17478 17480 17481
17480 17479 17482
17483 17481 17480
17480 17482 17483
17484 17481 17483
17482 17485 17483
17484 17483 17486
17483 17485 17487
17486 17488 17489
17488 17487 17489
17490 17491 17492
17493 17491 17490
17493 17494 17491
17495 17494 17493
17495 17496 17494
17495 17497 17496
17495 17498 17497
17499 17498 17495
17499 17495 17500
17495 17501 17500
17495 17493 17501
17490 17501 17493
17502 17501 17490
17503 17504 17505
17503 17506 17504
17507 17506 17503
17507 17508 17506
17509 17508 17507
17509 17510 17508
17511 17510 17509
17511 17512 17510
17513 17514 17515
17513 17515 17516
17516 17515 17517
17516 17517 17518
17518 17517 17519
17518 17519 17520
17520 17519 17521
17520 17521 17522
17522 17521 17523
17522 17523 17524
17525 17526 17527
17525 17527 17528
17529 17530 17531
17529 17532 17530
17533 17532 17529
17533 17534 17532
17535 17534 17533
17536 17537 17538
17536 17539 17537
17540 17539 17536
17540 17541 17539
17542 17541 17540
17542 17543 17541
17544 17543 17542
17544 17545 17543
17546 17545 17544
17546 17547 17545
17548 17547 17546
17548 17549 17547
17550 17551 17552
17550 17552 17553
17553 17552 17554
17553 17554 17555
17555 17554 17556
17555 17556 17557
17557 17556 17558
17557 17558 17559
17560 17559 17558
17560 17558 17561
17562 17560 17561
17562 17561 17563
17564 17562 17563
17564 17563 17565
17566 17564 17565
17566 17565 17567
17568 17569 17570
17568 17570 17571
17571 17570 17572
17571 17572 17573
17573 17572 17574
17573 17574 17575
17575 17574 17576
17575 17576 17577
17578 17579 17580
17578 17580 17581
17582 17583 17584
17582 17584 17585
17586 17587 17588
17586 17589 17587
17590 17589 17586
17590 17591 17589
17592 17591 17590
17592 17593 17591
17594 17593 17592
17594 17595 17593
17596 17595 17594
17596 17597 17595
17598 17599 17600
17598 17601 17599
17602 17601 17598
17602 17603 17601
17604 17605 17606
17604 17606 17607
17607 17606 17608
17607 17608 17609
17610 17611 17612
17610 17613 17611
17614 17613 17610
17614 17615 17613
17616 17615 17614
17616 17617 17615
17618 17617 17616
17618 17619 17617
17620 17619 17618
17620 17621 17619
17622 17623 17624
17622 17624 17625
17626 17627 17628
17629 17627 17626
17629 17630 17627
17631 17632 17633
17631 17633 17634
17635 17634 17633
17636 17635 17633
17637 17638 17639
17637 17639 17640
17641 17640 17639
17642 17640 17641
17642 17643 17640
17640 17643 17644
17643 17645 17644
17646 17640 17644
17646 17637 17640
17646 17647 17637
17648 17637 17647
17648 17649 17637
17649 17648 17650
17637 17649 17651
17652 17653 17654
17653 17655 17654
17653 17656 17655
17657 17658 17659
17659 17660 17657
17657 17660 17661
17660 17662 17661
17663 17661 17662
17661 17664 17657
17664 17665 17657
17666 17661 17663
17666 17664 17661
17667 17664 17666
17668 17666 17663
17666 17668 17669
17670 17671 17672
17670 17673 17671
17674 17673 17670
17675 17676 17677
17678 17676 17675
17678 17675 17679
17680 17681 17682
17683 17681 17680
17681 17683 17684
17683 17685 17684
17683 17680 17685
17680 17686 17685
17687 17688 17689
17687 17690 17688
17687 17691 17690
17690 17691 17692
17692 17691 17693
17691 17687 17694
17687 17695 17694
17696 17691 17694
17696 17697 17691
17691 17697 17693
17693 17697 17698
17699 17700 17701
17702 17700 17699
17703 17702 17699
17700 17702 17704
17703 17704 17702
17700 17704 17705
17706 17704 17703
17705 17704 17707
17708 17704 17706
17707 17704 17708
17708 17706 17709
17707 17708 17710
17711 17708 17709
17712 17710 17708
17711 17712 17708
17713 17714 17715
17716 17713 17715
17716 17715 17717
17718 17716 17717
17718 17717 17719
17718 17719 17720
17718 17720 17721
17722 17718 17721
17722 17723 17718
17718 17723 17724
17718 17724 17716
17724 17713 17716
17725 17713 17724
17726 17727 17728
17726 17728 17729
17730 17726 17731
17730 17731 17732
17733 17730 17732
17733 17732 17734
17735 17733 17734
17735 17734 17736
17737 17738 17739
17737 17740 17738
17740 17741 17738
17740 17742 17741
17742 17743 17741
17742 17744 17743
17744 17745 17743
17744 17746 17745
17746 17747 17745
17746 17748 17747
17749 17750 17751
17749 17751 17752
17753 17754 17755
17753 17756 17754
17756 17757 17754
17756 17758 17757
17758 17759 17757
17758 17760 17759
17760 17761 17759
17760 17762 17761
17762 17763 17761
17762 17764 17763
17765 17766 17767
17765 17767 17768
17769 17765 17768
17769 17768 17770
17771 17769 17770
17771 17770 17772
17773 17771 17772
17773 17772 17774
17775 17773 17774
17775 17774 17776
17777 17778 17776
17777 17776 17779
17780 17781 17782
17780 17782 17783
17784 17785 17786
17784 17786 17787
17788 17784 17787
17789 17790 17791
17789 17791 17792
17793 17794 17795
17793 17795 17796
17797 17793 17796
17797 17796 17798
17799 17797 17798
17799 17798 17800
17801 17799 17800
17801 17800 17802
17803 17801 17802
17803 17802 17804
17805 17806 17807
17805 17807 17808
17809 17805 17808
17809 17808 17810
17811 17812 17813
17811 17814 17812
17814 17815 17816
17814 17816 17817
17818 17819 17820
17818 17820 17821
17822 17818 17821
17822 17821 17823
17824 17822 17823
17824 17823 17825
17826 17824 17825
17826 17825 17827
17828 17826 17829
17828 17829 17830
17831 17832 17833
17831 17833 17834
17835 17836 17837
17835 17837 17838
17839 17835 17838
17837 17840 17838
17841 17839 17838
17840 17841 17838
17840 17842 17841
17841 17843 17839
17842 17844 17841
17841 17845 17843
17841 17844 17845
17843 17845 17846
17845 17844 17847
17845 17848 17846
17849 17845 17847
17849 17848 17845
17850 17851 17852
17853 17851 17854
17853 17854 17855
17856 17853 17855
17856 17857 17853
17857 17858 17853
17857 17859 17850
17856 17860 17857
17859 17857 17861
17860 17861 17857
17862 17861 17860
17863 17859 17861
17863 17861 17864
17861 17865 17864
17862 17866 17864
17864 17867 17863
17866 17868 17864
17868 17867 17864
17869 17870 17871
17871 17872 17869
17871 17873 17872
17869 17872 17874
17875 17872 17873
17876 17874 17872
17875 17876 17872
17876 17877 17874
17878 17876 17875
17879 17877 17876
17880 17876 17878
17879 17876 17880
17878 17881 17880
17882 17879 17880
17882 17880 17881
17881 17883 17882
17884 17885 17886
17887 17885 17884
17887 17884 17888
17889 17888 17884
17890 17887 17888
17891 17888 17889
17890 17888 17892
17888 17891 17892
17893 17892 17891
17892 17894 17890
17893 17895 17892
17892 17895 17894
17895 17896 17894
17897 17898 17899
17897 17899 17900
17900 17899 17901
17901 17902 17900
17900 17902 17903
17902 17904 17903
17903 17905 17900
17905 17906 17900
17907 17905 17903
17908 17907 17903
17909 17903 17904
17910 17909 17904
17909 17910 17911
17908 17903 17912
17908 17912 17913
17913 17912 17911
17913 17911 17914
17915 17916 17917
17917 17916 17918
17917 17918 17919
17916 17920 17918
17918 17921 17919
17920 17922 17918
17922 17921 17918
17920 17923 17922
17924 17922 17923
17922 17925 17921
17924 17925 17922
17921 17925 17926
17927 17925 17924
17925 17928 17926
17928 17925 17927
17926 17928 17929
17930 17928 17927
17929 17928 17931
17930 17931 17928
17931 17930 17932
17933 17934 17935
17933 17935 17936
17933 17936 17937
17936 17935 17938
17937 17936 17939
17940 17936 17938
17936 17941 17939
17940 17941 17936
17942 17939 17941
17941 17940 17943
17942 17941 17944
17941 17943 17944
17945 17946 17947
17947 17946 17948
17949 17947 17948
17949 17950 17947
17950 17949 17951
17950 17951 17952
17951 17953 17952
17951 17954 17953
17954 17955 17953
17956 17952 17953
17956 17950 17952
17957 17950 17956
17957 17958 17950
17957 17959 17958
17959 17960 17958
17961 17962 17963
17961 17964 17962
17962 17964 17965
17964 17966 17965
17967 17966 17964
17968 17966 17967
17969 17968 17967
17969 17970 17968
17970 17969 17971
17969 17972 17971
17969 17973 17972
17974 17973 17969
17974 17969 17975
17975 17969 17967
17964 17975 17967
17964 17976 17975
17976 17964 17977
17978 17979 17980
17978 17980 17981
17982 17980 17983
17982 17983 17984
17985 17986 17987
17985 17987 17988
17989 17990 17985
17989 17991 17990
17992 17993 17994
17992 17994 17995
17996 17997 17998
17996 17998 17999
18000 17998 18001
18000 18001 18002
18002 18001 18003
18002 18003 18004
18004 18003 18005
18004 18005 18006
18007 18008 18009
18007 18010 18008
18011 18010 18007
18011 18012 18010
18013 18012 18011
18013 18014 18012
18015 18014 18016
18015 18017 18014
18018 18019 18017
18018 18017 18020
18021 18022 18023
18021 18023 18024
18025 18023 18026
18025 18026 18027
18028 18029 18030
18028 18030 18031
18031 18032 18033
18031 18033 18034
18035 18036 18037
18035 18037 18038
18038 18039 18040
18038 18040 18041
18041 18042 18043
18041 18043 18044
18045 18046 18047
18045 18047 18048
18049 18047 18050
18049 18050 18051
18052 18053 18054
18052 18054 18055
18056 18057 18058
18056 18059 18057
18060 18059 18056
18060 18061 18059
18062 18063 18064
18062 18064 18065
18066 18067 18068
18066 18069 18067
18070 18069 18066
18070 18071 18069
18072 18073 18074
18072 18074 18075
18076 18077 18078
18076 18078 18079
18080 18081 18082
18080 18082 18083
18084 18085 18086
18084 18086 18087
18088 18089 18090
18088 18090 18091
18092 18093 18094
18092 18094 18095
18096 18097 18098
18096 18098 18099
18100 18098 18101
18100 18101 18102
18102 18101 18103
18102 18103 18104
18104 18103 18105
18104 18105 18106
18107 18108 18109
18107 18109 18110
18110 18109 18111
18110 18111 18112
18112 18113 18114
18112 18114 18115
18116 18117 18118
18116 18118 18119
18120 18121 18122
18120 18122 18123
18124 18125 18126
18124 18126 18127
18128 18129 18124
18128 18130 18129
18131 18132 18133
18131 18133 18134
18134 18133 18135
18134 18135 18136
18137 18138 18139
18137 18139 18140
18141 18142 18143
18141 18143 18144
18145 18146 18147
18145 18147 18148
18149 18150 18151
18149 18151 18152
18153 18154 18155
18153 18155 18156
18157 18158 18153
18157 18159 18158
18160 18161 18162
18160 18162 18163
18164 18165 18166
18164 18166 18167
18168 18169 18170
18168 18170 18171
18172 18173 18174
18172 18174 18175
18176 18177 18178
18176 18178 18179
18180 18181 18182
18180 18182 18183
18184 18185 18186
18184 18186 18187
18188 18189 18190
18188 18191 18189
18188 18192 18191
18188 18193 18192
18194 18193 18188
18194 18188 18195
18194 18196 18193
18194 18195 18197
18198 18196 18194
18198 18194 18197
18198 18199 18196
18198 18197 18200
18201 18199 18198
18201 18198 18200
18201 18202 18199
18201 18200 18203
18204 18202 18201
18204 18201 18203
18204 18205 18202
18204 18203 18206
18207 18205 18204
18207 18204 18206
18207 18208 18205
18207 18206 18209
18210 18208 18207
18210 18207 18209
18210 18211 18208
18210 18209 18212
18213 18211 18210
18213 18210 18212
18213 18214 18211
18213 18215 18214
18213 18212 18216
18213 18216 18215
18214 18215 18217
18215 18216 18218
18219 18217 18215
18220 18215 18218
18221 18219 18215
18215 18220 18221
18222 18219 18221
18223 18222 18221
18221 18220 18224
18223 18221 18224
18223 18225 18222
18223 18224 18226
18227 18225 18223
18223 18228 18227
18229 18223 18226
18223 18229 18228
18228 18230 18227
18228 18229 18231
18228 18232 18230
18228 18231 18233
18234 18232 18228
18228 18233 18234
18235 18232 18234
18236 18234 18233
18237 18235 18234
18238 18234 18236
18234 18239 18237
18240 18234 18238
18241 18239 18234
18241 18234 18240
18242 18243 18244
18242 18244 18245
18246 18242 18245
18246 18245 18247
18248 18246 18247
18248 18247 18249
18250 18248 18249
18250 18249 18251
18250 18251 18252
18253 18250 18252
18253 18252 18254
18254 18252 18255
18254 18255 18256
18254 18256 18257
18257 18256 18258
18257 18258 18259
18259 18258 18260
18259 18260 18261
18261 18260 18262
18261 18262 18263
18264 18262 18265
18264 18265 18266
18265 18267 18266
18265 18268 18267
18267 18268 18269
18270 18271 18272
18273 18270 18272
18273 18272 18274
18275 18273 18274
18273 18276 18270
18270 18276 18277
18273 18278 18276
18279 18278 18273
18275 18280 18273
18279 18273 18280
18281 18280 18275
18281 18279 18280
18281 18275 18282
18281 18283 18279
18284 18281 18282
18285 18283 18281
18284 18286 18281
18285 18281 18286
18284 18287 18286
18285 18286 18287
18284 18288 18287
18285 18287 18289
18288 18290 18287
18291 18290 18288
18291 18292 18290
18291 18293 18292
18294 18292 18293
18289 18287 18295
18296 18289 18295
18296 18295 18297
18296 18297 18298
18299 18298 18297
18299 18297 18300
18287 18290 18301
18287 18301 18295
18290 18292 18301
18295 18301 18297
18302 18300 18297
18297 18303 18302
18302 18304 18300
18304 18302 18305
18301 18306 18297
18301 18292 18306
18297 18306 18303
18292 18303 18306
18305 18302 18307
18303 18307 18302
18308 18305 18307
18308 18307 18309
18307 18310 18309
18311 18310 18307
18303 18311 18307
18312 18310 18311
18312 18311 18313
18311 18314 18313
18314 18311 18303
18314 18315 18313
18316 18315 18314
18292 18317 18303
18314 18303 18317
18316 18314 18318
18318 18314 18317
18317 18292 18319
18294 18319 18292
18294 18320 18319
18294 18321 18320
18322 18320 18321
18317 18319 18323
18318 18317 18323
18324 18323 18319
18324 18318 18323
18324 18319 18320
18320 18325 18324
18316 18318 18326
18324 18326 18318
18325 18326 18324
18316 18326 18327
18326 18328 18327
18329 18328 18326
18325 18329 18326
18330 18328 18329
18330 18329 18331
18329 18332 18331
18332 18329 18325
18332 18333 18331
18334 18333 18332
18334 18332 18335
18335 18332 18336
18332 18325 18336
18335 18336 18337
18338 18336 18325
18336 18338 18339
18336 18339 18337
18340 18339 18338
18340 18338 18341
18342 18341 18338
18338 18325 18343
18320 18343 18325
18342 18338 18344
18342 18344 18345
18345 18344 18346
18347 18345 18346
18348 18338 18343
18344 18338 18348
18348 18343 18320
18346 18344 18348
18349 18348 18320
18346 18348 18349
18322 18349 18320
18322 18350 18349
18350 18346 18349
18351 18346 18350
18347 18346 18352
18351 18352 18346
18347 18352 18353
18351 18353 18352
18347 18353 18354
18351 18355 18353
18353 18356 18354
18353 18355 18357
18353 18358 18356
18353 18357 18358
18356 18358 18359
18357 18359 18358
18356 18359 18360
18357 18361 18359
18359 18362 18360
18359 18361 18363
18359 18364 18362
18359 18363 18364
18364 18365 18362
18364 18363 18366
18367 18368 18369
18370 18367 18369
18370 18371 18367
18372 18371 18370
18372 18370 18244
18373 18374 18375
18375 18374 18376
18374 18377 18376
18378 18376 18377
18374 18379 18377
18380 18379 18374
18381 18380 18374
18382 18377 18379
18378 18377 18383
18382 18383 18377
18384 18378 18383
18384 18383 18382
18384 18385 18378
18384 18382 18386
18385 18384 18387
18386 18387 18384
18385 18387 18388
18389 18388 18387
18386 18390 18387
18389 18387 18390
18389 18391 18388
18389 18390 18392
18393 18391 18389
18394 18389 18392
18393 18389 18395
18394 18395 18389
18395 18396 18393
18395 18397 18396
18395 18398 18397
18398 18395 18399
18395 18394 18399
18398 18399 18400
18398 18401 18402
18398 18403 18401
18403 18404 18401
18404 18403 18405
18404 18405 18406
18405 18407 18406
18403 18398 18408
18403 18408 18409
18403 18409 18410
18410 18405 18403
18410 18411 18405
18405 18411 18412
18405 18413 18407
18405 18412 18413
18414 18407 18413
18415 18413 18412
18414 18413 18416
18415 18416 18413
18416 18417 18414
18416 18415 18418
18416 18419 18417
18416 18418 18419
18417 18419 18420
18418 18420 18419
18417 18420 18421
18418 18422 18420
18423 18421 18420
18423 18420 18422
18424 18421 18423
18425 18424 18423
18426 18423 18422
18427 18423 18426
18428 18429 18430
18428 18431 18429
18432 18431 18428
18432 18433 18431
18434 18433 18432
18434 18435 18433
18436 18435 18434
18436 18437 18435
18436 18438 18437
18439 18438 18436
18440 18429 18441
18440 18441 18442
18441 18443 18442
18441 18444 18443
18443 18444 18445
18446 18447 18448
18446 18448 18449
18450 18446 18449
18450 18449 18451
18452 18450 18451
18452 18451 18453
18454 18452 18453
18454 18453 18455
18454 18455 18456
18457 18454 18456
18458 18459 18448
18458 18460 18459
18459 18460 18461
18459 18461 18462
18461 18463 18462
18464 18465 18466
18464 18467 18465
18467 18468 18465
18468 18467 18469
18468 18469 18470
18469 18471 18470
18467 18464 18472
18467 18472 18473
18467 18473 18474
18474 18469 18467
18474 18475 18469
18469 18475 18476
18469 18477 18471
18469 18476 18477
18478 18471 18477
18479 18477 18476
18478 18477 18480
18479 18480 18477
18480 18481 18478
18480 18479 18482
18480 18483 18481
18480 18482 18483
18481 18483 18484
18482 18484 18483
18481 18484 18485
18482 18486 18484
18487 18485 18484
18487 18484 18486
18488 18485 18487
18489 18488 18487
18490 18487 18486
18491 18487 18490
18492 18493 18494
18492 18494 18495
18496 18492 18495
18496 18495 18497
18498 18496 18497
18498 18497 18499
18500 18498 18499
18500 18499 18501
18500 18501 18502
18503 18500 18502
18504 18505 18494
18504 18506 18505
18505 18506 18507
18505 18507 18508
18507 18509 18508
18464 18510 18511
18464 18512 18510
18512 18464 18513
18512 18513 18514
18512 18515 18510
18515 18512 18516
18512 18514 18517
18517 18516 18512
18515 18516 18518
18517 18519 18516
18516 18520 18518
18516 18519 18521
18516 18522 18520
18516 18521 18522
18523 18520 18522
18524 18522 18521
18523 18522 18525
18524 18525 18522
18525 18526 18523
18525 18524 18527
18525 18528 18526
18525 18527 18528
18526 18528 18529
18527 18529 18528
18526 18529 18530
18527 18531 18529
18532 18530 18529
18532 18529 18531
18533 18530 18532
18534 18533 18532
18535 18532 18531
18536 18532 18535
18537 18538 18539
18540 18537 18539
18540 18539 18541
18542 18540 18541
18540 18543 18537
18537 18543 18544
18540 18545 18543
18546 18545 18540
18542 18547 18540
18546 18540 18547
18548 18547 18542
18548 18546 18547
18548 18542 18549
18548 18550 18546
18551 18548 18549
18552 18550 18548
18551 18553 18548
18552 18548 18553
18551 18554 18553
18552 18553 18554
18551 18555 18554
18552 18554 18556
18555 18557 18554
18558 18557 18555
18558 18559 18557
18558 18560 18559
18561 18559 18560
18561 18562 18559
18556 18554 18563
18564 18556 18563
18564 18563 18565
18564 18565 18566
18567 18566 18565
18567 18565 18568
18554 18557 18569
18554 18569 18563
18557 18559 18569
18563 18569 18565
18570 18559 18562
18559 18570 18571
18570 18562 18572
18573 18570 18572
18569 18559 18574
18569 18574 18565
18559 18571 18574
18565 18574 18571
18575 18568 18565
18565 18571 18575
18575 18576 18568
18575 18577 18576
18573 18578 18570
18578 18571 18570
18579 18578 18573
18579 18580 18578
18578 18580 18581
18575 18582 18577
18571 18582 18575
18583 18577 18582
18583 18582 18584
18582 18585 18584
18586 18578 18581
18578 18586 18571
18571 18586 18582
18586 18585 18582
18587 18586 18581
18587 18585 18586
18588 18589 18590
18588 18591 18589
18592 18591 18588
18592 18593 18591
18594 18593 18592
18594 18595 18593
18596 18595 18594
18596 18597 18595
18596 18598 18597
18599 18598 18596
18600 18589 18601
18600 18601 18602
18601 18603 18602
18601 18604 18603
18603 18604 18605
18606 18607 18608
18606 18608 18609
18610 18606 18609
18610 18609 18611
18612 18610 18611
18612 18611 18613
18614 18612 18613
18614 18613 18615
18614 18615 18616
18617 18614 18616
18618 18619 18608
18618 18620 18619
18619 18620 18621
18619 18621 18622
18621 18623 18622
18617 18624 18625
18625 18624 18626
18625 18626 18627
18625 18627 18628
18628 18627 18629
18628 18629 18630
18630 18629 18631
18630 18631 18632
18632 18631 18633
18632 18633 18634
18635 18633 18636
18635 18636 18637
18636 18638 18637
18636 18639 18638
18638 18639 18640
18398 18641 18642
18398 18643 18641
18643 18398 18644
18643 18644 18645
18643 18646 18641
18646 18643 18647
18643 18645 18648
18648 18647 18643
18646 18647 18649
18648 18650 18647
18647 18651 18649
18647 18650 18652
18647 18653 18651
18647 18652 18653
18654 18651 18653
18655 18653 18652
18654 18653 18656
18655 18656 18653
18656 18657 18654
18656 18655 18658
18656 18659 18657
18656 18658 18659
18657 18659 18660
18658 18660 18659
18657 18660 18661
18658 18662 18660
18663 18661 18660
18663 18660 18662
18664 18661 18663
18665 18664 18663
18666 18663 18662
18667 18663 18666
18668 18669 18670
18671 18668 18670
18671 18670 18672
18673 18671 18672
18673 18674 18671
18675 18674 18673
18675 18673 18676
18677 18675 18676
18678 18671 18674
18675 18678 18674
18678 18679 18671
18671 18679 18680
18671 18680 18681
18681 18680 18682
18675 18683 18678
18684 18683 18675
18677 18685 18675
18684 18675 18685
18677 18686 18685
18684 18685 18686
18677 18687 18686
18684 18686 18688
18687 18689 18686
18690 18689 18687
18690 18691 18689
18690 18692 18691
18693 18691 18692
18688 18686 18694
18695 18688 18694
18695 18694 18696
18695 18696 18697
18698 18697 18696
18698 18696 18699
18686 18689 18700
18686 18700 18694
18689 18691 18700
18694 18700 18696
18701 18699 18696
18696 18702 18701
18701 18703 18699
18701 18704 18703
18700 18705 18696
18700 18691 18705
18696 18705 18702
18691 18702 18705
18701 18706 18704
18702 18706 18701
18707 18704 18706
18707 18706 18708
18706 18709 18708
18710 18709 18706
18702 18710 18706
18711 18709 18710
18711 18710 18712
18710 18713 18712
18713 18710 18702
18713 18714 18712
18715 18714 18713
18691 18716 18702
18713 18702 18716
18715 18713 18717
18713 18716 18717
18716 18691 18718
18693 18718 18691
18693 18719 18718
18693 18720 18719
18721 18719 18720
18716 18718 18722
18717 18716 18722
18723 18722 18718
18723 18717 18722
18723 18718 18719
18719 18724 18723
18715 18717 18725
18723 18725 18717
18725 18723 18724
18715 18725 18726
18725 18727 18726
18728 18727 18725
18728 18725 18724
18729 18727 18728
18729 18728 18730
18728 18731 18730
18728 18724 18731
18731 18732 18730
18733 18732 18731
18733 18731 18734
18734 18731 18735
18731 18724 18735
18734 18735 18736
18737 18735 18724
18735 18737 18738
18735 18738 18736
18739 18738 18737
18739 18737 18740
18741 18740 18737
18737 18724 18742
18719 18742 18724
18741 18737 18743
18741 18743 18744
18744 18743 18745
18746 18744 18745
18747 18737 18742
18743 18737 18747
18747 18742 18719
18745 18743 18747
18748 18747 18719
18745 18747 18748
18721 18748 18719
18721 18749 18748
18749 18745 18748
18750 18745 18749
18746 18745 18751
18750 18751 18745
18746 18751 18752
18750 18752 18751
18746 18752 18753
18750 18754 18752
18752 18755 18753
18752 18754 18756
18752 18757 18755
18752 18756 18757
18755 18757 18758
18756 18758 18757
18755 18758 18759
18756 18760 18758
18758 18761 18759
18758 18760 18762
18758 18763 18761
18758 18762 18763
18763 18764 18761
18763 18762 18765
18766 18767 18768
18766 18769 18767
18770 18769 18766
18770 18771 18769
18772 18771 18770
18772 18773 18771
18774 18773 18772
18774 18775 18773
18774 18776 18775
18777 18776 18774
18778 18767 18779
18778 18779 18780
18779 18781 18780
18779 18782 18781
18781 18782 18783
18784 18785 18786
18784 18786 18787
18788 18784 18787
18788 18787 18789
18790 18788 18789
18790 18789 18791
18792 18790 18791
18792 18791 18793
18792 18793 18794
18795 18792 18794
18796 18797 18786
18796 18798 18797
18797 18798 18799
18797 18799 18800
18799 18801 18800
18802 18803 18804
18802 18805 18803
18806 18803 18805
18806 18807 18803
18808 18807 18806
18808 18809 18807
18810 18809 18808
18810 18811 18809
18812 18811 18810
18812 18813 18811
18813 18812 18814
18813 18814 16694
16686 16694 18814
16686 18814 16687
16687 18814 18812
16687 18812 18815
18812 18816 18815
18812 18810 18816
18810 18817 18816
18810 18808 18817
18808 18818 18817
18808 18806 18818
18806 18819 18818
18806 18820 18819
18820 18821 18819
18802 18821 18820
18822 18823 18824
18824 18823 18825
18825 18823 18826
18827 18825 18828
18829 18827 18828
18827 18829 18830
18829 18828 18831
18832 18829 18831
18833 18829 18832
18834 18833 18832
18834 18835 18833
18836 18835 18834
18836 18837 18835
18837 18836 18838
18837 18838 18839
18840 18839 18838
18840 18841 18839
18842 18841 18840
18842 18843 18841
18844 18843 18842
18844 18845 18843
18833 18846 18829
18829 18846 18847
18847 18848 18829
18833 18849 18846
18835 18849 18833
18835 18850 18849
18837 18850 18835
18837 18851 18850
18851 18837 18839
18851 18839 18852
18841 18852 18839
18841 18853 18852
18843 18853 18841
18843 18854 18853
18845 18854 18843
18845 18855 18854
18856 18855 18845
18856 18857 18855
18858 18856 18859
18858 18859 18844
18860 18861 18862
18861 18863 18862
18863 18864 18862
18865 18864 18863
18866 18864 18865
18865 18867 18866
18866 18868 18864
18869 18868 18866
18870 18869 18866
18871 18869 18870
18871 18870 18872
18873 18871 18872
18873 18872 18874
18874 18875 18873
18874 18872 18876
18874 18876 18877
18874 18878 18875
18877 18878 18874
18879 18875 18878
18877 18880 18878
18879 18878 18881
18881 18878 18880
18882 18879 18881
18881 18880 18883
18882 18881 18884
18884 18881 18883
18885 18882 18884
18884 18883 18886
18885 18884 18887
18887 18884 18886
18888 18885 18887
18887 18886 18889
18888 18887 18890
18890 18887 18889
18890 18889 18891
18872 18892 18893
18872 18870 18892
18870 18894 18892
18870 18866 18894
18866 18895 18894
18895 18866 18896
18897 18898 18899
18900 18898 18897
18901 18900 18897
18900 18902 18898
18903 18900 18901
18903 18902 18900
18904 18903 18901
18904 18905 18903
18903 18906 18902
18905 18906 18903
18907 18902 18906
18905 18908 18906
18907 18906 18909
18908 18909 18906
18908 18910 18909
18911 18907 18909
18911 18909 18912
18913 18909 18910
18912 18909 18913
18914 18911 18912
18913 18915 18912
18916 18914 18912
18915 18917 18912
18916 18912 18918
18912 18917 18918
18918 18917 18919
18919 18920 18918
18920 18921 18918
18922 18921 18920
18921 18923 18918
18921 18924 18923
18925 18921 18922
18926 18924 18921
18925 18927 18921
18927 18926 18921
18928 18927 18925
18927 18929 18926
18927 18928 18930
18930 18929 18927
18930 18928 18931
18931 18932 18930
18931 18933 18932
18934 18930 18932
18930 18935 18929
18934 18935 18930
18929 18935 18936
18934 18937 18935
18938 18936 18935
18935 18937 18938
18939 18940 18941
18939 18941 18942
18942 18941 18943
18943 18941 18944
18944 18945 18943
18943 18945 18946
18947 18943 18946
18948 18942 18943
18947 18949 18943
18948 18943 18949
18950 18949 18947
18950 18948 18949
18950 18947 18951
18950 18952 18948
18948 18952 18953
18954 18942 18948
18948 18953 18954
18954 18939 18942
18953 18955 18954
18954 18955 18956
18954 18956 18957
18957 18939 18954
18956 18958 18957
18957 18958 18959
18957 18960 18939
18960 18961 18939
18960 18962 18961
18957 18959 18963
18957 18963 18960
18964 18963 18959
18963 18964 18965
18963 18965 18966
18967 18962 18960
18963 18967 18960
18967 18963 18966
18967 18968 18962
18968 18967 18966
18968 18966 18969
18970 18971 18972
18970 18973 18971
18974 18973 18970
18974 18975 18973
18976 18975 18974
18976 18977 18975
18978 18973 18975
18977 18978 18975
18979 18973 18978
18979 18971 18973
18977 18980 18978
18981 18971 18979
18982 18980 18977
18982 18983 18980
18981 18984 18971
18981 18985 18984
18984 18986 18971
18971 18986 18987
18984 18988 18986
18985 18988 18984
18985 18989 18988
18989 18990 18988
18989 18991 18990
18992 18990 18991
18992 18991 18993
18994 18992 18993
18995 18983 18982
18995 18996 18983
18996 18995 18997
18997 18995 18998
18997 18998 18999
19000 18998 18995
19001 18998 19000
19001 19002 18998
18999 18998 19002
18999 19002 19003
19003 19002 19004
19003 19004 19005
18993 19003 19005
19005 19006 18993
19007 18995 18982
19007 19008 18995
19007 18982 19009
19009 18982 18977
19009 18977 19010
19011 19012 19013
19014 19011 19013
19015 19011 19014
19014 19013 19016
19017 19015 19014
19017 19014 19016
19018 19015 19017
19018 19017 19019
19017 19016 19020
19019 19017 19020
19021 19020 19016
19019 19020 19022
19021 19023 19020
19022 19020 19023
19022 19023 19024
19025 19023 19021
19025 19026 19023
19027 19024 19023
19026 19027 19023
19028 19026 19025
19027 19026 19029
19030 19026 19028
19029 19026 19031
19030 19032 19026
19026 19032 19031
19032 19033 19031
19033 19032 19034
19034 19032 19035
19036 19034 19035
19035 19032 19037
19035 19037 19038
19039 19036 19035
19040 19035 19038
19039 19035 19041
19041 19035 19040
19042 19039 19041
19041 19040 19043
19041 19044 19042
19044 19041 19043
19044 19045 19042
19045 19044 19046
19045 19046 19047
19048 19046 19044
19044 19043 19049
19048 19044 19049
19043 19050 19049
19048 19049 19051
19052 19049 19050
19049 19052 19051
19053 19054 19055
19053 19056 19054
19056 19057 19054
19057 19058 19054
19058 19057 19059
19057 19060 19059
19061 19060 19057
19062 19057 19056
19061 19057 19063
19062 19063 19057
19064 19061 19063
19064 19063 19062
19064 19065 19061
19064 19062 19066
19062 19067 19066
19068 19062 19056
19062 19068 19067
19068 19056 19053
19067 19068 19069
19068 19070 19069
19068 19071 19070
19071 19068 19053
19070 19071 19072
19071 19073 19072
19071 19053 19074
19074 19053 19075
19074 19075 19076
19071 19077 19073
19071 19074 19077
19078 19073 19077
19077 19079 19078
19077 19080 19079
19081 19074 19076
19077 19074 19081
19081 19080 19077
19081 19076 19082
19082 19080 19081
19082 19083 19080
19084 19085 19086
19084 19086 19087
19088 19084 19087
19088 19087 19089
19090 19088 19089
19090 19089 19091
19092 19089 19087
19091 19089 19092
19093 19092 19087
19093 19087 19086
19091 19092 19094
19095 19093 19086
19096 19091 19094
19096 19094 19097
19095 19086 19098
19095 19098 19099
19098 19086 19100
19086 19101 19100
19098 19100 19102
19099 19098 19102
19099 19102 19103
19103 19102 19104
19103 19104 19105
19106 19105 19104
19106 19107 19105
19108 19107 19106
19109 19096 19097
19109 19097 19110
19110 19111 19109
19111 19112 19109
19111 19113 19112
19114 19109 19112
19115 19114 19112
19115 19112 19116
19113 19116 19112
19113 19117 19116
19117 19118 19116
19117 19119 19118
19120 19119 19117
19119 19120 19121
19122 19096 19109
19122 19109 19123
19122 19124 19096
19124 19091 19096
19124 19125 19091
19126 19127 19128
19128 19129 19126
19130 19126 19129
19130 19131 19126
19132 19131 19130
19132 19133 19131
19132 19134 19133
19132 19135 19134
19134 19136 19133
19134 19135 19137
19135 19138 19137
19134 19139 19136
19139 19134 19137
19139 19140 19136
19137 19138 19141
19138 19142 19141
19143 19140 19139
19143 19144 19140
19139 19137 19145
19137 19141 19145
19145 19143 19139
19146 19145 19141
19147 19141 19142
19146 19141 19147
19142 19148 19147
19149 19144 19143
19150 19144 19149
19149 19151 19150
19149 19152 19151
19145 19153 19143
19143 19153 19149
19149 19153 19152
19153 19145 19146
19154 19152 19153
19154 19153 19146
19146 19155 19154
19156 19155 19146
19156 19146 19157
19157 19146 19147
19158 19157 19147
19148 19158 19147
19158 19148 19159
19159 19148 19160
19161 19162 19163
19162 19161 19164
19161 19165 19164
19166 19164 19165
19167 19166 19165
19166 19167 19168
19167 19169 19168
19168 19169 19170
19168 19170 19171
19172 19171 19170
19172 19173 19171
19174 19173 19172
19175 19172 19170
19176 19172 19175
19177 19172 19176
19178 19179 19180
19181 19178 19180
19182 19181 19180
19183 19181 19182
19183 19182 19184
19178 19181 19185
19183 19184 19186
19187 19186 19184
19188 19186 19187
19186 19188 19183
19187 19189 19188
19187 19190 19189
19188 19191 19183
19189 19190 19192
19190 19193 19192
19194 19192 19193
19195 19189 19192
19196 19192 19194
19197 19195 19192
19196 19197 19192
19198 19195 19197
19196 19198 19197
19198 19191 19195
19196 19199 19198
19198 19199 19200
19199 19201 19200
19202 19191 19198
19202 19198 19200
19203 19200 19201
19203 19202 19200
19203 19201 19204
19205 19203 19204
19202 19206 19191
19206 19183 19191
19203 19207 19202
19207 19206 19202
19205 19208 19203
19208 19207 19203
19209 19208 19205
19209 19205 19210
19211 19208 19209
19208 19211 19212
19208 19212 19213
19208 19213 19207
19214 19213 19212
19213 19215 19207
19207 19215 19206
19214 19216 19213
19213 19216 19215
19217 19216 19214
19218 19216 19217
19218 19219 19216
19219 19215 19216
19219 19218 19185
19219 19220 19215
19220 19219 19185
19220 19206 19215
19181 19220 19185
19220 19221 19206
19220 19181 19221
19206 19221 19183
19183 19221 19181
19222 19223 19224
19222 19224 19225
19226 19224 19227
19226 19227 19228
19229 19227 19230
19229 19230 19231
19231 19230 19232
19231 19232 19233
19234 19235 19236
19236 19235 19237
19238 19237 19235
19239 19237 19238
19238 19235 19240
19241 19239 19238
19238 19240 19242
19242 19240 19243
19241 19238 19244
19244 19238 19242
19244 19245 19241
19243 19246 19242
19247 19246 19243
19248 19244 19242
19246 19248 19242
19244 19249 19245
19244 19248 19249
19250 19245 19249
19251 19245 19250
19249 19252 19250
19249 19248 19252
19252 19248 19253
19248 19246 19253
19246 19254 19253
19247 19254 19246
19247 19255 19254
19247 19256 19255
19256 19257 19255
19256 19258 19257
19259 19257 19258
19257 19259 19260
19261 19262 19263
19261 19263 19264
19264 19265 19261
19266 19264 19263
19266 19263 19267
19268 19266 19267
19264 19269 19265
19269 19270 19265
19269 19271 19270
19264 19266 19272
19264 19272 19269
19273 19266 19268
19273 19272 19266
19274 19271 19269
19271 19274 19275
19269 19272 19276
19276 19272 19273
19269 19276 19274
19274 19277 19275
19278 19277 19274
19278 19274 19276
19279 19273 19268
19268 19280 19279
19279 19280 19281
19279 19281 19282
19283 19273 19279
19283 19279 19282
19276 19273 19284
19283 19284 19273
19285 19283 19282
19283 19285 19284
19282 19286 19285
19276 19284 19287
19284 19285 19287
19276 19287 19278
19285 19286 19288
19287 19285 19288
19289 19288 19286
19278 19287 19290
19287 19288 19290
19291 19288 19289
19290 19288 19291
19292 19291 19289
19278 19290 19293
19293 19294 19278
19295 19291 19292
19295 19292 19296
19290 19291 19297
19293 19290 19297
19297 19291 19295
19298 19295 19296
19298 19296 19299
19299 19300 19298
19299 19301 19300
19301 19302 19300
19300 19302 19303
19303 19304 19300
19305 19297 19295
19305 19295 19298
19293 19297 19305
19298 19300 19305
19304 19306 19300
19305 19300 19306
19307 19306 19304
19308 19306 19307
19305 19309 19293
19305 19306 19309
19309 19306 19308
19310 19309 19308
19293 19309 19294
19294 19309 19310
19310 19311 19294
19275 19294 19311
19312 19313 19314
19314 19315 19312
19315 19316 19312
19316 19315 19317
19318 19316 19317
19317 19319 19318
19320 19319 19321
19319 19322 19321
19319 19323 19322
19324 19322 19323
19324 19323 19325
19326 19322 19324
19327 19324 19325
19328 19326 19324
19327 19328 19324
19329 19330 19331
19332 19330 19329
19333 19330 19332
19334 19333 19332
19334 19335 19333
19329 19336 19332
19334 19337 19335
19337 19334 19338
19339 19335 19337
19338 19339 19337
19338 19340 19339
19339 19340 19341
19341 19340 19342
19342 19340 19338
19341 19342 19343
19344 19343 19342
19345 19344 19342
19345 19342 19346
19346 19342 19338
19347 19345 19346
19347 19346 19338
19347 19348 19345
19338 19334 19349
19347 19338 19349
19347 19350 19348
19348 19350 19351
19352 19347 19349
19352 19350 19347
19353 19351 19350
19353 19350 19352
19353 19354 19351
19355 19354 19353
19356 19349 19334
19352 19349 19356
19353 19352 19357
19357 19352 19356
19355 19353 19358
19358 19353 19357
19358 19359 19355
19355 19359 19360
19361 19359 19358
19362 19361 19358
19362 19358 19363
19358 19357 19363
19362 19363 19364
19363 19357 19365
19357 19356 19365
19363 19366 19364
19363 19365 19366
19364 19366 19367
19368 19367 19366
19368 19366 19369
19369 19366 19365
19369 19336 19368
19369 19365 19370
19370 19336 19369
19370 19365 19356
19332 19336 19370
19370 19356 19371
19370 19371 19332
19356 19334 19371
19334 19332 19371
19372 19373 19374
19372 19374 19375
19376 19377 19378
19376 19378 19379
19380 19378 19381
19380 19381 19382
19383 19384 19385
19383 19385 19386
19386 19385 19387
19386 19387 19388
19388 19387 19389
19388 19389 19390
19390 19389 19391
19390 19391 19392
19392 19391 19393
19392 19393 19394
19394 19393 19395
19394 19395 19396
19397 19398 19383
19397 19399 19398
19400 19399 19397
19400 19401 19399
19402 19403 19400
19402 19404 19403
19405 19406 19407
19405 19408 19406
19409 19408 19405
19409 19410 19408
19411 19412 19413
19411 19414 19412
19415 19414 19411
19415 19416 19414
19417 19412 19418
19417 19418 19419
19419 19418 19420
19419 19420 19421
19421 19420 19422
19421 19422 19423
19423 19422 19424
19423 19424 19425
19426 19416 19427
19426 19428 19416
19429 19428 19426
19429 19430 19428
19425 19431 19432
19425 19432 19433
19433 19432 19434
19433 19434 19435
19436 19437 19430
19436 19430 19438
19439 19440 19436
19439 19441 19440
19442 19443 19444
19442 19444 19445
19446 19447 19448
19446 19448 19449
19450 19451 19452
19450 19452 19453
19453 19452 19454
19453 19454 19455
19456 19457 19450
19456 19458 19457
19455 19459 19460
19455 19460 19461
19462 19463 19464
19462 19464 19465
19465 19466 19467
19465 19467 19468
19469 19467 19470
19469 19470 19471
19472 19473 19474
19472 19474 19475
19475 19476 19477
19475 19477 19478
19479 19477 19480
19479 19480 19481
19481 19482 19483
19481 19483 19484
19484 19483 19485
19484 19485 19486
19486 19485 19487
19486 19487 19488
19488 19487 19489
19488 19489 19490
19491 19489 19492
19491 19492 19493
19493 19492 19494
19493 19494 19495
19495 19494 19496
19495 19496 19497
19497 19498 19499
19497 19499 19500
19500 19499 19501
19500 19501 19502
19503 19504 19505
19503 19506 19504
19507 19506 19503
19507 19508 19506
19509 19504 19510
19509 19510 19511
19512 19508 19513
19512 19514 19508
19515 19514 19512
19515 19516 19514
19517 19518 19516
19517 19516 19519
19520 19521 19522
19520 19522 19523
19524 19525 19526
19524 19527 19525
19528 19529 19527
19528 19527 19530
19531 19525 19532
19531 19532 19533
19533 19532 19534
19533 19534 19535
19536 19534 19537
19536 19537 19538
19539 19540 19541
19539 19541 19542
19543 19544 19545
19543 19545 19546
19547 19545 19548
19547 19548 19549
19550 19551 19552
19550 19552 19553
19554 19555 19556
19554 19556 19557
19558 19559 19560
19558 19560 19561
19562 19563 19564
19562 19564 19565
19566 19567 19568
19566 19568 19569
19570 19571 19572
19570 19572 19573
19574 19575 19576
19574 19576 19577
19578 19579 19580
19578 19580 19581
19582 19580 19583
19582 19583 19584
19585 19586 19587
19585 19587 19588
19589 19590 19591
19589 19591 19592
19593 19594 19595
19593 19595 19596
19597 19598 19593
19597 19599 19598
19600 19601 19602
19600 19602 19603
19604 19605 19606
19604 19606 19607
19608 19609 19610
19608 19610 19611
19611 19610 19612
19611 19612 19613
19613 19614 19615
19613 19615 19616
19617 19618 19619
19619 19618 19620
19620 19621 19619
19619 19621 19622
19623 19617 19619
19623 19619 19622
19623 19624 19617
19623 19622 19625
19626 19624 19623
19626 19623 19625
19626 19627 19624
19626 19625 19628
19629 19627 19626
19629 19626 19628
19629 19630 19627
19629 19628 19631
19632 19630 19629
19632 19629 19631
19632 19633 19630
19632 19631 19634
19635 19633 19632
19634 19636 19632
19635 19632 19636
19637 19635 19636
19634 19638 19636
19637 19636 19638
19637 19639 19635
19637 19638 19640
19639 19637 19641
19642 19637 19640
19641 19637 19643
19642 19643 19637
19643 19644 19641
19642 19645 19643
19646 19644 19643
19643 19645 19646
19647 19644 19646
19648 19647 19646
19649 19646 19645
19646 19649 19648
19650 19647 19648
19648 19649 19651
19648 19652 19650
19653 19648 19651
19648 19654 19652
19653 19654 19648
19655 19652 19654
19654 19656 19655
19657 19654 19653
19654 19657 19656
19656 19658 19655
19656 19657 19659
19656 19660 19658
19659 19661 19656
19662 19660 19656
19656 19661 19662
19663 19660 19662
19664 19662 19661
19665 19663 19662
19666 19662 19664
19662 19667 19665
19668 19662 19666
19662 19669 19667
19668 19669 19662
19670 19671 19672
19670 19673 19671
19670 19672 19674
19672 19675 19674
19674 19675 19676
19676 19677 19674
19674 19677 19678
19670 19674 19678
19678 19677 19679
19678 19679 19680
19681 19678 19680
19682 19681 19680
19682 19683 19681
19681 19684 19678
19684 19670 19678
19681 19683 19685
19681 19685 19684
19684 19685 19670
19685 19683 19686
19686 19687 19685
19685 19688 19670
19685 19687 19688
19670 19688 19673
19689 19688 19687
19673 19688 19690
19688 19689 19690
19691 19692 19693
19693 19694 19691
19695 19692 19691
19696 19695 19691
19696 19697 19695
19694 19698 19691
19696 19699 19697
19691 19698 19700
19691 19700 19696
19700 19698 19701
19702 19700 19701
19703 19702 19701
19703 19704 19702
19702 19705 19700
19700 19705 19696
19706 19702 19704
19702 19706 19705
19696 19705 19706
19707 19706 19704
19707 19708 19706
19696 19709 19699
19709 19696 19706
19706 19708 19709
19699 19709 19710
19711 19709 19708
19709 19711 19710
19712 19713 19714
19712 19714 19715
19712 19716 19713
19713 19716 19717
19716 19718 19717
19718 19716 19719
19716 19720 19719
19716 19712 19720
19720 19721 19719
19720 19722 19721
19723 19722 19720
19724 19722 19723
19724 19723 19725
19723 19720 19726
19712 19726 19720
19723 19727 19725
19723 19726 19727
19727 19726 19712
19727 19728 19725
19728 19727 19729
19730 19727 19712
19727 19730 19729
19712 19715 19730
19731 19729 19730
19715 19732 19730
19730 19732 19731
19733 19734 19735
19733 19736 19734
19733 19735 19737
19733 19738 19736
19733 19737 19739
19733 19740 19738
19733 19739 19741
19733 19742 19740
19733 19741 19743
19733 19743 19742
19744 19745 19746
19747 19745 19744
19748 19745 19747
19746 19745 19749
19750 19745 19748
19749 19745 19751
19750 19751 19745
19752 19749 19751
19750 19753 19751
19752 19751 19754
19751 19753 19755
19751 19755 19754
