byte offset: 0
first index: 0
index count: 11724
topology: trianglelist
format: DXGI_FORMAT_R16_UINT

0 1 2
3 4 5
6 3 5
6 5 7
7 8 6
7 9 8
9 10 8
9 11 10
12 10 11
12 11 13
13 14 12
13 15 14
15 16 14
15 17 16
17 18 16
17 19 18
19 20 18
19 21 20
22 20 21
22 21 23
24 22 23
24 23 25
25 26 24
25 27 26
27 28 26
27 29 28
29 30 28
29 31 30
30 31 32
33 34 35
36 34 33
36 37 34
37 36 38
37 38 39
39 38 40
39 40 41
42 41 40
42 43 41
43 42 44
43 44 45
45 44 46
45 46 47
47 46 48
47 48 49
49 48 50
49 50 51
52 51 50
52 53 51
54 53 52
54 55 53
55 54 56
55 56 57
57 56 58
57 58 59
59 58 60
59 60 61
60 62 61
63 64 65
63 66 64
66 63 67
68 64 66
66 67 69
70 69 67
68 66 71
71 66 69
71 72 68
70 73 69
73 70 74
71 69 75
75 69 73
71 76 72
75 76 71
77 72 76
73 74 78
73 79 75
79 73 78
75 80 76
79 80 75
77 76 81
80 81 76
82 77 81
82 83 77
82 84 83
82 85 84
80 86 81
79 86 80
82 81 86
82 87 85
87 88 85
82 86 89
79 89 86
89 87 82
87 90 88
91 88 90
90 92 91
79 93 89
78 93 79
89 94 87
90 87 94
93 94 89
90 94 95
93 96 94
96 95 94
90 97 92
97 90 95
78 98 93
96 93 98
92 97 99
92 99 100
92 100 101
102 101 100
103 102 100
104 103 100
104 105 103
104 106 105
104 107 106
107 104 108
107 108 109
109 108 110
109 110 111
112 111 110
112 113 111
113 112 114
113 114 115
116 114 112
116 112 117
117 112 110
118 116 117
119 110 108
117 110 119
118 117 120
120 117 119
118 120 74
78 74 120
119 108 121
120 119 121
121 108 104
78 120 122
120 121 122
122 98 78
121 104 123
123 122 121
123 104 100
124 122 123
122 124 98
123 100 125
124 123 125
125 100 99
125 99 126
124 125 126
126 99 97
98 124 127
124 126 127
126 97 128
97 95 128
129 126 128
129 127 126
129 128 95
98 127 130
127 129 130
96 98 130
96 131 95
129 95 131
131 96 130
129 131 130
132 133 134
132 134 135
135 136 132
137 135 134
135 138 136
139 136 138
137 140 135
140 138 135
140 137 141
139 138 142
142 143 139
140 144 138
144 142 138
140 141 145
144 140 145
146 145 141
142 147 143
142 144 148
148 147 142
144 145 149
148 144 149
146 150 145
149 145 150
151 150 146
151 146 152
151 152 153
151 153 154
149 150 155
148 149 155
151 155 150
151 154 156
156 154 157
151 158 155
148 155 158
158 151 156
156 157 159
160 159 157
159 160 161
148 158 162
147 148 162
158 156 163
159 163 156
162 158 163
159 164 163
162 163 165
165 163 164
159 161 166
166 164 159
147 162 167
165 167 162
161 168 166
161 169 168
161 170 169
171 169 170
172 169 171
173 169 172
173 172 174
173 174 175
173 175 176
176 177 173
176 178 177
178 179 177
178 180 179
181 179 180
181 180 182
182 183 181
182 184 183
185 181 183
185 186 181
186 179 181
187 186 185
188 177 179
186 188 179
187 189 186
189 188 186
187 143 189
147 189 143
188 190 177
189 190 188
190 173 177
147 191 189
189 191 190
191 147 167
190 192 173
192 190 191
192 169 173
193 192 191
191 167 193
192 194 169
193 194 192
194 168 169
194 195 168
193 195 194
195 166 168
167 196 193
193 196 195
195 197 166
166 197 164
198 197 195
198 195 196
198 164 197
167 199 196
196 199 198
165 199 167
165 164 200
198 200 164
200 199 165
198 199 200
201 202 203
201 203 204
204 203 205
204 205 206
207 206 205
207 205 208
209 207 208
209 210 207
210 209 211
206 207 212
210 212 207
204 206 213
206 212 213
210 211 214
214 211 215
214 215 216
210 217 212
217 210 214
218 214 216
217 214 218
218 216 219
217 220 212
220 213 212
218 221 217
217 221 220
219 222 218
218 222 221
219 223 222
220 221 224
222 224 221
223 225 222
222 225 224
223 226 225
226 227 225
226 228 227
220 229 213
229 220 224
225 230 224
225 227 230
228 231 227
228 232 231
229 224 233
230 233 224
234 230 227
234 227 231
235 231 232
235 232 236
237 235 236
238 231 235
238 234 231
237 239 235
238 235 239
239 237 240
234 241 230
230 241 233
239 240 242
243 242 240
243 244 242
243 245 244
246 244 245
247 246 245
247 248 246
249 248 247
250 248 249
250 249 251
242 252 239
242 253 252
238 239 252
251 254 250
251 255 254
256 252 253
256 253 257
258 238 252
258 252 256
259 256 257
258 256 259
259 257 260
261 259 260
262 238 258
262 234 238
234 262 241
258 259 263
263 262 258
264 259 261
263 259 264
263 265 262
265 241 262
264 265 263
265 266 241
266 233 241
267 264 261
267 261 268
264 269 265
269 266 265
266 270 233
229 233 270
270 266 271
271 266 269
229 270 272
271 272 270
213 229 272
273 269 264
273 264 267
268 274 267
268 275 274
213 272 276
204 213 276
201 204 276
277 276 272
277 272 271
201 276 277
278 271 269
278 269 273
267 279 273
267 274 279
280 274 275
280 275 281
282 277 271
278 282 271
201 277 283
282 283 277
284 273 279
284 278 273
285 279 274
285 274 280
285 284 279
286 280 281
286 285 280
286 281 287
201 283 288
288 289 201
287 290 286
287 291 290
291 292 290
291 293 292
294 292 293
294 293 295
292 294 296
297 290 292
292 296 297
298 286 290
297 298 290
299 297 296
299 296 300
298 301 286
286 301 285
302 298 297
302 297 299
300 303 299
300 304 303
298 305 301
298 302 305
301 306 285
301 305 306
285 306 284
299 307 302
299 303 307
308 303 304
308 304 309
310 308 309
311 305 302
311 302 307
306 312 284
278 284 312
305 313 306
305 311 313
306 313 312
314 307 303
314 303 308
310 315 308
315 310 316
317 311 307
317 307 314
311 318 313
311 317 318
319 314 308
319 308 315
314 320 317
314 319 320
313 321 312
313 318 321
317 322 318
317 320 322
315 316 323
324 323 316
325 321 318
325 318 322
324 326 323
326 324 327
326 327 328
329 328 327
329 330 328
330 329 331
330 331 332
333 332 331
333 334 332
335 334 333
335 336 334
336 335 337
336 337 338
339 338 337
339 340 338
341 340 339
332 342 330
343 328 330
343 330 342
334 344 332
332 344 342
334 345 344
345 342 344
336 346 334
334 346 345
338 347 336
336 347 346
338 348 347
348 338 340
347 349 346
348 349 347
350 345 346
350 346 349
345 351 342
350 351 345
343 342 352
352 342 351
348 340 353
348 354 349
354 348 353
353 340 355
341 355 340
356 355 341
356 341 357
357 358 356
357 359 358
360 358 359
360 359 361
362 360 361
362 361 363
364 362 363
364 363 365
366 364 365
366 365 367
368 366 367
368 367 369
369 370 368
369 371 370
371 372 370
371 373 372
373 374 372
373 375 374
376 374 375
376 375 377
378 376 377
378 377 379
379 380 378
379 381 380
382 380 381
382 381 383
384 382 383
384 383 385
385 386 384
385 387 386
387 388 386
387 389 388
389 390 388
389 391 390
392 390 391
392 391 393
392 393 394
395 388 390
390 392 395
396 386 388
395 396 388
384 386 397
396 397 386
398 382 384
384 397 398
399 397 396
396 395 399
398 400 382
400 380 382
398 397 401
399 401 397
400 402 380
378 380 402
403 400 398
398 401 403
378 402 404
404 376 378
402 400 405
403 405 400
404 406 376
406 374 376
407 404 402
402 405 407
406 408 374
408 372 374
406 404 409
407 409 404
408 406 410
406 409 410
408 411 372
411 370 372
408 410 412
411 408 412
411 413 370
368 370 413
411 412 414
413 411 414
368 413 415
366 368 415
413 414 416
416 415 413
366 415 417
364 366 417
416 418 415
418 417 415
364 417 419
419 362 364
418 420 417
419 417 420
419 421 362
421 360 362
419 420 422
421 419 422
421 423 360
358 360 423
421 422 424
423 421 424
358 423 425
356 358 425
423 424 426
425 423 426
356 425 427
355 356 427
425 426 428
427 425 428
355 427 429
353 355 429
429 427 430
427 428 430
353 429 431
429 430 431
353 431 354
432 426 424
432 433 426
428 426 433
424 434 432
428 433 435
430 428 435
430 435 436
436 431 430
436 437 431
354 431 437
354 437 438
354 438 439
354 439 349
440 349 439
424 422 434
434 422 441
442 441 422
442 422 420
443 442 420
443 420 418
444 443 418
444 418 416
416 445 444
416 414 445
414 446 445
414 412 446
412 447 446
412 410 447
448 447 410
448 410 409
448 409 449
449 409 407
450 449 407
450 407 405
449 450 451
449 451 452
450 405 453
454 453 405
454 405 403
455 454 403
455 403 401
456 455 401
456 401 399
457 456 399
457 399 458
395 458 399
459 457 458
460 457 459
395 461 458
461 459 458
392 461 395
462 460 459
462 463 460
459 461 464
464 461 392
462 459 464
464 392 465
465 392 394
464 466 462
466 464 465
394 467 465
466 465 467
394 468 467
462 469 463
466 469 462
468 470 467
466 467 470
469 471 463
471 472 463
471 473 472
471 474 473
466 475 469
475 471 469
474 471 475
466 470 475
474 475 476
477 476 475
470 477 475
477 478 476
468 479 470
468 480 479
477 470 481
479 481 470
482 478 477
477 481 482
482 483 478
479 484 481
484 482 481
483 482 485
484 485 482
483 485 486
487 486 485
488 479 480
488 484 479
489 485 484
487 485 489
484 488 489
490 488 480
490 480 491
492 489 488
492 488 490
493 490 491
493 491 494
495 490 493
495 492 490
496 492 495
489 492 497
489 497 487
496 497 492
497 498 487
496 499 497
497 499 498
487 498 500
487 500 501
502 501 500
502 500 503
504 502 503
498 505 500
505 503 500
504 503 506
506 507 504
499 508 498
505 498 508
505 509 503
506 503 509
507 506 510
511 507 510
512 509 505
508 512 505
506 509 513
506 513 510
512 513 509
511 510 514
514 515 511
514 516 515
517 516 514
518 514 510
518 517 514
519 518 510
519 510 513
520 517 518
520 518 519
520 521 517
520 522 521
521 522 523
524 520 519
520 524 522
525 513 512
519 513 526
525 526 513
525 512 527
508 527 512
526 525 528
529 519 526
526 528 529
529 524 519
529 528 530
524 529 530
528 531 530
530 531 532
533 527 508
499 533 508
533 534 527
533 499 535
496 535 499
533 535 536
534 533 536
534 536 537
524 530 538
524 538 522
530 532 539
540 539 532
541 538 530
539 541 530
542 522 538
541 542 538
522 542 523
540 543 539
541 539 543
544 543 540
523 542 545
545 542 541
523 545 546
544 547 543
548 547 544
541 543 549
549 545 541
549 543 547
546 545 550
546 550 551
545 549 552
549 547 552
545 552 550
548 553 547
553 552 547
553 548 554
551 550 555
551 555 556
557 550 552
553 557 552
557 555 550
553 554 558
557 553 558
558 554 559
556 555 560
556 560 561
560 562 561
555 557 563
557 558 563
555 563 560
558 559 564
563 558 564
565 564 559
560 566 562
562 566 567
568 560 563
563 564 568
568 566 560
565 569 564
569 568 564
569 565 570
569 571 568
566 568 571
569 570 572
571 569 572
572 570 573
566 574 567
574 575 567
574 566 576
566 571 576
577 574 576
572 573 578
579 578 573
571 572 580
580 576 571
580 572 578
577 576 581
580 581 576
577 581 582
579 583 578
584 583 579
580 578 585
585 581 580
585 578 583
586 582 581
585 586 581
586 587 582
585 583 588
588 586 585
589 587 586
588 589 586
589 590 587
588 583 591
584 591 583
592 589 588
588 591 592
593 590 589
592 593 589
593 594 590
594 593 595
594 595 596
593 592 597
593 597 595
598 592 591
598 597 592
599 591 584
599 598 591
600 596 595
600 601 596
602 595 597
602 600 595
597 598 603
597 603 602
604 601 600
604 605 601
606 605 604
600 602 607
600 607 604
608 606 604
608 609 606
598 599 610
598 610 603
611 602 603
611 607 602
612 604 607
612 608 604
609 608 613
609 613 614
615 603 610
615 611 603
607 611 616
607 616 612
617 608 612
617 613 608
618 614 613
618 619 614
620 611 615
620 616 611
612 616 621
612 621 617
622 613 617
622 618 613
623 619 618
623 624 619
616 620 625
616 625 621
626 617 621
626 622 617
627 618 622
627 623 618
624 623 628
624 628 629
621 625 630
621 630 626
631 622 626
631 627 622
632 623 627
632 628 623
633 629 628
633 634 629
633 635 634
636 632 627
636 627 631
637 628 632
637 633 628
636 637 632
626 638 631
626 630 638
633 639 635
640 635 639
631 641 636
631 638 641
636 642 637
641 642 636
637 643 633
639 633 643
642 643 637
640 639 644
644 645 640
644 646 645
646 647 645
648 638 630
638 649 641
638 648 649
641 650 642
649 650 641
642 651 643
651 642 650
639 643 652
652 643 651
652 653 639
644 639 653
652 651 654
653 652 654
651 650 655
654 651 655
648 630 656
656 630 625
656 625 657
657 625 620
655 650 658
649 658 650
656 659 648
657 659 656
657 620 660
615 660 620
657 661 659
661 657 660
615 662 660
610 662 615
661 660 663
663 660 662
610 664 662
599 664 610
663 662 665
664 665 662
599 666 664
666 599 584
666 584 667
666 668 664
664 668 665
669 666 667
666 669 668
669 667 670
671 661 663
672 663 665
671 663 672
673 665 668
672 665 673
669 674 668
673 668 674
670 675 669
669 675 674
661 671 676
661 676 659
677 671 672
671 677 676
677 672 678
679 677 678
680 672 673
673 674 681
681 680 673
681 674 675
677 682 676
659 676 682
682 677 683
684 679 680
681 684 680
684 685 679
684 686 685
681 675 687
687 684 681
684 688 686
687 688 684
689 686 688
689 688 690
688 687 690
691 689 690
687 675 692
687 692 690
670 692 675
693 692 670
693 694 692
690 692 694
695 694 693
691 690 696
690 694 696
697 691 696
695 698 694
694 698 696
698 697 696
699 698 695
697 698 700
699 700 698
697 700 701
699 702 700
701 700 702
701 702 703
699 704 702
702 705 703
704 706 702
702 706 705
706 707 705
704 708 706
706 709 707
709 706 708
709 710 707
709 708 711
712 711 708
709 713 710
711 713 709
714 710 713
712 715 711
715 712 716
714 713 717
718 714 717
711 719 713
715 719 711
717 713 719
715 716 720
721 720 716
718 717 722
722 723 718
715 724 719
720 724 715
717 719 725
722 717 725
725 719 724
721 726 720
727 726 721
722 728 723
728 729 723
722 725 730
728 722 730
725 724 731
731 730 725
720 732 724
732 720 726
732 731 724
727 733 726
734 733 727
728 735 729
735 736 729
728 730 737
735 728 737
731 738 730
738 737 730
735 739 736
740 736 739
735 737 741
741 739 735
740 739 742
742 743 740
734 744 733
744 734 745
746 738 731
732 746 731
738 747 737
741 737 747
741 748 739
742 739 748
742 749 743
743 749 750
744 745 751
751 745 752
751 752 753
754 753 752
755 747 738
746 755 738
742 748 756
749 742 756
757 744 751
753 757 751
754 758 753
759 758 754
753 760 757
760 753 758
759 761 758
760 758 762
762 758 761
763 757 760
762 763 760
761 759 764
759 765 764
764 765 766
764 766 767
767 766 768
767 768 769
769 768 770
771 764 767
771 767 769
772 761 764
771 772 764
762 761 773
761 772 774
761 774 773
772 771 775
772 775 774
771 769 776
775 771 776
769 770 777
777 776 769
773 778 762
762 778 763
773 774 779
774 775 780
774 780 779
775 776 781
781 780 775
773 782 778
782 773 779
783 777 770
784 783 770
784 770 785
784 785 786
787 786 785
788 786 787
788 787 789
790 788 789
791 790 789
783 792 777
791 793 790
794 777 792
794 792 795
777 794 776
794 795 796
776 794 797
794 796 797
798 797 796
776 797 781
798 799 797
781 797 799
800 799 798
793 791 801
793 801 802
781 799 803
781 803 780
800 804 799
804 803 799
805 804 800
803 806 780
779 780 806
805 807 804
808 807 805
804 809 803
803 809 806
807 809 804
779 806 810
810 782 779
808 811 807
811 808 812
813 810 806
813 806 809
807 814 809
811 814 807
811 812 815
815 812 816
815 816 817
818 809 814
813 809 818
811 819 814
819 811 815
819 818 814
820 815 817
819 815 820
820 817 821
813 822 810
782 810 822
818 823 813
823 822 813
819 824 818
820 824 819
818 824 823
821 825 820
820 825 824
821 826 825
827 825 826
828 824 825
827 828 825
828 823 824
829 828 827
829 823 828
829 827 830
823 831 822
829 831 823
830 832 829
831 829 832
830 833 832
834 822 831
831 832 834
834 782 822
835 782 834
835 778 782
832 836 834
835 834 836
832 837 836
837 832 289
837 289 838
288 838 289
836 837 839
838 839 837
838 288 840
283 840 288
839 838 841
840 841 838
839 841 842
840 842 841
835 843 778
836 844 835
843 835 844
836 839 845
836 845 844
846 778 843
846 763 778
847 845 839
839 842 847
848 844 845
847 848 845
843 844 849
849 846 843
850 763 846
763 850 757
848 851 844
844 851 849
850 852 757
757 852 744
744 852 853
744 853 733
850 854 852
853 852 854
850 846 855
854 850 855
849 856 846
855 846 856
733 853 857
733 857 726
732 726 857
853 854 858
858 857 853
859 732 857
858 859 857
859 746 732
854 855 860
860 858 854
859 858 861
860 861 858
746 859 862
859 861 862
746 862 755
863 860 855
855 856 863
864 861 860
863 864 860
865 862 861
864 865 861
866 755 862
865 866 862
866 867 755
755 867 747
868 747 867
741 747 868
748 741 868
868 867 869
869 867 866
748 868 870
870 868 869
756 748 870
871 864 863
865 864 872
871 872 864
873 866 865
865 872 873
869 866 874
873 874 866
870 869 875
875 869 874
756 870 876
875 876 870
877 871 863
877 863 856
878 877 856
878 856 849
849 851 878
879 873 872
880 872 871
880 879 872
871 877 881
871 881 880
877 878 882
877 882 881
883 878 851
882 878 883
884 882 883
851 885 883
883 885 884
848 885 851
881 882 886
886 882 884
880 881 887
881 886 887
888 885 848
888 848 847
884 885 889
888 889 885
847 890 888
847 842 890
880 887 891
891 879 880
888 892 889
888 890 892
893 890 842
840 893 842
894 892 890
894 889 892
893 894 890
893 840 895
283 895 840
894 896 889
884 889 896
894 893 897
893 895 897
894 897 896
283 898 895
897 895 898
283 282 898
897 899 896
897 898 899
900 884 896
899 900 896
901 898 282
278 901 282
278 312 901
901 902 898
312 902 901
898 902 899
312 321 902
902 903 899
903 902 321
900 899 903
903 321 325
884 900 904
904 900 903
325 904 903
886 884 904
325 905 904
905 886 904
322 905 325
905 887 886
322 906 905
887 905 906
320 906 322
887 906 891
320 907 906
907 891 906
907 320 319
907 908 891
891 908 879
907 319 909
909 908 907
909 319 315
910 879 908
879 910 873
910 874 873
909 315 911
323 911 315
909 912 908
910 908 912
912 909 911
910 913 874
912 913 910
323 914 911
326 914 323
912 911 915
912 915 913
914 915 911
913 916 874
875 874 916
326 917 914
917 326 328
915 918 913
913 918 916
914 919 915
917 919 914
915 919 918
920 875 916
875 920 876
917 328 921
343 921 328
917 922 919
922 917 921
923 916 918
920 916 923
924 918 919
924 919 922
923 918 924
925 921 343
922 921 925
922 926 924
922 925 926
924 927 923
924 926 927
928 920 923
928 923 927
929 876 920
929 920 928
925 343 930
352 930 343
931 926 925
931 927 926
931 925 930
929 932 876
932 756 876
932 933 756
749 756 933
929 934 932
934 933 932
934 935 933
936 749 933
937 935 934
936 938 749
939 938 936
750 749 938
939 940 938
750 938 940
940 939 941
750 940 942
940 941 943
942 940 943
943 941 944
942 943 945
943 944 946
946 945 943
945 946 947
946 944 948
949 947 946
946 948 949
947 949 950
949 951 950
948 952 949
951 949 952
948 953 952
952 954 951
955 952 953
954 952 956
955 956 952
956 957 954
957 956 958
958 683 957
683 958 682
959 958 956
959 956 955
960 682 958
960 958 959
659 682 960
659 960 648
959 648 960
959 649 648
649 959 955
649 955 658
961 658 955
961 962 658
655 658 962
963 962 961
962 964 655
654 655 964
963 965 962
962 965 964
964 966 654
653 654 966
965 963 967
963 968 967
969 967 968
965 970 964
964 970 966
969 971 967
971 969 937
965 967 972
965 972 970
971 972 967
971 937 973
937 934 973
971 974 972
974 971 973
970 972 974
934 975 973
974 973 975
929 975 934
975 929 928
970 974 976
975 976 974
975 928 977
975 977 976
927 977 928
927 978 977
978 976 977
931 978 927
979 970 976
978 979 976
979 966 970
980 978 931
980 979 978
966 979 981
980 981 979
982 966 981
980 982 981
982 653 966
644 653 982
644 982 983
980 983 982
983 646 644
980 931 984
983 980 984
930 984 931
983 985 646
983 984 985
930 986 984
986 985 984
352 986 930
987 646 985
646 987 647
988 986 352
352 351 988
986 989 985
987 985 989
988 989 986
987 989 988
990 647 987
987 988 990
351 990 988
990 991 647
351 350 990
350 991 990
350 440 991
440 350 349
992 993 994
992 995 993
995 992 996
997 993 995
995 996 998
998 996 999
997 995 1000
998 1000 995
1001 997 1000
998 1002 1000
1001 1000 1003
1003 1000 1002
1001 1003 1004
1001 1004 1005
1003 1006 1004
1003 1007 1006
1003 1002 1007
1007 1008 1006
1009 1002 998
998 999 1009
1007 1010 1008
1011 1008 1010
1012 1007 1002
1009 1012 1002
1012 1010 1007
1012 1009 1013
1010 1012 1013
1011 1010 1014
1010 1013 1014
1014 1015 1011
1016 1009 999
1013 1009 1016
1014 1017 1015
1017 1018 1015
1019 1016 999
1019 999 1020
1020 1021 1019
1020 1022 1021
1021 1022 1023
1016 1019 1024
1021 1024 1019
1025 1021 1023
1021 1025 1024
1025 1023 1026
1016 1024 1027
1027 1013 1016
1013 1028 1014
1028 1017 1014
1029 1024 1025
1027 1024 1029
1030 1025 1026
1029 1025 1030
1030 1026 1031
1030 1031 1032
1030 1032 1033
1029 1030 1033
1029 1033 1034
1035 1029 1034
1027 1029 1035
1035 1034 1036
1027 1037 1013
1035 1037 1027
1013 1037 1028
1038 1035 1036
1035 1038 1037
1038 1028 1037
1038 1036 1039
1040 1038 1039
1038 1040 1028
1040 1039 1041
1042 1028 1040
1028 1042 1017
1043 1040 1041
1042 1040 1043
1043 1041 1044
1042 1045 1017
1017 1045 1018
1046 1018 1045
1044 1047 1043
1044 1048 1047
1043 1049 1042
1042 1049 1045
1043 1047 1049
1046 1045 1050
1050 1045 1049
1051 1046 1050
1052 1047 1048
1052 1048 1053
1054 1049 1047
1050 1049 1054
1054 1047 1052
1051 1050 1055
1055 1050 1054
1055 1056 1051
1057 1052 1053
1057 1053 1058
1059 1054 1052
1055 1054 1059
1059 1052 1057
1055 1060 1056
1059 1060 1055
1060 1061 1056
1062 1057 1058
1062 1058 1063
1057 1064 1059
1059 1064 1060
1057 1062 1064
1060 1065 1061
1064 1065 1060
1066 1061 1065
1066 1065 1067
1064 1068 1065
1067 1065 1068
1062 1068 1064
1067 1068 1069
1070 1062 1063
1062 1070 1068
1069 1068 1070
1070 1063 1071
1072 1070 1071
1069 1070 1072
1072 1071 1073
1072 1074 1069
1072 1075 1074
1076 1075 1072
1069 1074 1077
1069 1077 1078
1078 1077 1079
1078 1079 1080
1081 1079 1077
1081 1077 1082
1082 1077 1074
1082 1074 1083
1084 1083 1074
1084 1074 1075
1075 1085 1084
1076 1086 1075
1075 1086 1085
1087 1086 1076
1088 1085 1086
1087 1089 1086
1088 1086 1089
1090 1091 1092
1090 1092 1093
1093 1092 1094
1093 1094 1095
1096 1095 1094
1096 1097 1095
1098 1097 1096
1098 1099 1097
1100 1099 1098
1100 1101 1099
1100 1102 1101
1100 1103 1102
1104 1102 1103
1104 1105 1102
1105 1104 1106
1105 1106 1107
1106 1108 1107
1106 1109 1108
1110 1108 1109
1110 1109 1111
1112 1110 1111
1113 1110 1112
1110 1113 1114
1110 1114 1115
1116 1115 1114
1116 1117 1115
1117 1116 1118
1117 1118 1119
1120 1119 1118
1120 1118 1121
1121 1122 1120
1121 1123 1122
1124 1122 1123
1124 1123 1125
1125 1126 1124
1125 1127 1126
1127 1128 1126
1127 1129 1128
1129 1130 1128
1129 1131 1130
1131 1132 1130
1131 1133 1132
1134 1135 1136
1134 1137 1135
1137 1134 1138
1135 1137 1139
1135 1139 1140
1137 1138 1141
1139 1137 1141
250 1141 1138
250 254 1141
1142 1141 254
1139 1141 1142
1139 1143 1140
1143 494 1140
1143 1144 494
1142 254 1145
1145 254 255
1145 255 1146
1146 1147 1145
1142 1145 1147
1146 1148 1147
1149 1147 1148
1142 1150 1139
1139 1150 1143
1149 1151 1147
1152 1151 1149
1142 1147 1153
1142 1153 1150
1153 1147 1151
1143 1150 1154
1153 1154 1150
1152 1155 1151
1155 1152 1156
1153 1151 1157
1153 1157 1154
1143 1154 1158
1158 1144 1143
1158 1159 1144
1159 1158 1154
1144 1159 1160
1159 1154 1161
1157 1161 1154
1162 1157 1151
1162 1151 1155
1155 1156 1163
1164 1163 1156
1160 1159 1165
1165 1159 1161
1157 1166 1161
1162 1166 1157
1167 1162 1155
1167 1155 1163
1164 1168 1163
1168 1164 1169
1168 1169 1170
1168 1170 1171
1163 1168 1172
1168 1171 1172
1163 1172 1167
1172 1171 1173
1172 1173 1174
1167 1172 1174
1174 1173 1175
1176 1162 1167
1176 1166 1162
1167 1174 1176
1174 1175 1177
1176 1174 1177
1177 1175 1178
1166 1176 1179
1176 1177 1179
1166 1179 1161
1165 1161 1179
1177 1178 1180
1179 1177 1180
1179 1180 1165
1181 1180 1178
1165 1180 1160
1160 1180 1181
1182 1183 1184
1182 1184 1185
1185 1186 1182
1187 1185 1184
1185 1188 1186
1188 1189 1186
1187 1190 1185
1188 1185 1190
1191 1190 1187
1188 1190 1192
1191 1193 1190
1193 1192 1190
1194 1193 1191
1194 1191 1195
1193 1194 1196
1193 1196 1197
1193 1197 1192
1197 1196 1198
1199 1188 1192
1188 1199 1189
1197 1198 1200
1201 1200 1198
1202 1192 1197
1199 1192 1202
1202 1197 1200
1202 1203 1199
1200 1203 1202
1201 1204 1200
1200 1204 1203
1204 1201 1205
1206 1189 1199
1203 1206 1199
1204 1205 1207
1207 1205 1208
1209 1189 1206
1209 1210 1189
1210 1209 1211
1210 1211 1212
1211 1213 1212
1206 1214 1209
1214 1211 1209
1213 1211 1215
1214 1215 1211
1213 1215 1216
1206 1217 1214
1203 1217 1206
1218 1203 1204
1218 1204 1207
1207 1208 1219
1220 1219 1208
1221 1215 1214
1217 1221 1214
1222 1216 1215
1221 1222 1215
1222 1223 1216
1222 1224 1223
1222 1225 1224
1221 1225 1222
1221 1226 1225
1227 1226 1221
1217 1227 1221
1227 1228 1226
1229 1227 1217
1203 1229 1217
1218 1229 1203
1230 1228 1227
1229 1230 1227
1218 1230 1229
1230 1231 1228
1232 1231 1230
1218 1232 1230
1232 1233 1231
1234 1232 1218
1218 1207 1234
1234 1207 1219
1235 1233 1232
1234 1235 1232
1235 1236 1233
1234 1219 1237
1237 1235 1234
1236 1235 1238
1237 1238 1235
1236 1238 1239
1240 1237 1219
1220 1240 1219
1241 1240 1220
1242 1238 1237
1240 1242 1237
1239 1238 1243
1242 1243 1238
1239 1243 1244
1241 1245 1240
1245 1242 1240
1245 1241 1246
1247 1243 1242
1245 1247 1242
1248 1244 1243
1247 1248 1243
1248 1249 1244
1245 1246 1250
1247 1245 1250
1250 1246 1251
1249 1248 1252
1249 1252 1253
1248 1247 1254
1247 1250 1254
1248 1254 1252
1250 1251 1255
1254 1250 1255
1255 1251 1256
1257 1253 1252
1257 1258 1253
1252 1254 1259
1254 1255 1259
1252 1259 1257
1255 1256 1260
1259 1255 1260
1260 1256 1261
1257 1259 1262
1259 1260 1262
1257 1262 1263
1263 1258 1257
1263 1264 1258
1260 1261 1265
1266 1265 1261
1267 1260 1265
1266 1268 1265
1267 1265 1269
1268 1269 1265
1263 1267 1269
1268 1270 1269
1271 1269 1270
1263 1269 1272
1271 1272 1269
1264 1263 1272
1272 1271 1273
1264 1272 1274
1272 1273 1274
1275 1264 1274
1276 1274 1273
1275 1274 1277
1276 1277 1274
1278 1279 1280
1278 1281 1279
1281 1282 1279
1281 1283 1282
1284 1282 1283
1284 1283 1285
1286 1284 1285
1286 1285 1287
1288 1286 1287
1288 1287 1289
1290 1288 1289
1290 1291 1288
1292 1291 1290
1292 1290 1293
1293 1294 1292
1293 1295 1294
1294 1295 1296
1294 1296 1297
1298 1297 1296
1298 1299 1297
1300 1299 1298
1301 1300 1298
1298 1302 1301
1298 1303 1302
1304 1302 1303
1304 1303 1305
1305 1306 1304
1305 1307 1306
1308 1306 1307
1308 1309 1306
1309 1308 1310
1309 1310 1311
1312 1311 1310
1312 1313 1311
1313 1312 1314
1313 1314 1315
1315 1314 1316
1315 1316 1317
1318 1317 1316
1318 1319 1317
1319 1318 1320
1319 1320 1321
1322 1323 1324
1322 1325 1323
1325 1326 1323
1322 1327 1325
1322 1328 1327
1325 1329 1326
1327 1329 1325
791 1326 1329
791 1329 801
801 1329 1330
1327 1330 1329
1327 1328 1331
1331 1328 537
1331 537 1332
801 1330 1333
802 801 1333
802 1333 1334
1335 1334 1333
1330 1335 1333
1335 1336 1334
1337 1336 1335
1330 1327 1338
1327 1331 1338
1337 1335 1339
1340 1337 1339
1330 1341 1335
1330 1338 1341
1341 1339 1335
1331 1342 1338
1341 1338 1342
1343 1331 1332
1331 1343 1342
1343 1332 1344
1344 1342 1343
1332 1345 1344
1341 1342 1346
1341 1346 1339
1340 1339 1347
1347 1348 1340
1344 1349 1342
1346 1342 1349
1345 1350 1344
1350 1349 1344
1351 1339 1346
1351 1347 1339
1347 1352 1348
1353 1348 1352
1350 1345 1354
1345 496 1354
496 1355 1354
1346 1349 1356
1351 1346 1356
1350 1357 1349
1357 1350 1354
1356 1349 1357
1358 1354 1355
1357 1354 1358
1358 1355 1359
1356 1357 1360
1360 1351 1356
1360 1357 1358
1361 1358 1359
1360 1358 1361
1361 1359 1362
1360 1363 1351
1363 1360 1361
1363 1347 1351
1363 1352 1347
1364 1361 1362
1363 1361 1364
1352 1363 1364
1364 1362 1365
1352 1364 1366
1366 1364 1365
1353 1352 1366
1366 1365 1367
1368 1353 1366
1368 1366 1367
1369 1370 1371
1372 1371 1370
1372 1370 1373
1374 1372 1373
1374 1373 1375
1376 1374 1375
1376 1377 1374
1377 1376 1378
1377 1378 1379
1380 1379 1378
1380 1381 1379
1380 1382 1381
1383 1384 1385
1383 1386 1384
1383 1387 1386
1388 1386 1387
1388 1389 1386
1390 1389 1388
1390 1391 1389
1392 1391 1390
1391 1392 1393
1394 1393 1392
1393 1394 1395
1396 1395 1394
1395 1396 1397
1398 1397 1396
1397 1398 1399
1400 1399 1398
1399 1400 1401
1402 1401 1400
1401 1402 1403
1402 1404 1403
1404 1402 1405
1406 1405 1407
1405 1406 1408
1409 1410 1411
1411 1410 1412
1411 1412 1413
1412 1414 1413
1412 1415 1414
1416 1414 1415
1416 1415 1417
1418 1416 1417
1418 1417 1419
1419 1420 1418
1421 1422 1423
1421 1423 1424
1424 1423 1425
1424 1425 1426
1426 1425 1427
1426 1427 1428
1428 1429 1426
1429 1428 1430
1431 1424 1426
1431 1426 1429
1432 1421 1424
1432 1424 1431
1430 1433 1429
1433 1430 1434
1435 1431 1429
1435 1429 1433
1434 1436 1433
1436 1434 1437
1438 1421 1432
1438 1439 1421
1438 1440 1439
1439 1440 1441
1442 1440 1438
1442 1438 1432
1443 1440 1442
1444 1432 1431
1442 1432 1444
1444 1431 1435
1443 1442 1444
1445 1435 1433
1445 1433 1436
1446 1444 1435
1443 1444 1446
1446 1435 1445
1437 1447 1436
1447 1437 1448
1447 1448 1449
1450 1443 1446
1450 1440 1443
1451 1445 1436
1451 1436 1447
1452 1446 1445
1450 1446 1452
1452 1445 1451
1449 1453 1447
1453 1449 1454
1455 1453 1454
1456 1450 1452
1456 1440 1450
1457 1451 1447
1457 1447 1453
1458 1452 1451
1456 1452 1458
1458 1451 1457
1453 1455 1459
1460 1459 1455
1461 1456 1458
1461 1440 1456
1462 1457 1453
1462 1453 1459
1463 1458 1457
1461 1458 1463
1463 1457 1462
1459 1460 1464
1465 1464 1460
1466 1461 1463
1466 1440 1461
1467 1462 1459
1467 1459 1464
1464 1465 1468
1467 1464 1468
1469 1468 1465
1470 1463 1462
1466 1463 1470
1470 1462 1467
1471 1440 1466
1471 1466 1470
1468 1469 1472
1473 1472 1469
1467 1468 1474
1470 1467 1474
1474 1468 1472
1475 1440 1471
1476 1440 1475
1477 1440 1476
1471 1470 1478
1470 1474 1478
1475 1471 1478
1472 1473 1479
1480 1479 1473
1479 1480 1481
1474 1472 1482
1478 1474 1482
1482 1472 1479
1475 1478 1483
1478 1482 1483
1482 1479 1484
1483 1482 1484
1484 1479 1481
1475 1483 1485
1475 1485 1476
1483 1484 1485
1484 1481 1486
1485 1484 1486
1476 1485 1487
1485 1486 1487
1476 1487 1477
1486 1481 1488
1481 1489 1488
1490 1488 1489
1487 1486 1491
1486 1488 1491
1477 1487 1492
1487 1491 1492
1488 1490 1493
1491 1488 1493
1477 1492 1494
1494 1440 1477
1492 1491 1495
1491 1493 1495
1490 1496 1493
1496 1490 1497
1494 1492 1498
1492 1495 1498
1499 1495 1493
1499 1493 1496
1498 1495 1499
1500 1496 1497
1500 1497 1501
1494 1498 1502
1502 1440 1494
1502 1498 1503
1498 1499 1503
1504 1499 1496
1504 1496 1500
1505 1500 1501
1505 1501 1506
1502 1503 1507
1507 1440 1502
1508 1503 1499
1507 1503 1508
1508 1499 1504
1509 1504 1500
1509 1500 1505
1510 1505 1506
1510 1506 1511
1511 1512 1510
1513 1505 1510
1513 1509 1505
1514 1510 1512
1514 1513 1510
1514 1512 1515
1516 1504 1509
1516 1508 1504
1507 1508 1517
1517 1440 1507
1518 1517 1508
1518 1440 1517
1518 1508 1516
1519 1440 1518
1519 1518 1516
1520 1440 1519
1521 1440 1520
1522 1516 1509
1519 1516 1522
1522 1509 1513
1519 1522 1523
1523 1522 1513
1519 1523 1520
1523 1513 1514
1514 1515 1524
1523 1514 1524
1520 1523 1525
1520 1525 1521
1523 1524 1525
1524 1515 1526
1526 1515 1527
1526 1527 1528
1525 1524 1529
1524 1526 1529
1530 1526 1528
1529 1526 1530
1530 1528 1531
1521 1525 1532
1525 1529 1532
1533 1530 1531
1533 1531 1534
1529 1530 1535
1532 1529 1535
1535 1530 1533
1521 1532 1536
1536 1440 1521
1537 1533 1534
1537 1534 1538
1537 1538 1539
1535 1533 1540
1540 1533 1537
1532 1535 1541
1536 1532 1541
1541 1535 1540
1537 1539 1542
1542 1539 1543
1536 1541 1544
1544 1440 1536
1540 1537 1545
1545 1537 1542
1541 1540 1546
1544 1541 1546
1546 1540 1545
1542 1543 1547
1547 1543 1548
1547 1548 1549
1544 1546 1550
1550 1440 1544
1545 1542 1551
1551 1542 1547
1552 1547 1549
1551 1547 1552
1552 1549 1553
1554 1552 1553
1554 1555 1552
1546 1545 1556
1550 1546 1556
1556 1545 1551
1557 1552 1555
1557 1551 1552
1556 1551 1557
1558 1557 1555
1559 1440 1558
1558 1560 1557
1560 1556 1557
1558 1440 1560
1550 1556 1561
1561 1440 1550
1560 1561 1556
1560 1440 1561
1562 1563 1564
1562 1564 1565
1566 1567 1568
1566 1568 1569
1570 1571 1572
1573 1572 1571
1573 1574 1572
1575 1576 1577
1578 1577 1576
1578 1579 1577
1580 1579 1578
1580 1581 1579
1582 1581 1580
1582 1580 1583
1583 1584 1582
1583 1585 1584
1586 1584 1585
1586 1585 1587
1586 1587 1588
1589 1590 1591
1589 1591 1592
1589 1592 1593
1594 1595 1596
1597 1596 1595
1595 1598 1597
1599 1597 1598
1598 1600 1599
1601 1599 1600
1600 1602 1601
1602 1603 1601
1602 1604 1603
1604 1605 1603
1604 1606 1605
1607 1608 1609
1610 1609 1608
1608 1611 1610
1612 1610 1611
1613 1614 1615
1615 1614 1616
1617 1618 1619
1619 1620 1617
1621 1622 1623
1622 1624 1623
1622 1625 1624
1624 1625 1626
1624 1626 1627
1628 1627 1626
1628 1629 1627
1630 1629 1628
1630 1631 1629
1631 1630 1632
1633 1634 1635
1633 1636 1634
1636 1637 1634
1636 1638 1637
1638 1639 1637
1638 1640 1639
1640 1638 1641
1641 1642 1640
1643 1638 1636
1643 1641 1638
1644 1636 1633
1644 1643 1636
1642 1641 1645
1645 1646 1642
1647 1641 1643
1647 1645 1641
1646 1645 1648
1648 1649 1646
1650 1644 1633
1650 1633 1651
1650 1651 1652
1651 1653 1652
1654 1650 1652
1654 1644 1650
1655 1654 1652
1656 1643 1644
1654 1656 1644
1656 1647 1643
1655 1656 1654
1657 1645 1647
1657 1648 1645
1658 1647 1656
1655 1658 1656
1658 1657 1647
1659 1658 1655
1659 1655 1652
1660 1657 1658
1659 1660 1658
1661 1648 1657
1660 1661 1657
1662 1660 1659
1662 1659 1652
1662 1663 1660
1663 1661 1660
1661 1664 1648
1649 1648 1664
1664 1665 1649
1664 1666 1665
1667 1664 1661
1663 1667 1661
1666 1664 1668
1667 1668 1664
1668 1669 1666
1670 1669 1668
1671 1663 1662
1671 1662 1652
1672 1667 1663
1671 1672 1663
1668 1673 1670
1674 1670 1673
1675 1668 1667
1672 1675 1667
1675 1673 1668
1676 1672 1671
1676 1671 1652
1673 1677 1674
1678 1674 1677
1679 1673 1675
1679 1677 1673
1680 1675 1672
1676 1680 1672
1680 1679 1675
1677 1681 1678
1679 1681 1677
1682 1678 1681
1683 1676 1652
1683 1680 1676
1679 1684 1681
1680 1684 1679
1681 1685 1682
1684 1685 1681
1686 1682 1685
1687 1683 1652
1688 1687 1652
1689 1688 1652
1683 1690 1680
1680 1690 1684
1687 1690 1683
1685 1691 1686
1692 1686 1691
1691 1693 1692
1684 1694 1685
1690 1694 1684
1694 1691 1685
1687 1695 1690
1690 1695 1694
1694 1696 1691
1695 1696 1694
1696 1693 1691
1687 1697 1695
1687 1688 1697
1695 1697 1696
1696 1698 1693
1697 1698 1696
1688 1699 1697
1697 1699 1698
1688 1689 1699
1698 1700 1693
1693 1700 1701
1702 1701 1700
1699 1703 1698
1698 1703 1700
1689 1704 1699
1699 1704 1703
1700 1705 1702
1703 1705 1700
1689 1706 1704
1706 1689 1652
1704 1707 1703
1703 1707 1705
1702 1705 1708
1708 1709 1702
1706 1710 1704
1704 1710 1707
1711 1705 1707
1711 1708 1705
1710 1711 1707
1712 1709 1708
1712 1713 1709
1706 1714 1710
1714 1706 1652
1714 1715 1710
1710 1715 1711
1716 1708 1711
1716 1712 1708
1717 1713 1712
1717 1718 1713
1714 1719 1715
1719 1714 1652
1720 1711 1715
1719 1720 1715
1720 1716 1711
1721 1712 1716
1721 1717 1712
1722 1718 1717
1722 1723 1718
1723 1722 1724
1725 1722 1717
1725 1717 1721
1726 1724 1722
1726 1722 1725
1726 1727 1724
1728 1721 1716
1728 1716 1720
1719 1729 1720
1729 1719 1652
1730 1720 1729
1730 1729 1652
1730 1728 1720
1731 1730 1652
1731 1728 1730
1732 1731 1652
1733 1732 1652
1734 1721 1728
1734 1725 1721
1731 1734 1728
1735 1725 1734
1731 1735 1734
1731 1732 1735
1735 1726 1725
1732 1736 1735
1732 1733 1736
1735 1737 1726
1735 1736 1737
1726 1737 1727
1737 1738 1727
1738 1739 1727
1738 1740 1739
1736 1741 1737
1737 1741 1738
1742 1740 1738
1741 1742 1738
1742 1743 1740
1733 1744 1736
1736 1744 1741
1745 1743 1742
1745 1746 1743
1741 1747 1742
1744 1747 1741
1747 1745 1742
1733 1748 1744
1748 1733 1652
1749 1746 1745
1749 1750 1746
1749 1751 1750
1747 1752 1745
1752 1749 1745
1744 1753 1747
1748 1753 1744
1753 1752 1747
1749 1754 1751
1754 1755 1751
1748 1756 1753
1756 1748 1652
1752 1757 1749
1757 1754 1749
1753 1758 1752
1756 1758 1753
1758 1757 1752
1754 1759 1755
1759 1760 1755
1759 1761 1760
1756 1762 1758
1762 1756 1652
1757 1763 1754
1763 1759 1754
1764 1761 1759
1763 1764 1759
1764 1765 1761
1766 1765 1764
1766 1764 1767
1758 1768 1757
1762 1768 1758
1768 1763 1757
1769 1767 1764
1769 1764 1763
1768 1769 1763
1770 1767 1769
1771 1770 1652
1770 1769 1772
1772 1769 1768
1770 1772 1652
1762 1773 1768
1772 1768 1773
1773 1762 1652
1772 1773 1652
1774 1775 1776
1774 1776 1777
1778 1779 1780
1778 1780 1781
1782 1783 1784
1785 1784 1783
1785 1783 1786
1787 1788 1789
1788 1790 1789
1788 1791 1790
1791 1788 1792
1793 1792 1788
1794 1793 1788
1794 1795 1793
1794 1796 1795
1794 1797 1796
1798 1796 1797
1799 1798 1797
1799 1797 1800
1801 1799 1800
1801 1800 1802
1803 1804 1805
1803 1806 1804
1806 1803 1807
1806 1808 1804
1809 1804 1808
1806 1807 1810
1811 1810 1807
1812 1809 1808
1812 1813 1809
1806 1814 1808
1814 1806 1810
1814 1812 1808
1811 1815 1810
1816 1815 1811
1817 1814 1810
1814 1817 1812
1815 1817 1810
1812 1818 1813
1817 1818 1812
1816 1819 1815
1820 1819 1816
1815 1821 1817
1817 1821 1818
1819 1821 1815
1822 1813 1818
1822 1823 1813
1824 1823 1822
1818 1821 1825
1819 1825 1821
1818 1825 1822
1820 1826 1819
1825 1819 1826
1827 1826 1820
1827 1828 1826
1828 1827 1829
1830 1822 1825
1825 1826 1830
1824 1822 1831
1830 1831 1822
1824 1831 1832
1830 1832 1831
1824 1832 1833
1834 1830 1826
1828 1834 1826
1830 1834 1832
1835 1833 1832
1835 1836 1833
1837 1832 1834
1828 1837 1834
1837 1835 1832
1836 1835 1838
1836 1838 1839
1835 1837 1840
1840 1837 1828
1835 1840 1838
1841 1839 1838
1841 1842 1839
1843 1838 1840
1828 1843 1840
1843 1841 1838
1844 1842 1841
1843 1844 1841
1844 1845 1842
1844 1846 1845
1844 1829 1846
1828 1829 1847
1828 1847 1843
1843 1847 1844
1847 1829 1844
1848 1849 1850
1850 1849 1851
1850 1851 1852
1852 1853 1850
1854 1850 1853
1855 1850 1854
1855 1854 1856
1855 1856 1857
1855 1857 1858
1859 1858 1857
1860 1861 1862
1860 1862 1863
1863 1864 1860
1863 1865 1864
1866 1864 1865
1866 1865 1867
1868 1866 1867
1868 1867 1869
1870 1868 1869
1870 1869 1871
1872 1870 1871
1872 1871 1873
1873 1874 1872
1873 1875 1874
1875 1876 1874
1876 1877 1874
1876 1878 1877
1879 1880 1881
1879 1881 1882
1882 1881 1883
1882 1883 1884
1885 1886 1887
1885 1888 1886
1888 1889 1886
1890 1888 1885
1890 1885 1891
1892 1890 1891
1888 1893 1889
1890 1893 1888
1894 1889 1893
1890 1895 1893
1892 1895 1890
1894 1893 1896
1896 1893 1895
1896 1897 1894
1895 1892 1898
1896 1895 1898
1896 1899 1897
1898 1899 1896
1900 1897 1899
1892 1901 1898
1898 1901 1899
1892 1902 1901
1903 1899 1901
1901 1902 1903
1900 1899 1904
1903 1904 1899
1900 1904 1905
1903 1905 1904
1900 1905 1906
1907 1906 1905
1908 1903 1902
1903 1908 1905
1908 1902 1909
1907 1905 1910
1910 1905 1908
1909 1911 1908
1910 1908 1911
1909 1912 1911
1912 1913 1911
1913 1910 1911
1912 1914 1913
1915 1907 1910
1913 1915 1910
1915 1916 1907
1913 1914 1917
1917 1915 1913
1917 1914 1918
1915 1919 1916
1917 1919 1915
1918 1919 1917
1916 1919 1920
1918 1920 1919
1921 1922 1923
1921 1923 1924
1923 1925 1924
1921 1924 1925
1923 1926 1925
1921 1925 1927
1927 1925 1928
1927 1928 1929
1921 1927 1930
1931 1921 1930
1931 1930 1932
1933 1932 1930
1933 1930 1934
1927 1934 1930
1935 1933 1934
1929 1936 1927
1927 1936 1934
1929 1937 1936
1936 1937 1938
1935 1934 1939
1936 1939 1934
1936 1938 1940
1936 1940 1939
1941 1935 1939
1940 1941 1939
1941 1942 1935
1938 1943 1940
1940 1943 1941
1938 1944 1943
1942 1941 1945
1945 1941 1943
1942 1945 1946
1944 1947 1943
1945 1943 1947
1944 1948 1947
1949 1947 1948
1950 1946 1945
1950 1945 1947
1950 1951 1946
1950 1947 1952
1949 1952 1947
1953 1954 1951
1953 1955 1954
1956 1954 1955
1957 1955 1953
1957 1953 1958
1957 1958 1949
1957 1949 1959
1960 1957 1959
1960 1961 1957
1961 1955 1957
1961 1960 1962
1956 1955 1963
1961 1963 1955
1963 1964 1956
1961 1962 1965
1963 1961 1965
1963 1966 1964
1963 1965 1966
1962 1967 1965
1966 1965 1967
1962 1968 1967
1969 1967 1968
1970 1964 1966
1966 1967 1970
1970 1971 1964
1969 1972 1967
1972 1970 1967
1973 1972 1969
1971 1970 1974
1972 1974 1970
1971 1974 1975
1976 1975 1974
1976 1974 1977
1972 1977 1974
1977 1978 1976
1973 1979 1972
1972 1979 1977
1978 1979 1973
1977 1979 1980
1978 1980 1979
1977 1980 1978
1981 1982 1983
1981 1983 1984
1981 1984 1985
1981 1985 1986
1985 1987 1986
1988 1989 1990
1988 1991 1989
1989 1991 1992
1989 1992 1993
1992 1994 1993
1995 1996 1997
1995 1997 1998
1999 1995 1998
1999 2000 1995
1999 2001 2000
2002 2003 2004
2002 2004 2005
2006 2005 2004
2006 2007 2005
2006 2008 2007
2009 2010 2011
2009 2012 2010
2012 2013 2010
2012 2009 2014
2015 2014 2009
2015 2016 2014
2016 2015 2017
2018 2014 2016
2018 2016 2017
2012 2014 2019
2018 2019 2014
2020 2018 2017
2019 2018 2020
2021 2020 2017
2021 2022 2020
2019 2020 2022
2021 2023 2022
2022 2023 2024
2025 2022 2024
2019 2022 2025
2026 2025 2024
2013 2025 2026
2012 2027 2013
2012 2019 2027
2013 2027 2025
2019 2025 2027
2028 2029 2030
2028 2030 2031
2031 2030 2032
2031 2033 2028
2034 2028 2033
2034 2033 2035
2035 2036 2034
2037 2035 2033
2037 2036 2035
2031 2038 2033
2037 2033 2038
2039 2036 2037
2038 2039 2037
2040 2036 2039
2040 2039 2041
2038 2041 2039
2040 2041 2042
2041 2043 2042
2044 2043 2041
2038 2044 2041
2045 2043 2044
2032 2045 2044
2031 2032 2046
2031 2046 2038
2032 2044 2046
2038 2046 2044
2047 2048 2049
2050 2048 2047
2051 2047 2049
2049 2052 2051
2049 2053 2052
2053 2054 2052
2053 2055 2054
2052 2056 2051
2052 2057 2056
2057 2052 2054
2057 2054 2058
2051 2056 2059
2060 2058 2054
2060 2054 2055
2060 2061 2058
2062 2061 2060
2051 2059 2063
2051 2063 2047
2059 2064 2063
2047 2063 2064
2059 2065 2064
2062 2060 2066
2066 2067 2062
2060 2055 2068
2068 2066 2060
2047 2064 2069
2050 2047 2069
2070 2050 2069
2064 2070 2069
2070 2071 2050
2072 2064 2065
2064 2072 2070
2072 2065 2073
2072 2073 2074
2071 2070 2075
2070 2072 2075
2071 2075 2076
2072 2074 2077
2077 2075 2072
2077 2074 2078
2079 2076 2075
2077 2079 2075
2079 2080 2076
2077 2078 2081
2077 2081 2079
2082 2081 2078
2079 2083 2080
2081 2083 2079
2082 2084 2081
2083 2081 2084
2084 2082 2085
2084 2085 2086
2086 2085 2087
2088 2080 2083
2089 2080 2088
2083 2084 2090
2090 2084 2086
2086 2087 2091
2092 2091 2087
2089 2088 2093
2094 2089 2093
2094 2093 2095
2095 2096 2094
2097 2083 2090
2088 2083 2097
2090 2086 2098
2098 2086 2091
2092 2099 2091
2100 2099 2092
2101 2093 2088
2101 2095 2093
2102 2101 2088
2097 2102 2088
2101 2103 2095
2097 2104 2102
2097 2090 2105
2104 2097 2105
2098 2105 2090
2104 2105 2106
2103 2107 2095
2095 2107 2096
2103 2108 2107
2107 2109 2096
2110 2106 2105
2098 2110 2105
2110 2111 2106
2112 2107 2108
2107 2112 2109
2108 2113 2112
2112 2114 2109
2115 2112 2113
2112 2115 2114
2113 2116 2115
2115 2116 2117
2114 2115 2118
2117 2118 2115
2114 2118 2119
2118 2117 2120
2055 2119 2118
2120 2121 2118
2055 2118 2121
2121 2120 2122
2068 2055 2121
2122 2123 2121
2068 2121 2123
2123 2122 2124
2125 2068 2123
2068 2125 2066
2124 2126 2123
2125 2123 2126
2126 2124 2127
2066 2125 2128
2128 2125 2126
2127 2129 2126
2128 2126 2129
2130 2066 2128
2066 2130 2067
2130 2131 2067
2130 2132 2131
2132 2130 2128
2132 2133 2131
2134 2128 2129
2132 2128 2134
2132 2135 2133
2134 2135 2132
2136 2133 2135
2137 2129 2127
2134 2129 2137
2136 2135 2138
2139 2136 2138
2134 2140 2135
2137 2140 2134
2140 2138 2135
2141 2137 2127
2142 2141 2127
2141 2143 2137
2137 2143 2140
2139 2138 2144
2145 2139 2144
2140 2146 2138
2143 2146 2140
2144 2138 2146
2145 2144 2147
2147 2148 2145
2147 2149 2148
2143 2150 2146
2151 2150 2143
2151 2142 2152
2144 2146 2153
2147 2144 2153
2150 2153 2146
2154 2149 2147
2147 2153 2154
2154 2155 2149
2151 2152 2156
2156 2152 2157
2150 2158 2153
2154 2153 2158
2159 2150 2151
2150 2159 2158
2159 2151 2156
2154 2158 2160
2155 2154 2160
2159 2160 2158
2156 2157 2161
2162 2161 2157
2163 2159 2156
2159 2163 2160
2163 2156 2161
2155 2160 2164
2163 2164 2160
2165 2155 2164
2162 2166 2161
2166 2163 2161
2163 2166 2164
2167 2166 2162
2165 2164 2168
2166 2168 2164
2169 2165 2168
2167 2170 2166
2166 2170 2168
2171 2170 2167
2169 2168 2172
2168 2170 2172
2172 2170 2171
2173 2169 2172
2171 2174 2172
2173 2172 2174
2171 2175 2174
2173 2174 2176
2175 2176 2174
2175 2177 2176
2173 2176 2178
2176 2177 2179
2178 2176 2180
2176 2179 2180
2180 2179 2181
2178 2180 2182
2180 2181 2183
2183 2182 2180
2183 2181 2184
2183 2185 2182
2186 2182 2185
2183 2184 2187
2185 2183 2187
2188 2187 2184
2186 2185 2189
2189 2190 2186
2189 2191 2190
2188 2192 2187
2193 2192 2188
2185 2187 2194
2189 2185 2194
2192 2194 2187
2191 2189 2195
2189 2194 2195
2191 2195 2196
2193 2197 2192
2197 2193 2198
2192 2199 2194
2199 2195 2194
2197 2199 2192
2196 2195 2200
2199 2200 2195
2196 2200 2100
2100 2200 2099
2200 2199 2201
2197 2201 2199
2200 2201 2099
2197 2198 2202
2202 2201 2197
2202 2198 2111
2202 2111 2110
2099 2201 2203
2202 2203 2201
2110 2203 2202
2099 2203 2091
2110 2098 2203
2098 2091 2203
2204 2205 2206
2207 2205 2204
2207 2204 2208
2209 2206 2205
2210 2207 2208
2209 2205 2211
2211 2205 2207
2212 2209 2211
2212 2213 2209
2210 2214 2207
2214 2210 2215
2214 2215 2216
2214 2216 2217
2217 2207 2214
2218 2217 2216
2211 2207 2219
2217 2219 2207
2212 2211 2219
2218 2220 2217
2220 2219 2217
2221 2220 2218
2213 2212 2222
2213 2222 2223
2223 2222 2224
2212 2219 2225
2220 2225 2219
2225 2222 2212
2221 2226 2220
2226 2221 2224
2226 2225 2220
2225 2227 2222
2222 2227 2224
2226 2227 2225
2227 2226 2224
2228 2229 2230
2231 2228 2230
2231 2232 2228
2233 2230 2229
2234 2232 2231
2233 2235 2230
2235 2231 2230
2236 2235 2233
2236 2233 2237
2234 2231 2238
2238 2239 2234
2238 2240 2239
2238 2241 2240
2241 2238 2231
2242 2240 2241
2235 2243 2231
2241 2231 2243
2236 2243 2235
2242 2241 2244
2244 2241 2243
2245 2242 2244
2237 2246 2236
2237 2247 2246
2247 2248 2246
2236 2249 2243
2244 2243 2249
2249 2236 2246
2245 2244 2250
2250 2248 2245
2250 2244 2249
2249 2246 2251
2246 2248 2251
2250 2249 2251
2251 2248 2250
2252 2253 2254
2254 2253 2255
2252 2254 2256
2257 2252 2256
2257 2256 2258
2259 2257 2258
2259 2258 2260
2261 2260 2258
2256 2262 2258
2261 2258 2262
2256 2254 2262
2262 2263 2261
2262 2264 2263
2254 2264 2262
2264 2265 2263
2254 2255 2266
2254 2266 2264
2266 2255 2267
2266 2267 2268
2264 2266 2268
2269 2268 2267
2264 2270 2265
2264 2268 2270
2269 2271 2268
2270 2268 2271
2271 2269 2272
2265 2270 2273
2270 2271 2273
2265 2273 2274
2271 2272 2275
2273 2271 2275
2276 2274 2273
2273 2275 2276
2272 2276 2275
2276 2277 2274
2272 2278 2276
2277 2276 2278
2277 2278 2279
2280 2279 2281
2280 2281 2282
2282 2283 2280
2281 2284 2282
2281 2285 2284
2282 2286 2283
2286 2282 2284
2287 2283 2286
2285 2288 2284
2286 2284 2288
2285 2289 2288
2287 2286 2290
2288 2290 2286
2291 2287 2290
2292 2288 2289
2288 2292 2290
2292 2289 2293
2292 2293 2294
2291 2290 2295
2295 2290 2292
2292 2294 2296
2295 2292 2296
2297 2296 2294
2297 2298 2296
2298 2295 2296
2299 2298 2297
2291 2295 2300
2298 2300 2295
2291 2300 2301
2299 2302 2298
2302 2300 2298
2302 2299 2303
2304 2301 2300
2302 2304 2300
2302 2303 2304
2304 2305 2301
2305 2304 2303
2305 2303 2259
2306 2307 2308
2306 2309 2307
2306 2308 2310
2310 2308 2311
2310 2311 2312
2313 2312 2311
2313 2314 2312
2315 2312 2314
2316 2310 2312
2315 2316 2312
2316 2306 2310
2316 2315 2317
2316 2317 2318
2318 2306 2316
2318 2317 2319
2306 2320 2309
2318 2320 2306
2321 2309 2320
2321 2320 2322
2322 2320 2318
2323 2321 2322
2318 2319 2324
2322 2318 2324
2323 2322 2325
2324 2325 2322
2325 2326 2323
2319 2327 2324
2324 2327 2325
2319 2328 2327
2325 2329 2326
2327 2329 2325
2328 2330 2327
2327 2330 2329
2330 2326 2329
2328 2331 2330
2330 2332 2326
2331 2332 2330
2331 2333 2332
2334 2335 2333
2334 2336 2335
2336 2334 2337
2335 2336 2338
2335 2338 2339
2336 2337 2340
2340 2338 2336
2340 2337 2341
2342 2339 2338
2340 2342 2338
2342 2343 2339
2340 2341 2344
2342 2340 2344
2344 2341 2345
2343 2342 2346
2342 2344 2346
2343 2346 2347
2346 2348 2347
2344 2345 2349
2349 2346 2344
2346 2350 2348
2349 2350 2346
2350 2351 2348
2350 2352 2351
2349 2352 2350
2352 2353 2351
2354 2349 2345
2349 2354 2352
2354 2345 2355
2352 2356 2353
2356 2352 2354
2356 2357 2353
2355 2358 2354
2356 2354 2358
2356 2358 2357
2355 2359 2358
2357 2358 2359
2357 2359 2313
2360 2361 2362
2362 2361 2363
2360 2362 2364
2364 2365 2360
2362 2363 2366
2367 2366 2363
2367 2368 2366
2369 2368 2367
2366 2368 2370
2369 2370 2368
2370 2362 2366
2371 2370 2369
2370 2371 2362
2371 2369 2372
2373 2371 2372
2374 2362 2371
2373 2374 2371
2374 2364 2362
2373 2375 2374
2375 2364 2374
2373 2376 2375
2375 2376 2377
2375 2378 2364
2364 2378 2365
2375 2377 2379
2378 2375 2379
2380 2365 2378
2378 2379 2380
2380 2381 2365
2382 2379 2377
2382 2380 2379
2382 2377 2383
2384 2381 2380
2382 2384 2380
2384 2385 2381
2383 2386 2382
2384 2382 2386
2383 2387 2386
2384 2386 2388
2385 2384 2388
2385 2388 2389
2390 2391 2389
2390 2392 2391
2392 2393 2391
2392 2390 2394
2395 2394 2387
2395 2396 2394
2392 2394 2396
2396 2395 2397
2392 2398 2393
2398 2392 2396
2398 2399 2393
2396 2397 2400
2398 2396 2400
2398 2401 2399
2400 2401 2398
2402 2400 2397
2400 2402 2401
2402 2397 2403
2404 2402 2403
2405 2399 2401
2402 2405 2401
2405 2406 2399
2406 2405 2407
2406 2407 2408
2409 2408 2407
2409 2407 2410
2402 2411 2405
2404 2411 2402
2411 2407 2405
2412 2411 2404
2411 2412 2407
2412 2404 2413
2414 2412 2413
2414 2415 2412
2415 2407 2412
2415 2410 2407
2415 2416 2410
2417 2416 2415
2416 2418 2410
2417 2419 2416
2416 2419 2418
2420 2421 2422
2420 2423 2421
2420 2422 2424
2420 2425 2423
2420 2424 2426
2420 2427 2425
2420 2426 2428
2420 2429 2427
2420 2428 2430
2420 2431 2429
2420 2430 2432
2420 2432 2431
2433 2434 2435
2433 2436 2434
2433 2435 2437
2433 2438 2436
2433 2437 2439
2433 2440 2438
2433 2439 2441
2433 2442 2440
2433 2441 2443
2433 2444 2442
2433 2443 2445
2433 2445 2444
2446 2447 2448
2449 2446 2448
2446 2450 2447
2449 2451 2446
2452 2447 2450
2452 2450 2453
2454 2452 2453
2454 2453 2455
2456 2451 2449
2456 2449 2457
2455 2458 2454
2455 2459 2458
2458 2459 2460
2458 2460 2461
2461 2460 2462
2461 2462 2463
2456 2457 2464
2456 2464 2465
2463 2462 2466
2463 2466 2467
2466 2468 2467
2466 2469 2468
2469 2470 2468
2469 2471 2470
2472 2470 2471
2472 2471 2473
2473 2474 2472
2473 2475 2474
2475 2476 2474
2475 2477 2476
2477 2478 2476
2477 2479 2478
2479 2480 2478
2479 2481 2480
2481 2482 2480
2481 2483 2482
2482 2483 2484
2482 2484 2485
2464 2485 2484
2464 2484 2465
2486 2487 2488
2489 2487 2486
2486 2488 2490
2489 2486 2491
2492 2490 2488
2492 2493 2490
2494 2493 2492
2494 2495 2493
2496 2489 2491
2496 2497 2489
2495 2494 2498
2495 2498 2499
2498 2500 2499
2498 2501 2500
2501 2502 2500
2501 2503 2502
2496 2504 2497
2496 2505 2504
2503 2506 2502
2503 2507 2506
2506 2507 2508
2506 2508 2509
2509 2508 2510
2509 2510 2511
2512 2511 2510
2512 2513 2511
2513 2512 2514
2513 2514 2515
2515 2514 2516
2515 2516 2517
2517 2516 2518
2517 2518 2519
2519 2518 2520
2519 2520 2521
2521 2520 2522
2521 2522 2523
2522 2524 2523
2522 2525 2524
2504 2524 2525
2504 2505 2524
2526 2527 2528
2526 2529 2527
2526 2530 2529
2529 2530 2531
2530 2532 2531
2526 2532 2530
2526 2533 2532
2533 2526 2534
2526 2528 2534
2533 2534 2535
2535 2534 2536
2535 2536 2537
2537 2536 2538
2537 2538 2539
2540 2539 2538
2541 2536 2534
2541 2534 2528
2541 2538 2536
2540 2538 2542
2542 2543 2540
2542 2544 2543
2545 2543 2544
2546 2545 2544
2546 2547 2545
2544 2542 2548
2548 2542 2538
2549 2538 2541
2549 2541 2528
2546 2544 2550
2544 2548 2550
2549 2551 2538
2548 2538 2551
2552 2550 2548
2552 2553 2550
2546 2550 2553
2548 2554 2552
2548 2551 2554
2555 2554 2551
2555 2551 2549
2546 2553 2556
2549 2557 2555
2558 2546 2556
2549 2528 2559
2549 2559 2557
2528 2560 2559
2557 2559 2560
2528 2561 2560
2557 2560 2562
2560 2561 2563
2562 2560 2563
2558 2564 2546
2546 2564 2547
2565 2564 2558
2565 2547 2564
2565 2558 2566
2565 2567 2547
2568 2565 2566
2567 2565 2568
2568 2566 2569
2567 2568 2570
2569 2571 2568
2570 2568 2571
2569 2572 2571
2572 2573 2571
2570 2571 2574
2574 2571 2573
2572 2575 2573
2574 2573 2576
2573 2575 2577
2576 2573 2578
2573 2577 2579
2578 2573 2579
2579 2577 2580
2581 2578 2579
2580 2582 2579
2581 2579 2583
2579 2582 2583
2583 2584 2581
2585 2583 2582
2583 2585 2584
2585 2582 2586
2584 2585 2587
2586 2587 2585
2584 2587 2588
2586 2589 2587
2590 2588 2587
2590 2587 2589
2591 2592 2593
2591 2593 2594
2591 2594 2595
2594 2596 2595
2595 2596 2597
2591 2595 2597
2591 2597 2598
2598 2599 2591
2591 2599 2592
2598 2600 2599
2600 2601 2599
2600 2602 2601
2602 2603 2601
2602 2604 2603
2605 2603 2604
2606 2599 2601
2606 2592 2599
2606 2601 2603
2605 2607 2603
2607 2605 2608
2607 2608 2609
2610 2609 2608
2611 2609 2610
2611 2610 2612
2609 2613 2607
2613 2603 2607
2614 2606 2603
2614 2592 2606
2611 2615 2609
2609 2615 2613
2614 2603 2616
2613 2616 2603
2617 2613 2615
2617 2615 2618
2611 2618 2615
2613 2617 2619
2613 2619 2616
2620 2616 2619
2620 2614 2616
2611 2621 2618
2614 2620 2622
2623 2621 2611
2614 2624 2592
2614 2622 2624
2592 2624 2625
2622 2625 2624
2592 2625 2626
2622 2627 2625
2625 2628 2626
2627 2628 2625
2623 2611 2629
2611 2612 2629
2630 2623 2629
2630 2629 2612
2630 2631 2623
2630 2612 2632
2633 2631 2630
2632 2633 2630
2633 2634 2631
2632 2635 2633
2634 2633 2636
2635 2636 2633
2634 2636 2637
2637 2636 2638
2635 2639 2636
2639 2638 2636
2637 2638 2640
2639 2641 2638
2638 2642 2640
2641 2643 2638
2638 2644 2642
2643 2644 2638
2644 2645 2642
2646 2644 2643
2645 2644 2647
2646 2648 2644
2644 2648 2647
2648 2646 2649
2650 2647 2648
2648 2649 2650
2650 2651 2647
2649 2652 2650
2651 2650 2652
2649 2653 2652
2651 2652 2654
2655 2652 2653
2655 2654 2652
2656 2657 2658
2658 2657 2659
2656 2658 2660
2661 2656 2660
2658 2659 2662
2659 2663 2662
2663 2664 2662
2658 2662 2664
2658 2664 2665
2660 2658 2665
2660 2665 2666
2661 2660 2667
2667 2660 2666
2667 2668 2661
2667 2666 2669
2667 2670 2668
2670 2667 2669
2670 2671 2668
2670 2669 2672
2672 2671 2670
2673 2674 2675
2674 2676 2675
2673 2677 2674
2678 2677 2673
2674 2679 2676
2676 2679 2680
2680 2679 2681
2674 2681 2679
2674 2682 2681
2677 2682 2674
2677 2683 2682
2678 2684 2677
2684 2683 2677
2684 2678 2685
2684 2686 2683
2684 2685 2687
2687 2686 2684
2687 2685 2688
2687 2689 2686
2689 2687 2688
2690 2691 2692
2693 2690 2692
2691 2694 2692
2695 2693 2692
2694 2696 2692
2697 2695 2692
2696 2698 2692
2699 2697 2692
2698 2700 2692
2701 2699 2692
2700 2702 2692
2703 2701 2692
2702 2704 2692
2705 2703 2692
2704 2706 2692
2707 2705 2692
2706 2708 2692
2709 2707 2692
2708 2710 2692
2710 2709 2692
2711 2712 2713
2714 2712 2711
2713 2712 2715
2716 2712 2714
2715 2712 2717
2718 2712 2716
2717 2712 2719
2720 2712 2718
2719 2712 2721
2722 2712 2720
2721 2712 2723
2724 2712 2722
2723 2712 2725
2726 2712 2724
2725 2712 2727
2728 2712 2726
2727 2712 2729
2730 2712 2728
2729 2712 2731
2731 2712 2730
