byte offset: 0
first index: 16083
index count: 19356
topology: trianglelist
format: DXGI_FORMAT_R16_UINT

5434 5435 5436
5436 5437 5438
5439 5438 5437
5439 5437 5440
5440 5437 5441
5437 5442 5441
5443 5442 5437
5444 5442 5443
5444 5443 5445
5444 5445 5446
5444 5446 5447
5448 5447 5446
5442 5444 5449
5447 5449 5444
5448 5450 5447
5450 5448 5451
5452 5441 5442
5442 5449 5452
5447 5453 5449
5450 5453 5447
5450 5451 5454
5454 5451 5455
5450 5456 5453
5456 5450 5454
5454 5455 5457
5457 5455 5458
5456 5454 5459
5459 5454 5457
5457 5458 5460
5461 5460 5458
5460 5462 5457
5459 5457 5462
5461 5463 5460
5460 5463 5462
5461 5464 5463
5463 5464 5465
5466 5459 5462
5466 5462 5463
5463 5465 5467
5466 5463 5467
5468 5467 5465
5469 5467 5468
5469 5466 5467
5466 5470 5459
5470 5466 5469
5470 5456 5459
5470 5469 5471
5470 5472 5456
5471 5472 5470
5453 5456 5472
5471 5473 5472
5453 5472 5474
5474 5472 5473
5449 5453 5474
5474 5473 5475
5449 5474 5476
5475 5476 5474
5475 5477 5476
5478 5476 5477
5452 5449 5476
5478 5479 5476
5452 5476 5479
5480 5479 5478
5480 5481 5479
5479 5482 5452
5479 5481 5482
5452 5483 5441
5483 5484 5441
5440 5441 5484
5485 5483 5481
5483 5485 5484
5484 5486 5440
5487 5484 5485
5484 5487 5486
5440 5486 5488
5440 5488 5439
5485 5481 5489
5490 5489 5481
5490 5481 5491
5492 5489 5490
5489 5493 5485
5487 5485 5493
5492 5494 5489
5489 5494 5493
5495 5494 5492
5496 5493 5494
5496 5487 5493
5495 5497 5494
5496 5494 5497
5498 5497 5495
5496 5499 5487
5500 5496 5497
5499 5496 5500
5498 5501 5497
5500 5497 5501
5502 5501 5498
5502 5498 5503
5487 5499 5504
5487 5504 5486
5501 5505 5500
5501 5502 5505
5506 5486 5504
5506 5488 5486
5507 5500 5505
5508 5505 5502
5507 5505 5508
5508 5502 5509
5510 5509 5502
5510 5511 5509
5507 5508 5512
5499 5500 5513
5507 5513 5500
5512 5514 5507
5512 5515 5514
5516 5513 5507
5516 5507 5514
5513 5517 5499
5513 5516 5517
5514 5515 5518
5515 5519 5518
5499 5517 5520
5499 5520 5504
5521 5518 5519
5521 5519 5522
5523 5521 5522
5523 5524 5521
5524 5525 5521
5525 5518 5521
5525 5526 5518
5514 5518 5527
5525 5524 5528
5514 5527 5529
5525 5529 5527
5514 5529 5516
5525 5528 5530
5525 5530 5529
5516 5529 5531
5531 5529 5530
5516 5531 5517
5532 5530 5528
5531 5530 5532
5532 5528 5533
5534 5532 5533
5534 5535 5532
5535 5531 5532
5535 5534 5536
5517 5531 5537
5535 5537 5531
5517 5537 5520
5535 5536 5538
5538 5537 5535
5520 5537 5539
5538 5539 5537
5538 5536 5540
5536 5541 5540
5541 5542 5540
5541 5543 5542
5544 5542 5543
5538 5540 5545
5545 5540 5542
5520 5539 5546
5547 5546 5539
5546 5504 5520
5546 5506 5504
5548 5506 5546
5549 5539 5538
5538 5545 5549
5544 5550 5542
5551 5542 5550
5550 5544 5552
5550 5552 5553
5551 5550 5553
5551 5553 5554
5555 5551 5554
5545 5542 5556
5551 5556 5542
5545 5556 5557
5557 5556 5551
5545 5557 5549
5539 5549 5558
5547 5539 5558
5555 5559 5551
5557 5551 5559
5557 5559 5560
5560 5559 5555
5561 5549 5557
5557 5560 5561
5549 5561 5562
5558 5549 5562
5560 5562 5561
5547 5558 5563
5558 5562 5563
5564 5563 5562
5560 5565 5562
5564 5562 5565
5560 5555 5566
5565 5560 5566
5567 5566 5555
5567 5555 5568
5566 5567 5569
5566 5569 5570
5565 5566 5570
5564 5565 5570
5564 5570 5571
5564 5571 5572
5573 5563 5564
5547 5563 5573
5564 5572 5574
5573 5564 5574
5572 5575 5574
5573 5574 5575
5547 5573 5576
5573 5575 5576
5547 5576 5577
5575 5577 5576
5572 5578 5575
5578 5572 5579
5578 5579 5580
5581 5578 5580
5581 5582 5578
5583 5575 5578
5583 5578 5582
5575 5583 5577
5582 5584 5583
5577 5583 5584
5582 5585 5584
5586 5584 5585
5587 5547 5577
5547 5587 5546
5587 5548 5546
5587 5577 5588
5577 5584 5588
5587 5588 5589
5584 5589 5588
5587 5589 5548
5586 5590 5584
5584 5590 5589
5590 5586 5591
5592 5591 5586
5592 5593 5591
5594 5591 5593
5594 5595 5591
5589 5590 5596
5590 5591 5596
5597 5591 5595
5597 5596 5591
5598 5597 5595
5598 5595 5599
5598 5599 5600
5589 5596 5601
5601 5548 5589
5596 5597 5602
5596 5602 5601
5598 5602 5597
5602 5548 5601
5548 5602 5603
5598 5603 5602
5548 5603 5604
5506 5548 5604
5506 5604 5488
5598 5605 5603
5605 5604 5603
5488 5604 5606
5605 5606 5604
5488 5606 5439
5439 5606 5607
5439 5607 5608
5606 5609 5607
5606 5605 5609
5610 5609 5605
5598 5611 5605
5610 5605 5611
5598 5600 5611
5610 5611 5600
5610 5600 5612
5613 5614 5615
5615 5616 5617
5615 5618 5616
5618 5619 5616
5618 5620 5619
5619 5620 5621
5619 5621 5622
5623 5622 5621
5623 5624 5622
5625 5626 5627
5625 5628 5626
5629 5626 5628
5629 5628 5630
5631 5629 5630
5631 5632 5629
5632 5631 5633
5632 5633 5634
5633 5635 5634
5634 5635 5636
5637 5636 5635
5637 5638 5636
5639 5638 5637
5639 5637 5640
5641 5642 5643
5641 5643 5644
5644 5643 5645
5644 5645 5646
5646 5645 5647
5646 5647 5648
5649 5650 5651
5649 5652 5650
5653 5652 5649
5653 5649 5654
5654 5649 5655
5655 5650 5656
5653 5657 5652
5653 5654 5658
5653 5659 5657
5655 5656 5660
5654 5655 5661
5661 5655 5660
5658 5654 5661
5652 5657 5662
5652 5662 5663
5661 5660 5664
5664 5660 5665
5658 5661 5666
5666 5661 5664
5663 5662 5667
5663 5667 5668
5662 5669 5667
5657 5670 5662
5662 5670 5669
5657 5659 5670
5671 5658 5666
5653 5658 5671
5666 5664 5672
5671 5666 5673
5673 5666 5672
5653 5671 5674
5674 5671 5673
5672 5664 5675
5664 5665 5675
5659 5676 5670
5670 5677 5669
5670 5676 5677
5653 5678 5659
5659 5678 5676
5674 5673 5679
5673 5672 5680
5679 5673 5680
5672 5675 5681
5680 5672 5681
5681 5675 5682
5681 5682 5683
5680 5681 5684
5684 5681 5683
5653 5674 5685
5685 5674 5679
5679 5680 5686
5686 5680 5684
5687 5679 5686
5687 5686 5688
5685 5679 5689
5688 5686 5690
5686 5684 5690
5688 5690 5691
5684 5683 5692
5690 5684 5692
5691 5690 5693
5690 5692 5693
5691 5693 5694
5695 5692 5683
5695 5693 5692
5695 5694 5693
5695 5683 5696
5695 5696 5697
5675 5697 5696
5675 5665 5697
5665 5698 5697
5695 5697 5698
5665 5699 5698
5700 5699 5665
5700 5656 5699
5695 5698 5701
5702 5701 5698
5702 5703 5701
5668 5703 5702
5668 5704 5703
5703 5705 5701
5695 5701 5705
5704 5706 5703
5703 5706 5705
5704 5669 5706
5706 5707 5705
5695 5705 5707
5669 5708 5706
5706 5708 5707
5669 5677 5708
5695 5707 5709
5708 5709 5707
5677 5710 5708
5708 5710 5709
5695 5709 5711
5710 5711 5709
5695 5711 5694
5712 5694 5711
5710 5712 5711
5712 5713 5694
5677 5714 5710
5714 5712 5710
5676 5714 5677
5715 5713 5712
5714 5715 5712
5715 5716 5713
5676 5717 5714
5717 5715 5714
5678 5717 5676
5718 5716 5715
5717 5718 5715
5718 5689 5716
5678 5719 5717
5719 5718 5717
5653 5719 5678
5720 5689 5718
5719 5720 5718
5653 5720 5719
5720 5685 5689
5653 5685 5720
5721 5722 5723
5721 5723 5724
5725 5721 5724
5725 5724 5726
5727 5725 5726
5724 5723 5728
5724 5728 5729
5726 5724 5729
5726 5729 5730
5723 5731 5728
5732 5726 5730
5727 5726 5732
5732 5730 5733
5734 5732 5733
5734 5733 5735
5723 5736 5731
5737 5736 5723
5738 5727 5732
5738 5732 5734
5739 5734 5735
5740 5738 5734
5740 5734 5739
5741 5740 5739
5741 5742 5740
5739 5735 5743
5741 5739 5743
5744 5727 5738
5743 5735 5744
5744 5745 5727
5735 5745 5744
5745 5746 5727
5735 5747 5745
5745 5748 5746
5747 5748 5745
5747 5749 5748
5750 5744 5738
5743 5744 5750
5750 5738 5751
5752 5751 5742
5752 5750 5751
5753 5743 5750
5753 5750 5752
5752 5754 5753
5752 5755 5754
5756 5755 5752
5756 5752 5757
5758 5755 5756
5758 5754 5755
5741 5743 5759
5741 5760 5757
5759 5754 5761
5759 5761 5741
5741 5761 5760
5762 5761 5754
5762 5760 5761
5763 5764 5765
5763 5766 5764
5764 5766 5767
5767 5766 5768
5763 5769 5766
5763 5770 5769
5771 5768 5770
5771 5772 5768
5769 5772 5773
5773 5772 5774
5771 5774 5772
5771 5775 5774
5776 5777 5778
5776 5778 5779
5780 5781 5782
5780 5783 5781
5783 5784 5781
5780 5785 5783
5780 5786 5785
5785 5786 5787
5785 5787 5788
5789 5785 5788
5789 5783 5785
5789 5788 5790
5783 5791 5784
5789 5791 5783
5792 5784 5791
5793 5789 5790
5793 5791 5789
5793 5790 5794
5792 5791 5795
5793 5795 5791
5796 5792 5795
5793 5796 5795
5796 5797 5792
5798 5793 5794
5793 5798 5796
5798 5794 5799
5797 5796 5800
5798 5800 5796
5797 5800 5801
5802 5798 5799
5798 5802 5800
5802 5799 5803
5804 5801 5800
5804 5800 5802
5804 5805 5801
5806 5802 5803
5804 5802 5806
5806 5803 5807
5806 5807 5808
5809 5805 5804
5806 5809 5804
5809 5810 5805
5809 5811 5810
5806 5808 5812
5806 5812 5809
5813 5812 5808
5809 5814 5811
5812 5814 5809
5814 5815 5811
5813 5816 5812
5812 5816 5814
5814 5817 5815
5816 5817 5814
5818 5815 5817
5818 5817 5819
5820 5816 5813
5816 5820 5817
5820 5819 5817
5820 5813 5821
5820 5822 5819
5822 5820 5821
5822 5821 5823
5824 5825 5826
5824 5826 5827
5827 5826 5828
5824 5827 5829
5824 5829 5830
5829 5831 5830
5829 5832 5831
5833 5832 5829
5833 5829 5827
5833 5834 5832
5827 5828 5835
5833 5827 5835
5836 5835 5828
5837 5834 5833
5837 5833 5835
5837 5838 5834
5836 5839 5835
5837 5835 5839
5840 5839 5836
5837 5839 5840
5840 5836 5841
5842 5838 5837
5837 5840 5842
5842 5843 5838
5841 5844 5840
5842 5840 5844
5841 5845 5844
5846 5843 5842
5842 5844 5846
5846 5847 5843
5848 5844 5845
5848 5846 5844
5848 5845 5849
5850 5847 5846
5848 5850 5846
5850 5851 5847
5850 5852 5851
5853 5848 5849
5850 5848 5853
5853 5849 5854
5853 5854 5855
5850 5856 5852
5850 5853 5856
5857 5852 5856
5853 5855 5858
5856 5853 5858
5858 5855 5859
5857 5856 5860
5856 5858 5860
5858 5859 5861
5860 5858 5861
5862 5861 5859
5862 5863 5861
5864 5857 5860
5860 5861 5864
5864 5861 5863
5864 5865 5857
5864 5863 5866
5866 5865 5864
5866 5867 5865
5868 5869 5870
5868 5871 5869
5872 5869 5871
5872 5871 5873
5874 5872 5873
5874 5873 5875
5876 5877 5878
5876 5879 5877
5880 5881 5879
5880 5879 5882
5883 5884 5885
5883 5885 5886
5887 5886 5885
5887 5885 5888
5889 5890 5891
5889 5891 5892
5893 5889 5894
5893 5894 5895
5896 5897 5898
5896 5899 5897
5899 5896 5900
5899 5900 5901
5901 5900 5902
5901 5902 5903
5904 5905 5906
5904 5906 5907
5908 5909 5907
5908 5907 5910
5911 5912 5913
5911 5913 5914
5911 5914 5915
5911 5915 5916
5917 5918 5919
5917 5919 5920
5921 5922 5917
5921 5923 5922
5924 5925 5926
5924 5927 5925
5928 5927 5924
5928 5924 5929
5928 5929 5930
5931 5925 5927
5931 5932 5925
5933 5931 5927
5933 5934 5931
5935 5934 5933
5935 5933 5936
5936 5937 5935
5936 5938 5937
5939 5938 5936
5939 5940 5938
5936 5933 5941
5936 5941 5939
5942 5933 5927
5942 5941 5933
5940 5939 5943
5944 5940 5943
5945 5944 5943
5941 5946 5939
5946 5943 5939
5945 5943 5947
5948 5945 5947
5947 5943 5949
5949 5948 5947
5943 5946 5949
5949 5950 5948
5941 5951 5946
5949 5946 5951
5942 5951 5941
5942 5952 5951
5952 5942 5953
5927 5953 5942
5927 5928 5953
5949 5951 5954
5950 5949 5954
5952 5954 5951
5955 5953 5928
5952 5953 5955
5955 5928 5956
5928 5930 5956
5957 5956 5930
5957 5930 5958
5952 5959 5954
5959 5960 5954
5950 5954 5960
5959 5961 5960
5962 5955 5956
5952 5955 5963
5962 5963 5955
5963 5962 5964
5965 5962 5956
5965 5956 5966
5966 5956 5967
5966 5967 5968
5962 5965 5969
5962 5969 5964
5970 5964 5969
5970 5969 5971
5972 5952 5963
5963 5964 5973
5973 5972 5963
5952 5972 5974
5952 5974 5975
5972 5976 5974
5972 5977 5976
5974 5978 5975
5975 5978 5961
5979 5974 5976
5979 5978 5974
5980 5979 5976
5980 5976 5981
5982 5981 5976
5982 5983 5981
5984 5979 5980
5984 5985 5979
5978 5979 5985
5986 5985 5984
5983 5977 5987
5983 5987 5988
5989 5988 5987
5987 5977 5990
5977 5991 5990
5973 5990 5991
5989 5987 5992
5990 5992 5987
5993 5989 5992
5993 5992 5994
5973 5995 5990
5990 5995 5992
5995 5994 5992
5995 5996 5994
5973 5964 5995
5996 5995 5964
5996 5964 5997
5998 5997 5964
5998 5999 5997
6000 6001 6002
6000 6003 6001
6004 6001 6003
6004 6005 6001
6006 6005 6004
6006 6007 6005
6008 6007 6006
6008 6009 6007
6010 6011 6012
6010 6012 6013
6014 6010 6013
6014 6015 6010
6016 6015 6014
6016 6017 6015
6017 6016 6018
6017 6018 6019
6020 6021 6022
6020 6023 6021
6023 6024 6021
6023 6025 6024
6025 6026 6024
6025 6027 6026
6028 6029 6027
6028 6030 6029
6031 6032 6033
6031 6034 6032
6035 6032 6034
6035 6036 6032
6035 6037 6036
6034 6031 6038
6035 6034 6039
6034 6038 6039
6035 6040 6037
6035 6039 6041
6041 6040 6035
6037 6040 6042
6040 6043 6042
6037 6042 6044
6044 6042 6045
6043 6045 6042
6043 6046 6045
6047 6046 6043
6041 6048 6040
6040 6048 6043
6047 6043 6049
6047 6049 6050
6051 6050 6049
6043 6048 6052
6043 6052 6049
6052 6048 6041
6051 6049 6052
6052 6041 6053
6051 6052 6053
6053 6041 6039
6051 6053 6054
6053 6039 6055
6054 6053 6055
6054 6055 6056
6038 6055 6039
6057 6056 6055
6038 6057 6055
6057 6058 6056
6059 6057 6038
6031 6059 6038
6060 6058 6057
6059 6060 6057
6060 6061 6058
6060 6062 6061
6031 6063 6059
6064 6063 6031
6064 6065 6063
6066 6063 6065
6059 6063 6067
6066 6067 6063
6060 6059 6068
6059 6067 6068
6060 6069 6062
6060 6068 6069
6070 6067 6066
6070 6066 6071
6070 6071 6072
6070 6072 6073
6070 6073 6074
6067 6075 6068
6067 6070 6075
6070 6074 6075
6069 6068 6075
6075 6074 6076
6062 6069 6077
6069 6075 6077
6075 6076 6077
6062 6077 6078
6077 6076 6079
6077 6079 6078
6080 6081 6082
6080 6082 6083
6083 6084 6080
6080 6084 6085
6083 6086 6084
6080 6085 6087
6088 6087 6085
6087 6089 6080
6090 6086 6083
6090 6091 6086
6088 6092 6087
6092 6088 6093
6092 6093 6094
6095 6090 6083
6095 6083 6082
6090 6096 6091
6096 6090 6095
6096 6097 6091
6098 6097 6096
6096 6095 6098
6098 6099 6097
6098 6100 6099
6101 6087 6092
6087 6101 6089
6102 6092 6094
6101 6092 6102
6102 6094 6103
6082 6104 6095
6104 6098 6095
6098 6105 6100
6104 6105 6098
6105 6106 6100
6105 6104 6106
6107 6101 6102
6103 6107 6102
6082 6108 6104
6089 6108 6082
6109 6089 6101
6107 6109 6101
6110 6104 6108
6110 6111 6104
6112 6110 6108
6089 6113 6108
6112 6108 6113
6109 6113 6089
6114 6112 6113
6114 6113 6109
6109 6115 6114
6109 6107 6115
6107 6116 6115
6103 6117 6107
6107 6117 6116
6118 6117 6103
6119 6118 6103
6120 6116 6117
6118 6120 6117
6120 6121 6116
6122 6121 6120
6122 6123 6121
6119 6124 6118
6124 6119 6125
6124 6125 6126
6124 6126 6127
6124 6127 5950
5950 6118 6124
6128 6120 6118
5950 6128 6118
6128 6129 6120
5960 6128 5950
6129 6128 5960
6123 6129 6130
6129 5960 6130
6123 6130 6131
6130 5960 5961
6132 6131 6130
6130 5961 6132
6132 6133 6131
6132 5961 6134
6134 5961 5978
6135 6133 6132
6132 6134 6135
6135 6136 6133
6137 6136 6135
6137 6135 6134
6137 6138 6136
6139 6138 6137
6134 5978 6140
5978 5985 6140
6137 6134 6141
6141 6134 6140
6139 6137 6141
6142 6140 5985
6141 6140 6142
6143 6139 6141
6142 6143 6141
6142 5985 6144
5986 6144 5985
6144 5986 6145
6142 6144 6146
6144 6145 6146
6142 6146 6143
6146 6145 6147
6146 6147 6148
6143 6146 6148
6143 6148 6149
6139 6143 6149
6139 6149 6150
6151 6152 6153
6151 6154 6152
6155 6154 6151
6155 6151 6156
6155 6156 6157
6155 6157 6158
6155 6158 6159
6159 6158 6160
6161 6155 6159
6155 6161 6154
6162 6152 6154
6162 6163 6152
6164 6159 6160
6161 6159 6164
6165 6154 6161
6164 6165 6161
6165 6162 6154
6160 6166 6164
6164 6166 6165
6160 6167 6166
6166 6168 6165
6166 6169 6168
6169 6166 6167
6162 6165 6170
6169 6167 6171
6163 6162 6172
6162 6170 6172
6163 6172 6173
6174 6170 6169
6174 6172 6170
6171 6175 6169
6174 6169 6175
6171 6176 6175
6177 6173 6172
6174 6177 6172
6177 6178 6173
6176 6179 6175
6176 6180 6179
6181 6174 6175
6181 6177 6174
6181 6175 6179
6182 6178 6177
6181 6182 6177
6182 6183 6178
6180 6184 6179
6180 6185 6184
6179 6186 6181
6182 6181 6186
6179 6184 6186
6187 6183 6182
6182 6186 6187
6187 6188 6183
6189 6184 6185
6189 6185 6190
6191 6186 6184
6191 6187 6186
6191 6184 6189
6192 6188 6187
6191 6192 6187
6192 6193 6188
6194 6189 6190
6194 6190 6195
6196 6189 6194
6196 6191 6189
6196 6192 6191
6196 6197 6192
6197 6193 6192
6197 6198 6193
6199 6200 6201
6199 6201 6202
6203 6199 6202
6204 6202 6201
6203 6202 6205
6205 6206 6203
6204 6207 6202
6207 6205 6202
6208 6207 6204
6205 6209 6206
6207 6210 6205
6210 6209 6205
6208 6211 6207
6210 6207 6211
6212 6206 6209
6212 6213 6206
6214 6212 6209
6210 6214 6209
6214 6215 6212
6208 6216 6211
6208 6217 6216
6210 6211 6218
6214 6210 6218
6216 6218 6211
6215 6214 6219
6214 6218 6219
6215 6219 6220
6221 6219 6218
6216 6221 6218
6222 6220 6219
6221 6222 6219
6222 6223 6220
6222 6224 6223
6222 6225 6224
6221 6225 6222
6226 6224 6225
6227 6216 6217
6227 6217 6228
6216 6229 6221
6221 6229 6225
6216 6227 6229
6226 6225 6230
6229 6230 6225
6231 6227 6228
6231 6228 6232
6231 6232 6233
6231 6233 6234
6235 6229 6227
6235 6227 6231
6229 6235 6230
6235 6231 6234
6236 6226 6230
6236 6237 6226
6230 6235 6238
6235 6234 6238
6230 6238 6236
6236 6239 6237
6239 6236 6238
6239 6240 6237
6241 6240 6239
6239 6238 6241
6241 6242 6240
6241 6243 6242
6244 6238 6234
6244 6241 6238
6241 6244 6243
6244 6234 6245
6244 6245 6243
6246 6247 6248
6246 6248 6249
6250 6246 6249
6250 6251 6246
6249 6248 6252
6250 6253 6251
6249 6252 6254
6250 6249 6254
6254 6252 6255
6254 6255 6256
6256 6255 6257
6256 6257 6258
6259 6258 6257
6259 6260 6258
6261 6260 6259
6262 6254 6256
6250 6254 6262
6250 6263 6253
6263 6264 6253
6263 6265 6264
6266 6265 6263
6267 6263 6250
6266 6263 6267
6267 6250 6262
6266 6267 6268
6268 6267 6262
6266 6268 6269
6262 6256 6270
6268 6262 6270
6270 6256 6271
6270 6271 6272
6272 6268 6270
6260 6272 6271
6273 6269 6268
6272 6273 6268
6273 6274 6269
6273 6275 6274
6260 6276 6272
6276 6273 6272
6273 6277 6275
6276 6277 6273
6278 6275 6277
6276 6279 6277
6278 6277 6279
6276 6280 6279
6281 6278 6279
6281 6279 6280
6281 6282 6278
6281 6283 6282
6283 6284 6282
6285 6284 6283
6281 6286 6283
6285 6283 6286
6281 6280 6287
6281 6287 6286
6288 6285 6286
6288 6289 6285
6288 6290 6289
6286 6287 6291
6286 6291 6288
6288 6291 6290
6280 6291 6287
6261 6290 6291
6280 6292 6291
6261 6291 6292
6292 6280 6293
6261 6292 6260
6292 6293 6260
6294 6295 6296
6294 6297 6295
6297 6298 6295
6299 6297 6294
6297 6300 6298
6301 6298 6300
6299 6302 6297
6300 6297 6302
6303 6302 6299
6303 6299 6304
6301 6300 6305
6305 6306 6301
6305 6307 6306
6300 6302 6308
6308 6305 6300
6307 6305 6309
6308 6309 6305
6307 6309 6310
6311 6308 6302
6309 6308 6311
6311 6302 6312
6313 6310 6309
6309 6311 6313
6313 6314 6310
6304 6315 6312
6304 6316 6315
6312 6317 6311
6313 6311 6317
6312 6315 6317
6314 6313 6318
6313 6317 6318
6314 6318 6319
6320 6319 6318
6320 6318 6317
6320 6321 6319
6322 6315 6316
6322 6316 6323
6324 6317 6315
6320 6317 6324
6324 6315 6322
6325 6321 6320
6325 6320 6324
6325 6326 6321
6327 6322 6323
6327 6323 6328
6329 6324 6322
6325 6324 6329
6329 6322 6327
6330 6326 6325
6330 6331 6326
6332 6325 6329
6332 6329 6327
6332 6330 6325
6330 6332 6333
6328 6334 6327
6332 6327 6334
6334 6333 6332
6328 6335 6334
6331 6330 6336
6330 6333 6336
6331 6336 6337
6337 6336 6338
6333 6338 6336
6333 6339 6338
6340 6339 6333
6341 6334 6335
6334 6341 6333
6340 6333 6341
6341 6335 6342
6340 6341 6342
6343 6344 6345
6343 6346 6344
6347 6344 6346
6347 6346 6348
6349 6347 6348
6349 6350 6347
6349 6351 6352
6349 6352 6353
6354 6355 6356
6354 6357 6355
6358 6355 6357
6359 6355 6358
6359 6360 6355
6360 6361 6355
6360 6362 6361
6360 6363 6362
6360 6364 6363
6364 6365 6363
6360 6359 6366
6360 6366 6364
6364 6367 6365
6364 6366 6368
6364 6368 6367
6369 6365 6367
6369 6370 6365
6367 6368 6371
6367 6371 6369
6366 6372 6368
6372 6371 6368
6373 6370 6369
6373 6374 6370
6373 6375 6374
6373 6376 6375
6373 6377 6376
6378 6373 6369
6373 6378 6377
6378 6369 6371
6379 6377 6378
6378 6371 6380
6372 6380 6371
6366 6381 6372
6359 6381 6366
6379 6378 6382
6378 6380 6382
6383 6379 6382
6383 6384 6379
6382 6385 6383
6382 6380 6385
6380 6386 6385
6380 6372 6386
6386 6372 6381
6386 6381 6387
6387 6381 6388
6359 6388 6381
6387 6388 6389
6390 6389 6388
6391 6388 6359
6390 6388 6391
6391 6392 6390
6391 6359 6358
6391 6393 6392
6358 6393 6391
6358 6394 6393
6358 6357 6394
6395 6393 6394
6393 6395 6396
6396 6395 6397
6398 6397 6395
6395 6394 6398
6398 6399 6397
6400 6399 6398
6401 6394 6357
6401 6398 6394
6400 6398 6401
6357 6402 6401
6401 6402 6400
6403 6404 6405
6403 6405 6406
6407 6403 6406
6407 6408 6403
6407 6409 6408
6410 6406 6405
6410 6405 6411
6412 6406 6410
6412 6410 6413
6414 6412 6413
6414 6415 6412
6415 6414 6416
6415 6416 6417
6418 6415 6417
6418 6417 6419
6415 6420 6412
6415 6418 6420
6421 6406 6412
6421 6412 6420
6419 6422 6418
6423 6422 6419
6424 6422 6423
6420 6418 6425
6425 6418 6422
6424 6426 6422
6427 6426 6424
6426 6428 6422
6428 6426 6427
6422 6428 6425
6428 6427 6429
6420 6425 6430
6428 6430 6425
6421 6420 6430
6421 6430 6431
6431 6432 6421
6406 6421 6432
6406 6432 6407
6428 6433 6430
6429 6433 6428
6431 6430 6433
6434 6407 6432
6431 6434 6432
6434 6435 6407
6407 6435 6409
6436 6409 6435
6436 6437 6409
6431 6433 6438
6438 6433 6439
6429 6439 6433
6438 6439 6440
6441 6435 6434
6431 6442 6434
6441 6434 6442
6442 6443 6441
6444 6435 6441
6444 6445 6435
6445 6446 6435
6445 6447 6446
6441 6448 6444
6441 6443 6448
6449 6448 6443
6449 6450 6448
6451 6442 6431
6442 6452 6443
6452 6442 6451
6431 6453 6451
6431 6454 6453
6451 6453 6455
6451 6455 6456
6453 6454 6457
6454 6440 6457
6458 6455 6453
6458 6453 6457
6456 6455 6459
6460 6459 6455
6460 6455 6458
6461 6460 6458
6456 6459 6462
6461 6458 6463
6457 6463 6458
6464 6461 6463
6462 6465 6456
6462 6466 6465
6467 6465 6466
6465 6468 6456
6456 6468 6469
6452 6469 6468
6467 6470 6465
6468 6465 6470
6471 6470 6467
6471 6472 6470
6452 6468 6473
6468 6470 6473
6473 6470 6472
6473 6472 6474
6452 6473 6443
6474 6443 6473
6474 6475 6443
6476 6443 6475
6476 6475 6477
6478 6479 6480
6478 6480 6481
6482 6481 6480
6482 6480 6483
6484 6482 6483
6484 6483 6485
6486 6484 6485
6486 6485 6487
6488 6489 6490
6488 6491 6489
6492 6491 6493
6492 6493 6494
6495 6492 6494
6495 6494 6496
6496 6497 6495
6496 6498 6497
6499 6500 6501
6499 6501 6502
6502 6503 6499
6502 6504 6503
6505 6502 6501
6506 6504 6502
6506 6502 6505
6507 6504 6506
6505 6508 6506
6507 6506 6508
6507 6509 6504
6509 6510 6504
6507 6511 6509
6510 6512 6504
6510 6513 6512
6514 6513 6510
6511 6515 6509
6509 6515 6510
6514 6510 6516
6517 6510 6515
6517 6516 6510
6518 6516 6517
6514 6516 6519
6518 6519 6516
6514 6519 6520
6521 6520 6519
6521 6519 6522
6518 6522 6519
6522 6523 6521
6517 6515 6524
6511 6524 6515
6522 6525 6523
6526 6525 6522
6518 6526 6522
6527 6518 6517
6517 6524 6527
6526 6528 6525
6528 6529 6525
6518 6530 6526
6527 6531 6518
6518 6531 6530
6532 6528 6526
6532 6526 6530
6527 6524 6533
6527 6533 6534
6531 6527 6534
6531 6534 6535
6536 6531 6535
6536 6530 6531
6537 6530 6536
6537 6532 6530
6538 6533 6524
6539 6532 6537
6538 6524 6511
6539 6540 6532
6540 6528 6532
6540 6539 6541
6542 6538 6511
6542 6543 6538
6544 6543 6542
6544 6542 6545
6540 6546 6528
6528 6546 6529
6540 6541 6547
6540 6548 6546
6540 6547 6548
6547 6549 6548
6541 6550 6547
6547 6550 6549
6541 6551 6550
6551 6552 6550
6549 6550 6552
6549 6552 6553
6554 6549 6553
6555 6546 6548
6555 6529 6546
6555 6548 6549
6554 6556 6549
6555 6549 6556
6554 6557 6556
6558 6556 6557
6558 6555 6556
6555 6558 6559
6555 6559 6529
6560 6529 6559
6560 6559 6523
6561 6562 6563
6561 6563 6564
6565 6561 6564
6565 6564 6566
6567 6565 6566
6567 6566 6568
6569 6567 6568
6569 6568 6570
6571 6569 6570
6571 6570 6572
6573 6571 6572
6564 6574 6566
6575 6568 6566
6575 6566 6574
6568 6576 6570
6568 6575 6576
6577 6570 6576
6577 6572 6570
6578 6576 6575
6577 6576 6578
6564 6579 6574
6579 6564 6563
6574 6580 6575
6578 6575 6580
6579 6581 6574
6579 6582 6581
6574 6583 6580
6579 6563 6584
6582 6579 6584
6585 6572 6577
6577 6578 6586
6586 6585 6577
6585 6587 6572
6573 6572 6587
6588 6573 6587
6588 6589 6573
6587 6590 6588
6587 6585 6590
6591 6590 6585
6591 6585 6592
6586 6592 6585
6593 6591 6592
6593 6594 6591
6592 6586 6595
6592 6595 6593
6578 6596 6586
6586 6597 6595
6586 6596 6597
6578 6598 6596
6580 6598 6578
6580 6599 6598
6599 6580 6583
6599 6583 6600
6600 6583 6582
6594 6593 6601
6593 6595 6602
6593 6602 6601
6595 6597 6603
6595 6603 6602
6594 6601 6604
6594 6604 6605
6606 6605 6604
6606 6604 6601
6606 6607 6605
6606 6601 6608
6602 6608 6601
6602 6609 6608
6610 6602 6603
6610 6609 6602
6609 6611 6608
6612 6608 6611
6613 6607 6612
6612 6611 6613
6609 6614 6611
6615 6614 6609
6615 6609 6610
6610 6616 6615
6617 6610 6603
6610 6617 6616
6617 6603 6618
6597 6618 6603
6617 6619 6616
6616 6619 6620
6620 6619 6621
6620 6621 6622
6623 6622 6621
6617 6624 6619
6624 6621 6619
6597 6625 6618
6626 6618 6625
6625 6597 6596
6627 6617 6618
6617 6627 6624
6623 6621 6628
6629 6628 6621
6628 6630 6623
6628 6631 6630
6629 6631 6628
6632 6630 6631
6624 6633 6621
6629 6621 6633
6624 6634 6633
6624 6627 6634
6634 6629 6633
6632 6631 6635
6636 6632 6635
6618 6637 6627
6626 6637 6618
6629 6638 6631
6635 6631 6638
6636 6635 6639
6635 6638 6640
6640 6639 6635
6501 6638 6629
6501 6640 6638
6634 6641 6629
6501 6629 6641
6634 6505 6641
6505 6501 6641
6634 6642 6505
6642 6634 6627
6505 6642 6508
6627 6508 6642
6637 6508 6627
6637 6643 6508
6626 6643 6637
6507 6508 6643
6501 6644 6640
6644 6501 6645
6644 6645 6646
6647 6507 6643
6626 6647 6643
6648 6640 6644
6640 6648 6639
6646 6649 6644
6648 6644 6649
6646 6650 6649
6651 6639 6648
6649 6651 6648
6652 6649 6650
6649 6652 6651
6652 6650 6653
6651 6654 6639
6654 6636 6639
6654 6655 6636
6653 6656 6652
6653 6657 6656
6652 6658 6651
6654 6651 6658
6652 6656 6658
6655 6654 6659
6654 6658 6659
6655 6659 6660
6661 6656 6657
6661 6658 6656
6661 6657 6662
6663 6660 6659
6663 6664 6660
6665 6659 6658
6661 6665 6658
6665 6663 6659
6666 6661 6662
6666 6665 6661
6666 6662 6667
6668 6664 6663
6668 6669 6664
6670 6663 6665
6666 6670 6665
6670 6668 6663
6671 6666 6667
6671 6667 6672
6673 6670 6666
6673 6668 6670
6673 6666 6671
6671 6674 6673
6669 6668 6675
6673 6675 6668
6675 6673 6674
6669 6675 6676
6672 6677 6671
6671 6677 6674
6672 6678 6677
6678 6679 6677
6674 6677 6679
6674 6679 6680
6681 6674 6680
6675 6674 6682
6682 6676 6675
6681 6682 6674
6682 6683 6676
6681 6683 6682
6684 6563 6685
6684 6686 6563
6686 6684 6687
6584 6563 6686
6686 6687 6688
6689 6688 6687
6584 6686 6690
6690 6686 6688
6689 6691 6688
6691 6689 6692
6690 6688 6693
6691 6693 6688
6694 6584 6690
6695 6690 6693
6695 6694 6690
6694 6696 6584
6582 6584 6696
6696 6697 6582
6697 6600 6582
6696 6698 6697
6696 6699 6698
6696 6694 6699
6700 6699 6694
6700 6694 6695
6697 6701 6600
6695 6702 6700
6701 6703 6600
6695 6704 6702
6693 6704 6695
6704 6705 6702
6706 6600 6703
6706 6703 6707
6706 6599 6600
6693 6708 6704
6691 6708 6693
6704 6709 6705
6708 6709 6704
6709 6710 6705
6706 6707 6711
6711 6707 6712
6599 6706 6713
6713 6706 6711
6599 6713 6598
6714 6708 6691
6691 6692 6714
6708 6715 6709
6714 6715 6708
6709 6716 6710
6716 6709 6715
6717 6710 6716
6716 6715 6718
6717 6716 6718
6714 6718 6715
6717 6718 6719
6718 6720 6719
6692 6721 6714
6714 6721 6718
6718 6721 6720
6692 6722 6721
6722 6720 6721
6723 6598 6713
6723 6596 6598
6625 6596 6723
6724 6625 6723
6723 6713 6725
6723 6725 6724
6713 6711 6725
6726 6725 6711
6711 6712 6726
6727 6726 6712
6728 6625 6724
6626 6625 6728
6724 6725 6729
6726 6729 6725
6730 6729 6726
6727 6731 6726
6730 6726 6731
6727 6732 6731
6730 6731 6732
6727 6733 6732
6734 6732 6733
6734 6733 6735
6734 6735 6736
6724 6729 6737
6730 6737 6729
6734 6738 6732
6730 6732 6738
6734 6736 6739
6734 6740 6738
6739 6740 6734
6730 6738 6741
6740 6741 6738
6730 6742 6737
6730 6741 6742
6742 6741 6743
6744 6737 6742
6742 6743 6744
6737 6745 6724
6744 6745 6737
6745 6746 6724
6746 6745 6744
6728 6724 6746
6736 6747 6739
6736 6748 6747
6749 6747 6748
6749 6750 6747
6750 6749 6751
6752 6739 6747
6750 6752 6747
6753 6744 6743
6746 6744 6753
6754 6746 6753
6728 6746 6755
6754 6755 6746
6728 6755 6756
6756 6755 6754
6728 6756 6626
6752 6757 6739
6739 6757 6740
6753 6743 6758
6758 6754 6753
6626 6756 6759
6626 6759 6647
6760 6759 6756
6647 6759 6760
6756 6754 6761
6760 6756 6761
6647 6760 6762
6647 6762 6507
6507 6762 6511
6511 6762 6760
6511 6760 6542
6761 6542 6760
6761 6545 6542
6545 6761 6754
6758 6763 6754
6545 6754 6763
6764 6763 6758
6765 6545 6763
6764 6765 6763
6766 6765 6764
6765 6767 6545
6766 6767 6765
6767 6768 6545
6767 6769 6768
6769 6767 6770
6766 6770 6767
6769 6770 6771
6772 6771 6770
6772 6770 6773
6773 6770 6766
6774 6772 6773
6764 6758 6775
6775 6758 6743
6775 6743 6776
6777 6776 6743
6764 6775 6778
6777 6743 6741
6778 6779 6764
6766 6764 6779
6778 6780 6779
6779 6780 6781
6782 6777 6741
6782 6783 6777
6740 6782 6741
6784 6783 6782
6785 6782 6740
6784 6782 6785
6785 6740 6757
6786 6784 6785
6786 6785 6757
6786 6787 6784
6786 6788 6787
6786 6757 6752
6786 6789 6788
6752 6789 6786
6789 6790 6788
6752 6791 6789
6750 6791 6752
6789 6792 6790
6791 6792 6789
6793 6790 6792
6794 6791 6750
6750 6751 6794
6793 6792 6795
6796 6793 6795
6791 6797 6792
6794 6797 6791
6795 6792 6797
6798 6794 6751
6798 6797 6794
6798 6751 6799
6798 6799 6800
6795 6797 6801
6798 6801 6797
6796 6795 6802
6802 6795 6801
6798 6800 6803
6801 6798 6803
6796 6802 6804
6805 6804 6802
6796 6804 6806
6807 6806 6804
6807 6804 6805
6807 6805 6808
6802 6801 6809
6801 6803 6809
6805 6802 6809
6803 6805 6809
6800 6810 6803
6803 6810 6805
6800 6811 6810
6811 6812 6810
6805 6810 6812
6805 6812 6813
6814 6815 6816
6814 6816 6817
6817 6816 6818
6817 6818 6819
6819 6818 6820
6819 6820 6821
6822 6821 6823
6822 6823 6824
6825 6826 6827
6825 6827 6828
6828 6827 6829
6828 6829 6830
6828 6831 6825
6828 6830 6831
6832 6830 6829
6832 6829 6833
6832 6833 6834
6835 6830 6832
6835 6831 6830
6832 6834 6836
6835 6832 6836
6836 6834 6837
6835 6836 6838
6838 6839 6835
6839 6831 6840
6836 6837 6841
6841 6838 6836
6842 6841 6837
6843 6825 6831
6825 6843 6844
6825 6844 6845
6843 6846 6844
6843 6831 6847
6847 6846 6843
6839 6847 6831
6847 6848 6846
6847 6839 6848
6848 6839 6849
6838 6849 6839
6848 6849 6850
6851 6849 6838
6841 6851 6838
6852 6850 6849
6851 6852 6849
6852 6853 6850
6852 6854 6853
6852 6855 6854
6851 6855 6856
6857 6854 6855
6841 6858 6851
6851 6858 6855
6857 6855 6859
6859 6855 6858
6859 6860 6857
6841 6861 6858
6842 6861 6841
6859 6858 6862
6862 6858 6861
6842 6863 6861
6862 6861 6863
6842 6864 6863
6859 6865 6860
6862 6865 6859
6864 6866 6863
6864 6867 6866
6863 6868 6862
6862 6868 6865
6863 6866 6868
6860 6865 6869
6868 6869 6865
6860 6869 6870
6868 6871 6869
6871 6868 6866
6871 6866 6872
6872 6866 6867
6872 6867 6873
6874 6875 6876
6874 6877 6875
6877 6874 6878
6874 6879 6878
6877 6878 6880
6874 6881 6879
6882 6879 6881
6881 6874 6883
6884 6877 6880
6884 6880 6885
6882 6881 6886
6886 6887 6882
6886 6888 6887
6889 6877 6884
6889 6875 6877
6884 6885 6890
6890 6889 6884
6890 6885 6891
6892 6890 6891
6890 6892 6889
6892 6891 6893
6892 6893 6894
6895 6886 6881
6881 6883 6895
6896 6888 6886
6895 6896 6886
6896 6897 6888
6898 6889 6892
6875 6889 6898
6892 6894 6899
6898 6892 6899
6899 6894 6900
6899 6900 6898
6901 6896 6895
6897 6896 6901
6875 6898 6902
6883 6875 6902
6903 6895 6883
6901 6895 6903
6904 6902 6898
6904 6898 6905
6906 6902 6904
6883 6902 6907
6906 6907 6902
6903 6883 6907
6908 6907 6906
6908 6903 6907
6903 6908 6909
6903 6909 6901
6901 6909 6910
6897 6901 6911
6901 6910 6911
6912 6897 6911
6913 6897 6912
6914 6911 6910
6912 6911 6914
6914 6910 6915
6916 6914 6915
6916 6915 6917
6913 6912 6918
6918 6919 6913
6918 6920 6919
6918 6921 6920
6918 6429 6921
6429 6918 6912
6922 6912 6914
6429 6912 6922
6922 6914 6923
6439 6429 6922
6923 6439 6922
6917 6924 6923
6923 6924 6439
6917 6925 6924
6924 6440 6439
6926 6924 6925
6924 6926 6440
6926 6925 6927
6926 6928 6440
6928 6457 6440
6929 6926 6927
6926 6929 6928
6929 6927 6930
6931 6929 6930
6931 6928 6929
6931 6930 6932
6933 6931 6932
6933 6934 6931
6931 6934 6928
6935 6934 6933
6928 6936 6457
6934 6936 6928
6457 6936 6463
6937 6934 6935
6934 6937 6936
6937 6463 6936
6937 6935 6938
6937 6939 6463
6937 6938 6939
6464 6463 6939
6939 6938 6940
6939 6940 6464
6941 6942 6943
6941 6943 6944
6944 6943 6945
6941 6944 6946
6944 6947 6946
6948 6946 6947
6948 6947 6949
6949 6950 6948
6949 6951 6950
6952 6950 6951
6952 6951 6953
6954 6952 6953
6954 6953 6955
6956 6954 6955
6956 6955 6957
6958 6956 6957
6958 6957 6959
6960 6958 6959
6960 6959 6961
6962 6958 6960
6963 6956 6958
6962 6963 6958
6954 6956 6964
6963 6964 6956
6965 6952 6954
6954 6964 6965
6966 6950 6952
6965 6966 6952
6962 6967 6963
6962 6968 6967
6963 6969 6964
6963 6967 6969
6968 6970 6967
6968 6971 6970
6967 6970 6972
6967 6972 6969
6973 6969 6972
6974 6964 6969
6973 6974 6969
6974 6965 6964
6975 6974 6973
6965 6974 6976
6975 6976 6974
6965 6976 6966
6977 6976 6975
6977 6978 6976
6966 6976 6978
6978 6977 6979
6966 6978 6980
6966 6980 6950
6948 6950 6980
6978 6979 6981
6981 6980 6978
6982 6981 6979
6982 6983 6981
6948 6980 6984
6981 6984 6980
6983 6984 6981
6984 6946 6948
6983 6985 6984
6984 6985 6946
6941 6946 6985
6985 6986 6941
6985 6987 6986
6987 6988 6986
6986 6988 6989
6941 6986 6989
6941 6989 6990
6991 6992 6993
6991 6994 6992
6995 6994 6991
6995 6991 6996
6994 6997 6992
6995 6996 6998
6994 6999 6997
6995 6999 6994
6999 7000 6997
6999 7001 7000
7001 7002 7000
6995 6998 7003
7003 6998 7004
7003 7004 7005
7006 7003 7005
6995 7007 6999
7007 7001 6999
7008 6995 7003
7006 7008 7003
7008 7007 6995
7006 7009 7008
7009 7007 7008
7006 7010 7009
7001 7011 7002
7007 7012 7001
7012 7011 7001
7009 7012 7007
7012 7013 7011
7013 7012 7009
7014 7011 7013
7015 7009 7010
7013 7009 7015
7015 7010 7016
7015 7016 7017
7018 7013 7015
7014 7013 7018
7015 7017 7019
7018 7015 7019
7020 7019 7017
7020 7021 7019
7018 7019 7021
7022 7021 7020
7022 7020 7023
7018 7021 7024
7022 7024 7021
7025 7014 7018
7025 7018 7024
7022 7023 7026
7026 7023 7027
7028 7026 7027
7022 7026 7029
7028 7029 7026
7022 7030 7024
7022 7029 7030
7024 7030 7031
7024 7031 7025
7029 7031 7030
7032 7029 7028
7029 7032 7031
7032 7028 7033
7032 7033 7034
7032 7034 7031
7035 7031 7034
7035 7025 7031
7035 7014 7025
7035 7036 7014
7036 7037 7014
7036 7002 7037
7038 7039 7040
7038 7041 7039
7042 7041 7038
7042 7038 7043
7042 7043 7044
7042 7044 7045
7046 7047 7039
7046 7048 7047
7049 7050 7051
7049 7052 7050
7052 7049 7053
7050 7052 7054
7050 7054 7055
7052 7053 7056
7054 7052 7056
7056 7053 7057
7058 7055 7054
7058 7059 7055
7058 7060 7059
7058 7061 7060
7058 7062 7061
7058 7063 7062
7054 7063 7058
7063 7064 7062
7054 7056 7065
7054 7065 7063
7056 7057 7066
7066 7065 7056
7063 7067 7064
7067 7063 7065
7068 7064 7067
7068 7069 7064
7067 7065 7070
7066 7070 7065
7068 7067 7070
7057 7071 7066
7057 7072 7071
7073 7070 7066
7068 7070 7073
7073 7066 7071
7074 7069 7068
7074 7068 7073
7074 7075 7069
7074 7076 7075
7072 7077 7071
7072 7078 7077
7079 7077 7078
7079 7080 7077
7081 7073 7071
7081 7071 7077
7074 7073 7081
7080 7081 7077
7074 7082 7076
7081 7082 7074
7083 7076 7082
7083 7082 7084
7081 7085 7082
7080 7085 7081
7085 7084 7082
7085 7080 7086
7080 7087 7086
7080 7088 7087
7085 7089 7084
7085 7086 7089
7090 7084 7089
7084 7090 7091
7090 7092 7091
7092 7090 7093
7090 7089 7093
7092 7093 7094
7093 7095 7094
7096 7089 7086
7096 7093 7089
7093 7096 7095
7086 7097 7096
7097 7095 7096
7098 7099 7100
7098 7101 7099
7101 7098 7102
7103 7099 7101
7103 7104 7099
7101 7102 7105
7106 7105 7102
7106 7107 7105
7108 7101 7105
7108 7103 7101
7108 7105 7107
7109 7104 7103
7109 7103 7108
7109 7108 7110
7109 7111 7104
7108 7107 7112
7112 7110 7108
7112 7107 7113
7111 7109 7114
7114 7109 7110
7111 7114 7115
7115 7114 7116
7115 7116 7117
7114 7110 7118
7118 7116 7114
7112 7113 7119
7112 7120 7110
7120 7112 7119
7116 7121 7117
7121 7122 7117
7123 7117 7122
7123 7122 7124
7122 7125 7124
7122 7126 7125
7126 7127 7125
7128 7118 7110
7129 7110 7120
7128 7110 7129
7118 7130 7116
7131 7121 7116
7131 7116 7130
7132 7130 7118
7132 7118 7128
7131 7130 7133
7132 7133 7130
7121 7134 7122
7122 7135 7126
7122 7134 7135
7136 7134 7121
7131 7136 7121
7136 7137 7134
7137 7135 7134
7138 7136 7131
7138 7137 7136
7133 7139 7131
7138 7131 7139
7140 7138 7139
7138 7141 7137
7138 7140 7141
7137 7142 7135
7142 7137 7141
7143 7126 7135
7143 7135 7142
7144 7126 7143
7126 7144 7127
7145 7127 7144
7145 7146 7127
7145 7147 7146
7145 7148 7147
7149 7148 7145
7144 7149 7145
7149 7150 7148
7151 7150 7149
7144 7152 7149
7152 7144 7143
7153 7152 7143
7151 7149 7154
7154 7149 7152
7153 7154 7152
7155 7151 7154
7155 7154 7156
7153 7156 7154
7156 7157 7155
7158 7157 7156
7153 7158 7156
7158 7159 7157
7153 7143 7160
7143 7142 7160
7161 7160 7142
7142 7141 7161
7162 7153 7160
7161 7162 7160
7163 7161 7141
7163 7141 7140
7162 7164 7153
7153 7164 7158
7161 7165 7162
7164 7162 7165
7161 7163 7165
7159 7158 7166
7159 7166 7167
7168 7158 7164
7164 7165 7168
7168 7166 7158
7163 7169 7165
7168 7165 7169
7170 7167 7166
7170 7171 7167
7170 7172 7171
7168 7173 7166
7173 7170 7166
7170 7174 7172
7174 7170 7173
7172 7174 7175
7174 7176 7175
7174 7177 7176
7173 7177 7174
7178 7176 7177
7179 7173 7168
7168 7169 7179
7163 7180 7169
7180 7163 7140
7173 7181 7177
7179 7181 7173
7179 7169 7182
7180 7182 7169
7183 7181 7179
7179 7182 7183
7184 7177 7181
7183 7184 7181
7178 7177 7185
7184 7185 7177
7180 7186 7182
7186 7180 7187
7180 7140 7187
7186 7188 7182
7188 7183 7182
7189 7187 7140
7190 7184 7183
7188 7190 7183
7191 7185 7184
7190 7191 7184
7192 7190 7188
7192 7188 7193
7194 7189 7140
7140 7139 7194
7195 7194 7139
7133 7195 7139
7196 7191 7190
7192 7196 7190
7189 7194 7197
7195 7197 7194
7198 7195 7133
7132 7198 7133
7199 7196 7192
7199 7200 7196
7200 7191 7196
7192 7201 7199
7192 7202 7201
7203 7201 7202
7203 7204 7201
7203 7205 7204
7205 7203 7189
7206 7205 7189
7206 7189 7207
7200 7208 7191
7189 7197 7207
7208 7209 7191
7208 7210 7209
7191 7209 7185
7211 7209 7210
7185 7209 7211
7212 7211 7210
7185 7211 7178
7212 7213 7211
7211 7213 7178
7212 7214 7213
7215 7178 7213
7215 7216 7178
7213 7214 7217
7215 7213 7217
7217 7214 7218
7216 7215 7219
7216 7219 7175
7220 7219 7215
7215 7217 7220
7220 7221 7219
7217 7218 7222
7220 7217 7222
7221 7220 7223
7220 7222 7223
7221 7223 7224
7224 7223 7225
7225 7223 7222
7224 7225 7226
7226 7225 7227
7226 7227 7228
7229 7228 7227
7230 7222 7218
7225 7222 7230
7227 7225 7230
7231 7230 7218
7231 7232 7230
7227 7230 7232
7233 7232 7231
7227 7232 7233
7233 7231 7234
7229 7227 7235
7227 7233 7235
7236 7229 7235
7233 7234 7237
7235 7233 7237
7236 7235 7238
7235 7237 7238
7239 7236 7238
7239 7238 7240
7240 7238 7237
7240 7241 7239
7242 7237 7234
7240 7237 7242
7242 7234 7243
7244 7242 7243
7244 7240 7242
7245 7244 7243
7246 7241 7240
7244 7246 7240
7246 7247 7241
7246 7248 7247
7249 7244 7245
7249 7245 7250
7244 7251 7246
7249 7251 7244
7252 7246 7251
7253 7249 7250
7254 7253 7250
7254 7255 7253
7256 7249 7253
7255 7256 7253
7256 7251 7249
7255 7257 7256
7258 7251 7256
7257 7258 7256
7258 7259 7251
7247 7259 7258
7257 7260 7258
7247 7258 7261
7261 7258 7260
7261 7260 7262
7263 7247 7261
7261 7262 7264
7264 7263 7261
7264 7265 7263
7266 7267 7268
7266 7269 7267
7269 7266 7270
7271 7267 7269
7271 7272 7267
7269 7270 7273
7274 7273 7270
7274 7275 7273
7272 7271 7113
7272 7113 7276
7271 7119 7113
7269 7277 7271
7269 7273 7277
7271 7277 7119
7278 7273 7275
7278 7277 7273
7278 7275 7279
7277 7280 7119
7277 7278 7280
7120 7119 7280
7281 7278 7279
7281 7280 7278
7281 7120 7280
7279 7282 7281
7283 7281 7282
7281 7284 7120
7283 7284 7281
7129 7120 7284
7285 7284 7283
7285 7129 7284
7128 7129 7285
7128 7285 7286
7132 7128 7286
7132 7286 7287
7198 7132 7287
7198 7287 7288
7288 7289 7198
7288 7290 7289
7198 7289 7195
7290 7291 7289
7291 7195 7289
7291 7197 7195
7290 7292 7291
7197 7291 7207
7292 7207 7291
7292 7293 7207
7293 7294 7207
7295 7296 7297
7298 7297 7296
7298 7299 7297
7299 7298 7300
7299 7300 7301
7297 7299 7302
7297 7302 7303
7299 7301 7304
7299 7304 7302
7303 7302 7305
7303 7305 7306
7305 7307 7306
7302 7304 7308
7302 7308 7305
7301 7309 7304
7310 7308 7304
7310 7304 7309
7305 7308 7311
7310 7311 7308
7305 7312 7307
7305 7311 7312
7313 7307 7312
7313 7314 7307
7315 7313 7312
7315 7312 7311
7316 7314 7313
7315 7316 7313
7316 7317 7314
7315 7318 7316
7318 7315 7319
7311 7319 7315
7318 7319 7320
7321 7320 7319
7310 7322 7311
7311 7322 7319
7321 7319 7323
7322 7323 7319
7322 7310 7324
7324 7310 7309
7321 7323 7325
7321 7325 7326
7325 7327 7326
7325 7328 7327
7322 7329 7323
7324 7329 7322
7323 7330 7325
7323 7329 7330
7325 7331 7328
7325 7330 7331
7332 7328 7331
7333 7332 7331
7334 7333 7331
7335 7334 7331
7330 7335 7331
7335 7336 7334
7336 7335 7337
7335 7338 7337
7329 7339 7330
7330 7339 7335
7324 7340 7329
7329 7340 7339
7340 7324 7341
7324 7309 7341
7342 7339 7340
7340 7341 7342
7343 7341 7309
7301 7343 7309
7344 7343 7301
7344 7345 7343
7343 7346 7341
7345 7346 7343
7346 7342 7341
7345 7347 7346
7347 7348 7346
7346 7348 7342
7347 7349 7348
7350 7348 7349
7342 7351 7339
7348 7351 7342
7335 7339 7351
7350 7352 7348
7348 7352 7351
7335 7351 7353
7352 7353 7351
7350 7354 7352
7352 7354 7353
7350 7355 7354
7355 7356 7354
7355 7357 7356
7356 7357 7358
7356 7358 7359
7356 7359 7360
7354 7356 7361
7356 7360 7361
7354 7361 7353
7361 7360 7362
7363 7335 7353
7338 7335 7363
7364 7338 7363
7365 7363 7353
7365 7364 7363
7365 7353 7361
7365 7366 7364
7367 7366 7365
7368 7365 7361
7368 7367 7365
7361 7362 7368
7368 7369 7367
7369 7368 7370
7368 7362 7370
7362 7371 7370
7372 7373 7371
7374 7373 7372
7375 7373 7374
7374 7376 7375
7377 7374 7372
7377 7372 7378
7374 7379 7376
7374 7377 7379
7376 7379 7380
7379 7381 7380
7379 7382 7381
7381 7382 7383
7383 7382 7384
7384 7385 7383
7386 7385 7384
7384 7387 7386
7379 7388 7382
7379 7377 7388
7382 7388 7384
7389 7377 7378
7389 7378 7390
7389 7390 7391
7389 7391 7392
7393 7389 7392
7394 7377 7389
7393 7394 7389
7394 7388 7377
7395 7394 7393
7396 7388 7394
7395 7396 7394
7396 7397 7388
7384 7388 7397
7395 7398 7396
7398 7397 7396
7395 7399 7398
7400 7398 7399
7400 7401 7398
7402 7401 7400
7398 7403 7397
7401 7403 7398
7402 7404 7401
7405 7404 7402
7405 7406 7404
7404 7407 7401
7401 7407 7403
7403 7408 7397
7384 7397 7408
7406 7409 7404
7404 7409 7407
7410 7403 7407
7403 7410 7408
7410 7407 7411
7411 7407 7409
7412 7408 7410
7411 7412 7410
7413 7384 7408
7412 7413 7408
7413 7414 7384
7384 7414 7387
7387 7414 7415
7415 7414 7416
7416 7414 7417
7418 7417 7414
7418 7414 7413
7418 7419 7417
7418 7420 7419
7421 7420 7418
7422 7418 7413
7422 7413 7412
7421 7418 7422
7411 7423 7412
7423 7422 7412
7421 7422 7424
7423 7424 7422
7421 7424 7425
7426 7425 7424
7423 7411 7427
7411 7409 7427
7426 7424 7428
7428 7429 7426
7430 7424 7423
7427 7430 7423
7430 7428 7424
7427 7409 7431
7406 7431 7409
7427 7432 7430
7427 7431 7432
7433 7431 7406
7433 7406 7434
7433 7434 7435
7436 7432 7431
7433 7436 7431
7435 7437 7433
7437 7436 7433
7435 7438 7437
7439 7437 7438
7437 7440 7436
7436 7441 7432
7440 7441 7436
7441 7430 7432
7440 7442 7441
7441 7442 7443
7441 7444 7430
7441 7443 7444
7428 7430 7444
7445 7444 7443
7428 7444 7445
7445 7443 7446
7428 7445 7429
7429 7445 7446
7429 7446 7317
7447 7448 7449
7447 7449 7450
7451 7447 7450
7451 7450 7452
7453 7451 7452
7454 7450 7449
7455 7452 7450
7454 7455 7450
7453 7452 7456
7455 7457 7452
7457 7456 7452
7456 7458 7453
7458 7459 7453
7458 7460 7459
7457 7461 7456
7458 7456 7461
7462 7457 7455
7461 7457 7462
7460 7458 7463
7458 7461 7463
7464 7455 7454
7462 7455 7464
7464 7454 7465
7454 7466 7465
7454 7467 7466
7449 7467 7454
7449 7468 7467
7469 7468 7449
7462 7464 7470
7461 7462 7471
7463 7461 7471
7460 7463 7472
7472 7473 7460
7462 7470 7474
7462 7474 7471
7463 7471 7475
7472 7463 7475
7475 7471 7474
7476 7474 7470
7477 7476 7470
7477 7478 7476
7479 7478 7477
7476 7480 7474
7478 7480 7476
7475 7474 7481
7481 7474 7480
7479 7482 7478
7478 7482 7480
7472 7475 7483
7483 7475 7481
7479 7484 7482
7484 7479 7485
7486 7480 7482
7481 7480 7486
7486 7482 7487
7487 7482 7484
7481 7486 7488
7488 7486 7487
7483 7481 7489
7481 7488 7489
7472 7483 7490
7489 7490 7483
7491 7489 7488
7489 7491 7490
7472 7490 7492
7490 7493 7492
7472 7492 7473
7493 7473 7492
7493 7494 7473
7493 7495 7494
7496 7490 7491
7490 7496 7493
7487 7484 7497
7488 7487 7498
7497 7498 7487
7491 7488 7499
7499 7488 7498
7491 7499 7500
7499 7498 7501
7500 7499 7501
7496 7491 7502
7491 7500 7502
7496 7502 7503
7503 7502 7500
7504 7493 7496
7496 7503 7504
7497 7484 7505
7484 7485 7505
7497 7506 7498
7501 7498 7506
7504 7507 7493
7493 7507 7495
7508 7495 7507
7508 7507 7504
7508 7509 7495
7497 7505 7510
7510 7506 7497
7505 7485 7511
7510 7505 7512
7505 7511 7512
7485 7513 7511
7485 7514 7513
7515 7513 7514
7516 7515 7514
7516 7517 7515
7518 7517 7516
7518 7519 7517
7520 7519 7518
7517 7521 7515
7515 7522 7513
7521 7522 7515
7523 7517 7519
7517 7523 7521
7511 7513 7524
7511 7524 7525
7513 7526 7524
7513 7522 7526
7511 7525 7527
7511 7527 7512
7527 7528 7512
7527 7529 7528
7528 7529 7530
7510 7512 7528
7528 7530 7531
7510 7528 7531
7531 7530 7532
7533 7526 7522
7533 7534 7526
7535 7533 7522
7535 7522 7536
7536 7537 7535
7521 7536 7522
7536 7538 7537
7521 7538 7536
7538 7539 7537
7538 7540 7539
7521 7541 7538
7540 7538 7541
7540 7541 7542
7542 7541 7543
7541 7521 7523
7543 7541 7544
7541 7523 7544
7544 7523 7545
7544 7545 7546
7523 7519 7545
7546 7545 7547
7546 7547 7548
7549 7545 7519
7549 7547 7545
7520 7549 7519
7550 7548 7547
7549 7550 7547
7550 7551 7548
7550 7552 7551
7553 7549 7520
7549 7553 7550
7553 7552 7550
7553 7520 7554
7553 7555 7552
7555 7553 7554
7555 7554 7556
7557 7558 7559
7557 7560 7558
7557 7561 7560
7560 7562 7558
7560 7563 7562
7564 7562 7563
7564 7565 7562
7566 7565 7564
7566 7567 7565
7566 7568 7567
7566 7569 7568
7570 7568 7569
7570 7569 7571
7572 7570 7571
7573 7574 7575
7573 7575 7576
7577 7573 7576
7577 7576 7578
7579 7577 7578
7579 7578 7580
7581 7579 7580
7581 7580 7582
7583 7581 7582
7583 7582 7584
7585 7583 7584
7585 7584 7586
7587 7588 7589
7587 7590 7588
7587 7591 7590
7591 7592 7590
7591 7593 7592
7593 7594 7592
7593 7595 7594
7596 7594 7595
7595 7597 7596
7597 7598 7596
7597 7599 7598
7597 7600 7599
7601 7602 7603
7601 7603 7604
7601 7604 7605
7604 7606 7605
7603 7607 7604
7603 7608 7607
7607 7608 7609
7607 7609 7610
7604 7611 7606
7607 7611 7604
7612 7606 7611
7612 7611 7613
7614 7607 7610
7607 7614 7611
7613 7611 7614
7613 7614 7615
7614 7610 7616
7617 7614 7616
7618 7619 7620
7618 7620 7621
7621 7622 7618
7623 7621 7620
7623 7620 7624
7621 7625 7622
7626 7622 7625
7626 7625 7627
7628 7625 7621
7628 7621 7623
7628 7627 7625
7629 7623 7624
7629 7628 7623
7629 7630 7628
7629 7624 7631
7628 7632 7627
7632 7628 7630
7632 7633 7627
7631 7634 7629
7634 7630 7629
7631 7635 7634
7635 7636 7634
7635 7637 7636
7634 7638 7630
7638 7634 7636
7632 7639 7633
7632 7630 7640
7640 7639 7632
7636 7637 7641
7641 7637 7642
7643 7642 7637
7643 7644 7642
7642 7644 7645
7642 7645 7646
7646 7645 7647
7648 7630 7638
7649 7640 7630
7648 7649 7630
7638 7636 7650
7651 7636 7641
7651 7650 7636
7652 7638 7650
7652 7648 7638
7651 7653 7650
7652 7650 7653
7641 7642 7654
7642 7646 7655
7642 7655 7654
7656 7641 7654
7651 7641 7656
7656 7654 7657
7657 7654 7655
7658 7651 7656
7658 7656 7657
7653 7651 7659
7658 7659 7651
7660 7659 7658
7658 7657 7661
7658 7661 7660
7657 7655 7662
7662 7661 7657
7663 7655 7646
7663 7662 7655
7664 7663 7646
7646 7647 7664
7665 7664 7647
7665 7647 7666
7665 7666 7667
7665 7667 7668
7669 7665 7668
7664 7665 7669
7669 7668 7670
7671 7669 7670
7664 7669 7672
7672 7663 7664
7673 7663 7672
7671 7674 7669
7674 7672 7669
7673 7672 7674
7675 7674 7671
7675 7676 7674
7673 7674 7676
7676 7675 7677
7678 7676 7677
7673 7676 7678
7678 7677 7679
7673 7680 7663
7663 7680 7662
7681 7662 7680
7662 7681 7661
7682 7680 7673
7681 7680 7682
7683 7661 7681
7683 7660 7661
7682 7673 7684
7673 7678 7684
7681 7682 7685
7684 7685 7682
7681 7685 7683
7679 7686 7678
7679 7687 7686
7688 7684 7678
7684 7688 7685
7688 7678 7686
7689 7686 7687
7689 7687 7690
7691 7686 7689
7688 7686 7691
7683 7685 7692
7688 7692 7685
7693 7688 7691
7688 7693 7692
7693 7691 7694
7683 7692 7695
7695 7660 7683
7696 7693 7694
7696 7694 7697
7693 7698 7692
7695 7692 7698
7693 7696 7698
7699 7696 7697
7699 7697 7700
7701 7698 7696
7701 7696 7699
7695 7698 7702
7702 7698 7701
7702 7703 7695
7695 7703 7660
7704 7660 7703
7705 7701 7699
7705 7706 7701
7707 7699 7700
7705 7699 7707
7708 7707 7700
7708 7700 7709
7710 7707 7708
7710 7705 7707
7705 7710 7711
7705 7711 7712
7713 7712 7711
7713 7711 7714
7713 7714 7715
7715 7704 7713
7716 7704 7715
7716 7717 7704
7704 7717 7718
7704 7718 7719
7719 7660 7704
7660 7719 7659
7720 7659 7719
7720 7719 7718
7653 7659 7720
7718 7717 7721
7721 7720 7718
7722 7653 7720
7652 7653 7722
7721 7723 7720
7722 7720 7723
7724 7721 7717
7724 7717 7725
7725 7717 7726
7727 7721 7724
7727 7723 7721
7728 7723 7727
7728 7722 7723
7722 7728 7729
7722 7729 7652
7652 7729 7730
7652 7730 7648
7648 7730 7731
7648 7731 7649
7731 7732 7649
7731 7733 7732
7649 7732 7640
7733 7734 7732
7734 7640 7732
7733 7735 7734
7736 7734 7735
7734 7737 7640
7640 7737 7639
7734 7736 7738
7734 7738 7737
7738 7736 7739
7740 7639 7737
7740 7737 7738
7738 7739 7741
7738 7741 7740
7742 7741 7739
7742 7743 7741
7744 7741 7743
7744 7740 7741
7744 7743 7745
7746 7639 7740
7744 7746 7740
7746 7633 7639
7745 7747 7744
7746 7744 7747
7745 7748 7747
7746 7747 7749
7749 7633 7746
7749 7750 7633
7751 7752 7753
7751 7754 7752
7755 7752 7754
7754 7751 7756
7756 7751 7757
7756 7757 7509
7755 7754 7758
7756 7758 7754
7758 7759 7755
7509 7760 7756
7756 7760 7758
7509 7508 7760
7758 7761 7759
7760 7761 7758
7508 7762 7760
7760 7762 7761
7759 7761 7763
7762 7763 7761
7759 7763 7764
7508 7765 7762
7508 7504 7765
7765 7766 7762
7762 7766 7763
7767 7765 7504
7765 7767 7766
7767 7504 7503
7768 7764 7763
7769 7764 7768
7503 7770 7767
7766 7767 7770
7766 7771 7763
7768 7763 7771
7769 7768 7772
7772 7768 7771
7773 7769 7772
7766 7774 7771
7766 7770 7774
7772 7771 7775
7773 7772 7775
7774 7775 7771
7773 7775 7776
7776 7777 7773
7774 7778 7775
7770 7778 7774
7778 7776 7775
7503 7779 7770
7503 7500 7779
7776 7780 7777
7780 7781 7777
7780 7782 7781
7770 7783 7778
7779 7783 7770
7778 7784 7776
7784 7780 7776
7784 7778 7783
7785 7782 7780
7784 7785 7780
7785 7786 7782
7785 7787 7786
7500 7788 7779
7779 7788 7783
7784 7783 7789
7785 7784 7789
7788 7789 7783
7785 7790 7787
7785 7789 7790
7791 7787 7790
7792 7790 7789
7788 7792 7789
7793 7792 7788
7500 7794 7788
7793 7788 7794
7500 7501 7794
7793 7794 7501
7791 7790 7795
7792 7795 7790
7795 7796 7791
7792 7797 7795
7795 7797 7796
7792 7793 7797
7798 7796 7797
7793 7501 7799
7501 7506 7799
7800 7797 7793
7798 7797 7800
7800 7793 7801
7798 7800 7801
7799 7801 7793
7799 7506 7802
7510 7802 7506
7510 7531 7802
7798 7801 7803
7803 7804 7798
7803 7805 7804
7799 7806 7801
7799 7802 7806
7806 7803 7801
7807 7802 7531
7807 7806 7802
7806 7807 7803
7807 7805 7803
7531 7532 7807
7807 7532 7805
7808 7809 7810
7808 7811 7809
7812 7811 7808
7813 7809 7811
7813 7814 7809
7812 7815 7811
7815 7812 7816
7815 7816 7817
7817 7816 7818
7817 7818 7819
7820 7811 7815
7820 7815 7817
7819 7821 7817
7820 7817 7821
7819 7822 7821
7822 7823 7821
7823 7824 7821
7821 7824 7825
7821 7825 7820
7820 7826 7811
7826 7813 7811
7824 7827 7825
7824 7828 7827
7829 7820 7825
7829 7826 7820
7828 7830 7827
7828 7831 7830
7825 7827 7832
7825 7832 7829
7833 7830 7831
7833 7831 7834
7833 7834 7835
7836 7827 7830
7836 7830 7833
7836 7832 7827
7837 7833 7835
7836 7833 7837
7837 7835 7838
7838 7839 7837
7838 7840 7839
7837 7839 7841
7837 7841 7836
7841 7832 7836
7841 7842 7832
7842 7829 7832
7842 7843 7829
7843 7826 7829
7843 7844 7826
7826 7844 7813
7845 7813 7844
7845 7846 7813
7846 7814 7813
7846 7847 7814
7846 7848 7847
7846 7849 7848
7848 7849 7850
7848 7850 7851
7850 7852 7851
7850 7853 7852
7853 7854 7852
7853 7855 7854
7855 7856 7854
7855 7857 7856
7857 7858 7856
7857 7859 7858
7860 7861 7862
7860 7862 7863
7860 7863 7864
7863 7862 7865
7863 7865 7866
7867 7866 7865
7867 7865 7868
7869 7867 7868
7869 7868 7870
7869 7870 7871
7869 7871 7872
7873 7872 7871
7873 7871 7874
7875 7876 7877
7875 7878 7876
7879 7878 7875
7879 7880 7878
7881 7880 7879
7881 7882 7880
7883 7882 7881
7883 7884 7882
7885 7884 7883
7885 7886 7884
7887 7888 7889
7887 7889 7890
7887 7890 7891
7891 7890 7892
7891 7892 7893
7893 7892 7894
7893 7894 7895
7895 7894 7896
7896 7897 7898
7897 7896 7899
7897 7899 7900
7897 7900 7901
7902 7903 7904
7902 7904 7905
7906 7902 7905
7906 7907 7902
7908 7907 7906
7908 7906 7909
7906 7910 7909
7906 7911 7910
7912 7911 7906
7912 7906 7905
7904 7912 7905
7904 7913 7912
7914 7915 7916
7916 7917 7914
7916 7918 7917
7918 7919 7917
7920 7921 7922
7923 7922 7921
7923 7924 7922
7923 7925 7924
7923 7926 7925
7927 7928 7929
7927 7930 7928
7930 7931 7928
7930 7927 7932
7930 7933 7931
7930 7932 7934
7933 7930 7934
7935 7934 7932
7933 7934 7936
7935 7937 7934
7937 7936 7934
7937 7938 7936
7939 7940 7941
7940 7939 7942
7943 7940 7942
7943 7942 7944
7945 7946 7947
7948 7947 7946
7948 7946 7949
7948 7949 7950
7948 7950 7951
7952 7953 7954
7952 7954 7955
7956 7952 7955
7955 7954 7957
7956 7955 7958
7959 7956 7958
7955 7957 7960
7960 7957 7961
7959 7958 7962
7963 7959 7962
7964 7958 7955
7964 7955 7960
7962 7958 7964
7960 7961 7965
7966 7965 7961
7963 7962 7967
7968 7963 7967
7969 7960 7965
7969 7964 7960
7966 7970 7965
7970 7969 7965
7970 7966 7971
7962 7964 7972
7967 7962 7972
7964 7973 7972
7964 7969 7973
7967 7972 7974
7973 7974 7972
7968 7967 7975
7968 7975 7976
7968 7976 7977
7978 7977 7976
7967 7979 7975
7967 7974 7979
7979 7976 7975
7970 7971 7980
7971 7981 7980
7971 7982 7981
7981 7982 7983
7984 7970 7980
7970 7984 7969
7981 7983 7985
7985 7983 7986
7984 7980 7987
7981 7987 7980
7969 7984 7988
7969 7988 7973
7984 7987 7989
7984 7989 7988
7988 7990 7973
7973 7990 7974
7989 7991 7988
7988 7991 7990
7974 7990 7992
7974 7992 7979
7993 7990 7991
7993 7992 7990
7994 7992 7993
7989 7995 7991
7995 7993 7991
7987 7996 7989
7996 7995 7989
7979 7992 7997
7994 7997 7992
7979 7997 7998
7979 7998 7976
7999 7998 7997
7999 7997 7994
7976 7998 8000
7999 8000 7998
7995 8001 7993
7994 7993 8001
7987 8002 7996
7981 8002 7987
8003 8002 7981
7996 8002 8003
8003 7981 7985
8004 8003 7985
7996 8003 8005
8004 8005 8003
7996 8006 7995
8006 7996 8005
8007 7995 8006
8007 8001 7995
8006 8005 8008
8008 8007 8006
8004 7985 8009
7985 7986 8009
8009 7986 8010
7986 8011 8010
8012 8010 8011
8009 8010 8013
8004 8009 8013
8012 8014 8010
8014 8013 8010
8015 8014 8012
8015 8016 8014
8017 8016 8015
8014 8018 8013
8016 8018 8014
8018 8019 8013
8004 8013 8019
8017 8020 8016
8020 8017 8021
8020 8021 8022
8016 8023 8018
8023 8019 8018
8024 8016 8020
8024 8020 8022
8024 8023 8016
8023 8025 8019
8024 8025 8023
8022 8026 8024
8024 8026 8025
8022 8027 8026
8026 8027 8028
8004 8019 8029
8029 8019 8025
8026 8030 8025
8029 8025 8030
8026 8028 8031
8026 8031 8030
8028 8032 8031
8028 8033 8032
8031 8034 8030
8031 8032 8034
8035 8032 8033
8035 8033 8036
8004 8029 8037
8004 8037 8005
8037 8008 8005
8038 8029 8030
8038 8030 8034
8029 8039 8037
8037 8039 8008
8029 8038 8039
8034 8032 8040
8035 8040 8032
8041 8038 8034
8039 8038 8041
8039 8042 8008
8008 8042 8007
8034 8040 8043
8041 8034 8043
8043 8040 8044
8035 8044 8040
8039 8045 8042
8039 8041 8045
8046 8041 8043
8043 8044 8046
8047 8045 8041
8046 8047 8041
8042 8048 8007
8045 8049 8042
8042 8049 8048
8047 8050 8045
8045 8050 8049
8007 8048 8051
8007 8051 8001
8052 8001 8051
7994 8001 8052
8052 8051 8053
8048 8053 8051
7994 8052 8054
8052 8053 8054
7994 8054 8055
7999 7994 8055
8050 8047 8056
8057 8049 8050
8050 8056 8057
8058 8056 8047
8058 8047 8046
8046 8059 8058
8046 8044 8059
8060 8055 8054
7999 8055 8061
8060 8061 8055
8054 8053 8062
8054 8062 8060
7999 8061 8063
8063 8000 7999
8056 8058 8064
8065 8058 8059
8065 8064 8058
8056 8064 8066
8066 8057 8056
8061 8067 8063
8063 8068 8000
8068 8063 8067
8060 8069 8061
8061 8069 8067
8068 8070 8000
7976 8000 8070
7978 7976 8070
7978 8070 8071
8068 8071 8070
7978 8071 8072
8071 8068 8073
8068 8067 8073
8072 8071 8074
8071 8073 8074
8072 8074 8075
8074 8076 8075
8073 8077 8074
8074 8077 8076
8067 8078 8073
8073 8078 8077
8076 8077 8079
8076 8079 8080
8067 8081 8078
8069 8081 8067
8077 8078 8082
8077 8082 8079
8083 8080 8079
8083 8084 8080
8078 8081 8085
8078 8085 8082
8086 8079 8082
8086 8083 8079
8087 8084 8083
8087 8088 8084
8089 8088 8087
8082 8085 8090
8082 8090 8086
8083 8086 8091
8083 8091 8087
8092 8091 8086
8092 8086 8090
8087 8091 8093
8093 8091 8092
8089 8087 8094
8087 8093 8094
8089 8094 8095
8093 8095 8094
8089 8095 8096
8097 8096 8095
8097 8098 8096
8097 8095 8099
8093 8099 8095
8097 8099 8100
8101 8099 8093
8101 8093 8092
8102 8100 8099
8101 8102 8099
8102 8103 8100
8103 8102 8104
8103 8104 8105
8106 8105 8104
8101 8092 8107
8102 8101 8108
8107 8108 8101
8102 8109 8104
8102 8108 8109
8106 8104 8110
8110 8104 8109
8111 8107 8092
8111 8092 8090
8107 8112 8108
8107 8111 8112
8113 8106 8110
8113 8114 8106
8115 8113 8110
8115 8110 8116
8110 8109 8116
8117 8115 8116
8118 8111 8090
8118 8090 8085
8119 8109 8108
8108 8112 8119
8117 8116 8120
8121 8117 8120
8116 8109 8122
8119 8122 8109
8116 8122 8120
8111 8123 8112
8111 8118 8123
8124 8118 8085
8081 8124 8085
8125 8118 8124
8125 8123 8118
8121 8120 8126
8127 8121 8126
8112 8128 8119
8112 8123 8128
8120 8122 8129
8120 8129 8126
8122 8119 8130
8122 8130 8129
8119 8128 8130
8123 8131 8128
8123 8125 8131
8126 8129 8132
8130 8132 8129
8128 8133 8130
8128 8131 8133
8130 8133 8132
8127 8126 8134
8126 8132 8134
8135 8127 8134
8132 8135 8134
8135 8136 8127
8137 8136 8135
8138 8132 8133
8132 8138 8135
8139 8133 8131
8138 8133 8139
8125 8140 8131
8139 8131 8140
8135 8138 8141
8139 8141 8138
8137 8135 8142
8135 8141 8142
8143 8137 8142
8141 8143 8142
8143 8144 8137
8145 8144 8143
8145 8146 8144
8147 8146 8145
8139 8148 8141
8140 8148 8139
8141 8149 8143
8149 8145 8143
8149 8141 8148
8125 8150 8140
8150 8125 8151
8140 8152 8148
8150 8152 8140
8149 8148 8153
8153 8148 8152
8150 8151 8154
8155 8154 8151
8150 8156 8152
8156 8150 8154
8149 8157 8145
8153 8157 8149
8153 8152 8158
8158 8152 8156
8153 8159 8157
8159 8153 8158
8156 8154 8160
8155 8161 8154
8161 8160 8154
8158 8156 8162
8162 8156 8160
8145 8157 8163
8164 8157 8159
8164 8163 8157
8145 8163 8165
8147 8145 8165
8166 8147 8165
8166 8167 8147
8168 8167 8166
8169 8165 8163
8169 8166 8165
8170 8163 8164
8170 8169 8163
8159 8158 8171
8172 8164 8159
8172 8159 8171
8158 8173 8171
8173 8172 8171
8162 8173 8158
8164 8172 8174
8164 8174 8170
8173 8175 8172
8174 8172 8175
8162 8176 8173
8176 8175 8173
8176 8162 8177
8162 8160 8177
8178 8177 8160
8176 8177 8179
8179 8177 8178
8176 8180 8175
8179 8180 8176
8178 8160 8181
8181 8160 8161
8181 8161 8182
8182 8161 8155
8060 8181 8182
8060 8182 8069
8182 8155 8069
8069 8155 8081
8155 8183 8081
8060 8062 8181
8062 8178 8181
8062 8184 8178
8053 8184 8062
8053 8185 8184
8048 8185 8053
8178 8184 8186
8186 8184 8185
8048 8187 8185
8186 8185 8187
8049 8187 8048
8049 8188 8187
8057 8188 8049
8189 8187 8188
8189 8186 8187
8186 8189 8190
8178 8186 8191
8186 8190 8191
8179 8178 8191
8190 8179 8191
8192 8188 8057
8192 8189 8188
8190 8189 8192
8066 8192 8057
8193 8192 8066
8190 8192 8193
8190 8194 8179
8179 8194 8180
8195 8194 8190
8195 8190 8193
8193 8066 8196
8196 8066 8064
8194 8197 8180
8194 8195 8197
8198 8195 8193
8198 8193 8196
8196 8064 8199
8199 8064 8065
8180 8197 8200
8180 8200 8175
8195 8201 8197
8195 8198 8201
8202 8198 8196
8202 8196 8199
8197 8203 8200
8197 8201 8203
8175 8200 8204
8174 8175 8204
8205 8204 8200
8205 8174 8204
8205 8200 8203
8198 8206 8201
8198 8202 8206
8205 8207 8174
8170 8174 8207
8201 8208 8203
8201 8206 8208
8203 8209 8205
8203 8208 8209
8207 8205 8209
8170 8207 8210
8169 8170 8210
8211 8208 8206
8211 8209 8208
8212 8206 8202
8211 8206 8212
8207 8209 8213
8213 8210 8207
8211 8214 8209
8214 8213 8209
8169 8210 8215
8166 8169 8215
8212 8202 8216
8216 8202 8199
8217 8211 8212
8214 8211 8217
8166 8215 8218
8168 8166 8218
8219 8168 8218
8219 8220 8168
8221 8218 8215
8221 8219 8218
8215 8210 8222
8215 8222 8221
8223 8220 8219
8223 8224 8220
8225 8219 8221
8225 8223 8219
8226 8224 8223
8226 8227 8224
8227 8226 8228
8227 8228 8229
8230 8229 8228
8230 8228 8231
8228 8232 8231
8233 8226 8223
8228 8226 8233
8233 8223 8225
8234 8225 8221
8234 8221 8222
8228 8235 8232
8228 8233 8235
8236 8232 8235
8236 8235 8233
8236 8237 8232
8225 8238 8233
8225 8234 8238
8236 8233 8238
8237 8236 8239
8237 8239 8240
8241 8236 8238
8242 8238 8234
8242 8241 8238
8236 8243 8239
8243 8236 8241
8222 8244 8234
8234 8245 8242
8234 8244 8245
8222 8246 8244
8246 8222 8210
8213 8246 8210
8246 8213 8247
8246 8247 8244
8214 8247 8213
8244 8247 8248
8244 8248 8245
8249 8247 8214
8249 8248 8247
8214 8217 8249
8241 8242 8250
8242 8245 8251
8242 8251 8250
8252 8245 8248
8252 8251 8245
8248 8249 8253
8248 8253 8252
8249 8217 8254
8249 8254 8253
8241 8250 8255
8243 8241 8255
8256 8251 8252
8252 8253 8257
8252 8257 8256
8250 8251 8258
8256 8258 8251
8259 8255 8250
8250 8258 8259
8243 8255 8260
8259 8260 8255
8253 8254 8261
8253 8261 8257
8262 8259 8258
8262 8260 8259
8262 8258 8263
8258 8264 8263
8258 8256 8264
8265 8264 8256
8265 8256 8257
8257 8266 8265
8257 8261 8266
8261 8267 8266
8262 8268 8260
8261 8269 8267
8254 8269 8261
8269 8270 8267
8268 8271 8260
8243 8260 8271
8271 8239 8243
8268 8272 8271
8273 8271 8272
8239 8271 8273
8240 8239 8273
8274 8240 8273
8275 8274 8273
8274 8276 8240
8277 8276 8274
8277 8274 8278
8279 8278 8274
8268 8280 8279
8279 8280 8278
8281 8282 8283
8281 8283 8284
8281 8284 8285
8285 8286 8281
8283 8287 8284
8287 8285 8284
8283 8288 8287
8285 8289 8286
8289 8290 8286
8288 8291 8287
8288 8292 8291
8292 8293 8291
8287 8294 8285
8294 8289 8285
8291 8294 8287
8295 8291 8293
8295 8293 8296
8291 8297 8294
8295 8297 8291
8297 8298 8294
8294 8298 8289
8289 8298 8299
8289 8300 8290
8289 8299 8300
8300 8301 8290
8297 8302 8298
8295 8302 8297
8299 8298 8302
8303 8302 8295
8295 8296 8304
8303 8295 8304
8304 8296 8305
8304 8305 8306
8303 8304 8306
8306 8305 8307
8300 8308 8301
8299 8308 8300
8306 8307 8309
8310 8309 8307
8303 8311 8302
8299 8302 8311
8312 8301 8308
8312 8313 8301
8303 8306 8314
8314 8306 8309
8303 8314 8315
8310 8316 8309
8316 8310 8317
8314 8309 8318
8315 8314 8318
8316 8318 8309
8303 8319 8311
8303 8315 8319
8319 8320 8311
8320 8299 8311
8321 8313 8312
8313 8321 8322
8315 8323 8319
8319 8323 8320
8320 8324 8299
8299 8324 8308
8312 8308 8325
8324 8325 8308
8326 8324 8320
8323 8326 8320
8324 8327 8325
8326 8327 8324
8312 8325 8328
8327 8328 8325
8322 8321 8329
8322 8329 8330
8321 8312 8331
8312 8328 8331
8321 8331 8332
8321 8332 8329
8332 8331 8328
8327 8333 8328
8333 8327 8326
8329 8334 8330
8330 8334 8335
8336 8335 8334
8329 8337 8334
8337 8329 8332
8332 8328 8338
8333 8338 8328
8336 8334 8339
8339 8334 8337
8337 8332 8340
8340 8332 8338
8341 8336 8339
8341 8342 8336
8339 8337 8343
8343 8337 8340
8344 8339 8343
8344 8341 8339
8345 8342 8341
8345 8346 8342
8343 8340 8347
8344 8343 8347
8340 8338 8348
8347 8340 8348
8341 8344 8349
8341 8349 8345
8350 8346 8345
8350 8351 8346
8344 8347 8352
8352 8349 8344
8348 8338 8353
8333 8353 8338
8347 8348 8354
8352 8347 8354
8355 8350 8345
8355 8345 8349
8356 8351 8350
8356 8357 8351
8353 8333 8358
8333 8326 8358
8348 8353 8359
8354 8348 8359
8360 8350 8355
8360 8356 8350
8357 8356 8361
8357 8361 8362
8358 8326 8363
8323 8363 8326
8353 8358 8364
8364 8359 8353
8365 8356 8360
8365 8361 8356
8366 8362 8361
8366 8367 8362
8368 8367 8366
8358 8363 8369
8369 8364 8358
8361 8365 8370
8361 8370 8366
8364 8371 8359
8369 8372 8364
8371 8364 8372
8363 8373 8369
8372 8369 8373
8374 8359 8371
8354 8359 8374
8363 8375 8373
8323 8375 8363
8376 8354 8374
8352 8354 8376
8323 8377 8375
8315 8377 8323
8378 8352 8376
8352 8378 8349
8349 8378 8379
8349 8379 8355
8378 8376 8380
8379 8378 8380
8376 8374 8381
8380 8376 8381
8382 8355 8379
8382 8360 8355
8381 8374 8383
8374 8371 8383
8384 8360 8382
8384 8365 8360
8383 8371 8385
8371 8372 8385
8365 8384 8386
8365 8386 8370
8385 8372 8387
8372 8373 8387
8388 8382 8379
8382 8389 8384
8382 8388 8389
8390 8386 8384
8390 8384 8389
8388 8379 8391
8379 8380 8391
8391 8380 8392
8380 8381 8392
8393 8392 8381
8381 8383 8393
8393 8383 8394
8383 8385 8394
8385 8387 8395
8394 8385 8395
8395 8387 8396
8373 8396 8387
8373 8397 8396
8375 8397 8373
8375 8398 8397
8377 8398 8375
8377 8399 8398
8399 8377 8315
8399 8315 8400
8315 8318 8400
8401 8400 8318
8316 8401 8318
8402 8399 8400
8401 8402 8400
8403 8401 8316
8403 8402 8401
8402 8404 8399
8398 8399 8404
8403 8316 8405
8316 8317 8405
8317 8406 8405
8406 8403 8405
8317 8407 8406
8406 8407 8408
8403 8409 8402
8409 8404 8402
8406 8408 8410
8410 8408 8411
8406 8412 8403
8412 8409 8403
8412 8406 8410
8410 8411 8413
8413 8411 8414
8413 8414 8415
8416 8413 8415
8412 8410 8417
8417 8410 8413
8412 8418 8409
8417 8418 8412
8416 8419 8413
8417 8413 8419
8420 8419 8416
8420 8416 8421
8422 8420 8421
8423 8417 8419
8423 8419 8420
8417 8423 8418
8422 8424 8420
8424 8423 8420
8425 8424 8422
8418 8426 8409
8409 8426 8404
8423 8427 8418
8418 8427 8426
8404 8426 8428
8428 8426 8427
8423 8429 8427
8424 8429 8423
8429 8430 8427
8428 8427 8430
8431 8428 8430
8404 8428 8432
8431 8432 8428
8398 8404 8432
8424 8433 8429
8429 8433 8430
8425 8434 8424
8424 8434 8433
8425 8435 8434
8433 8434 8435
8425 8436 8435
8437 8435 8436
8398 8432 8438
8398 8438 8397
8433 8439 8430
8431 8430 8439
8440 8438 8432
8431 8440 8432
8397 8438 8441
8440 8441 8438
8433 8442 8439
8433 8435 8442
8443 8439 8442
8443 8431 8439
8431 8444 8440
8440 8444 8441
8435 8445 8442
8443 8442 8445
8397 8441 8446
8397 8446 8396
8447 8396 8446
8395 8396 8447
8441 8448 8446
8447 8446 8448
8447 8449 8395
8394 8395 8449
8443 8450 8431
8431 8450 8444
8444 8451 8441
8441 8451 8448
8452 8447 8448
8447 8452 8449
8453 8394 8449
8393 8394 8453
8454 8444 8450
8444 8454 8451
8443 8455 8450
8454 8450 8455
8451 8456 8448
8452 8448 8456
8452 8457 8449
8453 8449 8457
8453 8458 8393
8393 8458 8392
8443 8459 8455
8459 8443 8445
8454 8460 8451
8451 8460 8456
8461 8452 8456
8452 8461 8457
8457 8462 8453
8453 8462 8458
8458 8463 8392
8391 8392 8463
8458 8464 8463
8462 8464 8458
8391 8463 8465
8464 8465 8463
8391 8465 8388
8457 8466 8462
8461 8466 8457
8461 8456 8467
8460 8467 8456
8462 8468 8464
8466 8468 8462
8461 8469 8466
8469 8461 8467
8388 8465 8470
8388 8470 8389
8464 8471 8465
8471 8464 8468
8466 8472 8468
8469 8472 8466
8473 8470 8465
8473 8465 8471
8474 8389 8470
8474 8390 8389
8471 8468 8475
8472 8475 8468
8471 8475 8476
8471 8476 8473
8476 8475 8472
8470 8473 8477
8470 8477 8474
8478 8390 8474
8474 8477 8478
8479 8473 8476
8479 8477 8473
8478 8480 8390
8480 8386 8390
8480 8481 8386
8481 8370 8386
8481 8482 8370
8482 8366 8370
8482 8483 8366
8368 8366 8483
8368 8483 8484
8368 8484 8485
8483 8482 8486
8483 8486 8484
8487 8482 8481
8487 8486 8482
8488 8484 8486
8488 8486 8487
8488 8487 8489
8481 8490 8487
8481 8480 8490
8487 8490 8489
8485 8484 8491
8488 8491 8484
8485 8491 8492
8493 8492 8491
8491 8488 8494
8489 8494 8488
8494 8493 8491
8495 8490 8480
8489 8490 8496
8495 8496 8490
8480 8497 8495
8480 8478 8497
8498 8497 8478
8498 8478 8477
8499 8498 8477
8499 8477 8479
8497 8498 8500
8500 8498 8499
8495 8497 8501
8497 8500 8501
8496 8495 8502
8495 8501 8502
8500 8503 8501
8501 8503 8504
8501 8504 8502
8500 8505 8503
8502 8504 8506
8505 8500 8507
8500 8499 8507
8505 8507 8508
8509 8508 8507
8499 8509 8507
8509 8510 8508
8502 8506 8511
8496 8502 8511
8506 8512 8511
8512 8496 8511
8506 8513 8512
8514 8512 8513
8514 8515 8512
8512 8516 8496
8515 8516 8512
8515 8517 8516
8489 8496 8516
8489 8516 8517
8489 8517 8518
8518 8494 8489
8518 8519 8494
8519 8493 8494
8520 8493 8519
8521 8493 8520
8520 8519 8522
8523 8520 8522
8523 8524 8520
8525 8520 8524
8525 8524 8526
8485 8525 8526
8527 8528 8529
8527 8530 8528
8531 8528 8530
8527 8532 8530
8527 8533 8532
8534 8532 8533
8534 8533 8535
8535 8536 8534
8535 8537 8536
8538 8536 8537
8538 8537 8539
8540 8538 8539
8540 8539 8541
8542 8538 8540
8542 8543 8538
8543 8536 8538
8544 8543 8542
8534 8536 8545
8543 8545 8536
8544 8546 8543
8547 8546 8544
8543 8546 8548
8543 8548 8545
8547 8549 8546
8549 8548 8546
8550 8549 8547
8550 8551 8549
8551 8550 8552
8549 8553 8548
8551 8553 8549
8551 8552 8554
8555 8554 8552
8551 8556 8553
8556 8551 8554
8548 8553 8557
8557 8553 8556
8558 8545 8548
8548 8557 8558
8555 8559 8554
8559 8555 8560
8556 8554 8561
8559 8561 8554
8557 8556 8562
8561 8562 8556
8559 8560 8563
8563 8560 8564
8559 8565 8561
8565 8559 8563
8563 8564 8566
8510 8566 8564
8510 8509 8566
8567 8563 8566
8565 8563 8567
8568 8561 8565
8561 8568 8562
8569 8557 8562
8558 8557 8569
8509 8570 8566
8567 8566 8570
8567 8571 8565
8568 8565 8571
8568 8572 8562
8569 8562 8572
8509 8573 8570
8499 8573 8509
8479 8573 8499
8479 8574 8573
8574 8570 8573
8574 8479 8476
8575 8567 8570
8567 8575 8571
8576 8568 8571
8568 8576 8572
8574 8476 8577
8476 8472 8577
8574 8578 8570
8575 8570 8578
8577 8578 8574
8575 8579 8571
8576 8571 8579
8580 8577 8472
8469 8580 8472
8578 8581 8575
8575 8581 8579
8577 8582 8578
8580 8582 8577
8578 8582 8581
8581 8582 8580
8583 8580 8469
8583 8581 8580
8469 8467 8583
8581 8584 8579
8581 8583 8584
8583 8467 8585
8583 8585 8584
8460 8585 8467
8586 8576 8579
8586 8579 8584
8587 8585 8460
8454 8587 8460
8584 8585 8588
8584 8588 8586
8589 8576 8586
8589 8572 8576
8454 8590 8587
8454 8455 8590
8587 8591 8585
8591 8588 8585
8590 8591 8587
8586 8588 8592
8586 8592 8589
8593 8592 8588
8593 8588 8591
8590 8593 8591
8455 8594 8590
8594 8593 8590
8455 8459 8594
8595 8572 8589
8595 8569 8572
8594 8596 8593
8593 8596 8597
8598 8594 8459
8459 8445 8598
8589 8599 8595
8589 8600 8599
8601 8569 8595
8601 8558 8569
8602 8596 8594
8598 8602 8594
8598 8445 8603
8435 8603 8445
8437 8603 8435
8598 8603 8604
8437 8604 8603
8604 8602 8598
8437 8605 8604
8605 8606 8604
8604 8606 8602
8605 8607 8606
8602 8608 8596
8606 8608 8602
8607 8609 8606
8606 8609 8608
8607 8610 8609
8608 8611 8596
8596 8611 8600
8611 8599 8600
8610 8612 8609
8610 8613 8612
8609 8614 8608
8608 8614 8611
8609 8612 8614
8599 8611 8615
8614 8615 8611
8616 8612 8613
8616 8613 8617
8618 8614 8612
8614 8618 8615
8618 8612 8616
8599 8615 8619
8619 8595 8599
8619 8601 8595
8620 8616 8617
8620 8617 8621
8531 8620 8621
8622 8615 8618
8619 8615 8622
8616 8623 8618
8616 8620 8623
8622 8618 8623
8624 8601 8619
8619 8622 8624
8531 8625 8620
8531 8530 8625
8620 8626 8623
8620 8625 8626
8626 8625 8530
8626 8622 8623
8626 8530 8532
8627 8622 8626
8627 8626 8532
8627 8624 8622
8627 8532 8534
8624 8628 8601
8624 8627 8628
8534 8628 8627
8628 8558 8601
8534 8545 8628
8558 8628 8545
8629 8630 8631
8629 8631 8632
8633 8634 8635
8633 8635 8636
8637 8638 8639
8637 8639 8640
8641 8642 8643
8641 8643 8644
8645 8646 8647
8645 8647 8648
8649 8650 8651
8649 8651 8652
8653 8654 8655
8653 8655 8656
8657 8658 8659
8657 8659 8660
8661 8662 8663
8661 8663 8664
8665 8666 8667
8665 8667 8668
8669 8670 8671
8669 8671 8672
8673 8674 8675
8673 8675 8676
8677 8678 8679
8677 8679 8680
8681 8682 8683
8681 8683 8684
8685 8686 8687
8685 8687 8688
8689 8690 8691
8689 8691 8692
8693 8694 8695
8693 8695 8696
8697 8698 8699
8697 8699 8700
8701 8702 8703
8701 8703 8704
8705 8706 8707
8705 8707 8708
8709 8710 8711
8709 8711 8712
8713 8714 8715
8713 8715 8716
8717 8718 8719
8717 8719 8720
8721 8722 8723
8721 8723 8724
8725 8726 8727
8725 8727 8728
8729 8730 8731
8729 8731 8732
8733 8734 8735
8733 8735 8736
8737 8738 8739
8737 8739 8740
8741 8742 8743
8741 8743 8744
8745 8746 8747
8745 8747 8748
8749 8750 8751
8749 8751 8752
8753 8754 8755
8753 8755 8756
8757 8758 8759
8757 8759 8760
8761 8762 8763
8761 8763 8764
8765 8766 8767
8768 8766 8765
8769 8768 8765
8770 8766 8768
8770 8771 8766
8769 8772 8768
8769 8773 8772
8774 8768 8772
8774 8770 8768
8773 8775 8772
8774 8772 8775
8773 8776 8775
8771 8770 8777
8771 8777 8778
8777 8779 8778
8780 8770 8774
8780 8777 8770
8777 8781 8779
8781 8782 8779
8776 8783 8775
8776 8784 8783
8777 8780 8785
8777 8785 8781
8784 8786 8783
8784 8787 8786
8787 8788 8786
8787 8789 8788
8790 8788 8789
8790 8791 8788
8792 8791 8790
8792 8793 8791
8794 8793 8792
8788 8791 8795
8795 8791 8793
8786 8788 8796
8788 8795 8796
8797 8783 8786
8786 8796 8797
8794 8798 8793
8799 8798 8794
8795 8793 8800
8800 8793 8798
8796 8795 8801
8800 8801 8795
8797 8802 8783
8802 8775 8783
8802 8803 8775
8774 8775 8803
8803 8802 8804
8797 8804 8802
8805 8774 8803
8803 8804 8805
8805 8780 8774
8806 8797 8796
8796 8801 8806
8797 8807 8804
8806 8807 8797
8780 8805 8808
8780 8808 8785
8809 8805 8804
8807 8809 8804
8809 8808 8805
8785 8808 8810
8810 8808 8809
8807 8811 8809
8811 8807 8806
8785 8810 8812
8781 8785 8812
8810 8809 8813
8811 8813 8809
8781 8812 8814
8781 8814 8782
8815 8782 8814
8815 8814 8812
8815 8816 8782
8815 8817 8816
8810 8818 8812
8815 8812 8818
8815 8819 8817
8818 8819 8815
8820 8817 8819
8820 8819 8821
8821 8819 8822
8818 8822 8819
8821 8822 8823
8810 8824 8818
8822 8818 8824
8813 8824 8810
8825 8823 8822
8822 8824 8825
8825 8826 8823
8813 8827 8824
8827 8825 8824
8828 8826 8825
8827 8828 8825
8828 8829 8826
8830 8827 8813
8811 8830 8813
8831 8828 8827
8830 8831 8827
8829 8828 8832
8831 8832 8828
8829 8832 8833
8830 8811 8834
8811 8806 8834
8835 8831 8830
8830 8834 8835
8836 8834 8806
8835 8834 8836
8836 8806 8801
8832 8831 8837
8835 8837 8831
8833 8832 8838
8832 8837 8838
8833 8838 8839
8840 8839 8838
8837 8835 8841
8835 8836 8841
8840 8838 8842
8843 8840 8842
8838 8837 8844
8838 8844 8842
8837 8841 8844
8843 8842 8845
8845 8842 8844
8845 8846 8843
8847 8844 8841
8845 8844 8847
8845 8848 8846
8848 8845 8847
8848 8849 8846
8850 8841 8836
8847 8841 8850
8848 8847 8851
8850 8851 8847
8848 8852 8849
8852 8848 8851
8852 8853 8849
8850 8836 8854
8801 8854 8836
8850 8855 8851
8854 8855 8850
8852 8851 8856
8855 8856 8851
8852 8857 8853
8857 8852 8856
8857 8858 8853
8857 8859 8858
8859 8857 8860
8857 8856 8860
8859 8860 8861
8855 8862 8856
8862 8860 8856
8863 8861 8860
8862 8863 8860
8863 8864 8861
8865 8864 8863
8862 8865 8863
8865 8866 8864
8865 8867 8866
8862 8855 8868
8854 8868 8855
8862 8869 8865
8862 8868 8869
8865 8870 8867
8870 8865 8869
8870 8871 8867
8872 8868 8854
8872 8869 8868
8870 8869 8873
8872 8873 8869
8870 8874 8871
8873 8874 8870
8874 8875 8871
8872 8854 8876
8801 8876 8854
8800 8876 8801
8877 8872 8876
8877 8876 8800
8873 8872 8877
8800 8798 8877
8873 8877 8878
8873 8878 8874
8798 8878 8877
8874 8879 8875
8878 8879 8874
8880 8875 8879
8880 8879 8881
8798 8882 8878
8878 8882 8879
8882 8881 8879
8799 8882 8798
8882 8799 8881
8883 8884 8885
8883 8885 8886
8886 8887 8883
8888 8889 8890
8891 8889 8888
8891 8892 8889
8892 8891 8893
8892 8893 8894
8894 8893 8895
8894 8895 8896
8896 8895 8897
8896 8897 8898
8898 8897 8899
8898 8899 8900
8901 8900 8899
8901 8902 8900
8901 8903 8902
8901 8904 8903
8905 8903 8904
8905 8904 8906
8906 8907 8905
8906 8908 8907
8909 8907 8908
8909 8910 8907
8911 8910 8909
8911 8912 8910
8913 8914 8915
8913 8916 8914
8914 8916 8917
8918 8916 8919
8916 8920 8919
8916 8921 8920
8922 8923 8924
8922 8925 8923
8926 8925 8922
8923 8925 8927
8923 8927 8928
8926 8929 8925
8929 8927 8925
8930 8928 8927
8930 8931 8928
8932 8929 8926
8932 8926 8933
8934 8932 8933
8934 8933 8935
8935 8936 8934
8935 8937 8936
8937 8938 8936
8937 8939 8938
8938 8939 8940
8938 8940 8941
8941 8940 8942
8936 8938 8943
8943 8938 8941
8934 8936 8944
8936 8943 8944
8945 8932 8934
8934 8944 8945
8946 8929 8932
8945 8946 8932
8941 8942 8947
8948 8947 8942
8943 8941 8949
8949 8941 8947
8943 8950 8944
8950 8943 8949
8946 8951 8929
8929 8951 8927
8952 8946 8945
8953 8951 8946
8954 8945 8944
8952 8945 8954
8950 8954 8944
8955 8952 8954
8956 8927 8951
8953 8956 8951
8956 8930 8927
8956 8953 8957
8957 8953 8955
8956 8957 8930
8954 8950 8958
8955 8954 8959
8958 8959 8954
8957 8955 8960
8959 8960 8955
8961 8958 8950
8950 8949 8961
8957 8962 8930
8957 8960 8963
8957 8963 8962
8930 8962 8964
8930 8964 8931
8965 8962 8963
8960 8966 8963
8965 8963 8966
8962 8967 8964
8962 8965 8967
8959 8968 8960
8959 8958 8969
8969 8968 8959
8960 8970 8966
8968 8970 8960
8931 8964 8971
8964 8967 8972
8964 8972 8971
8931 8971 8973
8974 8931 8973
8975 8965 8966
8976 8966 8970
8976 8975 8966
8967 8965 8977
8975 8977 8965
8968 8978 8970
8979 8976 8970
8979 8970 8978
8980 8978 8968
8969 8980 8968
8971 8981 8973
8971 8982 8981
8982 8971 8972
8973 8981 8983
8973 8983 8984
8985 8984 8983
8985 8986 8984
8987 8986 8985
8987 8988 8986
8989 8987 8985
8989 8990 8987
8991 8989 8985
8991 8985 8983
8983 8992 8991
8983 8981 8992
8993 8992 8981
8993 8981 8982
8994 8993 8982
8994 8982 8995
8996 8994 8995
8982 8972 8995
8996 8995 8997
8998 8996 8997
8995 8972 8999
8995 8999 8997
8967 8999 8972
8967 9000 8999
8967 8977 9000
8997 8999 9001
9000 9001 8999
8998 8997 9002
8997 9001 9002
8998 9002 9003
8998 9003 9004
9005 9004 9003
9002 9001 9006
9002 9006 9003
9003 9006 9007
9005 9003 9008
9003 9007 9008
9009 9005 9008
9008 9007 9010
9009 9008 9011
9008 9010 9011
9000 9012 9001
9012 9013 9001
9000 9014 9012
9000 8977 9014
9012 9014 9015
9012 9015 9016
8977 9017 9014
8977 8975 9017
9015 9014 9018
9018 9014 9017
8975 9019 9017
8975 8976 9019
9018 9017 9020
9020 9017 9019
9021 9018 9020
8976 9022 9019
9023 9019 9022
9023 9024 9019
9025 9024 9023
8976 8979 9022
9025 9023 9026
9015 9018 9027
9021 9027 9018
9028 9015 9027
9028 9027 9021
9028 9029 9015
9016 9015 9029
9016 9029 9030
9029 9031 9030
9029 9032 9031
9033 9032 9029
9033 9029 9028
9033 9028 9034
9028 9021 9034
9033 9034 9035
9021 9036 9034
9036 9035 9034
9021 9026 9036
9036 9037 9035
9036 9026 9038
9038 9026 9023
9037 9036 9039
9036 9038 9039
9037 9039 9040
9039 9041 9040
9039 9042 9041
9038 9042 9039
9043 9041 9042
9043 9042 9044
9045 9043 9044
9038 9046 9042
9044 9042 9046
9038 9023 9047
9047 9046 9038
9045 9044 9048
9048 9049 9045
9047 9023 9050
9050 9023 9022
9046 9047 9051
9051 9047 9050
9044 9046 9052
9048 9044 9052
9051 9052 9046
9048 9053 9049
9053 9054 9049
9053 9055 9054
9048 9052 9056
9056 9053 9048
9055 9053 9057
9056 9057 9053
9057 9058 9055
9059 9058 9057
9057 9060 9059
9057 9056 9060
9052 9060 9056
9052 9051 9060
9051 9061 9060
9051 9062 9061
9051 9050 9062
9061 9062 9063
9061 9063 9064
9050 9065 9062
9063 9062 9065
9066 9064 9063
9066 9067 9064
9066 9063 9068
9066 9069 9067
9070 9065 9050
9022 9070 9050
9070 9022 8979
9070 9071 9065
9066 9072 9069
9068 9072 9066
9070 8979 9073
9073 8979 8978
9069 9072 9074
9069 9074 9075
9068 9076 9072
9074 9072 9076
9070 9073 9077
9070 9077 9071
9073 8978 9078
9078 9077 9073
8980 9078 8978
9068 9071 9079
9068 9079 9076
9071 9080 9079
9071 9077 9080
9078 9081 9077
9081 9078 8980
9076 9079 9082
9080 9082 9079
9077 9081 9083
9083 9080 9077
9081 8980 9084
9083 9081 9084
9085 9084 8980
9085 8980 8969
9076 9082 9086
9074 9076 9086
9080 9087 9082
9087 9080 9083
9084 9088 9083
9085 9088 9084
9086 9082 9089
9089 9082 9087
9090 9074 9086
9086 9089 9090
9087 9083 9091
9091 9083 9088
8969 9092 9085
8958 9092 8969
9090 9093 9074
9075 9074 9093
9075 9093 9094
9094 9093 9095
9094 9095 9096
9095 9097 9096
9093 9090 9098
9093 9098 9095
9095 9099 9097
9100 9097 9099
9092 8958 9101
8961 9101 8958
9102 9098 9090
9102 9090 9089
9095 9098 9103
9095 9103 9099
9100 9099 9104
9104 9105 9100
9098 9102 9106
9098 9106 9103
9089 9107 9102
9107 9106 9102
9099 9103 9108
9099 9108 9104
9104 9109 9105
9108 9109 9104
9103 9106 9110
9103 9110 9108
9105 9109 9111
9105 9111 9112
9113 9112 9111
9113 9114 9112
9113 9115 9114
9108 9116 9109
9111 9109 9116
9108 9117 9116
9108 9110 9117
9111 9116 9118
9118 9113 9111
9118 9116 9117
9106 9119 9110
9107 9119 9106
9110 9120 9117
9110 9119 9120
9118 9117 9121
9120 9121 9117
9119 9122 9120
9119 9107 9122
9113 9123 9115
9123 9124 9115
9118 9125 9113
9121 9125 9118
9126 9121 9120
9126 9120 9122
9123 9127 9124
9127 9128 9124
9113 9129 9123
9113 9125 9129
9129 9127 9123
9130 9121 9126
9121 9130 9125
9126 9122 9131
9130 9126 9131
9125 9130 9132
9125 9132 9129
9130 9131 9132
9129 9132 9133
9131 9133 9132
9129 9134 9127
9129 9133 9134
9127 9135 9128
9135 9127 9134
9131 9122 9136
9136 9122 9107
9131 9137 9133
9131 9136 9137
9128 9135 9138
9128 9138 9139
9135 9134 9140
9140 9134 9133
9133 9137 9141
9141 9137 9136
9136 9107 9142
9089 9142 9107
9089 9087 9142
9142 9087 9091
9142 9091 9136
9141 9136 9091
9091 9088 9141
9135 9140 9143
9135 9143 9138
9140 9133 9144
9133 9141 9144
9144 9143 9140
9141 9088 9145
9141 9145 9144
9144 9145 9143
9085 9145 9088
9143 9145 9146
9145 9085 9146
9138 9143 9146
9146 9085 9092
9138 9146 9147
9139 9138 9147
9139 9147 9148
9147 9149 9148
9150 9146 9092
9150 9147 9146
9147 9150 9149
9092 9101 9150
9150 9151 9149
9150 9101 9151
8961 9151 9101
8961 9152 9151
9152 8961 8949
9152 8949 9153
9154 9152 9153
8949 8947 9153
9154 9153 9155
9155 9156 9154
9155 9157 9156
9158 9153 8947
9158 9155 9153
9158 9157 9155
8948 9158 8947
9159 9157 9158
9159 9158 8948
9160 9161 9162
9163 9160 9162
9164 9163 9162
9165 9164 9162
9166 9167 9168
9166 9169 9167
9169 9166 9170
9171 9172 9173
9171 9174 9172
9174 9171 9175
9176 9175 9171
9176 9171 9177
9178 9172 9174
9174 9175 9179
9174 9180 9178
9180 9174 9179
9176 9181 9175
9179 9175 9182
9175 9181 9183
9175 9183 9182
9180 9179 9184
9179 9182 9185
9184 9179 9185
9178 9180 9186
9187 9180 9184
9180 9187 9186
9176 9188 9181
9189 9183 9181
9189 9181 9188
9190 9182 9183
9191 9185 9182
9191 9182 9190
9192 9183 9189
9190 9183 9192
9184 9185 9193
9194 9185 9191
9194 9193 9185
9190 9195 9191
9196 9194 9191
9196 9191 9195
9193 9194 9197
9196 9197 9194
9198 9184 9193
9193 9197 9198
9198 9199 9184
9187 9184 9199
9200 9199 9198
9197 9200 9198
9192 9201 9190
9190 9201 9195
9202 9195 9201
9202 9201 9203
9204 9202 9203
9192 9205 9201
9206 9201 9205
9187 9199 9207
9199 9200 9207
9208 9195 9202
9195 9208 9196
9209 9205 9192
9192 9189 9209
9210 9206 9205
9211 9206 9210
9212 9209 9189
9188 9212 9189
9209 9213 9205
9210 9205 9213
9212 9214 9209
9214 9213 9209
9211 9210 9215
9216 9211 9215
9216 9217 9211
9218 9215 9210
9218 9210 9213
9216 9215 9218
9188 9219 9212
9220 9219 9188
9176 9220 9188
9221 9220 9176
9221 9176 9177
9214 9222 9213
9222 9223 9213
9223 9218 9213
9214 9224 9222
9222 9224 9223
9212 9225 9214
9214 9225 9224
9223 9226 9218
9226 9223 9227
9226 9227 9228
9226 9229 9218
9216 9218 9229
9212 9230 9225
9219 9230 9212
9228 9231 9226
9226 9231 9229
9232 9216 9229
9232 9217 9216
9232 9229 9233
9229 9234 9233
9229 9231 9234
9232 9235 9217
9236 9234 9231
9228 9236 9231
9236 9237 9234
9236 9238 9237
9236 9239 9238
9228 9239 9236
9228 9240 9239
9227 9240 9228
9227 9241 9240
9241 9227 9242
9243 9242 9227
9244 9217 9235
9204 9217 9244
9244 9235 9245
9243 9227 9246
9247 9243 9246
9204 9244 9248
9204 9248 9202
9245 9249 9244
9245 9250 9249
9244 9251 9248
9251 9202 9248
9244 9249 9251
9250 9252 9249
9250 9253 9252
9254 9252 9253
9251 9255 9202
9255 9208 9202
9249 9256 9251
9249 9252 9256
9256 9255 9251
9254 9257 9252
9257 9256 9252
9258 9257 9254
9256 9259 9255
9259 9208 9255
9258 9260 9257
9260 9258 9261
9257 9262 9256
9259 9256 9262
9260 9262 9257
9260 9261 9263
9263 9261 9264
9263 9264 9265
9260 9266 9262
9266 9260 9263
9265 9267 9263
9266 9263 9267
9267 9265 9268
9269 9267 9268
9267 9269 9270
9267 9270 9266
9262 9266 9270
9262 9270 9259
9259 9270 9271
9259 9271 9272
9259 9272 9208
9271 9273 9272
9271 9274 9273
9208 9272 9275
9273 9275 9272
9275 9196 9208
9275 9276 9196
9196 9276 9197
9277 9273 9274
9277 9274 9278
9277 9279 9273
9277 9278 9280
9276 9281 9197
9200 9197 9281
9277 9280 9282
9279 9277 9282
9279 9283 9276
9276 9283 9281
9280 9284 9282
9280 9285 9284
9279 9282 9286
9279 9286 9283
9284 9286 9282
9281 9283 9287
9286 9287 9283
9288 9200 9281
9281 9287 9288
9286 9289 9287
9284 9289 9286
9285 9290 9284
9285 9291 9290
9289 9292 9287
9288 9287 9292
9293 9289 9284
9293 9284 9290
9289 9293 9292
9288 9294 9200
9294 9207 9200
9291 9295 9290
9291 9296 9295
9295 9296 9297
9290 9298 9293
9290 9295 9298
9295 9297 9299
9300 9299 9297
9301 9292 9293
9301 9293 9298
9288 9292 9302
9302 9294 9288
9295 9303 9298
9295 9299 9303
9300 9304 9299
9304 9300 9305
9306 9292 9301
9306 9302 9292
9298 9307 9301
9298 9303 9307
9307 9306 9301
9302 9308 9294
9308 9302 9306
9299 9304 9309
9299 9309 9303
9304 9305 9310
9309 9304 9310
9303 9311 9307
9303 9309 9311
9307 9312 9306
9307 9311 9312
9305 9313 9310
9305 9314 9313
9315 9313 9314
9315 9314 9316
9315 9316 9317
9309 9310 9318
9313 9318 9310
9312 9319 9306
9308 9306 9319
9309 9320 9311
9309 9318 9320
9313 9321 9318
9321 9313 9315
9321 9320 9318
9311 9322 9312
9311 9320 9322
9312 9322 9319
9321 9323 9320
9322 9320 9323
9324 9319 9322
9324 9322 9323
9323 9321 9325
9321 9315 9325
9324 9326 9319
9326 9308 9319
9327 9324 9323
9323 9325 9327
9326 9324 9327
9325 9328 9327
9326 9327 9328
9329 9326 9328
9325 9330 9328
9315 9330 9325
9330 9329 9328
9326 9331 9308
9329 9331 9326
9332 9308 9331
9332 9331 9329
9332 9294 9308
9294 9332 9207
9332 9333 9207
9187 9207 9333
9315 9334 9330
9315 9317 9334
9334 9317 9335
9334 9335 9336
9330 9334 9336
9336 9335 9337
9330 9336 9338
9330 9338 9329
9332 9329 9339
9332 9339 9333
9333 9340 9187
9340 9186 9187
9336 9337 9341
9341 9338 9336
9342 9329 9338
9342 9339 9329
9341 9342 9338
9339 9343 9333
9339 9342 9343
9341 9343 9342
9343 9340 9333
9337 9344 9341
9341 9344 9343
9344 9340 9343
9337 9345 9344
9345 9346 9344
9344 9346 9340
9345 9347 9346
9346 9347 9348
9349 9340 9346
9346 9348 9349
9349 9186 9340
9349 9348 9350
9186 9349 9351
9349 9350 9351
9186 9351 9178
9352 9351 9350
9352 9178 9351
9352 9350 9353
9352 9354 9178
9172 9178 9354
9353 9355 9352
9354 9352 9355
9353 9356 9355
9357 9356 9353
9357 9358 9356
9358 9357 9359
9358 9359 9360
9361 9358 9360
9361 9356 9358
9362 9361 9360
9362 9363 9361
9361 9364 9356
9363 9364 9361
9355 9356 9364
9363 9365 9364
9366 9364 9365
9355 9364 9366
9366 9365 9367
9354 9355 9368
9368 9355 9366
9369 9366 9367
9368 9366 9369
9369 9367 9370
9354 9368 9371
9371 9368 9369
9172 9354 9371
9372 9369 9370
9371 9369 9372
9372 9370 9373
9374 9372 9373
9374 9375 9372
9375 9371 9372
9375 9374 9376
9172 9371 9377
9375 9377 9371
9177 9172 9377
9375 9376 9378
9377 9375 9378
9177 9377 9379
9377 9378 9379
9177 9379 9380
9378 9380 9379
9177 9380 9221
9376 9381 9378
9378 9381 9380
9376 9382 9381
9221 9380 9383
9381 9383 9380
9221 9383 9220
9382 9384 9381
9381 9384 9383
9382 9385 9384
9385 9386 9384
9386 9383 9384
9385 9387 9386
9388 9386 9387
9220 9383 9389
9386 9389 9383
9388 9390 9386
9391 9390 9388
9391 9392 9390
9393 9389 9386
9392 9394 9390
9393 9394 9389
9392 9395 9394
9395 9396 9394
9397 9396 9395
9398 9396 9397
9399 9396 9398
9396 9400 9394
9220 9389 9401
9220 9401 9219
9401 9389 9402
9399 9403 9396
9404 9403 9399
9401 9405 9219
9219 9405 9230
9396 9403 9406
9396 9406 9400
9404 9407 9403
9407 9406 9403
9408 9407 9404
9402 9409 9400
9402 9410 9409
9401 9402 9411
9411 9402 9400
9401 9411 9405
9411 9400 9406
9405 9411 9406
9405 9406 9412
9412 9230 9405
9407 9412 9406
9408 9413 9407
9413 9412 9407
9412 9414 9230
9413 9414 9412
9414 9225 9230
9408 9415 9413
9415 9414 9413
9408 9247 9415
9247 9246 9415
9414 9416 9225
9415 9416 9414
9246 9416 9415
9416 9224 9225
9246 9417 9416
9416 9417 9224
9227 9417 9246
9417 9418 9224
9417 9227 9418
9419 9420 9421
9422 9419 9421
9422 9421 9423
9423 9424 9422
9423 9425 9424
9425 9426 9424
9425 9427 9426
9427 9428 9426
9427 9429 9428
9429 9430 9428
9429 9431 9430
9432 9430 9431
9432 9431 9433
9432 9433 9434
9432 9434 9435
9436 9435 9434
9436 9437 9435
9437 9436 9438
9437 9438 9439
9440 9439 9438
9440 9438 9441
9442 9440 9441
9442 9441 9443
9444 9445 9446
9446 9445 9447
9446 9447 9448
9446 9448 9449
9445 9450 9447
9447 9450 9448
9451 9450 9445
9452 9450 9451
9453 9450 9452
9454 9449 9448
9448 9450 9454
9454 9455 9449
9456 9455 9454
9454 9450 9456
9456 9457 9455
9458 9457 9456
9458 9456 9459
9456 9450 9459
9460 9458 9459
9460 9459 9461
9459 9450 9461
9461 9462 9460
9463 9450 9453
9464 9463 9453
9462 9463 9464
9461 9465 9462
9461 9450 9465
9462 9465 9463
9465 9450 9463
9466 9467 5746
9466 9468 9467
5749 9468 9466
5749 9469 9468
9468 5737 9467
9469 9470 9468
9468 9470 5737
9469 9471 9470
9470 9472 5737
5737 9472 5736
9471 9473 9470
9470 9473 9472
9471 5731 9473
9473 9474 9472
9473 9475 9474
5731 9475 9473
9475 9476 9474
5731 9477 9475
5736 9478 5731
9472 9479 5736
5736 9479 9478
9472 9480 9479
9479 9480 9481
9475 9482 9476
9477 9482 9475
9476 9482 9483
9477 9484 9482
9482 9484 9483
9478 9479 9485
9479 9481 9485
9478 9485 9486
9485 9481 9487
9486 9485 9487
9488 9489 9490
9488 9490 9491
9492 9489 9488
9493 9488 9491
9492 9488 9494
9495 9492 9494
9495 9494 9496
9497 9495 9496
9497 9496 9498
9499 9494 9488
9499 9496 9494
9500 9498 9496
9499 9500 9496
9500 9499 9501
9500 9502 9498
9499 9488 9503
9493 9503 9488
9501 9499 9503
9504 9502 9500
9500 9501 9504
9504 9505 9502
9506 9505 9504
9493 9507 9503
9501 9503 9507
9493 9508 9507
9509 9507 9508
9506 9504 9510
9501 9510 9504
9511 9506 9510
9509 9512 9507
9501 9507 9512
9512 9509 9513
9511 9510 9514
9515 9511 9514
9501 9516 9510
9501 9512 9516
9514 9510 9516
9512 9513 9517
9516 9512 9517
9517 9513 9518
9515 9514 9519
9519 9520 9515
9514 9516 9521
9516 9517 9521
9519 9514 9521
9517 9518 9522
9521 9517 9522
9523 9522 9518
9523 9518 9524
9521 9522 9525
9519 9521 9525
9523 9525 9522
9519 9525 9526
9523 9526 9525
9523 9527 9526
9524 9528 9523
9523 9528 9527
9524 9529 9528
9530 9528 9529
9530 9527 9528
9530 9531 9527
9527 9531 9532
9519 9526 9533
9533 9526 9527
9519 9533 9520
9527 9532 9534
9533 9527 9534
9520 9533 9534
9535 9534 9532
9520 9534 9535
9536 9537 9538
9539 9536 9538
9539 9540 9536
9541 9536 9540
9540 9539 9542
9540 9542 9543
9540 9543 9544
9540 9544 9545
9541 9540 9545
9545 9544 9546
9545 9546 9547
9541 9545 9547
9547 9546 9548
9547 9548 9549
9549 9550 9547
9541 9547 9550
9549 9551 9550
9552 9550 9551
9552 9553 9550
9553 9541 9550
9554 9553 9552
9554 9555 9553
9555 9554 9556
9555 9556 9557
9555 9557 9558
9557 9556 9559
9553 9555 9560
9555 9558 9560
9553 9561 9541
9553 9560 9561
9562 9541 9561
9560 9562 9561
9562 9536 9541
9536 9562 9537
9560 9563 9562
9563 9537 9562
9563 9560 9558
9563 9564 9537
9565 9564 9563
9565 9563 9566
9563 9558 9566
9567 9565 9566
9567 9566 9568
9568 9566 9558
9569 9567 9568
9569 9570 9567
9568 9558 9571
9571 9569 9568
9570 9569 9572
9570 9572 9573
9573 9572 9574
9575 9572 9569
9571 9575 9569
9576 9574 9572
9575 9576 9572
9576 9577 9574
9576 9578 9577
9576 9579 9578
9579 9576 9575
9579 9580 9578
9579 9581 9580
9579 9575 9582
9579 9582 9581
9582 9575 9571
9559 9581 9582
9582 9571 9583
9559 9582 9583
9558 9583 9571
9557 9559 9583
9558 9557 9583
6779 6781 9584
9584 6766 6779
9585 9584 6781
9585 6781 9586
9587 9585 9586
9584 9588 6766
6773 6766 9588
9589 9588 9584
6773 9588 9589
9589 9584 9585
9585 9590 9589
9587 9591 9585
9585 9591 9590
9592 9591 9587
6773 9589 9593
9593 9589 9590
6774 6773 9593
9593 9594 6774
9593 9595 9594
9593 9590 9595
9595 9596 9594
9592 9597 9591
9597 9590 9591
9595 9598 9596
9590 9598 9595
9599 9597 9592
9599 9592 9600
9597 9601 9590
9590 9601 9598
9601 9597 9599
9596 9598 9602
9602 9598 9601
9596 9602 9603
9600 9604 9599
9600 9605 9604
9605 9606 9604
9601 9599 9607
9602 9601 9607
9607 9599 9604
9608 9603 9602
9608 9602 9607
9608 9609 9603
9608 9610 9609
9611 9604 9606
9607 9604 9611
9608 9607 9611
9611 9610 9608
9611 9606 9612
9611 9612 9610
9613 8035 8036
8036 9614 9613
9613 9615 8035
8035 9615 8044
9616 8044 9615
9613 9616 9615
9616 8059 8044
9614 9617 9613
9613 9617 9616
9614 9618 9617
9619 8059 9616
9619 8065 8059
9617 9618 9620
9618 9621 9620
9622 9616 9617
9622 9619 9616
9617 9620 9622
9623 8065 9619
8199 8065 9623
8216 8199 9623
9624 9620 9621
9624 9621 9625
9626 9622 9620
9626 9620 9624
9627 9619 9622
9623 9619 9627
9627 9622 9626
9628 8216 9623
9628 9623 9627
9629 9627 9626
9629 9626 9624
9629 9628 9627
9630 9624 9625
9629 9624 9630
9630 9625 8270
8269 9630 8270
9630 9631 9629
9630 8269 9631
9628 9629 9631
8254 9631 8269
9631 8254 8217
9632 8216 9628
9628 9631 9632
9631 8217 9632
9632 8212 8216
8217 8212 9632
9633 9634 9635
9636 9634 9633
9633 9635 9637
9637 9635 9638
9637 9638 9639
9637 9639 9640
9641 9640 9639
9636 9633 9642
9643 9636 9642
9640 9644 9637
9637 9644 9633
9641 9645 9640
9646 9645 9641
9640 9647 9644
9645 9647 9640
9646 9648 9645
9649 9648 9646
9645 9650 9647
9650 9645 9648
9633 9644 9651
9652 9644 9647
9652 9651 9644
9652 9647 9653
9650 9653 9647
9654 9642 9633
9654 9633 9651
9642 9654 9655
9651 9655 9654
9651 9652 9656
9653 9656 9652
9642 9655 9657
9643 9642 9657
9643 9657 9658
9655 9658 9657
9643 9658 9659
9651 9660 9655
9651 9656 9660
9659 9658 9661
9659 9661 9662
9655 9663 9658
9660 9663 9655
9664 9661 9658
9664 9658 9663
9653 9665 9656
9660 9656 9666
9666 9656 9665
9660 9667 9663
9660 9666 9667
9663 9667 9668
9663 9668 9664
9669 9665 9653
9650 9669 9653
9670 9667 9666
9670 9668 9667
9671 9662 9661
9661 9664 9672
9661 9672 9671
9673 9664 9668
9673 9672 9664
9674 9668 9670
9674 9673 9668
9671 9675 9662
9676 9662 9675
9677 9676 9675
9677 9678 9676
9675 9671 9679
9675 9679 9677
9680 9671 9672
9680 9679 9671
9672 9673 9681
9672 9681 9680
9682 9678 9677
9682 9683 9678
9682 9684 9683
9685 9677 9679
9685 9682 9677
9682 9686 9684
9685 9686 9682
9686 9687 9684
9679 9680 9688
9679 9688 9685
9685 9689 9686
9689 9685 9688
9686 9690 9687
9690 9686 9689
9687 9690 9691
9692 9688 9680
9692 9680 9681
9690 9689 9693
9693 9691 9690
9689 9688 9694
9692 9694 9688
9694 9693 9689
9693 9695 9691
9696 9691 9695
9694 9697 9693
9695 9693 9697
9692 9698 9694
9697 9694 9698
9681 9699 9692
9698 9692 9699
9696 9695 9700
9701 9696 9700
9695 9697 9702
9702 9700 9695
9697 9698 9703
9703 9702 9697
9681 9704 9699
9673 9704 9681
9673 9674 9704
9698 9699 9705
9703 9698 9705
9704 9706 9699
9705 9699 9706
9674 9707 9704
9704 9707 9706
9674 9708 9707
9708 9674 9670
9708 9670 9709
9666 9709 9670
9666 9710 9709
9666 9665 9710
9710 9665 9711
9669 9711 9665
9709 9710 9712
9710 9711 9712
9708 9709 9713
9709 9712 9713
9714 9711 9669
9714 9669 9650
9712 9711 9715
9714 9715 9711
9712 9715 9716
9716 9713 9712
9708 9713 9717
9707 9708 9717
9714 9650 9718
9650 9648 9718
9714 9719 9715
9716 9715 9719
9716 9720 9713
9717 9713 9720
9721 9718 9648
9649 9721 9648
9718 9722 9714
9714 9722 9719
9649 9723 9721
9649 9724 9723
9721 9725 9718
9725 9721 9723
9718 9725 9722
9723 9724 9726
9725 9723 9726
9726 9724 9727
9725 9728 9722
9725 9726 9728
9726 9727 9729
9729 9727 9730
9722 9728 9731
9722 9731 9719
9728 9726 9732
9729 9732 9726
9728 9732 9731
9729 9730 9733
9732 9729 9733
9733 9730 9734
9731 9732 9735
9732 9733 9735
9733 9734 9736
9735 9733 9736
9734 9737 9736
9738 9719 9731
9731 9735 9738
9738 9739 9719
9716 9719 9739
9739 9720 9716
9735 9740 9738
9739 9738 9740
9739 9741 9720
9739 9740 9741
9735 9742 9740
9735 9736 9742
9743 9740 9742
9741 9740 9743
9744 9720 9741
9717 9720 9744
9745 9742 9736
9743 9742 9745
9737 9746 9736
9745 9736 9746
9741 9743 9747
9744 9741 9747
9744 9748 9717
9707 9717 9748
9749 9746 9737
9749 9737 9750
9751 9749 9750
9752 9745 9746
9752 9746 9749
9745 9753 9743
9753 9747 9743
9745 9752 9753
9754 9753 9752
9755 9744 9747
9744 9755 9748
9753 9756 9747
9754 9756 9753
9755 9747 9756
9757 9752 9749
9754 9752 9757
9751 9758 9749
9757 9749 9758
9751 9759 9758
9757 9758 9759
9751 9760 9759
9759 9760 9761
9762 9755 9756
9754 9762 9756
9763 9748 9755
9762 9763 9755
9757 9759 9764
9754 9757 9764
9759 9761 9765
9764 9759 9765
9761 9766 9765
9767 9766 9761
9764 9765 9768
9768 9765 9766
9754 9764 9769
9768 9769 9764
9754 9770 9762
9754 9769 9770
9762 9770 9771
9762 9771 9763
9763 9772 9748
9772 9707 9748
9772 9706 9707
9769 9773 9770
9771 9770 9773
9768 9774 9769
9769 9774 9773
9763 9771 9775
9763 9775 9772
9772 9776 9706
9772 9775 9776
9705 9706 9776
9771 9773 9777
9777 9775 9771
9774 9768 9778
9768 9766 9778
9779 9773 9774
9777 9773 9779
9777 9780 9775
9776 9775 9780
9781 9705 9776
9703 9705 9781
9774 9778 9782
9779 9774 9782
9783 9778 9766
9783 9782 9778
9777 9779 9784
9780 9777 9784
9776 9780 9785
9781 9776 9785
9781 9786 9703
9703 9786 9702
9787 9779 9782
9787 9784 9779
9780 9784 9788
9785 9780 9788
9785 9789 9781
9781 9789 9786
9790 9702 9786
9702 9790 9700
9787 9782 9791
9783 9791 9782
9787 9792 9784
9792 9788 9784
9785 9788 9793
9785 9793 9789
9789 9794 9786
9790 9786 9794
9791 9795 9787
9792 9787 9795
9792 9796 9788
9793 9788 9796
9797 9789 9793
9789 9797 9794
9798 9790 9794
9798 9794 9797
9791 9799 9795
9799 9791 9783
9796 9792 9800
9792 9795 9800
9793 9796 9801
9797 9793 9801
9796 9800 9802
9801 9796 9802
9803 9800 9795
9803 9802 9800
9797 9801 9804
9801 9802 9804
9798 9805 9790
9805 9700 9790
9798 9797 9806
9797 9804 9806
9807 9804 9802
9803 9807 9802
9807 9808 9804
9808 9806 9804
9809 9798 9806
9809 9805 9798
9803 9795 9810
9810 9795 9799
9803 9811 9807
9811 9808 9807
9808 9812 9806
9809 9806 9812
9812 9808 9813
9811 9813 9808
9814 9803 9810
9803 9814 9811
9812 9815 9809
9812 9813 9815
9816 9809 9815
9809 9817 9805
9817 9809 9816
9818 9805 9817
9817 9816 9818
9818 9819 9805
9805 9819 9700
9701 9700 9819
9701 9819 9818
9701 9818 9820
9820 9818 9816
9820 9816 9821
9816 9822 9821
9816 9823 9822
9823 9816 9815
9823 9824 9822
9823 9825 9824
9826 9823 9815
9823 9826 9825
9826 9815 9813
9827 9825 9826
9828 9826 9813
9827 9826 9828
9828 9813 9811
9829 9827 9828
9811 9830 9828
9829 9828 9830
9811 9814 9830
9831 9829 9830
9832 9830 9814
9831 9830 9832
9832 9814 9833
9814 9810 9833
9831 9832 9834
9833 9834 9832
9831 9834 9835
9834 9836 9835
9833 9836 9834
9836 9837 9835
9833 9810 9838
9833 9838 9836
9810 9799 9838
9838 9799 9839
9838 9839 9836
9799 9783 9839
9836 9840 9837
9840 9836 9839
9840 9841 9837
9839 9783 9842
9839 9842 9840
9840 9842 9841
9783 9766 9842
9842 9767 9841
9842 9766 9767
