byte offset: 0
first index: 8787
index count: 7296
topology: trianglelist
format: DXGI_FORMAT_R16_UINT

2954 2955 2956
2957 2958 2959
2960 2961 2962
2960 2963 2964
2964 2963 2965
2960 2966 2963
2966 2960 2967
2966 2967 2968
2969 2968 2967
2969 2970 2968
2971 2970 2969
2971 2969 2972
2973 2971 2972
2973 2972 2974
2975 2973 2974
2975 2974 2976
2966 2977 2978
2979 2980 2981
2982 2983 2984
2982 2985 2986
2987 2986 2985
2987 2985 2988
2989 2987 2988
2989 2988 2990
2982 2986 2991
2992 2989 2990
2992 2990 2993
2994 2992 2993
2994 2995 2992
2991 2996 2982
2991 2997 2996
2997 2998 2996
2991 2999 3000
3001 3002 3003
3004 3005 3006
3007 3008 3006
3007 3009 3008
3010 3011 3007
3010 3012 3011
3013 3012 3010
3013 3010 3014
3015 3016 3017
3018 3019 3020
3021 3022 3023
3024 3025 3026
77 76 3027
77 3027 3028
3028 3027 3029
3028 3029 3030
3031 3032 3033
3031 3033 3034
3034 3033 3035
3034 3035 3036
3036 3035 83
3036 83 82
3037 3038 3039
3037 3040 3038
3040 3041 3038
3040 3042 3041
3042 121 3041
3042 120 121
3043 3044 3045
3043 3046 3044
3047 3046 3043
3047 3048 3046
3049 3050 3051
3051 3050 3052
3052 3050 3053
3052 3053 3054
3053 3055 3056
3057 3056 3050
3058 3057 3050
3058 3059 3057
3060 3058 3050
3061 3060 3055
3062 3063 3064
3065 3063 3062
3065 3066 3063
3067 3068 3069
3067 3070 3068
3071 3068 3070
3071 3070 3072
3073 3074 3075
3076 3074 3077
3076 3077 3078
3078 3077 3079
3078 3079 3080
3080 3079 3081
3082 3076 3083
3075 3084 3083
3075 3085 3084
3085 3086 3084
3085 3087 3086
3087 3088 3086
3089 3090 3091
3089 3092 3090
3093 3090 3092
3093 3092 3094
3095 3093 3094
3095 3094 3096
3097 3098 3099
3097 3099 3100
3101 3102 3103
3101 3103 3104
3105 3106 3107
3105 3107 3108
3109 3105 3108
3109 3108 3110
3111 3112 3113
3114 3111 3113
3114 3113 3115
3116 3117 3118
3116 3118 3119
3120 3119 3118
3120 3121 3119
3122 3123 3124
3122 3124 3125
3126 3125 3124
3126 3127 3125
3128 3127 3126
3128 3129 3127
3130 3131 3132
3130 3132 3133
3134 3135 3136
3134 3136 3137
3138 3139 3140
3138 3140 3141
3142 3138 3141
3142 3141 3143
3144 3142 3143
3144 3143 3145
3146 3144 3145
3146 3145 3147
3148 3146 3147
3148 3147 3149
3150 3148 3149
3150 3149 3151
3152 3150 3151
3152 3151 3153
3154 3152 3153
3154 3153 3155
3155 3156 3154
3155 3157 3156
3157 3158 3156
3157 3159 3158
3159 3160 3158
3159 3161 3160
3162 3163 3164
3162 3164 3165
3166 3162 3165
3166 3165 3167
3168 3169 3170
3168 3170 3171
3172 3168 3171
3172 3171 3173
3174 3172 3173
3174 3173 3175
3176 3174 3175
3176 3175 3177
3178 3176 3177
3178 3177 3179
3180 3178 3179
3180 3179 3181
3182 3183 3184
3182 3184 3185
3182 3185 3186
3182 3186 3187
3188 3187 3186
3188 3189 3187
3189 3188 3190
3189 3190 3191
3192 3191 3190
3192 3193 3191
3193 3192 3194
3193 3194 3195
3196 3195 3194
3196 3197 3195
3197 3196 3198
3197 3198 3199
3200 3199 3198
3200 3201 3199
3201 3200 3202
3201 3202 3203
3204 3203 3202
3204 3205 3203
3205 3204 3206
3205 3206 3207
3208 3207 3206
3208 3209 3207
3210 3209 3208
3210 3211 3209
3212 3211 3210
3212 3213 3211
3212 3214 3213
3212 3215 3214
3215 3216 3214
3215 3217 3216
3216 3217 3218
3216 3218 3219
3220 3219 3218
3220 3221 3219
3221 3220 3222
3221 3222 3223
3224 3223 3222
3224 3222 3225
3226 3224 3225
3226 3225 3227
3228 3229 3230
3228 3231 3229
3231 3232 3229
3231 3233 3232
3234 3235 3236
3234 3237 3235
3237 3238 3235
3237 3239 3238
3240 3238 3239
3240 3241 3238
3240 3242 3241
3240 3243 3242
3242 3243 3244
3242 3244 3245
3244 3246 3245
3244 3247 3246
3248 3246 3247
3248 3249 3246
3250 3249 3248
3250 3251 3249
3251 3250 3252
3251 3252 3253
3254 3253 3252
3254 3255 3253
3256 3255 3254
3256 3254 3257
3258 3256 3257
3258 3257 3259
3260 3258 3259
3260 3259 3261
3262 3260 3261
3262 3261 3263
3264 3265 3266
3264 3266 3267
3268 3264 3267
3268 3267 3269
3270 3268 3269
3270 3269 3271
3272 3270 3271
3272 3271 3273
3274 3272 3273
3274 3275 3272
3275 3274 3276
3275 3276 3277
3278 3277 3276
3278 3279 3277
3279 3278 3280
3279 3280 3281
3282 3283 3284
3282 3284 3285
3286 3282 3285
3286 3285 3287
3288 3289 3290
3289 3291 3290
3291 3292 3290
3291 3293 3292
3292 3294 3295
3296 3290 3294
3297 3290 3296
3297 3296 3298
3299 3290 3297
3300 3295 3299
3301 3302 3303
3304 3301 3303
3304 3303 3305
3306 3307 3308
3306 3308 3309
3310 3309 3308
3310 3311 3309
3312 3313 3314
3315 3316 3314
3315 3317 3316
3317 3318 3316
3317 3319 3318
3319 3320 3318
3321 3322 3315
3313 3322 3323
3313 3323 3324
3324 3323 3325
3324 3325 3326
3326 3325 3327
3328 3329 3330
3328 3330 3331
3332 3331 3330
3332 3333 3331
3334 3333 3332
3334 3335 3333
3336 3337 3338
3336 3338 3339
3340 3341 3342
3340 3342 3343
3344 3345 3346
3344 3347 3345
3348 3347 3344
3348 3349 3347
3350 3351 3352
3353 3351 3350
3353 3354 3351
3355 3356 3357
3355 3358 3356
3359 3356 3358
3359 3358 3360
3361 3362 3363
3361 3364 3362
3365 3362 3364
3365 3364 3366
3367 3365 3366
3367 3366 3368
3369 3370 3371
3369 3371 3372
3373 3374 3375
3373 3375 3376
3377 3378 3379
3377 3380 3378
3381 3380 3377
3381 3382 3380
3383 3382 3381
3383 3384 3382
3385 3384 3383
3385 3386 3384
3387 3386 3385
3387 3388 3386
3389 3388 3387
3389 3390 3388
3391 3390 3389
3391 3392 3390
3393 3392 3391
3393 3394 3392
3394 3393 3395
3394 3395 3396
3396 3395 3397
3396 3397 3398
3398 3397 3399
3398 3399 3400
3401 3402 3403
3401 3404 3402
3405 3404 3401
3405 3406 3404
3407 3408 3409
3407 3410 3408
3411 3410 3407
3411 3412 3410
3413 3412 3411
3413 3414 3412
3415 3414 3413
3415 3416 3414
3417 3416 3415
3417 3418 3416
3419 3418 3417
3419 3420 3418
3421 3422 3423
3421 3424 3422
3421 3425 3424
3421 3426 3425
3427 3425 3426
3427 3426 3428
3428 3429 3427
3428 3430 3429
3431 3429 3430
3431 3430 3432
3432 3433 3431
3432 3434 3433
3435 3433 3434
3435 3434 3436
3436 3437 3435
3436 3438 3437
3439 3437 3438
3439 3438 3440
3440 3441 3439
3440 3442 3441
3443 3441 3442
3443 3442 3444
3444 3445 3443
3444 3446 3445
3447 3445 3446
3447 3446 3448
3449 3447 3448
3449 3448 3450
3451 3449 3450
3451 3450 3452
3451 3452 3453
3451 3453 3454
3454 3453 3455
3454 3455 3456
3455 3457 3456
3455 3458 3457
3459 3457 3458
3459 3458 3460
3460 3461 3459
3460 3462 3461
3463 3461 3462
3463 3464 3461
3465 3464 3463
3465 3466 3464
3467 3468 3469
3467 3469 3470
3470 3469 3471
3470 3471 3472
3473 3474 3475
3473 3475 3476
3476 3475 3477
3476 3477 3478
3479 3478 3477
3479 3477 3480
3479 3480 3481
3479 3481 3482
3482 3481 3483
3482 3483 3484
3483 3485 3484
3483 3486 3485
3487 3485 3486
3487 3488 3485
3489 3488 3487
3489 3487 3490
3490 3491 3489
3490 3492 3491
3493 3491 3492
3493 3492 3494
3495 3493 3494
3495 3496 3493
3497 3496 3495
3497 3498 3496
3499 3498 3497
3499 3500 3498
3501 3500 3499
3501 3502 3500
3503 3504 3505
3503 3506 3504
3507 3506 3503
3507 3508 3506
3509 3508 3507
3509 3510 3508
3511 3510 3509
3511 3512 3510
3513 3512 3511
3513 3511 3514
3514 3515 3513
3514 3516 3515
3517 3515 3516
3517 3516 3518
3518 3519 3517
3518 3520 3519
3521 3522 3523
3521 3523 3524
3524 3523 3525
3524 3525 3526
3526 3525 3527
3526 3527 3528
3527 3529 3528
3527 3530 3529
3531 3529 3530
3531 3532 3529
3531 3533 3532
3531 3534 3533
3535 3533 3534
3535 3536 3533
3535 3537 3536
3535 3538 3537
3539 3537 3538
3539 3540 3537
3539 3541 3540
3539 3542 3541
3543 3541 3542
3540 3541 3544
3545 3544 3541
3546 3547 3548
3546 3548 3549
3550 3546 3549
3551 3549 3548
3551 3548 3552
3550 3549 3553
3553 3549 3554
3555 3550 3553
3553 3554 3556
3555 3553 3557
3557 3553 3556
3555 3557 3558
3559 3558 3557
3555 3558 3560
3560 3558 3561
3561 3558 3559
3561 3562 3560
3557 3556 3563
3559 3557 3563
3556 3564 3563
3564 3559 3563
3565 3562 3561
3565 3566 3562
3565 3567 3566
3567 3568 3566
3569 3565 3561
3567 3565 3569
3556 3570 3564
3571 3570 3556
3571 3572 3570
3572 3573 3570
3570 3573 3574
3564 3570 3574
3564 3574 3575
3575 3576 3564
3576 3559 3564
3561 3559 3577
3569 3561 3577
3576 3578 3559
3577 3559 3578
3578 3576 3579
3577 3578 3580
3569 3577 3580
3578 3579 3581
3581 3580 3578
3579 3582 3581
3581 3583 3580
3583 3584 3580
3569 3580 3584
3583 3585 3584
3586 3569 3584
3567 3569 3586
3585 3587 3584
3586 3584 3587
3585 3588 3587
3586 3589 3567
3567 3589 3568
3588 3590 3587
3588 3591 3590
3592 3586 3587
3586 3592 3589
3592 3587 3590
3593 3568 3589
3593 3594 3568
3591 3595 3590
3591 3596 3595
3597 3592 3590
3597 3590 3595
3598 3589 3592
3593 3589 3598
3598 3592 3597
3596 3599 3595
3596 3600 3599
3595 3599 3601
3601 3597 3595
3602 3599 3600
3601 3599 3602
3602 3600 3603
3603 3600 3604
3603 3604 3605
3603 3605 3606
3607 3603 3606
3607 3602 3603
3608 3602 3607
3608 3601 3602
3601 3609 3597
3608 3609 3601
3597 3610 3598
3597 3609 3610
3608 3611 3609
3612 3611 3608
3598 3610 3613
3598 3613 3593
3614 3610 3609
3614 3609 3611
3612 3615 3611
3616 3615 3612
3617 3615 3616
3617 3616 3618
3619 3617 3618
3620 3611 3615
3620 3614 3611
3617 3620 3615
3621 3610 3614
3621 3613 3610
3593 3613 3622
3593 3622 3594
3623 3614 3620
3623 3621 3614
3613 3621 3624
3613 3624 3622
3624 3621 3623
3617 3625 3620
3625 3623 3620
3619 3626 3617
3617 3627 3625
3617 3626 3627
3628 3626 3619
3628 3619 3629
3630 3628 3629
3631 3626 3628
3631 3627 3626
3630 3631 3628
3632 3627 3631
3625 3627 3633
3632 3633 3627
3625 3634 3623
3625 3633 3634
3630 3635 3631
3635 3632 3631
3634 3636 3623
3624 3623 3636
3637 3634 3633
3634 3637 3636
3630 3638 3635
3630 3639 3638
3639 3640 3638
3639 3641 3640
3638 3640 3642
3638 3642 3643
3635 3638 3643
3643 3642 3644
3635 3643 3645
3635 3645 3632
3643 3644 3646
3645 3643 3646
3647 3633 3632
3637 3633 3647
3632 3645 3648
3645 3646 3648
3644 3649 3646
3644 3650 3649
3646 3649 3651
3646 3651 3648
3648 3651 3652
3632 3648 3653
3647 3632 3653
3648 3652 3653
3652 3647 3653
3654 3649 3650
3651 3649 3654
3654 3650 3655
3651 3654 3656
3652 3651 3656
3652 3656 3657
3658 3652 3657
3652 3659 3647
3658 3659 3652
3659 3637 3647
3660 3659 3658
3659 3661 3637
3660 3661 3659
3661 3636 3637
3662 3661 3660
3661 3663 3636
3662 3663 3661
3663 3624 3636
3664 3663 3662
3663 3665 3624
3664 3665 3663
3665 3622 3624
3665 3664 3666
3665 3667 3622
3665 3666 3667
3668 3667 3666
3667 3594 3622
3667 3668 3594
3668 3666 3669
3668 3670 3594
3668 3669 3671
3668 3672 3670
3668 3671 3673
3668 3673 3672
3674 3675 3572
3675 3676 3677
3675 3677 3678
3679 3680 3681
3679 3681 3682
3683 3679 3682
3683 3682 3684
3682 3685 3684
3681 3686 3682
3682 3686 3685
3681 3687 3686
3685 3686 3688
3687 3689 3686
3688 3686 3689
3687 3690 3689
3688 3689 3691
3692 3693 3694
3692 3695 3693
3695 3692 3696
3697 3693 3695
3695 3696 3698
3699 3698 3696
3697 3695 3700
3698 3700 3695
3701 3697 3700
3701 3702 3697
3703 3702 3701
3703 3704 3702
3705 3704 3703
3705 3706 3704
3707 3706 3705
3707 3708 3706
3707 3709 3708
3707 3710 3709
3709 3710 3711
3710 3712 3711
3710 3713 3712
3705 3714 3707
3714 3710 3707
3715 3713 3710
3714 3715 3710
3715 3716 3713
3703 3717 3705
3705 3717 3714
3718 3715 3714
3718 3714 3717
3719 3716 3715
3718 3719 3715
3719 3720 3716
3719 3721 3720
3719 3722 3721
3718 3722 3719
3722 3723 3721
3722 3724 3723
3724 3725 3723
3718 3726 3722
3726 3724 3722
3724 3727 3725
3727 3728 3725
3718 3717 3729
3729 3726 3718
3726 3730 3724
3730 3727 3724
3727 3731 3728
3732 3728 3731
3732 3731 3733
3734 3733 3731
3734 3731 3727
3734 3735 3733
3734 3727 3736
3730 3736 3727
3737 3735 3734
3737 3734 3736
3737 3738 3735
3739 3736 3730
3737 3736 3739
3738 3737 3740
3739 3740 3737
3738 3740 3741
3739 3742 3740
3739 3730 3743
3743 3742 3739
3743 3730 3726
3743 3744 3742
3743 3726 3745
3729 3745 3726
3746 3744 3743
3745 3746 3743
3747 3746 3745
3746 3748 3744
3748 3746 3747
3747 3749 3748
3750 3745 3729
3750 3747 3745
3750 3729 3717
3747 3751 3749
3752 3749 3751
3750 3717 3753
3703 3753 3717
3701 3753 3703
3701 3754 3753
3750 3753 3754
3700 3754 3701
3755 3747 3750
3750 3754 3755
3700 3756 3754
3755 3754 3756
3698 3756 3700
3757 3756 3698
3699 3757 3698
3757 3758 3756
3755 3756 3758
3699 3759 3757
3759 3758 3757
3699 3760 3759
3755 3761 3747
3751 3747 3761
3762 3755 3758
3759 3762 3758
3762 3761 3755
3760 3763 3759
3763 3762 3759
3760 3764 3763
3763 3764 3765
3766 3761 3762
3766 3751 3761
3763 3766 3762
3763 3765 3767
3767 3766 3763
3767 3765 3768
3769 3751 3766
3752 3751 3769
3767 3770 3766
3769 3766 3770
3767 3768 3771
3771 3770 3767
3771 3768 3772
3771 3772 3773
3774 3771 3773
3771 3775 3770
3774 3775 3771
3775 3769 3770
3776 3775 3774
3777 3752 3769
3775 3777 3769
3776 3777 3775
3777 3778 3752
3777 3776 3779
3777 3779 3778
3780 3781 3782
3780 3782 3783
3782 3784 3783
3782 3785 3784
3786 3787 3788
3786 3788 3789
3789 3790 3786
3791 3789 3788
3791 3788 3792
3793 3791 3792
3793 3792 3794
3795 3793 3794
3795 3794 3796
3797 3795 3796
3797 3796 3798
3798 3799 3797
3798 3800 3799
3797 3799 3801
3797 3801 3802
3795 3797 3802
3802 3801 3803
3804 3793 3795
3795 3802 3804
3802 3803 3805
3805 3804 3802
3805 3803 3806
3807 3791 3793
3804 3807 3793
3805 3806 3808
3808 3806 3809
3805 3810 3804
3808 3810 3805
3807 3811 3791
3789 3791 3811
3789 3811 3812
3789 3812 3790
3813 3812 3811
3813 3811 3807
3790 3812 3814
3813 3814 3812
3790 3814 3815
3807 3804 3816
3816 3804 3810
3813 3807 3817
3807 3816 3817
3813 3817 3818
3814 3813 3818
3817 3816 3818
3815 3814 3819
3814 3818 3819
3815 3819 3820
3816 3810 3821
3818 3816 3821
3822 3819 3818
3818 3821 3822
3820 3819 3823
3822 3823 3819
3820 3823 3824
3821 3810 3825
3808 3825 3810
3826 3822 3821
3821 3825 3826
3824 3823 3827
3824 3827 3828
3829 3823 3822
3826 3829 3822
3829 3827 3823
3808 3830 3825
3826 3825 3830
3828 3827 3831
3828 3831 3832
3833 3832 3831
3834 3827 3829
3834 3831 3827
3835 3829 3826
3826 3830 3835
3835 3834 3829
3833 3831 3836
3836 3831 3834
3837 3833 3836
3836 3834 3838
3838 3834 3835
3837 3836 3839
3839 3836 3838
3840 3837 3839
3840 3841 3837
3840 3842 3841
3839 3838 3843
3840 3839 3843
3840 3844 3842
3844 3845 3842
3840 3843 3846
3846 3844 3840
3838 3847 3843
3847 3846 3843
3838 3835 3848
3838 3848 3847
3847 3848 3849
3847 3850 3846
3848 3851 3849
3851 3848 3835
3851 3835 3830
3830 3852 3851
3846 3850 3853
3854 3852 3830
3808 3854 3830
3854 3855 3852
3808 3809 3854
3855 3854 3809
3809 3856 3855
3809 3857 3856
3857 3858 3856
3857 3859 3858
3860 3858 3859
3860 3859 3861
3861 3859 3862
3846 3853 3863
3846 3863 3844
3853 3864 3863
3853 3865 3864
3863 3866 3844
3863 3864 3866
3844 3866 3845
3867 3845 3866
3864 3867 3866
3867 3868 3845
3869 3864 3865
3864 3869 3867
3870 3869 3865
3871 3868 3867
3871 3872 3868
3871 3867 3873
3867 3869 3873
3874 3869 3870
3875 3874 3870
3875 3870 3876
3874 3877 3869
3877 3878 3869
3879 3877 3880
3881 3879 3880
3881 3882 3879
3862 3882 3881
3862 3883 3882
3881 3861 3862
3861 3881 3876
3861 3876 3884
3885 3861 3884
3886 3887 3888
3886 3889 3887
3890 3887 3889
3890 3889 3891
3892 3889 3886
3892 3893 3889
3893 3894 3889
3895 3893 3892
3893 3896 3894
3895 3897 3893
3897 3896 3893
3895 3898 3897
3895 3899 3898
3897 3900 3896
3900 3897 3898
3899 3901 3898
3901 3899 3902
3900 3898 3903
3901 3903 3898
3904 3901 3902
3904 3902 3905
3904 3905 3906
3906 3905 3907
3908 3901 3904
3906 3908 3904
3901 3909 3903
3908 3909 3901
3900 3910 3896
3911 3900 3903
3900 3911 3910
3896 3910 3912
3896 3912 3913
3912 3910 3914
3910 3915 3914
3911 3915 3910
3911 3916 3915
3916 3911 3917
3917 3911 3903
3917 3903 3918
3909 3918 3903
3918 3919 3917
3909 3920 3918
3908 3920 3909
3918 3921 3919
3921 3918 3920
3919 3921 3582
3921 3920 3922
3922 3920 3923
3908 3923 3920
3922 3923 3924
3925 3923 3908
3906 3925 3908
3924 3923 3926
3925 3926 3923
3924 3926 3927
3925 3906 3928
3906 3907 3928
3929 3926 3925
3925 3928 3929
3927 3926 3930
3929 3930 3926
3927 3930 3931
3932 3928 3907
3932 3907 3933
3934 3929 3928
3932 3934 3928
3931 3930 3935
3931 3935 3936
3937 3930 3929
3934 3937 3929
3937 3935 3930
3936 3935 3938
3936 3938 3939
3935 3940 3938
3940 3935 3937
3941 3939 3938
3940 3941 3938
3941 3942 3939
3942 3943 3939
3942 3944 3943
3942 3945 3944
3946 3945 3942
3946 3942 3941
3947 3946 3941
3947 3941 3940
3940 3937 3948
3947 3940 3948
3937 3949 3948
3937 3934 3949
3947 3948 3950
3951 3947 3950
3934 3952 3949
3934 3932 3952
3953 3948 3949
3953 3950 3948
3951 3950 3954
3955 3951 3954
3956 3955 3954
3956 3957 3955
3958 3957 3956
3959 3954 3950
3959 3950 3953
3956 3954 3959
3960 3953 3949
3960 3949 3952
3932 3961 3952
3932 3933 3961
3962 3959 3953
3962 3953 3960
3952 3963 3960
3952 3961 3963
3963 3962 3960
3958 3956 3964
3965 3958 3964
3956 3959 3966
3966 3959 3962
3965 3964 3967
3968 3965 3967
3956 3969 3964
3967 3964 3969
3956 3966 3969
3968 3967 3970
3967 3969 3970
3966 3971 3969
3970 3969 3971
3966 3962 3972
3966 3972 3971
3968 3970 3973
3973 3974 3968
3972 3962 3975
3963 3975 3962
3976 3971 3972
3972 3975 3976
3970 3971 3977
3973 3970 3977
3976 3978 3971
3978 3977 3971
3973 3979 3974
3974 3979 3980
3974 3980 3981
3979 3982 3980
3983 3979 3973
3973 3977 3983
3979 3984 3982
3983 3984 3979
3984 3985 3982
3977 3986 3983
3986 3984 3983
3978 3987 3977
3977 3987 3986
3988 3978 3976
3987 3978 3988
3984 3989 3985
3986 3989 3984
3986 3987 3990
3987 3988 3990
3985 3989 3991
3985 3991 3992
3989 3986 3993
3986 3990 3993
3989 3993 3991
3994 3992 3991
3994 3995 3992
3996 3994 3991
3996 3991 3993
3990 3996 3993
3990 3997 3996
3998 3997 3990
3998 3990 3988
3999 3998 3988
3999 3988 4000
3988 3976 4000
4001 3999 4000
4000 3976 3975
4001 4000 4002
4000 3975 4002
4003 4001 4002
4002 3975 3963
4003 4002 4004
4002 3963 4004
4004 3963 3961
4004 4005 4003
4004 3961 4006
4004 4006 4005
4007 4005 4006
4006 3961 3933
4006 3933 4007
4007 4008 4005
4007 3933 4009
4007 4010 4008
4007 4009 4011
4007 4012 4010
4007 4011 4012
4013 3912 4014
4014 4015 4016
4014 4016 4017
4018 4019 4020
4018 4021 4019
4022 4021 4018
4022 4023 4021
4021 4023 4024
4019 4021 4025
4021 4024 4025
4019 4025 4026
4024 4027 4025
4026 4025 4028
4027 4028 4025
4026 4028 4029
4027 4030 4028
4031 4032 4033
4031 4033 4034
4034 4035 4031
4036 4034 4033
4034 4037 4035
4038 4035 4037
4036 4039 4034
4037 4034 4039
4040 4039 4036
4040 4036 4041
4042 4040 4041
4042 4041 4043
4044 4042 4043
4044 4043 4045
4046 4044 4045
4046 4045 4047
4046 4047 4048
4046 4048 4049
4048 4050 4049
4049 4050 4051
4049 4051 4052
4044 4046 4053
4053 4046 4049
4054 4049 4052
4053 4049 4054
4054 4052 4055
4042 4044 4056
4044 4053 4056
4057 4053 4054
4057 4056 4053
4058 4054 4055
4057 4054 4058
4058 4055 4059
4058 4059 4060
4058 4060 4061
4057 4058 4061
4061 4060 4062
4061 4062 4063
4063 4062 4064
4057 4061 4065
4065 4061 4063
4063 4064 4066
4066 4064 4067
4057 4068 4056
4068 4057 4065
4065 4063 4069
4069 4063 4066
4066 4067 4070
4071 4070 4067
4071 4072 4070
4073 4070 4072
4073 4066 4070
4073 4072 4074
4073 4075 4066
4069 4066 4075
4076 4073 4074
4076 4075 4073
4076 4074 4077
4078 4069 4075
4076 4078 4075
4077 4079 4076
4078 4076 4079
4077 4080 4079
4078 4079 4081
4078 4082 4069
4082 4078 4081
4082 4065 4069
4082 4081 4083
4082 4084 4065
4068 4065 4084
4085 4082 4083
4084 4082 4085
4086 4084 4085
4085 4083 4087
4087 4086 4085
4086 4087 4088
4089 4068 4084
4089 4084 4086
4089 4056 4068
4086 4088 4090
4091 4090 4088
4089 4092 4056
4042 4056 4092
4040 4042 4092
4040 4092 4093
4089 4093 4092
4039 4040 4093
4094 4089 4086
4089 4094 4093
4039 4093 4095
4094 4095 4093
4037 4039 4095
4096 4037 4095
4038 4037 4096
4096 4095 4097
4094 4097 4095
4038 4096 4098
4098 4096 4097
4038 4098 4099
4094 4086 4100
4090 4100 4086
4101 4097 4094
4098 4097 4101
4101 4094 4100
4099 4098 4102
4102 4098 4101
4099 4102 4103
4102 4104 4103
4105 4101 4100
4105 4100 4090
4102 4101 4105
4102 4106 4104
4106 4102 4105
4106 4107 4104
4108 4105 4090
4091 4108 4090
4106 4105 4109
4108 4109 4105
4106 4110 4107
4110 4106 4109
4110 4111 4107
4110 4112 4111
4113 4112 4110
4110 4109 4114
4113 4110 4114
4114 4109 4108
4115 4113 4114
4116 4108 4091
4114 4108 4116
4115 4114 4116
4116 4091 4117
4116 4118 4115
4116 4117 4118
4119 4120 4121
4119 4122 4120
4120 4122 4123
4120 4123 4124
4125 4126 4127
4125 4128 4126
4128 4125 4129
4130 4126 4128
4130 4131 4126
4132 4131 4130
4132 4133 4131
4134 4133 4132
4134 4135 4133
4136 4135 4134
4136 4137 4135
4137 4136 4138
4137 4138 4139
4136 4140 4138
4136 4141 4140
4134 4141 4136
4141 4142 4140
4143 4134 4132
4134 4143 4141
4141 4144 4142
4144 4141 4143
4144 4145 4142
4146 4132 4130
4143 4132 4146
4144 4147 4145
4147 4148 4145
4144 4143 4149
4147 4144 4149
4146 4130 4150
4128 4150 4130
4128 4151 4150
4128 4129 4151
4152 4150 4151
4152 4146 4150
4129 4153 4151
4152 4151 4153
4129 4154 4153
4146 4155 4143
4155 4149 4143
4152 4156 4146
4146 4156 4155
4152 4157 4156
4153 4157 4152
4156 4157 4155
4154 4158 4153
4153 4158 4157
4154 4159 4158
4155 4160 4149
4157 4160 4155
4159 4161 4158
4159 4162 4161
4163 4157 4158
4157 4163 4160
4163 4158 4161
4160 4164 4149
4147 4149 4164
4162 4165 4161
4162 4166 4165
4167 4163 4161
4167 4161 4165
4168 4160 4163
4160 4168 4164
4168 4163 4167
4147 4164 4169
4168 4169 4164
4166 4170 4165
4166 4171 4170
4172 4170 4171
4173 4167 4165
4173 4165 4170
4174 4168 4167
4168 4174 4169
4174 4167 4173
4172 4175 4170
4175 4173 4170
4176 4175 4172
4175 4177 4173
4177 4174 4173
4176 4178 4175
4178 4177 4175
4179 4178 4176
4179 4176 4180
4179 4180 4181
4178 4182 4177
4179 4182 4178
4179 4181 4183
4183 4181 4184
4179 4185 4182
4185 4179 4183
4177 4182 4186
4186 4182 4185
4177 4187 4174
4177 4186 4187
4186 4188 4187
4186 4185 4189
4187 4188 4190
4190 4174 4187
4190 4169 4174
4169 4190 4191
4185 4192 4189
4193 4169 4191
4147 4169 4193
4193 4191 4194
4147 4193 4148
4194 4148 4193
4148 4194 4195
4148 4195 4196
4196 4195 4197
4196 4197 4198
4199 4198 4197
4199 4200 4198
4200 4201 4198
4185 4202 4192
4185 4183 4202
4192 4202 4203
4192 4203 4204
4202 4183 4205
4202 4205 4203
4183 4184 4205
4206 4205 4184
4203 4205 4206
4206 4184 4207
4208 4204 4203
4203 4206 4208
4209 4204 4208
4210 4206 4207
4210 4207 4211
4210 4212 4206
4206 4212 4208
4213 4209 4208
4214 4209 4213
4214 4215 4209
4213 4208 4216
4216 4208 4217
4218 4219 4216
4220 4219 4218
4220 4218 4221
4201 4220 4221
4201 4221 4222
4220 4201 4200
4200 4215 4220
4200 4223 4215
4224 4223 4200
4225 4226 4227
4225 4228 4226
4228 4225 4229
4228 4229 4230
4230 4229 4231
4232 4230 4231
4232 4231 4233
4234 4235 4236
4234 4237 4235
4238 4237 4234
4238 4239 4237
4240 4239 4238
4240 4241 4239
4242 4241 4240
4242 4240 4243
4242 4243 4244
4242 4244 4245
4246 4245 4244
4246 4247 4245
4248 4247 4246
4248 4249 4247
4250 4251 4252
4250 4253 4251
4253 4254 4251
4253 4255 4254
4255 4256 4254
4255 4257 4256
4258 4259 4260
4258 4260 4261
4260 4262 4261
4263 4261 4262
4260 4264 4262
4265 4262 4264
4265 4266 4262
4266 4263 4262
4266 4267 4263
4268 4263 4267
4268 4269 4263
4263 4269 4270
4263 4270 4271
4263 4271 4261
4272 4271 4270
4272 4273 4271
4261 4271 4273
4261 4273 4274
4275 4276 4277
4278 4276 4275
4278 4279 4276
4280 4279 4278
4280 4281 4279
4280 4282 4281
4280 4283 4282
4283 4284 4282
4283 4285 4284
4286 4284 4285
4287 4288 4289
4287 4290 4288
4290 4287 4291
4290 4292 4288
4290 4291 4293
4294 4290 4293
4291 4295 4293
4294 4293 4295
4290 4296 4292
4294 4296 4290
4292 4296 4297
4297 4296 4294
4292 4297 4298
4297 4299 4298
4299 4297 4300
4297 4294 4300
4294 4295 4301
4301 4295 4302
4301 4302 4303
4304 4299 4300
4304 4301 4303
4305 4299 4304
4304 4303 4306
4305 4304 4306
4294 4301 4307
4300 4294 4307
4304 4300 4307
4304 4307 4301
4308 4309 4310
4308 4310 4311
4311 4310 4312
4311 4312 4313
4311 4313 4314
4315 4308 4311
4315 4311 4314
4315 4316 4308
4317 4316 4315
4315 4314 4318
4317 4315 4318
4317 4318 4319
4319 4320 4317
4319 4321 4320
4322 4317 4320
4322 4323 4317
4324 4323 4322
4324 4325 4323
4326 4323 4325
4327 4317 4323
4326 4327 4323
4327 4328 4317
4327 4326 4329
4328 4327 4330
4327 4329 4330
4328 4330 4331
4330 4332 4331
4329 4333 4330
4330 4333 4332
4329 4334 4333
4333 4335 4332
4336 4333 4334
4333 4337 4335
4336 4337 4333
4337 4338 4335
4339 4337 4336
4337 4340 4338
4339 4340 4337
4341 4342 4343
4341 4343 4344
4345 4346 4343
4345 4343 4347
4348 4349 4344
4348 4350 4349
4350 4348 4351
4352 4353 4354
4352 4354 4355
4356 4357 4358
4356 4358 4359
4360 4361 4362
4360 4362 4363
4364 4365 4366
4364 4366 4367
4368 4369 4370
4368 4370 4371
4370 4372 4371
4370 4373 4372
4374 4375 4376
4374 4376 4377
4378 4379 4380
4381 4378 4380
4381 4380 4382
4381 4382 4383
4381 4383 4384
4385 4384 4383
4385 4383 4386
4387 4385 4386
4387 4386 4388
4389 4387 4388
4389 4390 4387
4389 4391 4390
4389 4392 4391
4391 4392 4393
4391 4393 4394
4395 4396 4397
4395 4397 4398
4399 4400 4401
4399 4401 4402
4403 4404 4405
4403 4405 4406
4407 4408 4409
4407 4409 4410
4411 4412 4413
4411 4413 4414
4415 4416 4417
4415 4417 4418
4419 4420 4421
4419 4421 4422
4423 4424 4425
4423 4425 4426
4427 4428 4429
4427 4429 4430
4431 4432 4433
4431 4434 4432
4432 4434 4435
4436 4435 4434
4432 4435 4437
4438 4437 4435
4438 4435 4439
4439 4435 4436
4439 4436 4440
4441 4440 4436
4441 4436 4442
4436 4443 4442
4436 4444 4443
4436 4434 4444
4445 4443 4444
4445 4444 4446
4434 4446 4444
4434 4447 4446
4448 4449 4450
4451 4448 4450
4451 4450 4452
4453 4451 4452
4453 4452 4454
4453 4454 4455
4453 4455 4456
4456 4455 4457
4456 4457 4458
4459 4458 4457
4460 4461 4462
4460 4462 4463
4463 4464 4460
4463 4462 4465
4463 4466 4464
4464 4466 4467
4468 4466 4463
4468 4467 4466
4463 4465 4469
4468 4463 4469
4465 4470 4469
4465 4471 4470
4471 4472 4470
4473 4469 4470
4472 4473 4470
4473 4468 4469
4468 4474 4467
4474 4475 4467
4474 4476 4475
4477 4473 4472
4477 4476 4474
4478 4477 4472
4477 4479 4476
4478 4479 4477
4480 4468 4473
4480 4474 4468
4477 4474 4480
4477 4480 4473
4481 4482 4483
4481 4484 4482
4484 4485 4482
4484 4486 4485
4484 4487 4486
4488 4484 4481
4488 4487 4484
4488 4481 4489
4490 4488 4489
4488 4491 4487
4490 4491 4488
4490 4492 4491
4492 4490 4493
4492 4493 4494
4495 4493 4490
4495 4490 4496
4497 4495 4496
4497 4496 4498
4499 4498 4496
4500 4496 4490
4499 4496 4500
4500 4490 4501
4500 4502 4499
4501 4503 4500
4500 4503 4502
4501 4504 4503
4503 4504 4505
4502 4503 4506
4503 4505 4506
4502 4506 4507
4506 4505 4508
4507 4506 4509
4506 4508 4509
4509 4508 4510
4507 4509 4511
4509 4510 4512
4511 4509 4512
4511 4512 4513
4514 4515 4516
4514 4516 4517
4518 4519 4520
4518 4520 4521
4522 4523 4524
4522 4524 4525
4526 4527 4528
4526 4528 4529
4530 4531 4532
4530 4533 4531
4531 4533 4534
4531 4534 4535
4536 4537 4538
4536 4538 4539
4540 4541 4542
4543 4541 4540
4543 4544 4541
4543 4545 4544
4543 4546 4545
4547 4545 4546
4547 4548 4545
4549 4548 4547
4549 4547 4550
4551 4549 4550
4551 4550 4552
4552 4553 4551
4552 4554 4553
4554 4555 4553
4554 4556 4555
4557 4558 4559
4557 4559 4560
4561 4562 4563
4561 4563 4564
4565 4566 4567
4565 4567 4568
4569 4570 4571
4569 4571 4572
4573 4574 4575
4573 4575 4576
4577 4578 4579
4577 4579 4580
4581 4582 4583
4581 4583 4584
4585 4586 4587
4585 4587 4588
4589 4590 4591
4589 4591 4592
4593 4589 4592
4593 4592 4594
4595 4593 4594
4596 4597 4598
4598 4597 4599
4598 4599 4600
4600 4599 4601
4600 4601 4602
4603 4604 4605
4603 4605 4606
4607 4608 4609
4607 4609 4610
4610 4609 4611
4610 4611 4612
4612 4611 4613
4612 4613 4614
4614 4613 4615
4614 4615 4616
4615 4617 4616
4615 4618 4617
4618 4619 4617
4618 4620 4619
4621 4619 4620
4621 4620 4622
4623 4621 4622
4623 4624 4621
4625 4624 4623
4625 4623 4626
4627 4625 4626
4627 4628 4625
4627 4629 4628
4627 4630 4629
4631 4629 4630
4631 4632 4629
4631 4633 4632
4634 4635 4636
4637 4635 4634
4637 4638 4635
4639 4638 4637
4639 4640 4638
4641 4640 4639
4641 4642 4640
4642 4641 4643
4644 4645 4646
4644 4646 4647
4648 4644 4647
4648 4647 4649
4650 4648 4649
4650 4649 4651
4652 4650 4651
4652 4651 4653
4654 4652 4653
4654 4655 4652
4656 4655 4654
4656 4657 4655
4657 4656 4658
4657 4658 4659
4658 4660 4659
4658 4661 4660
4660 4661 4662
4660 4662 4663
4662 4664 4663
4662 4665 4664
4666 4664 4665
4666 4667 4664
4666 4668 4667
4666 4669 4668
4670 4671 4669
4670 4672 4671
4670 4673 4672
4670 4674 4673
4674 4675 4673
4674 4676 4675
4676 4677 4675
4676 4678 4677
4677 4678 4679
4680 4681 4682
4680 4682 4683
4684 4685 4686
4684 4686 4687
4688 4689 4690
4688 4690 4691
4691 4692 4693
4691 4693 4694
4695 4696 4697
4695 4697 4698
4699 4700 4701
4699 4701 4702
4702 4701 4703
4702 4703 4704
4704 4703 4705
4704 4705 4706
4706 4705 4707
4706 4707 4708
4708 4707 4709
4708 4709 4710
4711 4712 4713
4711 4713 4714
4715 4713 4716
4715 4716 4717
4718 4719 4720
4718 4720 4721
4722 4723 4724
4722 4724 4725
4726 4727 4728
4726 4728 4729
4730 4731 4732
4730 4732 4733
4734 4735 4736
4734 4736 4737
4738 4739 4740
4738 4740 4741
4742 4743 4744
4742 4744 4745
4746 4747 4748
4746 4748 4749
4750 4751 4752
4750 4752 4753
4754 4755 4756
4754 4756 4757
4758 4759 4760
4758 4760 4761
4762 4763 4764
4762 4764 4765
4766 4767 4768
4766 4768 4769
4770 4771 4772
4770 4772 4773
4773 4772 4774
4773 4774 4775
4775 4774 4776
4775 4776 4777
4777 4776 4778
4777 4778 4779
4779 4778 4780
4779 4780 4781
4781 4780 4782
4781 4782 4783
4784 4785 4786
4784 4786 4787
4788 4789 4790
4788 4790 4791
4792 4793 4794
4792 4794 4795
4796 4797 4798
4796 4799 4797
4799 4800 4797
4799 4801 4800
4801 4802 4800
4801 4803 4802
4803 4804 4802
4803 4805 4804
4804 4805 4806
4804 4806 4807
4807 4806 4808
4807 4808 4809
4810 4809 4808
4810 4811 4809
4812 4811 4810
4812 4810 4813
4814 4812 4813
4814 4815 4812
4816 4815 4814
4816 4814 4817
4816 4817 4818
4816 4818 4819
4820 4819 4818
4820 4818 4821
4820 4821 4822
4823 4824 4825
4826 4823 4825
4826 4825 4827
4828 4826 4827
4828 4827 4829
4830 4828 4829
4830 4829 4831
4831 4832 4830
4833 4834 4835
4833 4836 4834
4837 4836 4833
4837 4838 4836
4839 4838 4837
4839 4840 4838
4841 4840 4839
4841 4842 4840
4843 4842 4841
4843 4841 4844
4845 4843 4844
4845 4844 4846
4846 4847 4845
4846 4848 4847
4847 4848 4849
4847 4849 4850
4849 4851 4850
4849 4852 4851
4851 4852 4853
4851 4853 4854
4855 4854 4853
4855 4853 4856
4855 4856 4857
4855 4857 4858
4859 4858 4860
4859 4860 4861
4859 4861 4862
4859 4862 4863
4863 4862 4864
4863 4864 4865
4865 4864 4866
4865 4866 4867
4866 4868 4867
4869 4870 4871
4869 4871 4872
4873 4874 4872
4873 4872 4875
4876 4877 4878
4876 4878 4879
4880 4881 4882
4880 4883 4881
4883 4884 4885
4883 4885 4886
4887 4888 4889
4887 4889 4890
4891 4892 4893
4891 4894 4892
4894 4895 4892
4894 4896 4895
4896 4897 4895
4896 4898 4897
4898 4899 4897
4898 4900 4899
4900 4901 4899
4900 4902 4901
4903 4904 4905
4903 4905 4906
4907 4908 4905
4907 4909 4908
4910 4911 4912
4910 4912 4913
4914 4915 4916
4914 4916 4917
4918 4919 4920
4918 4920 4921
4922 4923 4924
4922 4924 4925
4926 4927 4928
4926 4928 4929
4930 4931 4932
4930 4932 4933
4934 4935 4936
4934 4936 4937
4938 4939 4940
4938 4940 4941
4942 4943 4944
4942 4944 4945
4946 4947 4948
4946 4948 4949
4950 4951 4952
4950 4952 4953
4954 4955 4956
4954 4956 4957
4958 4959 4960
4958 4960 4961
4962 4963 4964
4962 4965 4963
4965 4966 4963
4965 4967 4966
4967 4968 4966
4967 4969 4968
4969 4970 4968
4969 4971 4970
4971 4972 4970
4971 4973 4972
4973 4974 4972
4973 4975 4974
4976 4977 4978
4976 4978 4979
4980 4981 4982
4980 4982 4983
4984 4985 4986
4984 4986 4987
4984 4987 4988
4989 4984 4988
4988 4987 4990
4989 4988 4991
4989 4991 4992
4993 4989 4992
4988 4990 4994
4988 4995 4991
4988 4994 4995
4990 4996 4994
4990 4997 4996
4994 4998 4995
4994 4996 4998
4999 4991 4995
4999 4995 4998
4997 5000 4996
4997 5001 5000
4996 5002 4998
4999 4998 5002
4996 5000 5002
5003 5000 5001
5003 5001 5004
5000 5003 5005
5000 5005 5006
5000 5006 5002
5007 5002 5006
5007 4999 5002
4999 5007 5008
4991 4999 5009
5009 4999 5008
5010 5009 5008
5011 5009 5010
4991 5009 4992
5011 4992 5009
5011 5010 5012
5013 5011 5012
5011 5013 5014
5011 5015 4992
4993 4992 5015
5011 5014 5016
5016 5015 5011
5016 5014 5017
4993 5015 5018
5016 5018 5015
4993 5018 5019
5016 5017 5020
5020 5018 5016
5021 5020 5017
5022 5020 5021
5022 5021 5023
5024 5022 5023
5022 5024 5025
5020 5026 5018
5019 5018 5026
5022 5026 5020
5027 5019 5026
5022 5027 5026
5027 5028 5019
5029 5028 5027
5029 5027 5030
5030 5027 5022
5031 5029 5030
5022 5025 5032
5030 5022 5032
5033 5032 5025
5031 5030 5034
5034 5030 5032
5035 5031 5034
5036 5032 5033
5034 5032 5036
5036 5033 5037
5038 5036 5037
5035 5034 5039
5039 5034 5036
5039 5040 5035
5041 5036 5038
5039 5036 5041
5041 5038 5042
5043 5041 5042
5041 5044 5039
5039 5044 5040
5045 5041 5043
5041 5045 5044
5045 5043 5046
5047 5045 5046
5044 5045 5048
5047 5048 5045
5040 5044 5049
5049 5044 5048
5050 5048 5047
5049 5048 5050
5050 5047 5051
5052 5050 5051
5053 5040 5049
5054 5040 5053
5053 5049 5055
5055 5049 5050
5055 5050 5056
5056 5050 5052
5056 5052 5057
5058 5059 5060
5058 5060 5061
5062 5063 5064
5062 5064 5065
5066 5067 5068
5066 5068 5069
5070 5071 5072
5070 5072 5073
5074 5075 5076
5074 5076 5077
5078 5079 5080
5078 5080 5081
5082 5083 5084
5082 5084 5085
5086 5087 5088
5086 5088 5089
5090 5091 5092
5090 5092 5093
5094 5095 5096
5094 5096 5097
5098 5099 5100
5098 5100 5101
5102 5103 5104
5102 5104 5105
5106 5107 5108
5106 5108 5109
5110 5111 5112
5110 5112 5113
5114 5115 5116
5114 5116 5117
5118 5119 5120
5118 5120 5121
5122 5123 5124
5122 5124 5125
5126 5127 5128
5126 5128 5129
5130 5131 5132
5130 5132 5133
5134 5135 5136
5134 5136 5137
5138 5139 5140
5138 5140 5141
5142 5143 5144
5142 5144 5145
5146 5147 5148
5146 5148 5149
5150 5151 5152
5150 5152 5153
5154 5155 5156
5154 5156 5157
5158 5159 5160
5158 5160 5161
5162 5163 5164
5162 5164 5165
5166 5167 5168
5166 5168 5169
5170 5171 5172
5170 5172 5173
5174 5175 5176
5174 5176 5177
5178 5179 5180
5178 5180 5181
5182 5183 5184
5182 5184 5185
5186 5187 5188
5186 5189 5187
5186 5190 5189
5191 5190 5186
5190 5192 5189
5191 5193 5190
5191 5194 5193
5195 5194 5191
5190 5196 5192
5190 5193 5197
5190 5197 5196
5192 5196 5198
5192 5198 5199
5196 5197 5200
5196 5200 5198
5201 5197 5193
5201 5200 5197
5199 5198 5202
5199 5202 5203
5198 5200 5204
5201 5204 5200
5198 5204 5202
5205 5203 5202
5205 5206 5203
5202 5207 5205
5202 5208 5207
5202 5204 5208
5209 5208 5204
5209 5204 5201
5201 5210 5209
5193 5211 5201
5211 5210 5201
5212 5210 5211
5213 5212 5211
5193 5194 5211
5213 5211 5194
5213 5214 5212
5215 5214 5213
5213 5216 5215
5213 5194 5217
5195 5217 5194
5213 5218 5216
5218 5213 5217
5218 5219 5216
5195 5220 5217
5218 5217 5220
5195 5221 5220
5218 5222 5219
5222 5218 5220
5223 5219 5222
5224 5223 5222
5224 5225 5223
5226 5225 5224
5224 5227 5226
5222 5220 5228
5221 5228 5220
5224 5222 5228
5229 5228 5221
5224 5228 5229
5229 5221 5230
5231 5229 5230
5231 5232 5229
5232 5224 5229
5233 5232 5231
5224 5234 5227
5232 5234 5224
5235 5227 5234
5233 5236 5232
5236 5234 5232
5237 5236 5233
5238 5235 5234
5236 5238 5234
5238 5239 5235
5240 5239 5238
5237 5241 5236
5241 5238 5236
5241 5237 5242
5243 5240 5238
5241 5243 5238
5243 5244 5240
5245 5244 5243
5243 5241 5246
5241 5242 5246
5247 5245 5243
5243 5246 5247
5247 5248 5245
5249 5248 5247
5246 5250 5247
5249 5247 5250
5242 5251 5246
5251 5250 5246
5252 5249 5250
5251 5252 5250
5252 5253 5249
5254 5253 5252
5255 5251 5242
5256 5255 5242
5255 5257 5251
5257 5252 5251
5257 5258 5252
5258 5254 5252
5258 5259 5254
5260 5261 5262
5260 5262 5263
5264 5265 5266
5264 5266 5267
5268 5269 5270
5268 5270 5271
5272 5273 5274
5272 5274 5275
5276 5277 5278
5276 5278 5279
5280 5281 5282
5280 5282 5283
5284 5285 5286
5284 5286 5287
5288 5289 5290
5288 5290 5291
5292 5293 5294
5292 5294 5295
5296 5297 5298
5296 5298 5299
5300 5301 5302
5300 5302 5303
5304 5305 5306
5304 5306 5307
5308 5309 5310
5308 5310 5311
5312 5313 5314
5312 5314 5315
5316 5317 5318
5316 5318 5319
5320 5321 5322
5320 5322 5323
5324 5325 5326
5324 5326 5327
5328 5329 5330
5328 5330 5331
5332 5333 5334
5332 5334 5335
5336 5337 5338
5336 5338 5339
5340 5341 5342
5340 5342 5343
5344 5345 5346
5344 5346 5347
5348 5349 5350
5348 5350 5351
5352 5353 5354
5352 5354 5355
5356 5357 5358
5356 5358 5359
5360 5361 5362
5360 5362 5363
5364 5365 5366
5364 5366 5367
5368 5369 5370
5368 5370 5371
5372 5373 5374
5372 5374 5375
5376 5377 5378
5376 5378 5379
5380 5381 5382
5380 5382 5383
5384 5385 5386
5384 5386 5387
5388 5389 5390
5391 5390 5389
5392 5390 5391
5390 5392 5393
5390 5393 5394
5388 5390 5394
5394 5393 5395
5388 5394 5396
5394 5395 5396
5388 5396 5397
5396 5398 5397
5396 5399 5398
5395 5399 5396
5398 5399 5400
5400 5399 5401
5402 5401 5399
5402 5399 5403
5395 5403 5399
5404 5402 5403
5395 5405 5403
5404 5403 5405
5395 5406 5405
5407 5404 5405
5406 5408 5405
5407 5405 5408
5406 5409 5408
5407 5408 5410
5408 5409 5410
5411 5412 5413
5414 5413 5412
5415 5414 5412
5412 5416 5415
5412 5417 5416
5411 5417 5412
5417 5418 5416
5411 5419 5417
5417 5419 5418
5411 5420 5419
5419 5420 5421
5419 5421 5422
5418 5419 5422
5421 5423 5422
5423 5424 5422
5425 5422 5424
5425 5426 5422
5418 5422 5426
5427 5426 5425
5418 5426 5428
5427 5428 5426
5418 5428 5429
5430 5428 5427
5429 5428 5431
5430 5431 5428
5429 5431 5432
5430 5433 5431
5431 5433 5432
