byte offset: 0
first index: 0
index count: 12504
topology: trianglelist
format: DXGI_FORMAT_R16_UINT

0 1 2
3 0 4
3 5 0
5 3 6
5 6 7
8 7 6
8 9 7
9 8 10
9 10 11
12 11 10
12 10 13
14 12 13
14 13 15
16 14 15
17 18 19
20 21 19
22 21 20
23 22 20
24 23 20
25 23 24
26 22 23
22 26 27
22 27 28
28 29 22
28 30 29
30 31 29
30 32 31
32 33 31
32 34 33
34 35 33
34 36 35
37 35 36
30 28 38
30 38 39
39 32 30
39 40 32
34 32 40
34 40 41
36 34 41
36 41 42
43 36 42
43 37 36
44 38 28
37 43 45
44 28 27
37 45 46
46 45 47
46 47 48
27 49 44
49 27 26
50 37 46
37 50 51
50 46 52
53 52 46
53 46 48
53 48 54
53 54 55
55 54 56
55 56 57
58 55 57
57 56 59
58 57 60
61 58 60
57 59 62
60 57 62
62 59 63
61 60 64
65 61 64
60 62 66
64 60 66
62 63 67
66 62 67
68 67 63
65 64 69
69 70 65
64 66 71
69 64 71
68 72 67
72 68 73
66 67 74
71 66 74
74 67 72
69 75 70
75 76 70
72 73 77
77 73 78
69 71 79
75 69 79
74 72 80
77 80 72
71 74 81
79 71 81
81 74 80
75 82 76
83 76 82
75 79 84
84 82 75
79 81 85
84 79 85
81 80 86
85 81 86
83 82 87
88 83 87
84 89 82
89 87 82
84 85 90
90 89 84
88 87 91
92 88 91
89 93 87
93 91 87
94 86 80
77 94 80
85 86 95
90 85 95
90 96 89
93 89 96
94 97 86
97 95 86
98 94 77
98 97 94
90 95 99
96 90 99
97 100 95
99 95 100
98 77 101
77 78 101
101 78 102
101 102 103
103 102 104
105 101 103
105 98 101
103 104 106
106 105 103
106 104 107
98 108 97
108 100 97
109 98 105
109 108 98
106 107 110
110 107 111
106 112 105
112 109 105
110 112 106
108 113 100
114 108 109
114 113 108
112 115 109
115 114 109
110 116 112
116 115 112
110 111 117
117 116 110
100 113 118
99 100 118
111 119 117
111 120 119
120 121 119
120 122 121
123 117 119
123 119 121
123 124 117
117 124 116
123 121 125
126 125 121
127 121 122
126 121 127
127 122 128
129 126 127
130 127 128
129 127 130
130 128 131
132 129 130
133 130 131
132 130 133
133 131 134
135 132 133
134 136 133
135 133 136
134 137 136
138 135 136
139 136 137
138 136 139
139 137 140
141 138 139
139 140 142
141 139 143
139 142 143
144 141 143
145 143 142
144 143 145
145 142 146
147 144 145
146 148 145
147 145 148
146 149 148
44 148 149
44 49 148
49 147 148
49 150 147
150 49 26
151 150 26
151 152 150
151 26 153
26 23 153
151 154 152
154 155 152
154 156 155
156 157 155
151 158 154
156 154 158
153 159 151
151 159 158
160 159 153
160 158 159
161 153 23
153 162 160
153 161 162
161 23 163
25 163 23
156 164 157
156 158 165
164 156 165
164 166 157
166 167 157
166 168 167
160 169 158
165 158 169
164 165 170
166 164 170
166 171 168
171 172 168
165 169 173
170 165 173
166 170 174
171 166 174
171 175 172
175 176 172
170 173 177
177 174 170
171 174 178
178 175 171
175 179 176
179 180 176
177 181 174
178 174 181
182 177 173
182 181 177
178 183 175
183 179 175
179 184 180
184 185 180
178 181 186
183 178 186
183 187 179
187 184 179
184 188 185
188 189 185
182 173 190
169 190 173
182 191 181
186 181 191
183 186 192
192 187 183
187 193 184
188 184 193
188 194 189
194 124 189
186 191 195
192 186 195
192 196 187
193 187 196
188 193 197
197 194 188
192 195 198
198 196 192
193 196 199
197 193 199
198 200 196
200 199 196
194 201 124
197 202 194
201 194 202
197 199 203
202 197 203
200 204 199
203 199 204
205 124 201
205 116 124
116 205 115
205 206 115
115 206 114
201 207 205
205 207 206
201 202 208
201 208 207
202 203 209
208 202 209
203 204 210
210 209 203
200 211 204
212 210 204
212 204 211
200 213 211
213 200 198
213 198 214
195 214 198
195 215 214
191 215 195
191 216 215
216 191 182
216 182 217
190 217 182
218 211 213
219 213 214
218 213 219
220 214 215
219 214 220
216 221 215
220 215 221
222 216 217
216 222 221
211 218 223
211 223 212
190 224 217
222 217 225
224 225 217
226 224 190
169 226 190
169 227 226
169 160 227
160 228 227
160 162 228
222 229 221
230 222 225
222 230 229
221 229 231
221 231 220
220 231 232
220 232 219
219 232 233
219 233 218
218 233 234
218 234 223
229 235 231
231 236 232
231 235 236
232 237 233
232 236 237
229 238 235
238 229 230
233 237 239
233 239 234
236 235 240
240 235 238
241 240 238
242 237 236
239 237 242
240 242 236
238 230 243
241 238 243
243 230 244
230 225 244
241 243 245
243 244 245
246 244 225
224 246 225
247 245 244
246 247 244
248 246 224
226 248 224
248 249 246
249 247 246
250 248 226
249 248 250
250 226 227
227 251 250
227 228 251
249 250 252
251 252 250
249 253 247
253 249 252
247 254 245
254 247 253
255 245 254
255 241 245
253 252 256
254 253 257
256 257 253
251 258 252
256 252 258
254 259 255
254 257 259
260 251 228
261 258 251
261 251 260
256 258 262
262 258 261
256 263 257
262 263 256
257 264 259
257 263 264
260 228 265
265 228 162
265 162 266
266 162 161
260 265 267
266 267 265
266 161 268
268 161 163
261 260 269
260 267 269
270 266 268
266 270 267
259 264 271
259 271 272
272 255 259
272 273 255
273 241 255
273 274 241
275 241 274
275 240 241
240 275 276
264 277 271
240 276 242
264 278 277
278 264 263
279 277 278
276 280 242
276 281 280
239 242 280
278 263 282
262 282 263
279 278 283
282 283 278
284 282 262
262 261 284
285 280 281
285 281 286
287 239 280
234 239 287
287 280 288
280 285 288
234 287 289
289 287 288
223 234 289
223 289 290
212 223 290
289 288 291
290 289 291
212 290 292
292 210 212
286 293 285
286 294 293
295 288 285
291 288 295
296 285 293
296 295 285
297 296 293
290 291 298
292 290 298
291 295 299
299 295 296
299 298 291
297 300 296
299 296 300
297 301 300
299 302 298
302 299 300
301 303 300
302 300 303
301 304 303
292 298 305
305 298 302
306 303 304
306 304 307
303 308 302
305 302 308
303 306 308
305 309 292
292 309 210
210 309 209
305 310 309
308 310 305
310 209 309
307 311 306
307 312 311
306 313 308
308 313 310
306 311 313
310 314 209
208 209 314
310 313 315
311 315 313
310 315 314
312 316 311
311 316 315
312 317 316
316 317 318
316 318 319
319 315 316
320 319 318
208 314 321
208 321 207
314 315 322
319 322 315
314 322 321
320 323 319
323 322 319
207 321 324
207 324 206
325 321 322
323 325 322
325 324 321
320 326 323
325 323 326
320 327 326
328 206 324
328 114 206
324 325 329
325 326 329
324 329 328
327 330 326
329 326 330
327 331 330
332 114 328
332 113 114
328 329 333
329 330 333
328 333 332
334 330 331
333 330 334
334 331 335
336 334 335
113 332 337
113 337 118
338 332 333
333 334 338
338 337 332
339 334 336
339 338 334
339 336 340
341 337 338
341 338 339
342 339 340
342 341 339
343 342 340
344 118 337
341 344 337
345 342 343
346 345 343
347 341 342
341 347 344
342 345 347
344 348 118
99 118 348
347 349 344
348 344 349
347 345 350
350 349 347
351 345 346
351 350 345
351 346 352
352 346 353
353 354 352
355 350 351
351 352 355
352 354 356
354 357 356
352 356 358
355 352 358
357 359 356
358 356 359
357 360 359
350 355 361
361 349 350
362 355 358
355 362 361
363 349 361
363 361 362
364 362 358
358 359 364
365 359 360
366 365 360
365 366 367
364 368 362
368 363 362
363 368 369
359 370 364
370 368 364
365 370 359
368 370 369
363 371 349
348 349 371
365 367 372
372 367 373
370 365 374
369 370 374
374 365 372
375 371 363
363 369 375
348 371 376
375 376 371
348 376 377
99 348 377
96 99 377
378 96 377
378 377 376
93 96 378
376 375 379
376 379 378
378 380 93
378 379 380
93 380 91
375 381 379
375 369 381
379 382 380
379 381 382
383 91 380
383 380 382
92 91 383
384 92 383
385 92 384
386 385 384
386 387 385
387 386 388
387 388 389
389 388 390
389 390 391
391 390 392
391 392 393
388 394 390
394 392 390
386 395 388
388 395 394
384 396 386
386 396 395
384 383 397
384 397 396
383 398 397
396 397 398
383 382 398
399 393 392
399 400 393
399 401 400
396 398 402
402 395 396
398 382 403
403 402 398
404 403 382
404 382 381
403 405 402
404 405 403
402 406 395
406 402 405
407 404 381
369 407 381
404 408 405
407 408 404
369 409 407
374 409 369
410 395 406
410 394 395
410 406 411
410 412 394
406 413 411
406 405 414
406 414 413
408 414 405
414 415 413
412 416 394
412 417 416
394 416 392
418 416 417
399 392 416
414 419 415
408 419 414
419 420 415
418 421 416
399 416 421
422 421 418
423 419 408
407 423 408
423 407 409
419 424 420
423 424 419
424 425 420
426 399 421
399 426 401
422 427 421
426 421 427
427 422 428
423 409 429
429 424 423
424 430 425
429 430 424
430 431 425
432 429 409
374 432 409
372 432 374
430 429 433
432 433 429
430 434 431
434 435 431
372 436 432
372 373 436
437 432 436
373 437 436
437 433 432
373 438 437
430 433 439
434 430 439
439 433 437
434 440 435
440 434 439
441 435 440
441 440 442
443 437 438
439 437 443
440 439 443
443 442 440
443 438 444
443 444 442
445 446 447
448 449 445
448 445 450
450 451 448
450 452 451
453 451 452
453 452 454
454 455 453
454 456 455
457 455 456
457 458 455
459 458 457
459 460 458
461 460 459
462 463 464
465 466 467
468 466 465
468 469 466
470 466 469
471 466 470
468 465 472
473 469 468
472 473 468
472 465 474
465 475 474
476 470 469
473 476 469
477 472 474
472 477 473
471 470 478
476 479 470
479 478 470
478 480 471
481 471 480
479 482 478
480 478 482
474 475 483
477 474 484
483 484 474
473 477 485
484 485 477
476 473 486
473 485 486
487 483 475
487 475 488
483 489 484
489 483 487
484 490 485
490 484 489
476 486 491
491 479 476
486 485 492
492 485 490
491 486 493
486 492 493
493 492 494
492 490 495
495 494 492
490 489 496
495 490 496
495 497 494
495 496 498
497 499 494
496 489 500
489 487 500
501 498 496
496 500 501
501 502 498
500 487 503
503 487 488
504 501 500
500 503 504
505 502 501
504 505 501
505 506 502
503 488 507
507 504 503
507 488 508
509 505 504
507 509 504
510 506 505
509 510 505
510 511 506
512 507 508
509 507 512
512 508 513
514 510 509
509 512 514
515 511 510
514 515 510
515 516 511
515 517 516
513 518 512
514 512 518
514 519 515
515 519 517
514 520 519
514 518 520
517 519 521
520 521 519
517 521 522
518 513 523
524 523 513
525 520 518
518 523 525
522 521 526
522 526 527
520 528 521
525 528 520
526 521 528
524 529 523
529 524 530
529 530 531
532 529 531
525 523 533
529 533 523
534 528 525
525 533 534
532 535 529
529 535 533
536 535 532
536 532 537
538 536 537
539 533 535
534 533 539
539 535 536
534 540 528
526 528 540
534 539 541
540 534 541
542 539 536
541 539 542
538 543 536
542 536 543
526 540 544
540 541 544
545 543 538
545 538 546
542 547 541
544 541 547
542 543 548
545 548 543
548 547 542
526 544 549
549 527 526
549 550 527
545 551 548
551 547 548
545 546 552
551 545 552
544 547 553
553 549 544
550 549 554
553 554 549
550 554 555
552 546 556
557 556 546
551 558 547
558 553 547
551 552 559
556 559 552
559 558 551
560 554 553
558 560 553
555 554 561
560 561 554
555 561 562
559 563 558
560 558 563
564 561 560
560 563 564
562 561 565
564 565 561
562 565 566
567 563 559
556 567 559
564 563 568
567 568 563
569 565 564
564 568 569
566 565 570
569 570 565
566 570 571
567 572 568
567 556 572
572 569 568
573 570 569
572 573 569
574 571 570
573 574 570
574 575 571
556 576 572
557 576 556
577 576 557
573 572 578
572 576 579
577 580 576
576 580 579
580 577 581
579 580 582
573 578 583
583 574 573
583 578 582
575 574 584
583 584 574
575 584 585
580 581 586
581 587 586
582 580 588
588 580 586
586 589 588
583 582 590
590 584 583
590 582 591
585 584 592
590 592 584
590 591 593
593 591 589
593 592 590
594 586 587
586 594 589
585 592 595
595 596 585
593 589 597
597 589 594
593 598 592
595 592 598
597 598 593
599 594 587
587 600 599
599 600 601
597 594 602
599 602 594
597 603 598
602 603 597
595 598 604
604 598 603
595 605 596
604 605 595
606 599 601
599 606 602
602 607 603
607 602 606
601 608 606
607 606 608
601 609 608
596 605 610
596 610 611
612 611 610
604 603 613
607 613 603
614 605 604
605 614 610
614 604 613
609 615 608
609 616 615
608 617 607
617 613 607
608 615 617
612 610 618
619 612 618
610 614 620
618 610 620
616 621 615
616 622 621
621 622 623
624 617 615
613 617 624
624 615 621
625 614 613
620 614 625
613 624 625
621 623 626
626 624 621
627 625 624
627 620 625
626 627 624
628 626 623
627 626 628
628 623 629
630 620 627
627 628 630
618 620 630
629 631 628
629 632 631
631 632 633
628 634 630
634 618 630
628 631 634
631 633 635
634 631 635
634 636 618
619 618 636
633 637 635
633 638 637
634 635 639
636 634 639
640 637 638
640 638 641
640 641 642
640 642 643
635 637 644
640 644 637
635 644 639
645 640 643
640 645 644
645 643 646
645 646 647
648 644 645
639 644 648
645 647 648
636 639 649
639 648 649
650 648 647
649 648 650
650 647 651
652 636 649
649 650 652
652 619 636
651 653 650
652 650 653
651 654 653
655 619 652
652 653 655
655 656 619
655 657 656
654 658 653
655 653 658
654 659 658
660 658 659
655 661 657
655 658 661
662 657 661
660 663 658
663 661 658
664 663 660
662 661 665
663 665 661
666 662 665
666 665 667
667 665 663
668 666 667
664 669 663
667 663 669
668 667 670
670 667 669
670 671 668
670 672 671
671 672 673
664 674 669
664 675 674
674 675 676
670 669 677
672 670 677
674 676 678
678 676 679
680 669 674
680 677 669
674 678 681
674 681 680
678 679 682
682 679 683
678 684 681
678 682 684
682 683 685
685 683 686
687 684 682
687 682 685
685 686 688
688 686 689
690 687 685
690 685 688
688 689 691
691 689 692
691 692 693
694 693 692
694 695 693
691 696 688
693 696 691
697 693 695
693 697 696
697 695 698
697 698 699
697 699 700
696 697 700
701 700 699
688 696 702
688 702 690
696 700 702
690 702 703
700 703 702
701 704 700
700 704 703
705 704 701
705 703 704
705 701 706
690 703 707
687 690 707
708 705 706
708 706 709
709 710 708
705 711 703
711 707 703
711 705 708
711 712 707
687 707 713
712 713 707
713 684 687
708 710 714
714 710 715
716 711 708
712 711 716
708 714 716
713 717 684
717 681 684
714 715 718
719 718 715
720 718 719
721 720 719
720 721 722
723 714 718
720 723 718
714 724 716
723 724 714
716 724 725
725 712 716
724 723 726
724 726 725
727 723 720
726 723 727
728 720 722
728 727 720
725 726 729
729 712 725
728 722 730
722 731 730
727 728 732
728 730 732
727 733 726
729 726 733
732 733 727
730 731 734
731 735 734
736 732 730
734 736 730
733 732 737
729 733 737
732 736 737
734 735 738
738 735 739
736 734 740
734 738 740
738 739 741
739 742 741
741 742 743
736 744 737
740 744 736
740 738 745
738 741 745
741 743 746
747 746 743
740 748 744
740 745 748
749 745 741
749 741 746
747 750 746
751 750 747
745 752 748
745 749 752
753 749 746
753 746 750
754 752 749
754 749 753
744 748 755
756 748 752
756 755 748
752 754 757
752 757 756
744 755 758
758 737 744
758 759 737
729 737 759
760 729 759
729 760 712
761 759 758
760 759 761
760 762 712
712 762 713
713 762 717
760 763 762
761 763 760
717 762 764
763 764 762
717 764 765
717 765 681
765 680 681
765 766 680
766 765 764
677 680 766
677 766 767
672 677 767
768 767 766
672 767 768
768 766 764
672 768 673
763 769 764
768 764 769
673 768 770
768 769 770
673 770 771
772 769 763
761 772 763
771 770 773
771 773 774
775 770 769
772 775 769
775 773 770
772 761 776
761 758 776
774 773 777
774 777 778
775 772 779
772 776 779
780 776 758
779 776 780
780 758 755
781 773 775
775 779 781
781 777 773
782 778 777
782 783 778
784 781 779
779 780 784
785 777 781
785 782 777
784 785 781
780 755 786
786 755 756
787 783 782
787 788 783
784 780 789
780 786 789
785 784 790
784 789 790
782 785 791
782 791 787
785 790 791
792 786 756
757 792 756
788 787 793
788 793 794
795 789 786
792 795 786
790 789 796
795 796 789
791 790 797
790 796 797
787 791 798
787 798 793
791 797 798
794 793 799
794 799 800
793 798 801
793 801 799
798 797 802
798 802 801
797 796 803
797 803 802
804 796 795
804 803 796
800 799 805
800 805 806
799 801 807
799 807 805
801 802 808
801 808 807
809 804 795
809 795 792
802 803 810
802 810 808
811 803 804
809 811 804
811 810 803
812 809 792
757 812 792
806 805 813
806 813 814
805 815 813
805 807 815
807 816 815
807 808 816
817 816 808
817 808 810
810 818 817
819 806 814
810 811 818
819 814 820
811 821 818
819 820 822
819 822 823
820 824 822
825 823 822
824 826 822
811 827 821
809 827 811
827 828 821
825 822 829
822 826 829
829 830 825
829 826 831
831 832 829
831 833 832
829 832 834
832 833 835
836 834 832
832 835 836
836 837 834
836 835 838
839 837 836
836 838 839
839 840 837
841 839 838
842 840 839
841 842 839
842 843 840
842 841 844
845 843 842
842 844 845
845 846 843
847 845 844
846 845 848
847 848 845
848 847 849
846 848 850
849 850 848
847 851 849
847 852 851
853 851 852
853 854 851
854 853 855
849 851 856
856 851 854
857 850 849
849 856 857
856 858 857
850 857 858
856 854 859
856 860 858
859 854 861
854 855 861
859 861 862
863 861 855
862 861 863
863 855 864
862 863 865
863 864 866
865 863 867
863 866 867
865 867 868
869 867 866
868 867 870
869 870 867
868 870 871
870 869 872
871 870 873
870 872 873
871 873 874
873 872 875
874 873 876
873 875 876
874 876 877
876 875 878
877 876 879
876 878 879
877 879 880
881 879 878
882 880 879
881 883 879
882 879 883
884 883 881
882 883 885
884 885 883
882 885 886
887 885 884
887 884 888
885 889 886
885 887 889
890 887 888
890 888 891
887 892 889
887 890 892
893 890 891
893 891 828
827 893 828
890 893 894
894 893 827
890 894 892
894 827 809
812 894 809
892 894 812
892 812 895
889 892 895
895 812 757
889 895 896
896 886 889
895 757 897
896 895 897
754 897 757
754 898 897
898 754 753
896 897 899
899 897 898
896 900 886
900 896 899
898 753 901
901 753 750
899 898 902
901 902 898
901 750 903
751 903 750
903 904 901
901 904 902
751 905 903
903 905 904
751 906 905
907 899 902
900 899 907
908 886 900
908 909 886
910 902 904
907 902 910
911 905 906
911 906 912
911 912 913
905 914 904
905 911 914
910 904 914
911 913 915
915 914 911
916 915 913
900 907 917
900 917 908
907 910 918
907 918 917
919 910 914
919 918 910
916 920 915
920 916 921
915 922 914
919 914 922
920 922 915
920 921 923
924 923 921
920 925 922
925 919 922
923 925 920
924 926 923
927 926 924
923 928 925
928 923 926
925 929 919
929 925 928
927 930 926
927 931 930
928 926 932
932 926 930
929 933 919
919 933 918
929 928 934
932 934 928
929 935 933
935 929 934
936 918 933
935 936 933
936 937 918
917 918 937
917 937 938
938 908 917
938 939 908
939 909 908
939 940 909
941 940 939
941 942 940
939 938 943
939 943 941
938 937 944
938 944 943
937 936 945
937 945 944
935 946 936
946 945 936
947 942 941
947 948 942
949 941 943
949 947 941
943 944 950
943 950 949
951 944 945
951 950 944
952 948 947
952 953 948
954 947 949
954 952 947
955 949 950
955 954 949
956 953 952
956 957 953
958 952 954
958 956 952
959 957 956
959 960 957
961 960 959
962 950 951
962 955 950
954 955 963
954 963 958
956 958 964
956 964 959
955 962 965
955 965 963
958 963 966
958 966 964
963 965 967
963 967 966
968 961 959
959 964 969
959 969 968
970 964 966
970 969 964
971 961 968
971 972 961
973 970 966
973 966 967
969 970 974
974 970 973
968 969 975
968 975 971
969 974 975
860 972 971
860 976 972
971 977 860
971 975 977
858 860 977
975 974 978
975 978 977
974 973 979
978 974 979
980 973 967
979 973 981
980 981 973
967 982 980
967 965 982
965 983 982
965 962 983
984 983 962
984 962 951
951 985 984
951 945 985
946 985 945
980 982 986
987 982 983
987 986 982
988 983 984
988 987 983
989 984 985
989 988 984
985 946 990
985 990 989
980 986 991
991 981 980
946 992 990
946 935 992
935 934 992
992 934 993
932 993 934
990 992 994
992 993 994
989 990 995
990 994 995
993 932 996
932 930 996
994 993 997
993 996 997
930 998 996
996 998 997
930 931 998
994 997 999
995 994 999
989 995 1000
988 989 1000
1001 998 931
1001 931 294
998 1001 1002
1003 997 998
998 1002 1003
999 997 1003
1003 1002 1004
995 999 1005
999 1003 1005
1000 995 1005
988 1000 1006
987 988 1006
1003 1004 1007
1005 1003 1007
1000 1005 1008
1006 1000 1008
1005 1007 1008
987 1006 1009
986 987 1009
1006 1008 1010
1007 1010 1008
1009 1006 1010
1011 1007 1004
1011 1010 1007
1011 1004 1012
1012 1013 1011
1012 1014 1013
1015 1013 1014
986 1009 1016
991 986 1016
1009 1010 1017
1010 1011 1017
1016 1009 1017
1011 1018 1017
1016 1017 1018
1013 1018 1011
991 1016 1019
1018 1019 1016
1015 1020 1013
1021 1020 1015
1013 1022 1018
1018 1022 1019
1019 1023 991
991 1023 981
1013 1024 1022
1020 1024 1013
1022 1025 1019
1019 1025 1023
1022 1024 1025
1021 1026 1020
1026 1021 1027
1028 981 1023
979 981 1028
1020 1029 1024
1029 1020 1026
1030 1023 1025
1028 1023 1030
1031 1025 1024
1031 1024 1029
1030 1025 1031
1026 1027 1032
1032 1027 1033
1034 979 1028
978 979 1034
1029 1026 1035
1035 1026 1032
1036 1028 1030
1034 1028 1036
1037 1030 1031
1036 1030 1037
1029 1038 1031
1029 1035 1038
1037 1031 1038
1032 1033 1039
1040 1039 1033
1041 1034 1036
1037 1041 1036
1035 1032 1042
1039 1042 1032
1038 1043 1037
1037 1043 1041
1044 1038 1035
1044 1035 1042
1038 1044 1043
1041 1045 1034
978 1034 1045
1046 1041 1043
1045 1041 1046
1044 1047 1043
1046 1043 1047
1048 1044 1042
1044 1048 1047
1039 1049 1042
1048 1042 1049
978 1045 1050
1050 977 978
1048 1051 1047
1051 1046 1047
1045 1046 1052
1050 1045 1052
1049 1039 1053
1040 1053 1039
1054 1048 1049
1048 1054 1051
1050 1055 977
858 977 1055
1056 858 1055
1050 1056 1055
850 858 1056
1051 1057 1046
1057 1052 1046
1050 1052 1058
1056 1050 1058
850 1056 494
850 494 846
493 494 1056
1056 1058 493
494 499 846
846 499 1059
499 1060 1059
491 493 1058
1061 1058 1052
1061 491 1058
1057 1061 1052
491 1061 479
479 1061 1057
479 1057 482
1051 482 1057
1051 1062 482
480 482 1062
1054 1062 1051
1063 480 1062
481 480 1063
1054 1064 1062
1063 1062 1064
1065 481 1063
1065 1066 481
1067 1066 1065
1068 1064 1054
1054 1049 1068
1049 1053 1068
1063 1064 1069
1068 1069 1064
1069 1068 1053
1063 1069 1065
1069 1053 1070
1070 1065 1069
1070 1053 1040
1070 1040 1071
1070 1071 1072
1067 1065 1073
1070 1073 1065
1070 1072 1073
1074 1067 1073
1074 1073 1072
1075 1076 1077
1075 1078 1076
1079 1076 1078
1079 1080 1076
1081 1080 1079
1081 1082 1080
1083 1082 1081
1083 1084 1082
1085 1084 1083
1085 1086 1084
1087 1086 1085
1087 1088 1086
1088 1087 1089
1088 1089 1090
1089 1091 1090
1092 1093 1091
1094 1095 1092
1094 1096 1097
1098 1097 1096
1098 1099 1097
1099 1098 1100
1099 1100 1101
1102 1101 1100
1102 1100 1103
1103 1104 1102
1103 1105 1104
1106 1104 1105
1106 1105 1107
1107 1108 1106
1107 1109 1108
1109 1110 1108
1109 1111 1110
1112 1113 1114
1112 1114 1115
1115 1114 1116
1117 1112 1115
1115 1116 1118
1118 1116 1119
1117 1115 1120
1120 1115 1118
1117 1120 1121
1117 1121 1122
1121 1123 1122
1121 1124 1123
1125 1124 1121
1120 1125 1121
1125 1126 1124
1120 1118 1127
1120 1127 1125
1126 1125 1128
1127 1128 1125
1126 1128 1129
1118 1119 1130
1127 1118 1130
1119 1131 1130
1119 1132 1131
1131 1132 1133
1127 1130 1134
1127 1134 1128
1131 1134 1130
1129 1128 1135
1129 1135 1136
1128 1134 1137
1131 1137 1134
1128 1137 1135
1131 1133 1138
1138 1137 1131
1133 1139 1138
1140 1138 1139
1136 1135 1141
1136 1141 1142
1143 1135 1137
1138 1143 1137
1143 1141 1135
1140 1144 1138
1144 1143 1138
1144 1140 1145
1142 1141 1146
1142 1146 1147
1148 1141 1143
1144 1148 1143
1148 1146 1141
1144 1145 1149
1149 1148 1144
1149 1145 1150
1151 1147 1146
1151 1152 1147
1146 1148 1153
1149 1153 1148
1146 1153 1151
1149 1150 1154
1154 1153 1149
1155 1154 1150
1152 1151 1156
1152 1156 1157
1158 1151 1153
1154 1158 1153
1158 1156 1151
1155 1159 1154
1159 1158 1154
1159 1155 1160
1157 1156 1161
1157 1161 1162
1163 1156 1158
1159 1163 1158
1163 1161 1156
1159 1160 1164
1163 1159 1164
1164 1160 1165
1166 1162 1161
1166 1167 1162
1168 1161 1163
1163 1164 1168
1168 1166 1161
1164 1165 1169
1169 1168 1164
1169 1165 1170
1171 1167 1166
1171 1172 1167
1173 1166 1168
1169 1173 1168
1173 1171 1166
1169 1170 1174
1175 1174 1170
1176 1172 1171
1176 1177 1172
1178 1171 1173
1178 1176 1171
1179 1176 1178
1180 1173 1169
1180 1169 1174
1178 1173 1180
1175 1181 1174
1181 1180 1174
1181 1175 1182
1181 1182 1183
1181 1183 1184
1177 1176 1185
1179 1185 1176
1177 1185 1186
1181 1187 1180
1187 1178 1180
1181 1184 1187
1187 1188 1178
1184 1188 1187
1188 1179 1178
1184 1189 1188
1189 1179 1188
1189 1190 1179
1191 1179 1190
1191 1192 1179
1185 1179 1192
1191 1193 1192
1194 1192 1193
1186 1185 1195
1185 1192 1195
1195 1192 1194
1186 1195 1196
1195 1194 1197
1197 1196 1195
1197 1198 1196
1199 1200 1201
1202 1199 1201
1202 1201 1203
1204 1202 1203
1204 1203 1205
1206 1204 1205
1206 1205 1207
1208 1206 1207
1208 1209 1206
1208 1210 1209
1208 1211 1210
1212 1213 1214
1215 1212 1214
1215 1214 1216
1217 1216 1214
1218 1217 1214
1215 1219 1212
1220 1215 1216
1219 1215 1220
1219 1221 1212
1212 1221 1222
270 1216 1217
1220 1216 270
270 1217 267
270 268 1220
267 1217 1223
1218 1223 1217
267 1223 269
1223 1218 1224
269 1223 1224
1225 1224 1218
1219 1220 1226
1226 1221 1219
1220 268 1227
1220 1227 1226
268 163 1227
269 1224 1228
261 269 1228
284 261 1228
1225 1229 1224
1229 1228 1224
1226 1230 1221
1230 1226 1227
163 1231 1227
1230 1227 1231
163 25 1231
284 1228 1232
1229 1232 1228
1233 1229 1225
1233 1225 1234
1235 1233 1234
1236 1221 1230
1221 1236 1222
25 1237 1231
25 1238 1237
1231 1239 1230
1236 1230 1239
1231 1237 1239
1240 1222 1236
1239 1240 1236
1240 1241 1222
1242 1237 1238
1242 1238 1243
1237 1244 1239
1239 1244 1240
1237 1242 1244
1245 1241 1240
1244 1245 1240
1246 1242 1243
1246 1243 1247
1248 1244 1242
1244 1248 1245
1248 1242 1246
1245 1249 1241
1249 1245 1248
1249 1250 1241
1251 1246 1247
1251 1247 1252
1253 1248 1246
1249 1248 1253
1253 1246 1251
1254 1250 1249
1253 1254 1249
1254 1255 1250
1256 1251 1252
1256 1252 1257
1258 1256 1257
1259 1253 1251
1253 1259 1254
1259 1251 1256
1255 1254 1260
1259 1260 1254
1258 1261 1256
1261 1259 1256
1258 1262 1261
1258 1263 1262
1261 1264 1259
1259 1264 1260
1262 1264 1261
1260 1265 1255
1266 1255 1265
1263 1267 1262
1263 1268 1267
1269 1260 1264
1260 1269 1265
1262 1270 1264
1270 1262 1267
1269 1264 1270
1266 1265 1271
1271 1272 1266
1271 1273 1272
1271 1274 1273
1269 1275 1265
1271 1265 1275
1276 1269 1270
1269 1276 1275
1271 1277 1274
1271 1275 1277
1278 1274 1277
1278 1279 1274
1280 1279 1278
1281 1277 1275
1276 1281 1275
1281 1278 1277
1276 1270 1282
1270 1267 1282
1276 1283 1281
1282 1283 1276
1284 1278 1281
1283 1284 1281
1280 1278 1285
1284 1285 1278
1267 1286 1282
1282 1286 1283
1287 1280 1285
1287 1288 1280
1284 1283 1289
1286 1289 1283
1284 1290 1285
1287 1285 1290
1290 1284 1289
1267 1291 1286
1291 1267 1268
1291 1268 1292
1287 1290 1293
1293 1290 1289
1287 1294 1288
1293 1294 1287
1286 1295 1289
1295 1286 1291
1292 1296 1291
1295 1291 1296
1292 1297 1296
1294 1298 1288
1299 1288 1298
1293 1289 1300
1300 1289 1295
1293 1301 1294
1298 1294 1301
1301 1293 1300
1297 1302 1296
1297 1303 1302
1304 1295 1296
1300 1295 1304
1304 1296 1302
1301 1300 1305
1304 1305 1300
1303 1306 1302
1303 1307 1306
1308 1304 1302
1304 1308 1305
1308 1302 1306
1309 1301 1305
1298 1301 1309
1307 1310 1306
1307 1311 1310
1308 1312 1305
1309 1305 1312
1313 1308 1306
1308 1313 1312
1313 1306 1310
1309 1312 1314
1309 1314 1298
1314 1312 1313
1315 1310 1311
1315 1311 1316
1317 1313 1310
1314 1313 1317
1317 1310 1315
1298 1314 1318
1299 1298 1318
1319 1299 1318
1317 1320 1314
1314 1321 1318
1319 1318 1322
1318 1321 1322
1322 1323 1319
1321 1324 1322
1317 1325 1320
1325 1317 1315
1325 1324 1320
1316 1326 1315
1325 1315 1326
1316 1327 1326
1322 1328 1323
1323 1328 1329
1324 1330 1322
1330 1328 1322
1328 1330 1331
1325 1332 1324
1332 1325 1326
1332 1333 1324
1327 1334 1326
1332 1326 1334
1332 1335 1333
1335 1331 1333
1335 1332 1334
1336 1329 1328
1328 1331 1336
1327 1337 1334
1337 1327 1338
1335 1339 1331
1339 1336 1331
1335 1334 1340
1337 1340 1334
1339 1335 1340
1341 1329 1336
1329 1341 1342
1343 1342 1341
1339 1344 1336
1341 1336 1344
1339 1340 1345
1344 1339 1345
1337 1346 1340
1346 1345 1340
1337 1338 1347
1346 1337 1347
1348 1343 1341
1341 1344 1348
1344 1345 1349
1349 1348 1344
1343 1348 1350
1349 1350 1348
1343 1350 1351
1338 1352 1347
1338 1353 1352
1354 1352 1353
1346 1355 1345
1349 1345 1355
1356 1346 1347
1347 1352 1356
1356 1355 1346
1351 1350 1357
1351 1357 1358
1350 1349 1359
1359 1349 1355
1350 1359 1357
1354 1360 1352
401 1360 1354
1352 1361 1356
1360 1361 1352
1358 1357 1362
1358 1362 1363
1362 1364 1363
1365 1357 1359
1355 1365 1359
1365 1362 1357
1366 1355 1356
1361 1366 1356
1355 1366 1365
1362 1367 1364
1367 1362 1365
1368 1365 1366
1368 1366 1361
1367 1365 1368
1364 1367 1369
1368 1369 1367
1364 1369 1370
1371 1368 1361
1368 1371 1369
1360 1371 1361
1370 1369 1372
1370 1372 1373
1372 1374 1373
1369 1371 1375
1375 1371 1360
1369 1375 1372
1372 1376 1374
1375 1376 1372
1375 1360 1377
401 1377 1360
426 1377 401
1377 1378 1375
1375 1378 1376
426 1379 1377
1377 1379 1378
1379 426 427
1379 427 1380
1378 1379 1380
427 428 1380
1374 1376 1381
1374 1381 1382
1376 1378 1383
1378 1380 1383
1376 1383 1381
1384 1380 428
1380 1384 1383
1384 428 1385
1384 1385 1386
1387 1382 1381
1383 1387 1381
1383 1384 1387
1384 1386 1387
1387 1388 1382
1387 1386 1389
1387 1389 1388
1390 1391 1392
1390 1392 1393
1394 1393 1392
1394 1392 1395
1396 1394 1395
1396 1395 1397
1398 1396 1397
1398 1397 1399
1400 1398 1399
1400 1399 1401
1402 1400 1401
1402 1401 1403
1403 1404 1402
1403 1405 1404
1404 1405 1406
1407 1406 1408
1409 1407 1410
1409 1411 1412
1413 1412 1411
1413 1411 1414
1414 1415 1413
1414 1416 1415
1417 1415 1416
1417 1418 1415
1418 1417 1419
1418 1419 1420
1421 1420 1419
1421 1422 1420
1422 1421 1423
1422 1423 1424
1424 1423 1425
1424 1425 1426
1427 1428 1429
1427 1430 1428
1430 1431 1428
1432 1430 1427
1430 1433 1431
1433 1434 1431
1432 1435 1430
1435 1433 1430
1436 1435 1432
1436 1432 1437
1436 1437 1438
1436 1438 1439
1440 1436 1439
1440 1435 1436
1440 1439 1441
1435 1442 1433
1440 1442 1435
1441 1443 1440
1443 1442 1440
1441 1444 1443
1433 1445 1434
1442 1445 1433
1434 1445 1446
1434 1446 1447
1446 1448 1447
1442 1449 1445
1443 1449 1442
1446 1445 1449
1444 1450 1443
1444 1451 1450
1443 1452 1449
1446 1449 1452
1443 1450 1452
1446 1453 1448
1453 1446 1452
1448 1453 1454
1455 1454 1453
1451 1456 1450
1451 1457 1456
1458 1452 1450
1453 1452 1458
1458 1450 1456
1455 1453 1459
1459 1453 1458
1459 1460 1455
1457 1461 1456
1457 1462 1461
1463 1458 1456
1459 1458 1463
1463 1456 1461
1459 1464 1460
1464 1459 1463
1464 1465 1460
1466 1461 1462
1466 1462 1467
1461 1468 1463
1464 1463 1468
1461 1466 1468
1464 1469 1465
1469 1464 1468
1470 1465 1469
1467 1471 1466
1467 1472 1471
1473 1468 1466
1469 1468 1473
1473 1466 1471
1470 1469 1474
1474 1469 1473
1474 1475 1470
1472 1476 1471
1472 1477 1476
1478 1473 1471
1474 1473 1478
1478 1471 1476
1474 1479 1475
1478 1479 1474
1479 1480 1475
1481 1476 1477
1481 1477 1482
1483 1478 1476
1478 1483 1479
1483 1476 1481
1479 1484 1480
1484 1479 1483
1484 1485 1480
1486 1481 1482
1486 1482 1487
1488 1483 1481
1484 1483 1488
1488 1481 1486
1484 1489 1485
1490 1485 1489
1491 1486 1487
1491 1487 1492
1493 1488 1486
1493 1486 1491
1494 1493 1491
1495 1484 1488
1495 1489 1484
1493 1495 1488
1490 1489 1496
1496 1489 1495
1496 1497 1490
1496 1498 1497
1496 1499 1498
1492 1500 1491
1494 1491 1500
1492 1501 1500
1496 1495 1502
1502 1495 1493
1496 1502 1499
1502 1493 1503
1499 1502 1503
1503 1493 1494
1499 1503 1504
1504 1503 1494
1504 1494 1505
1506 1505 1494
1506 1494 1507
1500 1507 1494
1501 1508 1500
1500 1508 1507
1501 1509 1508
1508 1510 1507
1510 1511 1507
1508 1512 1510
1512 1508 1509
1512 1509 1513
1514 1515 1516
1514 1517 1515
1515 1517 1518
1518 1517 1519
1514 1520 1517
1514 1521 1520
1520 1521 1522
1519 1517 1523
1517 1520 1523
1524 1519 1523
1520 1522 1525
1520 1525 1523
1522 1526 1525
1525 1526 1523
1527 1526 1522
1528 1524 1523
1528 1523 1526
1528 1529 1524
1527 1530 1526
1528 1526 1530
1527 1531 1530
1528 1532 1529
1530 1532 1528
1533 1530 1531
1530 1533 1532
1533 1531 1534
1535 1533 1534
1535 1536 1533
1532 1533 1536
1537 1536 1535
1532 1538 1529
1538 1539 1529
1537 1540 1536
1540 1537 1541
1542 1532 1536
1540 1542 1536
1532 1542 1538
1542 1540 1543
1540 1541 1543
1538 1542 1543
1538 1544 1539
1544 1538 1543
1544 1545 1539
1546 1543 1541
1546 1544 1543
1544 1546 1545
1546 1541 1547
1546 1547 1545
1548 1549 1550
1548 1550 1551
1550 1552 1551
1552 1553 1551
1548 1551 1554
1548 1554 1555
1554 1556 1555
1553 1557 1551
1551 1557 1554
1558 1557 1553
1554 1559 1556
1554 1557 1559
1556 1559 1560
1559 1557 1560
1561 1556 1560
1562 1557 1558
1562 1560 1557
1562 1558 1563
1561 1560 1564
1562 1564 1560
1561 1564 1565
1562 1563 1566
1564 1562 1566
1567 1565 1564
1564 1566 1567
1567 1568 1565
1569 1568 1567
1569 1567 1570
1566 1570 1567
1571 1569 1570
1566 1563 1572
1572 1563 1573
1571 1570 1574
1574 1575 1571
1576 1570 1566
1574 1570 1576
1566 1572 1576
1576 1577 1574
1574 1577 1575
1572 1577 1576
1572 1573 1578
1578 1577 1572
1578 1573 1579
1580 1575 1577
1580 1577 1578
1578 1579 1580
1580 1581 1575
1580 1579 1581
1582 1583 1584
1582 1585 1583
1586 1585 1582
1585 1587 1583
1586 1588 1585
1589 1588 1586
1585 1590 1587
1588 1590 1585
1590 1591 1587
1589 1592 1588
1593 1592 1589
1590 1594 1591
1594 1595 1591
1588 1596 1590
1592 1596 1588
1590 1596 1594
1593 1597 1592
1598 1597 1593
1592 1599 1596
1599 1594 1596
1597 1599 1592
1598 1600 1597
1601 1600 1598
1597 1602 1599
1600 1602 1597
1599 1603 1594
1599 1602 1603
1594 1604 1595
1603 1604 1594
1601 1605 1600
1606 1605 1601
1600 1607 1602
1607 1603 1602
1605 1607 1600
1606 1608 1605
1609 1608 1606
1605 1610 1607
1608 1610 1605
1607 1611 1603
1607 1610 1611
1608 1612 1610
1610 1612 1611
1609 1613 1608
1612 1608 1613
1609 1614 1613
1609 1615 1614
1611 1616 1603
1603 1616 1604
1612 1613 1617
1614 1617 1613
1615 1618 1614
1615 1619 1618
1619 1620 1618
1619 1621 1620
1621 1622 1620
1621 1623 1622
1623 1624 1622
1623 1625 1624
1625 1626 1624
1625 1627 1626
1627 1628 1626
1627 1629 1628
1629 1630 1628
1629 1631 1630
1632 1628 1630
1632 1633 1628
1633 1626 1628
1633 1632 1634
1635 1624 1626
1633 1635 1626
1633 1634 1636
1635 1633 1636
1636 1634 1637
1635 1638 1624
1638 1635 1636
1638 1622 1624
1636 1637 1639
1640 1639 1637
1638 1641 1622
1641 1620 1622
1638 1636 1642
1641 1638 1642
1639 1642 1636
1641 1643 1620
1643 1641 1642
1643 1618 1620
1643 1644 1618
1644 1614 1618
1643 1642 1645
1644 1643 1645
1644 1646 1614
1646 1644 1645
1614 1646 1617
1639 1647 1642
1647 1645 1642
1648 1647 1639
1640 1648 1639
1649 1648 1640
1649 1640 1650
1651 1649 1650
1651 1652 1649
1652 1651 1595
1652 1595 1604
1653 1648 1649
1652 1653 1649
1604 1654 1652
1652 1654 1653
1604 1616 1654
1653 1655 1648
1648 1655 1647
1654 1656 1653
1656 1655 1653
1616 1657 1654
1654 1657 1656
1658 1647 1655
1656 1658 1655
1616 1659 1657
1611 1659 1616
1657 1660 1656
1660 1658 1656
1658 1661 1647
1647 1661 1645
1662 1659 1611
1612 1662 1611
1659 1663 1657
1657 1663 1660
1660 1664 1658
1661 1658 1664
1661 1665 1645
1646 1645 1665
1612 1666 1662
1666 1612 1617
1667 1659 1662
1659 1667 1663
1666 1667 1662
1663 1668 1660
1667 1668 1663
1668 1664 1660
1646 1669 1617
1646 1665 1669
1666 1617 1669
1661 1670 1665
1661 1664 1670
1670 1669 1665
1671 1667 1666
1667 1671 1668
1671 1664 1668
1671 1670 1664
1671 1666 1669
1670 1671 1669
1672 1673 1674
1672 1675 1673
1676 1675 1672
1673 1675 1677
1676 1678 1675
1678 1676 1679
1680 1677 1675
1680 1681 1677
1681 1680 1682
1683 1680 1675
1683 1675 1678
1678 1679 1684
1684 1679 1685
1682 1680 1686
1686 1680 1683
1682 1686 1687
1686 1683 1688
1678 1689 1683
1689 1688 1683
1678 1684 1689
1689 1690 1688
1690 1689 1691
1691 1689 1684
1690 1691 1692
1684 1685 1693
1691 1684 1693
1694 1693 1685
1692 1691 1695
1692 1695 1696
1697 1691 1693
1694 1697 1693
1697 1695 1691
1694 1698 1697
1698 1695 1697
1694 1699 1698
1700 1698 1699
1701 1696 1695
1698 1701 1695
1701 1702 1696
1700 1703 1698
1701 1698 1703
1701 1703 1704
1702 1701 1704
1702 1704 1705
1706 1705 1707
1706 1707 1708
1708 1709 1706
1708 1707 1710
1700 1711 1710
1708 1710 1711
1700 1712 1711
1713 1711 1712
1708 1714 1709
1711 1714 1708
1715 1709 1714
1713 1716 1711
1711 1716 1714
1715 1714 1717
1716 1717 1714
1718 1715 1717
1713 1719 1716
1716 1719 1717
1713 1720 1719
1721 1719 1720
1717 1719 1721
1721 1720 1722
1718 1717 1723
1717 1721 1723
1723 1724 1718
1725 1721 1722
1725 1723 1721
1725 1722 1726
1723 1727 1724
1725 1727 1723
1728 1724 1727
1726 1729 1725
1727 1725 1729
1726 1730 1729
1728 1727 1731
1727 1729 1731
1730 1732 1729
1730 1733 1732
1732 1734 1729
1733 1734 1732
1731 1729 1734
1733 1735 1734
1735 1736 1734
1731 1734 1736
1735 1737 1736
1736 1737 1738
1739 1738 1728
1739 1728 1731
1736 1738 1739
1736 1739 1731
1740 1741 1742
1740 1742 1743
1744 1740 1743
1743 1742 1745
1744 1743 1746
1747 1744 1746
1743 1745 1748
1746 1743 1748
1748 1745 1749
1747 1746 1750
1751 1747 1750
1748 1749 1752
1752 1749 1753
1746 1748 1754
1750 1746 1754
1748 1752 1754
1751 1750 1755
1756 1751 1755
1750 1754 1757
1757 1754 1752
1755 1750 1757
1756 1755 1758
1759 1756 1758
1755 1757 1760
1758 1755 1760
1757 1752 1761
1757 1761 1760
1752 1753 1762
1761 1752 1762
1759 1758 1763
1764 1759 1763
1758 1760 1765
1765 1760 1761
1763 1758 1765
1764 1763 1766
1767 1764 1766
1763 1765 1768
1766 1763 1768
1765 1761 1769
1765 1769 1768
1766 1768 1770
1768 1769 1770
1767 1766 1771
1770 1771 1766
1767 1771 1772
1767 1772 1773
1761 1762 1774
1769 1761 1774
1770 1775 1771
1772 1771 1775
1773 1772 1776
1773 1776 1777
1777 1776 1778
1777 1778 1779
1779 1778 1780
1779 1780 1781
1781 1780 1782
1781 1782 1783
1783 1782 1784
1783 1784 1785
1785 1784 1786
1785 1786 1787
1787 1786 1788
1787 1788 1789
1790 1788 1786
1790 1786 1791
1791 1786 1784
1791 1792 1790
1793 1784 1782
1791 1784 1793
1791 1794 1792
1793 1794 1791
1794 1795 1792
1793 1782 1796
1796 1794 1793
1796 1782 1780
1794 1797 1795
1798 1795 1797
1796 1780 1799
1799 1780 1778
1796 1800 1794
1799 1800 1796
1797 1794 1800
1799 1778 1801
1801 1800 1799
1801 1778 1776
1801 1776 1802
1802 1776 1772
1801 1803 1800
1802 1803 1801
1802 1772 1804
1804 1803 1802
1772 1775 1804
1797 1800 1805
1805 1800 1803
1806 1797 1805
1798 1797 1806
1807 1798 1806
1807 1808 1798
1809 1808 1807
1809 1807 1810
1810 1753 1809
1810 1762 1753
1811 1807 1806
1810 1807 1811
1762 1810 1812
1810 1811 1812
1762 1812 1774
1811 1806 1813
1806 1805 1813
1812 1811 1814
1814 1811 1813
1774 1812 1815
1812 1814 1815
1816 1813 1805
1814 1813 1816
1774 1815 1817
1769 1774 1817
1815 1814 1818
1818 1814 1816
1816 1805 1819
1805 1803 1819
1820 1769 1817
1770 1769 1820
1817 1815 1821
1815 1818 1821
1818 1816 1822
1819 1822 1816
1819 1803 1823
1804 1823 1803
1770 1820 1824
1824 1775 1770
1825 1820 1817
1817 1821 1825
1824 1820 1825
1821 1818 1826
1825 1821 1826
1826 1818 1822
1804 1775 1827
1804 1827 1823
1824 1827 1775
1819 1823 1828
1819 1828 1822
1828 1823 1827
1829 1824 1825
1825 1826 1829
1829 1826 1822
1829 1822 1828
1829 1827 1824
1828 1827 1829
1830 1831 1832
1830 1833 1831
1833 1830 1834
1831 1833 1835
1833 1834 1836
1837 1836 1834
1838 1835 1833
1838 1839 1835
1839 1838 1840
1841 1838 1833
1841 1833 1836
1837 1842 1836
1843 1842 1837
1840 1838 1844
1844 1838 1841
1840 1844 1845
1844 1841 1846
1836 1847 1841
1847 1846 1841
1836 1842 1847
1847 1848 1846
1849 1848 1847
1849 1847 1842
1849 1850 1848
1843 1851 1842
1849 1842 1851
1851 1843 1852
1851 1852 1853
1849 1851 1853
1854 1853 1852
1855 1850 1849
1849 1853 1855
1855 1856 1850
1854 1857 1853
1857 1855 1853
1858 1857 1854
1859 1856 1855
1857 1859 1855
1859 1860 1856
1858 1861 1857
1859 1857 1861
1859 1861 1862
1860 1859 1862
1860 1862 1863
1864 1863 1865
1864 1865 1866
1866 1867 1864
1866 1865 1868
1858 1869 1868
1866 1868 1869
1858 1870 1869
1866 1871 1867
1869 1871 1866
1871 1872 1867
1870 1873 1869
1869 1873 1871
1870 1874 1873
1871 1875 1872
1875 1871 1873
1875 1876 1872
1877 1873 1874
1875 1873 1877
1877 1874 1878
1878 1879 1877
1875 1877 1879
1878 1880 1879
1875 1881 1876
1875 1879 1881
1881 1882 1876
1880 1883 1879
1883 1881 1879
1880 1884 1883
1881 1885 1882
1883 1885 1881
1886 1882 1885
1887 1883 1884
1885 1883 1887
1887 1884 1888
1886 1885 1889
1885 1887 1889
1888 1890 1887
1888 1891 1890
1890 1892 1887
1891 1892 1890
1889 1887 1892
1891 1893 1892
1894 1892 1893
1889 1892 1894
1894 1893 1895
1896 1886 1889
1894 1896 1889
1895 1896 1894
1896 1897 1886
1895 1897 1896
1898 1840 1899
1898 1900 1840
1900 1898 1901
1900 1901 1902
1903 1902 1901
1903 1831 1902
1904 1905 1906
1907 1905 1904
1907 1908 1905
1909 1908 1907
1909 1910 1908
1911 1910 1909
1911 1912 1910
1913 1912 1911
1913 1911 1914
1913 1914 1915
1913 1915 1916
1917 1918 1919
1917 1919 1920
1921 1922 1923
1921 1923 1924
1925 1926 1927
1926 1928 1927
1926 1929 1928
1929 1930 1928
1929 1931 1930
1932 1933 1934
1933 1935 1934
1933 1936 1935
1937 1938 1939
1938 1940 1939
1938 1941 1940
1942 1943 1944
1942 1944 1945
1946 1947 1948
1948 1947 1949
1948 1949 1950
1951 1950 1949
1951 1952 1950
1953 1954 1955
1953 1955 1956
1957 1958 1959
1959 1958 1960
1959 1960 1961
1962 1963 1964
1962 1965 1963
1966 1673 1967
1966 1967 1968
1968 1967 1969
1968 1969 1970
1969 1971 1970
1969 1682 1971
1972 1973 1974
1972 1974 1975
1973 1972 1976
1975 1976 1972
1973 1976 1977
1975 1978 1976
1979 1977 1976
1980 1976 1978
1979 1976 1980
1980 1978 1981
1982 1979 1980
1980 1981 1983
1982 1980 1984
1980 1983 1984
1984 1985 1982
1986 1984 1983
1984 1986 1985
1986 1983 1987
1988 1985 1986
1988 1986 1987
1988 1989 1985
1988 1987 1990
1991 1989 1988
1990 1992 1988
1991 1988 1992
1990 1993 1992
1992 1994 1991
1992 1993 1995
1992 1996 1994
1992 1995 1996
1997 1994 1996
1995 1998 1996
1997 1996 1998
1995 1999 1998
1998 1999 2000
2001 1997 1998
1998 2000 2001
2001 2002 1997
2003 2002 2001
2004 2001 2000
2003 2001 2005
2004 2005 2001
2006 2003 2005
2004 2007 2005
2006 2005 2007
2004 2008 2007
2007 2008 2009
2010 2006 2007
2007 2009 2011
2010 2007 2011
2011 2009 2012
2010 2011 2013
2011 2012 2013
2010 2013 2014
2012 2015 2013
2015 2014 2013
2012 2016 2015
2015 2017 2014
2018 2015 2016
2019 2017 2015
2018 2019 2015
2019 2020 2017
2019 2018 2021
2021 2020 2019
2022 2023 2024
2022 2025 2023
2024 2026 2022
2025 2022 2026
2024 2027 2026
2025 2026 2028
2029 2026 2027
2030 2028 2026
2029 2030 2026
2030 2031 2028
2032 2030 2029
2030 2033 2031
2032 2034 2030
2030 2034 2033
2034 2032 2035
2036 2033 2034
2034 2035 2036
2036 2037 2033
2038 2036 2035
2038 2037 2036
2038 2035 2039
2038 2040 2037
2041 2038 2039
2040 2038 2042
2041 2042 2038
2040 2042 2043
2042 2041 2044
2042 2045 2043
2042 2044 2046
2042 2046 2045
2047 2046 2044
2045 2046 2048
2047 2048 2046
2045 2048 2049
2048 2050 2049
2051 2048 2047
2048 2051 2050
2051 2047 2052
2053 2051 2052
2054 2050 2051
2053 2055 2051
2054 2051 2055
2056 2055 2053
2054 2055 2057
2056 2057 2055
2054 2057 2058
2057 2059 2058
2060 2057 2056
2057 2061 2059
2060 2061 2057
2061 2062 2059
2060 2063 2061
2061 2063 2062
2060 2064 2063
2062 2063 2065
2065 2063 2064
2062 2065 2066
2065 2064 2067
2068 2066 2065
2069 2065 2067
2068 2065 2069
2069 2067 2070
2069 2071 2068
2071 2069 2070
2072 2073 2074
2075 2072 2074
2073 2076 2074
2077 2075 2074
2076 2078 2074
2079 2077 2074
2078 2080 2074
2081 2079 2074
2080 2082 2074
2083 2081 2074
2082 2084 2074
2085 2083 2074
2084 2086 2074
2087 2085 2074
2086 2088 2074
2088 2087 2074
2089 2090 2091
2092 2090 2089
2091 2090 2093
2094 2090 2092
2093 2090 2095
2096 2090 2094
2095 2090 2097
2098 2090 2096
2097 2090 2099
2100 2090 2098
2099 2090 2101
2102 2090 2100
2101 2090 2103
2104 2090 2102
2103 2090 2105
2105 2090 2104
2106 2107 2108
2106 2109 2107
2106 2108 2110
2111 2110 2108
2106 2112 2109
2112 2113 2109
2111 2114 2110
2115 2114 2111
2115 2116 2114
2116 2115 2117
2118 2106 2110
2119 2112 2106
2119 2106 2118
2118 2120 2119
2118 2110 2121
2121 2110 2114
2121 2120 2118
2121 2114 2122
2122 2114 2116
2120 2121 2122
2112 2123 2113
2123 2112 2119
2113 2123 2124
2113 2124 2125
2126 2125 2124
2126 2127 2125
2126 2128 2127
2126 2129 2128
2130 2128 2129
2131 2126 2124
2129 2126 2131
2123 2132 2124
2131 2124 2132
2123 2119 2133
2123 2133 2132
2134 2133 2119
2133 2134 2132
2134 2119 2120
2130 2129 2135
2136 2130 2135
2129 2131 2137
2137 2135 2129
2138 2131 2132
2138 2132 2134
2131 2138 2137
2139 2134 2120
2139 2138 2134
2140 2137 2138
2137 2141 2135
2140 2141 2137
2135 2141 2142
2140 2142 2141
2142 2140 2143
2136 2135 2144
2135 2142 2144
2145 2140 2138
2139 2145 2138
2145 2139 2146
2145 2147 2140
2147 2143 2140
2147 2145 2146
2139 2120 2148
2139 2148 2146
2149 2136 2144
2149 2150 2136
2151 2144 2142
2151 2149 2144
2142 2143 2151
2152 2150 2149
2152 2149 2151
2152 2153 2150
2148 2120 2154
2120 2122 2154
2152 2151 2155
2155 2151 2143
2153 2152 2156
2155 2156 2152
2153 2156 2157
2148 2154 2158
2148 2158 2146
2159 2154 2122
2122 2116 2159
2159 2116 2160
2116 2117 2160
2117 2161 2160
2117 2162 2161
2161 2162 2163
2159 2160 2164
2164 2154 2159
2164 2160 2161
2158 2154 2165
2164 2165 2154
2157 2156 2166
2157 2166 2167
2168 2167 2166
2168 2169 2167
2168 2170 2169
2171 2166 2156
2171 2168 2166
2168 2172 2170
2173 2170 2172
2164 2161 2174
2165 2164 2174
2158 2165 2175
2158 2175 2146
2176 2165 2174
2175 2165 2176
2177 2174 2161
2176 2174 2177
2175 2178 2146
2175 2176 2178
2178 2176 2179
2178 2180 2146
2178 2179 2180
2180 2181 2146
2181 2180 2179
2181 2182 2146
2177 2161 2183
2161 2163 2183
2184 2183 2163
2184 2185 2183
2177 2183 2185
2186 2185 2184
2176 2177 2187
2179 2176 2187
2177 2185 2187
2188 2187 2185
2179 2187 2188
2181 2179 2189
2182 2181 2189
2186 2190 2185
2188 2185 2190
2188 2191 2179
2190 2191 2188
2189 2179 2191
2192 2190 2186
2190 2192 2191
2192 2186 2193
2192 2193 2194
2192 2195 2191
2189 2191 2195
2192 2194 2196
2192 2196 2195
2196 2194 2197
2198 2189 2195
2196 2198 2195
2196 2197 2199
2196 2199 2198
2199 2197 2200
2199 2200 2201
2198 2199 2201
2198 2202 2189
2182 2189 2202
2200 2203 2201
2200 2204 2203
2198 2201 2205
2205 2202 2198
2203 2205 2201
2206 2182 2202
2182 2206 2146
2205 2207 2202
2206 2202 2207
2204 2208 2203
2204 2209 2208
2203 2210 2205
2207 2205 2210
2211 2210 2203
2211 2203 2208
2207 2210 2211
2212 2206 2207
2206 2212 2146
2213 2208 2209
2213 2209 2214
2208 2215 2211
2208 2213 2215
2207 2211 2216
2212 2207 2216
2216 2211 2215
2214 2217 2213
2214 2173 2217
2173 2172 2217
2212 2216 2218
2218 2216 2215
2213 2219 2215
2213 2217 2219
2218 2215 2219
2220 2218 2219
2212 2218 2221
2221 2218 2220
2212 2221 2146
2217 2222 2219
2217 2172 2222
2220 2219 2222
2223 2222 2172
2222 2223 2220
2223 2172 2168
2171 2223 2168
2171 2220 2223
2221 2220 2224
2221 2224 2146
2171 2225 2220
2224 2220 2225
2224 2226 2146
2224 2225 2226
2226 2227 2146
2227 2147 2146
2147 2227 2143
2226 2143 2227
2226 2225 2143
2155 2143 2225
2225 2171 2228
2228 2155 2225
2171 2156 2228
2155 2228 2156
282 2229 283
284 2229 282
2229 284 1232
2229 1232 2230
2230 283 2229
1229 2230 1232
1229 1233 2230
2230 2231 283
1233 2231 2230
279 283 2231
279 2231 2232
2231 2233 2232
1233 2234 2231
2231 2234 2233
1235 2234 1233
2235 2233 2234
2235 2234 1235
2236 2237 2238
2238 2237 2239
2239 2237 2240
2237 2241 2240
2236 2242 2237
2237 2242 2241
2243 2242 2236
2242 2244 2241
2243 2244 2242
2244 2243 2245
2244 2246 2241
2244 2245 2247
2247 2246 2244
2247 2245 2248
2247 2249 2246
2247 2248 2249
2249 2248 2250
2246 2249 2251
2249 2250 2252
2249 2252 2251
2253 2252 2250
2251 2252 2254
2253 2254 2252
2251 2254 2255
2255 2254 2253
2251 2255 2256
2255 2253 2257
2255 2257 2256
2258 2259 2260
2259 2261 2260
2261 2262 2260
2260 2262 2263
2258 2260 2264
2260 2263 2264
2265 2258 2264
2264 2263 2266
2265 2264 2266
2266 2267 2265
2266 2263 2268
2266 2269 2267
2269 2266 2268
2269 2270 2267
2269 2268 2271
2269 2271 2270
2271 2272 2270
2268 2273 2271
2271 2274 2272
2271 2273 2274
2275 2272 2274
2273 2276 2274
2275 2274 2276
2273 2277 2276
2277 2275 2276
2273 2278 2277
2277 2279 2275
2277 2278 2279
2280 2281 2282
2281 2283 2282
2280 2284 2281
2284 2280 2285
2281 2286 2283
2286 2287 2283
2286 2288 2287
2289 2287 2288
2290 2281 2284
2281 2291 2286
2281 2290 2291
2284 2285 2292
2290 2284 2292
2286 2293 2288
2286 2291 2293
2292 2294 2290
2292 2295 2294
2285 2295 2292
2290 2294 2296
2290 2296 2291
2291 2296 2297
2291 2297 2293
2285 2298 2295
2293 2297 2299
2300 2298 2285
2293 2299 2301
2301 2288 2293
2301 2299 2302
2300 2285 2303
2304 2300 2303
2301 2305 2288
2289 2288 2305
2301 2302 2306
2305 2301 2306
2306 2302 2307
2308 2303 2285
2308 2285 2309
2304 2303 2310
2310 2303 2308
2311 2304 2310
2309 2312 2308
2310 2308 2312
2309 2313 2312
2312 2313 2314
2311 2310 2315
2312 2315 2310
2316 2311 2315
2312 2314 2317
2312 2317 2315
2318 2317 2314
2316 2315 2319
2317 2319 2315
2319 2320 2316
2318 2321 2317
2317 2321 2319
2289 2321 2318
2319 2322 2320
2321 2322 2319
2322 2323 2320
2321 2324 2322
2289 2324 2321
2322 2325 2323
2324 2325 2322
2289 2326 2324
2324 2326 2325
2289 2327 2326
2328 2326 2327
2325 2326 2328
2328 2327 2329
2323 2325 2330
2325 2328 2330
2330 2328 2329
2323 2330 2331
2330 2329 2332
2332 2331 2330
2332 2333 2331
2307 2333 2332
2307 2332 2334
2335 2334 2332
2306 2307 2334
2335 2336 2334
2306 2334 2336
2337 2336 2335
2306 2336 2338
2337 2338 2336
2305 2306 2338
2305 2338 2337
2305 2337 2289
2339 2340 2341
2342 2341 2340
2339 2341 2343
2343 2344 2339
2342 2345 2341
2346 2345 2342
2343 2347 2344
2347 2348 2344
2343 2341 2349
2341 2345 2349
2347 2343 2349
2345 2350 2349
2346 2350 2345
2351 2347 2349
2347 2351 2348
2352 2350 2346
2351 2353 2348
2352 2354 2350
2350 2354 2349
2355 2354 2352
2351 2356 2353
2356 2351 2349
2357 2353 2356
2357 2356 2358
2358 2356 2349
2359 2357 2358
2359 2358 2360
2360 2358 2349
2360 2361 2359
2360 2362 2361
2362 2360 2349
2363 2361 2362
2354 2364 2349
2355 2364 2354
2365 2362 2349
2363 2362 2365
2364 2366 2349
2355 2366 2364
2355 2367 2366
2368 2363 2365
2366 2367 2369
2368 2365 2370
2370 2365 2349
2370 2371 2368
2366 2369 2372
2366 2372 2349
2372 2369 2373
2372 2373 2374
2372 2374 2349
2374 2373 2375
2374 2375 2376
2374 2376 2349
2377 2376 2375
2377 2378 2376
2371 2378 2377
2376 2378 2349
2370 2379 2371
2371 2379 2378
2378 2379 2349
2379 2370 2349
2380 2381 2382
2382 2381 2383
2380 2382 2384
2384 2385 2380
2382 2383 2386
2386 2383 2387
2386 2387 2388
2389 2388 2387
2390 2384 2382
2382 2386 2391
2382 2391 2390
2384 2392 2385
2390 2392 2384
2386 2388 2393
2386 2393 2391
2392 2390 2394
2392 2394 2395
2385 2392 2395
2390 2396 2394
2390 2391 2396
2391 2397 2396
2391 2393 2397
2385 2395 2398
2393 2399 2397
2400 2385 2398
2393 2401 2399
2401 2393 2388
2401 2402 2399
2400 2403 2385
2404 2403 2400
2401 2388 2405
2389 2405 2388
2401 2406 2402
2405 2406 2401
2406 2407 2402
2408 2385 2403
2408 2409 2385
2404 2410 2403
2410 2408 2403
2411 2410 2404
2409 2408 2412
2410 2412 2408
2409 2412 2413
2412 2414 2413
2411 2415 2410
2412 2410 2415
2416 2415 2411
2412 2417 2414
2412 2415 2417
2418 2414 2417
2416 2419 2415
2417 2415 2419
2419 2416 2420
2418 2417 2421
2417 2419 2421
2389 2418 2421
2419 2420 2422
2421 2419 2422
2422 2420 2423
2421 2422 2424
2389 2421 2424
2422 2423 2425
2424 2422 2425
2389 2424 2426
2424 2425 2426
2389 2426 2427
2428 2427 2426
2425 2428 2426
2428 2429 2427
2423 2430 2425
2425 2430 2428
2430 2429 2428
2423 2431 2430
2430 2432 2429
2432 2430 2431
2432 2431 2433
2407 2432 2433
2407 2434 2432
2435 2432 2434
2406 2434 2407
2435 2434 2436
2406 2436 2434
2437 2435 2436
2406 2438 2436
2437 2436 2438
2405 2438 2406
2405 2437 2438
2405 2389 2437
2439 2440 2441
2440 2442 2441
2439 2443 2440
2443 2439 2444
2440 2445 2442
2445 2446 2442
2443 2444 2447
2447 2444 2448
2443 2449 2440
2440 2449 2445
2447 2449 2443
2445 2449 2450
2445 2450 2446
2451 2449 2447
2447 2448 2451
2450 2452 2446
2451 2448 2453
2450 2454 2452
2450 2449 2454
2454 2455 2452
2451 2453 2456
2456 2449 2451
2457 2456 2453
2457 2458 2456
2458 2449 2456
2459 2458 2457
2459 2460 2458
2460 2449 2458
2460 2459 2461
2460 2461 2462
2462 2449 2460
2463 2462 2461
2454 2449 2464
2454 2464 2455
2465 2449 2462
2463 2465 2462
2464 2449 2466
2455 2464 2466
2455 2466 2467
2468 2465 2463
2466 2469 2467
2468 2470 2465
2470 2449 2465
2470 2468 2471
2466 2472 2469
2466 2449 2472
2472 2473 2469
2472 2474 2473
2472 2449 2474
2474 2475 2473
2474 2476 2475
2474 2449 2476
2477 2475 2476
2477 2476 2478
2478 2471 2477
2476 2449 2478
2470 2471 2479
2479 2449 2470
2478 2479 2471
2478 2449 2479
2480 2481 2482
2480 2482 2483
2480 2484 2481
2480 2483 2485
2486 2484 2480
2480 2485 2486
2486 2487 2484
2488 2486 2485
2489 2487 2486
2488 2489 2486
2489 2490 2487
2489 2488 2491
2490 2489 2492
2489 2491 2492
2490 2492 2493
2492 2491 2494
2495 2493 2492
2492 2494 2495
2495 2496 2493
2497 2495 2494
2495 2498 2496
2497 2499 2495
2495 2499 2498
2499 2497 2500
2500 2498 2499
2501 2502 2503
2501 2504 2502
2501 2503 2505
2505 2503 2506
2501 2507 2504
2507 2508 2504
2508 2507 2509
2501 2509 2507
2501 2510 2509
2505 2510 2501
2505 2511 2510
2512 2511 2505
2505 2506 2512
2512 2513 2511
2514 2512 2506
2513 2512 2514
2514 2506 2515
2513 2514 2516
2517 2514 2515
2517 2516 2514
2517 2515 2518
2517 2519 2516
2520 2517 2518
2520 2519 2517
2520 2518 2521
2520 2522 2519
2523 2520 2521
2522 2520 2523
2523 2521 2524
2522 2523 2525
2526 2523 2524
2525 2523 2526
2526 2524 2527
2525 2526 2528
2529 2526 2527
2528 2526 2529
2528 2529 2530
2529 2527 2531
2529 2532 2530
2533 2529 2531
2529 2533 2532
2533 2531 2534
2535 2532 2533
2535 2533 2534
2535 2536 2532
2535 2534 2537
2538 2536 2535
2537 2538 2535
2538 2539 2536
2539 2538 2540
2537 2541 2538
2540 2538 2541
2539 2540 2542
2540 2543 2542
2540 2541 2544
2545 2543 2540
2544 2546 2540
2545 2540 2546
2544 2547 2546
2546 2548 2545
2547 2549 2546
2546 2549 2548
2550 2551 2552
2550 2553 2551
2550 2552 2554
2550 2555 2553
2556 2550 2554
2550 2556 2555
2556 2554 2557
2558 2555 2556
2559 2556 2557
2558 2556 2559
2559 2557 2560
2559 2561 2558
2560 2562 2559
2559 2562 2561
2560 2563 2562
2562 2564 2561
2565 2562 2563
2562 2565 2564
2565 2563 2566
2567 2564 2565
2565 2566 2568
2567 2565 2569
2565 2568 2569
2569 2570 2567
2570 2569 2568
2571 2572 2573
2571 2573 2574
2571 2575 2572
2575 2576 2572
2571 2574 2577
2577 2574 2578
2578 2579 2577
2571 2577 2579
2571 2579 2580
2575 2571 2580
2575 2580 2581
2582 2575 2581
2575 2582 2576
2582 2581 2583
2584 2576 2582
2583 2584 2582
2584 2585 2576
2583 2586 2584
2587 2585 2584
2587 2584 2586
2587 2588 2585
2587 2586 2589
2590 2588 2587
2590 2587 2589
2590 2591 2588
2590 2589 2592
2593 2591 2590
2592 2593 2590
2593 2594 2591
2592 2595 2593
2596 2594 2593
2595 2596 2593
2596 2597 2594
2595 2598 2596
2599 2597 2596
2598 2599 2596
2598 2600 2599
2599 2601 2597
2599 2600 2602
2603 2601 2599
2599 2602 2603
2603 2604 2601
2605 2603 2602
2605 2604 2603
2605 2602 2606
2605 2607 2604
2608 2605 2606
2607 2605 2608
2608 2606 2609
2609 2610 2608
2607 2608 2611
2610 2611 2608
2609 2612 2610
2610 2612 2613
2610 2614 2611
2615 2610 2613
2614 2610 2616
2615 2616 2610
2614 2616 2617
2616 2615 2618
2617 2616 2619
2616 2618 2619
2620 2621 2622
2620 2623 2621
2620 2622 2624
2625 2624 2622
2620 2626 2623
2627 2623 2626
2625 2628 2624
2629 2628 2625
2624 2630 2620
2630 2626 2620
2631 2624 2628
2624 2631 2630
2627 2626 2632
2630 2633 2626
2632 2626 2633
2630 2631 2634
2634 2633 2630
2635 2627 2632
2635 2636 2627
2637 2636 2635
2637 2638 2636
2637 2639 2638
2632 2640 2635
2640 2637 2635
2632 2633 2641
2632 2641 2640
2641 2633 2642
2634 2642 2633
2642 2640 2641
2642 2643 2640
2637 2644 2639
2645 2639 2644
2640 2646 2637
2646 2640 2643
2646 2644 2637
2645 2644 2647
2648 2645 2647
2646 2649 2644
2649 2646 2643
2649 2647 2644
2648 2647 2650
2650 2651 2648
2649 2652 2647
2643 2652 2649
2652 2650 2647
2653 2643 2642
2653 2642 2634
2650 2654 2651
2652 2655 2650
2655 2654 2650
2651 2654 2656
2651 2656 2657
2655 2658 2654
2656 2659 2657
2655 2652 2660
2643 2660 2652
2658 2655 2660
2656 2661 2659
2662 2659 2661
2663 2661 2656
2663 2656 2664
2662 2661 2665
2663 2665 2661
2666 2662 2665
2667 2664 2658
2658 2660 2667
2668 2660 2643
2653 2668 2643
2653 2669 2668
2668 2670 2660
2670 2667 2660
2668 2669 2670
2670 2671 2667
2670 2669 2671
2672 2664 2667
2672 2663 2664
2671 2669 2673
2673 2674 2672
2672 2675 2663
2663 2675 2665
2674 2675 2672
2676 2665 2675
2674 2676 2675
2676 2677 2665
2666 2665 2677
2677 2676 2678
2676 2674 2678
2679 2666 2677
2677 2678 2679
2679 2680 2666
2679 2681 2680
2679 2682 2681
2682 2683 2681
2679 2678 2684
2679 2684 2682
2682 2685 2683
2685 2686 2683
2687 2684 2678
2687 2678 2674
2682 2684 2688
2682 2688 2685
2688 2684 2687
2685 2689 2686
2688 2689 2685
2686 2689 2690
2686 2690 2691
2688 2692 2689
2690 2689 2692
2688 2687 2693
2692 2688 2693
2691 2690 2694
2691 2694 2695
2696 2695 2694
2696 2697 2695
2697 2696 2698
2697 2698 2699
2699 2698 2700
2699 2700 2701
2702 2701 2700
2702 2703 2701
2702 2704 2703
2702 2705 2704
2706 2704 2705
2706 2705 2707
2708 2706 2707
2709 2705 2702
2709 2707 2705
2710 2702 2700
2709 2702 2710
2709 2710 2711
2710 2700 2712
2698 2712 2700
2712 2711 2710
2698 2713 2712
2711 2712 2713
2696 2713 2698
2696 2714 2713
2694 2714 2696
2708 2707 2715
2715 2716 2708
2711 2713 2717
2717 2713 2714
2694 2718 2714
2718 2694 2690
2715 2719 2716
2719 2629 2716
2719 2720 2629
2629 2720 2628
2715 2721 2719
2721 2720 2719
2722 2715 2707
2715 2722 2721
2722 2723 2721
2721 2724 2720
2628 2720 2724
2724 2721 2723
2722 2707 2725
2709 2725 2707
2725 2726 2722
2726 2725 2709
2722 2726 2723
2709 2711 2726
2628 2724 2727
2631 2628 2727
2728 2727 2724
2728 2631 2727
2724 2723 2728
2728 2634 2631
2729 2634 2728
2653 2634 2729
2729 2669 2653
2729 2728 2730
2730 2669 2729
2730 2728 2723
2731 2669 2730
2730 2723 2731
2732 2669 2731
2732 2731 2723
2732 2723 2726
2733 2669 2732
2733 2732 2726
2733 2726 2711
2734 2733 2711
2734 2669 2733
2734 2711 2717
2735 2734 2717
2735 2669 2734
2735 2717 2736
2717 2714 2736
2736 2714 2718
2735 2736 2737
2737 2736 2718
2738 2669 2735
2735 2737 2738
2737 2718 2739
2718 2690 2739
2690 2692 2739
2737 2739 2692
2692 2693 2737
2738 2737 2693
2738 2693 2740
2740 2669 2738
2740 2693 2687
2740 2687 2741
2741 2669 2740
2741 2687 2674
2742 2669 2741
2741 2674 2742
2673 2669 2742
2673 2742 2674
