byte offset: 0
first index: 45126
index count: 4338
topology: trianglelist
format: DXGI_FORMAT_R16_UINT

9661 12507 9662
12508 12509 12510
12511 12512 12513
12514 12515 12516
12514 12517 12515
12517 12514 12518
12519 12515 12517
12517 12518 12520
12519 12517 12521
12521 12517 12520
12522 12519 12521
12521 12520 12523
12522 12521 12524
12524 12521 12523
12524 12525 12522
12524 12523 12526
12524 12527 12525
12527 12524 12526
12527 12528 12525
12527 12526 12529
12527 12530 12528
12528 12530 12531
12532 12531 12530
12527 12529 12533
12527 12533 12530
12533 12532 12530
12534 12533 12529
12532 12533 12534
12532 12534 12535
12536 12537 12538
12539 12537 12536
12537 12539 12540
12539 12536 12541
12539 12542 12540
12540 12542 12543
10051 12539 12541
12539 10051 12542
10052 10051 12541
12542 10051 10055
10058 12542 10055
10058 12543 12542
12543 10058 10062
10062 12544 12543
12544 12545 12543
12544 10062 10064
12546 12545 12544
12544 10064 12547
10065 12547 10064
10065 12548 12547
12546 12544 12549
12547 12549 12544
12550 12547 12548
12547 12550 12549
12550 12548 12551
12552 12546 12549
12553 12546 12552
12550 12554 12549
12552 12549 12554
12551 12555 12550
12550 12555 12554
12551 12556 12555
12557 12555 12556
12553 12552 12558
12558 12559 12553
12560 12552 12554
12558 12552 12560
12558 12561 12559
12561 12562 12559
12561 12563 12562
12558 12564 12561
12558 12560 12564
12561 12565 12563
12561 12564 12565
12565 12566 12563
12564 12567 12565
12560 12567 12564
12566 12565 12567
12568 12560 12554
12560 12568 12567
12569 12566 12567
12569 12567 12568
12569 12570 12566
12568 12554 12571
12555 12571 12554
12569 12568 12572
12572 12568 12571
12570 12569 12573
12572 12573 12569
12570 12573 12574
12573 12575 12574
12573 12576 12575
12576 12573 12577
12572 12577 12573
12576 12577 12578
12577 12579 12578
12577 12580 12579
12580 12577 12572
12581 12579 12580
12555 12582 12571
12557 12582 12555
12572 12571 12583
12580 12572 12583
12582 12583 12571
12581 12580 12584
12583 12584 12580
12585 12581 12584
12585 12584 12586
12587 12582 12557
12582 12587 12583
12583 12587 12584
12587 12586 12584
12587 12557 12588
12587 12588 12586
12589 12590 12591
12589 12591 12592
12592 12591 12593
12589 12592 12594
12589 12594 12595
12592 12593 12596
12596 12593 12597
12596 12597 12598
12599 12594 12592
12599 12592 12596
12600 12599 12596
12596 12598 12601
12600 12596 12601
12602 12601 12598
12602 12603 12601
12600 12601 12603
12604 12600 12603
12604 12605 12600
12604 12603 12606
12595 12594 12607
12607 12608 12595
12609 12594 12605
12604 12609 12605
12607 12594 12609
12610 12604 12606
12604 12610 12609
12611 12610 12606
12611 10037 12610
12609 12610 10037
12611 10038 10037
12609 10037 10040
10040 12607 12609
10040 10042 12607
12607 12612 12608
12612 12607 10042
12612 10042 10044
12612 12613 12608
12612 10044 10046
12612 12614 12613
12612 10046 12614
12614 12615 12613
12615 12616 12613
12617 12615 12614
10046 12617 12614
10046 10049 12617
12618 12619 12620
12618 12620 12621
12621 12620 12622
12621 12622 12623
12621 12624 12618
12621 12623 12625
12621 12626 12624
12626 12627 12624
12621 12625 12628
12628 12626 12621
12628 12625 12629
12628 12629 12630
12626 12631 12627
12632 12627 12631
12628 12633 12626
12633 12631 12626
12628 12630 12634
12634 12633 12628
12632 12631 12635
12635 12636 12632
12633 12637 12631
12637 12635 12631
12635 12638 12636
12638 12639 12636
12634 12630 12640
12630 12641 12640
12634 12642 12633
12642 12637 12633
12637 12643 12635
12643 12638 12635
12641 12644 12640
12641 12645 12644
12634 12640 12646
12646 12640 12644
12646 12642 12634
12646 12644 12647
12648 12646 12647
12646 12648 12642
12648 12647 12649
12642 12650 12637
12650 12642 12648
12649 12650 12648
12650 12643 12637
12649 12651 12650
12651 12652 12650
12650 12652 12643
12651 12653 12652
12653 12654 12652
12655 12652 12654
12652 12655 12643
12655 12656 12643
12657 12656 12655
12643 12656 12638
12657 12658 12656
12658 12657 12659
12656 12660 12638
12656 12658 12660
12638 12660 12639
12658 12659 12661
12660 12658 12661
12662 12661 12659
12663 12639 12660
12660 12661 12663
12663 12664 12639
12662 12665 12661
12663 12661 12665
12666 12664 12663
12663 12665 12666
12666 12667 12664
12668 12665 12662
12666 12665 12668
12668 12662 12669
12668 12669 12670
12671 12667 12666
12666 12668 12671
12671 12672 12667
12668 12670 12673
12671 12668 12673
12673 12670 12674
12675 12672 12671
12671 12673 12675
12675 12676 12672
12673 12674 12677
12675 12673 12677
12678 12677 12674
12678 12679 12677
12680 12676 12675
12675 12677 12680
12680 12677 12679
12680 12681 12676
12680 12679 12682
12682 12681 12680
12682 12683 12681
12684 12685 12686
12684 12686 12687
12688 12687 12686
12688 12686 12689
12690 12688 12689
12690 12689 12691
12692 12690 12691
12692 12691 12693
12694 12695 12696
12694 12696 12697
12698 12694 12697
12698 12697 12699
12700 12701 12702
12700 12702 12703
12702 12704 12703
12702 12705 12704
12706 12707 12708
12706 12709 12707
9580 12709 12706
12709 9580 9579
12709 9579 12710
12710 12707 12709
9581 12710 9579
12710 12711 12707
12707 12711 12712
9581 12713 12710
12713 9581 9583
12711 12710 12714
12714 12710 12713
12714 12715 12711
12714 12713 12716
12714 12717 12715
12718 12717 12714
12719 12716 12713
12720 12716 12719
12713 9583 12721
12719 12713 12721
12722 12721 9583
12722 9583 9584
12722 12723 12721
12721 12723 12719
12719 12723 12724
12719 12724 12720
12715 12717 12725
12715 12725 12726
12717 12727 12725
12728 12727 12717
12718 12728 12717
12728 12718 12720
12729 12727 12728
12728 12730 12729
12731 12720 12724
12728 12720 12731
12728 12731 12730
12732 12731 12724
12732 12730 12731
12733 12734 12735
12734 12733 12736
12734 12736 12737
12733 12738 12736
12733 12739 12738
12739 12733 12740
12739 12740 12741
12741 12742 12739
12738 12739 12742
12741 12743 12742
12736 12744 12737
12738 12745 12736
12736 12745 12744
12738 12742 12746
12746 12745 12738
12742 12743 12747
12746 12742 12747
12746 12747 12748
12747 12743 12749
12749 12748 12747
12750 12737 12744
12750 12751 12737
12750 12752 12751
12746 12753 12745
12748 12753 12746
12743 12754 12749
12743 12755 12754
12754 12755 12756
12757 12749 12754
12757 12758 12749
12748 12749 12758
12758 12757 12759
12758 12759 12760
12760 12761 12758
12748 12758 12761
12760 12762 12761
12761 12762 12763
12761 12763 12764
12764 12748 12761
12765 12764 12763
12764 12766 12748
12748 12766 12753
12765 12767 12764
12766 12764 12767
12768 12767 12765
12768 12769 12767
12770 12767 12769
12766 12767 12770
12770 12769 12771
12772 12770 12771
12773 12766 12770
12773 12753 12766
12772 12773 12770
12774 12753 12773
12772 12774 12773
12772 12775 12774
12774 12745 12753
12776 12774 12775
12777 12745 12774
12776 12777 12774
12777 12744 12745
12777 12776 12778
12779 12744 12777
12777 12778 12779
10309 12779 12778
10309 10308 12779
12779 12750 12744
12750 12779 10308
12750 10308 10305
10305 12752 12750
12752 10305 10282
10282 12780 12752
10282 10279 12780
12781 12752 12780
12780 10279 10277
12782 12781 12780
12782 12780 10277
12783 12781 12782
12784 12782 10277
10276 12784 10277
12784 12785 12782
12786 12787 12788
12786 12788 12789
12788 12790 12789
12791 12789 12790
12789 12792 12786
12791 12792 12789
12786 12792 12793
12794 12793 12792
12791 12794 12792
12791 12795 12794
12796 12797 12798
12796 12799 12797
12797 12799 12800
12797 12800 12801
12801 12800 12802
12801 12802 12803
12803 12802 12804
12803 12804 12805
12806 12807 12808
12806 12808 12809
12809 12808 12810
12809 12810 12811
12812 12813 12814
12815 12812 12814
12814 12816 12815
12816 12817 12815
12816 12818 12817
12819 12818 12816
12819 12820 12818
12819 12821 12820
12816 12814 12822
12816 12822 12819
12819 12823 12821
12824 12821 12823
12825 12819 12822
12825 12823 12819
12824 12823 12826
12826 12827 12824
12823 12825 12828
12823 12828 12826
12826 12829 12827
12829 12830 12827
12831 12826 12828
12831 12829 12826
12832 12828 12825
12832 12831 12828
12833 12825 12822
12832 12825 12833
12834 12822 12814
12833 12822 12834
12829 12835 12830
12835 12836 12830
12835 12837 12836
12838 12837 12835
12839 12835 12829
12839 12829 12831
12838 12835 12839
12840 12839 12831
12832 12840 12831
12841 12838 12839
12840 12841 12839
12841 12842 12838
12841 12843 12842
12841 12844 12843
12840 12844 12841
12840 12845 12844
12832 12845 12840
12832 12846 12845
12833 12846 12832
12833 12847 12846
12834 12847 12833
12834 12848 12847
12849 12848 12834
12834 12814 12849
12849 12850 12848
12849 12814 12851
12849 12852 12850
12849 12851 12852
12850 12852 12853
12852 12851 12854
12852 12855 12853
12852 12854 12856
12852 12856 12855
12856 12854 12857
12858 12856 12857
12859 12856 12858
12856 12860 12855
12856 12859 12860
12861 12860 12859
12861 12862 12860
12863 12864 12865
12863 12865 12866
12867 12863 12866
12868 12867 12866
12869 12866 12865
12869 12868 12866
12870 12868 12869
12870 12869 12871
12872 12873 12874
12872 12875 12873
12873 12875 12876
12875 12877 12876
12875 12872 12878
12875 12879 12877
12875 12878 12880
12880 12878 12881
12882 12879 12875
12882 12875 12880
12883 12879 12882
12882 12884 12883
12882 12885 12884
12880 12881 12886
12887 12886 12881
12882 12880 12888
12885 12882 12888
12888 12880 12886
12887 12889 12886
12889 12887 12890
12885 12888 12891
12892 12885 12891
12888 12886 12893
12893 12886 12889
12891 12888 12893
12889 12890 12894
12894 12890 12895
12892 12891 12896
12896 12897 12892
12896 12898 12897
12899 12896 12891
12898 12896 12899
12891 12893 12899
12898 12899 12900
12893 12889 12901
12899 12893 12901
12901 12889 12894
12900 12899 12902
12899 12901 12902
12900 12902 12903
12903 12902 12904
12905 12904 12902
12902 12901 12905
12905 12901 12906
12901 12894 12906
12907 12905 12906
12906 12894 12908
12894 12895 12908
12907 12906 12909
12906 12908 12909
12909 12910 12907
12909 12911 12910
12908 12911 12909
12912 12910 12911
12913 12908 12895
12908 12913 12911
12913 12895 12914
12912 12911 12915
12913 12915 12911
12916 12913 12914
12913 12916 12915
12916 12914 12917
12918 12912 12915
12916 12918 12915
12918 12919 12912
12918 12920 12919
12921 12916 12917
12916 12921 12918
12921 12917 12922
12918 12923 12920
12921 12923 12918
12923 12924 12920
12925 12921 12922
12921 12925 12923
12925 12922 12926
12923 12927 12924
12925 12927 12923
12928 12924 12927
12928 12927 12929
12930 12925 12926
12925 12930 12927
12930 12929 12927
12930 12926 12931
12930 12932 12929
12932 12930 12931
12932 12931 12933
12934 12935 12936
12937 12936 12935
12937 12935 12938
12939 12937 12938
12939 12938 12940
12941 12939 12940
12941 12940 12942
12941 12942 12943
12944 12945 12946
12947 12946 12945
12947 12948 12946
12949 12948 12947
12949 12950 12948
12951 12950 12949
12951 12952 12950
12951 12953 12952
12954 12955 12956
12954 12957 12955
12957 12958 12955
12957 12959 12958
12959 12960 12958
12959 12961 12960
12961 12962 12960
12961 12963 12962
12963 12964 12962
12963 12965 12964
12965 12966 12964
12965 12967 12966
12967 12968 12966
12967 12969 12968
12969 12970 12968
12969 12971 12970
12971 12972 12970
12971 12973 12972
12972 12973 12974
12972 12974 12975
12974 12976 12975
12974 12977 12976
12978 12976 12977
12978 12977 12979
12980 12978 12979
12980 12981 12978
12982 12983 12984
12982 12984 12985
12982 12985 12986
12985 12987 12986
12986 12988 12982
12986 12987 12989
12986 12990 12988
12991 12988 12990
12986 12989 12992
12990 12986 12992
12992 12989 12993
12992 12993 12994
12994 12993 12995
12990 12992 12996
12996 12992 12994
12991 12990 12997
12997 12990 12996
12994 12995 12998
12999 12998 12995
12991 12997 13000
12991 13000 13001
12997 12996 13002
13000 12997 13002
12996 12994 13003
12998 13003 12994
13002 12996 13003
12999 13004 12998
13005 13004 12999
12998 13006 13003
13006 12998 13004
13002 13003 13007
13006 13007 13003
13005 13008 13004
13008 13005 13009
13006 13004 13010
13010 13004 13008
13008 13009 13011
13011 13009 13012
13011 13012 13013
13013 13012 13014
13015 13013 13014
13011 13016 13008
13010 13008 13016
13010 13017 13006
13006 13017 13007
13007 13018 13002
13000 13002 13018
13007 13019 13018
13017 13019 13007
13010 13020 13017
13020 13010 13016
13011 13021 13016
13021 13011 13013
13000 13018 13022
13019 13022 13018
13000 13022 13023
13023 13001 13000
13023 13024 13001
13024 13025 13001
13019 13026 13022
13017 13027 13019
13026 13019 13027
13026 13027 13028
13027 13017 13020
13028 13027 13029
13027 13020 13029
13028 13029 13030
13029 13020 13031
13020 13016 13031
13031 13016 13021
13030 13029 13032
13029 13031 13032
13030 13032 13033
13031 13021 13034
13034 13032 13031
13033 13032 13035
13034 13035 13032
13033 13035 13036
13034 13021 13037
13021 13013 13037
13035 13034 13038
13034 13037 13038
13036 13035 13039
13035 13038 13039
13036 13039 13040
13039 13041 13040
13041 13039 13042
13038 13042 13039
13038 13043 13042
13037 13043 13038
13037 13044 13043
13013 13044 13037
13044 13045 13043
13013 13046 13044
13046 13045 13044
13015 13046 13013
13046 13047 13045
13015 13047 13046
13015 13048 13047
13049 13050 13051
13049 13051 13052
13053 13049 13054
13053 13054 13055
13056 13057 13055
13056 13055 13058
13059 13060 13058
13059 13058 13061
13062 13059 13061
13062 13061 13063
13064 13062 13063
13064 13063 13065
13066 13067 13065
13066 13065 13068
13069 13066 13068
13069 13068 13070
13071 13072 13070
13071 13070 13073
13074 13071 13073
13074 13073 13075
13076 13074 13075
13076 13075 13077
13078 13076 13077
13078 13077 13079
13080 13081 13079
13080 13079 13082
13083 13080 13082
13083 13082 13084
13085 13083 13084
13085 13084 13086
13087 13085 13086
13087 13086 13088
13089 13087 13088
13089 13088 13090
13091 13092 13093
13091 13093 13094
13095 13091 13094
13095 13094 13096
13097 13095 13096
13097 13096 13098
13099 13097 13098
13099 13098 13100
13101 13099 13100
13101 13100 13102
13103 13101 13102
13103 13102 13104
13105 13103 13104
13105 13104 13106
13107 13105 13106
13107 13106 13108
13109 13107 13108
13109 13108 13110
13111 13112 13113
13111 13113 13114
13114 13113 13115
13114 13115 13116
13116 13115 13117
13116 13117 13118
13118 13117 13119
13118 13119 13120
13120 13119 13121
13120 13121 13122
13122 13121 13123
13122 13123 13124
13124 13123 13125
13124 13125 13126
13126 13125 13127
13126 13127 13128
13128 13127 13129
13128 13129 13130
13129 13131 13130
13129 13132 13131
13131 13132 13133
13131 13133 13134
13135 13134 13133
13135 13136 13134
13137 13136 13135
13137 13135 13138
13139 13140 13141
13139 13142 13140
13139 13143 13142
13142 13143 13144
13143 13139 13145
13143 13146 13144
13143 13145 13147
13148 13147 13145
13143 13149 13146
13147 13149 13143
13149 13150 13146
13149 13151 13150
13151 13152 13150
13147 13153 13149
13153 13151 13149
13148 13154 13147
13154 13153 13147
13151 13155 13152
13156 13152 13155
13148 13157 13154
13148 13158 13157
13154 13159 13153
13157 13159 13154
13153 13160 13151
13155 13151 13160
13159 13160 13153
13156 13155 13161
13162 13156 13161
13155 13160 13163
13163 13161 13155
13159 13164 13160
13163 13160 13164
13162 13161 13165
13165 13166 13162
13163 13167 13161
13167 13165 13161
13165 13168 13166
13168 13169 13166
13168 13170 13169
13171 13169 13170
13172 13171 13170
13168 13165 13173
13167 13173 13165
13167 13163 13174
13163 13164 13174
13164 13159 13175
13157 13175 13159
13164 13175 13176
13174 13164 13176
13167 13174 13177
13177 13173 13167
13168 13173 13178
13178 13170 13168
13157 13179 13175
13176 13175 13179
13157 13180 13179
13180 13157 13158
13180 13158 13181
13181 13158 13182
13176 13179 13183
13174 13176 13184
13183 13184 13176
13183 13185 13184
13184 13177 13174
13185 13186 13184
13184 13186 13177
13185 13187 13186
13186 13188 13177
13177 13188 13173
13188 13178 13173
13187 13189 13186
13186 13189 13188
13187 13190 13189
13188 13191 13178
13191 13188 13189
13190 13192 13189
13191 13189 13192
13190 13193 13192
13191 13194 13178
13178 13194 13170
13193 13195 13192
13193 13196 13195
13195 13196 13197
13197 13198 13195
13192 13199 13191
13192 13195 13199
13199 13195 13198
13191 13199 13194
13199 13198 13200
13194 13199 13200
13194 13200 13201
13170 13194 13201
13201 13200 13202
13170 13201 13203
13203 13201 13202
13172 13170 13203
13203 13202 13204
13172 13203 13204
13172 13204 13205
13206 13207 13208
13206 13208 13209
13209 13208 13210
13209 13210 13211
13212 13213 13206
13212 13214 13213
13215 13214 13212
13215 13216 13214
13217 13216 13218
13217 13219 13216
13220 13219 13217
13220 13221 13219
13222 13221 13220
13222 13223 13221
13224 13223 13222
13224 13225 13223
13226 13227 13228
13226 13229 13227
13230 13229 13226
13230 13231 13229
13232 13233 13231
13232 13231 13234
13235 13227 13236
13235 13236 13237
13237 13236 13238
13237 13238 13239
13240 13238 13241
13240 13241 13242
13242 13241 13243
13242 13243 13244
13244 13243 13245
13244 13245 13246
13247 13245 13248
13247 13248 13249
13250 13251 13252
13250 13253 13251
13253 13254 13251
13255 13253 13250
13255 13250 13256
13255 13256 13257
13253 13258 13254
13258 13253 13255
13259 13254 13258
13255 13257 13260
13257 13261 13260
13259 13258 13262
13262 13263 13259
13262 13264 13263
13262 13265 13264
13258 13255 13266
13262 13258 13266
13255 13260 13266
13262 13267 13265
13262 13266 13267
13268 13265 13267
13266 13268 13267
13266 13260 13268
13260 13269 13268
13260 13261 13270
13260 13270 13269
13270 13261 13271
13270 13272 13269
13271 13273 13270
13270 13273 13272
13272 13273 13274
13271 13275 13273
13276 13274 13273
13277 13273 13275
13276 13273 13277
13277 13278 13276
13277 13275 13279
13277 13280 13278
13279 13280 13277
13279 13281 13280
13282 13283 13284
13282 13285 13283
13286 13285 13282
13287 13283 13285
13286 13288 13285
13288 13286 13289
13287 13285 13290
13288 13290 13285
13291 13287 13290
13288 13289 13292
13289 13293 13292
13292 13293 13294
13295 13292 13294
13288 13296 13290
13296 13291 13290
13292 13296 13288
13295 13297 13292
13292 13297 13296
13297 13295 13298
13296 13299 13291
13297 13299 13296
13297 13298 13299
13299 13300 13291
13301 13299 13298
13302 13300 13299
13301 13302 13299
13302 13301 13303
13302 13304 13300
13302 13303 13305
13306 13304 13302
13302 13305 13306
13306 13307 13304
13308 13306 13305
13309 13307 13306
13308 13309 13306
13310 13309 13308
13309 13311 13307
13310 13312 13309
13312 13311 13309
13312 13313 13311
13314 13315 13316
13314 13316 13317
13317 13318 13314
13317 13319 13318
13320 13318 13319
13320 13319 13321
13322 13320 13321
13322 13321 13323
13324 13322 13323
13324 13323 13325
13326 13324 13325
13326 13325 13327
13327 13328 13326
13327 13329 13328
13328 13329 13330
13328 13330 13331
13332 13333 13334
13332 13334 13335
13335 13336 13332
13335 13337 13336
13336 13337 13338
13336 13338 13339
13339 13338 13340
13339 13340 13341
13341 13340 13342
13341 13342 13343
13343 13342 13344
13343 13344 13345
13345 13344 13346
13345 13346 13347
13348 13347 13346
13348 13346 13349
13350 13351 13352
13350 13352 13353
13354 13350 13353
13354 13355 13350
13356 13355 13354
13356 13357 13355
13358 13359 13360
13358 13360 13361
13360 13362 13361
13360 13363 13362
13364 13362 13363
13364 13363 13365
13366 13367 13368
13366 13369 13367
13370 13369 13366
13371 13367 13369
13370 13372 13369
13372 13370 13373
13372 13373 13374
13372 13374 13375
13371 13369 13376
13372 13376 13369
13372 13375 13377
13372 13377 13376
13378 13377 13375
13376 13377 13378
13379 13371 13376
13376 13378 13379
13379 13380 13371
13379 13378 13381
13379 13382 13380
13379 13381 13382
13380 13382 13383
13382 13381 13384
13382 13384 13385
13386 13385 13384
13386 13387 13385
13388 13387 13386
13388 13389 13387
13389 13388 13390
13389 13390 13391
13392 13393 13394
13392 13395 13393
13395 13396 13393
13397 13393 13396
13395 13398 13396
13399 13397 13396
13400 13396 13398
13399 13396 13400
13400 13398 13401
13400 13402 13399
13400 13401 13403
13402 13400 13404
13404 13400 13403
13405 13402 13404
13404 13403 13406
13405 13404 13407
13405 13407 13408
13409 13404 13406
13409 13407 13404
13409 13406 13410
13410 13411 13409
13411 13407 13409
13410 13412 13411
13411 13412 13413
13414 13411 13413
13408 13407 13415
13411 13415 13407
13415 13411 13414
13408 13415 13416
13415 13414 13417
13417 13416 13415
13417 13418 13416
13419 13420 13421
13419 13422 13420
13422 13419 13423
13422 13423 13424
13425 13424 13423
13425 13426 13424
13427 13426 13425
13427 13428 13426
13429 13428 13427
13429 13430 13428
13431 13430 13429
13431 13432 13430
13432 13431 13433
13432 13433 13434
13433 13435 13434
13433 13436 13435
13437 13438 13439
13437 13440 13438
13440 13437 13441
13440 13441 13442
13441 13443 13442
13441 13444 13443
13444 13445 13443
13444 13446 13445
13446 13447 13445
13446 13448 13447
13448 13449 13447
13448 13450 13449
13450 13451 13449
13450 13452 13451
13453 13451 13452
13453 13454 13451
13455 13456 13457
13455 13458 13456
13459 13458 13455
13459 13455 13460
13460 13461 13459
13460 13462 13461
13463 13461 13462
13463 13462 13464
13465 13466 13467
13465 13468 13466
13466 13468 13469
13466 13469 13470
13471 13470 13469
13471 13469 13472
13471 13472 13473
13471 13473 13474
13475 13476 13477
13478 13475 13477
13478 13479 13475
13478 13480 13479
13479 13480 13481
13479 13481 13482
13482 13481 13483
13482 13483 13484
13483 13485 13484
13483 13486 13485
13486 13487 13485
13486 13488 13487
13488 13489 13487
13488 13490 13489
13491 13489 13490
13491 13490 13492
13491 13492 13493
13493 13492 13494
13494 13492 13495
13496 13497 13498
13496 13499 13497
13500 13499 13496
13500 13501 13499
13502 13501 13500
13502 13503 13501
13503 13502 13504
13503 13504 13505
13505 13504 13506
13505 13506 13507
13508 13509 13497
13508 13497 13510
13511 13508 13510
13511 13510 13512
13513 13511 13512
13513 13512 13514
13514 13515 13513
13514 13516 13515
13516 13517 13515
13516 13518 13517
13519 13520 13521
13519 13521 13522
13523 13524 13525
13523 13526 13524
13527 13526 13523
13527 13528 13526
13529 13530 13531
13532 13530 13529
13532 13529 13533
13532 13533 13534
13533 13535 13534
13533 13536 13535
13536 13537 13535
13536 13538 13537
13537 13538 13539
13537 13539 13540
13540 13539 13541
13540 13541 13542
13542 13541 13543
13542 13543 13544
13545 13544 13543
13545 13546 13544
13545 13547 13546
13547 13548 13546
13548 13549 13546
13550 13551 13552
13550 13552 13553
13554 13555 13556
13554 13556 13557
13558 13554 13557
13558 13557 13559
13560 13561 13562
13563 13562 13561
13564 13563 13561
13565 13563 13564
13566 13564 13561
13565 13564 13566
13563 13565 13567
13563 13567 13568
13566 13561 13569
13570 13569 13561
13565 13566 13571
13571 13567 13565
13568 13567 13572
13568 13572 13573
13572 13574 13573
13571 13575 13567
13575 13572 13567
13576 13571 13566
13576 13575 13571
13576 13566 13577
13569 13577 13566
13569 13578 13577
13579 13578 13569
13579 13569 13570
13570 13580 13579
13579 13580 13581
13579 13581 13582
13576 13583 13575
13582 13584 13579
13583 13585 13575
13583 13586 13585
13575 13585 13572
13587 13585 13586
13582 13588 13584
13582 13589 13588
13588 13590 13584
13585 13591 13572
13587 13591 13585
13572 13591 13574
13592 13574 13591
13593 13591 13587
13588 13589 13594
13594 13590 13588
13594 13589 13595
13594 13596 13590
13592 13591 13597
13593 13597 13591
13598 13592 13597
13598 13597 13599
13599 13597 13593
13600 13598 13599
13594 13595 13601
13594 13601 13596
13601 13595 13602
13596 13601 13602
13596 13602 13603
13604 13602 13595
13602 13605 13603
13600 13599 13606
13607 13600 13606
13608 13599 13593
13606 13599 13608
13604 13609 13602
13602 13609 13605
13604 13610 13609
13610 13605 13609
13610 13611 13605
13604 13612 13610
13610 13613 13611
13612 13614 13610
13610 13614 13613
13612 13615 13614
13614 13615 13616
13613 13617 13593
13613 13614 13617
13614 13616 13617
13608 13593 13617
13618 13617 13616
13618 13608 13617
13619 13608 13618
13619 13620 13608
13606 13608 13620
13621 13620 13619
13621 13606 13620
13621 13619 13622
13623 13621 13622
13621 13624 13606
13607 13606 13624
13625 13607 13624
13623 13626 13621
13624 13621 13626
13627 13626 13623
13625 13624 13628
13624 13626 13628
13625 13628 13629
13626 13629 13628
13625 13629 13630
13629 13631 13630
13627 13632 13626
13626 13632 13629
13629 13633 13631
13634 13631 13633
13635 13632 13627
13635 13627 13636
13635 13636 13637
13632 13638 13629
13629 13638 13633
13632 13635 13638
13635 13637 13639
13639 13637 13640
13641 13638 13635
13641 13635 13639
13639 13640 13642
13641 13639 13642
13642 13640 13643
13644 13633 13638
13638 13641 13644
13634 13633 13645
13644 13645 13633
13646 13644 13641
13646 13645 13644
13634 13645 13647
13634 13647 13648
13649 13648 13647
13649 13650 13648
13651 13650 13649
13647 13645 13652
13646 13652 13645
13649 13647 13652
13642 13643 13653
13653 13643 13654
13641 13642 13655
13646 13641 13655
13656 13655 13642
13656 13642 13653
13656 13646 13655
13653 13654 13657
13656 13653 13657
13657 13654 13658
13659 13652 13646
13656 13659 13646
13656 13657 13660
13659 13656 13660
13657 13658 13661
13657 13661 13660
13660 13661 13662
13663 13661 13658
13663 13662 13661
13663 13658 13664
13659 13665 13652
13649 13652 13665
13659 13660 13666
13665 13659 13666
13660 13662 13666
13665 13666 13667
13667 13649 13665
13667 13666 13662
13668 13663 13664
13668 13664 13669
13670 13668 13669
13667 13671 13649
13651 13649 13671
13671 13672 13651
13667 13673 13671
13671 13673 13672
13663 13674 13662
13674 13663 13668
13662 13674 13675
13667 13662 13676
13667 13676 13673
13662 13675 13676
13675 13673 13676
13677 13672 13673
13675 13677 13673
13677 13678 13672
13679 13678 13677
13674 13668 13680
13675 13674 13680
13679 13677 13681
13681 13677 13675
13679 13681 13682
13679 13682 13683
13684 13683 13682
13681 13675 13685
13675 13680 13685
13682 13681 13685
13682 13685 13686
13686 13685 13680
13680 13668 13687
13670 13687 13668
13687 13670 13688
13684 13682 13689
13682 13686 13689
13686 13680 13690
13680 13687 13690
13687 13688 13691
13691 13690 13687
13692 13686 13690
13689 13686 13692
13691 13692 13690
13684 13689 13693
13693 13689 13692
13693 13692 13691
13684 13693 13694
13695 13693 13691
13688 13695 13691
13688 13696 13695
13697 13698 13699
13700 13698 13697
13700 13697 13701
13702 13700 13701
13702 13703 13700
13704 13703 13702
13704 13702 13705
13704 13705 13706
13704 13706 13707
13707 13706 13708
13709 13708 13706
13709 13706 13710
