byte offset: 0
first index: 0
index count: 13551
topology: trianglelist
format: DXGI_FORMAT_R16_UINT

0 1 2
3 4 5
6 7 8
9 10 11
10 9 12
10 12 13
13 12 14
13 15 10
16 10 15
13 17 15
13 14 18
18 17 13
18 14 19
18 20 17
18 19 21
21 20 18
21 19 22
21 23 20
21 22 24
24 23 21
24 22 25
24 26 23
24 25 27
27 26 24
25 28 27
25 29 28
27 30 26
30 27 28
30 28 31
26 30 32
30 31 32
32 31 33
33 34 32
35 36 37
37 36 38
38 36 39
40 38 39
40 41 38
39 36 42
42 36 43
44 41 40
44 45 41
39 46 40
39 42 46
47 42 43
43 48 47
47 48 49
47 50 42
50 46 42
50 51 46
40 46 52
52 46 51
40 52 44
52 51 53
52 53 54
52 54 55
44 52 55
55 54 56
44 55 57
56 57 55
57 45 44
58 57 56
57 58 45
59 60 61
61 62 59
61 63 62
64 62 63
64 65 62
66 65 64
66 67 65
67 66 68
67 68 69
70 69 68
70 68 71
70 72 69
69 72 73
72 74 73
72 75 74
70 75 72
75 76 74
75 77 76
78 70 71
70 78 75
78 77 75
78 71 79
78 79 80
78 81 77
78 80 81
81 82 77
80 83 81
81 83 82
80 84 83
83 85 82
84 86 83
83 86 85
87 85 86
84 88 86
87 86 89
89 86 88
89 90 87
89 88 91
92 91 88
89 93 90
93 89 91
90 93 94
93 95 94
95 93 96
93 91 96
95 96 97
92 98 91
98 96 91
98 92 99
97 96 100
98 100 96
99 100 98
97 100 101
99 102 100
101 100 102
101 102 103
104 105 106
104 107 105
108 107 104
108 109 107
110 109 108
110 111 109
112 111 110
112 113 111
114 113 112
114 115 113
116 115 114
116 117 115
118 117 116
118 116 119
119 120 118
119 121 120
121 122 120
121 123 122
124 122 123
124 123 125
125 123 126
127 124 125
128 124 127
127 129 128
127 130 129
130 131 129
126 132 125
127 125 132
132 130 127
126 133 132
133 130 132
133 134 130
130 134 135
130 136 131
130 135 136
135 137 136
137 138 136
136 139 131
136 138 139
139 138 140
140 141 139
139 141 142
142 141 143
144 145 146
145 147 146
146 147 148
148 147 149
150 146 148
151 148 149
152 150 148
151 152 148
152 153 150
152 154 153
151 155 152
152 155 154
151 156 155
157 154 155
158 155 156
157 155 158
158 156 159
160 158 159
160 159 161
162 157 158
162 158 160
163 160 161
163 161 164
165 157 162
165 166 157
167 162 160
165 162 167
167 160 163
165 167 168
169 168 167
170 163 164
170 164 171
172 170 171
173 167 163
169 167 173
173 163 170
169 173 174
170 174 173
169 174 175
176 175 174
172 177 170
170 177 174
178 177 172
176 174 179
179 174 177
180 176 179
178 181 177
179 177 181
182 181 178
180 179 183
183 179 181
182 184 181
183 181 184
185 184 182
185 186 184
186 183 184
187 186 185
188 180 183
186 188 183
188 189 180
187 190 186
190 188 186
191 190 187
189 188 192
190 192 188
189 192 193
191 194 190
194 192 190
194 191 195
193 192 196
194 196 192
193 196 197
196 198 197
194 195 199
199 196 194
200 199 195
200 201 199
196 202 198
199 202 196
201 202 199
203 198 202
201 204 202
203 202 204
205 206 207
205 207 208
208 209 205
210 208 207
210 207 211
211 212 210
211 213 212
213 214 212
213 215 214
216 214 215
216 215 217
212 214 218
218 214 216
210 212 219
212 218 219
210 219 220
220 208 210
220 221 208
221 209 208
221 222 209
222 223 209
222 224 223
225 223 224
219 218 226
226 218 227
218 216 227
226 227 228
227 229 228
227 230 229
229 230 231
229 231 232
231 233 232
216 234 227
216 235 234
217 235 216
217 236 235
235 237 234
237 238 233
236 239 235
235 239 237
237 239 238
236 240 239
240 238 239
241 242 243
244 242 241
241 245 244
241 246 245
245 246 247
244 248 242
248 249 242
245 250 244
244 250 251
244 251 248
245 252 250
248 251 253
252 245 254
245 247 254
252 254 255
247 256 254
255 254 256
247 257 256
255 256 258
257 259 256
258 256 259
257 260 259
258 259 261
260 262 259
261 259 262
261 262 263
260 264 262
265 263 262
264 266 262
265 262 266
264 267 266
268 265 266
269 266 267
268 266 269
269 270 268
269 267 271
269 272 270
271 272 269
272 273 270
272 274 273
271 275 272
275 274 272
275 271 276
276 274 275
277 278 279
280 277 279
280 281 277
282 281 280
282 280 283
284 282 283
284 285 282
286 285 284
286 287 285
288 287 286
288 286 289
290 288 289
290 289 291
292 290 291
292 291 293
294 292 293
294 295 292
294 296 295
297 298 299
297 299 300
300 301 297
300 302 301
303 301 302
303 302 304
304 305 303
300 306 302
304 302 306
300 307 306
299 307 300
304 306 308
304 309 305
308 309 304
308 310 309
311 305 309
309 310 312
311 309 313
309 312 313
313 312 314
315 311 313
313 314 316
315 313 316
316 314 317
315 316 318
316 317 318
315 318 319
318 317 320
319 318 321
318 320 321
319 321 322
321 320 323
322 321 324
321 323 324
322 324 325
324 323 326
325 324 327
324 326 327
325 327 328
327 326 329
328 327 330
327 329 330
328 330 331
330 329 332
331 330 332
333 334 335
333 336 334
336 337 334
333 338 336
333 339 338
336 340 337
338 340 336
338 341 340
340 342 337
340 341 343
340 344 342
340 343 344
344 345 342
344 343 346
344 347 345
344 346 347
347 348 345
347 346 349
347 350 348
347 349 350
350 351 348
350 349 352
350 353 351
350 352 353
353 352 354
353 355 351
353 354 356
353 356 355
356 354 357
358 355 356
356 357 358
358 359 355
358 357 360
358 360 359
361 362 363
363 362 364
363 364 365
365 364 366
365 366 367
368 365 367
368 367 369
367 370 369
367 366 371
367 372 370
367 371 372
373 370 372
374 372 371
373 372 374
374 371 375
374 376 373
375 377 374
374 377 376
375 378 377
379 376 377
380 377 378
379 377 380
380 378 381
380 382 379
383 380 381
380 383 382
383 381 384
383 385 382
386 383 384
383 386 385
386 384 387
388 385 386
389 386 387
388 386 389
389 387 390
391 388 389
391 389 390
391 392 388
391 390 393
391 394 392
393 394 391
395 396 397
395 397 398
398 397 399
400 395 398
398 399 401
401 399 402
400 398 403
401 403 398
401 402 404
402 405 404
405 406 404
407 404 406
407 401 404
401 407 403
408 400 403
408 409 400
410 408 403
410 403 411
409 408 412
412 408 410
411 413 410
411 414 413
415 413 414
415 414 416
413 417 410
415 417 413
412 410 418
410 417 418
409 412 419
419 412 418
416 420 415
416 421 420
415 422 417
420 422 415
418 417 423
423 417 422
423 422 424
424 422 425
420 425 422
424 425 426
427 420 421
425 420 427
427 421 428
427 428 429
426 425 430
425 427 430
426 430 431
427 429 432
432 430 427
432 429 433
431 430 434
432 434 430
431 434 435
432 433 436
434 432 436
436 433 437
435 434 438
434 436 438
438 436 437
435 438 439
439 438 437
440 441 442
440 442 443
443 444 440
444 443 445
446 444 445
446 447 444
447 446 448
449 450 451
449 452 450
452 449 453
452 453 454
452 455 450
452 454 456
452 457 455
452 456 457
457 458 455
456 459 457
457 459 458
456 460 459
458 459 461
459 460 461
462 463 464
462 465 463
466 465 462
466 467 465
468 467 466
468 469 467
468 470 469
468 471 470
471 472 470
471 473 472
473 474 472
473 475 474
476 472 474
475 477 474
476 474 477
475 478 477
476 477 479
478 480 477
479 477 480
479 480 481
478 482 480
480 483 481
482 484 480
480 484 483
482 485 484
486 483 484
485 487 484
486 484 487
485 488 487
487 489 486
490 487 488
487 490 489
490 488 491
492 490 491
489 490 493
492 493 490
489 493 494
493 492 495
496 494 493
493 495 497
496 493 497
498 497 495
496 497 498
496 498 499
500 499 498
500 501 499
501 500 502
501 502 503
504 503 502
504 505 503
506 505 504
506 507 505
508 507 506
509 510 511
509 512 510
512 509 513
510 512 514
510 514 515
512 516 514
512 513 517
512 517 516
517 513 518
517 519 516
517 518 520
517 520 519
520 518 521
522 519 520
520 521 522
522 523 519
522 521 524
523 522 525
522 524 525
523 525 526
525 524 527
526 525 528
525 527 528
526 528 529
527 530 528
530 529 528
530 531 529
527 532 530
530 533 531
532 534 530
530 534 533
532 535 534
534 536 533
535 537 534
534 537 536
535 538 537
537 539 536
540 537 538
537 540 539
540 538 541
542 539 540
541 542 540
542 543 539
541 544 542
545 543 542
544 545 542
546 547 548
546 549 547
546 550 549
546 551 550
552 550 551
552 551 553
553 554 552
553 555 554
555 556 554
555 557 556
557 558 556
557 559 558
559 560 558
560 561 558
561 560 562
561 562 563
564 563 562
564 565 563
566 565 564
567 568 569
569 568 570
571 572 573
571 574 572
575 572 574
575 574 576
576 577 575
576 578 577
578 579 577
578 580 579
580 581 579
580 582 581
582 583 581
582 584 583
584 585 583
584 586 585
585 586 587
585 587 588
589 588 587
589 590 588
591 590 589
591 592 590
591 593 592
591 594 593
593 594 595
596 597 598
596 598 599
600 596 599
601 599 598
601 598 602
599 601 603
600 599 604
599 603 604
605 600 604
604 603 606
605 604 607
604 606 607
607 608 605
607 606 609
607 610 608
607 609 610
611 608 610
612 610 609
611 610 612
612 609 613
614 611 612
615 612 613
614 612 615
615 613 616
617 614 615
615 616 618
617 615 619
615 618 619
619 618 620
621 617 619
619 620 622
621 619 622
622 620 623
624 621 622
624 625 621
622 623 626
624 622 626
626 623 627
628 624 626
626 627 629
628 626 629
628 629 630
629 627 631
629 631 630
632 630 631
632 631 633
633 634 632
633 635 634
634 635 636
634 636 637
636 638 637
639 640 641
639 641 642
643 639 642
643 644 639
645 644 643
645 643 646
647 645 646
647 646 648
649 647 648
649 650 647
651 650 649
651 652 650
653 652 651
653 654 652
654 655 652
654 656 655
657 656 654
658 654 653
657 654 658
658 653 659
660 657 658
659 661 658
660 658 662
662 658 661
663 660 662
662 661 664
663 662 664
664 661 665
666 663 664
667 664 665
666 664 667
667 665 668
669 667 668
670 666 667
669 671 667
670 667 671
671 669 672
670 671 673
671 672 673
670 673 674
672 675 673
674 673 675
672 676 675
674 675 677
678 675 676
677 675 678
679 680 681
679 681 682
683 679 682
683 682 684
685 683 684
685 686 683
687 686 685
687 688 686
689 688 687
689 690 691
692 690 689
692 693 690
694 695 696
697 695 694
694 698 697
697 699 695
697 698 700
701 699 697
697 700 701
701 702 699
700 703 701
703 702 701
700 704 703
703 705 702
704 706 703
706 705 703
704 707 706
707 708 706
706 709 705
708 709 706
707 710 708
708 711 709
708 710 712
713 711 708
708 712 714
713 708 714
714 712 715
716 713 714
714 715 717
716 714 717
717 715 718
717 719 716
717 718 720
717 720 719
718 721 720
721 719 720
722 723 724
725 722 724
725 724 726
727 722 725
727 728 722
728 727 729
728 729 730
731 730 729
731 729 732
733 731 732
733 732 734
734 735 733
734 736 735
737 735 736
737 736 738
737 738 739
740 741 742
742 741 743
742 743 744
744 743 745
746 742 744
746 747 742
747 748 742
747 749 748
749 750 748
749 751 750
752 750 751
753 746 744
744 745 754
753 744 754
755 754 745
753 754 755
755 745 756
753 755 757
756 758 755
757 755 758
756 759 758
757 758 760
758 759 761
760 758 762
758 761 762
760 762 763
762 761 764
765 763 762
762 764 765
765 766 763
764 767 765
766 765 767
764 768 767
766 767 769
770 767 768
769 767 770
770 768 771
769 770 772
771 773 770
773 772 770
771 774 773
773 775 772
776 773 774
776 775 773
776 777 775
776 774 778
779 777 776
778 780 776
779 776 780
778 781 780
782 779 780
783 780 781
782 780 783
783 781 784
785 782 783
784 786 783
785 783 786
784 787 786
788 785 786
789 786 787
788 786 789
789 787 790
788 789 791
789 790 791
792 793 794
792 794 795
796 792 795
796 795 797
798 796 797
798 799 796
799 798 800
799 800 801
801 800 802
801 802 803
804 803 802
804 802 805
804 805 806
804 806 807
806 805 808
809 810 811
809 812 810
809 813 812
813 814 812
813 809 815
816 815 809
813 817 814
817 818 814
816 819 815
820 819 816
820 821 819
815 819 821
815 821 822
822 823 815
813 815 823
813 823 824
813 824 817
817 824 825
817 825 826
817 826 818
827 826 825
818 826 828
827 828 826
818 828 829
828 827 830
829 828 831
828 830 831
829 831 832
831 830 833
832 831 833
834 835 836
834 836 837
834 837 838
834 838 839
837 836 840
840 836 841
837 840 842
837 842 838
840 841 843
840 843 842
841 844 843
839 838 845
839 845 846
838 842 847
838 847 845
848 846 845
847 848 845
848 849 846
842 850 847
842 843 850
844 851 843
844 852 851
853 851 852
854 843 851
850 843 854
853 854 851
855 849 848
855 856 849
855 857 856
847 858 848
858 847 850
858 855 848
859 850 854
858 850 859
853 860 854
859 854 860
858 861 855
858 859 861
855 862 857
861 862 855
861 859 863
861 863 862
863 859 860
857 862 864
864 862 863
857 864 865
864 863 866
866 863 860
860 853 867
867 853 868
867 868 869
870 867 869
866 867 870
860 867 871
866 860 871
866 871 867
872 873 874
872 874 875
875 874 876
877 872 875
877 875 878
878 879 877
880 881 882
881 880 883
881 883 884
884 883 885
884 885 886
886 885 887
886 887 888
888 887 889
888 889 890
890 889 891
890 891 892
891 893 892
891 894 893
893 894 895
896 897 898
897 896 899
897 899 900
901 900 899
901 902 900
903 902 901
903 904 902
903 905 904
903 906 905
906 907 905
906 908 907
908 909 907
910 909 908
911 909 910
912 913 914
912 914 915
915 916 912
915 914 917
917 914 918
917 918 919
919 918 920
919 920 921
921 920 922
921 922 923
923 922 924
923 924 925
925 924 926
926 924 927
926 927 928
926 928 929
930 929 928
930 928 931
915 917 932
932 933 915
915 933 916
932 934 933
935 916 933
936 933 934
935 933 936
936 934 937
938 935 936
939 936 937
938 936 939
939 937 940
941 938 939
942 939 940
941 939 942
942 940 943
944 941 942
945 942 943
944 942 945
945 943 946
947 944 945
948 945 946
947 945 949
948 949 945
950 947 949
951 949 948
950 949 952
951 952 949
953 950 952
954 952 951
953 952 955
954 955 952
953 955 956
955 954 956
957 958 959
957 959 960
957 960 961
957 961 962
962 961 963
962 963 964
964 963 965
964 965 966
960 959 967
961 960 968
967 968 960
963 961 969
961 968 969
959 970 967
959 971 970
967 972 968
970 972 967
973 970 971
973 971 974
965 963 975
963 969 975
976 969 968
976 968 972
970 977 972
977 970 973
974 978 973
974 979 978
975 969 980
976 980 969
976 972 981
981 972 977
977 973 982
978 982 973
979 983 978
979 984 983
983 984 985
981 977 986
986 977 982
975 980 987
976 988 980
987 980 988
981 989 976
976 989 988
990 975 987
965 975 990
991 965 990
966 965 991
981 992 989
981 986 993
981 993 992
994 989 992
994 988 989
995 992 993
994 992 995
990 987 996
987 988 997
996 987 997
994 998 988
997 988 998
991 990 999
999 990 996
1000 994 995
1000 998 994
1000 995 1001
1000 1002 998
1001 995 1003
995 993 1003
1001 1003 1004
1005 998 1002
997 998 1005
1005 1002 1006
996 997 1007
1007 997 1005
1008 1005 1006
1007 1005 1008
1008 1006 1009
1003 993 1010
1010 993 986
1004 1003 1011
1003 1010 1011
1004 1011 1012
1013 996 1007
999 996 1013
1014 1007 1008
1013 1007 1014
1015 1008 1009
1014 1008 1015
1015 1009 1016
1010 986 1017
986 982 1017
1011 1010 1018
1017 1018 1010
1012 1011 1019
1011 1018 1019
1012 1019 1020
1015 1021 1014
1013 1014 1021
1016 1022 1015
1015 1022 1021
1017 982 1023
978 1023 982
1017 1024 1018
1017 1023 1024
978 1025 1023
1023 1025 1024
978 983 1025
1024 1026 1018
1024 1025 1026
1019 1018 1026
983 1027 1025
1026 1025 1027
983 985 1027
1019 1026 1028
1028 1026 1027
1020 1019 1028
1020 1028 1029
1030 1029 1028
1028 1027 1030
1030 1031 1029
985 1032 1027
1030 1027 1032
985 1033 1032
1031 1030 1034
1030 1032 1034
1031 1034 1035
1035 1034 1036
1034 1032 1036
1036 1032 1033
1036 1033 1037
1038 1039 1040
1040 1041 1038
1040 1042 1041
1043 1041 1042
1043 1044 1041
1045 1044 1043
1045 1043 1046
1047 1045 1046
1047 1046 1048
1049 1047 1048
1049 1050 1047
1051 1050 1049
1052 1053 1054
1052 1054 1055
1054 1056 1055
1055 1056 1057
1056 1058 1057
1059 1057 1058
1059 1060 1057
1061 1060 1059
1061 1062 1060
1063 1064 1065
1065 1066 1063
1067 1066 1065
1067 1068 1066
1068 1067 1069
1068 1069 1070
1067 1065 1071
1072 1069 1067
1067 1071 1072
1065 1073 1071
1074 1073 1065
1073 1075 1071
1073 1076 1075
1076 1073 1074
1076 1074 1077
1078 1077 1074
1079 1071 1075
1079 1072 1071
1072 1079 1080
1072 1080 1081
1072 1081 1069
1082 1081 1080
1083 1070 1069
1083 1069 1081
1082 1084 1081
1083 1081 1084
1083 1085 1070
1086 1070 1085
1087 1084 1082
1087 1082 1088
1084 1089 1083
1085 1083 1089
1084 1087 1089
1090 1086 1085
1085 1089 1090
1090 1091 1086
1092 1087 1088
1092 1088 1093
1094 1089 1087
1090 1089 1094
1094 1087 1092
1091 1090 1095
1090 1094 1095
1091 1095 1096
1097 1092 1093
1097 1093 1098
1099 1094 1092
1095 1094 1099
1099 1092 1097
1097 1100 1099
1096 1095 1101
1095 1099 1101
1101 1099 1100
1096 1101 1102
1098 1103 1097
1097 1103 1100
1098 1104 1103
1103 1104 1105
1102 1101 1106
1101 1100 1106
1102 1106 1107
1108 1107 1106
1103 1105 1109
1100 1103 1109
1109 1105 1110
1108 1106 1111
1111 1106 1100
1111 1112 1108
1100 1109 1113
1111 1100 1113
1109 1110 1114
1113 1109 1114
1114 1110 1115
1111 1116 1112
1113 1116 1111
1116 1117 1112
1114 1115 1118
1118 1115 1119
1113 1114 1120
1113 1120 1116
1120 1114 1118
1116 1121 1117
1120 1121 1116
1122 1117 1121
1118 1119 1123
1123 1119 1124
1120 1118 1125
1120 1125 1121
1125 1118 1123
1122 1121 1126
1126 1121 1125
1126 1127 1122
1123 1124 1128
1128 1124 1129
1128 1129 1130
1125 1123 1131
1126 1125 1131
1131 1123 1128
1126 1132 1127
1131 1132 1126
1132 1133 1127
1134 1128 1130
1131 1128 1134
1131 1134 1132
1134 1130 1135
1132 1136 1133
1134 1136 1132
1134 1135 1136
1136 1137 1133
1135 1138 1136
1136 1138 1137
1139 1140 1141
1139 1141 1142
1143 1142 1141
1143 1141 1144
1144 1145 1143
1144 1146 1145
1147 1145 1146
1147 1146 1148
1149 1147 1148
1149 1148 1150
1149 1150 1151
1149 1151 1152
1152 1151 1153
1152 1153 1154
1154 1153 1155
1154 1155 1156
1155 1157 1156
1155 1158 1157
1158 1159 1157
1160 1161 1162
1160 1162 1163
1163 1162 1164
1163 1164 1165
1165 1164 1166
1165 1166 1167
1167 1166 1168
1167 1168 1169
1169 1168 1170
1169 1170 1171
1171 1170 1172
1171 1172 1173
1173 1172 1174
1173 1174 1175
1175 1174 1176
1175 1176 1177
1177 1176 1178
1177 1178 1179
1178 1180 1179
1181 1180 1182
1183 1181 1182
1183 1182 1184
1184 1185 1183
1184 1186 1185
1186 1187 1185
1186 1188 1187
1189 1187 1188
1189 1188 1190
1191 1189 1190
1191 1192 1189
1193 1192 1191
1193 1194 1192
1195 1194 1193
1195 1193 1196
1196 1197 1195
1196 1198 1197
1198 1199 1197
1198 1200 1199
1201 1202 1203
1204 1201 1203
1205 1204 1203
1205 1206 1204
1206 1205 1207
1208 1207 1205
1207 1208 1209
1207 1209 1210
1210 1209 1211
1210 1211 1212
1212 1211 1213
1212 1213 1214
1215 1214 1213
1215 1216 1214
1217 1216 1215
1217 1218 1216
1218 1217 1219
1218 1219 1220
1221 1220 1219
1221 1222 1220
1223 1224 1217
1224 1223 1225
1224 1225 1226
1226 1227 1224
1226 1228 1227
1226 1225 1229
1226 1230 1228
1226 1229 1230
1231 1228 1230
1232 1230 1229
1231 1230 1232
1233 1231 1232
1232 1229 1234
1233 1232 1235
1235 1232 1234
1235 1236 1233
1237 1235 1234
1235 1237 1236
1238 1237 1234
1237 1239 1236
1238 1239 1237
1240 1241 1242
1240 1242 1243
1243 1242 1244
1245 1243 1244
1240 1243 1246
1245 1246 1243
1240 1246 1247
1248 1246 1245
1249 1247 1246
1248 1249 1246
1249 1250 1247
1251 1249 1248
1250 1249 1252
1251 1252 1249
1252 1251 1253
1250 1252 1254
1252 1253 1255
1254 1252 1255
1256 1255 1253
1254 1255 1257
1254 1257 1258
1256 1259 1255
1259 1257 1255
1259 1260 1257
1261 1259 1256
1259 1262 1260
1261 1263 1259
1259 1263 1262
1263 1261 1264
1265 1262 1263
1263 1264 1265
1265 1266 1262
1265 1264 1267
1268 1266 1265
1265 1267 1269
1268 1265 1269
1270 1269 1267
1269 1271 1268
1270 1272 1269
1269 1272 1271
1273 1272 1270
1274 1271 1272
1273 1274 1272
1274 1275 1271
1276 1274 1273
1275 1274 1277
1276 1277 1274
1275 1277 1278
1276 1279 1277
1279 1278 1277
1276 1280 1279
1279 1281 1278
1279 1280 1282
1282 1281 1279
1283 1284 1285
1286 1284 1283
1286 1287 1284
1288 1287 1286
1288 1286 1289
1290 1288 1289
1290 1291 1288
1292 1291 1290
1292 1293 1291
1294 1293 1292
1294 1292 1295
1296 1294 1295
1296 1295 1297
1296 1297 1298
1299 1300 1301
1300 1302 1301
1302 1303 1301
1300 1304 1302
1305 1304 1300
1306 1304 1305
1307 1303 1302
1307 1302 1304
1307 1308 1303
1309 1308 1307
1306 1310 1304
1307 1304 1310
1311 1310 1306
1309 1307 1312
1310 1312 1307
1312 1313 1309
1311 1314 1310
1310 1314 1312
1315 1314 1311
1312 1316 1313
1316 1312 1314
1317 1313 1316
1315 1318 1314
1316 1314 1318
1318 1315 1319
1317 1316 1320
1318 1320 1316
1321 1317 1320
1318 1319 1322
1318 1322 1320
1321 1320 1323
1322 1323 1320
1319 1324 1322
1322 1324 1323
1319 1325 1324
1326 1321 1323
1324 1326 1323
1326 1327 1321
1325 1328 1324
1324 1328 1326
1325 1329 1328
1327 1326 1330
1330 1326 1328
1331 1328 1329
1330 1328 1331
1331 1329 1332
1327 1330 1333
1334 1327 1333
1333 1335 1334
1330 1336 1333
1333 1336 1335
1331 1336 1330
1336 1337 1335
1332 1338 1331
1331 1338 1336
1332 1339 1338
1336 1340 1337
1338 1340 1336
1341 1337 1340
1339 1342 1338
1338 1342 1340
1339 1343 1342
1341 1340 1344
1344 1340 1342
1344 1345 1341
1346 1342 1343
1344 1342 1346
1346 1343 1347
1344 1348 1345
1348 1344 1346
1348 1349 1345
1350 1346 1347
1348 1346 1350
1350 1347 1351
1348 1352 1349
1350 1352 1348
1349 1352 1353
1351 1354 1350
1350 1354 1352
1352 1354 1353
1351 1355 1354
1353 1354 1355
1356 1357 1358
1356 1358 1359
1360 1356 1359
1360 1359 1361
1362 1360 1361
1362 1361 1363
1364 1362 1363
1364 1363 1365
1366 1364 1365
1366 1365 1367
1368 1366 1367
1368 1367 1369
1370 1368 1369
1370 1369 1371
1372 1370 1371
1373 1369 1367
1371 1369 1373
1373 1367 1374
1374 1367 1365
1374 1365 1375
1365 1376 1375
1365 1363 1376
1363 1377 1376
1363 1361 1377
1361 1378 1377
1361 1359 1378
1359 1379 1378
1359 1358 1379
1371 1373 1380
1381 1379 1358
1381 1358 1382
1383 1381 1382
1383 1384 1381
1385 1384 1383
1385 1383 1386
1387 1385 1386
1387 1386 1388
1389 1387 1388
1390 1371 1380
1390 1391 1371
1392 1391 1390
1372 1371 1391
1392 1372 1391
1393 1394 1395
1396 1394 1393
1393 1397 1396
1396 1398 1394
1396 1397 1399
1398 1396 1400
1400 1396 1399
1398 1400 1401
1400 1399 1402
1400 1403 1401
1403 1400 1402
1401 1403 1404
1405 1403 1402
1405 1402 1406
1403 1407 1404
1405 1407 1403
1407 1408 1404
1409 1408 1407
1405 1409 1407
1410 1405 1406
1409 1405 1410
1410 1406 1411
1409 1410 1412
1410 1411 1413
1412 1410 1413
1414 1415 1416
1414 1417 1415
1414 1418 1417
1419 1418 1414
1418 1419 1420
1418 1421 1417
1418 1420 1422
1418 1422 1421
1423 1422 1420
1424 1421 1422
1423 1424 1422
1424 1425 1421
1424 1423 1426
1425 1424 1427
1424 1426 1427
1425 1427 1428
1426 1429 1427
1428 1427 1429
1428 1429 1430
1426 1431 1429
1432 1430 1429
1433 1429 1431
1432 1429 1433
1433 1431 1434
1433 1435 1432
1434 1436 1433
1433 1436 1435
1434 1437 1436
1438 1435 1436
1439 1436 1437
1438 1436 1439
1439 1437 1440
1441 1438 1439
1442 1439 1440
1441 1439 1442
1442 1440 1443
1442 1444 1441
1443 1445 1442
1442 1445 1444
1443 1446 1445
1445 1447 1444
1446 1448 1445
1445 1448 1447
1446 1449 1448
1450 1447 1448
1451 1448 1449
1450 1448 1451
1451 1449 1452
1453 1450 1451
1452 1454 1451
1453 1451 1454
1452 1455 1454
1456 1453 1454
1457 1454 1455
1456 1454 1457
1457 1455 1458
1456 1457 1459
1459 1457 1458
1460 1461 1462
1463 1461 1460
1463 1464 1461
1463 1465 1464
1466 1465 1463
1464 1465 1467
1468 1465 1466
1467 1465 1469
1468 1469 1465
1467 1469 1470
1471 1470 1469
1471 1472 1470
1471 1473 1472
1474 1469 1468
1474 1471 1469
1471 1475 1473
1476 1473 1475
1468 1477 1474
1468 1478 1477
1474 1477 1479
1471 1474 1480
1474 1479 1480
1471 1480 1475
1480 1479 1481
1480 1481 1482
1482 1475 1480
1482 1481 1483
1476 1475 1484
1482 1484 1475
1484 1485 1476
1484 1486 1485
1482 1486 1484
1486 1487 1485
1482 1483 1488
1482 1488 1486
1488 1483 1489
1486 1490 1487
1488 1490 1486
1490 1491 1487
1488 1489 1492
1488 1492 1490
1492 1489 1493
1490 1494 1491
1492 1494 1490
1492 1493 1495
1492 1495 1494
1495 1493 1496
1497 1491 1494
1495 1497 1494
1497 1498 1491
1495 1496 1499
1495 1499 1497
1500 1498 1497
1500 1501 1498
1502 1501 1500
1502 1500 1503
1503 1504 1502
1503 1505 1504
1506 1504 1505
1507 1497 1499
1508 1499 1496
1507 1499 1508
1508 1496 1509
1510 1507 1508
1508 1509 1511
1510 1508 1512
1508 1511 1512
1512 1513 1510
1514 1512 1511
1512 1514 1513
1514 1511 1515
1516 1513 1514
1514 1515 1516
1517 1518 1519
1518 1520 1519
1518 1521 1520
1521 1522 1520
1521 1523 1522
1523 1524 1522
1523 1525 1524
1525 1526 1524
1527 1524 1526
1525 1528 1526
1528 1529 1526
1528 1530 1529
1531 1529 1530
1531 1530 1532
1532 1533 1531
1532 1534 1533
1534 1535 1533
1534 1536 1535
1536 1537 1535
1536 1538 1537
1538 1539 1537
1538 1540 1539
1540 1541 1539
1540 1542 1541
1542 1543 1541
1542 1544 1543
1544 1545 1543
1544 1546 1545
1546 1547 1545
1546 1548 1547
1547 1548 1549
1550 1551 1552
1552 1551 1553
1553 1551 1554
1552 1553 1555
1552 1555 1556
1556 1555 1557
1556 1557 1558
1558 1557 1559
1558 1559 1560
1561 1560 1559
1561 1559 1562
1563 1561 1562
1563 1562 1564
1565 1563 1564
1565 1564 1566
1567 1565 1566
1567 1566 1568
1568 1569 1567
1570 1571 1572
1573 1572 1571
1573 1574 1572
1575 1573 1571
1575 1571 1576
1577 1574 1573
1577 1573 1575
1577 1578 1574
1577 1579 1578
1577 1580 1579
1580 1581 1579
1577 1575 1582
1580 1577 1582
1580 1583 1581
1583 1584 1581
1580 1582 1585
1583 1580 1585
1583 1586 1584
1587 1584 1586
1583 1585 1588
1586 1583 1588
1587 1586 1589
1590 1587 1589
1586 1588 1591
1591 1589 1586
1590 1589 1592
1592 1593 1590
1591 1594 1589
1592 1589 1594
1592 1595 1593
1596 1593 1595
1592 1594 1597
1597 1595 1592
1596 1595 1598
1599 1596 1598
1597 1600 1595
1598 1595 1600
1599 1598 1601
1602 1599 1601
1591 1588 1603
1594 1591 1604
1591 1603 1604
1605 1597 1594
1594 1604 1605
1606 1600 1597
1605 1606 1597
1588 1607 1603
1588 1585 1607
1585 1608 1607
1585 1582 1608
1582 1609 1608
1582 1575 1609
1610 1609 1575
1610 1575 1576
1576 1611 1610
1576 1612 1611
1611 1612 1613
1611 1613 1614
1615 1614 1613
1610 1611 1616
1611 1614 1616
1617 1609 1610
1610 1616 1617
1608 1609 1618
1617 1618 1609
1607 1608 1619
1608 1618 1619
1615 1620 1614
1620 1615 1621
1617 1622 1618
1619 1618 1622
1617 1623 1622
1616 1623 1617
1619 1622 1624
1616 1625 1623
1607 1619 1626
1624 1626 1619
1603 1607 1626
1624 1627 1626
1616 1614 1628
1628 1625 1616
1628 1629 1625
1628 1614 1620
1628 1630 1629
1603 1626 1631
1627 1631 1626
1627 1632 1631
1604 1603 1631
1632 1633 1631
1628 1620 1634
1628 1634 1630
1620 1621 1634
1634 1635 1630
1621 1635 1634
1604 1631 1636
1633 1636 1631
1605 1604 1636
1636 1633 1637
1605 1636 1638
1636 1637 1638
1638 1637 1639
1606 1605 1638
1638 1639 1640
1606 1638 1640
1641 1640 1639
1641 1642 1640
1642 1606 1640
1642 1641 1643
1642 1644 1606
1606 1644 1600
1642 1643 1645
1645 1644 1642
1646 1600 1644
1645 1646 1644
1646 1598 1600
1643 1647 1645
1647 1646 1645
1643 1648 1647
1649 1598 1646
1647 1649 1646
1649 1601 1598
1648 1650 1647
1650 1649 1647
1648 1651 1650
1652 1650 1651
1653 1601 1649
1650 1653 1649
1652 1654 1650
1654 1653 1650
1654 1652 1655
1653 1656 1601
1602 1601 1656
1654 1657 1653
1657 1656 1653
1654 1655 1658
1657 1654 1658
1659 1658 1655
1660 1602 1656
1657 1660 1656
1660 1661 1602
1662 1661 1660
1657 1658 1663
1658 1659 1663
1663 1660 1657
1662 1660 1664
1664 1659 1662
1659 1664 1663
1663 1664 1660
1665 1666 1667
1665 1667 1668
1668 1667 1669
1670 1665 1668
1670 1668 1671
1671 1668 1672
1671 1672 1673
1674 1670 1671
1671 1673 1675
1674 1671 1676
1671 1675 1676
1676 1675 1677
1678 1674 1676
1676 1677 1679
1678 1676 1679
1679 1677 1680
1678 1679 1681
1679 1680 1681
1678 1681 1682
1681 1680 1683
1682 1681 1684
1681 1683 1684
1682 1684 1685
1684 1683 1686
1687 1685 1684
1684 1686 1687
1687 1688 1685
1687 1686 1689
1688 1687 1690
1687 1689 1690
1688 1690 1691
1690 1689 1692
1691 1690 1692
1693 1694 1695
1693 1696 1694
1697 1696 1693
1696 1698 1694
1697 1699 1696
1700 1699 1697
1696 1701 1698
1701 1696 1699
1701 1702 1698
1701 1699 1703
1700 1704 1699
1703 1699 1704
1705 1704 1700
1703 1704 1706
1705 1707 1704
1706 1704 1707
1708 1707 1705
1706 1707 1709
1708 1710 1707
1709 1707 1710
1711 1710 1708
1709 1710 1712
1711 1713 1710
1712 1710 1713
1712 1713 1714
1715 1713 1711
1713 1716 1714
1715 1717 1713
1713 1717 1716
1718 1717 1715
1716 1717 1719
1718 1719 1717
1716 1719 1720
1721 1719 1718
1719 1721 1720
1722 1723 1724
1722 1724 1725
1722 1725 1726
1722 1726 1727
1727 1726 1728
1727 1728 1729
1730 1729 1728
1730 1728 1731
1732 1730 1731
1732 1731 1733
1734 1732 1733
1734 1733 1735
1736 1734 1735
1736 1735 1737
1738 1736 1737
1738 1737 1739
1740 1738 1739
1740 1739 1741
1742 1740 1741
1742 1741 1743
1741 1744 1743
1741 1739 1744
1744 1739 1737
1744 1737 1745
1745 1737 1735
1745 1735 1746
1746 1735 1733
1746 1733 1747
1747 1733 1731
1747 1731 1748
1748 1731 1728
1748 1728 1749
1749 1728 1726
1750 1748 1749
1751 1748 1750
1749 1726 1752
1752 1726 1725
1751 1750 1753
1754 1751 1753
1750 1749 1755
1755 1749 1752
1752 1725 1756
1756 1725 1724
1754 1753 1757
1758 1754 1757
1755 1752 1759
1752 1756 1759
1756 1724 1760
1724 1761 1760
1758 1757 1762
1763 1758 1762
1763 1762 1764
1765 1763 1764
1765 1764 1766
1766 1764 1762
1766 1762 1767
1767 1762 1757
1767 1757 1768
1768 1757 1753
1768 1753 1769
1769 1753 1750
1769 1750 1770
1770 1750 1755
1770 1755 1771
1771 1755 1759
1771 1759 1772
1759 1773 1772
1759 1756 1773
1756 1774 1773
1756 1760 1774
1775 1774 1760
1775 1760 1761
1776 1775 1761
1776 1761 1777
1776 1777 1778
1779 1780 1781
1780 1782 1781
1780 1783 1782
1783 1784 1782
1783 1785 1784
1785 1786 1784
1785 1787 1786
1787 1788 1786
1787 1789 1788
1789 1790 1788
1789 1791 1790
1791 1792 1790
1791 1793 1792
1790 1792 1794
1792 1793 1795
1796 1795 1793
1792 1797 1794
1792 1795 1797
1796 1798 1795
1795 1799 1797
1795 1798 1799
1798 1800 1799
1801 1800 1798
1801 1798 1802
1803 1802 1798
1803 1798 1796
1802 1803 1804
1805 1804 1803
1806 1803 1796
1805 1803 1806
1806 1796 1807
1808 1805 1806
1809 1806 1807
1808 1806 1809
1809 1807 1810
1811 1808 1809
1811 1809 1810
1799 1812 1813
1799 1813 1814
1814 1813 1815
1814 1815 1816
1817 1814 1816
1797 1799 1814
1817 1818 1814
1797 1814 1818
1819 1818 1817
1797 1818 1820
1819 1820 1818
1797 1820 1794
1820 1819 1821
1822 1794 1820
1820 1821 1822
1822 1823 1794
1822 1824 1823
1825 1822 1821
1822 1825 1824
1825 1821 1826
1825 1827 1824
1826 1828 1825
1825 1828 1827
1826 1829 1828
1828 1830 1827
1829 1831 1828
1828 1831 1830
1829 1832 1831
1831 1833 1830
1832 1833 1831
1834 1835 1836
1834 1836 1837
1837 1838 1834
1837 1839 1838
1840 1838 1839
1840 1839 1841
1840 1841 1842
1843 1842 1841
1843 1841 1839
1842 1843 1844
1845 1844 1843
1843 1839 1846
1837 1846 1839
1845 1843 1846
1837 1847 1846
1847 1845 1846
1836 1847 1837
1847 1848 1845
1847 1849 1848
1847 1850 1849
1836 1850 1847
1849 1850 1851
1851 1850 1836
1849 1851 1852
1851 1836 1853
1853 1836 1854
1853 1854 1855
1855 1856 1853
1851 1853 1856
1855 1857 1856
1858 1856 1857
1852 1851 1859
1851 1856 1859
1852 1859 1860
1858 1861 1856
1861 1859 1856
1862 1861 1858
1860 1859 1863
1861 1863 1859
1860 1863 1864
1865 1864 1863
1862 1866 1861
1866 1863 1861
1867 1866 1862
1867 1868 1866
1869 1868 1867
1869 1870 1868
1869 1871 1870
1866 1872 1863
1865 1863 1872
1873 1865 1872
1873 1872 1874
1873 1874 1875
1876 1877 1878
1876 1879 1877
1880 1877 1879
1881 1879 1876
1880 1879 1882
1881 1883 1879
1882 1879 1883
1884 1883 1881
1882 1883 1885
1884 1886 1883
1886 1885 1883
1887 1886 1884
1886 1888 1885
1886 1887 1888
1889 1890 1891
1891 1890 1892
1891 1892 1893
1892 1890 1894
1893 1892 1895
1894 1895 1892
1894 1896 1895
1893 1895 1897
1897 1895 1898
1897 1898 1899
1895 1900 1898
1895 1901 1900
1898 1900 1902
1898 1902 1903
1903 1899 1898
1902 1904 1903
1903 1905 1899
1904 1905 1903
1904 1906 1905
1907 1900 1901
1908 1906 1904
1907 1909 1900
1909 1907 1910
1909 1911 1900
1902 1900 1911
1909 1912 1911
1912 1913 1911
1913 1902 1911
1912 1914 1913
1915 1913 1914
1915 1916 1913
1917 1916 1915
1908 1904 1918
1919 1908 1918
1913 1920 1902
1920 1913 1916
1917 1921 1916
1922 1921 1917
1920 1916 1923
1923 1916 1921
1920 1923 1924
1902 1920 1924
1923 1921 1925
1922 1926 1921
1925 1921 1926
1927 1926 1922
1925 1926 1928
1902 1924 1929
1902 1929 1904
1930 1929 1924
1930 1904 1929
1930 1918 1904
1931 1918 1930
1927 1932 1926
1928 1926 1932
1933 1932 1927
1928 1932 1934
1931 1935 1918
1919 1918 1935
1936 1935 1931
1937 1919 1935
1933 1938 1932
1934 1932 1938
1939 1938 1933
1934 1938 1940
1936 1941 1935
1937 1935 1941
1942 1941 1936
1943 1937 1941
1939 1944 1938
1940 1938 1944
1939 1945 1944
1940 1944 1946
1944 1945 1946
1942 1947 1941
1943 1941 1947
1948 1947 1942
1943 1947 1949
1948 1949 1947
1943 1949 1950
1951 1949 1948
1951 1950 1949
1952 1953 1954
1952 1955 1953
1956 1955 1952
1956 1957 1955
1957 1956 1958
1957 1958 1959
1960 1961 1962
1960 1963 1961
1964 1961 1963
1965 1963 1960
1964 1963 1966
1965 1967 1963
1966 1963 1967
1968 1967 1965
1966 1967 1969
1968 1970 1967
1969 1967 1970
1971 1970 1968
1969 1970 1972
1971 1973 1970
1972 1970 1973
1974 1973 1971
1972 1973 1975
1974 1976 1973
1975 1973 1976
1977 1976 1974
1975 1976 1978
1977 1979 1976
1978 1976 1979
1980 1979 1977
1978 1979 1981
1980 1981 1979
1982 1983 1984
1982 1984 1985
1985 1984 1986
1985 1986 1987
1988 1989 1990
1990 1989 1991
1992 1993 1994
1992 1994 1995
1992 1995 1996
1995 1994 1997
1995 1997 1998
1995 1998 1996
1997 1999 1998
1997 2000 1999
2000 2001 1999
2000 2002 2001
1998 1999 2003
1999 2001 2003
1998 2004 1996
1998 2003 2004
1996 2004 2005
1996 2005 2006
2006 2005 2007
2006 2007 2008
2002 2009 2001
2002 2010 2009
2001 2011 2003
2001 2009 2011
2010 2012 2009
2010 2013 2012
2012 2013 2014
2003 2011 2015
2003 2015 2016
2009 2017 2011
2009 2012 2017
2012 2014 2018
2018 2014 2019
2011 2020 2015
2011 2017 2020
2016 2015 2021
2016 2021 2022
2012 2023 2017
2012 2018 2023
2018 2019 2024
2024 2019 2025
2022 2021 2026
2022 2026 2007
2021 2027 2026
2015 2028 2021
2021 2028 2027
2015 2020 2028
2028 2029 2027
2020 2029 2028
2017 2030 2020
2020 2030 2029
2017 2023 2030
2030 2031 2029
2023 2031 2030
2023 2032 2031
2018 2032 2023
2032 2033 2031
2018 2024 2032
2024 2033 2032
2024 2034 2033
2024 2025 2034
2035 2034 2025
2035 2036 2034
2037 2036 2035
2036 2038 2034
2039 966 2040
2040 966 2041
2040 2041 2042
966 991 2041
2042 2041 2043
2042 2043 2044
2044 2043 2045
2041 991 2046
2041 2046 2043
2046 991 999
2045 2043 2047
2047 2043 2046
2048 2045 2047
2046 999 2049
2049 999 1013
2048 2047 2050
2051 2048 2050
2047 2046 2052
2052 2046 2049
2050 2047 2052
2049 1013 2053
1013 1021 2053
2051 2050 2054
2051 2054 2055
2050 2052 2056
2054 2050 2056
2052 2049 2057
2057 2049 2053
2056 2052 2057
2058 2053 1021
2057 2053 2058
2054 2056 2059
2054 2059 2055
2056 2057 2060
2059 2056 2060
2059 2061 2055
2059 2060 2061
2061 2062 2055
2062 2061 2060
2062 2063 2055
2064 2060 2057
2062 2060 2064
2063 2062 2064
2064 2057 2058
2063 2064 2065
2065 2064 2058
2058 1021 2066
2066 1021 1022
2058 2067 2065
2058 2066 2067
2066 1022 2068
2067 2066 2068
2069 2065 2067
2069 2070 2065
2067 2068 2071
2071 2069 2067
2072 2068 1022
2071 2068 2072
2070 2069 2073
2070 2073 2074
2071 2075 2069
2073 2069 2075
2074 2073 2076
2074 2076 2077
2072 1022 2078
1016 2078 1022
1016 2079 2078
2079 2072 2078
2079 2080 2072
2071 2072 2081
2080 2081 2072
2081 2075 2071
2080 2082 2081
2083 2081 2082
2083 2084 2081
2081 2084 2075
2084 2083 2085
2086 2075 2084
2073 2075 2086
2076 2073 2086
2084 2085 2087
2086 2084 2087
2087 2085 2088
2076 2086 2089
2089 2086 2087
2087 2088 2090
2089 2087 2090
2090 2088 2091
2092 2076 2089
2077 2076 2092
2077 2092 2093
2093 2092 2094
2092 2089 2095
2095 2089 2090
2092 2095 2094
2096 2091 2094
2090 2091 2096
2095 2096 2094
2095 2090 2096
2097 2098 2099
2100 2098 2097
2100 2097 2101
2102 2100 2101
2103 2102 2101
2102 2104 2100
2105 2102 2103
2106 2104 2102
2105 2106 2102
2106 2107 2104
2106 2105 2108
2109 2107 2106
2106 2108 2109
2109 2110 2107
2111 2109 2108
2109 2112 2110
2111 2113 2109
2109 2113 2112
2114 2113 2111
2114 2112 2113
2114 2111 2115
2114 2116 2112
2117 2114 2115
2117 2116 2114
2117 2115 2118
2117 2119 2116
2118 2120 2117
2120 2119 2117
2118 2121 2120
2120 2122 2119
2123 2120 2121
2123 2122 2120
2123 2121 2124
2123 2125 2122
2123 2124 2126
2127 2125 2123
2123 2126 2127
2127 2128 2125
2127 2126 2129
2130 2128 2127
2127 2129 2131
2130 2127 2131
2131 2129 2132
2133 2130 2131
2131 2132 2134
2133 2131 2134
2135 2133 2134
2134 2132 2136
2135 2134 2137
2134 2136 2137
2138 2135 2137
2139 2137 2136
2138 2137 2139
2139 2136 2140
2141 2138 2139
2142 2139 2140
2141 2139 2142
2142 2140 2143
2144 2141 2142
2145 2142 2143
2144 2142 2145
2145 2143 2146
2144 2145 2147
2145 2146 2147
2148 2149 2150
2151 2149 2148
2151 2152 2149
2152 2151 2153
2154 2153 2151
2152 2153 2155
2156 2153 2154
2155 2153 2157
2156 2157 2153
2155 2157 2158
2159 2157 2156
2158 2157 2159
2159 2156 2160
2158 2159 2161
2160 2162 2159
2162 2161 2159
2160 2163 2162
2162 2164 2161
2165 2162 2163
2164 2162 2165
2165 2163 2166
2164 2165 2167
2168 2165 2166
2167 2165 2168
2168 2166 2169
2167 2168 2170
2168 2169 2171
2170 2168 2172
2168 2171 2172
2170 2172 2173
2172 2171 2174
2173 2172 2175
2172 2174 2175
2173 2175 2176
2177 2175 2174
2176 2175 2177
2177 2174 2178
2176 2177 2179
2177 2178 2180
2179 2177 2181
2177 2180 2181
2179 2181 2182
2181 2180 2183
2182 2181 2184
2181 2183 2184
2182 2184 2185
2184 2183 2186
2187 2185 2184
2184 2186 2188
2187 2184 2188
2189 2188 2186
2187 2188 2189
2189 2186 2190
2187 2189 2191
2192 2189 2190
2191 2189 2192
2192 2190 2193
2191 2192 2194
2192 2193 2195
2194 2192 2195
2196 2197 2198
2196 2199 2197
2199 2200 2197
2196 2201 2199
2201 2200 2199
2202 2201 2196
2201 2203 2200
2202 2204 2201
2204 2203 2201
2205 2204 2202
2204 2206 2203
2205 2207 2204
2207 2206 2204
2207 2205 2208
2207 2209 2206
2207 2208 2210
2209 2207 2210
2209 2210 2211
2212 2210 2208
2213 2211 2210
2212 2213 2210
2213 2212 2214
2213 2214 2215
2215 2214 2216
2215 2216 2217
2217 2216 2218
2219 2220 2221
2220 2219 2222
2219 2223 2222
2219 2224 2223
2222 2223 2225
2225 2223 2226
2222 2225 2227
2227 2228 2222
2228 2220 2222
2228 2229 2220
2220 2229 2230
2228 2231 2229
2229 2231 2232
2233 2234 2235
2233 2235 2236
2237 2233 2236
2236 2238 2237
2239 2238 2236
2238 2240 2237
2239 2241 2238
2241 2240 2238
2239 2242 2241
2243 2241 2242
2243 2244 2241
2244 2243 2245
2241 2246 2240
2244 2246 2241
2244 2245 2247
2247 2245 2248
2247 2248 2249
2240 2246 2250
2240 2250 2251
2250 2252 2251
2250 2253 2252
2244 2254 2246
2247 2254 2244
2254 2250 2246
2249 2255 2247
2247 2255 2254
2249 2256 2255
2253 2250 2257
2254 2257 2250
2257 2254 2255
2253 2257 2258
2259 2255 2256
2257 2255 2259
2259 2256 2260
2259 2260 2261
2257 2262 2258
2257 2259 2262
2259 2261 2262
2258 2262 2263
2262 2261 2264
2262 2265 2263
2262 2264 2265
2266 2267 2268
2266 2269 2267
2266 2270 2269
2270 2271 2269
2270 2272 2271
2272 2273 2271
2272 2274 2273
2274 2275 2273
2274 2276 2275
2277 2275 2276
2277 2276 2278
2278 2279 2277
2278 2280 2279
2281 2279 2280
2281 2282 2279
2283 2282 2281
2283 2284 2282
2285 2284 2283
2285 2286 2284
2286 2285 307
2286 307 2287
2288 2287 307
299 2288 307
2288 2289 2287
2288 299 2290
2291 2289 2288
2288 2290 2291
2291 2292 2289
2291 2290 2293
2294 2292 2291
2291 2293 2294
2294 2295 2292
2296 2294 2293
2294 2297 2295
2296 2298 2294
2294 2298 2297
2298 2296 2299
2297 2298 2300
2298 2299 2301
2300 2298 2301
2301 2299 2302
2301 2302 2303
2300 2301 2303
2300 2303 2304
2305 2306 2307
2307 2308 2305
2308 2309 2305
2308 2310 2309
2310 2311 2309
2310 2312 2311
2312 2313 2311
2314 2313 2312
2313 2315 2311
2313 2314 2316
2315 2313 2317
2313 2316 2317
2315 2317 2318
2317 2316 2319
2318 2317 2320
2317 2319 2320
2318 2320 2321
2320 2319 2322
2321 2320 2323
2320 2322 2323
2321 2323 2324
2323 2322 2325
2326 2324 2323
2323 2325 2327
2326 2323 2327
2327 2325 2328
2326 2327 2329
2327 2328 2329
2326 2329 2330
2329 2328 2331
2332 2330 2329
2329 2331 2333
2332 2329 2333
2333 2331 2334
2335 2332 2333
2333 2334 2336
2335 2333 2336
2336 2334 2337
2338 2335 2336
2336 2337 2339
2338 2336 2339
2339 2337 2340
2341 2338 2339
2339 2340 2342
2341 2339 2342
2342 2340 2343
2341 2342 2343
2344 2345 2346
2345 2347 2346
2346 2347 2348
2348 2347 2349
2348 2349 2350
2350 2349 2351
2350 2351 2352
2351 2353 2352
2353 2354 2352
2352 2354 2355
2354 2356 2355
2353 2357 2354
2354 2357 2356
2358 2357 2353
2359 2356 2357
2360 2357 2358
2359 2357 2361
2360 2361 2357
2361 2362 2359
2361 2360 2363
2361 2364 2362
2361 2363 2364
2364 2365 2362
2364 2363 2366
2364 2367 2365
2364 2366 2367
2367 2368 2365
2366 2369 2367
2367 2369 2368
2366 2370 2369
2368 2369 2371
2370 2371 2369
2368 2371 2372
2370 2373 2371
2371 2374 2372
2373 2375 2371
2371 2375 2374
2373 2376 2375
2374 2375 2377
2375 2376 2377
2378 2379 2380
2381 2378 2380
2378 2381 2382
2381 2383 2382
2381 2380 2384
2384 2380 2385
2381 2386 2383
2386 2381 2384
2387 2384 2385
2386 2384 2387
2387 2385 2388
2389 2387 2388
2389 2390 2387
2390 2386 2387
2391 2390 2389
2383 2386 2392
2390 2392 2386
2383 2392 2393
2394 2390 2391
2395 2394 2391
2396 2392 2390
2393 2392 2396
2396 2390 2394
2397 2394 2395
2397 2396 2394
2393 2396 2398
2398 2396 2397
2393 2398 2399
2399 2398 2400
2398 2397 2400
2399 2400 2401
2401 2400 2402
2402 2400 2397
2401 2402 2403
2395 2404 2397
2402 2397 2404
2395 2405 2404
2404 2405 2406
2404 2406 2407
2407 2402 2404
2408 2407 2406
2403 2402 2409
2407 2409 2402
2403 2409 2410
2410 2409 2411
2407 2411 2409
2410 2411 2412
2413 2412 2411
2413 2411 2414
2408 2415 2407
2407 2415 2411
2414 2411 2415
2416 2415 2408
2414 2415 2417
2416 2417 2415
2418 2419 2420
2418 2420 2421
2422 2418 2421
2423 2418 2422
2422 2421 2424
2422 2425 2423
2426 2423 2425
2426 2425 2427
2422 2424 2428
2428 2425 2422
2424 2429 2428
2430 2428 2429
2431 2427 2425
2431 2425 2428
2431 2428 2430
2431 2432 2427
2430 2433 2431
2432 2431 2433
2430 2434 2433
2432 2433 2435
2433 2434 2436
2435 2433 2436
2437 2438 2439
2437 2440 2438
2441 2438 2440
2442 2440 2437
2442 2443 2440
2441 2440 2444
2443 2444 2440
2443 2445 2444
2446 2441 2444
2447 2444 2445
2446 2444 2447
2447 2448 2446
2447 2449 2448
2450 2448 2449
2450 2449 2451
2452 2450 2451
2452 2451 2453
2454 2452 2453
2437 2455 2456
2437 2456 2457
2458 2457 2456
2437 2457 2459
2437 2459 2460
2457 2461 2459
2457 2462 2461
2458 2462 2457
2463 2461 2462
2464 2462 2458
2463 2462 2464
2464 2458 2465
2464 2466 2463
2465 2467 2464
2464 2467 2466
2465 2468 2467
2467 2469 2466
2468 2470 2467
2467 2470 2469
2468 2471 2470
2470 2472 2469
2471 2473 2470
2470 2473 2472
2471 2474 2473
2473 2475 2472
2474 2476 2473
2473 2476 2475
2474 2477 2476
2476 2478 2475
2477 2478 2476
2479 2480 2481
2479 2481 2482
2483 2484 2485
2483 2486 2484
2483 2487 2486
2483 2488 2487
2489 2490 2491
2489 2491 2492
2493 2494 2495
2493 2495 2496
2497 2498 2499
2500 2497 2499
2500 2499 2501
2502 2503 2504
2505 2503 2502
2506 2503 2505
2506 2505 2507
2508 2509 2510
2511 2509 2508
2511 2512 2509
2511 2513 2512
2511 2514 2513
2512 2513 2515
2513 2516 2515
2514 2517 2513
2513 2517 2516
2517 2518 2519
2517 2519 2520
2521 2522 2523
2521 2523 2524
2524 2523 409
2524 2525 2521
409 419 2524
2524 419 2525
2526 2525 419
2526 419 2527
419 418 2527
2528 2527 418
2529 2526 2527
2528 2530 2527
2529 2527 2530
2531 2530 2528
2532 2529 2530
2531 2532 2530
2532 2533 2529
2532 2531 2534
2533 2532 2535
2532 2534 2535
2533 2535 2536
2535 2534 2537
2536 2535 2538
2535 2537 2538
2536 2538 2539
2537 2540 2538
2538 2540 2539
2541 2542 2543
2541 2543 2544
2544 2543 2545
2544 2545 2546
2546 2545 2547
2546 2547 2548
2548 2547 2549
2548 2549 2550
2551 2550 2549
2551 2552 2550
2552 2551 2553
2552 2553 2554
2553 2555 2554
2556 2557 2558
2556 2558 2559
2560 16 2561
2562 2560 2561
2563 2561 16
2563 16 2564
2562 2561 2565
2563 2565 2561
2566 2562 2565
2567 2563 2564
2563 2567 2565
2567 2564 2568
2566 2565 2569
2567 2569 2565
2570 2566 2569
2568 2571 2567
2567 2571 2569
2568 2572 2571
2570 2569 2573
2571 2573 2569
2574 2570 2573
2572 2575 2571
2571 2575 2573
2572 2576 2575
2574 2573 2577
2575 2577 2573
2578 2574 2577
2576 2579 2575
2575 2579 2577
2576 2580 2579
2578 2577 2581
2579 2581 2577
2582 2578 2581
2582 2581 2583
2580 2584 2579
2579 2584 2581
2584 2583 2581
2580 2585 2584
2584 2586 2583
2584 2585 2587
2584 2587 2586
2588 2589 2590
2588 2591 2589
2592 2590 2589
2591 2593 2589
2592 2589 2593
2591 2594 2593
2595 2592 2593
2594 2596 2593
2595 2593 2596
2594 2597 2596
2598 2595 2596
2597 2599 2596
2598 2596 2599
2597 2600 2599
2599 2601 2598
2600 2602 2599
2599 2602 2601
2600 2603 2602
2602 2604 2601
2605 2602 2603
2602 2605 2604
2605 2603 2606
2607 2604 2605
2607 2605 2608
2605 2606 2609
2605 2609 2608
2607 2608 2610
2607 2610 2611
2608 2609 2612
2608 2612 2610
2611 2610 2613
2611 2613 2614
2610 2612 2615
2610 2615 2613
2616 2614 2613
2616 2617 2614
2613 2615 2618
2613 2618 2616
2617 2616 2619
2617 2619 2620
2618 2621 2616
2616 2621 2619
2620 2619 2622
2620 2622 2623
2619 2621 2624
2619 2624 2622
2625 2623 2622
2625 2626 2623
2618 2627 2621
2624 2621 2627
2622 2624 2628
2622 2628 2625
2625 2628 2629
2630 2626 2625
2625 2629 2630
2630 2631 2626
2632 2631 2630
2629 2632 2630
2632 2633 2631
2628 2624 2634
2624 2627 2634
2634 2635 2628
2629 2628 2635
2627 2636 2634
2634 2636 2635
2618 2637 2627
2627 2637 2636
2638 2633 2632
2638 2639 2633
2640 2639 2638
2638 2641 2640
2632 2641 2638
2640 2641 2642
2632 2643 2641
2629 2643 2632
2642 2641 2644
2644 2641 2643
2642 2644 2645
2646 2645 2644
2644 2643 2647
2629 2647 2643
2646 2644 2647
2629 2648 2647
2646 2647 2648
2629 2635 2648
2646 2648 2649
2635 2650 2648
2650 2649 2648
2636 2650 2635
2650 2651 2649
2636 2652 2650
2652 2651 2650
2652 2653 2651
2652 2636 2637
2653 2652 2654
2652 2637 2654
2653 2654 2655
2654 2637 2656
2618 2656 2637
2656 2618 2615
2655 2654 2657
2654 2656 2657
2655 2657 2658
2656 2615 2659
2659 2657 2656
2612 2659 2615
2660 2658 2657
2659 2660 2657
2660 2661 2658
2612 2662 2659
2660 2659 2662
2609 2662 2612
2661 2660 2663
2660 2662 2663
2661 2663 2664
2609 2665 2662
2663 2662 2665
2606 2665 2609
2664 2663 2666
2663 2665 2666
2664 2666 2667
2668 2667 2666
2668 2666 2669
2665 2669 2666
2670 2668 2669
2606 2671 2665
2665 2671 2669
2670 2669 2672
2671 2672 2669
2673 2670 2672
2606 2674 2671
2671 2674 2672
2606 2675 2674
2673 2672 2676
2674 2676 2672
2677 2673 2676
2675 2678 2674
2674 2678 2676
2675 2679 2678
2677 2676 2680
2678 2680 2676
2681 2677 2680
2679 2682 2678
2678 2682 2680
2679 2683 2682
2681 2680 2684
2682 2684 2680
2685 2681 2684
2683 2686 2682
2682 2686 2684
2683 2687 2686
2685 2684 2688
2686 2688 2684
2689 2685 2688
2690 2686 2687
2686 2690 2688
2690 2687 2691
2689 2688 2692
2690 2692 2688
2693 2689 2692
2691 2694 2690
2690 2694 2692
2694 2693 2692
2691 2695 2694
2695 2693 2694
2696 2697 2698
2699 2696 2698
2697 2700 2698
2699 2698 2701
2701 2698 2700
2702 2699 2701
2701 2700 2703
2702 2701 2704
2703 2704 2701
2704 2705 2702
2703 2706 2704
2704 2707 2705
2707 2704 2706
2707 2706 2708
2709 2705 2707
2710 2707 2708
2709 2707 2710
2710 2708 2711
2712 2710 2711
2712 2711 2713
2714 2709 2710
2714 2710 2712
2715 2712 2713
2715 2713 2716
2712 2717 2714
2712 2715 2717
2716 2718 2715
2716 2719 2718
2718 2719 2720
2721 2717 2715
2721 2715 2718
2718 2720 2722
2722 2720 2723
2724 2718 2722
2724 2721 2718
2722 2723 2725
2724 2722 2725
2723 2726 2725
2723 2727 2726
2728 2726 2727
2724 2725 2729
2729 2725 2726
2721 2724 2730
2730 2724 2729
2717 2721 2731
2721 2730 2731
2717 2731 2732
2732 2714 2717
2732 2733 2714
2709 2714 2733
2709 2733 2734
2734 2735 2709
2734 2736 2735
2736 2737 2735
2736 2738 2737
2739 2737 2738
2732 2731 2740
2741 2733 2732
2732 2740 2741
2734 2733 2742
2741 2742 2733
2743 2736 2734
2734 2742 2743
2744 2738 2736
2743 2744 2736
2745 2742 2741
2740 2745 2741
2745 2746 2742
2743 2742 2746
2743 2746 2747
2747 2744 2743
2740 2748 2745
2747 2749 2744
2731 2750 2740
2748 2740 2750
2748 2750 2751
2731 2730 2750
2744 2752 2738
2752 2744 2749
2752 2749 2753
2752 2739 2738
2754 2751 2750
2730 2754 2750
2754 2755 2751
2753 2756 2752
2752 2756 2739
2753 2757 2756
2739 2756 2758
2757 2758 2756
2739 2758 2759
2757 2760 2758
2761 2759 2758
2760 2762 2758
2761 2758 2762
2760 2763 2762
2764 2761 2762
2763 2764 2762
2765 2755 2754
2765 2766 2755
2767 2765 2754
2730 2767 2754
2730 2729 2767
2768 2766 2765
2768 2769 2766
2767 2770 2765
2729 2770 2767
2770 2768 2765
2729 2771 2770
2729 2726 2771
2770 2772 2768
2771 2772 2770
2771 2726 2773
2771 2773 2772
2726 2728 2773
2768 2774 2769
2772 2774 2768
2728 2775 2773
2728 2776 2775
2776 2777 2775
2773 2778 2772
2772 2778 2774
2773 2775 2778
2779 2769 2774
2778 2779 2774
2779 2780 2769
2775 2777 2781
2775 2781 2778
2778 2781 2779
2782 2781 2777
2783 2780 2779
2783 2779 2781
2783 2781 2782
2783 2784 2780
2783 2782 2785
2785 2784 2783
2786 2787 2788
2786 2788 2789
2790 2786 2789
2790 2791 2786
2786 2791 2787
2790 2792 2791
2793 2787 2791
2793 2794 2787
2792 2795 2791
2795 2793 2791
2796 2794 2793
2796 2797 2794
2792 2798 2795
2792 2799 2798
2795 2800 2793
2798 2800 2795
2800 2796 2793
2799 2801 2798
2798 2801 2800
2799 2802 2801
2800 2803 2796
2801 2803 2800
2804 2797 2796
2803 2804 2796
2802 2805 2801
2801 2805 2803
2806 2797 2804
2806 2807 2797
2803 2808 2804
2805 2808 2803
2808 2806 2804
2802 2809 2805
2810 2809 2802
2805 2811 2808
2809 2811 2805
2810 2812 2809
2813 2812 2810
2814 2807 2806
2814 2815 2807
2808 2816 2806
2811 2816 2808
2809 2817 2811
2812 2817 2809
2806 2816 2818
2806 2818 2814
2819 2814 2818
2811 2820 2816
2817 2820 2811
2820 2818 2816
2814 2821 2815
2819 2821 2814
2822 2815 2821
2819 2822 2821
2822 2823 2815
2822 2824 2823
2824 2825 2823
2824 2826 2825
2827 2824 2822
2819 2827 2822
2828 2826 2824
2827 2828 2824
2828 2829 2826
2830 2829 2828
2830 2831 2829
2832 2828 2827
2832 2830 2828
2833 2831 2830
2833 2834 2831
2835 2830 2832
2835 2833 2830
2836 2832 2827
2836 2835 2832
2834 2833 2837
2834 2837 2838
2819 2839 2827
2836 2827 2839
2840 2833 2835
2840 2837 2833
2838 2837 2841
2838 2841 2842
2837 2840 2843
2837 2843 2841
2842 2841 2844
2842 2844 2845
2846 2841 2843
2846 2844 2841
2845 2844 2847
2845 2847 2848
2844 2846 2849
2844 2849 2847
2848 2847 2850
2848 2850 2851
2852 2850 2847
2852 2847 2849
2853 2851 2850
2853 2850 2852
2853 2854 2851
2855 2854 2853
2855 2856 2854
2856 2855 2857
2856 2857 2858
2858 2857 2859
2858 2859 2860
2855 2861 2857
2857 2861 2859
2853 2862 2855
2855 2862 2861
2863 2853 2852
2853 2863 2862
2849 2864 2852
2863 2852 2864
2865 2862 2863
2861 2862 2865
2859 2866 2860
2866 2867 2860
2868 2867 2866
2868 2869 2867
2859 2870 2866
2868 2866 2870
2859 2861 2871
2870 2859 2871
2849 2872 2864
2846 2872 2849
2873 2863 2864
2865 2863 2873
2874 2861 2865
2871 2861 2874
2869 2868 2875
2869 2875 2876
2846 2877 2872
2843 2877 2846
2878 2864 2872
2873 2864 2878
2879 2865 2873
2874 2865 2879
2880 2876 2875
2880 2881 2876
2843 2882 2877
2882 2843 2840
2883 2872 2877
2878 2872 2883
2878 2884 2873
2879 2873 2884
2885 2881 2880
2885 2886 2881
2882 2840 2887
2887 2840 2835
2888 2877 2882
2883 2877 2888
2883 2889 2878
2878 2889 2884
2890 2886 2885
2890 2891 2886
2887 2835 2892
2892 2835 2836
2893 2882 2887
2888 2882 2893
2894 2883 2888
2883 2894 2889
2891 2890 2895
2891 2895 2896
2896 2895 2897
2896 2897 2898
2899 2895 2890
2897 2895 2899
2898 2897 2900
2898 2900 2901
2897 2902 2900
2899 2902 2897
2901 2900 2903
2902 2903 2900
2901 2903 2904
2894 2888 2905
2905 2888 2893
2899 2890 2906
2906 2890 2885
2906 2885 2907
2907 2885 2880
2899 2906 2908
2908 2906 2907
2899 2909 2902
2908 2909 2899
2907 2880 2910
2910 2880 2875
2908 2907 2911
2910 2911 2907
2910 2875 2912
2868 2912 2875
2909 2913 2902
2902 2913 2903
2908 2914 2909
2911 2914 2908
2910 2915 2911
2912 2915 2910
2868 2916 2912
2868 2870 2916
2909 2917 2913
2914 2917 2909
2911 2918 2914
2915 2918 2911
2912 2919 2915
2919 2912 2916
2916 2870 2920
2871 2920 2870
2914 2921 2917
2918 2921 2914
2915 2922 2918
2919 2922 2915
2919 2916 2923
2916 2920 2923
2871 2924 2920
2924 2871 2874
2924 2874 2925
2879 2925 2874
2920 2924 2926
2924 2925 2926
2879 2927 2925
2884 2927 2879
2922 2928 2918
2918 2928 2921
2919 2929 2922
2923 2929 2919
2930 2923 2920
2920 2926 2930
2931 2926 2925
2931 2925 2927
2927 2884 2932
2889 2932 2884
2922 2933 2928
2929 2933 2922
2923 2934 2929
2930 2934 2923
2935 2930 2926
2931 2935 2926
2936 2934 2930
2935 2936 2930
2929 2934 2937
2936 2937 2934
2936 2938 2937
2929 2937 2939
2929 2939 2933
2939 2937 2938
2935 2940 2936
2936 2940 2938
2933 2941 2928
2939 2942 2933
2933 2942 2941
2939 2938 2943
2939 2943 2942
2928 2941 2944
2928 2944 2921
2921 2944 2945
2921 2945 2917
2917 2945 2946
2917 2946 2913
2913 2946 2947
2913 2947 2903
2948 2946 2945
2948 2947 2946
2944 2949 2945
2948 2945 2949
2941 2950 2944
2944 2950 2949
2942 2951 2941
2941 2951 2950
2943 2952 2942
2942 2952 2951
2903 2947 2953
2903 2953 2904
2904 2953 2954
2954 2953 2955
2953 2947 2956
2953 2956 2955
2948 2956 2947
2956 2957 2955
2943 2958 2952
2938 2958 2943
2951 2952 2959
2958 2959 2952
2948 2960 2956
2956 2960 2957
2948 2961 2960
2961 2948 2949
2957 2960 2962
2962 2960 2961
2963 2961 2949
2962 2961 2963
2962 2964 2957
2965 2957 2964
2964 2966 2965
2967 2964 2962
2962 2963 2967
2968 2966 2964
2967 2968 2964
2968 2969 2966
2963 2949 2970
2970 2949 2950
2963 2971 2967
2963 2970 2971
2967 2972 2968
2967 2971 2972
2973 2969 2968
2972 2973 2968
2973 2974 2969
2975 2974 2973
2975 2973 2976
2972 2976 2973
2977 2975 2976
2970 2950 2978
2978 2971 2970
2979 2972 2971
2978 2979 2971
2950 2980 2978
2980 2979 2978
2950 2951 2980
2951 2959 2980
2977 2976 2981
2981 2982 2977
2972 2983 2976
2979 2983 2972
2983 2981 2976
2981 2984 2982
2985 2982 2984
2983 2986 2981
2979 2986 2983
2986 2984 2981
2980 2987 2979
2979 2987 2986
2980 2959 2988
2980 2988 2987
2987 2989 2986
2986 2989 2984
2987 2988 2989
2985 2984 2990
2989 2990 2984
2991 2985 2990
2989 2992 2990
2988 2992 2989
2991 2990 2993
2992 2993 2990
2994 2991 2993
2995 2988 2959
2958 2995 2959
2988 2996 2992
2995 2996 2988
2994 2993 2997
2998 2994 2997
2992 2999 2993
2996 2999 2992
2997 2993 2999
3000 2995 2958
2938 3000 2958
3001 2996 2995
3000 3001 2995
2938 3002 3000
3002 3001 3000
2938 2940 3002
2996 3003 2999
3001 3003 2996
2997 2999 3004
3004 2999 3003
2997 3005 2998
3004 3005 2997
3002 3006 3001
3006 3003 3001
3007 3002 2940
3007 3006 3002
3006 3008 3003
3004 3003 3008
3008 3006 3009
3007 3009 3006
3010 3004 3008
3008 3009 3010
3011 2998 3005
2998 3011 3012
3013 3012 3011
3004 3014 3005
3010 3014 3004
3011 3005 3015
3015 3005 3014
3013 3011 3016
3016 3011 3015
3010 3017 3014
3017 3015 3014
3010 3009 3018
3010 3018 3017
3013 3016 3019
3013 3019 3020
3016 3015 3021
3021 3019 3016
3015 3017 3022
3021 3015 3022
3020 3019 3023
3020 3023 3024
3021 3025 3019
3023 3019 3025
3024 3023 3026
3024 3026 3027
3028 3018 3009
3028 3009 3007
3018 3029 3017
3029 3022 3017
3018 3030 3029
3028 3030 3018
3021 3022 3031
3021 3031 3025
3023 3025 3032
3026 3023 3032
3033 3022 3029
3030 3033 3029
3025 3031 3034
3025 3034 3032
3035 3031 3022
3033 3035 3022
3034 3031 3035
3036 3035 3033
3034 3035 3036
3037 3033 3030
3028 3038 3030
3038 3037 3030
3028 3039 3038
3039 3037 3038
3036 3033 3040
3040 3033 3037
3028 3041 3039
3041 3028 3007
3041 3007 3042
3007 2940 3042
2935 3042 2940
2935 3041 3042
2935 2931 3041
3039 3041 2931
3039 2931 3043
2931 2927 3043
3043 2927 2932
3044 3039 3043
3039 3044 3037
3044 3043 2932
3040 3037 3045
3045 3037 3044
3044 2932 3046
2889 3046 2932
3046 2889 2894
3044 3046 3047
3045 3044 3047
3046 2894 3048
3047 3046 3048
2905 3048 2894
3049 3048 2905
3047 3048 3050
3049 3050 3048
3051 3047 3050
3051 3045 3047
3051 3050 3049
3052 3040 3045
3052 3045 3051
3053 3049 2905
2905 2893 3053
3054 3040 3052
3054 3036 3040
3055 3052 3051
3051 3049 3055
3053 2893 3056
3053 3056 3057
2893 2887 3056
3056 2887 2892
3053 3058 3049
3057 3058 3053
3059 3049 3058
3059 3055 3049
3059 3058 3057
3052 3055 3060
3052 3060 3054
3055 3059 3061
3057 3061 3059
3055 3061 3060
3056 2892 3062
3062 3057 3056
3062 2892 3063
3063 2892 2836
3063 2836 2839
3063 2839 3064
3064 2839 2819
3062 3063 3065
3065 3063 3064
3062 3066 3057
3066 3062 3065
3064 2819 3067
2819 2818 3067
3065 3064 3068
3068 3064 3067
3067 2818 3069
2820 3069 2818
3070 3057 3066
3057 3070 3061
3066 3065 3071
3065 3068 3071
3068 3067 3072
3067 3069 3072
3073 3068 3072
3073 3072 3069
3073 3071 3068
3074 3069 2820
3073 3069 3074
2817 3074 2820
3066 3071 3075
3070 3066 3075
3071 3073 3076
3075 3071 3076
3077 3074 2817
2812 3077 2817
3078 3073 3074
3076 3073 3078
3077 3078 3074
3079 3070 3075
3075 3076 3079
3076 3078 3080
3080 3078 3077
3079 3076 3080
3081 3077 2812
3080 3077 3081
3079 3082 3070
3082 3061 3070
3079 3080 3083
3083 3080 3081
3083 3082 3079
3081 2812 3084
2813 3084 2812
3085 3084 2813
3082 3086 3061
3060 3061 3086
3083 3081 3087
3087 3081 3084
3085 3088 3084
3087 3084 3088
3089 3088 3085
3083 3090 3082
3087 3090 3083
3086 3082 3090
3060 3086 3091
3054 3060 3091
3089 3092 3088
3093 3092 3089
3088 3094 3087
3087 3094 3090
3088 3092 3094
3086 3090 3095
3094 3095 3090
3095 3091 3086
3054 3091 3096
3096 3036 3054
3034 3036 3096
3093 3097 3092
3098 3097 3093
3092 3099 3094
3094 3099 3095
3092 3097 3099
3095 3100 3091
3096 3091 3100
3100 3095 3099
3034 3096 3101
3096 3100 3101
3032 3034 3101
3100 3099 3102
3102 3099 3097
3101 3100 3102
3098 3103 3097
3102 3097 3103
3027 3103 3098
3027 3026 3103
3026 3102 3103
3026 3032 3104
3032 3101 3104
3026 3104 3102
3101 3102 3104
248 3105 249
248 253 3105
249 3105 3106
253 3106 3105
249 3106 3107
253 3108 3106
3107 3106 3109
3108 3109 3106
3107 3109 3110
3108 3111 3109
3110 3109 3112
3111 3112 3109
3110 3112 3113
3111 3114 3112
3113 3112 3115
3114 3115 3112
3113 3115 3116
3114 3117 3115
3116 3115 3118
3117 3118 3115
3116 3118 3119
3117 3120 3118
3119 3118 3121
3120 3121 3118
3119 3121 3122
3120 3123 3121
3121 3124 3122
3123 3124 3121
3125 3126 3127
3127 3126 3128
3125 3127 3129
3130 3125 3129
3127 3128 3131
3131 3128 3132
3130 3129 3133
3134 3130 3133
3134 3133 3135
3136 3134 3135
3137 3133 3129
3135 3133 3137
3137 3129 3138
3138 3129 3127
3138 3127 3139
3139 3127 3131
3139 3131 3140
3135 3137 3141
3131 3142 3140
3131 3132 3143
3131 3143 3142
3143 3144 3142
3143 3132 3145
3143 3146 3144
3147 3135 3141
3136 3135 3147
3147 3141 3148
3147 3149 3136
3143 3145 3150
3150 3146 3143
3150 3145 3151
3148 3152 3147
3147 3152 3149
3148 3153 3152
3154 3149 3152
3146 3150 3155
3150 3151 3155
3146 3155 3156
3157 3152 3153
3154 3152 3157
3157 3153 3158
3154 3157 3159
3157 3158 3159
3160 3155 3151
3160 3156 3155
3160 3151 3161
3160 3162 3156
3163 3160 3161
3162 3160 3163
3161 3164 3163
3162 3163 3165
3164 3166 3163
3165 3163 3166
3164 3167 3166
3165 3166 3168
3166 3167 3168
3169 3170 3171
3172 3171 3170
3169 3171 3173
3173 3174 3169
3173 3175 3174
3176 3174 3175
3176 3175 3177
3178 3177 3175
3178 3175 3173
3178 3173 3171
3178 3171 3179
3172 3180 3171
3181 3180 3172
3171 3182 3179
3171 3180 3182
3181 3183 3180
3184 3183 3181
3180 3183 3185
3180 3185 3182
3184 3186 3183
3187 3186 3184
3183 3188 3185
3187 3189 3186
3190 3189 3187
3191 3186 3189
3190 3192 3189
3191 3189 3192
3192 3190 3193
3191 3192 3194
3192 3193 3195
3194 3192 3195
3194 3195 3196
3195 3193 3197
3196 3195 3198
3195 3197 3198
3196 3198 3199
3197 3200 3198
3200 3199 3198
3197 3201 3200
3200 3201 3202
3200 3203 3199
3200 3202 3204
3203 3200 3204
3202 3205 3204
3203 3204 3206
3206 3204 3205
3207 3203 3206
3208 3203 3207
3208 3209 3203
3210 3209 3208
3210 3211 3209
3212 3211 3210
3212 3213 3211
3214 3213 3212
3214 3215 3213
3214 3188 3215
3216 3188 3214
3185 3188 3216
3185 3216 3217
3217 3182 3185
3216 3214 3218
3217 3216 3218
3214 3212 3219
3218 3214 3219
3220 3212 3210
3219 3212 3220
3221 3210 3208
3220 3210 3221
3221 3208 3222
3220 3221 3223
3219 3220 3223
3219 3223 3224
3218 3219 3224
3218 3224 3225
3208 3207 3222
3226 3218 3225
3217 3218 3226
3207 3227 3222
3226 3228 3217
3226 3229 3228
3217 3228 3182
3230 3228 3229
3228 3179 3182
3227 3207 3231
3227 3231 3232
3207 3206 3231
3230 3233 3228
3228 3233 3179
3234 3233 3230
3235 3179 3233
3234 3236 3233
3235 3233 3236
3237 3236 3234
3236 3238 3235
3237 3239 3236
3236 3239 3238
3240 3239 3237
3232 3231 3241
3232 3241 3242
3231 3206 3243
3231 3243 3241
3206 3205 3243
3244 3238 3239
3238 3244 3245
3240 3246 3239
3244 3239 3246
3247 3246 3240
3247 3248 3246
3248 3244 3246
3249 3248 3247
3250 3245 3244
3248 3250 3244
3250 3251 3245
3243 3252 3241
3205 3252 3243
3249 3253 3248
3253 3250 3248
3254 3251 3250
3253 3254 3250
3254 3255 3251
3256 3253 3249
3256 3254 3253
3256 3249 3257
3258 3255 3254
3256 3258 3254
3258 3259 3255
3260 3256 3257
3258 3256 3260
3260 3257 3261
3259 3258 3262
3258 3260 3262
3259 3262 3263
3261 3264 3260
3264 3262 3260
3261 3265 3264
3266 3263 3262
3264 3266 3262
3266 3267 3263
3265 3268 3264
3268 3266 3264
3265 3269 3268
3270 3268 3269
3271 3267 3266
3268 3271 3266
3270 3271 3268
3271 3272 3267
3270 3272 3271
3242 3241 3273
3242 3273 3274
3241 3252 3273
3274 3273 3275
3274 3275 3276
3252 3277 3273
3273 3277 3275
3205 3277 3252
3278 3277 3205
3279 3277 3278
3275 3277 3279
3276 3275 3280
3279 3280 3275
3276 3280 3281
3279 3282 3280
3281 3280 3283
3282 3283 3280
3281 3283 3284
3282 3285 3283
3286 3284 3283
3287 3283 3285
3286 3283 3287
3288 3289 3290
3291 3289 3288
3291 3292 3289
3293 3292 3291
3294 3292 3293
3290 3289 3295
3295 3289 3292
3294 3296 3292
3297 3296 3294
3295 3298 3290
3290 3298 3299
3296 3300 3292
3295 3292 3300
3297 3301 3296
3302 3301 3297
3296 3303 3300
3301 3303 3296
3304 3301 3302
3304 3302 3305
3301 3306 3303
3306 3301 3304
3305 3307 3304
3305 3308 3307
3309 3306 3304
3309 3304 3307
3308 3310 3307
3307 3310 3309
3308 3311 3310
3303 3306 3312
3312 3306 3309
3300 3303 3313
3303 3312 3313
3310 3314 3309
3312 3309 3314
3311 3315 3310
3315 3314 3310
3316 3312 3314
3315 3316 3314
3316 3313 3312
3317 3315 3311
3317 3316 3315
3317 3311 3318
3300 3313 3319
3295 3300 3319
3320 3313 3316
3320 3319 3313
3321 3316 3317
3321 3320 3316
3320 3321 3322
3320 3322 3323
3324 3317 3318
3321 3317 3324
3324 3318 3325
3326 3321 3324
3326 3324 3325
3326 3322 3321
3326 3325 3327
3328 3326 3327
3322 3326 3328
3322 3328 3329
3330 3322 3329
3331 3322 3330
3331 3299 3322
3322 3299 3323
3320 3323 3332
3323 3299 3332
3332 3319 3320
3299 3298 3332
3332 3333 3319
3332 3298 3333
3295 3319 3333
3295 3333 3298
3334 3335 3336
3336 3335 3337
3334 3336 3338
3339 3334 3338
3336 3337 3340
3340 3337 3341
3339 3338 3342
3339 3342 3343
3342 3344 3343
3342 3345 3344
3342 3338 3345
3338 3346 3345
3338 3336 3346
3336 3347 3346
3336 3340 3347
3340 3348 3347
3340 3341 3349
3340 3349 3348
3349 3341 3350
3349 3351 3348
3349 3350 3352
3349 3352 3351
3352 3350 3353
3352 3354 3351
3352 3353 3355
3352 3355 3354
3355 3353 3356
3354 3355 3357
3355 3356 3357
3354 3357 3358
3356 3359 3357
3358 3357 3359
3356 3360 3359
3358 3359 3361
3360 3362 3359
3361 3359 3362
3360 3363 3362
3361 3362 3364
3362 3363 3365
3364 3362 3366
3362 3365 3366
3364 3366 3367
3365 3368 3366
3366 3368 3367
3369 3370 3371
3372 3370 3369
3372 3373 3370
3374 3373 3372
3374 3375 3373
3376 3375 3374
3376 3377 3375
3378 3377 3376
3378 3379 3377
3380 3379 3378
3380 3381 3379
3382 3381 3380
3382 3383 3381
3384 3383 3382
3384 3385 3383
3384 3386 3385
3384 3387 3386
3388 3386 3387
3388 3389 3386
3388 3390 3389
3388 3391 3390
3391 3392 3390
3393 3392 3394
3395 3393 3394
3395 3394 3396
3397 3395 3396
3397 3396 3398
3399 3397 3398
3399 3398 3400
3401 3399 3400
3401 3400 3402
3403 3401 3402
3403 3402 3404
3405 3403 3404
3405 3404 3406
3407 3405 3406
3407 3406 3408
3407 3408 3409
3407 3409 3410
3410 3409 3411
3410 3411 3412
3412 3411 3413
3412 3413 3414
3414 3413 3371
3415 3416 3417
3416 3418 3417
3415 3419 3416
3419 3415 3420
3421 3418 3416
3421 3416 3419
3421 3422 3418
3421 3423 3422
3419 3420 3424
3425 3424 3420
3421 3419 3426
3421 3426 3423
3426 3419 3424
3427 3423 3426
3426 3424 3427
3427 3428 3423
3425 3429 3424
3427 3424 3429
3429 3425 3430
3431 3428 3427
3427 3429 3431
3431 3432 3428
3429 3430 3433
3431 3429 3433
3434 3433 3430
3435 3432 3431
3431 3433 3435
3435 3436 3432
3435 3437 3436
3434 3438 3433
3438 3435 3433
3438 3434 3439
3435 3440 3437
3438 3440 3435
3441 3437 3440
3438 3439 3442
3440 3438 3442
3442 3439 3443
3441 3440 3444
3440 3442 3444
3444 3445 3441
3442 3443 3446
3444 3442 3446
3447 3446 3443
3444 3448 3445
3444 3446 3448
3448 3449 3445
3447 3450 3446
3448 3446 3450
3450 3447 3451
3448 3452 3449
3448 3450 3452
3452 3453 3449
3450 3451 3454
3452 3450 3454
3455 3454 3451
3452 3456 3453
3452 3454 3456
3456 3457 3453
3455 3458 3454
3456 3454 3458
3459 3458 3455
3456 3460 3457
3456 3458 3460
3460 3461 3457
3459 3462 3458
3462 3460 3458
3463 3462 3459
3460 3464 3461
3462 3464 3460
3464 3465 3461
3463 3466 3462
3466 3464 3462
3466 3463 3467
3464 3468 3465
3466 3468 3464
3468 3469 3465
3466 3467 3470
3468 3466 3470
3470 3467 3471
3468 3472 3469
3468 3470 3472
3472 3473 3469
3470 3471 3474
3472 3470 3474
3474 3471 3475
3472 3476 3473
3472 3474 3476
3476 3474 3475
3473 3476 3475
