byte offset: 0
first index: 0
index count: 11712
topology: trianglelist
format: DXGI_FORMAT_R16_UINT

0 1 2
3 4 5
4 6 7
4 7 8
8 7 9
8 9 10
10 9 11
10 11 12
12 11 13
12 13 14
15 16 17
16 18 19
16 20 18
20 21 18
20 22 21
22 23 21
22 24 23
24 25 23
24 26 25
27 28 29
30 31 32
32 33 34
35 36 37
38 39 40
41 42 43
44 45 46
47 48 49
48 50 51
52 53 54
55 56 57
58 59 60
61 62 63
64 65 66
67 68 64
67 64 69
70 67 69
70 69 71
72 73 74
75 76 77
75 78 79
80 78 75
80 75 81
82 80 81
82 81 83
81 75 84
84 75 85
83 81 86
81 84 86
83 86 87
88 87 86
89 84 85
86 84 89
89 85 90
88 86 91
86 89 91
92 88 91
92 91 93
91 94 93
91 89 94
94 89 95
96 97 98
99 98 100
101 102 99
100 103 104
105 106 107
108 109 110
111 112 113
111 114 115
116 117 118
119 120 121
122 123 124
125 126 127
128 129 126
128 130 129
131 132 133
134 135 136
136 137 138
139 140 141
142 143 144
145 146 147
148 149 150
151 149 152
151 152 153
153 154 151
155 156 157
158 155 159
158 159 160
160 161 162
160 162 163
164 160 165
164 165 166
167 168 164
167 169 168
170 171 172
173 174 175
176 173 177
176 177 178
179 180 181
182 179 183
182 184 179
185 184 182
185 186 184
187 188 189
190 191 192
190 193 194
195 190 194
195 196 190
197 196 195
197 198 196
196 199 190
199 200 190
198 201 196
196 201 199
198 202 201
203 201 202
204 200 199
201 204 199
204 205 200
203 206 201
201 206 204
207 206 203
207 208 206
206 208 209
206 209 204
209 210 204
211 212 213
214 215 212
216 214 217
215 218 219
220 221 222
223 224 225
226 227 228
226 229 230
231 232 233
234 235 236
237 238 239
240 241 242
243 242 244
243 244 245
246 247 248
249 250 251
250 252 253
254 255 256
257 258 259
260 261 262
263 264 265
266 265 267
268 266 267
267 269 268
270 271 272
273 274 270
273 275 274
275 276 277
275 277 278
279 280 275
279 281 280
282 279 283
282 283 284
285 286 287
288 289 290
291 292 288
291 293 292
294 295 296
297 298 295
297 295 299
300 297 299
300 301 297
302 303 304
305 306 303
305 303 307
308 305 307
308 309 305
310 311 312
313 312 314
313 314 315
316 313 315
316 317 313
318 319 320
321 320 322
321 322 323
324 321 323
324 325 321
326 327 328
329 328 330
329 330 331
332 329 331
332 331 333
334 335 336
337 338 335
337 335 339
340 337 339
340 341 337
342 343 344
345 344 346
345 346 347
348 345 347
348 349 345
350 351 352
353 352 354
353 354 355
356 353 355
356 357 353
358 359 360
361 360 362
361 362 363
364 361 363
364 365 361
366 367 368
369 366 370
369 370 371
372 369 371
372 371 373
374 375 376
377 378 376
377 376 379
380 377 379
380 379 381
382 383 384
385 386 384
385 384 387
388 385 387
388 387 389
390 391 392
393 394 392
393 392 395
396 393 395
396 395 397
398 399 400
401 400 402
401 402 403
404 401 403
404 405 401
406 407 408
409 407 410
410 407 411
411 407 412
413 407 414
415 407 413
416 407 415
412 417 418
418 417 419
419 417 420
421 417 422
423 417 421
417 423 424
425 407 426
426 407 427
428 407 429
430 407 428
431 417 432
432 417 433
433 417 434
434 417 435
435 417 436
436 417 437
438 439 440
441 440 442
441 443 440
444 443 441
444 441 445
446 447 448
449 448 450
449 451 448
452 451 449
452 449 453
454 455 456
457 458 455
457 459 458
460 459 457
460 457 461
462 463 464
465 466 463
465 467 466
468 467 465
468 465 469
470 471 472
473 474 471
473 475 474
476 475 473
476 477 475
478 479 480
481 480 482
481 483 480
484 483 481
484 481 485
486 487 488
489 490 487
489 491 490
492 491 489
492 489 493
494 495 496
497 498 495
497 499 498
500 499 497
500 497 501
502 503 504
505 506 503
505 507 506
508 507 505
508 505 509
510 511 512
513 514 510
513 515 514
516 515 513
516 517 515
518 519 520
521 519 522
521 523 519
524 523 521
524 525 523
526 527 528
529 527 530
529 531 527
532 531 529
532 533 531
534 535 536
537 535 538
537 539 535
540 539 537
540 541 539
542 543 544
545 546 543
545 547 546
548 547 545
548 545 549
550 551 552
553 554 552
554 555 552
555 556 552
556 557 558
557 559 558
559 560 558
561 562 558
563 561 558
558 564 563
565 566 552
567 565 552
568 567 552
569 570 558
570 571 558
571 572 558
572 573 558
573 574 558
574 575 558
576 577 552
577 578 552
579 580 552
581 579 552
582 583 584
582 585 586
585 582 587
585 587 588
585 588 589
585 589 590
590 591 585
592 590 589
592 589 593
590 592 594
594 592 595
596 594 595
596 595 597
598 596 597
598 599 596
598 600 599
601 592 593
592 601 602
592 602 603
602 604 603
602 605 604
598 604 605
598 605 606
606 605 607
605 608 607
605 609 608
601 593 610
593 611 610
601 610 612
611 612 610
601 612 613
614 601 613
614 615 601
611 616 612
617 616 611
617 611 618
619 617 618
619 620 617
621 620 619
593 622 611
623 622 593
624 611 622
625 619 624
621 619 626
627 621 626
627 628 621
629 628 627
629 627 630
631 619 625
632 627 631
631 625 633
632 631 634
635 627 632
624 622 636
625 624 636
635 632 637
638 635 637
639 638 637
639 640 638
638 640 641
638 641 642
641 643 642
641 644 643
645 644 641
645 641 646
643 644 647
644 645 648
644 648 647
643 647 649
649 647 650
649 650 651
647 648 652
647 652 650
645 653 648
645 654 653
648 653 655
648 655 652
656 654 645
656 645 657
658 656 657
658 659 656
652 655 660
661 659 658
652 660 662
650 652 662
662 660 663
662 663 664
650 662 665
665 662 664
665 664 666
651 650 665
667 665 666
651 665 667
667 666 668
669 667 668
669 668 670
671 667 669
671 651 667
672 651 671
672 673 651
673 672 674
673 674 643
643 674 675
643 675 676
675 638 676
675 677 638
638 677 678
638 678 679
680 681 682
680 682 683
684 680 683
685 683 682
684 683 686
687 684 686
688 683 685
686 683 688
688 685 689
687 686 690
688 690 686
691 687 690
688 689 692
692 689 693
691 690 694
695 691 694
695 694 696
697 690 688
694 690 697
696 694 697
697 688 692
696 697 698
698 697 699
697 692 699
698 699 700
692 693 701
699 692 701
701 693 702
700 699 703
699 701 703
700 703 704
701 702 705
703 701 705
705 702 706
705 706 707
703 705 708
708 705 707
704 703 708
708 707 709
710 708 709
704 708 710
710 709 711
712 710 711
712 711 713
714 704 710
714 710 712
715 712 713
715 713 716
717 712 715
717 714 712
718 704 714
718 719 704
720 718 714
720 714 721
722 718 720
719 718 723
722 723 718
719 723 724
725 723 722
725 726 723
724 723 726
727 726 725
727 725 728
729 726 727
729 730 726
724 726 730
731 730 729
731 732 730
730 732 724
731 733 732
724 732 734
724 734 735
724 735 736
736 735 737
734 732 738
739 738 732
739 740 738
741 742 743
741 744 742
745 744 741
746 742 744
745 747 744
748 747 745
749 746 744
747 749 744
749 750 746
748 751 747
749 747 751
752 751 748
749 753 750
753 754 750
752 755 751
756 755 752
756 757 755
758 749 751
755 758 751
757 758 755
758 753 749
757 759 758
759 760 758
758 760 753
759 761 760
753 762 754
760 762 753
762 763 754
761 764 760
760 764 762
761 765 764
762 766 763
764 766 762
766 767 763
766 768 767
764 769 766
769 768 766
765 769 764
769 770 768
771 770 769
765 771 769
771 772 770
773 772 771
773 774 772
775 771 765
775 773 771
776 774 773
776 777 774
778 776 773
778 773 775
779 775 765
779 765 780
781 775 779
781 782 775
783 781 779
780 784 779
783 779 784
780 785 784
786 783 784
786 784 787
785 787 784
788 786 787
788 789 786
790 788 787
790 787 791
785 791 787
792 790 791
792 791 793
791 785 793
792 793 794
785 795 793
785 796 795
785 797 796
797 798 796
795 799 793
800 793 799
800 799 801
802 803 804
802 805 803
805 806 803
805 807 806
805 808 807
802 809 805
805 809 808
802 810 809
811 808 809
812 809 810
811 809 812
812 810 813
814 811 812
815 812 813
814 812 815
815 813 816
817 814 815
817 815 816
817 818 814
817 816 819
819 820 817
819 821 820
817 820 822
817 822 823
820 824 822
825 820 821
820 825 824
825 821 826
825 827 824
826 828 825
825 828 827
826 829 828
828 830 827
831 828 829
828 831 830
831 829 832
830 831 833
833 831 832
830 833 834
835 834 833
833 832 836
835 833 837
837 833 836
837 836 838
839 840 837
839 837 841
841 837 842
841 842 843
844 845 841
844 841 846
846 841 847
846 847 848
849 846 850
849 850 851
852 846 849
852 849 853
849 854 855
849 856 854
857 854 856
857 856 858
859 856 849
858 856 859
859 849 860
858 859 861
862 863 864
865 862 864
865 864 866
867 865 866
867 866 868
869 867 868
869 868 870
871 869 870
871 872 869
873 872 871
873 871 874
875 862 876
875 876 877
877 878 875
878 879 875
880 878 877
880 877 881
880 881 882
880 882 883
882 884 883
882 885 884
885 585 884
585 886 887
886 888 887
886 889 888
890 888 889
890 889 891
891 892 890
891 893 892
893 879 892
893 894 879
895 894 896
897 895 896
897 896 898
897 898 899
897 899 900
899 901 900
899 902 901
903 590 901
904 600 895
904 895 905
905 906 904
905 907 906
908 906 907
590 908 909
908 907 909
910 658 911
910 640 658
658 640 912
658 912 913
912 914 913
912 915 914
632 915 912
632 912 916
914 915 917
918 915 632
914 917 919
918 920 919
918 632 921
625 918 921
625 922 918
918 922 920
923 922 625
923 625 924
622 923 924
622 925 923
623 925 622
926 925 623
920 922 927
926 928 925
927 925 928
587 928 926
587 929 928
928 929 930
927 928 931
920 927 931
928 930 932
930 920 932
930 933 920
920 933 934
920 934 935
934 914 935
934 936 914
914 936 661
914 661 937
661 658 937
938 939 940
938 940 941
942 938 941
942 941 943
941 940 944
945 943 941
941 944 946
945 941 946
944 947 946
947 945 946
944 948 947
947 949 945
947 948 950
949 947 951
947 950 951
949 951 952
953 952 951
950 954 951
953 951 954
950 955 954
956 953 954
957 954 955
956 954 957
957 955 958
957 959 956
958 959 957
960 961 962
960 962 963
964 960 963
964 963 965
963 962 966
967 965 963
963 966 968
967 963 968
966 969 968
969 967 968
966 970 969
969 971 967
969 970 972
971 969 973
969 972 973
971 973 974
975 974 973
972 976 973
975 973 976
972 977 976
978 975 976
979 976 977
978 976 979
979 977 980
979 981 978
980 981 979
982 983 984
982 985 983
986 983 985
986 985 987
987 988 986
987 989 988
990 989 987
990 991 989
992 990 987
992 987 993
982 992 993
982 994 992
991 990 995
995 990 992
991 995 996
994 997 992
995 992 997
994 998 997
996 995 999
999 995 997
996 999 1000
998 1001 997
999 997 1001
998 1002 1001
1000 999 1003
1003 999 1001
1000 1003 1004
1002 1005 1001
1003 1001 1005
1002 1006 1005
1004 1003 1007
1007 1003 1005
1004 1007 1008
1009 1008 1007
1006 1010 1005
1007 1005 1010
1006 1011 1010
1009 1007 1012
1010 1012 1007
1009 1012 1013
1011 1014 1010
1010 1014 1012
1011 1015 1014
1012 1016 1013
1012 1014 1016
1015 1016 1014
1016 1017 1013
1015 1018 1016
1016 1019 1017
1018 1019 1016
1018 1020 1019
1021 1022 1023
1021 1023 1024
1025 1024 1023
1025 1026 1024
1026 1025 1027
1026 1027 1028
1029 1026 1028
1029 1028 1030
1031 1026 1029
1031 1032 1026
1021 1032 1031
1021 1031 1033
1030 1034 1029
1034 1031 1029
1030 1035 1034
1033 1031 1036
1034 1036 1031
1033 1036 1037
1035 1038 1034
1038 1036 1034
1035 1039 1038
1037 1036 1040
1038 1040 1036
1037 1040 1041
1039 1042 1038
1042 1040 1038
1039 1043 1042
1041 1040 1044
1042 1044 1040
1041 1044 1045
1043 1046 1042
1046 1044 1042
1043 1047 1046
1048 1046 1047
1045 1044 1049
1046 1049 1044
1045 1049 1050
1048 1051 1046
1049 1046 1051
1048 1052 1051
1050 1049 1053
1049 1051 1053
1050 1053 1054
1051 1052 1055
1051 1055 1053
1054 1053 1055
1055 1052 1056
1054 1055 1057
1055 1056 1058
1057 1055 1058
1057 1058 1059
1060 1061 1062
1060 1063 1061
1064 1063 1060
1064 1065 1063
1066 1065 1064
1067 1063 1065
1068 1063 1067
1068 1067 1069
1067 1065 1070
1066 1071 1065
1070 1065 1071
1072 1071 1066
1070 1071 1073
1072 1074 1071
1073 1071 1074
1075 1074 1072
1073 1074 1076
1075 1077 1074
1076 1074 1077
1078 1077 1075
1076 1077 1079
1078 1080 1077
1079 1077 1080
1081 1080 1078
1079 1080 1082
1080 1083 1082
1080 1084 1085
1080 1086 1084
1087 1088 1089
1087 1090 1088
1091 1090 1087
1091 1087 1092
1093 1091 1092
1093 1092 1094
1095 1093 1094
1095 1094 1096
1097 1098 1099
1097 1100 1098
1101 1100 1097
1101 1102 1100
1103 1102 1101
1103 1104 1102
1104 1103 1105
1104 1105 1106
1107 1108 1109
1110 1107 1109
1110 1109 1111
1112 1110 1111
1112 1111 1113
1114 1112 1113
1114 1113 1115
1116 1113 1111
1116 1117 1113
1117 1115 1113
1118 1116 1111
1118 1111 1109
1119 1118 1109
1117 1120 1115
1120 1121 1115
1120 1122 1121
1122 1123 1121
1122 1124 1123
1124 1125 1123
1124 1126 1125
1127 1121 1123
1128 1127 1123
1128 1123 1129
1127 1130 1121
1130 1131 1121
1130 1114 1131
1109 1132 1133
1134 1132 1109
1135 1136 1137
1135 1137 1138
1139 1135 1138
1139 1140 1135
1141 1140 1139
1141 1142 1140
1143 1142 1141
1143 1144 1142
1145 1146 1147
1145 1147 1148
1149 1145 1148
1149 1148 1150
1151 1149 1150
1151 1150 1152
1152 1153 1151
1152 1154 1153
1155 1156 1157
1155 1158 1156
1158 1155 1159
1160 1159 1155
1160 1155 1161
1160 1161 1162
1160 1163 1159
1163 1164 1159
1163 1165 1164
1158 1159 1166
1166 1159 1164
1165 1167 1164
1165 1168 1167
1166 1164 1169
1169 1164 1167
1168 1170 1167
1171 1170 1168
1172 1170 1171
1169 1167 1173
1173 1167 1170
1172 1174 1170
1175 1174 1172
1173 1170 1176
1174 1176 1170
1177 1158 1166
1178 1166 1169
1177 1166 1178
1179 1169 1173
1178 1169 1179
1158 1177 1180
1158 1180 1181
1177 1182 1180
1177 1183 1182
1177 1178 1183
1183 1178 1184
1184 1178 1179
1179 1173 1185
1185 1173 1176
1186 1183 1184
1186 1187 1183
1179 1188 1184
1179 1185 1188
1189 1186 1184
1189 1184 1188
1185 1176 1190
1191 1190 1176
1174 1191 1176
1192 1191 1174
1175 1192 1174
1193 1192 1175
1193 1175 1194
1195 1193 1194
1195 1194 1196
1195 1196 1197
1195 1197 1198
1197 1199 1198
1198 1199 1200
1198 1200 1201
1202 1201 1200
1202 1203 1201
1204 1201 1203
1204 1205 1201
1198 1201 1205
1204 1206 1205
1206 1207 1205
1206 1208 1207
1198 1205 1209
1195 1198 1209
1209 1205 1207
1195 1209 1210
1210 1193 1195
1207 1208 1211
1212 1211 1208
1212 1213 1211
1212 1214 1213
1209 1207 1215
1210 1209 1215
1210 1216 1193
1216 1192 1193
1207 1211 1217
1217 1211 1213
1214 1218 1213
1214 1219 1218
1219 1220 1218
1219 1221 1220
1218 1220 1222
1223 1213 1218
1217 1213 1223
1224 1217 1223
1225 1207 1217
1224 1225 1217
1215 1207 1225
1218 1222 1226
1223 1218 1226
1226 1224 1223
1226 1222 1227
1226 1227 1228
1226 1228 1224
1228 1227 1229
1228 1229 1230
1230 1224 1228
1230 1229 1231
1232 1225 1224
1215 1225 1232
1230 1233 1224
1232 1224 1233
1230 1231 1234
1233 1230 1234
1234 1231 1235
1236 1232 1233
1233 1234 1236
1234 1235 1237
1237 1236 1234
1237 1235 1238
1239 1215 1232
1236 1239 1232
1237 1240 1236
1240 1239 1236
1237 1238 1241
1240 1237 1241
1241 1238 1242
1215 1239 1243
1210 1215 1243
1243 1216 1210
1240 1244 1239
1243 1239 1244
1241 1242 1245
1245 1242 1246
1240 1241 1247
1244 1240 1247
1247 1241 1245
1244 1248 1243
1244 1247 1248
1243 1249 1216
1249 1243 1248
1245 1246 1250
1250 1246 1251
1247 1245 1252
1252 1245 1250
1253 1248 1247
1253 1247 1252
1249 1248 1253
1250 1251 1254
1254 1251 1255
1252 1250 1256
1253 1252 1256
1256 1250 1254
1254 1255 1257
1257 1255 1258
1249 1259 1216
1216 1259 1192
1192 1259 1191
1253 1260 1249
1253 1256 1260
1256 1254 1261
1261 1254 1257
1257 1258 1262
1262 1258 1263
1259 1264 1191
1191 1264 1190
1249 1265 1259
1249 1260 1265
1259 1265 1264
1266 1260 1256
1266 1256 1261
1265 1260 1266
1261 1257 1267
1266 1261 1267
1267 1257 1262
1266 1268 1265
1264 1265 1268
1266 1267 1268
1262 1263 1269
1269 1263 1270
1264 1268 1271
1271 1268 1267
1267 1262 1272
1272 1262 1269
1271 1267 1272
1271 1273 1264
1190 1264 1273
1271 1272 1274
1271 1274 1273
1272 1269 1274
1269 1270 1275
1275 1270 1276
1190 1273 1277
1274 1277 1273
1269 1278 1274
1269 1275 1278
1274 1278 1277
1275 1276 1279
1278 1275 1279
1279 1276 1280
1281 1190 1277
1185 1190 1281
1282 1277 1278
1278 1279 1282
1282 1281 1277
1279 1280 1283
1283 1282 1279
1185 1281 1284
1188 1185 1284
1285 1281 1282
1285 1284 1281
1285 1188 1284
1283 1285 1282
1285 1189 1188
1283 1189 1285
1280 1286 1283
1283 1286 1189
1280 1287 1286
1286 1186 1189
1287 1288 1286
1286 1288 1186
1287 1289 1288
1288 1187 1186
1289 1290 1288
1288 1290 1187
1289 1291 1290
1187 1290 1292
1187 1292 1293
1294 1291 1295
1294 1295 1296
1297 1187 1298
1297 1298 1299
1300 1301 1302
1300 1302 1303
1304 1303 1302
1304 1302 1305
1306 1304 1305
1306 1307 1304
1308 1307 1306
1308 1309 1307
1310 1309 1308
1310 1311 1309
1312 1311 1310
1312 1313 1311
1313 1312 1314
1313 1314 1315
1315 1314 1316
1315 1316 1317
1317 1316 1318
1317 1318 1319
1320 1319 1318
1320 1318 1321
1320 1321 1322
1320 1322 1323
1324 1323 1322
1324 1322 1325
1324 1325 1326
1324 1326 1327
1326 1328 1327
1326 1329 1328
1330 1328 1329
1330 1331 1328
1332 1331 1330
1332 1333 1331
1333 1332 1334
1334 1335 1333
1336 1335 1337
1335 1336 1338
1338 1339 1335
1339 1338 1340
1339 1340 1341
1341 1342 1339
1342 1343 1344
1342 1345 1343
1346 1345 1342
1347 1348 1349
1347 1349 1350
1351 1347 1350
1350 1349 1352
1351 1350 1353
1350 1352 1354
1353 1350 1354
1354 1352 1355
1353 1354 1356
1354 1355 1357
1356 1354 1357
1357 1355 1358
1357 1358 1359
1359 1358 1360
1356 1357 1361
1361 1357 1359
1359 1360 1362
1361 1359 1363
1363 1359 1362
1360 1364 1362
1360 1365 1364
1364 1365 1366
1364 1366 1367
1363 1362 1368
1364 1368 1362
1369 1364 1367
1364 1369 1368
1369 1367 1370
1371 1361 1363
1371 1363 1368
1372 1356 1361
1371 1372 1361
1369 1373 1368
1371 1368 1373
1374 1369 1370
1369 1374 1373
1374 1370 1375
1376 1374 1375
1373 1374 1376
1376 1375 1377
1373 1376 1378
1379 1371 1373
1372 1371 1379
1379 1373 1380
1372 1379 1381
1382 1372 1381
1382 1383 1372
1372 1383 1356
1383 1384 1356
1385 1383 1382
1383 1385 1384
1385 1382 1386
1385 1387 1384
1385 1388 1387
1388 1385 1389
1388 1389 1390
1388 1390 1391
1388 1391 1392
1393 1392 1391
1393 1391 1394
1393 1394 1395
1393 1395 1396
1397 1396 1395
1397 1398 1396
1399 1398 1397
1399 1400 1398
1401 1400 1399
1401 1402 1400
1403 1402 1401
1403 1404 1402
1405 1404 1403
1405 1406 1404
1407 1406 1405
1407 1408 1406
1409 1408 1407
1409 1410 1408
1410 1409 1411
1410 1411 1412
1413 1412 1411
1413 1411 1414
1413 1414 1415
1413 1415 1416
1416 1415 1417
1416 1417 1418
1419 1418 1417
1419 1420 1418
1421 1420 1419
1421 1422 1420
1423 1424 1422
1423 1425 1424
1425 1426 1424
1425 1427 1426
1428 1426 1427
1428 1427 1429
1430 1428 1429
1430 1429 1431
1430 1431 1432
1430 1432 1433
1434 1433 1432
1434 1432 1435
1435 1436 1434
1435 1437 1436
1437 1438 1436
1437 1439 1438
1439 1440 1438
1439 1441 1440
1441 1442 1440
1441 1443 1442
1443 1444 1442
1443 1445 1444
1445 1446 1444
1445 1447 1446
1447 1448 1446
1447 1449 1448
1449 1450 1448
1449 1451 1450
1450 1451 1452
1450 1452 1453
1454 1453 1452
1454 1452 1455
1454 1455 1456
1454 1456 1457
1458 1454 1457
1458 1457 1459
1460 1461 1457
1462 1460 1457
1462 1463 1460
1460 1464 1461
1463 1465 1460
1464 1460 1465
1463 1466 1465
1466 1467 1465
1466 1468 1467
1464 1465 1469
1467 1469 1465
1468 1470 1467
1468 1471 1470
1472 1464 1469
1464 1472 1473
1464 1473 1474
1475 1474 1473
1475 1476 1474
1477 1475 1473
1472 1477 1473
1477 1478 1475
1472 1479 1477
1480 1479 1472
1472 1469 1481
1480 1472 1481
1467 1482 1469
1482 1481 1469
1483 1480 1481
1482 1483 1481
1483 1484 1480
1467 1485 1482
1485 1483 1482
1467 1470 1485
1486 1484 1483
1485 1486 1483
1486 1487 1484
1470 1488 1485
1488 1486 1485
1489 1487 1486
1488 1489 1486
1489 1490 1487
1491 1490 1489
1491 1492 1490
1493 1491 1489
1493 1489 1488
1470 1494 1488
1494 1493 1488
1495 1494 1470
1494 1496 1493
1495 1497 1494
1497 1496 1494
1497 1498 1496
1499 1500 1501
1502 1500 1499
1502 1503 1500
1504 1503 1505
1504 1506 1503
1507 1506 1508
1507 1509 1506
1510 1509 1507
1510 1511 1509
1512 1511 1510
1512 1513 1511
1514 1515 1513
1514 1516 1515
1517 1518 1519
1517 1519 1520
1521 1522 1523
1521 1524 1522
1525 1524 1521
1525 1521 1526
1527 1525 1526
1527 1528 1525
1529 1528 1527
1529 1527 1530
1531 1529 1530
1531 1532 1529
1533 1532 1531
1533 1531 1534
1535 1536 1537
1535 1538 1536
1539 1538 1540
1539 1540 1541
1541 1542 1543
1541 1543 1544
1544 1543 1545
1544 1545 1546
1546 1545 1547
1546 1547 1548
1549 1550 1547
1549 1551 1550
1552 1549 1553
1552 1553 1554
1555 1556 1553
1555 1557 1556
1558 1557 1555
1558 1559 1557
1560 1561 1562
1560 1562 1563
1564 1560 1563
1564 1563 1565
1566 1567 1564
1566 1564 1568
1569 1570 1571
1569 1571 1572
1573 1569 1572
1573 1572 1574
1575 1573 1574
1575 1574 1576
1575 1576 1577
1575 1577 1578
1579 1580 1581
1579 1581 1582
1582 1581 1583
1582 1583 1584
1585 1584 1583
1585 1586 1584
1587 1586 1585
1587 1588 1586
1589 1588 1587
1589 1590 1588
1591 1590 1589
1591 1592 1590
1592 1591 1593
1592 1593 1594
1594 1593 1595
1594 1595 1596
1596 1595 1597
1596 1597 1598
1598 1597 1599
1598 1599 1600
1600 1599 1601
1600 1601 1602
1602 1601 1603
1602 1603 1604
1604 1603 1605
1604 1605 1606
1605 1607 1606
1605 1608 1607
1609 1607 1608
1609 1610 1607
1611 1610 1609
1611 1612 1610
1613 1612 1611
1613 1611 1614
1615 1616 1617
1615 1618 1616
1619 1618 1615
1619 1615 1620
1621 1619 1620
1621 1622 1619
1622 1621 1623
1622 1623 1624
1625 1626 1627
1625 1628 1626
1629 1628 1625
1629 1625 1630
1631 1632 1633
1631 1633 1634
1635 1636 1637
1635 1637 1638
1638 1639 1635
1640 1635 1639
1640 1641 1635
1640 1642 1641
1640 1639 1643
1643 1639 1644
1643 1644 1645
1638 1646 1639
1646 1644 1639
1645 1644 1647
1645 1647 1648
1646 1649 1644
1649 1647 1644
1648 1647 1650
1651 1648 1650
1652 1651 1650
1649 1653 1647
1653 1650 1647
1652 1650 1654
1655 1652 1654
1653 1656 1650
1654 1650 1656
1657 1646 1638
1658 1649 1646
1657 1658 1646
1659 1653 1649
1658 1659 1649
1638 1660 1657
1638 1661 1660
1657 1660 1662
1657 1662 1663
1657 1663 1658
1663 1664 1658
1664 1659 1658
1665 1664 1663
1659 1666 1653
1666 1656 1653
1659 1664 1667
1659 1667 1666
1665 1668 1664
1668 1667 1664
1666 1669 1656
1670 1656 1669
1654 1656 1670
1671 1654 1670
1655 1654 1671
1672 1655 1671
1672 1673 1655
1674 1673 1672
1674 1675 1673
1674 1676 1675
1674 1677 1676
1676 1677 1678
1677 1679 1678
1677 1680 1679
1681 1679 1680
1681 1680 1682
1683 1682 1680
1683 1680 1684
1677 1684 1680
1683 1684 1685
1685 1684 1686
1685 1686 1687
1677 1688 1684
1674 1688 1677
1688 1686 1684
1674 1689 1688
1689 1674 1672
1686 1690 1687
1691 1687 1690
1691 1690 1692
1691 1692 1693
1688 1694 1686
1689 1694 1688
1689 1672 1695
1695 1672 1671
1686 1696 1690
1696 1692 1690
1693 1692 1697
1693 1697 1698
1697 1699 1698
1697 1700 1699
1701 1697 1692
1696 1701 1692
1702 1701 1696
1703 1696 1686
1702 1696 1703
1694 1703 1686
1704 1700 1697
1701 1704 1697
1704 1701 1702
1704 1705 1700
1706 1705 1704
1704 1702 1706
1706 1707 1705
1708 1707 1706
1708 1706 1702
1708 1709 1707
1710 1702 1703
1694 1710 1703
1708 1702 1711
1710 1711 1702
1712 1709 1708
1711 1712 1708
1712 1713 1709
1714 1711 1710
1711 1714 1712
1715 1713 1712
1715 1712 1714
1715 1716 1713
1717 1710 1694
1714 1710 1717
1715 1714 1718
1718 1714 1717
1719 1716 1715
1718 1719 1715
1719 1720 1716
1694 1721 1717
1689 1721 1694
1721 1689 1695
1718 1717 1722
1721 1722 1717
1723 1720 1719
1723 1724 1720
1718 1725 1719
1722 1725 1718
1725 1723 1719
1722 1721 1726
1722 1726 1725
1721 1695 1727
1727 1726 1721
1728 1724 1723
1728 1729 1724
1725 1730 1723
1730 1728 1723
1731 1725 1726
1731 1730 1725
1727 1731 1726
1732 1729 1728
1732 1733 1729
1730 1734 1728
1731 1734 1730
1734 1732 1728
1735 1733 1732
1735 1736 1733
1727 1695 1737
1695 1671 1737
1671 1670 1737
1731 1727 1738
1731 1738 1734
1734 1739 1732
1739 1735 1732
1740 1736 1735
1740 1741 1736
1737 1670 1742
1670 1669 1742
1727 1737 1743
1727 1743 1738
1737 1742 1743
1744 1734 1738
1744 1739 1734
1743 1744 1738
1739 1745 1735
1744 1745 1739
1745 1740 1735
1744 1743 1746
1742 1746 1743
1744 1746 1745
1747 1741 1740
1747 1748 1741
1742 1749 1746
1749 1745 1746
1745 1750 1740
1750 1747 1740
1749 1750 1745
1751 1748 1747
1751 1752 1748
1750 1753 1747
1749 1753 1750
1753 1751 1747
1749 1742 1754
1749 1754 1753
1669 1754 1742
1755 1752 1751
1755 1756 1752
1753 1757 1751
1754 1757 1753
1757 1755 1751
1669 1758 1754
1754 1758 1757
1759 1756 1755
1759 1760 1756
1761 1760 1759
1757 1762 1755
1762 1757 1758
1759 1755 1762
1763 1758 1669
1762 1758 1763
1666 1763 1669
1761 1759 1764
1765 1761 1764
1759 1762 1766
1766 1762 1763
1764 1759 1766
1666 1767 1763
1766 1763 1767
1667 1767 1666
1768 1766 1767
1768 1767 1667
1764 1766 1768
1668 1768 1667
1765 1764 1769
1769 1764 1768
1769 1768 1668
1770 1765 1769
1771 1769 1668
1770 1769 1771
1771 1668 1665
1665 1772 1771
1665 1773 1772
1774 1775 1770
1774 1770 1776
1777 1778 1665
1777 1779 1778
1780 1781 1782
1780 1783 1781
1784 1781 1783
1784 1785 1781
1786 1785 1784
1786 1784 1787
1788 1786 1787
1788 1787 1789
1790 1788 1789
1790 1789 1791
1792 1790 1791
1792 1791 1793
1793 1794 1792
1793 1795 1794
1795 1796 1794
1795 1797 1796
1797 1798 1796
1797 1799 1798
1800 1798 1799
1800 1801 1798
1800 1802 1801
1800 1803 1802
1804 1802 1803
1804 1805 1802
1804 1806 1805
1804 1807 1806
1807 1808 1806
1807 1809 1808
1810 1808 1809
1810 1809 1811
1812 1810 1811
1812 1811 1813
1814 1812 1813
1814 1813 1815
1816 1817 1815
1818 1816 1815
1818 1815 1819
1819 1820 1818
1819 1821 1820
1821 1819 1822
1822 1823 1824
1822 1824 1825
1822 1825 1826
1827 1828 1829
1830 1827 1829
1830 1829 1831
1832 1833 1831
1832 1831 1834
1835 1836 1834
1835 1834 1837
1838 1835 1837
1838 1837 1839
1840 1838 1839
1840 1839 1841
1842 1843 1841
1842 1844 1843
1845 1846 1847
1845 1847 1848
1849 1850 1851
1849 1851 1852
1853 1854 1855
1853 1855 1856
1857 1853 1856
1857 1856 1858
1859 1857 1858
1859 1858 1860
1861 1859 1860
1861 1860 1862
1863 1861 1862
1863 1862 1864
1865 1863 1864
1865 1864 1866
1867 1868 1869
1867 1869 1870
1871 1872 1869
1871 1873 1872
1873 1874 1872
1873 1875 1874
1876 1877 1878
1876 1879 1877
1879 1880 1877
1879 1881 1880
1881 1882 1880
1881 1883 1882
1883 1884 1882
1883 1885 1884
1885 1886 1884
1885 1887 1886
1888 1887 1889
1888 1889 1890
1889 1891 1892
1889 1892 1893
1894 1895 1896
1894 1896 1897
1898 1899 1896
1898 1900 1899
1901 1902 1903
1901 1903 1904
1901 1904 1905
1901 1905 1906
1905 1907 1906
1905 1908 1907
1908 1909 1907
1908 1910 1909
1911 1912 1913
1911 1914 1912
1914 1915 1912
1914 1916 1915
1917 1915 1916
1917 1916 1918
1919 1917 1918
1919 1918 1920
1921 1919 1920
1921 1920 1922
1923 1921 1922
1923 1922 1924
1924 1925 1923
1924 1926 1925
1926 1927 1925
1926 1928 1927
1928 1929 1927
1928 1930 1929
1930 1931 1929
1930 1932 1931
1932 1933 1931
1932 1934 1933
1934 1935 1933
1934 1936 1935
1936 1937 1935
1936 1938 1937
1938 1939 1937
1938 1940 1939
1941 1939 1940
1941 1940 1942
1943 1941 1942
1943 1942 1944
1945 1943 1944
1945 1944 1946
1947 1948 1949
1947 1949 1950
1950 1951 1947
1950 1952 1951
1952 1953 1951
1952 1954 1953
1954 1955 1953
1954 1956 1955
1957 1958 1959
1957 1960 1958
1960 1961 1958
1960 1962 1961
1963 1964 1965
1963 1965 1966
1967 1968 1969
1967 1970 1968
1970 1971 1968
1970 1972 1971
1971 1972 1973
1974 1975 1976
1974 1977 1975
1977 1978 1975
1977 1979 1978
1978 1979 1980
1981 1982 1983
1981 1983 1984
1983 1985 1984
1983 1986 1985
1985 1986 1987
1988 1989 1990
1988 1991 1989
1991 1992 1989
1991 1993 1992
1992 1993 1994
1995 1996 1997
1995 1997 1998
1999 1995 1998
1999 1998 2000
1998 2001 2000
1997 2002 1998
1998 2002 2001
1997 2003 2002
2002 2003 2004
2002 2004 2005
2001 2002 2005
2001 2005 2006
2007 2008 2009
2007 2009 2010
2009 2011 2010
2009 2012 2011
2011 2012 2013
2014 2015 2016
2017 2016 2015
2017 2015 2018
2019 2017 2018
2019 2018 2020
2021 2017 2019
2021 2022 2017
2022 2016 2017
2023 2022 2021
2022 2024 2016
2025 2016 2024
2023 2026 2022
2026 2024 2022
2027 2026 2023
2026 2028 2024
2027 2029 2026
2025 2024 2030
2029 2030 2026
2025 2030 2031
2029 2032 2030
2033 2030 2032
2034 2035 2036
2037 2036 2035
2037 2035 2038
2039 2037 2038
2039 2038 2040
2041 2042 2043
2044 2043 2042
2044 2042 2045
2046 2044 2045
2046 2045 2047
2048 2049 2050
2048 2050 2051
2050 2052 2051
2050 2053 2052
2052 2053 2054
2055 2056 2057
2058 2057 2056
2058 2056 2059
2060 2058 2059
2060 2059 2061
2062 2063 2064
2062 2064 2065
2064 2066 2065
2064 2067 2066
2066 2067 2068
2069 2070 2071
2069 2071 2072
2071 2073 2072
2071 2074 2073
2073 2074 2075
2076 2077 2078
2076 2079 2077
2079 2080 2077
2079 2081 2080
2080 2081 2082
2083 2084 2085
2083 2085 2086
2086 2085 2087
2086 2087 2088
2087 2089 2088
2087 2090 2089
2091 2088 2089
2091 2092 2088
2092 2086 2088
2092 2093 2086
2086 2093 2094
2086 2094 2095
2096 2097 2098
2099 2098 2097
2099 2097 2100
2101 2099 2100
2101 2102 2099
2103 2104 2105
2103 2105 2106
2106 2105 2107
2103 2106 2108
2103 2108 2109
2106 2110 2108
2106 2111 2110
2106 2107 2111
2111 2112 2110
2111 2113 2112
2107 2113 2111
2107 2114 2113
2115 2116 2117
2118 2117 2116
2118 2116 2119
2120 2118 2119
2120 2121 2118
2122 2123 2124
2122 2125 2123
2125 2126 2123
2125 2127 2126
2126 2127 2128
2129 2130 2131
2132 2131 2130
2132 2130 2133
2134 2132 2133
2134 2135 2132
2136 2137 2138
2136 2139 2137
2139 2140 2137
2139 2141 2140
2140 2141 2142
2143 2144 2145
2143 2145 2146
2146 2145 2147
2143 2146 2148
2143 2148 2149
2150 2148 2146
2146 2147 2151
2150 2146 2151
2147 2152 2151
2152 2150 2151
2147 2153 2152
2152 2154 2150
2155 2156 2157
2158 2157 2156
2158 2156 2159
2160 2158 2159
2160 2161 2158
2162 2163 2164
2162 2164 2165
2164 2166 2165
2164 2167 2166
2166 2167 2168
2169 2170 2171
2169 2172 2170
2173 2172 2169
2172 2174 2170
2173 2175 2172
2176 2175 2173
2172 2177 2174
2175 2177 2172
2174 2177 2178
2177 2179 2178
2177 2180 2179
2175 2180 2177
2176 2181 2175
2181 2180 2175
2182 2181 2176
2182 2183 2181
2181 2184 2180
2180 2184 2185
2183 2186 2181
2186 2187 2185
2183 2188 2186
2186 2188 2189
2190 2191 2192
2190 2193 2191
2194 2193 2190
2193 2195 2191
2194 2196 2193
2197 2196 2194
2193 2198 2195
2196 2198 2193
2195 2198 2199
2198 2200 2199
2197 2201 2196
2202 2201 2197
2202 2203 2201
2196 2204 2198
2198 2204 2200
2201 2204 2196
2203 2205 2201
2201 2205 2204
2204 2205 2200
2203 2206 2205
2205 2207 2200
2205 2206 2207
2208 2209 2210
2208 2211 2209
2211 2212 2209
2211 2213 2212
2212 2213 2214
2215 2216 2217
2215 2218 2216
2219 2218 2215
2218 2220 2216
2219 2221 2218
2218 2222 2220
2222 2218 2221
2222 2223 2220
2222 2221 2224
2222 2225 2223
2226 2222 2224
2226 2225 2222
2227 2228 2229
2227 2230 2228
2231 2230 2227
2231 2227 2232
2230 2233 2234
2230 2235 2233
2235 2230 2236
2235 2237 2233
2235 2236 2238
2235 2239 2237
2240 2235 2238
2240 2239 2235
2241 2242 2243
2241 2244 2242
2245 2242 2244
2245 2244 2246
2247 2245 2246
2247 2246 2248
2249 2248 2246
2249 2246 2250
2246 2251 2250
2246 2252 2251
2253 2252 2241
2253 2251 2252
2254 2255 2256
2254 2257 2255
2258 2257 2254
2257 2259 2255
2258 2260 2257
2257 2261 2259
2260 2261 2257
2261 2262 2259
2260 2263 2261
2261 2264 2262
2264 2261 2263
2264 2263 2265
2266 2267 2268
2266 2268 2269
2269 2268 2270
2271 2266 2269
2271 2272 2266
2273 2272 2271
2273 2271 2274
2269 2270 2275
2275 2270 2276
2277 2271 2269
2274 2271 2277
2277 2269 2275
2274 2277 2278
2278 2277 2275
2274 2278 2279
2279 2278 2280
2281 2280 2278
2275 2276 2282
2278 2275 2282
2281 2278 2282
2283 2282 2276
2283 2281 2282
2284 2285 2286
2284 2286 2287
2288 2287 2286
2289 2284 2287
2289 2290 2284
2291 2290 2289
2291 2289 2292
2288 2293 2287
2293 2289 2287
2292 2289 2294
2293 2294 2289
2288 2295 2293
2295 2294 2293
2288 2296 2295
2297 2295 2296
2297 2298 2295
2294 2299 2292
2295 2299 2294
2298 2299 2295
2299 2300 2292
2298 2301 2299
2299 2301 2300
2302 2303 2304
2302 2305 2303
2306 2305 2302
2305 2307 2303
2306 2308 2305
2309 2308 2306
2305 2310 2307
2308 2310 2305
2311 2307 2310
2311 2310 2312
2309 2313 2308
2314 2313 2309
2314 2315 2313
2308 2316 2310
2312 2310 2316
2313 2316 2308
2315 2317 2313
2313 2317 2316
2312 2316 2317
2315 2318 2317
2312 2317 2319
2319 2317 2318
2320 2321 2322
2320 2323 2321
2324 2321 2323
2324 2323 2325
2326 2324 2325
2326 2325 2327
2328 2327 2325
2328 2325 2329
2325 2330 2329
2325 2323 2330
2330 2323 2331
2332 2330 2331
2333 2334 2335
2333 2335 2336
2337 2336 2335
2337 2338 2336
2339 2333 2336
2338 2339 2336
2338 2340 2339
2339 2341 2333
2342 2339 2340
2343 2341 2339
2342 2343 2339
2343 2344 2341
2345 2343 2342
2344 2343 2345
2342 2346 2345
2342 2347 2346
2348 2345 2346
2342 2349 2347
2350 2349 2342
2351 2349 2350
2347 2349 2352
2352 2349 2351
2351 2350 2353
2352 2351 2354
2355 2351 2353
2351 2356 2354
2355 2357 2351
2351 2357 2356
2348 2358 2345
2359 2358 2348
2358 2360 2345
2344 2345 2360
2359 2361 2358
2362 2361 2359
2358 2363 2360
2361 2363 2358
2362 2364 2361
2365 2364 2362
2361 2366 2363
2364 2366 2361
2365 2367 2364
2366 2364 2368
2367 2368 2364
2369 2363 2366
2366 2368 2369
2370 2367 2365
2370 2365 2371
2370 2371 2372
2370 2372 2373
2374 2373 2372
2367 2375 2368
2367 2376 2375
2367 2370 2376
2368 2375 2377
2369 2368 2377
2370 2378 2376
2370 2373 2378
2373 2379 2378
2373 2380 2379
2369 2377 2381
2382 2369 2381
2382 2381 2383
2369 2382 2363
2384 2382 2383
2363 2382 2384
2384 2383 2385
2363 2384 2360
2386 2384 2385
2386 2385 2387
2384 2388 2360
2384 2386 2388
2387 2389 2386
2387 2390 2389
2389 2390 2391
2388 2392 2360
2388 2393 2392
2392 2344 2360
2393 2344 2392
2393 2394 2344
2395 2394 2393
2388 2386 2396
2388 2396 2393
2395 2393 2397
2398 2395 2397
2398 2397 2399
2397 2400 2399
2393 2401 2397
2393 2396 2401
2397 2401 2400
2402 2396 2386
2401 2396 2402
2386 2389 2402
2400 2401 2403
2401 2402 2403
2403 2402 2389
2400 2403 2404
2403 2389 2405
2404 2403 2405
2389 2391 2405
2404 2405 2406
2391 2406 2405
2391 2407 2406
2408 2409 2410
2411 2409 2408
2411 2408 2412
2413 2411 2412
2413 2414 2411
2415 2411 2414
2415 2416 2411
2416 2409 2411
2415 2417 2416
2415 2418 2417
2419 2417 2418
2419 2420 2417
2416 2421 2409
2417 2421 2416
2420 2422 2417
2417 2422 2421
2420 2423 2422
2422 2423 2424
2422 2424 2425
2421 2422 2425
2409 2421 2425
2409 2425 2426
2427 2428 2429
2427 2430 2428
2431 2432 2433
2434 2432 2431
2435 2436 2437
2435 2438 2436
2439 2440 2441
2439 2442 2440
2443 2444 2445
2443 2446 2444
2446 2443 2447
2448 2449 2450
2450 2449 2451
2452 2453 2454
2452 2454 2455
2455 2454 2456
2455 2456 2457
2456 2458 2457
2456 2459 2458
2460 2461 2459
2460 2462 2461
2463 2462 2460
2463 2460 2464
2465 2463 2464
2465 2464 2466
2467 2468 2469
2467 2469 2470
2471 2472 2473
2471 2473 2474
2475 2476 2477
2475 2477 2478
2478 2477 2479
2478 2479 2480
2479 2481 2480
2482 2483 2484
2482 2484 2485
2485 2484 2486
2485 2486 2487
2486 2488 2487
2489 2490 2491
2489 2492 2490
2490 2492 2493
2490 2493 2494
2493 2495 2494
2496 2497 2498
2496 2498 2499
2499 2498 2500
2499 2500 2501
2500 2502 2501
2503 2504 2505
2503 2506 2504
2507 2506 2503
2507 2508 2506
2506 2508 2509
2504 2506 2510
2506 2509 2510
2504 2510 2511
2510 2512 2511
2510 2513 2512
2509 2513 2510
2509 2514 2513
2515 2516 2517
2515 2518 2516
2516 2518 2519
2516 2519 2520
2519 2521 2520
2522 2523 2524
2525 2524 2523
2525 2526 2524
2527 2526 2525
2527 2528 2526
2529 2527 2525
2529 2525 2530
2530 2525 2523
2531 2529 2530
2530 2523 2532
2533 2532 2523
2531 2530 2534
2534 2530 2532
2535 2531 2534
2534 2532 2536
2535 2534 2537
2533 2538 2532
2537 2534 2538
2533 2539 2538
2537 2538 2540
2541 2540 2538
2542 2543 2544
2545 2544 2543
2545 2546 2544
2547 2546 2545
2547 2548 2546
2549 2550 2551
2552 2551 2550
2552 2553 2551
2554 2553 2552
2554 2555 2553
2556 2557 2558
2556 2559 2557
2557 2559 2560
2557 2560 2561
2560 2562 2561
2563 2564 2565
2566 2565 2564
2566 2567 2565
2568 2567 2566
2568 2569 2567
2570 2571 2572
2570 2573 2571
2571 2573 2574
2571 2574 2575
2574 2576 2575
2577 2578 2579
2577 2580 2578
2578 2580 2581
2578 2581 2582
2581 2583 2582
2584 2585 2586
2584 2586 2587
2587 2586 2588
2587 2588 2589
2588 2590 2589
2591 2592 2593
2591 2594 2592
2594 2595 2592
2594 2596 2595
2595 2596 2597
2595 2597 2598
2599 2597 2596
2599 2596 2600
2600 2596 2594
2600 2594 2601
2594 2602 2601
2594 2603 2602
2604 2605 2606
2607 2606 2605
2607 2608 2606
2609 2608 2607
2609 2607 2610
2611 2612 2613
2611 2614 2612
2614 2615 2612
2611 2616 2614
2611 2617 2616
2614 2616 2618
2614 2618 2619
2614 2619 2615
2619 2618 2620
2619 2620 2621
2615 2619 2621
2615 2621 2622
2623 2624 2625
2626 2625 2624
2626 2627 2625
2628 2627 2626
2628 2626 2629
2630 2631 2632
2630 2632 2633
2633 2632 2634
2633 2634 2635
2634 2636 2635
2637 2638 2639
2640 2639 2638
2640 2641 2639
2642 2641 2640
2642 2640 2643
2644 2645 2646
2644 2646 2647
2647 2646 2648
2647 2648 2649
2648 2650 2649
2651 2652 2653
2651 2654 2652
2654 2655 2652
2651 2656 2654
2651 2657 2656
2658 2654 2656
2654 2659 2655
2658 2659 2654
2655 2659 2660
2660 2659 2658
2655 2660 2661
2660 2658 2662
2663 2664 2665
2666 2665 2664
2666 2667 2665
2668 2667 2666
2668 2666 2669
2670 2671 2672
2670 2673 2671
2671 2673 2674
2671 2674 2675
2674 2676 2675
2677 2678 2679
2677 2679 2680
2681 2677 2680
2680 2679 2682
2681 2680 2683
2684 2681 2683
2680 2682 2685
2683 2680 2685
2682 2686 2685
2685 2686 2687
2685 2687 2688
2683 2685 2688
2684 2683 2689
2689 2683 2688
2690 2684 2689
2690 2689 2691
2689 2688 2692
2688 2693 2692
2691 2689 2694
2694 2693 2695
2691 2694 2696
2694 2697 2696
2698 2699 2700
2698 2700 2701
2702 2698 2701
2701 2700 2703
2702 2701 2704
2705 2702 2704
2701 2703 2706
2704 2701 2706
2703 2707 2706
2706 2707 2708
2705 2704 2709
2710 2705 2709
2710 2709 2711
2704 2706 2712
2706 2708 2712
2709 2704 2712
2711 2709 2713
2709 2712 2713
2712 2708 2713
2711 2713 2714
2713 2708 2715
2713 2715 2714
2716 2717 2718
2716 2718 2719
2719 2718 2720
2719 2720 2721
2720 2722 2721
2723 2724 2725
2723 2725 2726
2727 2723 2726
2726 2725 2728
2727 2726 2729
2726 2728 2730
2730 2729 2726
2730 2728 2731
2730 2732 2729
2730 2731 2733
2734 2732 2730
2734 2730 2733
2735 2736 2737
2735 2737 2738
2739 2735 2738
2739 2740 2735
2738 2741 2742
2738 2742 2743
2743 2744 2738
2743 2742 2745
2743 2746 2744
2743 2745 2747
2748 2746 2743
2748 2743 2747
2749 2750 2751
2749 2751 2752
2753 2752 2751
2753 2754 2752
2755 2754 2753
2755 2756 2754
2757 2754 2756
2757 2758 2754
2754 2758 2759
2754 2759 2760
2761 2749 2760
2761 2760 2759
2762 2763 2764
2762 2764 2765
2766 2762 2765
2765 2764 2767
2766 2765 2768
2765 2767 2769
2768 2765 2769
2769 2767 2770
2768 2769 2771
2769 2770 2772
2772 2771 2769
2772 2773 2771
2774 2775 2776
2775 2777 2776
2778 2776 2777
2778 2779 2776
2780 2779 2778
2780 2778 2781
2782 2781 2778
2782 2778 2783
2783 2778 2777
2783 2777 2784
2785 2784 2777
2785 2786 2784
2787 2788 2789
2787 2790 2788
2790 2791 2788
2792 2790 2787
2792 2787 2793
2794 2792 2793
2794 2795 2792
2790 2796 2791
2796 2797 2791
2798 2790 2792
2795 2798 2792
2798 2796 2790
2795 2799 2798
2799 2796 2798
2795 2800 2799
2800 2801 2799
2802 2799 2801
2796 2803 2797
2799 2803 2796
2802 2803 2799
2804 2797 2803
2804 2803 2802
2805 2806 2807
2805 2808 2806
2809 2806 2808
2810 2808 2805
2810 2805 2811
2812 2810 2811
2812 2813 2810
2809 2808 2814
2814 2808 2810
2813 2815 2810
2814 2810 2815
2809 2814 2816
2816 2814 2815
2809 2816 2817
2818 2817 2816
2818 2816 2819
2815 2813 2820
2816 2815 2820
2819 2816 2820
2820 2813 2821
2819 2820 2822
2820 2821 2822
2823 2824 2825
2823 2825 2826
2827 2823 2826
2826 2825 2828
2827 2826 2829
2830 2827 2829
2826 2828 2831
2829 2826 2831
2832 2831 2828
2832 2833 2831
2830 2829 2834
2835 2830 2834
2835 2834 2836
2829 2831 2837
2833 2837 2831
2834 2829 2837
2836 2834 2838
2834 2837 2838
2833 2838 2837
2836 2838 2839
2833 2840 2838
2840 2839 2838
2841 2842 2843
2841 2844 2842
2845 2842 2844
2845 2844 2846
2847 2844 2841
2846 2844 2847
2846 2847 2848
2847 2841 2849
2850 2848 2847
2851 2847 2849
2850 2847 2851
2851 2849 2852
2853 2850 2851
2852 2853 2851
2850 2853 2854
2850 2854 2855
2856 2854 2853
2850 2855 2857
2858 2850 2857
2859 2858 2857
2855 2860 2857
2860 2859 2857
2859 2861 2858
2860 2862 2859
2863 2861 2859
2859 2862 2864
2863 2859 2865
2859 2864 2865
2856 2853 2866
2867 2856 2866
2866 2853 2868
2852 2868 2853
2867 2866 2869
2870 2867 2869
2868 2852 2871
2871 2852 2872
2871 2872 2873
2874 2873 2872
2869 2866 2875
2866 2868 2875
2870 2869 2876
2877 2870 2876
2868 2871 2878
2878 2871 2873
2874 2879 2873
2880 2879 2874
2880 2881 2879
2879 2882 2873
2878 2873 2882
2881 2883 2879
2879 2883 2882
2881 2884 2883
2885 2868 2878
2875 2868 2885
2882 2886 2878
2885 2878 2886
2884 2887 2883
2884 2888 2887
2883 2889 2882
2889 2886 2882
2883 2887 2889
2888 2890 2887
2888 2891 2890
2887 2892 2889
2887 2890 2892
2886 2889 2892
2893 2890 2891
2892 2890 2893
2893 2891 2894
2892 2893 2895
2896 2892 2895
2896 2886 2892
2886 2896 2897
2886 2897 2885
2885 2897 2898
2885 2898 2899
2899 2898 2900
2875 2885 2899
2899 2900 2901
2901 2875 2899
2901 2900 2902
2901 2903 2875
2869 2875 2903
2876 2869 2903
2901 2902 2904
2903 2901 2904
2903 2904 2876
2904 2902 2905
2906 2876 2904
2906 2904 2905
2877 2876 2906
2906 2905 2907
2908 2877 2906
2906 2907 2908
2908 2909 2877
2908 2907 2910
2908 2911 2909
2908 2910 2912
2908 2912 2911
2380 2911 2912
2912 2910 2913
2912 2913 2374
2914 2915 2916
2917 2914 2916
2917 2918 2914
2919 2918 2917
2919 2917 2920
2921 2920 2917
2921 2917 2922
2922 2917 2916
2921 2922 2923
2921 2923 2924
2925 2924 2923
2925 2923 2926
2922 2916 2927
2923 2922 2927
2926 2923 2928
2923 2927 2928
2926 2928 2929
2928 2930 2929
2928 2931 2930
2927 2931 2928
2916 2931 2927
2916 2932 2931
2933 2934 2935
2933 2935 2936
2937 2938 2939
2940 2937 2939
2941 2942 2943
2941 2943 2944
2945 2946 2947
2945 2947 2948
2949 2950 2951
2949 2951 2952
2952 2953 2949
2954 2955 2956
2955 2957 2956
2958 2959 2960
2958 2960 2961
2962 2963 2964
2962 2964 2965
2966 2967 2968
2968 2969 2966
2969 2968 2970
2966 2971 2972
2973 2966 2974
2973 2974 2975
2974 2976 2975
2974 2977 2976
2977 2978 2976
2979 2980 2978
2981 2980 2979
2982 2979 2978
2978 2983 2982
2984 2982 2983
2984 2985 2982
2985 2979 2982
2985 2986 2979
2979 2986 2987
2979 2987 2988
2981 2979 2988
2989 2988 2987
2990 2981 2988
2989 2990 2988
2990 2991 2981
2972 2991 2990
2992 2990 2989
2972 2990 2992
2992 2989 2993
2992 2994 2972
2995 2992 2993
2995 2994 2992
2996 2997 2998
2998 2999 2996
2998 3000 2999
3001 2999 3002
3001 3003 2999
3001 3004 3003
3003 3004 3005
3005 3006 3003
3006 3005 3007
3008 3006 3009
3009 3010 3008
3010 3011 3008
3012 3013 3008
3014 3012 3008
3014 3008 3015
3012 3016 3017
3012 3018 3016
3018 3019 3016
3016 3020 3021
3021 3022 3016
3021 3023 3022
3024 3015 3025
3025 3026 3024
3027 3026 3025
3027 3028 3026
3026 3029 3024
3028 3029 3026
3028 3030 3029
3029 3030 3031
3032 3024 3029
3029 3031 3033
3032 3029 3033
3034 3033 3031
3035 3032 3033
3034 3035 3033
3035 3036 3032
3037 3035 3034
3036 3035 3037
3037 3034 3038
3039 3037 3038
3039 3040 3037
3037 3040 3036
3040 3019 3036
3041 3042 3043
3041 3043 3044
3041 3044 3045
3041 3045 3046
3043 3047 3048
3043 3048 3049
3050 3046 3051
3050 3052 3046
3053 3052 3050
3053 3050 3054
3055 3049 3056
3055 3056 3057
3058 3057 3056
3058 3059 3057
3057 3060 3055
3059 3060 3057
3059 3061 3060
3062 3055 3060
3060 3061 3063
3062 3060 3064
3060 3063 3064
3064 3065 3062
3063 3065 3064
3045 3062 3065
3063 3066 3065
3045 3065 3067
3067 3065 3066
3067 3068 3045
3067 3066 3069
3070 3068 3067
3070 3067 3069
3071 3072 3073
3074 3071 3073
3075 3071 3074
3075 3076 3071
3077 3075 3074
3073 3078 3074
3077 3074 3078
3078 3073 3079
3077 3078 3080
3080 3078 3079
3077 3080 3081
3079 3082 3080
3080 3083 3081
3080 3082 3083
3084 3085 3086
3087 3084 3086
3088 3084 3087
3088 3089 3084
3090 3088 3087
3090 3087 3091
3086 3091 3087
3090 3091 3092
3092 3091 3086
3090 3092 3093
3092 3094 3093
3092 3095 3094
3086 3095 3092
3086 3096 3095
3097 3098 3099
3100 3097 3099
3101 3097 3100
3101 3102 3097
3103 3101 3100
3103 3100 3104
3099 3104 3100
3105 3103 3104
3105 3104 3106
3106 3104 3099
3107 3105 3106
3107 3106 3108
3099 3108 3106
3099 3109 3108
3110 3111 2977
2977 3112 3110
2977 3113 3112
3114 3115 3113
3113 3116 3114
3113 3117 3116
3116 3117 3022
3118 3116 3022
3022 3119 3118
3120 3121 3119
3119 3122 3120
3121 3123 3119
3124 3123 3121
3124 3121 3125
3126 3124 3125
3126 3127 3124
3115 3127 3126
3115 3126 3128
3128 3129 3115
3130 3129 3128
3130 3128 3131
3128 3132 3131
3128 3126 3132
3132 3126 3125
3132 3125 3133
3121 3133 3125
3121 3134 3133
3135 3134 3121
3135 3121 3136
3137 3135 3136
3137 3136 3122
3138 3139 3140
3140 3141 3138
3140 3142 3141
3143 3144 3142
3142 3144 3145
3143 3146 3144
3143 3147 3146
3143 2969 3147
2969 3148 3147
3149 3148 3150
3149 3150 3151
3152 3151 3150
3152 3153 3151
3151 3154 3149
3153 3154 3151
3153 3155 3154
3154 3155 3156
3157 3149 3154
3154 3156 3158
3157 3154 3158
3159 3158 3156
3160 3157 3158
3159 3160 3158
3160 3161 3157
3145 3161 3160
3162 3160 3159
3145 3160 3162
3162 3159 3163
3162 3164 3145
3165 3162 3163
3165 3164 3162
3166 3167 3168
3166 3168 3169
3169 3168 3170
3169 3170 3171
3172 3169 3171
3169 3173 3166
3172 3173 3169
3174 3166 3173
3172 3175 3173
3174 3173 3175
3172 3176 3175
3175 3177 3174
3176 3177 3175
3176 3178 3177
3179 3180 3181
3179 3181 3182
3182 3181 3183
3184 3179 3182
3184 3185 3179
3182 3183 3186
3186 3184 3182
2996 3186 3183
3187 3186 2996
3187 2996 3188
3189 3187 3188
3188 3190 3189
3188 3053 3190
3184 3186 3191
3185 3184 3192
3184 3191 3192
3185 3192 3193
3194 3193 3192
3192 3191 3195
3195 3190 3196
3194 3192 3197
3192 3195 3197
3198 3194 3197
3196 3199 3198
3200 3197 3195
3195 3196 3200
3198 3197 3200
3196 3198 3200
3201 3202 3203
3201 3203 3204
3204 3203 3205
3206 3201 3204
3205 3206 3204
3205 3207 3206
3206 3208 3201
3206 3207 3209
3208 3206 3210
3210 3206 3209
3208 3210 3211
3209 3212 3210
3210 3213 3211
3210 3212 3213
3214 3215 3216
3214 3216 3217
3217 3216 3218
3219 3214 3217
3220 3217 3218
3219 3217 3220
3218 3221 3220
3220 3221 3222
3219 3220 3223
3223 3220 3222
3219 3223 3224
3222 3225 3223
3223 3226 3224
3223 3225 3226
3227 3228 3229
3227 3229 3230
3230 3229 3231
3232 3227 3230
3231 3232 3230
3232 3233 3227
3231 3234 3232
3233 3232 3235
3235 3232 3234
3233 3235 3236
3235 3234 3237
3237 3238 3235
3239 3240 3236
3239 3238 3240
3241 3242 3243
3244 3241 3243
3243 3245 3244
3244 3246 3247
3248 3249 3244
3248 3250 3249
3249 3250 3251
3249 3251 3252
3252 3251 3253
3253 3254 3255
3255 3256 3253
3257 3255 3254
3255 3258 3256
3259 3256 3258
3259 3258 3260
3260 3258 3255
3260 3255 3261
3255 3262 3261
3255 3263 3262
3257 3263 3255
3264 3262 3263
3265 3263 3257
3264 3263 3265
3265 3257 3266
3265 3266 3246
3267 3264 3265
3267 3265 3246
3267 3268 3264
3246 3269 3267
3270 3268 3267
3270 3267 3269
3271 3272 3273
3272 3271 3274
3272 3274 3275
3276 3277 3274
3276 3274 3278
3276 3278 3279
3278 3280 3279
3280 3278 3281
3281 3282 3280
3283 3281 3284
3284 3285 3283
3284 3286 3285
3287 3284 3288
3289 3284 3287
3289 3290 3284
3287 3291 3292
3287 3292 3293
3293 3292 3294
3292 3295 3296
3295 3292 3297
3295 3297 3298
3299 3290 3300
3300 3301 3299
3302 3299 3301
3302 3301 3303
3300 3304 3301
3303 3301 3304
3303 3304 3305
3304 3306 3305
3307 3304 3300
3304 3308 3306
3307 3308 3304
3309 3306 3308
3310 3308 3307
3309 3308 3310
3310 3307 3311
3312 3309 3310
3312 3313 3309
3314 3313 3312
3314 3312 3315
3315 3312 3310
3315 3310 3311
3311 3294 3315
3316 3317 3318
3316 3319 3317
3316 3320 3319
3316 3321 3320
3322 3323 3320
3323 3322 3324
3320 3325 3322
3324 3326 3323
3325 3327 3322
3328 3327 3325
3328 3329 3327
3327 3329 3330
3327 3330 3322
3331 3322 3330
3331 3332 3322
3322 3332 3324
3324 3332 3331
3324 3331 3333
3334 3324 3333
3334 3335 3324
3326 3324 3335
3336 3335 3334
3336 3337 3335
3326 3335 3337
3337 3338 3326
3317 3338 3339
3317 3339 3340
3341 3342 3343
3343 3344 3341
3345 3344 3343
3345 3343 3346
3347 3344 3345
3344 3348 3341
3347 3348 3344
3349 3341 3348
3347 3350 3348
3348 3350 3349
3347 3351 3350
3350 3352 3349
3350 3351 3353
3350 3353 3352
3354 3355 3356
3356 3357 3354
3358 3357 3356
3358 3356 3359
3360 3357 3358
3360 3361 3357
3357 3361 3354
3360 3362 3361
3354 3361 3362
3360 3363 3362
3362 3363 3364
3362 3364 3365
3362 3365 3354
3365 3366 3354
3367 3368 3369
3367 3369 3370
3371 3370 3369
3371 3369 3372
3373 3370 3371
3373 3374 3370
3370 3374 3367
3375 3374 3373
3367 3374 3376
3376 3377 3367
3375 3378 3374
3374 3378 3376
3379 3378 3375
3379 3376 3378
3252 3380 3381
3381 3382 3252
3382 3383 3252
3383 3384 3385
3385 3386 3383
3386 3387 3383
3297 3387 3386
3386 3388 3297
3388 3389 3297
3389 3390 3391
3391 3392 3389
3391 3393 3392
3394 3391 3390
3394 3395 3391
3396 3395 3394
3396 3394 3397
3396 3397 3384
3398 3396 3384
3384 3399 3398
3400 3398 3399
3400 3401 3398
3398 3401 3402
3398 3402 3396
3402 3395 3396
3402 3403 3395
3391 3395 3403
3391 3403 3404
3405 3391 3404
3405 3406 3391
3407 3406 3405
3407 3392 3406
3408 3409 3410
3411 3408 3410
3410 3412 3411
3413 3412 3414
3412 3415 3414
3413 3414 3416
3413 3416 3417
3413 3417 3241
3241 3417 3418
3419 3418 3420
3421 3419 3420
3422 3419 3421
3422 3421 3423
3420 3424 3421
3423 3421 3424
3423 3424 3425
3424 3426 3425
3427 3424 3420
3424 3428 3426
3427 3428 3424
3429 3426 3428
3430 3428 3427
3429 3428 3430
3430 3427 3431
3430 3431 3415
3432 3429 3430
3415 3432 3430
3432 3433 3429
3415 3434 3432
3435 3433 3432
3435 3432 3434
3436 3437 3321
3436 3321 3438
3439 3436 3438
3439 3440 3436
3441 3439 3442
3442 3443 3441
3442 3444 3443
3444 3442 3271
3444 3271 3445
3271 3446 3445
3445 3446 3447
3446 3448 3447
3447 3449 3445
3449 3450 3445
3451 3447 3448
3449 3447 3451
3451 3448 3452
3449 3451 3453
3449 3454 3450
3453 3454 3449
3453 3455 3454
3456 3454 3455
3454 3457 3450
3456 3458 3454
3454 3458 3457
3459 3458 3456
3457 3458 3460
3460 3441 3457
3460 3459 3461
3458 3462 3460
3459 3462 3458
3460 3462 3459
3463 3464 3465
3465 3466 3463
3466 3467 3463
3466 3468 3467
3469 3468 3466
3465 3470 3466
3469 3466 3470
3470 3465 3471
3471 3472 3470
3469 3470 3473
3472 3473 3470
3469 3473 3474
3474 3473 3472
3474 3472 3475
3476 3477 3478
3476 3479 3477
3480 3477 3479
3481 3479 3476
3479 3481 3480
3481 3482 3480
3481 3476 3483
3484 3482 3481
3483 3485 3481
3484 3481 3485
3483 3486 3485
3485 3487 3484
3485 3486 3488
3485 3488 3487
3489 3490 3491
3489 3492 3490
3493 3490 3492
3494 3492 3489
3493 3492 3495
3494 3495 3492
3495 3496 3493
3497 3496 3495
3494 3498 3495
3495 3498 3497
3494 3499 3498
3498 3500 3497
3498 3499 3501
3498 3501 3500
3502 3503 3504
3502 3505 3503
3506 3505 3502
3503 3505 3506
3507 3503 3506
3506 3502 3508
3506 3509 3507
3508 3510 3506
3509 3506 3510
3508 3511 3510
3512 3509 3510
3510 3513 3512
3514 3511 3515
3514 3515 3513
3516 3517 3518
3516 3518 3519
3520 3521 3522
3520 3523 3521
3524 3523 3520
3524 3520 3525
3526 3524 3525
3526 3525 3527
3528 3526 3527
3528 3527 3529
3528 3529 3530
3528 3530 3531
3532 3531 3530
3532 3533 3531
3534 3533 3532
3534 3532 3535
3536 3534 3535
3536 3537 3534
3537 3536 3538
3537 3538 3539
3540 3539 3538
3540 3541 3539
3541 3540 3542
3541 3542 3543
3544 3543 3542
3544 3545 3543
3545 3544 3546
3545 3546 3547
3548 3547 3546
3548 3549 3547
3549 3548 3550
3549 3550 3551
3552 3551 3550
3552 3553 3551
3553 3552 3554
3553 3554 3555
3556 3555 3554
3556 3554 3557
3558 3556 3557
3558 3559 3556
3560 3559 3558
3560 3561 3559
3562 3563 3564
3562 3565 3563
3566 3565 3562
3566 3567 3565
3567 3566 3568
3567 3568 3569
3570 3569 3568
3570 3568 3571
3572 3570 3571
3572 3573 3570
3574 3573 3572
3574 3572 3575
3576 3574 3575
3576 3577 3574
3578 3577 3576
3578 3576 3579
3580 3578 3579
3580 3581 3578
3582 3581 3580
3582 3580 3583
3584 3582 3583
3584 3585 3582
3586 3585 3584
3586 3584 3587
3588 3586 3587
3588 3589 3586
3590 3589 3588
3590 3588 3591
3592 3590 3591
3592 3593 3590
3594 3593 3592
3594 3592 3595
3596 3594 3595
3596 3595 3597
3598 3596 3597
3598 3597 3599
3600 3598 3599
3600 3599 3601
3602 3600 3601
3602 3603 3600
3604 3605 3606
3604 3606 3607
3608 3609 3610
3608 3610 3611
3612 3613 3614
3612 3614 3615
3612 3616 3613
3612 3615 3617
3618 3612 3617
3619 3616 3612
3618 3619 3612
3619 3620 3616
3621 3619 3618
3622 3620 3619
3621 3622 3619
3622 3623 3620
3624 3622 3621
3625 3623 3622
3624 3625 3622
3625 3626 3623
3627 3628 3613
3627 3629 3628
3630 3629 3627
3629 3631 3628
3629 3632 3631
3630 3633 3629
3633 3632 3629
3634 3633 3630
3633 3635 3632
3626 3636 3634
3634 3636 3633
3636 3635 3633
3626 3637 3636
3636 3638 3635
3637 3638 3636
3637 3639 3638
3640 3641 3631
3640 3642 3641
3643 3642 3640
3642 3644 3641
3642 3645 3644
3643 3646 3642
3646 3645 3642
3647 3646 3643
3646 3648 3645
3639 3649 3647
3647 3649 3646
3649 3648 3646
3639 3650 3649
3649 3651 3648
3650 3651 3649
3650 3652 3651
3653 3654 3644
3653 3655 3654
3656 3655 3653
3655 3657 3654
3655 3658 3657
3656 3659 3655
3659 3658 3655
3659 3660 3658
3661 3659 3656
3659 3662 3660
3652 3663 3661
3661 3663 3659
3659 3663 3662
3652 3664 3663
3663 3665 3662
3663 3664 3665
3666 3667 3657
3666 3668 3667
3669 3668 3666
3668 3670 3667
3669 3671 3668
3672 3671 3669
3672 3673 3671
3665 3673 3672
3665 3674 3673
3668 3675 3670
3676 3675 3668
3675 3677 3670
3676 3678 3675
3679 3678 3676
3674 3680 3679
3679 3680 3678
3674 3681 3680
3680 3681 3682
3680 3682 3683
3678 3680 3683
3683 3682 3684
3675 3678 3685
3678 3683 3685
3683 3684 3686
3685 3683 3686
3686 3684 3687
3675 3688 3677
3675 3685 3688
3685 3686 3689
3688 3685 3689
3686 3687 3690
3689 3686 3690
3690 3687 3691
3692 3677 3688
3688 3689 3692
3692 3693 3677
3689 3690 3694
3692 3689 3694
3690 3691 3695
3694 3690 3695
3695 3691 3696
3697 3693 3692
3692 3694 3697
3697 3698 3693
3694 3695 3699
3697 3694 3700
3695 3696 3701
3699 3695 3701
3701 3696 3702
3699 3701 3703
3704 3698 3697
3697 3700 3704
3704 3700 3703
3704 3705 3698
3701 3702 3706
3703 3701 3706
3706 3702 3707
3706 3707 3708
3706 3708 3709
3710 3705 3704
3704 3703 3710
3710 3711 3705
3703 3706 3712
3706 3709 3712
3710 3703 3712
3712 3709 3713
3714 3711 3710
3710 3712 3714
3712 3713 3714
3714 3715 3711
3714 3713 3716
3714 3716 3715
3717 3624 3718
3717 3718 3719
3720 3717 3719
3719 3718 3721
3720 3719 3722
3719 3721 3723
3722 3719 3723
3723 3721 3724
3722 3723 3725
3723 3724 3726
3725 3723 3726
3615 3726 3724
3725 3726 3727
3615 3728 3726
3726 3729 3727
3726 3728 3729
3730 3720 3731
3730 3731 3732
3733 3730 3732
3732 3731 3734
3733 3732 3735
3736 3733 3735
3732 3734 3737
3735 3732 3737
3737 3734 3738
3729 3739 3738
3737 3738 3739
3729 3740 3739
3739 3740 3741
3736 3735 3742
3743 3736 3742
3735 3737 3744
3744 3737 3739
3742 3735 3744
3743 3742 3745
3745 3742 3746
3742 3744 3746
3745 3746 3747
3747 3746 3748
3748 3746 3744
3747 3748 3749
3744 3739 3750
3739 3741 3750
3748 3744 3750
3741 3748 3750
3741 3751 3748
3749 3748 3751
3749 3751 3752
3753 3743 3754
3753 3755 3752
3753 3754 3756
3753 3756 3755
3757 3758 3759
3757 3759 3760
3759 3761 3760
3759 3762 3761
3763 3759 3758
3764 3762 3759
3763 3764 3759
3764 3765 3762
3766 3764 3763
3765 3764 3766
3765 3766 3767
3766 3763 3768
3766 3769 3767
3768 3770 3766
3766 3770 3769
3768 3771 3770
3772 3770 3771
3769 3770 3773
3772 3773 3770
3769 3773 3774
3775 3773 3772
3776 3774 3773
3775 3776 3773
3776 3777 3774
3776 3775 3778
3777 3776 3778
3779 3780 3781
3779 3781 3782
3781 3783 3782
3781 3784 3783
3785 3781 3780
3786 3784 3781
3785 3786 3781
3786 3787 3784
3788 3786 3785
3787 3786 3788
3787 3788 3789
3788 3785 3790
3788 3791 3789
3790 3792 3788
3788 3792 3791
3790 3793 3792
3794 3792 3793
3791 3792 3795
3794 3795 3792
3791 3795 3796
3797 3795 3794
3798 3796 3795
3797 3798 3795
3798 3799 3796
3798 3797 3800
3799 3798 3800
3801 3802 3803
3804 3803 3802
3804 3802 3805
3802 3806 3805
3801 3807 3802
3808 3807 3801
3802 3809 3806
3807 3809 3802
3806 3809 3810
3809 3811 3810
3808 3812 3807
3813 3812 3808
3813 3814 3812
3807 3815 3809
3809 3815 3811
3812 3815 3807
3814 3816 3812
3812 3816 3815
3815 3816 3811
3814 3817 3816
3816 3818 3811
3816 3817 3818
3819 3820 3821
3822 3821 3820
3822 3823 3821
3821 3823 3824
3819 3821 3825
3826 3819 3825
3821 3824 3827
3825 3821 3827
3824 3828 3827
3827 3828 3829
3826 3825 3830
3831 3826 3830
3831 3830 3832
3825 3827 3833
3827 3829 3833
3830 3825 3833
3832 3830 3834
3830 3833 3834
3833 3829 3834
3832 3834 3835
3834 3829 3836
3834 3836 3835
3002 3837 3838
3839 3838 3837
3838 3840 3002
3839 3841 3838
3838 3842 3840
3841 3842 3838
3841 3843 3842
3842 3843 3844
3845 3840 3842
3842 3844 3846
3845 3842 3846
3847 3846 3844
3848 3845 3846
3847 3848 3846
3848 3849 3845
3007 3849 3848
3850 3848 3847
3848 3850 3007
3850 3847 3851
3850 3852 3007
3853 3850 3851
3853 3852 3850
3854 3855 3277
3856 3855 3854
3277 3857 3854
3856 3854 3858
3857 3859 3854
3858 3854 3859
3858 3859 3860
3859 3861 3860
3862 3859 3857
3859 3863 3861
3862 3863 3859
3864 3861 3863
3865 3863 3862
3864 3863 3865
3865 3862 3866
3865 3866 3282
3867 3864 3865
3282 3867 3865
3867 3868 3864
3282 3869 3867
3870 3868 3867
3870 3867 3869
