byte offset: 0
first index: 68382
index count: 1650
topology: trianglelist
format: DXGI_FORMAT_R16_UINT

16801 16802 16803
16802 16801 16804
16804 16801 16805
16806 16802 16804
16806 16807 16802
16808 16807 16806
16808 16806 16809
16809 16806 16804
16809 16804 16810
16804 16811 16810
16804 16805 16812
16811 16804 16812
16805 16813 16812
16811 16812 16814
16812 16813 16815
16816 16814 16812
16815 16817 16812
16816 16812 16818
16812 16817 16819
16820 16818 16812
16819 16821 16812
16812 16821 16820
16822 16823 16824
16822 16825 16823
16825 16822 16826
16823 16825 16827
16823 16827 16828
16827 16829 16828
16830 16827 16825
16829 16827 16830
16830 16825 16831
16825 16832 16831
16825 16826 16833
16832 16825 16833
16826 16834 16833
16832 16833 16835
16833 16834 16836
16837 16835 16833
16836 16838 16833
16837 16833 16839
16833 16838 16840
16841 16839 16833
16840 16842 16833
16833 16842 16841
16843 16844 16845
16843 16846 16844
16846 16843 16847
16844 16846 16848
16844 16848 16849
16848 16829 16849
16829 16848 16850
16850 16848 16846
16850 16846 16851
16846 16852 16851
16846 16847 16853
16852 16846 16853
16847 16854 16853
16852 16853 16855
16853 16854 16856
16857 16855 16853
16856 16858 16853
16857 16853 16859
16853 16858 16860
16861 16859 16853
16860 16862 16853
16853 16862 16861
16863 16864 16865
16864 16863 16866
16866 16863 16867
16868 16864 16866
16868 16869 16864
16829 16869 16868
16829 16868 16870
16870 16868 16866
16870 16866 16871
16866 16872 16871
16866 16867 16873
16872 16866 16873
16867 16874 16873
16872 16873 16875
16873 16874 16876
16877 16875 16873
16876 16878 16873
16877 16873 16879
16873 16878 16880
16881 16879 16873
16880 16882 16873
16873 16882 16881
16883 16884 16885
16883 16886 16884
16886 16883 16887
16884 16886 16888
16884 16888 16889
16888 16808 16889
16808 16888 16890
16890 16888 16886
16890 16886 16891
16886 16892 16891
16886 16887 16893
16892 16886 16893
16887 16894 16893
16892 16893 16895
16893 16894 16896
16897 16895 16893
16896 16898 16893
16897 16893 16899
16893 16898 16900
16901 16899 16893
16900 16902 16893
16893 16902 16901
16903 16904 16905
16903 16905 16906
16905 16907 16906
16906 16907 16908
16908 16909 16906
16906 16909 16910
16910 16911 16906
16906 16911 16912
16912 16913 16906
16914 16906 16913
16914 16915 16906
16916 16906 16915
16916 16903 16906
16903 16916 16917
16918 16903 16917
16918 16919 16903
16920 16919 16918
16919 16920 16921
16920 16922 16923
16923 16922 16924
16923 16924 16925
16920 16923 16926
16926 16923 16925
16926 16925 16927
16925 16928 16927
16924 16929 16925
16929 16924 16930
16925 16929 16931
16928 16925 16932
16925 16931 16932
16928 16932 16933
16931 16934 16932
16935 16933 16932
16932 16934 16936
16935 16932 16937
16936 16938 16932
16939 16937 16932
16932 16938 16940
16932 16941 16939
16940 16941 16932
16942 16943 16944
16945 16942 16944
16945 16946 16942
16947 16946 16945
16946 16947 16948
16949 16946 16948
16949 16942 16946
16950 16942 16949
16950 16949 16951
16942 16950 16952
16942 16952 16953
16954 16942 16953
16952 16955 16953
16954 16953 16956
16953 16955 16957
16958 16956 16953
16957 16959 16953
16958 16953 16960
16953 16959 16961
16962 16960 16953
16961 16963 16953
16953 16963 16962
16964 16965 16966
16965 16964 16967
16967 16964 16968
16969 16965 16967
16969 16970 16965
16920 16970 16969
16920 16969 16971
16971 16969 16967
16971 16967 16972
16967 16973 16972
16967 16968 16974
16973 16967 16974
16968 16975 16974
16973 16974 16976
16974 16975 16977
16978 16976 16974
16977 16979 16974
16978 16974 16980
16974 16979 16981
16982 16980 16974
16981 16983 16974
16974 16983 16982
16984 16985 16986
16984 16987 16985
16987 16984 16988
16985 16987 16989
16985 16989 16990
16989 16947 16990
16947 16989 16991
16991 16989 16987
16991 16987 16992
16987 16993 16992
16987 16988 16994
16993 16987 16994
16988 16995 16994
16993 16994 16996
16994 16995 16997
16998 16996 16994
16997 16999 16994
16998 16994 17000
16994 16999 17001
17002 17000 16994
17001 17003 16994
16994 17003 17002
17004 17005 17006
17004 17007 17005
17008 17007 17004
17008 17004 17009
17010 17011 17012
17011 17010 17013
17013 17010 17014
17015 17011 17013
17015 17016 17011
17017 17016 17015
17018 17015 17013
17017 17015 17018
17018 17013 17019
17013 17020 17019
17013 17014 17021
17020 17013 17021
17014 17022 17021
17020 17021 17023
17021 17022 17024
17025 17023 17021
17024 17026 17021
17025 17021 17027
17021 17026 17028
17029 17027 17021
17028 17030 17021
17021 17030 17029
17031 17032 17033
17031 17034 17032
17034 17031 17035
17032 17034 17036
17032 17036 17037
17036 17017 17037
17017 17036 17038
17038 17036 17034
17038 17034 17039
17034 17040 17039
17034 17035 17041
17040 17034 17041
17035 17042 17041
17040 17041 17043
17041 17042 17044
17045 17043 17041
17044 17046 17041
17045 17041 17047
17041 17046 17048
17049 17047 17041
17048 17050 17041
17041 17050 17049
17051 17052 17053
17051 17054 17052
17054 17051 17055
17052 17054 17056
17052 17056 17057
17056 17058 17057
17058 17056 17059
17059 17056 17054
17059 17054 17060
17054 17061 17060
17054 17055 17062
17061 17054 17062
17055 17063 17062
17061 17062 17064
17062 17063 17065
17066 17064 17062
17065 17067 17062
17066 17062 17068
17062 17067 17069
17070 17068 17062
17069 17071 17062
17062 17071 17070
17072 17073 17074
17072 17075 17073
17075 17072 17076
17073 17075 17077
17073 17077 17078
17077 17058 17078
17058 17077 17079
17079 17077 17075
17079 17075 17080
17075 17081 17080
17075 17076 17082
17081 17075 17082
17076 17083 17082
17081 17082 17084
17082 17083 17085
17086 17084 17082
17085 17087 17082
17086 17082 17088
17082 17087 17089
17090 17088 17082
17089 17091 17082
17082 17091 17090
17092 17093 17094
17093 17092 17095
17095 17092 17096
17097 17093 17095
17097 17098 17093
17017 17098 17097
17017 17097 17099
17099 17097 17095
17099 17095 17100
17095 17101 17100
17095 17096 17102
17101 17095 17102
17096 17103 17102
17101 17102 17104
17102 17103 17105
17106 17104 17102
17105 17107 17102
17106 17102 17108
17102 17107 17109
17110 17108 17102
17109 17111 17102
17102 17111 17110
17112 17113 17114
17113 17112 17115
17115 17112 17116
17117 17113 17115
17117 17118 17113
17119 17118 17117
17120 17117 17115
17119 17117 17120
17120 17115 17121
17115 17122 17121
17115 17116 17123
17122 17115 17123
17116 17124 17123
17122 17123 17125
17123 17124 17126
17127 17125 17123
17126 17128 17123
17127 17123 17129
17123 17128 17130
17131 17129 17123
17130 17132 17123
17123 17132 17131
17133 17134 17135
17133 17136 17134
17136 17133 17137
17134 17136 17138
17134 17138 17139
17138 17119 17139
17119 17138 17140
17140 17138 17136
17140 17136 17141
17136 17142 17141
17136 17137 17143
17142 17136 17143
17137 17144 17143
17142 17143 17145
17143 17144 17146
17147 17145 17143
17146 17148 17143
17147 17143 17149
17143 17148 17150
17151 17149 17143
17150 17152 17143
17143 17152 17151
17153 17154 17155
17153 17156 17154
17156 17153 17157
17154 17156 17158
17154 17158 17159
17158 17160 17159
17160 17158 17161
17161 17158 17156
17161 17156 17162
17156 17163 17162
17156 17157 17164
17163 17156 17164
17157 17165 17164
17163 17164 17166
17164 17165 17167
17168 17166 17164
17167 17169 17164
17168 17164 17170
17164 17169 17171
17172 17170 17164
17171 17173 17164
17164 17173 17172
17174 17175 17176
17174 17177 17175
17177 17174 17178
17175 17177 17179
17175 17179 17180
17179 17160 17180
17160 17179 17181
17181 17179 17177
17181 17177 17182
17177 17183 17182
17177 17178 17184
17183 17177 17184
17178 17185 17184
17183 17184 17186
17184 17185 17187
17188 17186 17184
17187 17189 17184
17188 17184 17190
17184 17189 17191
17192 17190 17184
17191 17193 17184
17184 17193 17192
17194 17195 17196
17195 17194 17197
17197 17194 17198
17199 17195 17197
17199 17200 17195
17119 17200 17199
17119 17199 17201
17201 17199 17197
17201 17197 17202
17197 17203 17202
17197 17198 17204
17203 17197 17204
17198 17205 17204
17203 17204 17206
17204 17205 17207
17208 17206 17204
17207 17209 17204
17208 17204 17210
17204 17209 17211
17212 17210 17204
17211 17213 17204
17204 17213 17212
17214 17215 17216
17215 17214 17217
17217 17214 17218
17219 17215 17217
17219 17220 17215
17221 17220 17219
17222 17219 17217
17221 17219 17222
17222 17217 17223
17217 17224 17223
17217 17218 17225
17224 17217 17225
17218 17226 17225
17224 17225 17227
17225 17226 17228
17229 17227 17225
17228 17230 17225
17229 17225 17231
17225 17230 17232
17233 17231 17225
17232 17234 17225
17225 17234 17233
17235 17236 17237
17235 17238 17236
17238 17235 17239
17236 17238 17240
17236 17240 17241
17240 17221 17241
17221 17240 17242
17242 17240 17238
17242 17238 17243
17238 17244 17243
17238 17239 17245
17244 17238 17245
17239 17246 17245
17244 17245 17247
17245 17246 17248
17249 17247 17245
17248 17250 17245
17249 17245 17251
17245 17250 17252
17253 17251 17245
17252 17254 17245
17245 17254 17253
17255 17256 17257
17255 17258 17256
17258 17255 17259
17256 17258 17260
17256 17260 17261
17260 17262 17261
17262 17260 17263
17263 17260 17258
17263 17258 17264
17258 17265 17264
17258 17259 17266
17265 17258 17266
17259 17267 17266
17265 17266 17268
17266 17267 17269
17270 17268 17266
17269 17271 17266
17270 17266 17272
17266 17271 17273
17274 17272 17266
17273 17275 17266
17266 17275 17274
17276 17277 17278
17276 17279 17277
17279 17276 17280
17277 17279 17281
17277 17281 17282
17281 17262 17282
17262 17281 17283
17283 17281 17279
17283 17279 17284
17279 17285 17284
17279 17280 17286
17285 17279 17286
17280 17287 17286
17285 17286 17288
17286 17287 17289
17290 17288 17286
17289 17291 17286
17290 17286 17292
17286 17291 17293
17294 17292 17286
17293 17295 17286
17286 17295 17294
17296 17297 17298
17297 17296 17299
17299 17296 17300
17301 17297 17299
17301 17302 17297
17221 17302 17301
17221 17301 17303
17303 17301 17299
17303 17299 17304
17299 17305 17304
17299 17300 17306
17305 17299 17306
17300 17307 17306
17305 17306 17308
17306 17307 17309
17310 17308 17306
17309 17311 17306
17310 17306 17312
17306 17311 17313
17314 17312 17306
17313 17315 17306
17306 17315 17314
