byte offset: 0
first index: 55722
index count: 12660
topology: trianglelist
format: DXGI_FORMAT_R16_UINT

13782 13783 13784
13782 13785 13786
13786 13785 13787
13786 13787 13788
13788 13787 13789
13788 13789 13790
13789 13791 13790
13791 13789 13792
13791 13793 13790
13791 13792 13794
13793 13791 13794
13794 13792 13795
13793 13794 13796
13794 13795 13797
13796 13794 13797
13797 13795 13798
13796 13797 13799
13797 13798 13800
13799 13797 13800
13800 13798 13801
13799 13800 13802
13800 13801 13803
13802 13800 13803
13803 13801 13804
13802 13803 13805
13803 13804 13806
13805 13803 13806
13806 13804 13807
13805 13806 13808
13806 13807 13809
13808 13806 13809
13808 13809 13810
13809 13807 13811
13809 13812 13810
13809 13811 13813
13809 13813 13812
13813 13811 13814
13812 13813 13815
13813 13814 13815
13812 13815 13816
13815 13814 13817
13816 13815 13818
13815 13817 13818
13816 13818 13819
13818 13817 13820
13819 13818 13821
13818 13820 13821
13819 13821 13822
13821 13820 13823
13822 13821 13824
13821 13823 13824
13822 13824 13825
13824 13823 13826
13825 13824 13826
12 13827 11
12 13828 13827
14 13828 12
13829 13827 13828
14 13830 13828
13829 13828 13831
13831 13828 13830
13831 13830 13832
13831 13833 13829
13834 13831 13832
13831 13835 13833
13834 13835 13831
13835 13836 13833
13834 13837 13835
13835 13837 13836
13834 13838 13837
13836 13837 13839
13839 13837 13838
13836 13839 13840
13839 13838 13841
13839 13842 13840
13841 13843 13839
13839 13843 13842
13841 13844 13843
13843 13845 13842
13844 13846 13843
13843 13846 13845
13844 13847 13846
13848 13845 13846
13849 13846 13847
13848 13846 13849
13849 13847 13850
13849 13851 13848
13852 13849 13850
13849 13853 13851
13852 13853 13849
13851 13853 13854
13854 13853 13852
13851 13854 13855
13855 13854 13856
13855 13856 13857
13858 13854 13852
13858 13852 13859
13857 13856 13860
13857 13860 13861
13858 13859 13862
13858 13862 13863
13860 13864 13861
13860 13865 13864
13864 13865 13866
13864 13866 13867
13868 13863 13862
13868 13862 13869
13868 13869 13870
13868 13870 13871
13871 13870 13872
13871 13872 13873
13873 13872 13874
13867 13866 13875
13867 13875 13876
13877 13876 13875
13877 13875 13878
13879 13877 13878
13880 13881 13882
13881 13880 13883
13881 13883 13884
13880 13885 13883
13886 13884 13883
13885 13886 13883
13886 13887 13884
13887 13886 13888
13887 13888 13889
13888 13890 13889
13885 13891 13886
13891 13888 13886
13892 13891 13885
13891 13893 13888
13888 13893 13894
13895 13893 13891
13895 13896 13893
13896 13894 13893
13888 13897 13890
13888 13894 13897
13890 13897 13898
13894 13898 13897
13890 13898 13899
13896 13900 13894
13901 13900 13896
13902 13894 13900
13902 13900 13903
13903 13900 13901
13902 13903 13904
13904 13905 13902
13906 13902 13905
13907 13899 13898
13907 13908 13899
13909 13908 13907
13894 13910 13898
13902 13910 13894
13898 13910 13911
13902 13911 13910
13898 13911 13907
13907 13911 13912
13906 13913 13902
13902 13913 13911
13913 13912 13911
13914 13913 13906
13909 13907 13915
13907 13912 13915
13915 13916 13909
13914 13917 13913
13913 13917 13912
13917 13914 13918
13915 13919 13916
13919 13915 13912
13920 13912 13917
13917 13918 13920
13921 13916 13919
13921 13922 13916
13919 13912 13923
13920 13923 13912
13924 13919 13923
13924 13923 13920
13924 13921 13919
13925 13920 13918
13924 13920 13925
13925 13918 13926
13927 13922 13921
13927 13928 13922
13929 13927 13921
13929 13921 13924
13929 13924 13925
13929 13925 13930
13930 13925 13926
13930 13926 13931
248 247 13932
13932 247 245
13932 245 13933
13933 13934 13932
13933 245 244
13933 13935 13934
13935 13936 13934
13933 244 13937
13935 13933 13937
242 13937 244
13935 13938 13936
13939 13936 13938
242 13940 13937
13940 242 243
13935 13937 13941
13938 13935 13941
13941 13937 13940
13942 13939 13938
13942 13943 13939
13938 13941 13944
13942 13938 13944
13941 13940 13945
13944 13941 13945
13944 13946 13942
13944 13947 13946
13944 13945 13947
13946 13948 13942
13942 13948 13943
13949 13943 13948
13940 243 13950
13950 13945 13940
13947 13945 13951
13950 13951 13945
13949 13948 13952
13952 13953 13949
13954 13950 243
13954 243 249
13947 13955 13946
13947 13951 13955
13950 13956 13951
13950 13954 13956
13957 13955 13951
13957 13946 13955
13957 13951 13956
249 13958 13954
249 254 13958
13959 13957 13956
13959 13946 13957
13960 13956 13954
13960 13954 13958
13959 13956 13960
13961 13958 254
13961 254 258
13962 13960 13958
13962 13958 13961
13963 13959 13960
13963 13960 13962
13959 13964 13946
13964 13959 13963
13961 13965 13962
13962 13965 13966
13962 13966 13963
13967 13963 13966
13964 13963 13967
13961 13968 13965
13968 13961 258
13964 13967 13969
13964 13969 13970
13946 13964 13970
13971 13970 13969
13968 258 13972
13973 13968 13972
13974 13973 13972
258 13974 13972
258 257 13974
13946 13970 13975
13946 13975 13948
13975 13952 13948
13971 13976 13970
13975 13970 13976
13976 13971 13977
13975 13978 13952
13975 13976 13978
13976 13977 13979
13978 13976 13979
13980 13979 13977
13978 13981 13952
13952 13981 13953
13982 13953 13981
13978 13979 13983
13978 13983 13981
13980 13984 13979
13983 13979 13984
13982 13981 13985
13983 13985 13981
13980 13986 13984
13980 13987 13986
13988 13984 13986
13983 13984 13989
13988 13989 13984
13983 13989 13985
13988 13985 13989
13988 13990 13985
13982 13985 13990
13982 13990 13991
13992 13993 13994
13992 13994 13995
13995 13996 13992
13997 13995 13994
13995 13998 13996
13999 13996 13998
13997 14000 13995
13998 13995 14000
14001 14000 13997
14002 13999 13998
13998 14000 14002
14001 14003 14000
14003 14002 14000
14004 14003 14001
14002 14005 13999
14005 14006 13999
14004 14007 14003
14004 14008 14007
14009 14007 14008
14003 14010 14002
14005 14002 14010
14007 14010 14003
14005 14011 14006
14012 14006 14011
14005 14010 14013
14011 14005 14013
14007 14014 14010
14013 14010 14014
14009 14015 14007
14015 14014 14007
14012 14011 14016
14011 14013 14016
14013 14014 14017
14016 14013 14017
14012 14016 14018
14019 14012 14018
14020 14018 14016
14016 14017 14020
14021 14017 14014
14015 14021 14014
14022 14015 14009
14022 14009 14023
14019 14018 14024
14020 14024 14018
14025 14020 14017
14021 14025 14017
14015 14026 14021
14015 14022 14026
14023 14027 14022
14023 14028 14027
14029 14024 14020
14025 14029 14020
14021 14030 14025
14021 14026 14030
14030 14029 14025
14019 14024 14031
14029 14031 14024
14022 14032 14026
14022 14027 14032
14028 14033 14027
14028 14034 14033
14027 14033 14035
14027 14035 14032
14032 14035 14036
14026 14032 14037
14026 14037 14030
14032 14036 14037
14019 14031 14038
14039 14019 14038
14037 14040 14030
14030 14040 14029
14036 14041 14037
14037 14041 14040
14036 14042 14041
14041 14042 14043
14029 14044 14031
14029 14040 14044
14044 14038 14031
14041 14043 14045
14040 14041 14045
14040 14045 14044
14046 14045 14043
14047 14044 14045
14046 14047 14045
14047 14038 14044
14047 14046 14048
14038 14047 14049
14047 14048 14049
14038 14049 14050
14039 14038 14050
14050 14051 14039
14052 14049 14048
14050 14049 14052
14052 14048 14053
14050 14054 14051
14050 14052 14054
14055 14051 14054
14055 14054 14056
14056 14054 14052
14056 14052 14057
14057 14052 14053
14057 14053 14058
2471 2470 14059
2473 2471 14059
2473 14059 14060
2475 2473 14060
14061 14060 14059
2475 14060 14062
14062 2477 2475
14063 14060 14061
14063 14062 14060
14064 14063 14061
14062 14065 2477
2479 2477 14065
14066 14062 14063
14064 14066 14063
14066 14065 14062
2479 14065 14067
14066 14067 14065
14067 2481 2479
14064 14068 14066
14064 14069 14068
14068 14070 14066
14066 14070 14067
14067 14071 2481
2483 2481 14071
14072 14068 14069
14068 14072 14070
14067 14070 14073
14067 14073 14071
2483 14071 14074
14074 14071 14073
14072 14069 14075
14076 14075 14069
14077 14070 14072
14077 14073 14070
14075 14077 14072
14076 14078 14075
14079 14078 14076
14075 14080 14077
14078 14080 14075
14081 14073 14077
14080 14081 14077
14079 14082 14078
14079 14083 14082
14078 14084 14080
14084 14078 14082
14085 14082 14083
14084 14082 14085
14085 14083 14086
14084 14087 14080
14080 14087 14081
14085 14088 14084
14084 14088 14087
14086 14089 14085
14085 14089 14088
14086 14090 14089
14088 14091 14087
14081 14087 14091
14081 14092 14073
14074 14073 14092
14093 14089 14090
14093 14090 14094
14095 14093 14094
14089 14096 14088
14089 14093 14096
14088 14096 14091
14095 14097 14093
14096 14093 14097
14098 14097 14095
14092 14081 14099
14081 14091 14099
14100 14074 14092
14092 14099 14100
14091 14096 14101
14096 14097 14101
14098 14102 14097
14101 14097 14102
14102 14098 14103
14099 14091 14104
14091 14101 14104
14101 14102 14105
14104 14101 14105
14102 14103 14106
14106 14105 14102
14107 14106 14103
14099 14104 14108
14108 14100 14099
14100 14109 14074
14109 2483 14074
14109 2484 2483
14104 14105 14110
14108 14104 14110
14107 14111 14106
14112 14111 14107
14106 14113 14105
14110 14105 14113
14113 14106 14111
14114 14109 14100
14108 14114 14100
14115 2484 14109
14114 14115 14109
14115 2486 2484
14112 14116 14111
14117 14116 14112
14117 14118 14116
14108 14110 14119
14119 14114 14108
14113 14111 14120
14116 14120 14111
14121 14116 14118
14116 14121 14120
14121 14118 14122
14110 14113 14123
14123 14113 14120
14123 14119 14110
14119 14124 14114
14115 14114 14124
14121 14125 14120
14123 14120 14125
14122 14126 14121
14121 14126 14125
14122 14127 14126
14123 14128 14119
14128 14123 14125
14124 14119 14128
14115 14124 14129
14129 2486 14115
14129 2488 2486
14130 14126 14127
14130 14127 14131
14132 14125 14126
14128 14125 14132
14132 14126 14130
14124 14128 14133
14133 14129 14124
14132 14133 14128
14134 2488 14129
14133 14134 14129
14134 2490 2488
14132 14135 14133
14130 14135 14132
14135 14134 14133
14131 14136 14130
14130 14136 14135
14131 14137 14136
2490 14134 14138
14135 14138 14134
14136 14138 14135
2490 14138 2492
14139 14136 14137
14136 14139 14138
2492 14138 14139
14139 14137 14140
2492 14139 2493
14139 14140 2493
14141 14142 14143
14141 14144 14142
14144 14141 14145
14146 14142 14144
14144 14145 14147
14148 14147 14145
14146 14144 14149
14147 14149 14144
14150 14146 14149
14147 14151 14149
14151 14147 14148
14150 14149 14152
14152 14149 14151
14153 14150 14152
14153 14152 14154
14153 14154 14155
14156 14155 14154
14152 14151 14157
14154 14152 14157
14151 14148 14158
14159 14151 14158
14159 14157 14151
14160 14157 14159
14148 14161 14158
14161 14159 14158
14148 14162 14161
14163 14161 14162
14161 14164 14159
14163 14164 14161
14164 14160 14159
14154 14157 14165
14160 14165 14157
14156 14154 14166
14166 14154 14165
14163 14167 14164
14168 14167 14163
14169 14164 14167
14164 14169 14160
14169 14167 14170
14168 14170 14167
14171 14169 14170
14160 14169 14171
14172 14165 14160
14166 14165 14172
14173 14156 14166
14173 14174 14156
14168 14175 14170
14171 14170 14175
14168 14176 14175
14177 14176 14168
14160 14171 14178
14172 14160 14178
14166 14172 14179
14166 14179 14173
14174 14173 14180
14174 14180 14181
14171 14175 14182
14182 14175 14176
14178 14171 14183
14171 14182 14183
14172 14178 14184
14172 14184 14179
14178 14183 14184
14173 14179 14185
14173 14185 14180
14181 14180 14186
14181 14186 14187
14180 14188 14186
14180 14185 14188
14185 14189 14188
14179 14190 14185
14185 14190 14189
14179 14184 14190
14190 14191 14189
14184 14192 14190
14190 14192 14191
14184 14183 14192
14192 14193 14191
14183 14194 14192
14192 14194 14193
14183 14182 14194
14195 14193 14194
14196 14194 14182
14195 14194 14196
14196 14182 14176
14196 14197 14195
14176 14198 14196
14196 14198 14197
14176 14199 14198
14177 14199 14176
14199 14177 14200
14201 14197 14198
14199 14201 14198
14201 14202 14197
14199 14200 14203
14199 14203 14201
14204 14203 14200
14205 14202 14201
14205 14206 14202
14207 14201 14203
14204 14207 14203
14207 14205 14201
14208 14206 14205
14208 14209 14206
14210 14207 14204
14211 14210 14204
14210 14211 14212
14213 14205 14207
14210 14213 14207
14213 14208 14205
14210 14212 14214
14214 14213 14210
14214 14212 14215
14216 14209 14208
14216 14217 14209
14218 14208 14213
14214 14218 14213
14218 14216 14208
14214 14215 14219
14218 14214 14219
14220 14219 14215
14217 14216 14221
14217 14221 14222
14216 14218 14223
14218 14219 14223
14216 14223 14221
14220 14224 14219
14224 14223 14219
14225 14224 14220
14226 14222 14221
14226 14227 14222
14228 14221 14223
14224 14228 14223
14228 14226 14221
14225 14229 14224
14228 14224 14229
14227 14226 14230
14227 14230 14231
14226 14228 14232
14228 14229 14232
14226 14232 14230
14225 14233 14229
14225 14234 14233
14235 14231 14230
14235 14236 14231
14237 14232 14229
14237 14229 14233
14238 14230 14232
14238 14235 14230
14237 14238 14232
14239 14233 14234
14239 14234 14240
14241 14237 14233
14241 14233 14239
14239 14242 14241
14243 14238 14237
14243 14235 14238
14243 14237 14244
14245 14243 14244
14240 14246 14239
14239 14246 14242
14240 14247 14246
14248 14242 14246
14248 14246 14247
14243 14249 14235
14249 14236 14235
14249 14250 14236
14245 14251 14243
14249 14243 14251
14252 14251 14245
14253 14250 14249
14249 14251 14253
14253 14254 14250
14252 14255 14251
14253 14251 14255
14255 14254 14253
14256 14255 14252
14255 14257 14254
14256 14258 14255
14258 14257 14255
14258 14256 14259
14258 14260 14257
14258 14259 14260
2499 14261 2498
2501 14261 2499
2501 14262 14261
2503 14262 2501
14263 14261 14262
2503 14264 14262
14264 2503 2505
14265 14263 14262
14265 14262 14264
14266 14263 14265
14264 2505 14267
2507 14267 2505
14268 14265 14264
14266 14265 14268
14268 14264 14267
2507 14269 14267
14268 14267 14269
14269 2507 2509
14266 14268 14270
14266 14270 14271
14270 14268 14272
14268 14269 14272
14269 2509 14273
2511 14273 2509
14274 14271 14270
14270 14272 14274
14269 14273 14275
14269 14275 14272
2511 14276 14273
14276 14275 14273
14274 14277 14271
14278 14271 14277
14279 14274 14272
14279 14272 14275
14277 14274 14279
14278 14277 14280
14281 14278 14280
14277 14279 14282
14280 14277 14282
14283 14279 14275
14282 14279 14283
14281 14280 14284
14281 14284 14285
14280 14282 14286
14286 14284 14280
14287 14285 14284
14286 14287 14284
14287 14288 14285
14286 14282 14289
14282 14283 14289
14287 14286 14290
14286 14289 14290
14288 14287 14291
14287 14290 14291
14288 14291 14292
14290 14289 14293
14283 14293 14289
14283 14275 14294
14276 14294 14275
14291 14290 14295
14290 14293 14295
14296 14292 14291
14291 14295 14296
14296 14297 14292
14298 14297 14296
14298 14296 14299
14295 14299 14296
14300 14298 14299
14294 14301 14283
14283 14301 14293
14302 14294 14276
14294 14302 14301
14293 14303 14295
14295 14303 14299
14300 14299 14304
14303 14304 14299
14304 14305 14300
14301 14306 14293
14293 14306 14303
14303 14307 14304
14306 14307 14303
14304 14308 14305
14308 14304 14307
14309 14305 14308
14301 14310 14306
14310 14301 14302
14302 14276 14311
14311 14276 2511
14311 2511 2512
14306 14312 14307
14310 14312 14306
14309 14308 14313
14314 14309 14313
14308 14307 14315
14312 14315 14307
14315 14313 14308
14316 14302 14311
14310 14302 14316
14317 14311 2512
14316 14311 14317
14317 2512 2514
14314 14313 14318
14319 14314 14318
14319 14318 14320
14310 14321 14312
14321 14310 14316
14315 14322 14313
14318 14313 14322
14323 14320 14318
14318 14322 14323
14323 14324 14320
14312 14325 14315
14325 14322 14315
14325 14312 14321
14321 14316 14326
14317 14326 14316
14323 14322 14327
14325 14327 14322
14324 14323 14328
14323 14327 14328
14324 14328 14329
14325 14321 14330
14330 14327 14325
14326 14330 14321
14317 14331 14326
14331 14317 2514
14331 2514 2516
14332 14328 14327
14330 14332 14327
14333 14329 14328
14332 14333 14328
14333 14334 14329
14326 14335 14330
14335 14326 14331
14332 14330 14335
14336 14331 2516
14335 14331 14336
14336 2516 2518
14332 14335 14337
14333 14332 14337
14337 14335 14336
14334 14333 14338
14333 14337 14338
14334 14338 14339
2518 14340 14336
14337 14336 14340
14338 14337 14340
2518 2520 14340
14341 14339 14338
14338 14340 14341
2520 14341 14340
14341 14342 14339
2520 2521 14341
14341 2521 14342
3097 3096 14343
3097 14343 14344
3098 3097 14344
14345 14344 14343
3098 14344 14346
14345 14347 14344
14347 14346 14344
14347 14348 14346
14347 14345 14349
14350 14348 14347
14347 14349 14351
14350 14347 14351
14351 14349 14352
14350 14351 14353
14351 14352 14353
14350 14353 14354
14352 14355 14353
14355 14354 14353
14352 14356 14355
14355 14357 14354
14355 14356 14358
14357 14355 14359
14355 14358 14359
14357 14359 14360
14359 14358 14361
14360 14359 14362
14359 14361 14362
14360 14362 14363
14364 14362 14361
14365 14363 14362
14364 14365 14362
14365 14366 14363
14365 14364 14367
14368 14366 14365
14365 14367 14369
14368 14365 14369
14367 14370 14369
14370 14368 14369
14367 14371 14370
14371 14372 14370
14371 14373 14372
14374 14368 14370
14374 14375 14368
14373 14376 14372
14373 14377 14376
14374 14378 14375
14374 14379 14378
14376 14377 14380
14376 14380 14381
14380 14382 14381
14380 14383 14382
14384 14378 14379
14384 14385 14378
14384 14386 14385
14384 14387 14386
14387 14388 14386
14387 14389 14388
14389 14390 14388
14383 14391 14382
14383 14392 14391
14393 14391 14392
14393 14394 14391
14395 14394 14393
14396 14397 14398
14399 14398 14397
14399 14400 14398
14399 14401 14400
14399 14402 14401
14399 14403 14402
14404 14402 14403
14404 14405 14402
14404 14406 14405
14404 14407 14406
14407 14408 14406
14407 14409 14408
14410 14408 14409
14410 14411 14408
14410 14412 14411
14410 14413 14412
14413 14414 14412
14414 14413 14415
14413 14416 14415
14413 14417 14416
14416 14417 14418
14416 14418 14419
14419 14418 14420
14419 14420 14421
14420 14422 14421
14420 14423 14422
14423 14424 14422
14423 14425 14424
14425 14426 14424
14425 14427 14426
14426 14427 14428
14426 14428 14429
14430 14429 14428
14430 14431 14429
14432 14431 14430
14432 14433 14431
14433 14432 14434
14433 14434 14435
14436 14435 14434
14436 14437 14435
14438 14437 14436
14438 14439 14437
14439 14438 14440
14439 14440 14441
14442 14441 14440
14442 14443 14441
14444 14443 14442
14444 14445 14443
14445 14444 14446
14445 14446 14447
14446 14448 14447
14446 14449 14448
14448 14449 14450
14448 14450 14451
14451 14450 14452
14451 14452 14453
14452 14454 14453
14452 14455 14454
14454 14455 14456
14454 14456 14457
14458 14457 14456
14458 14459 14457
14460 4775 4774
14460 4774 14461
14462 14460 14461
14462 14461 14463
14464 14462 14463
14464 14463 14465
14466 14464 14465
14466 14467 14464
14468 14467 14466
14468 14466 14469
14470 14468 14469
14468 14470 14471
14468 14471 14472
14472 14471 14473
14472 14473 14474
14475 14474 14473
14475 14473 14476
14477 14475 14476
14477 14478 14475
14479 14478 14477
14479 14480 14478
14481 14480 14479
14481 14482 14480
14482 14481 14483
14482 14483 14484
14485 14484 14483
14485 14483 14486
14485 14486 14487
14485 14487 14488
14485 14488 14489
14490 14489 14488
14490 14491 14489
14492 14491 14490
14492 14493 14491
14494 14493 14492
14494 14495 14493
14496 14495 14494
14496 14494 14497
14498 14496 14497
14498 14497 14499
14500 14498 14499
14500 14501 14498
14502 14501 14500
14502 14503 14501
14504 14503 14502
14505 14506 14507
14508 14506 14505
14508 14505 14509
14508 14509 14510
14508 14510 14511
14512 14511 14510
14512 14513 14511
14513 14512 14514
14513 14514 14515
14515 14514 14516
14517 14515 14516
14517 14516 14518
14519 14517 14518
14519 14518 14520
14521 14519 14520
14521 14520 14522
14521 14522 14523
14521 14523 14524
14525 14524 14523
14525 14526 14524
14527 14526 14525
14527 14528 14526
14529 14528 14527
14529 14530 14528
14531 14530 14529
14531 14532 14530
14533 14532 14531
14533 14534 14532
14535 14534 14533
14535 14533 14536
14537 14535 14536
14537 14538 14535
14538 14537 14539
14538 14539 14540
14541 14540 14539
14541 14542 14540
14543 14542 14541
14543 14541 14544
14545 14543 14544
14545 14544 14546
14547 14545 14546
14547 14548 14545
14548 14547 14549
14548 14549 14550
14550 14549 14551
14550 14551 14552
14553 14552 14551
14553 14551 14554
14555 14553 14554
14556 14557 14558
14556 14559 14557
14559 14556 14560
14559 14560 14561
14559 14562 14557
14563 14559 14561
14559 14563 14562
14563 14561 14564
14563 14565 14562
14562 14565 14566
14567 14563 14564
14563 14567 14565
14565 14568 14566
14568 14569 14566
14567 14564 14570
14570 14564 14571
14572 14570 14571
14567 14573 14565
14565 14573 14568
14568 14574 14569
14574 14575 14569
14576 14575 14574
14577 14576 14574
14577 14574 14568
14573 14577 14568
14578 14567 14570
14567 14578 14573
14573 14579 14577
14578 14579 14573
14579 14580 14577
14572 14581 14570
14578 14570 14581
14578 14582 14579
14582 14578 14581
14582 14580 14579
14572 14583 14581
14582 14581 14583
14572 14584 14583
14584 14585 14583
14586 14582 14583
14586 14583 14585
14582 14586 14580
14587 14586 14585
14588 14580 14586
14587 14588 14586
14588 14589 14580
14588 14590 14589
14588 14591 14590
14591 14588 14587
14591 14587 14592
14593 14594 14595
14593 14596 14594
14596 14597 14594
14598 14596 14593
14599 14596 14598
14598 14593 14600
14601 14598 14600
14601 14599 14598
14599 14601 14602
14596 14603 14597
14599 14603 14596
14603 14604 14597
14605 14604 14603
14606 14604 14605
14607 14606 14605
14605 14603 14608
14608 14603 14599
14599 14602 14609
14602 14610 14609
14607 14605 14611
14611 14605 14608
14608 14599 14612
14612 14599 14609
14613 14609 14610
14612 14609 14613
14614 14607 14611
14614 14615 14607
14615 14614 14616
14617 14616 14614
14617 14618 14616
14611 14608 14619
14619 14608 14612
14620 14614 14611
14620 14617 14614
14621 14613 14610
14621 14610 14622
14617 14623 14618
14623 14624 14618
14619 14625 14611
14620 14611 14625
14626 14621 14622
14626 14622 14627
14628 14626 14627
14621 14626 14629
14630 14621 14629
14631 14630 14629
14632 14630 14631
14630 14633 14621
14633 14613 14621
14633 14634 14613
14612 14613 14634
14632 14635 14630
14636 14635 14632
14636 14637 14635
14638 14637 14636
14639 14637 14638
14640 14637 14639
14630 14641 14633
14634 14633 14641
14635 14642 14630
14635 14637 14642
14630 14642 14641
14637 14643 14642
14641 14642 14643
14640 14644 14637
14637 14644 14643
14645 14644 14640
14645 14643 14644
14646 14643 14645
14647 14643 14646
14648 14647 14646
14647 14648 14649
14641 14643 14650
14647 14650 14643
14651 14641 14650
14634 14641 14651
14652 14634 14651
14651 14650 14653
14653 14650 14647
14653 14652 14651
14647 14649 14654
14655 14654 14649
14654 14655 14656
14654 14656 14657
14657 14656 14658
14647 14654 14659
14659 14654 14657
14653 14647 14660
14660 14647 14659
14652 14661 14634
14612 14634 14661
14619 14612 14661
14652 14619 14661
14653 14662 14652
14660 14662 14653
14652 14663 14619
14619 14663 14625
14664 14663 14652
14664 14652 14662
14664 14625 14663
14657 14658 14665
14666 14665 14658
14666 14658 14667
14668 14665 14666
14669 14657 14665
14659 14657 14669
14668 14670 14665
14669 14665 14670
14659 14669 14671
14671 14669 14670
14672 14670 14668
14671 14670 14672
14672 14668 14673
14674 14672 14673
14674 14675 14672
14676 14675 14674
14659 14671 14677
14660 14659 14677
14672 14678 14671
14672 14675 14678
14677 14679 14660
14660 14679 14662
14671 14680 14677
14677 14680 14679
14671 14678 14680
14681 14662 14679
14680 14681 14679
14681 14664 14662
14682 14664 14681
14680 14683 14681
14678 14683 14680
14682 14681 14683
14675 14684 14678
14678 14684 14683
14682 14685 14664
14664 14685 14625
14625 14685 14686
14682 14686 14685
14625 14686 14620
14675 14687 14684
14676 14687 14675
14684 14688 14683
14682 14683 14688
14689 14687 14676
14689 14676 14690
14691 14689 14690
14687 14692 14684
14684 14692 14688
14687 14689 14692
14693 14689 14691
14693 14692 14689
14694 14693 14691
14692 14695 14688
14695 14682 14688
14692 14693 14695
14694 14696 14693
14696 14694 14697
14698 14693 14696
14698 14695 14693
14696 14697 14699
14699 14698 14696
14699 14697 14700
14695 14701 14682
14682 14701 14686
14702 14701 14695
14686 14701 14702
14702 14695 14698
14699 14700 14703
14704 14703 14700
14686 14702 14705
14705 14620 14686
14706 14702 14698
14705 14702 14706
14699 14707 14698
14703 14707 14699
14706 14698 14707
14704 14708 14703
14708 14704 14709
14703 14710 14707
14710 14706 14707
14705 14711 14620
14620 14711 14617
14712 14711 14705
14617 14711 14712
14705 14706 14713
14712 14705 14713
14714 14713 14706
14710 14714 14706
14703 14715 14710
14703 14708 14715
14708 14709 14716
14717 14716 14709
14714 14718 14713
14712 14713 14718
14714 14710 14719
14715 14719 14710
14718 14714 14719
14715 14720 14719
14718 14719 14721
14708 14722 14715
14720 14715 14722
14708 14716 14722
14720 14722 14723
14724 14718 14721
14712 14718 14724
14724 14721 14725
14726 14724 14725
14723 14722 14727
14727 14722 14716
14723 14727 14728
14727 14729 14728
14724 14730 14712
14617 14712 14730
14730 14623 14617
14726 14731 14724
14724 14731 14730
14732 14731 14726
14730 14733 14623
14731 14733 14730
14733 14624 14623
14727 14716 14734
14717 14734 14716
14734 14717 14735
14727 14734 14736
14734 14735 14736
14727 14736 14729
14736 14735 14737
14736 14738 14729
14736 14737 14739
14736 14739 14738
14740 14738 14739
14741 14739 14737
14740 14739 14742
14741 14742 14739
14743 14740 14742
14744 14742 14741
14743 14742 14744
14744 14741 14745
14746 14743 14744
14747 14744 14745
14746 14744 14748
14747 14748 14744
14749 14750 14751
14750 14752 14751
14750 14753 14752
14754 14751 14752
14755 14752 14753
14756 14754 14752
14756 14757 14754
14754 14757 14758
14758 14757 14759
14759 14757 14756
14758 14759 14760
14758 14760 14761
14760 14762 14761
14762 14760 14763
14763 14760 14764
14763 14764 14765
14765 14764 14766
14766 14764 14767
14767 14764 14768
14760 14769 14764
14760 14759 14769
14764 14770 14768
14764 14769 14770
14768 14770 14771
14772 14770 14769
14771 14770 14772
14759 14773 14769
14772 14769 14773
14759 14774 14773
14759 14756 14774
14774 14756 14775
14775 14756 14752
14775 14752 14776
14755 14776 14752
14755 14777 14776
14778 14776 14777
14777 14755 14779
14778 14777 14779
14778 14779 14780
14778 14780 14781
14781 14780 14782
14783 14781 14782
14783 14784 14781
14784 14778 14781
14784 14783 14785
14784 14785 14786
14787 14784 14786
14787 14788 14784
14784 14788 14778
14788 14787 14789
14778 14790 14776
14790 14778 14788
14791 14788 14789
14790 14788 14791
14792 14776 14790
14791 14792 14790
14792 14775 14776
14791 14789 14793
14794 14793 14789
14795 14793 14794
14793 14796 14791
14791 14796 14792
14792 14797 14775
14774 14775 14797
14795 14798 14793
14793 14798 14796
14792 14799 14797
14799 14792 14796
14800 14774 14797
14799 14800 14797
14800 14773 14774
14801 14798 14795
14802 14801 14795
14801 14802 14803
14804 14801 14803
14804 14803 14805
14796 14798 14806
14801 14806 14798
14807 14773 14800
14807 14772 14773
14799 14796 14808
14796 14806 14808
14799 14809 14800
14809 14807 14800
14810 14799 14808
14810 14809 14799
14806 14810 14808
14801 14811 14806
14804 14811 14801
14809 14812 14807
14812 14809 14810
14813 14772 14807
14812 14813 14807
14806 14814 14810
14814 14806 14811
14814 14815 14810
14812 14810 14815
14814 14816 14815
14811 14816 14814
14817 14812 14815
14816 14817 14815
14813 14818 14772
14771 14772 14818
14812 14819 14813
14817 14819 14812
14820 14818 14813
14819 14820 14813
14821 14771 14818
14820 14821 14818
14817 14822 14819
14819 14822 14820
14821 14823 14771
14823 14824 14771
14825 14824 14823
14825 14826 14824
14827 14823 14821
14827 14825 14823
14821 14820 14828
14821 14828 14827
14820 14822 14829
14820 14829 14828
14817 14830 14822
14830 14829 14822
14831 14826 14825
14831 14832 14826
14833 14827 14828
14829 14833 14828
14834 14825 14827
14834 14831 14825
14833 14834 14827
14835 14832 14831
14835 14836 14832
14837 14831 14834
14837 14835 14831
14838 14834 14833
14838 14837 14834
14829 14839 14833
14839 14838 14833
14840 14836 14835
14840 14841 14836
14841 14840 14842
14843 14840 14835
14843 14835 14837
14842 14840 14843
14844 14837 14838
14844 14843 14837
14845 14839 14829
14830 14845 14829
14839 14846 14838
14846 14844 14838
14845 14847 14839
14847 14846 14839
14830 14848 14845
14848 14847 14845
14849 14843 14844
14846 14850 14844
14850 14849 14844
14847 14851 14846
14851 14850 14846
14842 14843 14852
14849 14852 14843
14848 14853 14847
14853 14851 14847
14854 14842 14852
14852 14849 14855
14852 14855 14854
14854 14856 14842
14856 14857 14842
14857 14856 14858
14856 14854 14858
14857 14858 14859
14860 14859 14858
14860 14861 14859
14861 14860 14862
14863 14860 14858
14863 14858 14854
14863 14862 14860
14864 14854 14855
14864 14863 14854
14849 14865 14855
14865 14864 14855
14866 14862 14863
14862 14866 14867
14866 14868 14867
14863 14869 14866
14863 14864 14869
14866 14869 14868
14864 14870 14869
14868 14869 14870
14849 14871 14865
14850 14871 14849
14865 14872 14864
14864 14872 14870
14870 14873 14868
14868 14873 14874
14873 14870 14875
14872 14875 14870
14874 14873 14876
14873 14875 14876
14874 14876 14877
14878 14872 14865
14871 14878 14865
14871 14850 14879
14851 14879 14850
14872 14880 14875
14878 14880 14872
14876 14875 14881
14881 14875 14880
14877 14876 14882
14876 14881 14882
14877 14882 14883
14884 14883 14882
14871 14879 14885
14871 14885 14878
14886 14879 14851
14885 14879 14886
14887 14884 14882
14887 14888 14884
14878 14885 14889
14885 14886 14889
14880 14878 14890
14878 14889 14890
14881 14880 14891
14880 14890 14891
14881 14891 14892
14890 14892 14891
14893 14882 14881
14893 14887 14882
14881 14892 14893
14894 14888 14887
14894 14895 14888
14896 14895 14894
14897 14887 14893
14892 14897 14893
14897 14894 14887
14898 14890 14889
14890 14899 14892
14898 14899 14890
14900 14898 14889
14900 14889 14886
14896 14894 14901
14894 14897 14902
14894 14902 14901
14896 14901 14903
14896 14903 14904
11688 14904 14903
11689 11688 14903
14901 14905 14903
11689 14903 14905
14901 14902 14905
11691 11689 14905
14906 14905 14902
11691 14905 14906
14897 14907 14902
14906 14902 14907
14908 11691 14906
14908 14906 14907
14908 11692 11691
14908 11697 11692
14897 14909 14907
14892 14909 14897
14908 14910 11697
14910 11701 11697
14908 14907 14911
14909 14911 14907
14910 14908 14911
14912 14909 14892
14909 14912 14911
14912 14892 14899
14910 14913 11701
11702 11701 14913
14910 14911 14914
14912 14914 14911
14913 14910 14914
14899 14915 14912
14912 14915 14914
14899 14898 14915
11702 14913 14916
11702 14916 11704
14913 14914 14917
14915 14917 14914
14916 14913 14917
14898 14918 14915
14915 14918 14917
14898 14900 14918
14919 14918 14900
14919 14900 14886
14917 14918 14920
14919 14920 14918
14916 14917 14921
14917 14920 14921
14922 14916 14921
14920 14922 14921
14916 14923 11704
14922 14923 14916
14923 14924 11704
11705 11704 14924
14924 14923 14925
14922 14925 14923
14924 14925 14926
14920 14927 14922
14919 14927 14920
14919 14886 14928
14886 14851 14928
14853 14928 14851
14929 14919 14928
14929 14928 14853
14919 14929 14927
14922 14930 14925
14927 14930 14922
14926 14925 14931
14930 14931 14925
14926 14931 14932
14933 14929 14853
14933 14853 14848
14934 14927 14929
14927 14934 14930
14934 14929 14933
14930 14935 14931
14934 14935 14930
14932 14931 14936
14936 14931 14935
14932 14936 14937
14938 14934 14933
14934 14938 14935
14939 14933 14848
14938 14933 14939
14936 14935 14940
14940 14935 14938
14941 14937 14936
14941 14936 14940
14941 14942 14937
14942 14941 14943
14942 14943 14944
14943 14945 14944
14940 14938 14946
14946 14938 14939
14939 14848 14947
14830 14947 14848
14941 14940 14948
14948 14940 14946
14946 14939 14949
14949 14939 14947
14950 14947 14830
14949 14947 14950
14950 14830 14817
14816 14950 14817
14951 14950 14816
14951 14949 14950
14811 14951 14816
14952 14946 14949
14952 14949 14951
14952 14951 14811
14948 14946 14952
14811 14804 14952
14804 14948 14952
14941 14948 14953
14804 14953 14948
14941 14953 14943
14953 14804 14954
14954 14804 14805
14955 14954 14805
14953 14954 14956
14956 14943 14953
14954 14955 14957
14954 14957 14956
14958 14956 14957
14957 14955 14959
14956 14960 14943
14958 14960 14956
14943 14960 14961
14961 14960 14958
14943 14961 14945
14945 14961 14962
14962 14961 14963
14961 14958 14963
14962 14963 14964
14964 14963 14965
14965 14963 14958
14964 14965 14966
14967 14966 14965
14967 14968 14966
14967 14969 14968
14965 14958 14970
14967 14965 14970
14958 14971 14970
14958 14957 14971
14971 14972 14970
14967 14970 14972
14971 14957 14973
14972 14971 14973
14957 14959 14973
14959 14974 14973
14972 14973 14974
14967 14975 14969
14975 14976 14969
14967 14972 14977
14967 14977 14975
14974 14978 14972
14972 14978 14977
14975 14979 14976
14977 14979 14975
14976 14979 14980
14976 14980 14981
14981 14980 14732
14977 14982 14979
14980 14979 14982
14978 14982 14977
14732 14980 14983
14980 14982 14983
14732 14983 14731
14731 14983 14733
14983 14982 14984
14983 14984 14733
14978 14984 14982
14733 14984 14624
14984 14985 14624
14986 14984 14978
14984 14986 14985
14974 14986 14978
14986 14974 14985
14987 14988 14989
14987 14990 14988
14991 14988 14990
14990 14987 14992
14991 14990 14993
14990 14992 14994
14993 14990 14994
14993 14994 14995
14996 14994 14992
14995 14994 14997
14996 14997 14994
14995 14997 14998
14999 14997 14996
14999 14998 14997
14999 14996 15000
14999 15001 14998
15002 14999 15000
15002 15000 15003
15004 15002 15003
15005 15001 14999
15005 14999 15002
15005 15006 15001
15004 15007 15002
15005 15002 15007
15006 15005 15008
15005 15007 15008
15006 15008 15009
15010 15007 15004
15010 15008 15007
15010 15004 15011
15012 15010 15011
15009 15008 15013
15010 15013 15008
15009 15013 15014
15013 15015 15014
15012 15016 15010
15016 15013 15010
15013 15017 15015
15016 15017 15013
15018 15016 15012
15018 15012 15019
15016 15020 15017
15016 15018 15020
15021 15018 15019
15021 15019 15022
15023 15021 15022
15018 15024 15020
15018 15021 15024
15017 15020 15025
15025 15020 15024
15026 15015 15017
15017 15025 15026
15023 15027 15021
15024 15021 15027
15028 15015 15026
15028 15029 15015
15026 15025 15030
15026 15030 15028
15031 15029 15028
15031 15032 15029
15032 15031 15033
15032 15033 15034
15034 15033 15035
15036 15028 15030
15036 15031 15028
15037 15030 15025
15036 15030 15037
15025 15024 15038
15037 15025 15038
15024 15027 15039
15038 15024 15039
15031 15040 15033
15031 15036 15040
15041 15040 15036
15033 15042 15035
15035 15042 15043
15036 15037 15044
15041 15036 15044
15037 15045 15044
15045 15041 15044
15046 15037 15038
15037 15046 15045
15038 15039 15047
15046 15038 15047
15039 15048 15047
15048 15046 15047
15043 15042 15049
15043 15049 15050
15051 15050 15049
15051 15052 15050
15053 15052 15051
15053 15054 15052
15053 15055 15054
15056 15051 15049
15053 15051 15056
15042 15057 15049
15056 15049 15057
15042 15058 15057
15033 15058 15042
15033 15059 15058
15033 15040 15059
15058 15060 15057
15058 15059 15060
15061 15056 15057
15061 15057 15060
15040 15062 15059
15040 15041 15062
15059 15062 15063
15059 15063 15060
15062 15064 15063
15041 15064 15062
15060 15063 15065
15041 15066 15064
15060 15065 15067
15067 15061 15060
15067 15065 15068
15068 15061 15067
15069 15056 15061
15068 15069 15061
15053 15056 15069
15041 15070 15066
15071 15066 15070
15045 15070 15041
15070 15072 15071
15045 15073 15070
15070 15073 15072
15069 15068 15074
15075 15074 15068
15076 15074 15075
15076 15075 15077
15069 15074 15078
15078 15074 15076
15079 15078 15076
15078 15080 15069
15079 15080 15078
15053 15069 15080
15053 15080 15081
15081 15080 15079
15053 15081 15055
15055 15081 15082
15081 15079 15082
15055 15082 15083
15083 15082 15084
15084 15082 15079
15083 15084 15085
15085 15084 15086
15087 15076 15077
15077 15088 15087
15087 15088 15089
15089 15088 15090
15079 15076 15091
15087 15091 15076
15084 15079 15092
15079 15091 15092
15093 15086 15084
15093 15084 15092
15091 15093 15092
15093 15094 15086
15094 15093 15095
15094 15095 15096
15095 15097 15096
15098 15091 15087
15091 15098 15093
15098 15087 15089
15095 15093 15098
15089 15090 15099
15099 15090 15100
15100 15101 15099
15095 15098 15102
15089 15102 15098
15095 15103 15097
15095 15102 15104
15095 15104 15103
15097 15103 15105
15097 15105 15106
15103 15104 15107
15103 15107 15105
15106 15105 15108
15106 15108 15109
15110 15105 15107
15110 15108 15105
15109 15108 15111
15109 15111 15112
15113 15108 15110
15113 15111 15108
15111 4823 15112
15112 4823 4822
15114 4823 15111
15113 15114 15111
4824 4823 15114
4824 15114 15115
4824 15115 4828
15116 4828 15115
15116 4829 4828
15117 4829 15116
15117 4835 4829
15117 4861 4835
15114 15118 15115
15115 15119 15116
15115 15118 15119
15113 15120 15114
15114 15120 15118
15121 15120 15113
15118 15120 15121
15116 15122 15117
15116 15119 15122
15121 15113 15123
15123 15113 15110
15123 15110 15124
15124 15110 15107
15124 15107 15125
15104 15125 15107
15104 15126 15125
15102 15126 15104
15102 15127 15126
15089 15127 15102
15128 15127 15089
15089 15099 15128
15129 15121 15123
15124 15130 15123
15129 15123 15130
15125 15131 15124
15124 15131 15130
15126 15132 15125
15125 15132 15131
15127 15133 15126
15126 15133 15132
15127 15128 15134
15127 15134 15133
15129 15135 15121
15118 15121 15135
15136 15118 15135
15136 15119 15118
15137 15119 15136
15137 15122 15119
15132 15138 15131
15133 15139 15132
15132 15139 15138
15134 15140 15133
15133 15140 15139
15131 15138 15141
15131 15141 15130
15134 15142 15140
15128 15142 15134
15140 15143 15139
15143 15138 15139
15130 15141 15144
15130 15144 15129
15142 15145 15140
15140 15145 15143
15128 15146 15142
15142 15147 15145
15146 15147 15142
15146 15128 15148
15099 15148 15128
15146 15149 15147
15148 15149 15146
15145 15147 15150
15150 15147 15149
15099 15151 15148
15099 15101 15151
15101 15152 15151
15101 15153 15152
15153 15154 15152
15155 15148 15151
15152 15155 15151
15156 15152 15154
15152 15156 15155
15148 15157 15149
15155 15157 15148
15149 15157 15158
15158 15157 15155
15150 15149 15159
15149 15158 15159
15156 15154 15160
15160 15154 15161
15156 15162 15155
15158 15155 15162
15161 15163 15160
15163 15164 15160
15161 15165 15163
15163 15165 15166
15163 15166 15167
15168 15156 15160
15156 15168 15162
15168 15160 15164
15167 15169 15163
15163 15169 15164
15167 15170 15169
15169 15170 15171
15164 15169 15171
15164 15171 15172
15164 15173 15168
15162 15168 15173
15164 15172 15174
15164 15174 15173
15174 15172 15175
15175 15173 15174
15175 15176 15173
15175 15177 15176
15162 15173 15178
15178 15173 15176
15179 15176 15177
15179 15177 15180
15181 15179 15180
15176 15179 15182
15183 15176 15182
15178 15176 15183
15162 15178 15184
15162 15184 15158
15185 15184 15178
15185 15178 15183
15158 15184 15186
15186 15184 15185
15158 15186 15159
15183 15182 15187
15188 15187 15182
15189 15183 15187
15189 15185 15183
15188 15189 15187
15188 15190 15189
15191 15190 15188
15190 15191 15192
15193 15190 15192
15194 15190 15193
15186 15185 15195
15189 15195 15185
15159 15186 15196
15196 15186 15195
15159 15196 15150
15194 15197 15190
15198 15197 15194
15199 15197 15198
15200 15197 15199
15190 15201 15189
15189 15201 15195
15190 15197 15201
15197 15200 15202
15197 15202 15201
15203 15202 15200
15204 15195 15201
15204 15201 15202
15196 15195 15204
15203 15204 15202
15150 15196 15205
15205 15196 15204
15203 15206 15204
15205 15204 15206
15150 15205 15207
15145 15150 15207
15208 15205 15206
15207 15205 15208
15145 15207 15209
15207 15208 15209
15145 15209 15143
15210 15206 15203
15208 15206 15210
15143 15209 15211
15208 15211 15209
15210 15203 15212
15212 15203 15213
15210 15214 15208
15208 15214 15211
15215 15212 15213
15215 15213 15216
15217 15210 15212
15210 15217 15214
15217 15212 15215
15218 15215 15216
15218 15216 15219
15220 15214 15217
15211 15214 15220
15221 15217 15215
15221 15215 15218
15220 15217 15221
15143 15211 15222
15143 15222 15138
15223 15218 15219
15223 15219 15224
15211 15220 15225
15222 15211 15225
15138 15222 15226
15222 15225 15226
15138 15226 15141
15227 15220 15221
15225 15220 15227
15228 15221 15218
15228 15218 15223
15227 15221 15228
15229 15223 15224
15229 15224 15230
15231 15229 15230
15232 15223 15229
15232 15228 15223
15231 15232 15229
15141 15226 15233
15141 15233 15144
15226 15225 15234
15225 15227 15234
15226 15234 15233
15235 15227 15228
15234 15227 15235
15235 15228 15232
15234 15235 15236
15233 15234 15236
15237 15144 15233
15129 15144 15237
15238 15235 15232
15236 15235 15238
15233 15236 15239
15237 15233 15239
15240 15239 15236
15236 15238 15240
15129 15237 15241
15129 15241 15135
15242 15237 15239
15240 15242 15239
15241 15237 15243
15242 15243 15237
15244 15135 15241
15241 15243 15244
15244 15136 15135
15240 15245 15242
15245 15243 15242
15244 15243 15246
15245 15246 15243
15247 15136 15244
15244 15246 15247
15246 15248 15247
15247 15137 15136
15137 15247 15248
15238 15249 15240
15240 15249 15245
15137 15248 15250
15250 15122 15137
15250 15251 15122
15117 15122 15251
15248 15252 15250
15252 15251 15250
15117 15251 15253
15117 15253 4861
15253 15251 15254
15252 15254 15251
4861 15253 15255
15253 15254 15255
4861 15255 4859
4859 15255 15256
4859 15256 4858
4858 15256 15257
15258 15257 15256
15259 15256 15255
15259 15255 15254
15258 15256 15259
15260 15259 15254
15258 15259 15260
15260 15254 15252
15258 15260 15261
15260 15262 15261
15260 15263 15262
15252 15263 15260
15263 15264 15262
15252 15265 15263
15248 15265 15252
15263 15266 15264
15265 15266 15263
15266 15267 15264
15268 15265 15248
15265 15268 15266
15267 15266 15269
15269 15266 15268
15267 15269 15270
15270 15269 15271
15270 15271 15272
15272 15271 15273
15271 15269 15274
15269 15268 15274
15268 15248 15275
15246 15275 15248
15268 15275 15276
15276 15275 15246
15268 15276 15274
15276 15246 15245
15245 15277 15276
15277 15274 15276
15245 15249 15277
15271 15274 15278
15277 15278 15274
15273 15271 15278
15249 15279 15277
15279 15278 15277
15273 15278 15280
15279 15280 15278
15281 15273 15280
15281 15282 15273
15282 15281 15283
15284 15281 15280
15281 15284 15283
15284 15280 15279
15249 15285 15279
15238 15285 15249
15279 15285 15286
15279 15286 15284
15287 15285 15238
15287 15286 15285
15238 15232 15287
15231 15287 15232
15286 15287 15231
15284 15288 15283
15283 15288 15289
15288 15290 15289
15284 15291 15288
15284 15286 15291
15288 15291 15290
15286 15231 15292
15292 15291 15286
15290 15291 15292
15292 15231 15293
15290 15292 15293
15294 15295 15296
15294 15297 15295
15298 15297 15294
15298 15294 15299
15295 15297 15300
15295 15300 15301
15302 15298 15299
15302 15299 15303
15304 15302 15303
15305 15302 15304
15305 15304 15306
15307 15305 15306
15308 15297 15298
15308 15300 15297
15309 15298 15302
15309 15308 15298
15305 15309 15302
15310 15301 15300
15310 15311 15301
15312 15300 15308
15309 15312 15308
15312 15310 15300
15311 15310 15313
15311 15313 15314
15310 15312 15315
15310 15315 15313
15314 15313 15316
15314 15316 15317
15313 15315 15318
15313 15318 15316
15319 15317 15316
15319 15320 15317
15320 15319 15023
15027 15023 15319
15316 15321 15319
15027 15319 15321
15316 15318 15321
15321 15039 15027
15321 15322 15039
15318 15322 15321
15039 15322 15048
15318 15323 15322
15315 15323 15318
15048 15322 15323
15315 15324 15323
15312 15324 15315
15048 15323 15325
15324 15325 15323
15312 15326 15324
15309 15326 15312
15326 15327 15324
15324 15327 15325
15328 15326 15309
15326 15328 15327
15328 15309 15305
15325 15327 15329
15328 15329 15327
15048 15325 15330
15325 15329 15330
15330 15329 15331
15328 15332 15329
15332 15328 15305
15332 15331 15329
15332 15305 15333
15307 15333 15305
15048 15330 15334
15048 15334 15046
15335 15046 15334
15330 15335 15334
15335 15045 15046
15045 15335 15073
15330 15336 15335
15330 15331 15336
15337 15335 15336
15337 15073 15335
15331 15337 15336
15338 15332 15333
15332 15338 15331
15307 15339 15333
15340 15339 15307
15338 15333 15341
15341 15333 15339
15331 15338 15342
15342 15338 15341
15331 15343 15337
15331 15342 15343
15337 15343 15344
15344 15343 15342
15073 15337 15345
15337 15344 15345
15345 15344 15346
15073 15345 15347
15072 15073 15347
15072 15347 15348
15348 15347 15349
15347 15345 15350
15347 15350 15349
15345 15346 15350
15350 15351 15349
15352 15351 15350
15346 15352 15350
15352 15353 15351
15354 15353 15352
15354 15355 15353
15356 15354 15352
15346 15356 15352
15356 15357 15354
15358 15357 15356
15358 15356 15346
15346 15359 15358
15346 15360 15359
15344 15360 15346
15359 15360 15361
15344 15362 15360
15361 15360 15362
15363 15361 15362
15363 15364 15361
15344 15342 15362
15365 15364 15363
15366 15362 15342
15366 15363 15362
15342 15341 15366
15365 15363 15367
15368 15365 15367
15369 15367 15363
15370 15363 15366
15370 15369 15363
15370 15366 15341
15369 15370 15371
15370 15341 15372
15341 15339 15372
15373 15372 15339
15371 15370 15374
15374 15370 15372
15374 15372 15373
15371 15374 15375
15375 15374 15376
15376 15374 15373
15376 15373 15377
15377 15373 15378
15378 15373 15379
15373 15339 15380
15379 15373 15380
15340 15380 15339
15379 15380 15340
15381 15382 15383
15381 15383 15384
15384 15385 15381
15384 15386 15385
15384 15383 15387
15388 15386 15384
15384 15387 15388
15388 15389 15386
15388 15387 15390
15387 15391 15390
15392 15389 15388
15388 15390 15392
15390 15391 15393
15393 15391 15394
15392 15395 15389
15395 15396 15389
15397 15396 15395
15392 15390 15398
15390 15393 15398
15393 15394 15399
15399 15394 15400
15401 15399 15400
15402 15399 15401
15402 15393 15399
15398 15393 15402
15403 15395 15392
15392 15398 15403
15398 15402 15404
15403 15398 15404
15404 15402 15405
15397 15395 15406
15403 15406 15395
15403 15404 15407
15407 15406 15403
15407 15404 15405
15397 15406 15408
15407 15408 15406
15397 15408 15409
15409 15408 15410
15411 15408 15407
15411 15410 15408
15407 15405 15411
15412 15410 15411
15413 15411 15405
15412 15411 15413
15413 15405 15414
15413 15414 15415
15413 15415 15416
15416 15412 15413
15416 15417 15412
15418 15419 15420
15421 15418 15420
15422 15418 15421
15421 15420 15423
15423 15420 15424
15425 15422 15421
15425 15421 15423
15425 15426 15422
15427 15423 15424
15425 15423 15427
15427 15424 15428
15425 15429 15426
15430 15426 15429
15431 15425 15427
15431 15429 15425
15432 15427 15428
15431 15427 15432
15432 15428 15433
15430 15429 15434
15431 15434 15429
15435 15431 15432
15435 15434 15431
15436 15432 15433
15435 15432 15436
15436 15433 15437
15438 15436 15437
15430 15434 15439
15439 15440 15430
15438 15441 15436
15442 15441 15438
15443 15436 15441
15443 15435 15436
15444 15441 15442
15444 15443 15441
15444 15442 15445
15446 15443 15444
15446 15435 15443
15435 15447 15434
15446 15447 15435
15439 15434 15447
15446 15448 15447
15449 15447 15448
15439 15447 15449
15450 15439 15449
15451 15439 15450
15451 15440 15439
15451 15450 15452
15440 15451 15453
15452 15454 15451
15451 15454 15453
15455 15456 15457
15456 15455 15458
15456 15458 15459
15460 15459 15458
15460 15458 15461
15462 15460 15461
15462 15461 15463
15464 15462 15463
15464 15465 15462
15465 15464 15466
15465 15466 15467
15467 15466 15468
15467 15468 15469
15470 15469 15468
15470 15471 15469
15472 15471 15470
15472 15470 15473
15474 15472 15473
15474 15475 15472
15475 15474 15476
15475 15476 15477
15478 15477 15476
15478 15479 15477
15480 15479 15478
15480 15481 15479
15482 15481 15480
15482 15483 15481
15484 15483 15482
15484 15485 15483
15486 15485 15484
15486 15487 15485
15488 15487 15486
15488 15486 15489
15488 15489 15490
15488 15490 15491
15491 15490 15492
15491 15492 15493
15493 15492 15494
15493 15494 15495
15495 15494 15496
15497 15495 15496
15497 15496 15498
15499 15497 15498
15499 15500 15497
15501 15500 15499
15501 15499 15502
15501 15502 15503
15501 15503 15504
15505 15504 15503
15506 15507 15508
15506 15508 15509
15510 15509 15508
15511 15509 15510
15506 15509 15512
15513 15506 15512
15511 15514 15509
15512 15509 15514
15514 15511 15515
15513 15512 15516
15512 15514 15516
15514 15515 15517
15516 15514 15517
15517 15515 15518
15517 15518 15519
15519 15518 15520
15513 15516 15521
15513 15521 15522
15523 15522 15521
15516 15517 15524
15524 15517 15519
15519 15520 15525
15525 15520 15526
15527 15523 15521
15528 15523 15527
15516 15529 15521
15516 15524 15529
15527 15521 15529
15524 15519 15530
15530 15519 15525
15531 15525 15526
15530 15525 15531
15531 15526 15532
15526 15533 15532
15534 15531 15532
15530 15531 15534
15530 15534 15535
15524 15530 15536
15530 15535 15536
15524 15536 15529
15537 15536 15535
15537 15529 15536
15537 15527 15529
15527 15537 15538
15539 15527 15538
15538 15540 15539
15539 15528 15527
15539 15540 15541
15539 15542 15528
15542 15539 15541
15543 15544 15545
15546 15544 15543
15546 15543 15547
15546 15547 15548
15546 15548 15549
15546 15549 15550
15551 15550 15549
15551 15549 15552
15551 15552 15553
15551 15553 15554
15554 15553 15555
15554 15555 15556
15557 15556 15555
15557 15555 15558
15557 15558 15559
15557 15559 15560
15560 15559 15561
15562 15560 15561
15560 15562 15563
15560 15563 15564
15565 15564 15563
15565 15566 15564
15567 15566 15565
15567 15568 15566
15568 15567 15569
15568 15569 15570
15569 15571 15570
15569 15572 15571
15571 15572 15573
15571 15573 15574
15575 15574 15573
15575 15576 15574
15577 15576 15575
15577 15575 15578
15579 15577 15578
15579 15578 15580
15581 15579 15580
15581 15582 15579
15583 15582 15581
15583 15581 15584
15585 15583 15584
15585 15584 15586
15587 15585 15586
15587 15588 15585
15589 15588 15587
15589 15587 15590
15591 15589 15590
15591 15590 15592
15593 15591 15592
15593 15594 15591
15594 15593 15595
15594 15595 15596
15597 15596 15595
15597 15598 15596
15599 15598 15597
15599 15600 15598
15600 15599 15601
15600 15601 15602
15603 15602 15601
15603 15604 15602
15605 15604 15603
15605 15603 15606
15607 15608 15609
15610 15609 15608
15610 15611 15609
15612 15611 15610
15612 15613 15611
15613 15612 15614
15613 15614 15615
15615 15614 15616
15615 15616 15617
15618 15617 15616
15618 15619 15617
15620 15619 15618
15620 15621 15619
15622 15621 15620
15622 15623 15621
15624 15623 15622
15624 15622 15625
15624 15625 15626
15624 15626 15627
15624 15627 15628
15629 15628 15627
15629 15627 15630
15631 15629 15630
15631 15632 15629
15633 15632 15631
15633 15634 15632
15635 15634 15633
15635 15636 15634
15636 15635 15637
15636 15637 15638
15639 15638 15637
15639 15637 15640
15641 15639 15640
15641 15640 15642
15643 15641 15642
15641 15643 15644
15641 15644 15645
15646 15645 15644
15646 15647 15645
15647 15646 15648
15647 15648 15649
15649 15648 15650
15649 15650 15651
15651 15650 4810
15651 4810 4809
15652 15653 15654
15652 15655 15653
15656 15655 15652
15656 15657 15655
15658 15657 15656
15658 15659 15657
15660 15659 15658
15657 15661 15655
15655 15661 15662
15655 15662 15663
15657 15664 15661
15659 15664 15657
15659 15665 15664
15666 15665 15659
15660 15666 15659
15666 15667 15665
15668 15666 15660
15668 15667 15666
15668 15660 15669
15668 15670 15667
15671 15668 15669
15672 15670 15668
15671 15672 15668
15672 15673 15670
15674 15672 15671
15675 15673 15672
15674 15675 15672
15675 15676 15673
15677 15675 15674
15678 15676 15675
15677 15678 15675
15678 15679 15676
15680 15678 15677
15681 15679 15678
15680 15681 15678
15681 15682 15679
15683 15681 15680
15684 15682 15681
15683 15684 15681
15684 15685 15682
15686 15684 15683
15687 15685 15684
15686 15687 15684
15687 15686 15688
15687 15689 15685
15689 15687 15688
15690 15689 15688
15690 15691 15689
15692 15691 15690
15692 15693 15691
15694 15693 15692
15694 15695 15696
15696 15695 15697
15696 15697 15698
15698 15697 15699
15698 15699 15700
15699 15701 15700
15701 15699 15702
15701 15703 15700
15701 15702 15704
15703 15701 15704
15704 15702 15705
15703 15704 15706
15704 15705 15707
15706 15704 15707
15707 15705 15708
15706 15707 15709
15707 15708 15710
15709 15707 15710
15710 15708 15711
15709 15710 15712
15710 15711 15713
15712 15710 15713
15713 15711 15714
15712 15713 15715
15713 15714 15716
15715 15713 15716
15716 15714 15717
15715 15716 15718
15716 15717 15719
15718 15716 15719
15718 15719 15720
15719 15717 15721
15719 15722 15720
15719 15721 15723
15719 15723 15722
15723 15721 15724
15722 15723 15725
15723 15724 15725
15722 15725 15726
15725 15724 15727
15726 15725 15728
15725 15727 15728
15726 15728 15729
15728 15727 15730
15729 15728 15731
15728 15730 15731
15729 15731 15732
15731 15730 15733
15732 15731 15734
15731 15733 15734
15732 15734 15735
15734 15733 15736
15735 15734 15736
15737 15738 15739
15737 15739 15740
15740 15739 15741
15740 15741 15742
15742 15741 15743
15742 15743 15744
15744 15743 15745
15744 15745 15746
15746 15745 15747
15746 15747 15748
15748 15747 15749
15748 15749 15750
15749 15751 15750
15739 15752 15741
15739 15753 15752
15754 15753 15739
15754 15755 15753
15741 15752 15756
15741 15756 15743
15743 15756 15757
15743 15757 15745
15745 15757 15758
15745 15758 15747
15747 15758 15759
15747 15759 15749
15749 15759 15760
15749 15760 15761
15749 15761 15751
15761 15760 15762
15751 15761 15763
15761 15762 15763
15751 15763 15764
15763 15762 15765
15764 15763 15766
15763 15765 15766
15764 15766 15767
15766 15765 15768
15767 15766 15769
15766 15768 15769
15767 15769 15770
15769 15768 15771
15770 15769 15772
15769 15771 15772
15770 15772 15773
15772 15771 15774
15773 15772 15774
15775 15776 15777
15776 15778 15777
15779 15780 15781
15779 15781 15782
15782 15781 15783
15782 15783 15784
15783 15785 15784
15785 15786 15784
15787 15788 15789
15787 15789 15790
15787 15790 15791
15791 15790 15792
15793 15787 15791
15793 15794 15787
15793 15791 15795
15791 15792 15796
15795 15791 15796
15797 15796 15792
15795 15796 15798
15797 15799 15796
15799 15798 15796
15799 15797 15800
15799 15801 15798
15799 15800 15802
15801 15799 15802
15802 15800 15803
15801 15802 15804
15802 15803 15805
15804 15802 15805
15806 15805 15803
15804 15805 15807
15806 15808 15805
15808 15807 15805
15808 15806 15809
15808 15810 15807
15808 15809 15811
15810 15808 15811
15811 15809 15812
15810 15811 15813
15811 15812 15814
15813 15811 15814
15815 15814 15812
15813 15814 15816
15815 15817 15814
15817 15816 15814
15818 15817 15815
15817 15819 15816
15818 15819 15817
15820 15821 15822
15823 15820 15822
15823 15824 15820
15824 15825 15820
15825 15826 15820
15824 15827 15825
15823 15828 15824
15828 15827 15824
15823 15829 15828
15828 15830 15827
15831 15828 15829
15832 15830 15828
15831 15832 15828
15832 15833 15830
15832 15831 15834
15833 15832 15835
15832 15834 15835
15833 15835 15836
15835 15834 15837
15836 15835 15838
15835 15837 15838
15836 15838 15839
15840 15838 15837
15841 15839 15838
15840 15841 15838
15841 15842 15839
15843 15841 15840
15841 15844 15842
15843 15845 15841
15841 15845 15844
15846 15845 15843
15847 15844 15845
15846 15847 15845
15847 15848 15844
15849 15847 15846
15850 15848 15847
15849 15850 15847
15850 15851 15848
15852 15850 15849
15852 15851 15850
13782 15853 15854
15854 15853 15855
15854 15855 15856
15856 15855 15857
15856 15857 15858
15857 15859 15858
15859 15857 15860
15859 15861 15858
15859 15860 15862
15861 15859 15862
15862 15860 15863
15861 15862 15864
15862 15863 15865
15864 15862 15865
15865 15863 15866
15864 15865 15867
15865 15866 15868
15867 15865 15868
15868 15866 15869
15867 15868 15870
15868 15869 15871
15870 15868 15871
15871 15869 15872
15870 15871 15873
15871 15872 15874
15873 15871 15874
15874 15872 15875
15873 15874 15876
15874 15875 15877
15876 15874 15877
15876 15877 15878
15877 15875 15879
15877 15880 15878
15877 15879 15881
15877 15881 15880
15881 15879 15882
15880 15881 15883
15881 15882 15883
15880 15883 15884
15883 15882 15885
15884 15883 15886
15883 15885 15886
15884 15886 15887
15886 15885 15888
15887 15886 15889
15886 15888 15889
15887 15889 15890
15889 15888 15891
15890 15889 15892
15889 15891 15892
15890 15892 15893
15892 15891 15894
15893 15892 15894
15895 15896 15897
15895 15898 15896
15895 15899 15898
15897 15900 15895
15895 15900 15899
15897 15901 15900
15900 15902 15899
15901 15903 15900
15901 15904 15903
15903 15904 15905
15900 15906 15902
15906 15900 15903
15903 15905 15907
15906 15903 15907
15902 15906 15908
15906 15907 15908
15902 15908 15909
15908 15910 15909
15908 15911 15910
15907 15911 15908
15911 15912 15910
15905 15913 15907
15907 15913 15911
15905 15914 15913
15911 15915 15912
15913 15915 15911
15916 15912 15915
15913 15917 15915
15914 15917 15913
15916 15915 15918
15918 15915 15917
15918 15919 15916
15918 15920 15919
15921 15919 15920
15918 15917 15922
15922 15920 15918
15914 15923 15917
15922 15917 15923
15921 15920 15924
15924 15925 15921
15922 15926 15920
15924 15920 15926
15924 15927 15925
15927 15928 15925
15927 15929 15928
15930 15927 15924
15924 15926 15930
15931 15929 15927
15930 15931 15927
15931 15932 15929
15933 15926 15922
15922 15923 15933
15914 15934 15923
15935 15934 15914
15930 15926 15936
15933 15936 15926
15937 15932 15931
15937 15938 15932
15939 15938 15937
15937 15940 15939
15941 15931 15930
15941 15937 15931
15937 15941 15940
15930 15936 15941
15941 15942 15940
15941 15936 15942
15943 15942 15936
15943 15936 15933
15944 15943 15933
15944 15933 15923
15944 15923 15934
15944 15934 15945
15946 15945 15934
15935 15946 15934
15946 15947 15945
15946 15935 15948
15947 15946 15949
15946 15948 15949
15947 15949 15950
15951 15949 15948
15951 15950 15949
15952 15953 15954
15954 15953 15955
15953 15956 15955
15952 15957 15953
15957 15956 15953
15958 15957 15952
15957 15959 15956
15958 15960 15957
15960 15959 15957
15961 15960 15958
15960 15962 15959
15961 15963 15960
15963 15962 15960
15963 15964 15962
15965 15963 15961
15966 15964 15963
15965 15966 15963
15966 15967 15964
15968 15966 15965
15968 15967 15966
15968 15965 15969
15968 15970 15967
15971 15968 15969
15972 15970 15968
15971 15972 15968
15972 15973 15970
15974 15972 15971
15975 15973 15972
15974 15975 15972
15975 15976 15973
15977 15975 15974
15978 15976 15975
15977 15978 15975
15978 15979 15976
15980 15978 15977
15981 15979 15978
15980 15981 15978
15981 15982 15979
15983 15981 15980
15984 15982 15981
15983 15984 15981
15984 15985 15982
15986 15984 15983
15987 15985 15984
15986 15987 15984
15987 15988 15985
15989 15986 15990
15988 15989 15990
15991 15988 15990
15991 15992 15988
15993 15992 15991
15993 15994 15992
15995 15994 15993
15995 15996 15997
15997 15996 15998
15997 15998 15999
15999 15998 16000
15999 16000 16001
16000 16002 16001
16002 16000 16003
16002 16004 16001
16002 16003 16005
16004 16002 16005
16005 16003 16006
16004 16005 16007
16005 16006 16008
16007 16005 16008
16008 16006 16009
16007 16008 16010
16008 16009 16011
16010 16008 16011
16011 16009 16012
16010 16011 16013
16011 16012 16014
16013 16011 16014
16014 16012 16015
16013 16014 16016
16014 16015 16017
16016 16014 16017
16017 16015 16018
16016 16017 16019
16017 16018 16020
16019 16017 16020
16019 16020 16021
16020 16018 16022
16020 16023 16021
16020 16022 16024
16020 16024 16023
16024 16022 16025
16023 16024 16026
16024 16025 16026
16023 16026 16027
16026 16025 16028
16027 16026 16029
16026 16028 16029
16027 16029 16030
16029 16028 16031
16030 16029 16032
16029 16031 16032
16030 16032 16033
16032 16031 16034
16033 16032 16035
16032 16034 16035
16033 16035 16036
16035 16034 16037
16036 16035 16037
15995 16038 16039
16039 16038 16040
16039 16040 16041
16041 16040 16042
16041 16042 16043
16042 16044 16043
16044 16042 16045
16044 16046 16043
16044 16045 16047
16046 16044 16047
16047 16045 16048
16046 16047 16049
16047 16048 16050
16049 16047 16050
16050 16048 16051
16049 16050 16052
16050 16051 16053
16052 16050 16053
16053 16051 16054
16052 16053 16055
16053 16054 16056
16055 16053 16056
16056 16054 16057
16055 16056 16058
16056 16057 16059
16058 16056 16059
16059 16057 16060
16058 16059 16061
16059 16060 16062
16061 16059 16062
16061 16062 16063
16062 16060 16064
16062 16065 16063
16062 16064 16066
16062 16066 16065
16066 16064 16067
16065 16066 16068
16066 16067 16068
16065 16068 16069
16068 16067 16070
16069 16068 16071
16068 16070 16071
16069 16071 16072
16071 16070 16073
16072 16071 16074
16071 16073 16074
16072 16074 16075
16074 16073 16076
16075 16074 16077
16074 16076 16077
16075 16077 16078
16077 16076 16079
16078 16077 16079
16080 16081 16082
16081 16083 16082
16080 16084 16081
16085 16084 16080
16085 16086 16084
16087 16086 16085
16087 16088 16086
16089 16088 16087
16089 16090 16088
16091 16090 16089
16091 16092 16090
16093 16092 16091
16093 16094 16092
16094 16093 16095
16096 16094 16095
16097 16096 16095
16094 16096 16098
16094 16098 16092
16097 16099 16096
16092 16098 16100
16092 16100 16090
16101 16099 16097
16101 16102 16099
16103 16102 16101
16090 16100 16104
16090 16104 16088
16088 16104 16105
16088 16105 16086
16086 16105 16106
16086 16106 16084
16084 16106 16107
16084 16107 16081
16081 16107 16108
16081 16108 16109
16081 16109 16083
16109 16108 16110
16083 16109 16111
16109 16110 16111
16083 16111 16112
16111 16110 16113
16112 16111 16114
16111 16113 16114
16112 16114 16115
16114 16113 16116
16115 16114 16117
16114 16116 16117
16115 16117 16118
16117 16116 16119
16118 16117 16120
16117 16119 16120
16118 16120 16121
16120 16119 16122
16121 16120 16122
16103 16123 16124
16124 16123 16125
16124 16125 16126
16126 16125 16127
16126 16127 16128
16127 16129 16128
16129 16127 16130
16129 16131 16128
16129 16130 16132
16131 16129 16132
16132 16130 16133
16131 16132 16134
16132 16133 16135
16134 16132 16135
16135 16133 16136
16134 16135 16137
16135 16136 16138
16137 16135 16138
16138 16136 16139
16137 16138 16140
16138 16139 16141
16140 16138 16141
16141 16139 16142
16140 16141 16143
16141 16142 16144
16143 16141 16144
16144 16142 16145
16143 16144 16146
16144 16145 16147
16146 16144 16147
16146 16147 16148
16147 16145 16149
16147 16150 16148
16147 16149 16151
16147 16151 16150
16151 16149 16152
16150 16151 16153
16151 16152 16153
16150 16153 16154
16153 16152 16155
16154 16153 16156
16153 16155 16156
16154 16156 16157
16156 16155 16158
16157 16156 16159
16156 16158 16159
16157 16159 16160
16159 16158 16161
16160 16159 16162
16159 16161 16162
16160 16162 16163
16162 16161 16164
16163 16162 16164
16165 16166 16167
16167 16166 16168
16166 16169 16168
16165 16170 16166
16170 16169 16166
16171 16170 16165
16170 16172 16169
16171 16173 16170
16173 16172 16170
16174 16173 16171
16173 16175 16172
16174 16176 16173
16176 16175 16173
16176 16177 16175
16178 16176 16174
16179 16177 16176
16178 16179 16176
16179 16180 16177
16181 16179 16178
16181 16180 16179
16181 16178 16182
16181 16183 16180
16184 16181 16182
16185 16183 16181
16184 16185 16181
16185 16186 16183
16187 16185 16184
16188 16186 16185
16187 16188 16185
16188 16189 16186
16190 16188 16187
16191 16189 16188
16190 16191 16188
16191 16192 16189
16193 16191 16190
16194 16192 16191
16193 16194 16191
16194 16195 16192
16196 16194 16193
16197 16195 16194
16196 16197 16194
16197 16198 16195
16199 16197 16196
16200 16198 16197
16199 16200 16197
16200 16201 16198
16199 16202 16200
16202 16201 16200
16201 16202 16203
16204 16203 16202
16205 16203 16204
16205 16206 16203
16207 16206 16205
16207 16208 16209
16209 16208 16210
16209 16210 16211
16211 16210 16212
16213 16212 16210
16212 16213 16214
16215 16212 16214
16214 16213 16216
16215 16214 16217
16214 16216 16217
16215 16217 16218
16217 16216 16219
16218 16217 16220
16217 16219 16220
16218 16220 16221
16220 16219 16222
16221 16220 16223
16220 16222 16223
16221 16223 16224
16223 16222 16225
16224 16223 16226
16223 16225 16226
16224 16226 16227
16226 16225 16228
16227 16226 16229
16226 16228 16229
16227 16229 16230
16229 16228 16231
16230 16229 16232
16229 16231 16232
16230 16232 16233
16232 16231 16234
16232 16235 16233
16232 16234 16236
16232 16236 16235
16236 16234 16237
16235 16236 16238
16236 16237 16238
16235 16238 16239
16238 16237 16240
16239 16238 16241
16238 16240 16241
16239 16241 16242
16241 16240 16243
16242 16241 16244
16241 16243 16244
16242 16244 16245
16244 16243 16246
16245 16244 16247
16244 16246 16247
16245 16247 16248
16247 16246 16249
16248 16247 16249
16207 16250 16251
16251 16250 16252
16251 16252 16253
16253 16252 16254
16255 16254 16252
16254 16255 16256
16257 16254 16256
16256 16255 16258
16257 16256 16259
16256 16258 16259
16257 16259 16260
16259 16258 16261
16260 16259 16262
16259 16261 16262
16260 16262 16263
16262 16261 16264
16263 16262 16265
16262 16264 16265
16263 16265 16266
16265 16264 16267
16266 16265 16268
16265 16267 16268
16266 16268 16269
16268 16267 16270
16269 16268 16271
16268 16270 16271
16269 16271 16272
16271 16270 16273
16272 16271 16274
16271 16273 16274
16272 16274 16275
16274 16273 16276
16274 16277 16275
16274 16276 16278
16274 16278 16277
16278 16276 16279
16277 16278 16280
16278 16279 16280
16277 16280 16281
16280 16279 16282
16281 16280 16283
16280 16282 16283
16281 16283 16284
16283 16282 16285
16284 16283 16286
16283 16285 16286
16284 16286 16287
16286 16285 16288
16287 16286 16289
16286 16288 16289
16287 16289 16290
16289 16288 16291
16290 16289 16291
16292 16293 16294
16294 16293 16295
16293 16296 16295
16292 16297 16293
16297 16296 16293
16298 16297 16292
16297 16299 16296
16298 16300 16297
16300 16299 16297
16301 16300 16298
16300 16302 16299
16301 16303 16300
16303 16302 16300
16303 16304 16302
16305 16303 16301
16306 16304 16303
16305 16306 16303
16306 16307 16304
16308 16306 16305
16308 16307 16306
16308 16305 16309
16308 16310 16307
16311 16308 16309
16312 16310 16308
16311 16312 16308
16312 16313 16310
16314 16312 16311
16315 16313 16312
16314 16315 16312
16315 16316 16313
16317 16315 16314
16318 16316 16315
16317 16318 16315
16318 16319 16316
16320 16318 16317
16321 16319 16318
16320 16321 16318
16321 16322 16319
16323 16321 16320
16324 16322 16321
16323 16324 16321
16324 16325 16322
16326 16324 16323
16327 16325 16324
16326 16327 16324
16327 16328 16325
16326 16329 16327
16329 16328 16327
16328 16329 16330
16331 16330 16329
16332 16330 16331
16332 16333 16330
16334 16333 16332
16334 16335 16336
16336 16335 16337
16336 16337 16338
16338 16337 16339
16340 16339 16337
16339 16340 16341
16342 16339 16341
16341 16340 16343
16342 16341 16344
16341 16343 16344
16342 16344 16345
16344 16343 16346
16345 16344 16347
16344 16346 16347
16345 16347 16348
16347 16346 16349
16348 16347 16350
16347 16349 16350
16348 16350 16351
16350 16349 16352
16351 16350 16353
16350 16352 16353
16351 16353 16354
16353 16352 16355
16354 16353 16356
16353 16355 16356
16354 16356 16357
16356 16355 16358
16357 16356 16359
16356 16358 16359
16357 16359 16360
16359 16358 16361
16359 16362 16360
16359 16361 16363
16359 16363 16362
16363 16361 16364
16362 16363 16365
16363 16364 16365
16362 16365 16366
16365 16364 16367
16366 16365 16368
16365 16367 16368
16366 16368 16369
16368 16367 16370
16369 16368 16371
16368 16370 16371
16369 16371 16372
16371 16370 16373
16372 16371 16374
16371 16373 16374
16372 16374 16375
16374 16373 16376
16375 16374 16376
16377 16378 16379
16379 16378 16380
16378 16381 16380
16377 16382 16378
16382 16381 16378
16383 16382 16377
16382 16384 16381
16383 16385 16382
16385 16384 16382
16386 16385 16383
16385 16387 16384
16386 16388 16385
16388 16387 16385
16388 16389 16387
16390 16388 16386
16391 16389 16388
16390 16391 16388
16391 16392 16389
16393 16391 16390
16393 16392 16391
16393 16390 16394
16393 16395 16392
16396 16393 16394
16397 16395 16393
16396 16397 16393
16397 16398 16395
16399 16397 16396
16400 16398 16397
16399 16400 16397
16400 16401 16398
16402 16400 16399
16403 16401 16400
16402 16403 16400
16403 16404 16401
16405 16403 16402
16406 16404 16403
16405 16406 16403
16406 16407 16404
16408 16406 16405
16409 16407 16406
16408 16409 16406
16409 16410 16407
16411 16409 16408
16412 16410 16409
16411 16412 16409
16412 16413 16410
16411 16414 16412
16414 16413 16412
16413 16414 16415
16416 16415 16414
16417 16415 16416
16417 16418 16415
16419 16418 16417
16419 16420 16421
16421 16420 16422
16421 16422 16423
16423 16422 16424
16425 16424 16422
16424 16425 16426
16427 16424 16426
16426 16425 16428
16427 16426 16429
16426 16428 16429
16427 16429 16430
16429 16428 16431
16430 16429 16432
16429 16431 16432
16430 16432 16433
16432 16431 16434
16433 16432 16435
16432 16434 16435
16433 16435 16436
16435 16434 16437
16436 16435 16438
16435 16437 16438
16436 16438 16439
16438 16437 16440
16439 16438 16441
16438 16440 16441
16439 16441 16442
16441 16440 16443
16442 16441 16444
16441 16443 16444
16442 16444 16445
16444 16443 16446
16444 16447 16445
16444 16446 16448
16444 16448 16447
16448 16446 16449
16447 16448 16450
16448 16449 16450
16447 16450 16451
16450 16449 16452
16451 16450 16453
16450 16452 16453
16451 16453 16454
16453 16452 16455
16454 16453 16456
16453 16455 16456
16454 16456 16457
16456 16455 16458
16457 16456 16459
16456 16458 16459
16457 16459 16460
16459 16458 16461
16460 16459 16461
16419 16462 16463
16463 16462 16464
16463 16464 16465
16465 16464 16466
16467 16466 16464
16466 16467 16468
16469 16466 16468
16468 16467 16470
16469 16468 16471
16468 16470 16471
16469 16471 16472
16471 16470 16473
16472 16471 16474
16471 16473 16474
16472 16474 16475
16474 16473 16476
16475 16474 16477
16474 16476 16477
16475 16477 16478
16477 16476 16479
16478 16477 16480
16477 16479 16480
16478 16480 16481
16480 16479 16482
16481 16480 16483
16480 16482 16483
16481 16483 16484
16483 16482 16485
16484 16483 16486
16483 16485 16486
16484 16486 16487
16486 16485 16488
16486 16489 16487
16486 16488 16490
16486 16490 16489
16490 16488 16491
16489 16490 16492
16490 16491 16492
16489 16492 16493
16492 16491 16494
16493 16492 16495
16492 16494 16495
16493 16495 16496
16495 16494 16497
16496 16495 16498
16495 16497 16498
16496 16498 16499
16498 16497 16500
16499 16498 16501
16498 16500 16501
16499 16501 16502
16501 16500 16503
16502 16501 16503
16504 16505 16506
16506 16505 16507
16505 16508 16507
16504 16509 16505
16509 16508 16505
16510 16509 16504
16509 16511 16508
16510 16512 16509
16512 16511 16509
16513 16512 16510
16512 16514 16511
16513 16515 16512
16515 16514 16512
16515 16516 16514
16517 16515 16513
16518 16516 16515
16517 16518 16515
16518 16519 16516
16520 16518 16517
16520 16519 16518
16520 16517 16521
16520 16522 16519
16523 16520 16521
16524 16522 16520
16523 16524 16520
16524 16525 16522
16526 16524 16523
16527 16525 16524
16526 16527 16524
16527 16528 16525
16529 16527 16526
16530 16528 16527
16529 16530 16527
16530 16531 16528
16532 16530 16529
16533 16531 16530
16532 16533 16530
16533 16534 16531
16535 16533 16532
16536 16534 16533
16535 16536 16533
16536 16537 16534
16538 16536 16535
16539 16537 16536
16538 16539 16536
16539 16540 16537
16538 16541 16539
16541 16540 16539
16540 16541 16542
16543 16542 16541
16544 16542 16543
16544 16545 16542
16546 16545 16544
16546 16547 16548
16548 16547 16549
16548 16549 16550
16550 16549 16551
16552 16551 16549
16551 16552 16553
16554 16551 16553
16553 16552 16555
16554 16553 16556
16553 16555 16556
16554 16556 16557
16556 16555 16558
16557 16556 16559
16556 16558 16559
16557 16559 16560
16559 16558 16561
16560 16559 16562
16559 16561 16562
16560 16562 16563
16562 16561 16564
16563 16562 16565
16562 16564 16565
16563 16565 16566
16565 16564 16567
16566 16565 16568
16565 16567 16568
16566 16568 16569
16568 16567 16570
16569 16568 16571
16568 16570 16571
16569 16571 16572
16571 16570 16573
16571 16574 16572
16571 16573 16575
16571 16575 16574
16575 16573 16576
16574 16575 16577
16575 16576 16577
16574 16577 16578
16577 16576 16579
16578 16577 16580
16577 16579 16580
16578 16580 16581
16580 16579 16582
16581 16580 16583
16580 16582 16583
16581 16583 16584
16583 16582 16585
16584 16583 16586
16583 16585 16586
16584 16586 16587
16586 16585 16588
16587 16586 16588
16589 16590 16591
16591 16590 16592
16590 16593 16592
16589 16594 16590
16594 16593 16590
16595 16594 16589
16594 16596 16593
16595 16597 16594
16597 16596 16594
16598 16597 16595
16597 16599 16596
16598 16600 16597
16600 16599 16597
16600 16601 16599
16602 16600 16598
16603 16601 16600
16602 16603 16600
16603 16604 16601
16605 16603 16602
16605 16604 16603
16605 16602 16606
16605 16607 16604
16608 16605 16606
16609 16607 16605
16608 16609 16605
16609 16610 16607
16611 16609 16608
16612 16610 16609
16611 16612 16609
16612 16613 16610
16614 16612 16611
16615 16613 16612
16614 16615 16612
16615 16616 16613
16617 16615 16614
16618 16616 16615
16617 16618 16615
16618 16619 16616
16620 16618 16617
16621 16619 16618
16620 16621 16618
16621 16622 16619
16623 16621 16620
16624 16622 16621
16623 16624 16621
16624 16625 16622
16626 16624 16623
16626 16625 16624
16627 16625 16626
16628 16627 16626
16629 16627 16628
16629 16630 16627
16631 16630 16629
16631 16632 16633
16633 16632 16634
16633 16634 16635
16635 16634 16636
16637 16636 16634
16636 16637 16638
16639 16636 16638
16638 16637 16640
16639 16638 16641
16638 16640 16641
16639 16641 16642
16641 16640 16643
16642 16641 16644
16641 16643 16644
16642 16644 16645
16644 16643 16646
16645 16644 16647
16644 16646 16647
16645 16647 16648
16647 16646 16649
16648 16647 16650
16647 16649 16650
16648 16650 16651
16650 16649 16652
16651 16650 16653
16650 16652 16653
16651 16653 16654
16653 16652 16655
16654 16653 16656
16653 16655 16656
16654 16656 16657
16656 16655 16658
16656 16659 16657
16656 16658 16660
16656 16660 16659
16660 16658 16661
16659 16660 16662
16660 16661 16662
16659 16662 16663
16662 16661 16664
16663 16662 16665
16662 16664 16665
16663 16665 16666
16665 16664 16667
16666 16665 16668
16665 16667 16668
16666 16668 16669
16668 16667 16670
16669 16668 16671
16668 16670 16671
16669 16671 16672
16671 16670 16673
16672 16671 16673
16631 16674 16675
16675 16674 16676
16675 16676 16677
16677 16676 16678
16679 16678 16676
16678 16679 16680
16681 16678 16680
16680 16679 16682
16681 16680 16683
16680 16682 16683
16681 16683 16684
16683 16682 16685
16684 16683 16686
16683 16685 16686
16684 16686 16687
16686 16685 16688
16687 16686 16689
16686 16688 16689
16687 16689 16690
16689 16688 16691
16690 16689 16692
16689 16691 16692
16690 16692 16693
16692 16691 16694
16693 16692 16695
16692 16694 16695
16693 16695 16696
16695 16694 16697
16696 16695 16698
16695 16697 16698
16696 16698 16699
16698 16697 16700
16698 16701 16699
16698 16700 16702
16698 16702 16701
16702 16700 16703
16701 16702 16704
16702 16703 16704
16701 16704 16705
16704 16703 16706
16705 16704 16707
16704 16706 16707
16705 16707 16708
16707 16706 16709
16708 16707 16710
16707 16709 16710
16708 16710 16711
16710 16709 16712
16711 16710 16713
16710 16712 16713
16711 16713 16714
16713 16712 16715
16714 16713 16715
16716 16717 16718
16718 16717 16719
16717 16720 16719
16716 16721 16717
16721 16720 16717
16722 16721 16716
16721 16723 16720
16722 16724 16721
16724 16723 16721
16725 16724 16722
16724 16726 16723
16725 16727 16724
16727 16726 16724
16727 16728 16726
16729 16727 16725
16730 16728 16727
16729 16730 16727
16730 16731 16728
16732 16730 16729
16732 16731 16730
16732 16729 16733
16732 16734 16731
16735 16732 16733
16736 16734 16732
16735 16736 16732
16736 16737 16734
16738 16736 16735
16739 16737 16736
16738 16739 16736
16739 16740 16737
16741 16739 16738
16742 16740 16739
16741 16742 16739
16742 16743 16740
16744 16742 16741
16745 16743 16742
16744 16745 16742
16745 16746 16743
16747 16745 16744
16748 16746 16745
16747 16748 16745
16748 16749 16746
16750 16748 16747
16751 16749 16748
16750 16751 16748
16751 16752 16749
16753 16751 16750
16753 16752 16751
16754 16752 16753
16755 16754 16753
16756 16754 16755
16756 16757 16754
16758 16757 16756
16758 16759 16760
16760 16759 16761
16760 16761 16762
16762 16761 16763
16764 16763 16761
16763 16764 16765
16766 16763 16765
16765 16764 16767
16766 16765 16768
16765 16767 16768
16766 16768 16769
16768 16767 16770
16769 16768 16771
16768 16770 16771
16769 16771 16772
16771 16770 16773
16772 16771 16774
16771 16773 16774
16772 16774 16775
16774 16773 16776
16775 16774 16777
16774 16776 16777
16775 16777 16778
16777 16776 16779
16778 16777 16780
16777 16779 16780
16778 16780 16781
16780 16779 16782
16781 16780 16783
16780 16782 16783
16781 16783 16784
16783 16782 16785
16783 16786 16784
16783 16785 16787
16783 16787 16786
16787 16785 16788
16786 16787 16789
16787 16788 16789
16786 16789 16790
16789 16788 16791
16790 16789 16792
16789 16791 16792
16790 16792 16793
16792 16791 16794
16793 16792 16795
16792 16794 16795
16793 16795 16796
16795 16794 16797
16796 16795 16798
16795 16797 16798
16796 16798 16799
16798 16797 16800
16799 16798 16800
