byte offset: 0
first index: 0
index count: 9804
topology: trianglelist
format: DXGI_FORMAT_R16_UINT

0 1 2
3 4 5
6 7 8
9 10 11
12 13 14
15 16 17
18 19 20
18 20 21
20 22 21
21 22 23
21 24 18
21 23 25
26 21 25
26 25 27
26 27 28
21 29 24
26 29 21
26 30 29
29 31 24
29 32 31
30 32 29
31 32 33
32 30 33
31 33 34
33 35 34
33 36 35
36 33 30
36 37 35
26 28 38
28 39 38
40 38 39
26 38 41
41 38 42
42 43 41
44 26 41
41 43 44
30 26 44
43 45 44
45 30 44
43 46 45
45 46 47
30 45 48
45 47 48
48 36 30
47 49 48
47 50 49
48 51 36
48 49 51
50 52 49
50 53 52
51 54 36
36 54 37
54 55 37
54 56 55
51 56 54
49 57 51
49 52 57
53 58 52
53 59 58
56 60 55
55 60 61
56 62 60
56 63 62
51 64 56
64 63 56
57 64 51
64 65 63
57 66 64
52 67 57
52 58 67
67 66 57
59 68 58
59 69 68
70 68 69
58 71 67
58 68 71
67 72 66
71 72 67
70 73 68
74 73 70
71 75 72
75 76 72
75 77 76
78 71 68
78 68 73
75 71 78
74 79 73
79 78 73
80 79 74
80 81 79
81 80 82
79 83 78
81 83 79
75 78 84
84 78 83
75 84 85
75 85 86
87 85 84
87 84 88
84 83 88
89 87 88
88 83 90
81 90 83
81 82 91
91 82 92
89 88 93
88 90 93
94 90 81
94 81 91
93 90 94
89 93 95
93 94 95
89 95 96
97 96 95
91 92 98
94 91 98
95 94 99
94 98 99
92 100 98
100 99 98
92 101 100
100 101 102
97 95 103
95 99 103
100 104 99
104 103 99
105 97 103
104 105 103
105 106 97
107 106 105
100 102 108
104 100 108
102 109 108
102 110 109
109 110 111
104 108 112
105 104 112
109 112 108
107 105 113
105 112 113
114 107 113
113 112 115
109 115 112
114 113 116
113 115 116
117 114 116
109 111 118
118 111 119
120 118 119
121 115 109
116 115 121
121 109 118
117 116 122
116 121 122
123 117 122
120 124 118
124 121 118
120 125 124
124 126 121
126 122 121
125 126 124
127 123 122
126 127 122
125 127 126
127 128 123
125 128 127
129 130 131
130 132 131
130 133 132
134 132 133
135 134 133
136 135 133
137 135 136
138 137 136
130 139 133
133 139 136
130 140 139
140 141 139
140 142 141
141 142 143
139 141 144
139 144 136
138 136 145
146 138 145
147 146 145
147 145 148
149 147 148
148 150 149
148 151 150
148 152 151
148 153 152
148 154 153
141 143 155
144 141 155
136 144 156
136 156 145
145 157 148
148 157 154
145 156 157
143 158 155
143 159 158
144 155 160
156 144 160
155 158 160
154 157 161
154 161 162
161 163 162
157 156 164
157 164 161
156 160 164
160 165 164
161 166 163
164 166 161
164 165 166
166 167 163
166 168 167
165 168 166
168 169 167
158 170 160
160 170 165
165 170 171
172 171 170
158 172 170
159 172 158
159 173 172
173 174 172
172 174 171
173 175 174
175 176 174
175 177 176
174 176 178
174 178 171
171 178 179
180 171 179
181 171 180
182 181 180
181 182 183
181 184 171
184 165 171
165 184 185
165 185 168
184 186 185
186 168 185
187 184 181
184 187 186
181 183 188
187 181 188
186 189 168
168 189 169
189 190 169
188 183 191
183 192 191
187 193 186
193 189 186
189 194 190
193 194 189
194 195 190
196 187 188
196 188 191
187 196 193
192 197 191
197 196 191
192 198 197
194 199 195
199 200 195
201 194 193
196 201 193
201 199 194
198 202 197
198 203 202
203 204 202
197 205 196
196 205 201
202 205 197
199 206 200
206 207 200
208 199 201
205 208 201
208 206 199
202 209 205
205 209 208
204 210 202
210 209 202
209 211 208
211 206 208
209 210 211
206 212 207
211 212 206
212 213 207
204 214 210
204 215 214
210 216 211
216 212 211
210 214 216
212 217 213
216 217 212
217 218 213
215 219 214
215 220 219
220 221 219
214 222 216
222 217 216
214 219 222
217 223 218
222 223 217
224 218 223
225 219 221
222 219 225
225 221 226
227 224 223
227 228 224
227 229 228
223 222 230
222 225 230
223 230 227
226 231 225
226 232 231
225 233 230
233 227 230
225 231 233
227 234 229
233 234 227
235 229 234
236 231 232
236 232 237
236 237 238
239 236 238
240 239 238
231 241 233
231 236 241
241 234 233
236 239 241
235 234 242
241 242 234
239 242 241
243 235 242
243 242 239
244 243 239
240 245 239
244 239 245
240 246 245
245 246 244
247 248 249
247 249 250
251 252 253
254 252 251
255 252 254
251 256 254
251 257 256
258 255 254
258 259 255
258 260 259
258 261 260
262 258 254
256 262 254
258 263 261
263 258 262
263 264 261
261 264 265
265 264 266
266 264 267
268 267 264
264 269 268
264 263 270
262 270 263
264 271 269
270 271 264
272 269 271
272 271 273
271 274 273
275 272 273
275 273 276
276 273 274
277 275 276
277 276 278
278 276 274
279 277 278
270 280 271
271 280 274
262 281 270
270 281 280
279 278 282
278 274 282
280 283 274
280 281 283
281 262 284
256 284 262
274 285 282
274 283 285
283 281 286
281 284 286
285 283 287
283 286 287
256 288 284
284 289 286
284 288 289
286 290 287
286 289 290
285 287 291
287 290 291
256 292 288
257 292 256
257 293 292
292 293 294
288 292 295
292 294 295
289 288 296
288 295 296
294 297 295
294 298 297
297 298 299
295 297 300
295 300 296
297 299 301
300 297 301
301 299 302
289 296 303
290 289 303
296 300 304
296 304 303
300 301 305
304 300 305
304 305 306
301 302 307
305 301 307
290 303 308
303 304 308
309 304 306
308 304 309
310 290 308
291 290 310
308 309 311
310 308 311
302 312 307
302 313 312
312 313 314
307 312 315
307 315 316
305 307 316
306 305 316
316 315 317
318 317 315
311 309 319
319 309 306
316 317 320
306 316 320
317 321 320
321 306 320
319 306 322
321 322 306
317 323 321
323 317 324
325 321 323
325 322 321
326 325 323
326 327 325
325 328 322
327 328 325
328 319 322
327 329 328
329 330 328
328 330 319
329 331 330
330 332 319
311 319 332
331 333 330
330 333 332
331 334 333
335 311 332
333 335 332
335 310 311
334 336 333
333 336 335
334 337 336
337 338 336
337 339 338
336 340 335
336 338 340
341 310 335
341 335 340
339 342 338
339 343 342
338 344 340
344 341 340
338 342 344
345 310 341
291 310 345
285 291 345
346 345 341
346 285 345
344 346 341
282 285 346
343 347 342
343 348 347
342 349 344
346 344 349
342 347 349
282 346 350
346 349 350
279 282 350
349 279 350
349 351 279
347 351 349
279 351 352
352 351 353
352 353 354
354 353 355
353 356 355
348 357 347
347 357 351
357 353 351
348 358 357
358 359 357
357 359 353
358 360 359
361 356 353
359 361 353
360 362 359
359 362 361
360 363 362
364 356 361
362 364 361
364 365 356
363 366 362
362 366 364
363 367 366
368 365 364
366 368 364
368 369 365
370 369 368
367 371 366
366 371 368
367 372 371
373 370 368
371 373 368
373 374 370
375 374 373
375 373 371
372 375 371
372 376 375
377 375 376
372 378 376
379 377 376
378 379 376
378 380 379
381 382 383
381 383 384
385 386 387
385 387 388
389 390 391
389 391 392
393 394 395
393 395 396
397 398 399
397 400 398
398 400 401
400 402 401
400 397 403
400 404 402
405 404 400
405 406 404
405 407 406
400 403 408
405 400 408
405 408 409
408 403 410
408 410 411
409 408 411
410 412 411
411 412 409
410 413 412
412 413 414
412 414 415
409 412 415
415 414 416
405 417 407
417 418 407
419 418 417
405 420 417
421 417 420
422 421 420
423 420 405
423 422 420
405 409 423
423 424 422
423 425 424
409 425 423
426 424 425
409 427 425
427 426 425
427 409 415
415 416 428
428 416 429
426 427 430
426 430 431
427 415 432
432 415 428
427 432 430
428 429 433
432 428 433
431 430 434
431 434 435
433 429 436
429 437 436
433 436 438
433 438 439
440 433 439
432 433 440
440 439 441
430 432 442
442 432 440
430 442 434
442 440 443
435 434 444
435 444 445
434 442 446
446 442 443
434 446 444
445 444 447
445 447 448
449 448 447
444 446 450
444 450 447
446 443 451
450 446 451
451 443 452
451 452 453
454 451 453
450 451 454
454 453 455
449 447 456
457 449 456
458 447 450
458 456 447
454 458 450
457 456 459
459 456 458
460 457 459
460 459 461
461 462 460
459 458 463
461 459 463
454 464 458
464 463 458
454 465 464
454 466 465
467 464 465
467 468 464
464 468 463
469 468 467
468 470 463
461 463 470
461 471 462
471 472 462
469 473 468
468 473 470
474 461 470
474 471 461
473 474 470
469 475 473
473 475 474
469 476 475
477 475 476
471 478 472
474 478 471
475 479 474
474 479 478
472 478 480
480 478 479
472 480 481
480 482 481
477 483 475
475 483 479
480 479 484
484 479 483
485 483 477
484 483 485
485 477 486
487 485 486
480 488 482
484 488 480
482 488 489
482 489 490
489 491 490
484 492 488
485 492 484
489 488 492
487 493 485
485 493 492
494 493 487
493 495 492
489 492 495
494 496 493
493 496 495
497 496 494
489 498 491
499 491 498
500 499 498
501 489 495
496 501 495
501 498 489
497 502 496
496 502 501
502 497 503
500 498 504
504 498 501
500 504 505
504 501 506
506 501 502
505 504 506
507 502 503
506 502 507
505 506 507
507 503 508
505 507 508
509 510 511
511 510 512
511 512 513
514 513 512
515 513 514
516 513 515
517 516 515
518 516 517
511 513 519
513 516 519
511 519 520
520 519 521
520 521 522
521 523 522
519 524 521
519 516 524
518 525 516
526 525 518
527 525 526
527 528 525
529 528 527
528 529 530
528 530 531
528 531 532
528 532 533
528 533 534
516 525 535
516 535 524
525 528 536
528 534 536
525 536 535
534 537 536
534 538 537
537 538 539
536 540 535
536 537 540
537 539 541
540 537 541
540 541 542
541 539 543
535 540 544
535 544 524
544 540 542
541 543 545
542 541 545
545 543 546
545 546 547
547 546 548
524 544 549
524 549 521
521 549 523
523 549 550
549 544 550
523 550 551
550 544 552
544 542 552
553 552 542
554 552 553
550 552 554
551 550 554
551 554 555
555 554 556
554 553 556
555 556 557
557 556 558
557 558 559
556 560 558
556 553 560
553 561 560
562 561 553
562 553 563
564 562 563
565 553 542
553 565 563
566 564 563
566 567 564
542 568 565
542 545 568
568 545 547
569 563 565
569 566 563
565 568 570
568 547 570
565 570 569
571 567 566
571 572 567
570 547 573
547 548 573
573 548 574
575 566 569
575 571 566
569 570 576
570 573 576
569 576 575
573 574 577
576 573 577
577 574 578
572 571 579
572 579 580
571 575 581
571 581 579
575 576 582
576 577 582
575 582 581
577 578 583
582 577 583
583 578 584
580 579 585
580 585 586
586 585 587
579 581 588
579 588 585
581 582 589
582 583 589
581 589 588
583 584 590
589 583 590
590 584 591
585 592 587
585 588 592
588 589 593
589 590 593
588 593 592
590 591 594
593 590 594
594 591 595
587 592 596
587 596 597
592 593 598
593 594 598
592 598 596
594 595 599
598 594 599
600 599 595
597 596 601
597 601 602
602 601 603
596 598 604
598 599 604
596 604 601
605 599 600
605 600 606
605 606 607
599 608 604
608 601 604
599 605 608
609 603 601
608 609 601
609 610 603
605 607 611
608 605 611
612 611 607
610 609 613
610 613 614
609 608 615
608 611 615
609 615 613
612 616 611
615 611 616
617 616 612
617 618 616
619 618 617
615 616 620
613 615 620
620 616 618
621 614 613
613 620 621
621 620 618
621 622 614
621 623 622
618 623 621
624 623 618
619 625 618
624 618 625
625 619 626
624 625 626
627 628 629
627 630 628
631 632 633
634 631 633
635 634 633
631 634 636
631 636 637
638 634 635
638 635 639
638 639 640
638 640 641
642 634 638
636 634 642
638 641 643
643 642 638
643 641 644
641 645 644
645 646 644
646 647 644
648 644 647
644 648 649
644 650 643
642 643 650
644 649 651
650 644 651
652 651 649
652 653 651
651 653 654
655 653 652
655 656 653
656 654 653
657 656 655
657 658 656
658 654 656
659 658 657
650 651 660
651 654 660
642 650 661
650 660 661
659 662 658
658 662 654
660 654 663
660 663 661
661 664 642
636 642 664
654 662 665
654 665 663
663 666 661
661 666 664
665 667 663
663 667 666
636 664 668
664 666 669
664 669 668
666 667 670
666 670 669
665 671 667
667 671 670
636 668 672
637 636 672
637 672 673
672 674 673
668 675 672
672 675 674
669 676 668
668 676 675
674 675 677
674 677 678
677 679 678
675 680 677
675 676 680
677 681 679
680 681 677
681 682 679
669 683 676
670 683 669
676 684 680
676 683 684
680 685 681
684 685 680
684 686 685
681 687 682
685 687 681
670 688 683
683 688 684
689 686 684
688 689 684
690 688 670
671 690 670
688 691 689
690 691 688
682 687 692
682 692 693
692 694 693
687 695 692
687 696 695
685 696 687
686 696 685
696 697 695
698 695 697
691 699 689
699 686 689
696 700 697
686 700 696
697 700 701
701 700 686
699 702 686
701 686 702
697 701 703
703 704 697
705 703 701
705 701 702
706 703 705
706 705 707
705 702 708
707 705 708
708 702 699
707 708 709
709 708 710
708 699 710
709 710 711
710 699 712
691 712 699
711 710 713
710 712 713
711 713 714
715 712 691
713 712 715
715 691 690
714 713 716
713 715 716
714 716 717
717 716 718
717 718 719
716 715 720
716 720 718
721 715 690
721 720 715
719 718 722
719 722 723
718 720 724
724 720 721
718 724 722
725 721 690
671 725 690
665 725 671
726 721 725
726 725 665
724 721 726
662 726 665
723 722 727
723 727 728
722 724 729
726 729 724
722 729 727
662 730 726
726 730 729
659 730 662
729 730 659
729 659 731
727 729 731
659 732 731
732 733 731
732 734 733
734 735 733
735 736 733
728 727 737
727 731 737
737 731 733
728 737 738
738 737 739
737 733 739
738 739 740
741 733 736
739 733 741
740 739 742
739 741 742
740 742 743
744 741 736
742 741 744
744 736 745
743 742 746
742 744 746
743 746 747
748 744 745
746 744 748
748 745 749
750 748 749
747 746 751
746 748 751
747 751 752
753 748 750
751 748 753
753 750 754
755 753 754
755 751 753
752 751 755
752 755 756
757 756 755
752 756 758
759 756 757
758 756 759
758 759 760
761 762 763
761 763 764
765 766 767
765 767 768
769 770 771
769 771 772
773 774 775
773 775 776
777 778 779
777 780 778
780 781 778
780 782 781
782 783 781
782 784 783
784 785 783
784 786 785
786 787 785
786 788 787
789 788 786
789 790 788
791 786 784
791 789 786
792 784 782
792 791 784
793 782 780
793 792 782
794 780 777
794 793 780
795 790 789
795 796 790
797 789 791
797 795 789
798 791 792
798 797 791
799 792 793
799 798 792
800 796 795
800 801 796
802 795 797
802 800 795
803 797 798
803 802 797
804 801 800
804 805 801
806 800 802
806 804 800
807 805 804
807 808 805
807 809 808
810 807 804
810 804 806
807 811 809
810 811 807
811 812 809
813 806 802
813 802 803
814 803 798
814 798 799
815 810 806
815 806 813
811 816 812
816 817 812
810 818 811
815 818 810
818 816 811
819 813 803
819 803 814
816 820 817
820 821 817
822 815 813
822 813 819
818 823 816
823 820 816
815 824 818
822 824 815
824 823 818
820 825 821
825 826 821
823 827 820
827 825 820
824 828 823
828 827 823
822 829 824
829 828 824
830 822 819
830 829 822
825 831 826
831 832 826
827 833 825
833 831 825
828 834 827
834 833 827
829 835 828
835 834 828
836 832 831
836 837 832
838 831 833
834 838 833
838 836 831
839 837 836
839 840 837
841 838 834
835 841 834
842 836 838
842 839 836
841 842 838
843 835 829
830 843 829
844 843 830
845 840 839
845 846 840
847 841 835
843 847 835
848 842 841
847 848 841
849 839 842
849 845 839
848 849 842
850 846 845
850 851 846
852 847 843
844 852 843
853 848 847
852 853 847
852 854 853
855 854 852
856 849 848
853 856 848
853 857 856
858 857 853
854 858 853
859 845 849
856 859 849
856 860 859
859 850 845
861 852 844
861 855 852
856 857 862
862 860 856
863 861 844
864 861 863
859 865 850
859 860 866
866 865 859
850 865 867
867 851 850
867 868 851
865 869 867
870 869 865
870 865 866
866 871 870
866 872 871
866 860 872
872 860 873
874 873 860
875 874 860
875 860 862
862 876 875
862 877 876
857 877 862
857 878 877
857 879 878
857 880 879
857 881 880
858 881 857
858 882 881
882 858 883
883 858 884
854 884 858
854 885 884
854 886 885
854 887 886
854 888 887
855 888 854
855 889 888
889 855 890
861 890 855
861 891 890
891 861 864
891 864 892
892 864 893
864 894 893
864 895 894
894 896 893
895 844 894
894 844 897
894 898 896
894 897 898
896 898 899
898 900 899
898 901 900
898 897 901
897 902 901
901 903 900
901 902 903
902 904 903
902 905 904
902 906 905
902 907 906
907 908 906
908 907 909
909 907 910
909 910 911
910 912 911
910 913 912
910 914 913
902 915 907
907 915 910
897 915 902
910 916 914
910 915 916
916 917 914
916 918 917
916 919 918
920 919 916
920 916 921
920 921 922
921 923 922
921 924 923
921 925 924
926 925 921
921 916 926
925 926 927
926 928 927
926 929 928
926 930 929
930 926 931
926 932 931
926 933 932
916 794 926
926 794 777
926 777 934
916 935 794
935 793 794
915 935 916
935 799 793
915 936 935
936 799 935
897 936 915
936 814 799
897 937 936
937 814 936
844 937 897
937 819 814
844 830 937
830 819 937
938 939 940
938 941 939
941 942 939
941 938 943
943 938 944
945 943 944
941 946 942
946 947 942
945 948 943
948 945 949
948 949 950
948 950 951
950 952 951
953 951 952
954 951 953
955 941 943
948 955 943
955 946 941
955 948 951
946 956 947
956 957 947
954 958 951
958 954 959
958 959 960
961 958 960
961 960 962
961 962 963
961 963 964
961 964 965
958 966 951
966 958 961
966 955 951
955 967 946
966 967 955
967 956 946
968 961 965
968 965 969
969 970 968
970 971 968
972 968 971
972 971 973
972 973 974
972 974 975
972 975 976
968 977 961
972 977 968
977 966 961
966 978 967
977 978 966
979 972 976
979 976 980
980 981 979
982 977 972
979 982 972
983 979 981
983 982 979
983 984 982
983 981 985
982 986 977
977 986 978
978 987 967
967 987 956
988 984 983
989 988 983
985 989 983
985 990 989
990 991 989
989 991 992
992 993 984
989 992 994
994 992 984
992 991 995
992 995 996
992 996 993
995 997 996
996 997 998
996 998 999
996 999 993
993 999 1000
999 998 1001
999 1001 1000
1000 1001 1002
1000 1002 1003
1000 1003 1004
1000 1004 1005
1005 1004 1006
1006 1007 1005
1007 1008 1005
1007 1009 1008
1008 1009 1010
1008 1010 1011
1008 1011 1012
1000 1005 1013
1005 1008 1013
993 1000 1013
1008 1012 1014
1008 1014 1013
1014 1012 1015
1014 1015 1016
1014 1016 1017
1018 1014 1017
1018 1019 1014
1019 1020 1014
1018 1021 1019
1019 1021 1022
1019 1022 1023
1019 1023 1024
1020 1019 1024
1024 1025 1020
1025 1026 1020
1026 1027 1020
1027 1028 1020
1020 1028 1029
1030 1020 1029
1030 1031 1020
1020 1031 1032
1020 1032 1033
1034 1020 1033
1034 1035 1020
1020 1035 1036
1035 1034 1037
1035 1037 1038
1035 1038 1039
1035 1039 1040
1035 1040 1041
1035 1041 1042
1043 1035 1042
1035 1043 1044
1036 1035 1044
1036 1044 1045
1045 1046 1036
1036 1046 1047
1020 1036 1048
1014 1020 1048
1036 1047 1049
1048 1036 1049
1049 1047 1050
1014 1048 1051
1013 1014 1051
1048 1049 1052
1051 1048 1052
1049 1050 1053
1052 1049 1053
1053 1050 1054
1013 1051 1055
993 1013 1055
1051 1052 1056
1055 1051 1056
1052 1053 1057
1056 1052 1057
1053 1054 1058
1057 1053 1058
1058 1054 1059
993 1055 1060
984 993 1060
1055 1056 1061
1060 1055 1061
1056 1057 1062
1061 1056 1062
1058 1059 1063
1063 1059 1064
1063 1064 1065
1057 1058 1066
1066 1058 1063
1062 1057 1066
1067 1063 1065
1066 1063 1067
1067 1065 1068
1062 1066 1069
1069 1066 1067
1070 1067 1068
1069 1067 1070
1070 1068 1071
1061 1062 1072
1072 1062 1069
1073 1070 1071
1073 1071 1074
1075 1069 1070
1072 1069 1075
1075 1070 1073
1076 1061 1072
1060 1061 1076
1077 1073 1074
1077 1074 1078
1079 1075 1073
1079 1073 1077
1080 1072 1075
1076 1072 1080
1080 1075 1079
1081 1060 1076
984 1060 1081
1082 1077 1078
1082 1078 1083
1082 1083 1084
1085 1076 1080
1081 1076 1085
1086 1079 1077
1086 1077 1082
1082 1084 1087
1086 1082 1087
1087 1084 1088
1089 1080 1079
1089 1079 1086
1085 1080 1089
984 1081 1090
984 1090 982
982 1090 986
1087 1088 1091
1091 1088 1092
1086 1087 1093
1089 1086 1093
1093 1087 1091
1081 1085 1094
1081 1094 1090
1085 1089 1095
1089 1093 1095
1085 1095 1094
1090 1096 986
1090 1094 1096
1091 1092 1097
1097 1092 1098
1093 1091 1099
1095 1093 1099
1099 1091 1097
1094 1095 1100
1095 1099 1100
1094 1100 1096
986 1096 1101
986 1101 978
978 1101 987
1097 1098 1102
1102 1098 1103
1099 1097 1104
1100 1099 1104
1104 1097 1102
1096 1100 1105
1096 1105 1101
1100 1104 1105
1101 1106 987
1101 1105 1106
1105 1104 1107
1104 1102 1107
1105 1107 1106
1102 1103 1108
1107 1102 1108
1106 1107 1108
1108 1103 1109
987 1106 1110
1106 1108 1110
1110 1108 1109
987 1110 956
1110 1109 957
956 1110 957
1111 1112 1113
1113 1112 1114
1113 1114 1115
1116 1115 1114
1116 1117 1115
1118 1117 1116
1118 1119 1117
1118 1120 1119
1118 1121 1120
1122 1120 1121
1122 1121 1123
1124 1122 1123
1124 1123 1125
1126 1124 1125
1126 1125 1127
1128 1126 1127
1128 1129 1126
1130 1129 1128
1130 1128 1131
1132 1130 1131
1131 1133 1132
1133 1134 1132
1133 1135 1134
1135 1136 1134
1137 1138 1139
1140 1137 1139
1141 1140 1139
1137 1140 1142
1143 1142 1140
1144 1143 1140
1140 1145 1144
1140 1146 1145
1141 1146 1140
1141 1147 1146
1141 1148 1147
1148 1141 1149
1141 1150 1149
1141 1139 1151
1150 1141 1151
1150 1152 1149
1152 1150 1153
1153 1150 1154
1155 1154 1150
1155 1150 1156
1150 1151 1156
1151 1157 1156
1158 1159 1160
1158 1161 1159
1161 1158 1162
1161 1162 1163
1161 1164 1159
1163 1164 1161
1163 1165 1164
1166 1164 1165
1166 1165 1167
1167 1168 1166
1167 1169 1168
1169 1170 1168
1169 1171 1170
1172 1170 1173
1174 1172 1175
1174 1175 1176
1174 1177 1172
1178 1172 1177
1178 1177 1179
1180 1178 1179
1174 1176 1181
1182 1181 1176
1182 1183 1181
1181 1183 1184
1181 1184 1185
1174 1181 1185
1185 1184 1186
1187 1177 1174
1179 1177 1187
1174 1185 1188
1187 1174 1188
1180 1179 1189
1179 1187 1190
1189 1179 1190
1180 1189 1191
1180 1191 1192
1189 1190 1193
1191 1189 1193
1192 1191 1194
1192 1194 1195
1191 1193 1196
1196 1194 1191
1195 1194 1197
1195 1197 1198
1199 1198 1197
1199 1197 1200
1201 1199 1200
1200 1202 1201
1203 1202 1200
1204 1202 1203
1205 1204 1203
1206 1200 1197
1200 1206 1203
1203 1206 1207
1205 1203 1208
1203 1207 1208
1209 1205 1208
1210 1209 1208
1210 1208 1207
1210 1207 1211
1206 1197 1212
1207 1206 1212
1194 1212 1197
1194 1213 1212
1196 1213 1194
1207 1212 1214
1214 1212 1213
1215 1213 1196
1214 1213 1215
1207 1214 1216
1207 1216 1211
1216 1214 1215
1215 1196 1217
1217 1196 1193
1216 1215 1218
1218 1215 1217
1217 1193 1219
1219 1193 1190
1218 1217 1220
1220 1217 1219
1219 1190 1221
1221 1190 1187
1220 1219 1222
1222 1219 1221
1221 1187 1223
1223 1187 1188
1222 1221 1224
1224 1221 1223
1223 1188 1225
1185 1225 1188
1224 1223 1226
1226 1223 1225
1185 1227 1225
1185 1186 1227
1227 1186 1228
1186 1229 1228
1228 1229 1230
1231 1225 1227
1226 1225 1231
1231 1227 1228
1232 1222 1224
1233 1224 1226
1232 1224 1233
1234 1226 1231
1233 1226 1234
1235 1222 1232
1235 1220 1222
1236 1220 1235
1236 1218 1220
1237 1218 1236
1237 1216 1218
1238 1216 1237
1238 1211 1216
1211 1238 1239
1240 1239 1238
1211 1239 1241
1239 1242 1241
1239 1243 1242
1243 1239 1240
1244 1243 1240
1245 1244 1240
1246 1245 1240
1246 1240 1247
1240 1238 1248
1248 1238 1237
1247 1240 1248
1249 1237 1236
1248 1237 1249
1247 1248 1250
1250 1248 1249
1251 1247 1250
1249 1236 1252
1252 1236 1235
1252 1235 1253
1253 1235 1232
1253 1232 1254
1254 1232 1233
1254 1233 1255
1255 1233 1234
1256 1251 1250
1257 1250 1249
1257 1256 1250
1258 1249 1252
1258 1257 1249
1259 1252 1253
1259 1258 1252
1260 1253 1254
1260 1259 1253
1261 1254 1255
1261 1260 1254
1256 1262 1251
1251 1262 1263
1263 1262 1264
1264 1262 1265
1266 1262 1256
1262 1266 1265
1266 1256 1267
1267 1256 1257
1266 1268 1265
1268 1266 1267
1265 1268 1269
1268 1270 1269
1268 1271 1270
1271 1268 1267
1267 1257 1272
1272 1257 1258
1271 1267 1273
1273 1267 1272
1274 1271 1273
1275 1274 1273
1272 1258 1276
1276 1258 1259
1275 1273 1277
1278 1275 1277
1273 1272 1279
1279 1272 1276
1277 1273 1279
1276 1259 1280
1280 1259 1260
1279 1276 1281
1281 1276 1280
1277 1279 1282
1282 1279 1281
1278 1277 1283
1283 1277 1282
1280 1260 1284
1284 1260 1261
1281 1280 1285
1285 1280 1284
1282 1281 1286
1286 1281 1285
1287 1278 1283
1278 1287 1288
1283 1282 1289
1289 1282 1286
1287 1283 1290
1290 1283 1289
1288 1287 1291
1291 1287 1290
1291 1292 1288
1291 1290 1293
1293 1290 1294
1290 1289 1294
1293 1294 1295
1289 1286 1296
1294 1289 1296
1295 1294 1297
1294 1296 1297
1295 1297 1298
1296 1286 1299
1286 1285 1299
1298 1297 1300
1298 1300 1301
1297 1296 1302
1296 1299 1302
1297 1302 1300
1299 1285 1303
1285 1284 1303
1301 1300 1304
1301 1304 1305
1302 1299 1306
1299 1303 1306
1300 1302 1307
1300 1307 1304
1302 1306 1307
1303 1284 1308
1284 1261 1308
1305 1304 1309
1305 1309 1310
1306 1303 1311
1303 1308 1311
1307 1306 1312
1306 1311 1312
1304 1307 1313
1304 1313 1309
1307 1312 1313
1308 1261 1314
1314 1261 1255
1310 1309 1315
1310 1315 1316
1311 1308 1317
1308 1314 1317
1312 1311 1318
1311 1317 1318
1313 1312 1319
1312 1318 1319
1309 1313 1320
1309 1320 1315
1313 1319 1320
1314 1255 1321
1255 1234 1321
1316 1315 1322
1316 1322 1323
1317 1314 1324
1324 1314 1321
1318 1317 1325
1317 1324 1325
1319 1318 1326
1318 1325 1326
1327 1326 1325
1320 1319 1328
1319 1326 1328
1315 1320 1329
1315 1329 1322
1320 1328 1329
1330 1323 1322
1329 1330 1322
1330 1331 1323
1325 1324 1332
1325 1332 1327
1329 1333 1330
1328 1333 1329
1334 1331 1330
1333 1334 1330
1334 1335 1331
1328 1326 1336
1327 1336 1326
1328 1337 1333
1337 1334 1333
1328 1336 1337
1338 1335 1334
1337 1338 1334
1338 1339 1335
1338 1340 1339
1338 1341 1340
1338 1342 1341
1338 1337 1342
1337 1343 1342
1337 1336 1343
1336 1344 1343
1336 1327 1344
1345 1344 1327
1345 1327 1346
1346 1347 1345
1327 1348 1346
1332 1348 1327
1346 1349 1347
1230 1347 1349
1346 1348 1350
1350 1348 1332
1346 1350 1349
1230 1349 1351
1228 1230 1351
1349 1352 1351
1349 1350 1352
1351 1352 1228
1350 1332 1353
1352 1350 1353
1228 1352 1354
1352 1353 1354
1228 1354 1231
1354 1355 1231
1353 1355 1354
1234 1231 1355
1321 1234 1355
1332 1356 1353
1353 1356 1355
1321 1355 1356
1332 1324 1356
1324 1321 1356
1357 1358 1359
1360 1357 1359
1359 1361 1360
1360 1361 1362
1363 1362 1361
1364 1363 1361
1365 1364 1361
1361 1359 1366
1361 1367 1365
1361 1366 1368
1368 1367 1361
1368 1366 1369
1368 1370 1367
1368 1371 1370
1368 1372 1371
1372 1368 1373
1368 1369 1374
1368 1375 1373
1368 1374 1376
1368 1376 1375
1374 1377 1376
1375 1376 1378
1379 1376 1377
1378 1376 1380
1379 1381 1376
1376 1382 1380
1381 1383 1376
1383 1382 1376
1384 1385 1386
1385 1387 1386
1385 1388 1387
1387 1388 1389
1387 1389 1390
1390 1389 1391
1390 1391 1392
1393 1392 1391
1394 1395 1396
1394 1396 1397
1397 1398 1394
1397 1399 1398
1399 1400 1398
1400 1401 1398
1401 1402 1398
1401 1403 1402
1404 1398 1402
1403 1405 1402
1406 1404 1402
1406 1402 1405
1407 1408 1409
1408 1407 1410
1410 1407 1411
1411 1412 1410
1412 1413 1410
1414 1410 1413
1408 1410 1415
1416 1410 1414
1415 1410 1417
1417 1410 1416
1417 1416 1418
1417 1418 1419
1420 1417 1419
1417 1420 1421
1417 1421 1422
1415 1417 1423
1417 1422 1424
1423 1417 1425
1424 1425 1417
1423 1425 1426
1427 1426 1425
1427 1428 1426
1424 1429 1425
1425 1429 1427
1430 1428 1427
1429 1431 1427
1427 1432 1430
1431 1433 1427
1432 1427 1434
1433 1434 1427
1435 1436 1437
1436 1438 1437
1436 1439 1438
1440 1438 1439
1440 1439 1441
1442 1440 1441
1442 1441 1443
1442 1443 1444
1442 1444 1445
1446 1445 1444
1446 1447 1445
1448 1447 1446
1448 1446 1449
1450 1448 1449
1450 1451 1448
1452 1451 1450
1452 1450 1453
1454 1452 1453
1454 1455 1452
1456 1455 1454
1455 1456 1457
1457 1456 1458
1457 1458 1459
1459 1458 1460
1461 1462 1463
1461 1463 1464
1464 1465 1461
1464 1466 1465
1464 1463 1467
1466 1464 1467
1466 1467 1468
1469 1468 1467
1469 1470 1468
1470 1469 1471
1470 1471 1472
1472 1471 1473
1472 1473 1474
1475 1476 1473
1477 1478 1475
1477 1479 1478
1477 1475 1480
1481 1480 1475
1481 1482 1480
1483 1482 1481
1477 1484 1479
1485 1479 1484
1485 1484 1486
1484 1487 1486
1484 1488 1487
1477 1488 1484
1488 1489 1487
1490 1477 1480
1482 1490 1480
1477 1491 1488
1490 1491 1477
1483 1492 1482
1482 1493 1490
1492 1493 1482
1483 1494 1492
1483 1495 1494
1492 1496 1493
1494 1496 1492
1495 1497 1494
1495 1498 1497
1494 1499 1496
1499 1494 1497
1498 1500 1497
1498 1501 1500
1500 1501 1502
1503 1500 1502
1504 1503 1502
1503 1504 1505
1506 1503 1505
1507 1506 1505
1508 1506 1507
1509 1500 1503
1503 1506 1509
1506 1510 1509
1508 1511 1506
1506 1511 1510
1512 1511 1508
1513 1511 1512
1513 1510 1511
1513 1514 1510
1509 1515 1500
1510 1515 1509
1497 1500 1515
1497 1515 1516
1499 1497 1516
1510 1517 1515
1517 1516 1515
1510 1514 1518
1510 1518 1517
1517 1519 1516
1519 1499 1516
1518 1519 1517
1519 1520 1499
1520 1496 1499
1521 1518 1514
1522 1521 1514
1518 1523 1519
1523 1520 1519
1520 1524 1496
1524 1493 1496
1522 1525 1521
1521 1525 1526
1525 1522 1527
1525 1527 1528
1526 1525 1528
1526 1528 1529
1526 1529 1530
1531 1526 1530
1531 1532 1526
1533 1521 1526
1532 1533 1526
1534 1524 1520
1523 1534 1520
1533 1535 1521
1521 1535 1518
1535 1523 1518
1533 1532 1536
1532 1537 1536
1533 1538 1535
1538 1533 1536
1535 1539 1523
1539 1534 1523
1538 1539 1535
1534 1540 1524
1539 1541 1534
1541 1540 1534
1538 1542 1539
1542 1541 1539
1540 1543 1524
1524 1543 1493
1543 1490 1493
1543 1544 1490
1544 1491 1490
1540 1545 1543
1545 1544 1543
1541 1546 1540
1546 1545 1540
1544 1547 1491
1488 1491 1547
1545 1548 1544
1548 1547 1544
1488 1547 1549
1488 1549 1489
1549 1550 1489
1551 1489 1550
1550 1552 1551
1553 1549 1547
1548 1553 1547
1553 1550 1549
1554 1548 1545
1546 1554 1545
1555 1546 1541
1542 1555 1541
1556 1553 1548
1554 1556 1548
1557 1554 1546
1555 1557 1546
1558 1556 1554
1557 1558 1554
1559 1555 1542
1560 1557 1555
1560 1555 1559
1561 1558 1557
1561 1557 1560
1559 1542 1562
1562 1542 1538
1562 1538 1563
1563 1538 1536
1563 1536 1564
1537 1564 1536
1537 1565 1564
1566 1565 1537
1567 1565 1566
1567 1568 1565
1564 1565 1569
1568 1569 1565
1570 1563 1564
1570 1564 1569
1568 1571 1569
1571 1570 1569
1572 1570 1571
1571 1568 1573
1574 1571 1573
1571 1574 1575
1572 1571 1575
1576 1572 1575
1577 1572 1576
1570 1578 1563
1572 1578 1570
1578 1562 1563
1577 1579 1572
1580 1579 1577
1572 1581 1578
1579 1581 1572
1578 1582 1562
1581 1582 1578
1582 1559 1562
1582 1583 1559
1583 1560 1559
1581 1584 1582
1584 1583 1582
1579 1585 1581
1585 1584 1581
1583 1586 1560
1586 1561 1560
1584 1587 1583
1587 1586 1583
1580 1588 1579
1588 1585 1579
1585 1589 1584
1589 1587 1584
1588 1590 1585
1590 1589 1585
1586 1591 1561
1587 1592 1586
1592 1591 1586
1589 1593 1587
1593 1592 1587
1590 1594 1589
1594 1593 1589
1591 1595 1561
1595 1558 1561
1595 1596 1558
1558 1596 1556
1596 1597 1556
1556 1597 1553
1553 1597 1598
1550 1553 1598
1592 1599 1591
1593 1600 1592
1600 1599 1592
1591 1601 1595
1599 1601 1591
1602 1596 1595
1601 1602 1595
1596 1603 1597
1602 1603 1596
1604 1598 1597
1604 1597 1603
1550 1598 1605
1605 1598 1604
1606 1603 1602
1606 1604 1603
1601 1607 1602
1607 1606 1602
1607 1608 1606
1599 1609 1601
1609 1607 1601
1610 1604 1606
1605 1604 1610
1611 1550 1605
1550 1611 1552
1612 1611 1605
1552 1611 1612
1612 1605 1610
1552 1612 1613
1614 1613 1612
1614 1612 1610
1614 1615 1613
1615 1614 1608
1615 1608 1616
1610 1606 1617
1614 1610 1617
1608 1614 1617
1608 1617 1606
1608 1607 1618
1609 1618 1607
1619 1616 1608
1608 1618 1619
1619 1620 1616
1621 1620 1619
1621 1622 1620
1623 1619 1618
1623 1621 1619
1624 1618 1609
1624 1623 1618
1625 1622 1621
1625 1626 1622
1625 1627 1626
1625 1628 1627
1629 1628 1625
1621 1629 1625
1629 1630 1628
1621 1631 1629
1623 1631 1621
1632 1630 1629
1631 1632 1629
1632 1633 1630
1623 1634 1631
1634 1632 1631
1635 1633 1632
1634 1635 1632
1635 1636 1633
1637 1636 1635
1638 1634 1623
1635 1634 1638
1638 1623 1624
1637 1635 1639
1635 1638 1639
1640 1637 1639
1641 1638 1624
1639 1638 1641
1640 1639 1642
1639 1641 1642
1643 1640 1642
1641 1624 1644
1644 1624 1609
1644 1609 1599
1600 1644 1599
1645 1641 1644
1642 1641 1645
1645 1644 1600
1643 1642 1646
1642 1645 1646
1647 1643 1646
1648 1645 1600
1646 1645 1648
1648 1600 1593
1594 1648 1593
1647 1646 1649
1646 1648 1649
1649 1648 1594
1650 1647 1649
1649 1594 1651
1650 1649 1651
1651 1594 1590
1652 1650 1651
1651 1590 1653
1652 1651 1653
1653 1590 1588
1654 1652 1653
1653 1588 1655
1654 1653 1655
1655 1588 1580
1656 1654 1655
1655 1580 1657
1656 1655 1657
1658 1657 1580
1658 1656 1657
1656 1658 1659
1660 1661 1662
1662 1661 1663
1662 1663 1664
1665 1664 1663
1665 1663 1666
1667 1665 1666
1666 1668 1667
1666 1669 1668
1670 1668 1669
1671 1672 1673
1674 1672 1671
1674 1671 1675
1676 1672 1674
1676 1674 1677
1678 1677 1674
1679 1678 1674
1680 1679 1674
1680 1674 1675
1681 1680 1675
1675 1682 1681
1675 1683 1682
1675 1684 1683
1675 1671 1685
1675 1685 1684
1684 1686 1683
1684 1687 1686
1687 1684 1688
1688 1684 1689
1690 1689 1684
1684 1685 1690
1685 1691 1690
1692 1693 1694
1692 1695 1693
1693 1695 1696
1696 1695 1697
1698 1697 1695
1699 1698 1695
1700 1699 1695
1695 1692 1701
1702 1700 1695
1703 1695 1701
1702 1695 1703
1703 1701 1704
1705 1702 1703
1703 1706 1705
1703 1707 1706
1703 1704 1708
1709 1703 1708
1709 1708 1710
1703 1711 1707
1703 1709 1711
1709 1712 1711
1712 1709 1713
1713 1709 1714
1709 1715 1714
1716 1715 1709
1716 1709 1710
1710 1717 1716
1710 1718 1717
1719 1720 1721
1719 1722 1720
1722 1719 1723
1722 1723 1724
1723 1725 1724
1725 1723 1726
1726 1723 1727
1726 1727 1728
1729 1727 1723
1727 1730 1728
1731 1727 1729
1731 1730 1727
1732 1733 1734
1735 1733 1732
1736 1733 1735
1737 1733 1736
1738 1733 1737
1738 1739 1733
1739 1738 1740
1741 1739 1740
1741 1740 1742
1743 1744 1745
1746 1743 1745
1747 1746 1745
1748 1747 1745
1749 1748 1745
1749 1745 1750
1750 1751 1749
1752 1751 1750
1752 1753 1751
1754 1755 1756
1754 1756 1757
1754 1757 1758
1758 1759 1754
1758 1757 1760
1761 1759 1758
1760 1762 1758
1761 1758 1763
1762 1763 1758
1764 1761 1763
1762 1765 1763
1764 1763 1765
1766 1767 1768
1766 1769 1767
1766 1770 1769
1770 1766 1771
1770 1772 1769
1773 1770 1771
1772 1770 1774
1773 1775 1770
1774 1770 1775
1776 1775 1773
1774 1775 1777
1776 1777 1775
1778 1779 1780
1778 1781 1779
1782 1781 1778
1782 1778 1783
1784 1782 1783
1784 1783 1785
1785 1786 1784
1786 1787 1784
1786 1788 1787
1788 1789 1787
1788 1790 1789
1790 1791 1789
1790 1792 1791
1792 1793 1791
1792 1794 1793
1794 1795 1793
1794 1796 1795
1796 1797 1795
1796 1798 1797
1798 1799 1797
1797 1799 1800
1793 1795 1801
1795 1797 1801
1797 1800 1802
1797 1802 1801
1802 1800 1803
1793 1801 1804
1791 1793 1804
1802 1804 1801
1803 1805 1802
1802 1805 1804
1803 1806 1805
1791 1804 1807
1805 1807 1804
1789 1791 1807
1806 1808 1805
1805 1808 1807
1806 1809 1808
1808 1809 1810
1808 1810 1811
1807 1808 1811
1811 1810 1812
1789 1807 1813
1807 1811 1813
1787 1789 1813
1811 1812 1814
1813 1811 1814
1814 1812 1815
1787 1813 1816
1813 1814 1816
1784 1787 1816
1814 1815 1817
1816 1814 1817
1816 1817 1784
1784 1817 1782
1817 1815 1818
1817 1818 1782
1818 1781 1782
1819 1781 1818
1819 1820 1781
1821 1822 1823
1824 1822 1821
1824 1825 1822
1826 1825 1824
1827 1826 1824
1827 1828 1826
1828 1827 1829
1828 1829 1830
1830 1829 1831
1832 1833 1834
1835 1832 1834
1835 1836 1832
1837 1835 1834
1836 1835 1838
1835 1839 1838
1840 1839 1835
1841 1840 1835
1842 1835 1837
1841 1835 1843
1842 1843 1835
1844 1841 1843
1845 1844 1843
1846 1845 1843
1843 1847 1846
1843 1848 1847
1843 1849 1848
1850 1843 1842
1849 1843 1850
1850 1842 1851
1852 1850 1851
1852 1851 1853
1849 1850 1854
1850 1852 1854
1852 1853 1855
1854 1852 1856
1852 1855 1857
1856 1852 1858
1857 1859 1852
1852 1859 1858
1860 1861 1862
1861 1860 1863
1861 1863 1864
1863 1865 1864
1863 1866 1865
1867 1865 1866
1867 1868 1865
1868 1867 1869
1870 1871 1872
1870 1872 1873
1874 1875 1876
1874 1876 1877
1878 1879 1880
1878 1880 1881
1882 1883 1884
1882 1884 1885
1886 1887 1888
1886 1888 1889
1890 1891 1892
1890 1892 1893
1894 1895 1896
1894 1896 1897
1898 1899 1900
1898 1900 1901
1902 1903 1904
1902 1904 1905
1906 1907 1908
1906 1908 1909
1910 1911 1912
1910 1912 1913
1914 1915 1916
1914 1916 1917
1918 1919 1920
1918 1920 1921
1922 1923 1924
1922 1924 1925
1926 1927 1928
1926 1928 1929
1930 1931 1932
1930 1932 1933
1934 1935 1936
1934 1936 1937
1938 1939 1940
1938 1940 1941
1942 1943 1944
1942 1944 1945
1946 1947 1948
1946 1948 1949
1950 1951 1952
1950 1952 1953
1954 1955 1956
1954 1956 1957
1958 1959 1960
1958 1960 1961
1962 1963 1964
1962 1964 1965
1966 1967 1968
1966 1968 1969
1970 1971 1972
1970 1972 1973
1974 1975 1976
1974 1976 1977
1978 1979 1980
1978 1980 1981
1982 1983 1984
1982 1984 1985
1986 1987 1988
1986 1988 1989
1990 1991 1992
1990 1992 1993
1994 1995 1996
1994 1996 1997
1998 1999 2000
1998 2000 2001
2002 2003 2004
2002 2004 2005
2006 2007 2008
2006 2008 2009
2010 2011 2012
2010 2012 2013
2014 2015 2016
2014 2016 2017
2018 2019 2020
2018 2020 2021
2022 2023 2024
2022 2024 2025
2026 2027 2028
2026 2028 2029
2030 2031 2032
2030 2032 2033
2034 2035 2036
2034 2036 2037
2038 2039 2040
2038 2040 2041
2042 2043 2044
2042 2044 2045
2046 2047 2048
2046 2048 2049
2050 2051 2052
2050 2052 2053
2054 2055 2056
2054 2056 2057
2058 2059 2060
2058 2060 2061
2062 2063 2064
2062 2064 2065
2066 2067 2068
2066 2068 2069
2070 2071 2072
2070 2072 2073
2074 2075 2076
2074 2076 2077
2078 2079 2080
2078 2080 2081
2082 2083 2084
2082 2084 2085
2086 2087 2088
2086 2088 2089
2090 2091 2092
2090 2092 2093
2094 2095 2096
2094 2096 2097
2098 2099 2100
2098 2100 2101
2102 2103 2104
2102 2104 2105
2106 2107 2108
2106 2108 2109
2110 2111 2112
2110 2112 2113
2114 2115 2116
2114 2116 2117
2118 2119 2120
2118 2120 2121
2122 2123 2124
2122 2124 2125
2126 2127 2128
2126 2128 2129
2130 2131 2132
2130 2132 2133
2134 2135 2136
2134 2136 2137
2138 2139 2140
2138 2140 2141
2142 2143 2144
2142 2144 2145
2146 2147 2148
2146 2148 2149
2150 2151 2152
2150 2152 2153
2154 2155 2156
2154 2156 2157
2158 2159 2160
2158 2160 2161
2162 2163 2164
2162 2164 2165
2166 2167 2168
2166 2168 2169
2170 2171 2172
2170 2172 2173
2174 2175 2176
2174 2176 2177
2178 2179 2180
2178 2180 2181
2182 2183 2184
2182 2184 2185
2186 2187 2188
2186 2188 2189
2190 2191 2192
2190 2192 2193
2194 2195 2196
2194 2196 2197
2198 2199 2200
2198 2200 2201
2202 2203 2204
2202 2204 2205
2206 2207 2208
2206 2208 2209
2210 2211 2212
2210 2212 2213
2214 2215 2216
2214 2216 2217
2218 2219 2220
2218 2220 2221
2222 2223 2224
2222 2224 2225
2226 2227 2228
2226 2228 2229
2230 2231 2232
2230 2232 2233
2234 2235 2236
2234 2236 2237
2238 2239 2240
2238 2240 2241
2242 2243 2244
2242 2244 2245
2246 2247 2248
2246 2248 2249
2250 2251 2252
2250 2252 2253
2254 2255 2256
2254 2256 2257
2258 2259 2260
2258 2260 2261
2262 2263 2264
2262 2264 2265
2266 2267 2268
2266 2268 2269
2270 2271 2272
2270 2272 2273
2274 2275 2276
2274 2276 2277
2278 2279 2280
2278 2280 2281
2282 2283 2284
2282 2284 2285
2286 2287 2288
2286 2288 2289
2290 2291 2292
2290 2292 2293
2294 2295 2296
2294 2296 2297
2298 2299 2300
2298 2300 2301
2302 2303 2304
2302 2304 2305
2306 2307 2308
2306 2308 2309
2310 2311 2312
2310 2312 2313
2314 2315 2316
2314 2316 2317
2318 2319 2320
2318 2320 2321
2322 2323 2324
2322 2324 2325
2326 2327 2328
2326 2328 2329
2330 2331 2332
2330 2332 2333
2334 2335 2336
2334 2336 2337
2338 2339 2340
2338 2340 2341
2342 2343 2344
2342 2344 2345
2346 2347 2348
2346 2348 2349
2350 2351 2352
2350 2352 2353
2354 2355 2356
2354 2356 2357
2358 2359 2360
2358 2360 2361
2362 2363 2364
2362 2364 2365
2366 2367 2368
2366 2368 2369
2370 2371 2372
2370 2372 2373
2374 2375 2376
2374 2376 2377
2378 2379 2380
2378 2380 2381
2382 2383 2384
2382 2384 2385
2386 2387 2388
2386 2388 2389
2390 2391 2392
2390 2392 2393
2394 2395 2396
2394 2396 2397
2398 2399 2400
2398 2400 2401
2402 2403 2404
2402 2404 2405
2406 2407 2408
2406 2408 2409
2410 2411 2412
2410 2412 2413
2414 2415 2416
2414 2416 2417
2418 2419 2420
2418 2420 2421
2422 2423 2424
2422 2424 2425
2426 2427 2428
2426 2428 2429
2430 2431 2432
2430 2432 2433
2430 2433 2434
2430 2434 2435
2434 2436 2435
2434 2437 2436
2437 2438 2436
2437 2439 2438
2440 2438 2439
2440 2439 2441
2440 2441 2442
2440 2442 2443
2444 2445 2446
2444 2447 2445
2444 2448 2447
2444 2449 2448
2448 2449 2450
2448 2450 2451
2451 2450 2452
2451 2452 2453
2454 2453 2452
2454 2455 2453
2454 2456 2455
2454 2457 2456
2458 2459 2460
2458 2460 2461
2462 2463 2464
2462 2464 2465
2466 2467 2468
2466 2468 2469
2470 2469 2468
2471 2466 2469
2471 2472 2466
2470 2473 2469
2473 2471 2469
2473 2474 2471
2475 2472 2471
2474 2475 2471
2475 2476 2472
2475 2477 2476
2475 2478 2477
2470 2479 2473
2479 2474 2473
2479 2480 2474
2474 2480 2481
2474 2481 2482
2482 2481 2483
2482 2483 2484
2483 2485 2484
2483 2486 2485
2474 2487 2475
2487 2478 2475
2488 2487 2474
2489 2487 2488
2487 2490 2478
2489 2490 2487
2490 2491 2478
2490 2492 2491
2489 2492 2490
2489 2493 2492
2494 2495 2496
2494 2496 2497
2498 2497 2496
2498 2499 2497
2497 2499 2500
2494 2497 2501
2497 2500 2501
2494 2501 2502
2503 2502 2501
2501 2500 2504
2503 2501 2505
2501 2504 2505
2506 2503 2505
2504 2507 2505
2506 2505 2507
2504 2508 2507
2507 2508 2509
2506 2507 2510
2507 2509 2510
2506 2510 2511
2512 2511 2510
2509 2513 2510
2512 2510 2513
2509 2514 2513
2515 2512 2513
2514 2516 2513
2515 2513 2516
2514 2517 2516
2516 2517 2518
2515 2516 2519
2516 2518 2519
2515 2519 2520
2519 2518 2521
2522 2520 2519
2519 2521 2523
2522 2519 2523
2521 2524 2523
2521 2525 2524
2524 2525 2526
2524 2526 2527
2528 2524 2527
2524 2528 2523
2528 2527 2529
2522 2523 2530
2523 2528 2530
2530 2528 2529
2531 2522 2530
2530 2529 2532
2531 2530 2532
2531 2532 2533
2534 2535 2536
2537 2535 2534
2537 2538 2535
2539 2538 2537
2539 2540 2538
2541 2540 2539
2541 2542 2540
2543 2544 2545
2545 2544 2546
2545 2546 2547
2545 2547 2548
2546 2544 2549
2547 2550 2548
2551 2546 2549
2547 2546 2551
2551 2549 2552
2553 2551 2552
2551 2553 2554
2547 2551 2554
2555 2547 2554
2555 2556 2547
2547 2556 2550
2557 2556 2555
2550 2556 2558
2557 2558 2556
2550 2558 2559
2560 2558 2557
2559 2558 2560
2559 2560 2561
2560 2557 2562
2560 2563 2561
2564 2560 2562
2560 2564 2563
2564 2562 2470
2565 2564 2470
2563 2564 2566
2565 2566 2564
2563 2566 2567
2568 2566 2565
2567 2566 2569
2569 2566 2568
2570 2571 2572
2570 2573 2571
2574 2571 2573
2574 2573 2575
2573 2576 2575
2570 2577 2573
2573 2577 2576
2570 2578 2577
2579 2577 2578
2577 2580 2576
2579 2581 2577
2577 2581 2580
2582 2581 2579
2580 2581 2583
2582 2583 2581
2580 2583 2584
2583 2585 2584
2582 2586 2583
2583 2586 2585
2582 2587 2586
2588 2586 2587
2585 2586 2589
2588 2589 2586
2585 2589 2590
2591 2589 2588
2590 2589 2592
2591 2592 2589
2590 2592 2593
2592 2594 2593
2591 2595 2592
2592 2595 2594
2591 2596 2595
2595 2597 2594
2598 2595 2596
2595 2599 2597
2598 2599 2595
2597 2599 2600
2597 2600 2601
2600 2602 2601
2600 2603 2602
2604 2603 2600
2600 2599 2604
2604 2605 2603
2598 2606 2599
2599 2606 2604
2606 2605 2604
2607 2606 2598
2606 2608 2605
2607 2608 2606
2607 2609 2608
2610 2611 2612
2610 2613 2611
2614 2613 2610
2614 2610 2615
2616 2614 2615
2616 2615 2617
2618 2616 2617
2618 2619 2616
2620 2619 2618
2619 2621 2616
2620 2622 2619
2619 2622 2621
2616 2621 2623
2616 2623 2624
2625 2616 2624
2626 2625 2624
2621 2622 2627
2621 2627 2628
2623 2621 2628
2623 2628 2629
2623 2629 2630
2623 2630 2631
2624 2623 2631
2627 2622 2632
2620 2632 2622
2627 2632 2633
2632 2634 2633
2632 2635 2634
2635 2632 2620
2624 2631 2636
2636 2631 2637
2626 2624 2636
2636 2637 2638
2626 2636 2638
2626 2638 2639
2635 2620 2640
2641 2635 2640
2640 2620 2642
2642 2620 2643
2641 2640 2644
2640 2642 2644
2645 2641 2644
2646 2645 2644
2647 2646 2644
2647 2644 2642
2642 2643 2648
2648 2647 2642
2648 2649 2647
2650 2649 2648
2648 2643 2651
2650 2648 2652
2648 2651 2652
2653 2650 2652
2651 2654 2652
2653 2652 2654
2655 2653 2654
2651 2656 2654
2656 2655 2654
2655 2657 2653
2656 2658 2655
2659 2657 2655
2655 2658 2660
2660 2658 2661
2661 2662 2660
2660 2662 2663
2655 2660 2664
2660 2663 2664
2659 2655 2664
2664 2663 2665
2659 2664 2665
2666 2659 2665
2667 2668 2669
2670 2667 2669
2670 2669 2671
2672 2670 2671
2672 2671 2673
2674 2672 2673
2674 2673 2675
2676 65 2677
2676 2677 66
2678 2679 66
2678 76 2679
2680 2681 441
2680 443 2681
2682 2683 2684
2684 2685 2682
2685 2686 2682
2687 2682 2686
2688 2682 2687
2689 2683 2682
2690 2682 2688
2690 2689 2682
2690 2688 2691
2689 2690 2692
2693 2689 2692
2694 2690 2691
2695 2693 2692
2690 2694 2696
2695 2692 2697
2690 2696 2698
2690 2698 2699
2690 2699 2700
2690 2700 2692
2701 2697 2692
2692 2700 2702
2703 2701 2692
2702 2703 2692
2704 2705 2706
2705 2704 2707
2704 2708 2707
2709 2708 2704
2710 2709 2704
2711 2704 2706
2710 2704 2712
2712 2704 2711
2713 2710 2712
2711 2714 2712
2715 2714 2711
2716 2713 2712
2717 2714 2715
2712 2718 2716
2717 2719 2714
2712 2720 2718
2712 2721 2720
2712 2722 2721
2712 2714 2722
2723 2714 2719
2714 2724 2722
2714 2723 2725
2724 2714 2725
2726 2727 2728
2727 2726 2729
2728 2727 2730
2728 2730 2731
2727 2729 2732
2732 2729 2733
2732 2733 2734
2735 2732 2734
2736 2732 2735
2727 2732 2736
2736 2735 2737
2738 2727 2736
2727 2738 2730
2739 2736 2737
2738 2736 2739
2739 2737 2740
2731 2730 2741
2731 2741 2742
2730 2738 2743
2743 2738 2739
2730 2743 2741
2744 2739 2740
2743 2739 2744
2744 2740 2745
2742 2741 2746
2742 2746 2747
2741 2743 2748
2748 2743 2744
2741 2748 2746
2749 2744 2745
2748 2744 2749
2749 2745 2750
2751 2749 2750
2751 2752 2749
2752 2748 2749
2753 2752 2751
2747 2746 2754
2747 2754 2755
2746 2748 2756
2752 2756 2748
2746 2756 2754
2753 2757 2752
2757 2756 2752
2757 2753 2758
2755 2754 2759
2755 2759 2760
2754 2756 2761
2757 2761 2756
2754 2761 2759
2762 2757 2758
2762 2761 2757
2759 2761 2762
2760 2759 2762
2762 2758 2763
2760 2762 2764
2764 2762 2763
