byte offset: 0
first index: 0
index count: 10962
topology: trianglelist
format: DXGI_FORMAT_R16_UINT

0 1 2
3 4 5
6 7 8
9 10 11
12 13 14
15 16 17
18 19 20
21 20 22
21 23 20
21 24 23
25 23 24
25 24 26
25 27 23
21 28 24
28 26 24
27 25 29
27 29 30
29 31 30
29 32 31
32 33 31
32 34 33
35 33 34
35 36 33
37 36 35
37 35 38
38 39 37
40 29 25
38 41 39
41 38 42
43 39 41
40 25 44
25 26 44
40 44 45
45 44 26
40 45 46
45 47 46
45 48 47
49 47 48
41 42 50
50 42 51
43 41 52
52 41 50
50 51 53
54 53 51
55 43 52
55 56 43
52 50 57
53 57 50
55 52 57
48 45 58
45 26 58
59 56 55
59 60 56
61 60 59
61 62 60
63 62 61
63 61 64
63 64 65
65 64 66
59 67 61
64 61 67
55 68 59
59 68 67
69 67 68
55 70 68
70 69 68
55 57 70
64 67 71
71 66 64
72 70 57
70 72 69
72 57 73
53 73 57
74 71 67
69 74 67
69 75 74
69 72 76
76 72 73
73 53 77
54 77 53
73 77 78
76 73 78
79 77 54
78 77 79
79 54 80
74 81 71
81 74 75
69 82 75
69 76 82
76 83 82
83 75 82
78 84 76
76 84 83
80 85 79
80 86 85
78 79 87
78 87 84
79 88 87
79 85 88
84 87 88
89 85 86
89 86 90
89 90 91
92 88 85
92 85 89
84 88 93
93 88 92
84 93 94
84 94 83
93 92 95
94 93 95
89 96 92
96 95 92
89 91 97
89 97 96
98 97 91
98 91 99
97 98 100
97 100 96
99 101 98
101 100 98
99 102 101
103 101 102
103 102 104
101 105 100
103 105 101
103 106 105
96 100 107
105 107 100
104 108 103
104 109 108
106 110 105
105 110 107
96 107 111
96 111 95
103 108 112
106 103 112
108 113 112
109 114 108
108 114 113
109 115 114
116 114 115
117 106 112
117 112 113
116 118 114
118 113 114
119 107 110
120 111 107
119 120 107
106 121 110
119 110 121
120 122 111
95 111 122
95 122 123
94 95 123
124 122 120
123 122 124
125 94 123
83 94 125
123 124 126
125 123 126
83 125 127
83 127 75
125 128 127
75 127 129
129 127 128
130 125 126
125 130 128
75 129 131
81 75 131
132 81 131
133 131 129
133 132 131
129 134 133
135 132 133
135 133 134
129 128 136
129 136 134
137 136 128
134 136 137
137 128 138
130 138 128
134 137 139
130 140 138
141 140 130
141 130 142
130 126 142
141 142 143
126 143 142
141 143 144
126 124 143
144 143 145
145 143 124
144 145 146
145 124 147
124 120 147
146 145 148
147 148 145
146 148 149
149 148 150
151 147 120
147 151 148
151 120 119
150 148 152
148 151 152
119 153 151
152 151 153
152 154 150
153 154 152
150 154 155
156 153 119
119 121 156
157 155 154
154 158 157
159 154 153
154 159 158
160 159 153
160 153 156
158 159 160
161 156 121
161 160 156
158 160 162
161 162 160
161 163 162
121 164 161
121 106 164
161 164 165
161 165 166
167 166 165
167 168 166
168 162 166
162 168 169
158 162 169
158 169 170
164 106 171
106 117 171
172 158 170
172 170 173
172 157 158
173 170 174
157 172 175
157 175 176
164 171 177
178 164 177
173 174 179
179 174 180
172 173 181
181 182 172
181 155 182
181 183 176
183 181 173
184 176 183
180 185 179
186 185 180
186 187 185
188 185 187
188 179 189
188 187 190
173 179 191
188 191 179
183 173 192
173 191 192
192 193 183
191 193 192
194 184 183
193 194 183
188 195 191
191 195 193
184 194 196
197 184 196
198 197 196
188 199 195
199 188 190
199 190 200
195 201 193
201 195 199
194 193 202
196 194 202
201 202 193
198 196 203
204 198 203
205 196 202
205 203 196
204 203 206
207 204 206
202 208 205
202 201 208
203 205 209
203 209 206
209 205 208
201 199 210
200 210 199
201 210 211
201 211 208
200 212 210
212 211 210
207 206 213
207 213 214
207 214 215
214 216 215
217 213 206
217 206 209
214 213 217
214 218 216
219 216 218
214 217 220
220 218 214
221 217 209
220 217 221
221 209 222
209 208 222
208 223 222
208 211 223
224 221 222
224 222 223
225 223 211
225 224 223
220 221 226
226 221 224
225 211 227
212 227 211
220 228 218
229 220 226
229 228 220
229 230 228
231 218 228
230 231 228
231 232 218
231 233 232
219 218 232
233 219 232
233 234 219
226 224 235
236 229 226
236 226 235
235 224 237
225 237 224
236 235 238
235 237 238
239 237 225
237 240 238
237 239 240
239 225 241
241 225 227
241 227 242
239 241 243
242 243 241
239 243 244
239 244 245
239 245 240
242 246 243
247 240 245
248 242 227
246 242 248
248 227 212
246 248 249
247 250 240
250 238 240
250 247 251
252 248 212
252 249 248
252 253 249
252 212 200
253 252 254
253 254 255
250 256 238
236 238 256
257 256 250
257 236 256
250 251 258
257 250 258
257 259 236
259 229 236
251 260 258
251 261 260
262 257 258
259 257 262
262 258 260
263 260 261
263 261 264
260 265 262
260 263 265
266 263 264
266 264 267
259 268 229
269 268 259
229 268 230
269 230 268
259 262 270
270 262 265
269 259 270
271 265 263
271 263 266
270 265 272
272 269 270
273 265 271
273 272 265
274 271 266
273 271 274
274 266 275
267 275 266
267 276 275
276 267 277
276 277 278
277 279 278
277 280 279
281 279 280
281 282 279
283 282 281
283 284 282
285 284 283
273 274 286
285 283 287
287 288 285
289 287 283
290 273 286
290 286 291
273 290 292
273 292 272
272 292 269
293 290 291
293 291 294
295 293 294
290 296 292
269 292 296
290 293 296
295 297 293
297 296 293
295 298 297
298 299 297
269 296 300
269 300 230
297 301 296
300 296 301
301 297 299
302 230 300
300 301 302
302 303 230
230 303 231
304 231 303
231 304 233
305 233 304
304 303 306
306 303 302
305 304 306
307 302 301
306 302 307
301 299 308
307 301 308
299 309 308
308 309 307
310 306 307
305 306 311
310 311 306
312 307 309
312 310 307
305 311 313
310 313 311
299 314 309
299 315 314
315 316 314
315 317 316
317 315 318
317 318 319
317 319 320
317 320 321
316 317 321
316 321 322
322 321 323
322 323 324
310 325 313
326 325 310
326 310 312
327 313 325
326 328 325
327 325 328
312 329 326
312 330 329
330 312 309
331 330 309
331 329 330
331 332 329
333 329 332
326 329 333
333 332 334
334 335 333
334 336 335
337 335 336
326 333 338
326 338 328
335 338 333
339 328 338
339 340 328
335 341 338
327 328 340
337 342 335
343 341 335
343 335 342
337 344 342
337 345 344
344 345 346
344 346 347
347 346 348
349 344 347
342 344 350
350 343 342
349 350 344
351 341 343
351 340 341
340 351 352
350 353 343
351 343 353
351 353 354
355 352 351
350 356 353
354 353 356
350 349 356
349 357 356
354 356 358
358 356 357
358 357 359
340 352 360
327 340 360
361 360 352
361 352 362
363 327 360
363 313 327
363 360 364
349 365 357
365 349 366
365 366 367
366 348 367
363 368 313
305 313 368
352 369 362
352 370 369
355 370 352
371 370 355
371 372 370
359 372 371
370 373 369
370 372 373
369 374 362
375 369 373
369 375 374
362 374 376
362 376 364
377 364 376
377 378 364
364 378 363
363 378 379
363 379 368
380 379 378
381 376 374
382 374 375
382 381 374
380 376 383
381 383 376
368 379 384
384 379 385
380 386 379
384 385 387
386 380 388
380 383 388
368 384 389
305 368 389
387 386 390
386 388 390
305 389 391
305 391 233
233 391 392
392 391 389
233 392 139
392 389 393
394 393 389
394 389 384
384 395 394
384 387 395
396 395 387
387 390 397
396 387 397
398 396 397
398 399 396
397 400 398
397 390 400
388 400 390
388 401 400
383 401 388
383 402 401
381 402 383
381 403 402
403 381 382
403 382 404
405 404 382
375 405 382
405 406 404
406 405 407
406 407 408
407 409 408
375 410 405
407 405 410
375 373 410
373 411 410
407 410 411
407 412 409
412 413 409
373 414 411
372 414 373
407 411 415
407 415 412
412 416 413
417 413 416
411 418 415
411 414 418
412 415 419
412 419 416
418 419 415
372 420 414
359 420 372
414 420 421
414 421 418
422 420 359
422 421 420
357 422 359
417 416 423
417 423 424
417 424 425
416 426 423
416 419 426
426 424 423
425 424 427
425 427 428
428 427 429
429 427 430
429 430 431
432 431 430
433 427 424
433 430 427
426 434 424
433 424 434
432 430 435
435 436 432
419 437 426
419 438 437
439 426 437
439 434 426
418 438 419
418 440 438
418 421 440
440 441 438
442 440 421
442 421 422
440 443 441
443 439 441
443 440 442
434 439 444
434 444 433
445 433 444
443 446 439
444 439 446
443 442 447
446 443 447
444 446 448
448 445 444
445 449 433
433 449 430
450 430 449
445 450 449
450 435 430
446 447 451
448 446 451
450 452 435
435 452 436
452 453 436
436 453 454
450 455 452
455 453 452
445 456 450
455 450 456
447 457 451
447 458 457
447 442 458
442 459 458
460 458 459
422 459 442
422 461 459
461 460 459
357 461 422
357 462 461
461 462 460
357 365 462
460 462 463
460 463 464
465 462 365
465 365 466
465 466 467
468 465 467
460 469 458
470 469 460
470 460 471
472 470 471
472 471 473
474 458 469
474 469 475
474 475 476
474 457 458
477 468 473
477 473 478
472 473 479
479 473 468
472 479 480
479 468 481
482 472 480
481 468 483
483 468 348
481 483 484
483 348 485
484 483 486
483 485 486
484 486 487
488 486 485
487 486 488
487 488 489
488 485 490
488 491 489
492 488 490
488 492 491
492 490 493
324 492 493
492 494 491
324 495 492
492 495 494
495 496 494
495 321 496
497 498 499
500 501 502
503 501 504
505 506 507
508 509 510
511 512 513
514 515 516
517 518 516
519 520 521
522 523 524
525 526 527
528 529 530
528 530 531
532 528 531
532 533 528
534 531 530
534 530 535
531 534 536
531 536 532
537 534 535
537 536 534
537 535 538
532 539 533
539 540 533
541 540 539
537 538 542
538 543 542
541 539 544
545 541 544
545 544 546
547 545 546
539 548 544
546 544 548
532 549 539
539 549 548
532 550 549
532 536 550
537 551 536
537 542 552
537 552 551
553 536 551
553 550 536
554 551 552
554 553 551
547 546 555
546 548 556
555 546 556
557 548 549
557 556 548
558 549 550
558 557 549
550 553 559
550 559 558
560 556 557
556 560 555
558 561 557
559 561 558
560 557 561
559 562 561
563 562 559
564 560 561
553 565 559
563 559 565
566 563 565
553 554 565
566 565 567
567 565 554
568 566 567
555 560 569
564 569 560
564 570 569
564 571 570
555 569 572
570 572 569
572 547 555
572 573 547
574 573 572
574 572 575
570 575 572
567 554 576
552 576 554
577 570 571
577 571 578
579 577 578
579 580 577
580 579 581
582 570 577
580 582 577
582 583 570
570 583 584
576 585 567
568 567 585
585 586 568
585 587 586
587 588 586
580 589 582
589 583 582
590 589 580
580 581 591
590 580 591
576 592 585
592 587 585
589 593 583
590 593 589
594 592 576
592 595 587
594 595 592
594 576 596
552 596 576
596 552 542
596 542 597
594 596 597
542 543 597
543 598 597
594 597 598
543 599 598
594 600 595
600 594 598
601 598 599
600 598 601
601 599 602
603 601 602
603 600 601
603 602 604
605 603 604
600 606 595
587 595 606
603 607 600
600 607 606
607 608 606
587 606 609
609 606 608
587 609 588
588 609 610
609 608 610
588 610 611
612 611 610
605 613 603
607 603 613
612 610 614
608 614 610
615 612 614
615 616 612
617 616 615
618 613 605
618 605 619
620 618 619
607 613 621
607 621 608
622 621 613
608 621 622
622 613 618
608 623 614
623 615 614
608 622 623
617 615 624
625 617 624
623 626 615
626 623 622
626 624 615
618 627 622
626 622 627
628 626 627
618 629 627
629 628 627
620 629 618
630 629 620
629 630 628
630 620 631
632 628 630
626 633 624
628 633 626
625 624 634
634 624 633
625 634 635
625 635 636
634 633 637
637 633 628
637 635 634
638 636 635
638 639 636
635 640 638
637 628 641
632 641 628
637 642 635
642 637 641
635 643 640
642 643 635
641 632 453
453 632 454
644 454 632
644 631 454
641 453 645
642 641 645
455 645 453
642 645 455
642 455 646
642 646 643
455 456 646
643 646 456
643 456 647
640 643 647
647 456 445
647 445 648
448 648 445
640 647 649
649 647 648
649 650 640
651 640 650
652 648 448
649 648 652
649 653 650
653 649 652
652 448 654
448 451 654
451 655 654
655 652 654
451 457 655
653 652 656
655 656 652
657 655 457
657 457 474
655 658 656
653 656 658
655 657 658
659 657 474
659 474 660
661 659 660
653 658 662
662 650 653
663 658 657
657 659 663
662 658 663
661 664 659
659 664 663
482 663 664
482 664 661
482 661 472
665 472 661
665 661 666
482 667 663
662 663 667
482 668 667
667 668 669
667 669 288
667 670 662
667 288 670
662 670 650
287 670 288
287 650 670
287 671 650
289 671 287
651 650 671
289 651 671
289 639 651
672 673 674
672 675 673
676 673 675
677 675 672
677 672 678
677 678 679
676 675 680
677 680 675
676 680 681
677 679 682
677 683 680
683 677 682
681 680 684
684 680 683
685 682 679
685 679 686
685 686 687
683 682 688
684 683 688
682 685 689
682 689 688
685 687 690
690 689 685
691 690 687
691 692 690
692 691 693
690 694 689
692 694 690
688 689 695
689 694 695
695 694 696
692 693 697
697 693 698
697 698 699
697 699 700
692 701 694
701 692 697
696 694 701
701 697 702
697 700 702
702 696 701
702 700 703
703 700 704
688 695 705
684 688 705
684 705 706
707 705 695
706 705 707
708 695 696
707 695 708
702 709 696
702 703 709
696 709 710
710 709 703
704 711 703
710 703 711
704 712 711
713 711 712
713 714 711
710 711 714
710 714 715
716 710 715
696 710 717
716 717 710
708 696 717
718 717 716
718 708 717
719 708 718
719 707 708
720 707 719
720 719 721
720 721 722
706 707 720
720 722 723
723 706 720
723 722 724
723 724 725
726 725 724
726 724 727
728 726 727
728 727 729
728 729 730
728 730 731
732 731 730
723 725 733
725 726 734
725 734 733
735 726 728
735 734 726
736 728 731
736 735 728
735 736 737
732 738 731
738 736 731
723 733 739
723 739 706
740 733 734
740 739 733
741 734 735
740 734 741
732 742 738
732 743 742
738 744 736
744 738 742
737 736 744
744 742 745
746 706 739
740 746 739
741 735 747
735 737 747
748 740 741
748 741 747
748 749 740
749 746 740
748 747 750
737 750 747
737 751 750
749 752 746
753 751 737
746 754 706
754 746 752
684 706 754
754 752 755
681 684 754
681 754 755
753 737 756
756 757 753
737 744 756
756 758 757
744 758 756
758 759 757
744 745 758
758 760 759
760 758 745
761 759 760
761 760 762
760 745 763
763 762 760
763 764 762
763 745 765
763 766 764
763 765 767
763 767 766
765 768 767
768 766 767
765 743 768
768 769 766
770 771 772
770 773 771
774 771 773
773 775 774
774 776 771
777 776 774
777 774 778
779 777 778
780 778 774
780 774 775
779 778 781
782 778 780
781 783 779
782 780 784
781 785 783
786 783 785
786 785 787
785 788 787
781 789 785
785 789 788
781 784 789
784 780 790
790 780 775
791 788 789
791 792 788
792 791 793
792 793 794
795 794 793
796 789 784
796 791 789
784 790 796
796 793 791
796 790 797
797 790 775
796 798 793
796 797 798
795 793 799
793 798 800
793 800 799
795 799 801
801 799 800
795 801 186
801 800 190
802 800 798
190 800 802
802 798 797
190 802 200
803 802 797
200 802 803
797 775 804
803 797 804
805 804 775
803 804 805
803 806 200
803 805 806
200 806 252
252 806 254
254 806 805
805 775 807
773 807 775
773 808 807
808 805 807
773 770 808
254 805 809
808 809 805
255 254 809
255 809 810
811 810 809
811 809 808
808 770 812
808 812 811
813 812 770
813 814 812
815 811 812
814 815 812
814 816 815
815 817 811
818 815 816
817 815 819
818 819 815
817 819 820
821 819 818
820 819 821
821 818 822
820 821 823
822 824 821
825 821 824
826 825 824
827 823 821
827 828 823
827 829 828
826 830 825
827 830 829
831 830 826
832 830 831
830 833 829
832 834 830
830 834 833
835 834 832
835 836 834
833 834 836
833 836 837
836 581 837
836 838 581
838 836 839
838 839 840
841 581 838
840 841 838
840 842 841
841 591 581
843 841 842
591 841 844
843 844 841
591 844 590
843 845 844
845 590 844
843 846 845
846 847 845
846 848 847
848 849 847
848 850 849
849 850 851
849 851 852
849 852 853
849 853 854
847 849 854
845 847 855
847 854 855
845 856 590
845 855 856
856 857 590
590 857 593
858 856 855
858 857 856
857 859 593
857 858 859
583 593 859
860 855 854
860 858 855
861 860 854
861 854 862
860 861 863
858 860 864
860 863 864
858 864 859
865 864 863
865 866 864
866 859 864
867 866 865
583 859 868
866 868 859
584 583 868
868 866 584
584 866 574
574 869 870
869 871 870
869 872 871
873 871 872
873 872 874
874 875 873
874 853 875
876 871 873
870 871 877
876 877 871
873 875 878
873 878 876
870 877 879
879 880 870
880 867 870
881 879 877
880 879 881
882 880 881
867 880 883
882 883 880
867 883 884
883 885 884
886 877 876
876 878 887
876 887 886
887 888 886
886 889 877
881 877 889
888 889 886
890 887 878
890 888 887
891 881 889
888 891 889
891 892 881
892 882 881
893 892 891
888 893 891
890 878 894
894 878 875
892 895 882
893 895 892
894 875 896
896 875 862
896 862 897
896 897 898
896 898 899
900 896 899
900 894 896
901 894 900
901 890 894
902 890 901
902 903 890
890 903 888
902 904 903
902 905 904
906 904 905
907 888 903
907 903 904
888 907 893
906 908 904
908 906 909
908 909 910
904 911 907
904 908 911
893 907 911
910 911 908
893 911 912
910 913 911
912 895 893
912 914 895
895 914 915
895 915 882
916 913 910
917 882 915
916 910 918
919 918 910
919 920 918
921 916 918
920 921 918
920 922 921
921 923 916
922 924 921
924 925 921
924 926 925
927 923 921
927 928 923
927 929 928
925 926 930
927 930 929
931 930 926
932 929 930
930 931 933
932 930 934
930 933 934
935 932 934
933 936 934
935 934 936
933 937 936
936 116 935
938 936 937
936 939 116
938 939 936
940 939 938
118 116 939
940 941 939
118 939 941
941 940 942
943 118 941
941 942 943
943 944 118
943 945 944
118 944 113
113 944 945
946 943 942
943 946 945
946 942 947
948 946 947
948 949 946
950 949 948
951 946 949
951 945 946
950 952 949
953 951 949
952 950 954
953 955 951
952 954 956
957 956 954
957 958 956
956 958 959
952 956 960
956 959 960
952 960 955
955 961 951
961 945 951
962 960 959
962 959 963
963 964 962
963 965 964
966 964 965
967 955 960
967 960 962
955 967 961
967 962 964
968 945 961
967 968 961
967 964 969
967 969 968
968 970 945
113 945 970
117 113 970
117 970 968
117 968 171
171 968 969
171 969 177
964 177 969
964 971 177
966 971 964
178 177 971
966 178 971
966 167 178
972 973 974
972 975 973
976 973 975
976 977 973
978 977 976
978 979 977
980 979 978
980 978 981
980 981 982
980 982 983
984 983 982
984 985 983
986 985 987
986 987 988
989 990 991
989 992 990
992 989 993
992 993 994
995 994 993
995 996 994
997 996 995
998 996 997
996 998 999
996 999 1000
1000 999 1001
1000 1001 1002
1001 1003 1002
1001 1004 1003
1003 1004 1005
1003 1005 1006
1007 1008 1006
1007 1009 1008
1010 1008 1009
1010 1009 1011
1012 1010 1011
1012 1013 1010
1012 1014 1013
1012 1015 1014
1016 1014 1015
1016 1015 1017
1018 1016 1017
1018 1017 1019
1020 1021 1022
1020 1023 1021
1024 1023 1020
1024 1020 1025
1026 1024 1025
1026 1027 1024
1027 1028 1024
1029 1027 1026
1029 1026 1030
1030 1031 1029
1030 1032 1031
1033 1027 1029
1033 1029 1031
1027 1034 1028
1033 1034 1027
1035 1028 1034
1035 1034 1033
1036 1035 1033
1033 1031 1037
1036 1033 1037
1031 1038 1037
1038 1036 1037
1039 1028 1035
1036 1040 1035
1035 1040 1039
1028 1039 1041
1041 1042 1028
1041 1023 1042
1036 1043 1040
1039 1040 1044
1039 1044 1045
1039 1045 1046
1039 1046 1041
1047 1041 1046
1047 1046 1021
1048 1043 1036
1048 1036 1049
1038 1049 1036
1038 1050 1049
1050 1051 1049
1038 1052 1050
1053 1051 1050
1052 1053 1050
1054 1052 1038
1031 1054 1038
1052 1055 1053
1052 1056 1055
1052 1057 1056
1054 1057 1052
1058 1056 1057
1058 1057 1059
1059 1057 1060
1054 1060 1057
1054 1061 1060
1031 1061 1054
1031 1062 1061
1031 1063 1062
1064 1051 1053
1065 1064 1053
1065 1053 1066
1067 1051 1064
1065 1067 1064
1067 1043 1051
1066 1068 1065
1066 1069 1068
1058 1068 1069
1065 1068 1070
1065 1070 1071
1065 1071 1067
1072 1043 1067
1072 1073 1043
1067 1071 1074
1070 1074 1071
1067 1074 1072
1073 1072 1075
1073 1075 1044
1076 1044 1075
1074 1077 1072
1075 1072 1077
1078 1076 1075
1078 1079 1076
1080 1079 1078
1075 1077 1081
1075 1081 1078
1082 1077 1074
1081 1077 1082
1080 1078 1083
1083 1078 1081
1080 1083 1084
1080 1084 1085
1083 1086 1084
1083 1081 1087
1083 1087 1086
1081 1082 1087
1082 1086 1087
1082 1088 1086
1082 1074 1089
1089 1088 1090
1089 1091 1088
1089 1092 1091
1089 1093 1092
1070 1089 1074
1094 1089 1070
1094 1070 1095
1095 1070 1096
1096 1070 1097
1097 1070 1098
1097 1098 1099
1100 1101 1102
1100 1102 1103
1104 1105 1100
1104 1106 1105
1102 1107 1108
1102 1109 1107
1110 1109 1111
1110 1111 1112
1113 1114 1115
1113 299 1114
1116 1117 1118
1116 1118 1119
1120 1121 1119
1120 1119 1122
1123 1120 1122
1124 1125 1126
1124 1126 1127
1128 1124 1127
1128 1127 1129
1130 1128 1129
1130 1131 1128
1131 1130 1132
1131 1132 1133
1133 1132 1134
1135 1136 1137
1135 1138 1136
1139 1136 1138
1139 1140 1136
1141 1140 1139
1141 1142 1140
1143 1142 1141
1143 1141 1144
1144 1145 1143
1144 1146 1145
1147 1145 1146
1147 1148 1145
1147 1149 1150
1147 1151 1149
1152 1153 1135
1152 1154 1153
1155 1153 1154
1155 1156 1153
1157 1156 1158
1157 1158 1159
1160 1161 1159
1160 1162 1161
1163 1164 1151
1163 1165 1164
1166 1165 1163
1166 1163 1167
1168 1166 1167
1169 1170 1171
1169 1171 1172
1172 1173 1169
1174 1172 1171
1172 1175 1173
1175 1176 1173
1174 1177 1172
1177 1174 1178
1177 1178 1179
1177 1179 1180
1172 1177 1181
1177 1180 1181
1172 1181 1175
1182 1181 1180
1175 1181 1182
1182 1180 1183
1175 1184 1176
1175 1182 1184
1185 1182 1183
1185 1184 1182
1185 1183 1186
1187 1185 1186
1188 1176 1184
1185 1188 1184
1188 1189 1176
1187 1190 1185
1188 1185 1190
1191 1189 1188
1188 1190 1191
1191 1192 1189
1192 1191 1193
1193 1191 1190
1192 1193 1194
1195 1190 1187
1193 1190 1195
1195 1187 1196
1195 1196 1197
1198 1194 1193
1198 1199 1194
1198 1200 1199
1198 1201 1200
1202 1193 1195
1202 1198 1193
1195 1197 1202
1202 1201 1198
1203 1202 1197
1202 1203 1201
1203 1197 1204
1204 1205 1203
1205 1201 1203
1204 1206 1205
1205 1207 1201
1208 1201 1207
1209 1207 1205
1210 1205 1206
1209 1205 1210
1210 1206 1211
1210 1212 1209
1210 1211 1213
1210 1214 1212
1210 1213 1214
1214 1215 1212
1216 1214 1213
1214 1217 1215
1216 1217 1214
1218 1215 1217
1216 1218 1217
1216 1219 1218
1218 1220 1215
1218 1219 1221
1220 1218 1222
1218 1221 1222
1220 1222 1223
1221 1224 1222
1221 1225 1224
1226 1222 1224
1226 1224 1227
1227 1224 1228
1227 1228 1229
1230 1228 1224
1230 1231 1228
1232 1229 1228
1232 1228 1233
1233 1234 1232
1235 1233 1228
1235 1228 1236
1233 1237 1234
1238 1237 1233
1238 1239 1237
1234 1237 1240
1239 1240 1237
1239 1241 1240
1234 1240 1242
1243 1240 1241
1242 1240 1244
1243 1244 1240
1242 1244 1245
1243 1246 1244
1245 1244 1246
1245 1246 1247
1243 1248 1246
1246 1249 1247
1250 1246 1248
1246 1250 1249
1250 1248 1251
1250 1251 1252
1253 1249 1250
1250 1252 1253
1253 1254 1249
1255 1249 1254
1256 1253 1252
1256 1254 1253
1256 1252 1257
1255 1254 1258
1256 1258 1254
1256 1259 1258
1255 1258 1260
1259 1260 1258
1259 1261 1260
1259 1262 1261
1263 1256 1257
1256 1263 1259
1263 1257 1264
1259 1265 1262
1259 1263 1266
1259 1266 1265
1267 1266 1263
1267 1263 1268
1174 1265 1266
1174 1269 1265
1269 1262 1265
1269 1270 1262
1271 1272 1266
1271 1273 1272
1274 1275 1276
1275 1277 1276
1277 1278 1276
1278 1279 1276
1279 1280 1276
1280 1281 1276
1281 1282 1276
1282 1283 1276
1283 1284 1276
1284 1285 1276
1285 1286 1276
1286 1287 1276
1287 1288 1276
1289 1290 1276
1291 1289 1276
1292 1291 1276
1293 1292 1276
1294 1293 1276
1295 1294 1276
1296 1295 1276
1297 1296 1276
1298 1297 1276
1299 1298 1276
1300 1299 1276
1301 1300 1276
1302 1301 1276
1303 1302 1276
1304 1305 1306
1304 1307 1305
1307 1304 1308
1305 1307 1309
1305 1309 1310
1307 1308 1311
1309 1307 1311
1312 1310 1309
1312 1313 1310
1312 1309 1314
1309 1311 1315
1312 1314 1316
1317 1311 1308
1315 1311 1317
1317 1308 1318
1313 1312 1319
1313 1319 1320
1321 1320 1319
1315 1317 1322
1322 1316 1315
1323 1317 1318
1322 1317 1323
1323 1318 1324
1322 1323 1325
1322 1326 1316
1327 1323 1324
1327 1325 1323
1327 1324 1328
1329 1312 1316
1329 1319 1312
1330 1316 1326
1330 1329 1316
1328 1331 1327
1328 1332 1331
1327 1333 1325
1331 1333 1327
1334 1331 1332
1334 1332 1335
1335 1336 1334
1335 1337 1336
1336 1337 1338
1339 1331 1334
1331 1339 1333
1340 1330 1326
1341 1340 1326
1341 1325 1340
1342 1340 1325
1342 1325 1333
1330 1340 1343
1344 1342 1333
1344 1333 1339
1345 1342 1344
1346 1342 1345
1346 1345 1343
1339 1334 1347
1336 1347 1334
1339 1348 1344
1339 1347 1348
1345 1344 1349
1349 1344 1348
1336 1350 1347
1348 1347 1350
1330 1343 1351
1352 1343 1345
1351 1343 1352
1330 1351 1353
1330 1353 1329
135 1329 1353
135 1319 1329
135 1354 1319
1321 1319 1354
134 1321 1354
135 134 1354
134 234 1321
135 1353 1355
135 1355 132
1356 1355 1353
1356 132 1355
1351 1357 1353
1356 1353 1357
1351 1358 1357
1351 1352 1358
1359 1358 1352
1359 1360 1358
1361 1357 1358
1361 1356 1357
1361 1358 1360
1356 1362 132
132 1362 81
1362 71 81
1361 1363 1356
1363 1362 1356
1362 1364 71
71 1364 66
1364 1362 1365
1363 1365 1362
66 1364 1365
66 1365 1366
66 1366 1367
1367 1366 1368
1369 1365 1363
1370 1365 1369
1363 1371 1369
1370 1369 1371
1363 1361 1371
1370 1371 1372
1361 1373 1371
1373 1372 1371
1361 1360 1373
1374 1373 1360
1373 1375 1372
1375 1373 1374
1375 1374 1376
1374 1360 1377
1378 1376 1374
1379 1374 1377
1378 1374 1380
1379 1380 1374
1378 1380 1381
1378 1381 1382
1381 1383 1382
1381 1384 1383
1384 1385 1383
1386 1384 1381
1380 1387 1381
1387 1380 1379
1386 1381 1387
1388 1379 1377
1388 1377 1352
1352 1345 1388
1389 1388 1345
1389 1345 1349
1390 1389 1349
1388 1391 1379
1387 1379 1391
1388 1392 1391
1390 1349 1393
1349 1348 1393
1394 1390 1393
1387 1391 1395
1392 1395 1391
1392 1396 1395
1396 1397 1395
1396 1394 1397
1387 1395 1386
1386 1395 1397
1393 1348 1398
1348 1350 1398
1394 1393 1399
1393 1398 1399
1400 1394 1399
1397 1394 1400
1398 1401 1399
1400 1399 1401
1350 1402 1398
1398 1402 1401
1386 1397 1403
1403 1404 1386
1403 1405 1404
1405 1385 1404
1397 1406 1403
1407 1403 1406
1407 1406 1408
1409 1407 1408
1410 1409 1408
1397 1411 1406
1397 1400 1411
1411 1412 1406
1412 1413 1406
1412 1414 1413
1400 1415 1411
1411 1415 1412
1400 1416 1415
1416 1400 1401
1412 1415 1417
1416 1417 1415
1416 1401 1418
1402 1418 1401
1412 1417 1419
1420 1412 1419
1420 1419 1421
1422 1420 1421
1422 1423 1420
1424 1419 1417
1424 1425 1419
1424 1426 1425
1427 1417 1416
1427 1428 1417
1424 1417 1428
1427 1429 1428
1430 1424 1428
1431 1424 1430
1429 1432 1428
1430 1428 1432
1431 1430 1433
1434 1431 1433
1432 1435 1430
1436 1430 1435
1436 1435 1437
1434 1433 1438
1438 1433 1437
1439 1434 1438
1439 1438 1437
1439 1422 1434
1440 1434 1422
1440 1422 1441
1439 1442 1422
1422 1442 1443
1422 1443 1423
1443 1410 1423
1444 1423 1410
1444 1410 1445
1443 1446 1410
1446 1447 1410
1447 1385 1410
1446 1448 1447
1447 1449 1385
1448 1450 1447
1447 1450 1449
1448 1451 1450
1452 1449 1450
1451 1452 1450
1451 1453 1452
1452 1454 1449
1452 1453 1455
1456 1454 1452
1452 1455 1456
1456 1457 1454
1458 1457 1456
1458 1456 1459
1456 1455 1460
1456 1460 1461
1461 1460 1462
1461 1462 1463
1464 1461 1463
1464 1465 1461
1368 1464 1463
1368 1463 1466
1367 1368 1466
1466 1463 1467
1466 1468 1367
1466 1467 1469
1466 1469 1468
1470 1471 1472
1470 1473 1471
1474 1473 1470
1474 1470 1475
1476 1471 1473
1476 1477 1471
1473 1478 1476
1473 1474 1478
1479 1477 1476
1479 1476 1478
1479 1480 1477
1474 1475 1481
1481 1475 1482
1483 1481 1482
1479 1484 1480
1480 1484 1485
1483 1486 1481
1487 1486 1483
1487 1488 1486
885 1488 1487
1481 1486 1489
1488 1489 1486
1474 1481 1490
1481 1489 1490
885 1491 1488
883 1491 885
1488 1492 1489
1491 1492 1488
1491 883 1493
882 1493 883
917 1493 882
1491 1493 1494
917 1494 1493
1492 1491 1494
917 1495 1494
1496 1489 1492
1494 1496 1492
1496 1490 1489
1494 1495 1496
1474 1490 1497
1474 1497 1478
1498 1490 1496
1498 1496 1495
1498 1497 1490
1499 1498 1495
1497 1498 1499
1499 1495 1500
1501 1499 1500
1502 1478 1497
1497 1499 1502
1501 1503 1499
1502 1499 1503
1504 1503 1501
1502 1505 1478
1479 1478 1505
1504 1506 1503
1507 1506 1504
1502 1503 1508
1508 1505 1502
1506 1508 1503
1479 1505 1509
1508 1509 1505
1479 1509 1484
1507 1510 1506
1510 1507 1511
1506 1512 1508
1509 1508 1512
1512 1506 1510
1513 1484 1509
1509 1512 1513
1510 1511 1514
1514 1511 1515
1513 1516 1484
1484 1516 1485
1512 1510 1517
1517 1510 1514
1518 1513 1512
1518 1516 1513
1518 1512 1517
1485 1516 1519
1518 1519 1516
1485 1519 1520
1518 1517 1521
1517 1514 1521
1522 1519 1518
1518 1521 1522
1523 1520 1519
1522 1523 1519
1523 1524 1520
1525 1524 1523
1525 1523 1522
1525 1526 1524
1527 1526 1525
1514 1528 1521
1522 1521 1528
1525 1522 1529
1522 1528 1529
1529 1528 1530
1514 1531 1528
1531 1530 1528
1514 1515 1531
1515 1532 1531
1531 1532 1530
1515 1533 1532
1534 1532 1533
1527 1525 1535
1529 1535 1525
1534 1536 1532
1530 1532 1536
1537 1536 1534
1537 1534 1538
1539 1537 1538
1540 1527 1535
1540 1541 1527
1542 1541 1540
1529 1543 1535
1529 1530 1543
1544 1535 1543
1530 1544 1543
1544 1540 1535
1530 1536 1545
1545 1536 1537
1530 1545 1544
1539 1546 1537
49 1546 1539
1545 1537 1547
1547 1544 1545
1547 1537 1546
1540 1544 1548
1547 1548 1544
1549 1548 1547
1540 1548 1550
1550 1548 1549
1542 1540 1550
1551 1542 1550
1550 1549 1551
1551 1552 1542
1553 1551 1549
49 1554 1546
49 48 1554
1547 1546 1555
1554 1555 1546
1549 1547 1555
1554 1556 1555
1556 1549 1555
1556 1554 48
1556 1557 1549
1553 1549 1557
1556 48 1558
1558 1557 1556
1558 48 1559
48 58 1559
1557 1560 1553
1558 1561 1557
1557 1561 1560
1558 1562 1561
1562 1560 1561
1558 1559 1563
1558 1563 1562
1559 1564 1563
1562 1563 1564
58 1565 1559
1559 1565 1564
1565 1566 1564
1562 1564 1567
1566 1567 1564
58 1568 1565
1568 58 26
1560 1569 1553
1570 1553 1569
1570 1569 1552
1571 1569 1560
1562 1572 1560
1572 1571 1560
1567 1572 1562
1573 1571 1572
1567 1573 1572
1567 1574 1573
1573 1575 1571
1575 1573 1574
1575 1574 1576
1577 1576 1574
1567 1578 1574
1566 1578 1567
1577 1574 1579
1580 1577 1579
1581 1580 1579
1582 1574 1578
1582 1579 1574
1566 1582 1578
1581 1579 1583
1582 1583 1579
1584 1581 1583
1566 1585 1582
1582 1586 1583
1586 1582 1585
1584 1583 1587
1588 1583 1586
1588 1587 1583
1584 1587 1589
1589 1587 1588
1584 1589 1590
1591 1590 1589
1591 1338 1590
1336 1338 1591
1591 1589 1592
1589 1588 1592
1336 1591 1593
1591 1592 1593
1336 1593 1350
1350 1593 1402
1402 1593 1592
1594 1588 1586
1586 1585 1594
1592 1588 1595
1594 1595 1588
1592 1595 1596
1402 1592 1596
1402 1596 1418
1418 1596 1597
1418 1597 1598
1598 1597 1594
1598 1416 1418
1598 1599 1416
1598 1594 1600
1600 1599 1598
1585 1600 1594
1600 1429 1599
1585 1601 1600
1601 1429 1600
1601 1585 1566
1601 1602 1429
1429 1602 1432
1603 1602 1601
1432 1602 1604
1601 1566 1605
1603 1601 1605
1565 1605 1566
1568 1603 1605
1568 1605 1565
1432 1604 1606
1432 1606 1435
1607 1604 1568
1607 1606 1604
1607 1435 1606
1568 26 1607
28 1607 26
1607 28 1435
28 1437 1435
28 21 1437
1439 1437 21
1439 21 1608
1609 1610 1611
1609 1611 1612
1613 1612 1611
1614 1609 1612
1614 1615 1609
1614 1616 1615
1613 1617 1612
1614 1612 1617
1613 1618 1617
1614 1619 1616
1614 1617 1620
1620 1619 1614
1618 1621 1617
1621 1620 1617
1622 1616 1619
1622 1623 1616
1622 1624 1623
1620 1625 1619
1621 1625 1620
1619 1626 1622
1619 1625 1626
1622 1627 1624
1627 1622 1626
1628 1624 1627
1628 1627 1629
1629 1630 1628
1627 1626 1631
1629 1627 1631
1625 1632 1626
1626 1632 1631
1632 1633 1631
1629 1634 1630
1634 1635 1630
1634 1636 1635
1634 1637 1636
1629 1631 1638
1638 1634 1629
1633 1638 1631
1638 1639 1634
1634 1639 1637
1639 1638 1633
1639 1640 1637
1640 1641 1637
1625 1642 1632
1621 1642 1625
1621 1643 1642
1644 1632 1642
1643 1644 1642
1645 1633 1632
1644 1645 1632
1639 1633 1646
1639 1646 1640
1633 1647 1646
1647 1640 1646
1641 1640 1648
1647 1648 1640
1641 1648 1649
1650 1649 1648
1650 1648 1651
1647 1651 1648
1647 1652 1651
1653 1652 1647
1633 1654 1647
1653 1647 1654
1645 1654 1633
1655 1653 1654
1655 1654 1645
1656 1655 1645
1656 1645 1644
1657 1656 1644
1657 1658 1656
1657 1659 1658
1643 1657 1644
1657 1660 1659
1660 1657 1643
1660 1661 1659
1660 1662 1661
1663 1661 1662
1663 1664 1661
1665 1664 1663
1665 1666 1664
1665 1667 1666
1665 1668 1667
1669 1667 1668
1660 1670 1662
1662 1671 1663
1662 1670 1671
1672 1665 1663
1672 1663 1671
1673 1668 1665
1673 1665 1672
1672 1674 1673
1669 1668 1675
1675 1668 1673
1660 1676 1670
1660 1643 1676
1677 1671 1670
1677 1670 1676
1678 1672 1671
1677 1678 1671
1669 1675 1679
1669 1679 1680
1675 1673 1681
1681 1679 1675
1674 1681 1673
1681 1682 1679
1683 1676 1643
1677 1676 1683
1678 1684 1672
1672 1684 1674
1685 1678 1677
1685 1684 1678
1685 1677 1686
1686 1677 1683
1685 1687 1684
1674 1684 1687
1674 1687 1688
1686 1683 1689
1690 1674 1688
1683 1643 1691
1691 1689 1683
1621 1691 1643
1691 1692 1689
1618 1691 1621
1618 1692 1691
1690 1693 1674
1693 1690 1694
1674 1693 1681
1693 1694 1695
1681 1693 1695
1695 1694 1696
1681 1695 1682
1695 1696 1697
1697 1682 1695
1698 1697 1696
1698 1699 1697
1697 1700 1682
1700 1697 1699
1700 1699 1701
1700 1702 1682
1700 1701 1703
1700 1704 1702
1700 1703 1704
1702 1704 1705
1705 1704 1703
1702 1705 1680
1705 1703 1706
1707 1708 1709
1707 1709 1710
1711 1710 1709
1711 1709 1712
1713 1711 1712
1713 1712 1714
1715 1713 1714
1715 1716 1713
1715 1717 1716
1715 1718 1717
1719 1717 1718
1719 1718 1720
1721 1722 1720
1721 1723 1722
1724 1725 1726
1724 1726 1727
1727 1728 1724
1727 1729 1728
1730 1728 1729
1730 1729 1731
1732 1730 1731
1733 1732 1731
1731 1734 1733
1731 1735 1734
1735 1736 1734
1735 1737 1736
1736 1737 1738
1736 1738 1739
1738 1740 1739
1738 1741 1740
1742 1741 1743
1742 1743 1744
1745 1744 1743
1745 1746 1744
1747 1746 1745
1747 1745 1748
1747 1748 1749
1747 1749 1750
1751 1750 1749
1751 1752 1750
1753 1752 1751
1753 1754 1752
1755 1756 1757
1755 1757 1758
1759 1755 1758
1759 1760 1755
1761 1760 1759
1761 1759 1762
1762 1759 1763
1764 1761 1762
1764 1765 1761
1765 1764 1766
1765 1766 1767
1766 1768 1767
1769 1764 1762
1769 1766 1764
1762 1763 1770
1769 1762 1770
1771 1770 1763
1771 1769 1770
1772 1769 1771
1769 1773 1766
1772 1773 1769
1766 1773 1774
1774 1773 1772
1775 1771 1763
1772 1771 1776
1771 1775 1776
1763 1777 1775
1777 1763 1778
1777 1778 1758
1772 1776 1779
1775 1780 1776
1775 1781 1780
1775 1782 1781
1775 1777 1782
1783 1782 1777
1783 1757 1782
1784 1772 1779
1784 1785 1772
1774 1772 1785
1774 1785 1786
1786 1785 1787
1774 1786 1788
1789 1786 1787
1788 1786 1789
1790 1774 1788
1766 1774 1790
1766 1790 1791
1766 1791 1792
1790 1793 1791
1790 1794 1793
1790 1788 1794
1795 1793 1794
1796 1795 1794
1796 1794 1797
1788 1797 1794
1788 1798 1797
1788 1789 1798
1799 1789 1787
1800 1789 1799
1800 1801 1789
1802 1799 1787
1800 1799 1802
1802 1787 1779
1801 1800 1803
1796 1804 1803
1801 1803 1804
1800 1805 1803
1800 1806 1805
1800 1802 1806
1807 1802 1779
1807 1779 1808
1802 1809 1806
1805 1806 1809
1802 1807 1809
1808 1810 1807
1808 1780 1810
1811 1810 1780
1809 1807 1812
1810 1812 1807
1813 1810 1811
1813 1811 1814
1815 1813 1814
1810 1816 1812
1810 1813 1816
1817 1809 1812
1816 1817 1812
1815 1818 1813
1818 1816 1813
1815 1819 1818
1815 1820 1819
1818 1819 1821
1818 1822 1816
1818 1821 1822
1816 1822 1817
1817 1822 1821
1817 1821 1823
1817 1824 1809
1824 1825 1823
1824 1823 1826
1824 1826 1827
1824 1827 1828
1805 1809 1824
1829 1805 1824
1829 1830 1805
1830 1831 1805
1831 1832 1805
1832 1833 1805
1832 1834 1833
1835 1836 1837
1835 1837 1838
1839 1835 1840
1839 1840 1841
1837 1842 1843
1837 1843 1844
1845 1846 1844
1845 1847 1846
1848 1849 1850
1848 1850 66
1851 1852 1853
1851 1854 1852
1855 1854 1851
1855 1856 1854
1857 1856 1855
1857 1855 1858
1858 1859 1857
1858 1860 1859
1860 1861 1859
1862 1863 1852
1862 1864 1863
1865 1864 1866
1865 1867 1864
1868 1867 1865
1869 1870 1871
1869 1872 1870
1873 1872 1874
1873 1874 1875
1876 1877 1875
1876 1878 1877
1879 1877 1878
1879 1880 1877
1880 1879 1881
1880 1881 1882
1883 1882 1881
1883 1881 1884
1885 1883 1884
1885 1884 1886
1887 1885 1886
1887 1888 1885
1888 1887 1889
1888 1889 1890
1891 1890 1889
1891 1889 1892
1891 1892 1893
1891 1893 1894
1895 1894 1896
1895 1896 1897
1898 1895 1897
1898 1899 1895
1900 1899 1898
1901 1902 1903
1901 1904 1902
1904 1901 1905
1906 1902 1904
1904 1905 1907
1907 1905 1908
1906 1904 1909
1909 1910 1906
1909 1911 1910
1909 1912 1911
1904 1913 1909
1909 1913 1912
1904 1907 1913
1914 1912 1913
1907 1914 1913
1914 1915 1912
1907 1908 1916
1907 1916 1914
1917 1915 1914
1917 1914 1916
1917 1918 1915
1919 1918 1917
1920 1916 1908
1917 1916 1920
1920 1908 1921
1919 1917 1922
1920 1922 1917
1923 1920 1921
1920 1923 1922
1923 1921 1924
1924 1925 1923
1925 1922 1923
1924 1926 1925
1927 1919 1922
1925 1927 1922
1927 1928 1919
1927 1929 1928
1930 1925 1926
1930 1926 1931
1930 1931 1932
1930 1932 1933
1934 1927 1925
1934 1925 1930
1927 1934 1929
1934 1930 1933
1935 1929 1934
1934 1933 1935
1935 1936 1929
1936 1935 1937
1937 1935 1933
1936 1937 1938
1937 1933 1939
1940 1939 1933
1941 1937 1939
1942 1938 1937
1941 1942 1937
1942 1943 1938
1942 1941 1944
1942 1945 1943
1942 1944 1946
1942 1946 1945
1946 1944 1947
1948 1945 1946
1946 1947 1949
1948 1946 1949
1950 1949 1947
1948 1949 1950
1948 1950 1951
1950 1947 1952
1950 1953 1951
1952 1954 1950
1950 1954 1953
1952 1955 1954
1953 1954 1956
1953 1956 1957
1958 1956 1954
1958 1959 1956
1959 1960 1956
1959 1961 1960
1962 1956 1960
1962 1960 1963
1964 1960 1961
1964 1965 1960
1965 1964 1966
1967 1960 1965
1967 1968 1960
1965 1966 1969
1970 1965 1969
1970 1969 1971
1966 1972 1969
1971 1969 1972
1971 1972 1973
1966 1974 1972
1975 1973 1972
1974 1976 1972
1975 1972 1976
1974 1977 1976
1975 1976 1978
1977 1978 1976
1977 1979 1978
1975 1978 1980
1978 1979 1981
1982 1980 1978
1978 1981 1982
1982 1983 1980
1982 1984 1983
1985 1982 1981
1982 1985 1984
1985 1981 1986
1987 1986 1981
1988 1984 1985
1988 1985 1986
1988 1989 1984
1987 1990 1986
1988 1986 1990
1988 1990 1991
1987 1992 1990
1991 1990 1992
1991 1992 1993
1991 1993 1994
1995 1989 1988
1988 1991 1995
1995 1996 1989
1991 1994 1997
1991 1998 1995
1991 1997 1998
1999 1995 1998
1999 2000 1995
1906 1998 1997
1906 1997 2001
2001 1997 1994
2001 1994 2002
2003 1998 2004
2003 2004 2005
2006 2007 2008
2008 2007 2009
2009 2007 2010
2010 2007 2011
2011 2007 2012
2012 2007 2013
2013 2007 2014
2014 2007 2015
2015 2007 2016
2016 2007 2017
2017 2007 2018
2018 2007 2019
2019 2007 2020
2021 2007 2022
2023 2007 2021
2024 2007 2023
2025 2007 2024
2026 2007 2025
2027 2007 2026
2028 2007 2027
2029 2007 2028
2030 2007 2029
2031 2007 2030
2032 2007 2031
2033 2007 2032
2034 2007 2033
2035 2007 2034
2036 2037 2038
2038 2039 2036
2038 2040 2039
2039 2040 2041
2039 2041 2042
2043 2042 2041
2043 2041 2044
2045 2043 2044
2045 2046 2043
2047 2046 2045
2047 2045 2048
2049 2047 2048
2049 2048 2050
2049 2050 2051
2049 2051 2052
2052 2051 2053
2052 2053 2054
2053 2055 2054
2053 2056 2055
2056 2057 2055
2056 2058 2057
2057 2058 2059
2057 2059 2060
2061 2060 2059
2061 2059 2062
2061 2062 2063
2061 2063 2064
2064 2063 2065
2066 2067 2068
2066 2069 2067
2070 2067 2069
2070 2071 2067
2072 2070 2069
2072 2069 2066
2072 2073 2070
2073 2072 2074
2075 2074 2072
2073 2074 2076
2072 2066 2077
2075 2072 2077
2078 2077 2066
2078 2066 2079
2080 2075 2077
2080 2081 2075
2075 2081 2082
2075 2082 2083
2083 2082 2084
2085 2074 2075
2085 2075 2083
2083 2084 2086
2085 2083 2086
2086 2084 2087
2088 2074 2085
2088 2089 2074
2088 2085 2090
2085 2086 2090
2088 2090 2091
2090 2092 2091
2086 2087 2093
2093 2087 2094
2095 2090 2086
2095 2086 2093
2090 2095 2092
2093 2094 2095
2094 2092 2095
2094 2096 2092
2097 2089 2098
2097 2098 2099
2100 2099 2098
2099 2101 2097
2102 2100 2098
2103 2102 2098
2103 2098 2076
2103 2104 2102
2103 2105 2104
2104 2105 2106
2102 2104 2107
2104 2106 2108
2108 2107 2104
2109 2108 2106
2109 2106 2110
2111 2108 2109
2108 2111 2107
2111 2109 2112
2107 2111 2112
2107 2112 2113
2102 2107 2114
2114 2107 2113
2102 2114 2100
2114 2113 2115
2100 2114 2115
2100 2115 2116
2117 2100 2116
2117 2118 2100
2100 2118 2099
2099 2118 2119
2120 2119 2118
2120 2121 2119
2099 2119 2122
2099 2122 2101
2119 2123 2122
2101 2122 2123
2119 2124 2123
2101 2123 2125
2126 2125 2127
2126 2127 2128
2129 2126 2128
2127 2130 2128
2127 2131 2130
2132 2130 2131
2129 2128 2133
2133 2128 2130
2129 2133 2134
2129 2134 2135
2134 2136 2135
2133 2130 2137
2132 2137 2130
2134 2133 2137
2138 2137 2132
2134 2137 2138
2138 2132 2139
2140 2138 2139
2140 2141 2138
2134 2138 2141
2142 2141 2140
2134 2143 2136
2134 2141 2143
2142 2144 2141
2143 2141 2144
2145 2144 2142
2136 2143 2146
2143 2144 2146
2136 2146 2147
2148 2147 2146
2145 2149 2144
2149 2146 2144
2150 2149 2145
2148 2146 2151
2149 2151 2146
2150 2151 2149
2151 2110 2148
2151 2150 2110
2152 2153 2154
2152 2155 2153
2155 2152 2156
2155 2157 2153
2155 2156 2158
2159 2158 2156
2155 2160 2157
2160 2161 2157
2160 2162 2161
2163 2160 2155
2163 2162 2160
2163 2155 2158
2163 2164 2162
2165 2163 2158
2164 2163 2166
2165 2158 2167
2159 2167 2158
2164 2166 2168
2159 2169 2167
2166 2167 2169
2159 2170 2169
2171 2168 2166
2166 2169 2171
2171 2172 2168
2170 2173 2169
2170 2174 2173
2169 2173 2175
2169 2175 2176
2176 2177 2172
2176 2175 2177
2175 2178 2177
2174 2179 2173
2179 2175 2173
2174 2180 2179
2179 2181 2175
2175 2181 2178
2182 2183 2180
2182 2184 2183
2185 2184 2182
2183 2184 2186
2183 2186 2187
2186 2178 2187
2186 2188 2178
2185 2189 2184
2189 2186 2184
2190 2189 2185
2191 2188 2186
2189 2191 2186
2191 2192 2188
2190 2193 2189
2190 2194 2193
2190 2195 2194
2196 2189 2193
2197 2193 2194
2196 2198 2189
2198 2199 2192
2198 2196 2199
2200 2199 2196
2200 2196 2201
2197 2194 2201
2201 2202 2200
2203 2194 2195
2201 2194 2203
2203 2195 2204
2201 2205 2202
2201 2203 2205
2205 2206 2202
2205 2207 2206
2203 2207 2205
2203 2208 2207
2204 2208 2203
2204 2209 2208
2210 2211 2212
2210 2212 2213
2214 2210 2213
2212 2215 2213
2212 2216 2215
2217 2215 2216
2214 2213 2218
2215 2218 2213
2218 2219 2214
2218 2220 2219
2221 2220 2218
2215 2221 2218
2221 2222 2220
2217 2223 2215
2223 2221 2215
2223 2224 2221
2224 2222 2221
2224 2225 2222
2225 2224 2226
2225 2226 2227
2226 2228 2227
2224 2229 2226
2224 2230 2229
2229 2230 2217
2229 2217 2231
2232 2229 2231
2233 2226 2229
2232 2233 2229
2226 2234 2228
2233 2234 2226
2235 2228 2234
2235 2234 2233
2235 2236 2228
2235 2233 2237
2237 2233 2232
2237 2232 2238
2239 2238 2240
2239 2240 2241
2242 2239 2241
2242 2243 2236
2242 2244 2243
2242 2241 2244
2245 2243 2244
2241 2245 2244
2245 2246 2243
2247 2246 2245
2240 2248 2241
2241 2248 2245
2240 2249 2248
2248 2249 2250
2247 2245 2251
2251 2245 2248
2251 2252 2247
2248 2250 2253
2251 2248 2253
2251 2254 2252
2255 2254 2251
2254 2256 2252
2250 2257 2255
2255 2257 2254
2250 2258 2257
2259 2257 2258
2254 2260 2256
2257 2260 2254
2260 2261 2256
2260 2262 2261
2257 2263 2260
2262 2260 2263
2259 2263 2257
2262 2263 2264
2264 2263 2259
2264 2259 2265
2266 2267 2268
2266 2268 2269
2270 2266 2269
2269 2268 2271
2269 2271 2270
2272 2273 2274
2272 2275 2273
2276 2275 2272
2276 2272 2277
2276 2277 2278
2276 2278 2279
2280 2279 2278
2280 2278 2281
2280 2282 2283
2280 2283 2284
2273 2285 2286
2273 2287 2285
2288 2285 2287
2288 2289 2285
2289 2288 2290
2289 2290 2291
2292 2291 2290
2292 2293 2291
2294 2293 2292
2294 2295 2293
2284 2296 2297
2298 2294 2297
2296 2299 2297
2300 2298 2297
2299 2301 2297
2302 2300 2297
2301 2303 2297
2304 2302 2297
2303 2305 2297
2305 2304 2297
2306 2307 2297
2308 2306 2297
2307 2309 2297
2310 2308 2297
2309 2311 2297
2312 2310 2297
2311 2313 2297
2314 2312 2297
2315 2314 2297
2313 2316 2297
2317 2295 2315
2317 2318 2295
2318 2317 2319
2318 2319 2320
2321 2320 2319
2321 2322 2320
2323 2322 2321
2323 2324 2322
2325 2324 2323
2325 2326 2324
2327 2326 2325
2327 2325 2328
2328 2329 2327
2328 2330 2329
2329 2330 2331
2329 2331 2332
2331 2333 2332
2331 2334 2333
2333 2334 2316
2333 2316 2283
2335 2336 2337
2335 2338 2336
2338 2339 2340
2338 2340 2341
2341 2340 2342
2341 2342 2343
2344 2338 2341
2344 2341 2345
2346 2345 2341
2346 2341 2343
2347 2346 2348
2347 2348 2349
2349 2350 2347
2349 2351 2350
2352 2350 2351
2352 2351 2353
2354 2355 2338
2354 2356 2355
2357 2355 2356
2357 2358 2355
2358 2357 2359
2358 2359 2360
2359 2361 2360
2359 2362 2361
2362 2363 2361
2362 2364 2363
2365 2363 2364
2365 2364 2366
2365 2366 2367
2365 2367 2368
2367 2369 2368
2367 2370 2369
2369 2370 2371
2369 2371 2372
2372 2371 2373
2372 2373 2374
2372 2374 2375
2375 2374 2376
2375 2376 2377
2377 2376 2378
2372 2375 2379
2380 2372 2379
2380 2369 2372
2369 2380 2381
2381 2382 2369
2383 2382 2381
2383 2381 2384
2385 2383 2384
2385 2363 2383
2386 2387 2388
2386 2388 2389
2389 2388 2390
2389 2390 2391
2392 2391 2390
2392 2390 2393
2355 2392 2393
2355 2393 2394
2395 2396 2397
2395 2398 2396
2398 2395 2399
2400 2398 2399
2401 2398 2400
2401 2353 2398
2402 2353 2403
2402 2403 2404
2405 2404 2403
2405 2406 2404
2407 2406 2405
2407 2405 2343
2408 2409 2410
2408 2410 2411
2412 2413 2414
2415 2414 2413
2415 2416 2414
2417 2418 2419
2417 2419 2420
2420 2421 2417
2420 2422 2421
2421 2422 2423
2422 2424 2423
2425 2424 2422
2425 2422 2420
2426 2425 2420
2426 2420 2427
2428 2429 2430
2428 2431 2429
2432 2429 2431
2432 2433 2429
2432 2434 2433
2435 2436 2437
2435 2437 2438
2439 2440 2441
2439 2441 2442
2443 2444 2445
2443 2446 2444
2447 2446 2443
2447 2443 2448
2449 2450 2451
2449 2452 2450
2452 2453 2450
2452 2454 2453
2455 2453 2454
2455 2456 2453
2455 2457 2456
2458 2457 2459
2458 2460 2461
2458 2461 2462
2463 2462 2461
2463 2464 2462
2464 2465 2466
2464 2466 2467
2468 2467 2466
2468 2469 2467
2468 2470 2469
2471 2472 2473
2471 2473 2474
2475 2476 2477
2475 2477 2478
2479 2480 2477
2479 2481 2480
2479 2482 2481
2483 2484 2485
2483 2485 2486
2486 2485 2487
2486 2487 2488
2489 2488 2487
2489 2490 2488
2490 2489 2491
2492 2493 2483
2492 2483 2494
2495 2492 2494
2495 2494 2496
2495 2496 2497
2495 2497 2498
2498 2497 2499
2500 2501 2491
2502 2500 2491
2500 2503 2501
2502 2504 2500
2500 2504 2503
2502 2487 2504
2504 2487 2505
2506 2503 2504
2504 2505 2506
2506 2507 2503
2508 2506 2505
2508 2505 2509
2510 2511 2507
2510 2508 2511
2512 2513 2514
2513 2512 2515
2513 2515 2516
2515 2517 2516
2515 2518 2517
2519 2517 2518
2519 2520 2517
2521 2520 2519
2521 2519 2522
2523 2521 2522
2523 2524 2521
2525 2524 2523
2525 2526 2524
2525 2527 2526
2525 2528 2527
2528 2529 2527
2528 2530 2529
2529 2530 2531
2529 2531 2532
2532 2531 2533
2532 2533 2534
2533 2535 2534
2533 2536 2535
2537 2535 2536
2537 2538 2535
2537 2539 2538
2537 2540 2539
2540 2541 2539
2542 2543 2544
2542 2545 2543
2546 2545 2542
2545 2547 2543
2545 2546 2547
2548 2549 2550
2548 2550 2551
2548 2552 2553
2548 2554 2552
2555 2551 2556
2555 2556 2557
2555 2557 2558
2555 2558 2559
2558 2560 2559
2558 2561 2560
2560 2561 2562
2560 2562 2563
2564 2563 2562
2564 2562 2565
2565 2566 2564
2565 2567 2566
2568 2566 2567
2568 2567 2569
2570 2568 2569
2570 2569 2571
2572 2573 2570
2574 2573 2572
2575 2573 2574
2576 2573 2575
2577 2573 2576
2578 2573 2577
2579 2573 2578
2580 2573 2579
2581 2573 2580
2554 2573 2581
2582 2573 2583
2584 2573 2582
2583 2573 2585
2586 2573 2584
2585 2573 2587
2588 2573 2586
2587 2573 2589
2590 2573 2588
2591 2573 2590
2589 2573 2592
2593 2591 2571
2593 2571 2594
2594 2595 2593
2594 2596 2595
2597 2595 2596
2597 2596 2598
2599 2597 2598
2599 2598 2600
2601 2599 2600
2601 2600 2602
2603 2601 2602
2603 2604 2601
2604 2603 2605
2604 2605 2606
2605 2607 2606
2605 2608 2607
2607 2608 2609
2607 2609 2610
2609 2592 2610
2609 2552 2592
2611 2612 2613
2611 2613 2614
2614 2615 2616
2614 2617 2615
2617 2618 2615
2617 2619 2618
2620 2617 2614
2620 2621 2617
2622 2617 2621
2622 2619 2617
2623 2624 2622
2623 2625 2624
2625 2623 2626
2625 2626 2627
2628 2627 2626
2628 2629 2627
2630 2631 2629
2630 2632 2631
2633 2631 2632
2634 2619 2633
2633 2632 2635
2634 2633 2635
2636 2637 2638
2636 2639 2637
2639 2640 2637
2639 2641 2640
2642 2640 2641
2642 2643 2640
2644 2643 2642
2644 2645 2643
2646 2614 2644
2646 2644 2647
2648 2647 2644
2648 2644 2649
2649 2650 2648
2649 2651 2650
2650 2651 2652
2650 2652 2653
2653 2652 2654
2653 2654 2655
2656 2655 2654
2656 2657 2655
2656 2658 2657
2656 2659 2658
2658 2659 2660
2658 2660 2661
2660 2662 2661
2660 2663 2662
2663 2664 2662
2663 2665 2664
2663 2666 2665
2666 2667 2665
2666 2668 2667
2668 2669 2667
2663 2670 2666
2671 2670 2663
2671 2663 2660
2660 2672 2671
2672 2660 2673
2674 2672 2673
2674 2675 2672
2676 2675 2674
2676 2674 2654
2677 2678 2679
2677 2680 2678
2680 2681 2678
2678 2681 2682
2682 2683 2678
2682 2684 2683
2685 2686 2687
2685 2687 2688
2689 2690 2691
2692 2691 2690
2692 2690 2693
2694 2695 2696
2694 2697 2695
2697 2694 2698
2697 2698 2699
2698 2700 2699
2699 2700 2701
2702 2699 2701
2702 2697 2699
2703 2697 2702
2703 2704 2697
2705 2706 2707
2705 2707 2708
2709 2708 2707
2709 2707 2710
2709 2710 2711
2712 2713 2714
2712 2714 2715
2716 2717 2718
2716 2718 2719
2720 2721 2722
2720 2722 2723
2724 2720 2723
2724 2725 2720
2723 2726 2727
2723 2728 2726
2729 2726 2728
2729 2728 2730
2729 2730 2731
2732 2733 2723
2732 2734 2733
2730 2733 2734
2730 2734 2735
2736 2735 2737
2738 2739 2737
2738 2740 2739
2738 2741 2740
2742 2740 2741
2742 2743 2740
2744 2743 2742
2744 2745 2743
2746 2747 2748
2746 2748 2749
2750 2751 2752
2750 2752 2753
2754 2752 2755
2754 2755 2756
2754 2756 2757
2758 2759 2760
2758 2761 2759
2761 2762 2759
2761 2763 2762
2764 2762 2763
2764 2763 2765
2765 2766 2764
2767 2758 2768
2767 2769 2758
2770 2769 2767
2770 2771 2769
2770 2772 2771
2770 2773 2772
2773 2774 2772
2775 2766 2776
2777 2766 2775
2775 2776 2778
2777 2775 2779
2775 2778 2779
2777 2779 2762
2779 2780 2762
2781 2779 2778
2779 2781 2780
2781 2778 2782
2783 2780 2781
2783 2784 2780
2785 2782 2786
2785 2786 2783
2787 2788 2071
2787 2789 2788
2790 2789 2787
2788 2789 2791
2788 2791 2792
2793 2792 2791
2790 2794 2789
2794 2791 2789
2790 2795 2794
2790 2796 2795
2795 2796 2797
2794 2798 2791
2793 2791 2798
2795 2798 2794
2799 2793 2798
2795 2799 2798
2799 2800 2793
2801 2800 2799
2801 2799 2802
2795 2802 2799
2803 2801 2802
2795 2797 2804
2795 2804 2802
2803 2802 2805
2804 2805 2802
2806 2803 2805
2797 2807 2804
2804 2807 2805
2797 2808 2807
2809 2807 2808
2806 2805 2810
2810 2805 2807
2811 2806 2810
2809 2812 2807
2810 2807 2812
2811 2810 2812
2812 2809 2096
2812 2096 2811
2813 2814 2815
2813 2815 2816
2815 2814 2817
2816 2815 2818
2815 2817 2818
2819 2820 2821
2819 2822 2820
2820 2823 2821
2822 2824 2820
2820 2824 2823
2825 2826 2827
2827 2828 2825
2827 2826 2829
2830 2828 2827
2829 2831 2827
2827 2832 2830
2827 2831 2833
2834 2832 2827
2833 2835 2827
2827 2836 2834
2827 2835 2837
2838 2836 2827
2837 2839 2827
2827 2840 2838
2827 2839 2841
2842 2840 2827
2841 2843 2827
2827 2844 2842
2827 2843 2845
2846 2844 2827
2845 2847 2827
2827 2848 2846
2827 2847 2849
2849 2848 2827
2850 2851 2852
2852 2851 2853
2853 2854 2852
2852 2854 2855
2855 2856 2852
2850 2857 2858
2857 2856 2859
2860 2858 2857
2859 2861 2857
2857 2862 2860
2857 2861 2863
2864 2862 2857
2863 2865 2857
2857 2866 2864
2857 2865 2867
2868 2866 2857
2867 2869 2857
2857 2870 2868
2857 2869 2871
2872 2870 2857
2871 2873 2857
2857 2874 2872
2857 2873 2875
2875 2874 2857
