byte offset: 0
first index: 84186
index count: 8667
topology: trianglelist
format: DXGI_FORMAT_R16_UINT

26243 26244 26245
26246 26247 26248
26246 26249 26250
26246 26251 26249
26249 26251 26252
26253 26250 26249
26249 26254 26253
26254 26255 26253
26254 26256 26255
26256 26257 26255
26254 26258 26256
26256 26258 26259
26256 26259 26257
26254 26260 26258
26249 26261 26254
26254 26261 26260
26262 26257 26259
26262 26263 26257
26263 26262 26264
26264 26262 26265
26264 26265 26266
26259 26267 26262
26267 26265 26262
26266 26265 26268
26266 26268 26269
26270 26269 26268
26259 26271 26267
26258 26271 26259
26272 26265 26267
26272 26268 26265
26271 26272 26267
26270 26268 26273
26272 26273 26268
26270 26273 26274
26275 26270 26274
26273 26276 26274
26277 26276 26273
26273 26278 26277
26272 26278 26273
26278 26279 26277
26279 26278 26280
26278 26272 26281
26271 26281 26272
26278 26282 26280
26278 26281 26282
26282 26283 26280
26284 26283 26282
26271 26285 26281
26282 26281 26285
26284 26282 26286
26282 26285 26286
26287 26284 26286
26287 26286 26288
26288 26286 26289
26286 26290 26289
26290 26286 26285
26290 26291 26289
26290 26285 26292
26292 26285 26271
26292 26271 26258
26293 26292 26258
26293 26294 26292
26293 26295 26294
26296 26294 26295
26296 26297 26294
26298 26296 26295
26299 26298 26295
26299 26295 26300
26295 26293 26300
26301 26299 26300
26293 26302 26300
26258 26302 26293
26301 26300 26303
26302 26303 26300
26301 26303 26304
26303 26305 26304
26305 26306 26304
26307 26306 26305
26308 26307 26305
26303 26302 26309
26258 26309 26302
26303 26309 26305
26310 26309 26258
26305 26309 26310
26310 26258 26260
26308 26305 26311
26305 26310 26311
26312 26310 26260
26311 26310 26312
26308 26311 26313
26311 26312 26313
26312 26314 26313
26308 26313 26315
26314 26315 26313
26314 26316 26315
26317 26316 26314
26318 26312 26260
26312 26318 26314
26261 26318 26260
26317 26314 26319
26320 26317 26319
26314 26318 26321
26318 26261 26321
26314 26321 26319
26261 26322 26321
26319 26321 26322
26320 26319 26323
26319 26322 26323
26322 26261 26324
26324 26261 26249
26249 26325 26324
26326 26322 26324
26323 26322 26326
26327 26326 26324
26328 26327 26324
26320 26323 26329
26323 26326 26329
26320 26329 26330
26331 26330 26329
26326 26331 26329
26326 26327 26331
26332 26331 26327
26332 26327 26328
26333 26332 26328
26333 26328 26334
26334 26328 26324
26335 26333 26334
26336 26335 26334
26337 26336 26334
26337 26334 26324
26337 26338 26336
26338 26337 26339
26337 26340 26339
26340 26337 26324
26341 26339 26340
26341 26340 26342
26324 26342 26340
26341 26342 26343
26343 26342 26324
26341 26343 26344
26344 26343 26345
26343 26346 26345
26343 26347 26346
26343 26348 26347
26343 26324 26348
26324 26349 26348
26350 26351 26352
26353 26354 26355
26356 26357 26358
26359 26360 26361
26362 26363 26364
26365 26366 26364
26365 26367 26366
26368 26365 26364
26369 26367 26365
26368 26370 26365
26365 26370 26371
26372 26371 26370
26373 26371 26372
26368 26374 26370
26372 26370 26374
26368 26375 26374
26375 26376 26374
26372 26374 26376
26375 26377 26376
26378 26376 26377
26378 26379 26376
26380 26376 26379
26380 26372 26376
26381 26372 26380
26381 26382 26372
26382 26373 26372
26383 26382 26381
26383 26384 26382
26385 26384 26383
26385 26386 26384
26387 26386 26385
26385 26388 26387
26384 26386 26389
26387 26389 26386
26390 26382 26384
26389 26390 26384
26391 26387 26388
26387 26391 26392
26388 26393 26391
26391 26393 26394
26394 26392 26391
26394 26395 26392
26392 26395 26396
26392 26396 26397
26387 26392 26398
26387 26398 26389
26392 26397 26399
26398 26392 26399
26399 26397 26400
26399 26400 26401
26399 26401 26402
26398 26399 26403
26403 26399 26402
26389 26398 26403
26403 26402 26404
26403 26404 26405
26389 26403 26406
26405 26406 26403
26405 26407 26406
26407 26408 26406
26389 26406 26390
26408 26390 26406
26390 26408 26409
26409 26410 26390
26409 26411 26410
26411 26412 26410
26390 26410 26382
26382 26410 26412
26411 26413 26412
26413 26414 26412
26412 26414 26415
26416 26412 26415
26416 26417 26412
26382 26412 26417
26418 26417 26416
26382 26417 26418
26418 26416 26419
26418 26420 26382
26420 26373 26382
26421 26420 26418
26421 26373 26420
26421 26418 26422
26421 26423 26373
26423 26424 26373
26373 26424 26425
26371 26373 26425
26426 26371 26425
26371 26426 26427
26426 26428 26427
26369 26427 26428
26429 26371 26427
26369 26429 26427
26365 26371 26429
26369 26365 26429
26430 26431 26432
26433 26434 26435
26436 26437 26438
26439 26440 26441
26442 26443 26444
26445 26443 26446
26445 26446 26447
26448 26443 26445
26449 26445 26447
26448 26445 26450
26445 26451 26450
26452 26450 26451
26453 26452 26451
26448 26450 26454
26452 26454 26450
26448 26454 26455
26455 26454 26456
26452 26456 26454
26455 26456 26457
26458 26457 26456
26458 26456 26459
26460 26459 26456
26460 26456 26452
26461 26460 26452
26461 26452 26462
26462 26452 26453
26463 26461 26462
26463 26462 26464
26465 26463 26464
26465 26464 26466
26467 26465 26466
26465 26467 26468
26464 26469 26466
26467 26466 26469
26470 26464 26462
26469 26464 26470
26471 26468 26467
26467 26472 26471
26468 26471 26473
26471 26474 26473
26474 26471 26472
26474 26472 26475
26472 26476 26475
26472 26477 26476
26467 26478 26472
26467 26469 26478
26472 26479 26477
26478 26479 26472
26479 26480 26477
26479 26481 26480
26479 26482 26481
26478 26483 26479
26483 26482 26479
26469 26483 26478
26483 26484 26482
26483 26485 26484
26469 26486 26483
26485 26483 26486
26485 26486 26487
26487 26486 26488
26469 26470 26486
26488 26486 26470
26470 26489 26488
26489 26470 26490
26489 26490 26491
26491 26490 26492
26470 26462 26490
26462 26492 26490
26491 26492 26493
26493 26492 26494
26492 26495 26494
26496 26495 26492
26496 26492 26497
26462 26497 26492
26498 26496 26497
26462 26498 26497
26498 26499 26496
26498 26462 26500
26500 26462 26453
26501 26498 26500
26501 26500 26453
26501 26502 26498
26501 26453 26503
26503 26453 26504
26453 26505 26504
26451 26505 26453
26506 26505 26451
26451 26507 26506
26506 26507 26508
26449 26508 26507
26509 26507 26451
26449 26507 26509
26445 26509 26451
26449 26509 26445
26510 26511 26512
26510 26513 26514
26510 26514 26515
26514 26516 26515
26517 26514 26513
26514 26517 26518
26518 26517 26519
26518 26519 26520
26520 26519 26521
26518 26520 26522
26520 26523 26522
26520 26521 26523
26518 26522 26524
26514 26518 26525
26518 26524 26525
26526 26523 26521
26526 26521 26527
26527 26528 26526
26528 26529 26526
26528 26530 26529
26523 26526 26531
26531 26526 26529
26530 26532 26529
26530 26533 26532
26534 26532 26533
26523 26531 26535
26522 26523 26535
26536 26531 26529
26536 26529 26532
26535 26531 26536
26534 26537 26532
26536 26532 26537
26534 26538 26537
26539 26538 26534
26537 26538 26540
26541 26537 26540
26537 26541 26542
26536 26537 26542
26542 26541 26543
26543 26544 26542
26542 26545 26536
26535 26536 26545
26542 26544 26546
26542 26546 26545
26546 26544 26547
26548 26546 26547
26535 26545 26549
26546 26549 26545
26548 26550 26546
26546 26550 26549
26551 26550 26548
26551 26552 26550
26552 26553 26550
26553 26554 26550
26554 26549 26550
26553 26555 26554
26554 26556 26549
26556 26535 26549
26556 26522 26535
26557 26522 26556
26557 26556 26558
26557 26558 26559
26560 26559 26558
26560 26558 26561
26562 26559 26560
26563 26559 26562
26563 26564 26559
26559 26564 26557
26565 26564 26563
26557 26564 26566
26522 26557 26566
26565 26567 26564
26566 26564 26567
26565 26568 26567
26567 26568 26569
26569 26568 26570
26571 26569 26570
26572 26569 26571
26567 26573 26566
26522 26566 26573
26567 26569 26573
26574 26522 26573
26569 26574 26573
26574 26524 26522
26572 26575 26569
26569 26575 26574
26576 26524 26574
26575 26576 26574
26572 26577 26575
26575 26577 26576
26576 26577 26578
26572 26579 26577
26578 26577 26579
26578 26579 26580
26581 26578 26580
26582 26524 26576
26576 26578 26582
26525 26524 26582
26581 26583 26578
26584 26583 26581
26578 26585 26582
26582 26585 26525
26578 26583 26585
26525 26585 26586
26583 26586 26585
26584 26587 26583
26583 26587 26586
26586 26588 26525
26588 26514 26525
26514 26588 26589
26590 26588 26586
26587 26590 26586
26591 26588 26590
26592 26588 26591
26584 26593 26587
26587 26593 26590
26584 26594 26593
26595 26593 26594
26590 26593 26595
26590 26595 26591
26596 26591 26595
26596 26592 26591
26597 26592 26596
26597 26598 26592
26598 26588 26592
26599 26598 26597
26600 26598 26599
26601 26598 26600
26601 26588 26598
26601 26600 26602
26602 26603 26601
26601 26603 26604
26604 26588 26601
26605 26604 26603
26605 26606 26604
26588 26604 26606
26605 26607 26606
26607 26588 26606
26605 26608 26607
26608 26609 26607
26607 26609 26610
26607 26610 26611
26607 26611 26612
26607 26612 26588
26588 26612 26613
26614 26615 26616
26617 26618 26619
26620 26621 26622
26623 26624 26622
26625 26623 26622
26625 26622 26626
26627 26625 26626
26627 26628 26625
26629 26628 26627
26629 26630 26628
26631 26629 26627
26631 26632 26629
26632 26631 26633
26632 26633 26634
26631 26627 26635
26633 26636 26634
26631 26635 26637
26637 26633 26631
26638 26637 26635
26635 26639 26638
26639 26640 26638
26638 26640 26641
26637 26642 26633
26642 26637 26638
26633 26643 26636
26644 26633 26642
26644 26643 26633
26645 26644 26642
26636 26643 26646
26636 26646 26647
26646 26648 26647
26646 26649 26648
26650 26649 26646
26649 26650 26651
26652 26643 26644
26652 26646 26643
26652 26644 26645
26650 26646 26652
26638 26653 26642
26645 26642 26653
26654 26653 26638
26654 26645 26653
26655 26650 26652
26652 26645 26655
26654 26638 26656
26638 26641 26656
26656 26641 26657
26641 26658 26657
26656 26659 26654
26656 26657 26659
26654 26660 26645
26659 26660 26654
26661 26655 26645
26661 26645 26660
26662 26657 26658
26658 26663 26662
26662 26664 26657
26665 26664 26662
26657 26666 26659
26657 26664 26666
26665 26667 26664
26668 26667 26665
26668 26669 26667
26670 26667 26669
26667 26671 26664
26664 26671 26666
26670 26671 26667
26672 26659 26666
26671 26672 26666
26673 26671 26670
26671 26673 26672
26673 26670 26674
26675 26673 26674
26672 26676 26659
26659 26676 26660
26660 26676 26677
26677 26676 26672
26660 26677 26661
26678 26672 26673
26677 26672 26678
26675 26679 26673
26678 26673 26679
26680 26677 26678
26679 26680 26678
26675 26681 26679
26679 26681 26680
26675 26682 26681
26661 26677 26683
26680 26683 26677
26681 26684 26680
26681 26685 26684
26685 26686 26684
26685 26687 26686
26661 26683 26688
26688 26655 26661
26688 26689 26655
26655 26689 26650
26690 26689 26688
26683 26690 26688
26690 26691 26689
26691 26650 26689
26683 26692 26690
26691 26693 26650
26650 26693 26694
26683 26695 26692
26683 26680 26695
26680 26696 26695
26696 26697 26695
26696 26698 26697
26695 26697 26699
26695 26699 26700
26700 26699 26701
26700 26701 26702
26702 26701 26703
26702 26703 26704
26705 26704 26703
26705 26693 26704
26693 26705 26706
26693 26706 26707
26708 26706 26709
26708 26709 26710
26649 26711 26710
26712 26713 26714
26715 26716 26714
26715 26714 26717
26718 26715 26717
26718 26717 26719
26720 26718 26719
26720 26719 26721
26722 26720 26721
26722 26723 26720
26722 26724 26723
26722 26725 26724
26725 26726 26724
26725 26727 26726
26727 26728 26726
26727 26729 26728
26729 26730 26728
26729 26731 26730
26731 26732 26730
26733 26734 26735
26736 26737 26738
26736 26738 26739
26738 26740 26739
26738 26741 26740
26741 26742 26740
26741 26743 26742
26744 26742 26743
26744 26745 26742
26744 26746 26745
26744 26747 26746
26747 26748 26746
26747 26749 26748
26749 26750 26748
26749 26751 26750
26751 26752 26750
26752 26751 26753
26754 26752 26753
26754 26753 26755
26756 26755 26753
26756 26757 26755
26756 26758 26757
26759 26757 26758
26759 26758 26760
26761 26759 26760
26761 26760 26762
26763 26761 26762
26763 26762 26764
26765 26766 26767
26768 26766 26765
26768 26765 26769
26768 26769 26770
26768 26770 26771
26772 26771 26770
26772 26773 26771
26773 26772 26774
26773 26774 26775
26775 26774 26776
26775 26776 26777
26778 26777 26776
26773 26775 26779
26779 26775 26777
26773 26779 26780
26771 26773 26780
26771 26780 26781
26782 26771 26781
26782 26783 26771
26784 26783 26782
26784 26782 26785
26785 26786 26784
26779 26777 26787
26778 26788 26777
26788 26787 26777
26789 26788 26778
26788 26790 26787
26789 26790 26788
26791 26792 26793
26794 26793 26792
26794 26792 26795
26796 26794 26795
26797 26794 26796
26794 26797 26798
26796 26795 26799
26799 26795 26800
26801 26802 26803
26801 26804 26802
26805 26804 26801
26802 26804 26806
26807 26808 26809
26808 26810 26809
26810 26811 26809
26810 26812 26811
26810 26808 26813
26812 26810 26814
26812 26814 26815
26815 26814 26816
26817 26814 26810
26810 26813 26817
26817 26818 26814
26817 26813 26819
26819 26818 26817
26819 26820 26818
26820 26821 26818
26822 26818 26821
26823 26820 26819
26821 26820 26823
26813 26824 26819
26821 26823 26825
26822 26821 26826
26827 26822 26826
26822 26827 26828
26821 26829 26826
26821 26830 26829
26821 26825 26830
26825 26831 26830
26825 26832 26831
26824 26813 26833
26813 26834 26833
26813 26835 26834
26836 26824 26833
26834 26836 26833
26824 26836 26837
26837 26836 26838
26834 26838 26836
26837 26838 26839
26834 26835 26840
26840 26835 26841
26834 26840 26842
26834 26842 26843
26838 26834 26843
26843 26844 26838
26844 26845 26838
26845 26839 26838
26845 26846 26839
26846 26847 26839
26848 26849 26850
26848 26851 26849
26848 26852 26851
26853 26854 26855
26856 26854 26853
26856 26853 26857
26858 26859 26860
26861 26860 26859
26861 26859 26862
26863 26861 26862
26863 26864 26861
26863 26865 26864
26863 26866 26865
26866 26867 26865
26866 26868 26867
26869 26867 26868
26869 26870 26867
26870 26869 26871
26870 26871 26872
26871 26873 26872
26871 26874 26873
26874 26875 26873
26874 26876 26875
26875 26876 26877
26875 26877 26878
26877 26879 26878
26877 26880 26879
26881 26882 26883
26882 26881 26884
26882 26884 26885
26885 26884 26886
26882 26885 26887
26882 26887 26888
26889 26888 26887
26886 26890 26885
26890 26887 26885
26891 26889 26887
26890 26891 26887
26892 26889 26891
26892 26891 26890
26892 26890 26893
26886 26893 26890
26886 26894 26893
26894 26895 26893
26896 26897 26898
26896 26898 26899
26896 26899 26900
26899 26898 26901
26902 26903 26904
26902 26905 26903
26905 26902 26906
26905 26907 26903
26905 26906 26908
26905 26909 26907
26909 26905 26908
26909 26908 26910
26911 26907 26909
26909 26910 26912
26911 26909 26913
26909 26912 26913
26914 26911 26913
26912 26914 26913
26912 26915 26914
26914 26916 26911
26917 26914 26915
26916 26914 26918
26917 26918 26914
26916 26918 26919
26918 26917 26920
26921 26919 26918
26918 26920 26921
26921 26922 26919
26923 26921 26920
26922 26921 26924
26923 26924 26921
26922 26924 26925
26924 26923 26926
26925 26924 26927
26924 26926 26927
26925 26927 26928
26929 26928 26927
26930 26927 26926
26929 26927 26930
26930 26926 26931
26932 26929 26930
26932 26930 26931
26932 26933 26929
26932 26931 26934
26932 26935 26933
26935 26932 26934
26936 26937 26938
26939 26936 26938
26939 26668 26936
26940 26941 26942
26940 26943 26941
26943 26944 26941
26945 26943 26940
26943 26946 26944
26946 26947 26944
26945 26948 26943
26946 26943 26948
26949 26948 26945
26949 26945 26950
26946 26948 26951
26949 26951 26948
26946 26952 26947
26946 26951 26952
26953 26947 26952
26953 26954 26947
26953 26955 26954
26950 26956 26949
26950 26957 26956
26958 26952 26951
26958 26953 26952
26959 26956 26957
26959 26957 26960
26959 26960 26961
26959 26962 26956
26963 26956 26962
26962 26959 26964
26962 26964 26965
26965 26963 26962
26966 26963 26965
26965 26964 26967
26965 26967 26968
26968 26966 26965
26969 26966 26968
26970 26966 26969
26963 26971 26956
26949 26956 26971
26963 26972 26971
26972 26973 26971
26949 26971 26973
26949 26973 26951
26974 26951 26973
26972 26974 26973
26972 26975 26974
26974 26958 26951
26958 26974 26975
26970 26976 26966
26976 26970 26977
26976 26977 26978
26979 26978 26977
26979 26980 26978
26980 26979 26981
26980 26981 26982
26982 26981 26983
26982 26983 26984
26983 26985 26984
26980 26982 26986
26986 26982 26984
26984 26985 26987
26986 26984 26987
26985 26988 26987
26986 26987 26988
26986 26988 26989
26980 26986 26990
26989 26990 26986
26978 26980 26990
26989 26991 26990
26978 26990 26992
26991 26992 26990
26976 26978 26992
26991 26993 26992
26976 26992 26994
26993 26994 26992
26993 26995 26994
26966 26976 26994
26996 26994 26995
26966 26994 26997
26996 26997 26994
26966 26997 26963
26997 26996 26963
26963 26996 26972
26996 26998 26972
26999 26972 26998
26999 27000 26972
26972 27000 26975
26999 27001 27000
27001 26975 27000
26999 27002 27001
27002 27003 27001
27002 27004 27003
27005 27003 27004
27006 27001 27003
27001 27006 26975
27005 27007 27003
27006 27003 27007
27005 27008 27007
27008 27006 27007
27009 27008 27005
27008 27010 27006
27010 27008 27009
27010 26975 27006
27010 27009 27011
27010 27012 26975
26958 26975 27012
27010 27013 27012
27013 26958 27012
27010 27011 27013
27013 26953 26958
26953 27013 27014
27013 27011 27014
26953 27014 26955
27011 27015 27014
27015 26955 27014
27015 27016 26955
27015 27011 27017
27018 27016 27015
27015 27017 27019
27018 27015 27019
27017 27020 27019
27019 27020 27021
27018 27019 27022
27019 27021 27022
27018 27022 27023
27022 27021 27024
27023 27022 27025
27022 27024 27025
27023 27025 27026
27025 27024 27027
27028 27026 27025
27025 27027 27029
27028 27025 27029
27029 27027 27030
27028 27029 27030
27031 27028 27030
27031 27032 27033
27033 27032 27034
27034 27032 27035
27033 27034 27036
27036 27034 27035
27033 27036 27037
27036 27035 27038
27039 27037 27036
27040 27036 27038
27039 27036 27040
27040 27038 27041
27042 27039 27040
27043 27040 27041
27042 27040 27043
27043 27041 27044
27045 27043 27044
27042 27043 27046
27046 27043 27045
27042 27046 27047
27046 27045 27048
27046 27049 27047
27046 27050 27049
27048 27050 27046
27051 27049 27050
27051 27052 27049
27051 27053 27052
27054 27050 27048
27051 27050 27054
27055 27054 27048
27055 27048 27056
27055 27056 27057
27056 27058 27057
27051 27059 27053
27054 27060 27051
27060 27059 27051
27061 27053 27059
27061 27062 27053
27055 27063 27054
27054 27063 27060
27055 27064 27063
27060 27063 27064
27057 27065 27055
27055 27065 27064
27058 27066 27057
27057 27066 27065
27058 27067 27066
27065 27066 27067
27058 27068 27067
27069 27067 27068
27065 27067 27070
27069 27070 27067
27070 27064 27065
27071 27070 27069
27071 27072 27070
27070 27072 27064
27071 27073 27072
27073 27064 27072
27071 27074 27073
27075 27073 27074
27076 27073 27075
27073 27077 27064
27060 27064 27077
27077 27078 27060
27060 27078 27059
27061 27059 27078
27073 27079 27077
27077 27079 27078
27073 27080 27079
27076 27080 27073
27081 27078 27079
27081 27079 27080
27061 27078 27082
27081 27082 27078
27061 27082 27083
27083 27062 27061
27083 27084 27062
27085 27084 27083
27085 27086 27084
27087 27085 27083
27087 27083 27082
27081 27087 27082
27081 27088 27087
27081 27080 27089
27088 27081 27089
27076 27089 27080
27088 27089 27090
27091 27090 27089
27091 27092 27090
27091 27093 27092
27091 27089 27094
27076 27094 27089
27094 27095 27091
27094 27096 27095
27096 27094 27076
27096 27097 27095
27096 27098 27097
27098 27096 27099
27099 27096 27076
27100 27098 27099
27101 27100 27099
27099 27076 27102
27102 27076 27075
27101 27099 27103
27099 27102 27103
27103 27104 27101
27075 27105 27102
27102 27105 27103
27075 27106 27105
27107 27105 27106
27107 27108 27105
27103 27105 27108
27109 27108 27107
27103 27110 27104
27103 27108 27110
27111 27104 27110
27109 27112 27108
27110 27108 27112
27113 27112 27109
27111 27110 27114
27110 27112 27114
27114 27115 27111
27113 27116 27112
27114 27112 27116
27116 27113 27117
27114 27118 27115
27114 27116 27118
27118 27119 27115
27118 27120 27119
27116 27120 27118
27119 27120 27121
27121 27122 27117
27116 27117 27122
27116 27122 27120
27120 27122 27121
27123 27124 27125
27123 27126 27124
27127 27126 27123
27127 27128 27126
27129 27128 27127
27129 27130 27128
27131 27130 27129
27131 27132 27130
27133 27132 27131
27133 27134 27132
27135 27134 27133
27135 27136 27134
27135 27137 27136
27135 27138 27137
27138 27139 27137
27138 27140 27139
27140 27141 27139
27140 27142 27141
27142 27143 27141
27142 27144 27143
27144 27145 27143
27144 27146 27145
27146 27147 27145
27146 27148 27147
27149 27150 27151
27149 27151 27152
27152 27151 27153
27152 27154 27149
27153 27154 27152
27154 27155 27149
27154 27156 27155
27154 27157 27156
27156 27157 27158
27157 27159 27158
27157 27160 27159
27157 27161 27160
27153 27162 27154
27162 27157 27154
27153 27163 27162
27163 27164 27162
27165 27163 27153
27166 27163 27165
27164 27163 27166
27166 27165 27167
27164 27166 27168
27164 27168 27169
27161 27157 27170
27161 27170 27171
27172 27171 27170
27162 27173 27157
27157 27173 27170
27172 27170 27174
27175 27172 27174
27170 27173 27176
27162 27176 27173
27170 27176 27174
27175 27174 27177
27178 27175 27177
27174 27176 27179
27174 27179 27177
27162 27179 27176
27177 27179 27180
27181 27177 27180
27162 27182 27179
27182 27183 27179
27162 27184 27182
27162 27185 27184
27164 27185 27162
27164 27186 27185
27185 27186 27184
27187 27182 27184
27188 27182 27187
27189 27188 27187
27184 27186 27190
27187 27184 27191
27192 27187 27191
27192 27193 27187
27193 27194 27187
27186 27195 27190
27186 27196 27195
27164 27197 27186
27196 27186 27197
27196 27197 27198
27164 27169 27197
27198 27197 27169
27198 27169 27199
27169 27200 27199
27169 27201 27200
27169 27202 27201
27169 27203 27202
27204 27202 27203
27201 27205 27200
27205 27206 27200
27207 27206 27205
27202 27208 27201
27201 27208 27205
27204 27209 27202
27210 27208 27202
27209 27210 27202
27211 27208 27210
27205 27208 27211
27210 27209 27212
27210 27213 27211
27214 27209 27204
27214 27204 27215
27216 27209 27214
27216 27212 27209
27207 27205 27217
27205 27211 27217
27218 27207 27217
27211 27218 27217
27211 27213 27218
27218 27219 27207
27218 27220 27219
27216 27221 27212
27216 27222 27221
27223 27221 27222
27213 27224 27218
27218 27224 27220
27213 27225 27224
27225 27213 27210
27226 27220 27224
27225 27226 27224
27220 27226 27227
27226 27228 27227
27225 27229 27226
27226 27229 27228
27228 27229 27230
27228 27230 27231
27229 27232 27230
27225 27233 27229
27210 27233 27225
27229 27233 27232
27210 27232 27233
27210 27234 27232
27235 27232 27234
27235 27234 27236
27237 27235 27236
27237 27236 27238
27239 27234 27210
27236 27234 27239
27238 27236 27240
27236 27239 27240
27238 27240 27241
27241 27240 27242
27243 27239 27210
27212 27243 27210
27212 27221 27243
27240 27239 27244
27243 27244 27239
27242 27240 27245
27240 27244 27245
27245 27246 27242
27246 27245 27247
27221 27248 27243
27248 27244 27243
27245 27244 27249
27248 27249 27244
27250 27247 27245
27245 27249 27250
27250 27251 27247
27250 27252 27251
27253 27248 27221
27223 27253 27221
27249 27248 27254
27253 27254 27248
27223 27255 27253
27253 27255 27254
27223 27256 27255
27250 27249 27257
27249 27254 27257
27258 27252 27250
27250 27257 27258
27258 27259 27252
27259 27258 27260
27261 27257 27254
27258 27257 27261
27260 27258 27262
27258 27261 27262
27262 27263 27260
27263 27262 27264
27264 27262 27265
27261 27265 27262
27265 27266 27264
27267 27266 27265
27261 27254 27268
27254 27255 27268
27267 27265 27269
27270 27267 27269
27269 27271 27270
27261 27272 27265
27272 27261 27268
27272 27269 27265
27255 27273 27268
27272 27268 27273
27255 27274 27273
27274 27272 27273
27255 27275 27274
27276 27271 27269
27276 27277 27271
27272 27278 27269
27274 27278 27272
27278 27276 27269
27274 27275 27279
27274 27279 27278
27278 27279 27276
27275 27280 27279
27281 27279 27280
27281 27276 27279
27277 27276 27281
27277 27281 27282
27283 27284 27285
27283 27286 27284
27286 27283 27287
27288 27289 27290
27288 27290 27291
27291 27290 27292
27293 27294 27295
27293 27295 27296
27295 27297 27296
27298 27299 27300
27300 27299 27301
27300 27301 27302
27303 27304 27305
27303 27306 27304
27307 27306 27303
27307 27303 27308
27309 27307 27308
27310 27311 27312
27310 27313 27311
27314 27313 27310
27313 27314 27315
27311 27313 27315
27311 27315 27316
27317 27318 27319
27317 27320 27318
27321 27320 27317
27321 27322 27320
27323 27322 27321
27323 27324 27322
27325 27326 27327
27325 27327 27328
27329 27330 27331
27329 27332 27330
27333 27332 27329
27333 27334 27332
27335 27334 27333
27335 27336 27334
27337 27336 27335
27337 27338 27336
27339 27338 27337
27339 27337 27340
27341 27342 27343
27341 27343 27344
27345 27346 27347
27345 27347 27348
27347 27349 27348
27350 27351 27352
27350 27352 27353
27354 27355 27356
27354 27356 27357
27356 27358 27357
27356 27359 27358
27359 27360 27358
27359 27361 27360
27362 27363 27364
27362 27364 27365
27366 27367 27368
27366 27368 27369
27370 27371 27372
27370 27372 27373
27374 27375 27376
27374 27376 27377
27378 27374 27377
27378 27379 27374
27380 27381 27382
27380 27382 27383
27384 27380 27383
27384 27385 27380
27386 27387 27388
27386 27388 27389
27390 27391 27392
27390 27392 27393
27394 27395 27396
27394 27396 27397
27398 27399 27400
27398 27400 27401
27402 27403 27404
27402 27404 27405
27406 27407 27408
27406 27408 27409
27410 27411 27412
27410 27412 27413
27414 27415 27416
27414 27416 27417
27416 27418 27417
27416 27419 27418
27420 27421 27422
27420 27422 27423
27424 27425 27426
27424 27426 27427
27428 27429 27430
27428 27430 27431
27432 27433 27434
27432 27434 27435
27436 27437 27438
27436 27438 27439
27440 27441 27442
27440 27442 27443
27444 27445 27446
27444 27446 27447
27448 27449 27450
27448 27450 27451
27452 27453 27454
27452 27454 27455
27456 27457 27458
27456 27458 27459
27460 27461 27462
27460 27462 27463
27464 27465 27466
27464 27466 27467
27468 27469 27470
27468 27470 27471
27472 27473 27474
27472 27474 27475
27476 27477 27478
27476 27478 27479
27480 27481 27482
27480 27482 27483
27484 27485 27486
27484 27486 27487
27488 27489 27490
27488 27490 27491
27492 27493 27494
27492 27494 27495
27494 27496 27495
27494 27497 27496
27498 27499 27500
27498 27500 27501
27502 27503 27504
27502 27504 27505
27506 27507 27508
27506 27508 27509
27510 27511 27512
27510 27512 27513
27514 27515 27516
27514 27516 27517
27518 27519 27520
27518 27520 27521
27522 27523 27524
27522 27524 27525
27526 27527 27528
27526 27528 27529
27530 27526 27529
27530 27531 27526
27532 27533 27534
27532 27534 27535
27536 27537 27538
27536 27538 27539
27540 27541 27542
27540 27542 27543
27544 27545 27546
27544 27546 27547
27548 27549 27550
27548 27550 27551
27552 27553 27554
27552 27554 27555
27556 27557 27558
27556 27558 27559
27560 27561 27562
27560 27562 27563
27564 27565 27566
27564 27566 27567
27566 27568 27567
27566 27569 27568
27570 27571 27572
27570 27572 27573
27572 27574 27573
27572 27575 27574
27576 27577 27578
27576 27578 27579
27580 27581 27582
27580 27582 27583
27584 27585 27586
27584 27586 27587
27586 27588 27587
27586 27589 27588
27590 27591 27592
27590 27592 27593
27594 27595 27596
27594 27596 27597
27598 27599 27600
27598 27600 27601
27600 27602 27601
27600 27603 27602
27604 27605 27606
27604 27606 27607
27608 27609 27610
27608 27610 27611
27612 27613 27614
27612 27614 27615
27616 27617 27618
27616 27618 27619
27620 27621 27622
27620 27622 27623
27624 27625 27623
27624 27626 27625
27627 27628 27629
27627 27629 27630
27631 27632 27633
27631 27633 27634
27635 27636 27637
27635 27637 27638
27639 27640 27641
27639 27641 27642
27643 27644 27645
27643 27645 27646
27647 27648 27649
27647 27649 27650
27651 27652 27653
27651 27653 27654
27655 27656 27657
27655 27657 27658
27659 27660 27661
27659 27661 27662
27663 27664 27665
27663 27665 27666
27667 27668 27669
27667 27669 27670
27671 27672 27673
27671 27673 27674
27675 27676 27677
27675 27677 27678
27679 27680 27681
27679 27681 27682
27683 27684 27685
27683 27685 27686
27687 27688 27689
27687 27689 27690
27691 27692 27693
27691 27693 27694
27695 27696 27697
27695 27697 27698
27699 27700 27701
27699 27701 27702
27703 27704 27705
27703 27705 27706
27707 27708 27709
27707 27709 27710
27711 27712 27713
27711 27713 27714
27715 27716 27717
27715 27717 27718
27719 27720 27721
27719 27721 27722
27723 27724 27725
27723 27725 27726
27727 27728 27729
27727 27729 27730
27731 27732 27733
27731 27733 27734
27735 27736 27737
27735 27737 27738
27739 27740 27741
27739 27741 27742
27743 27744 27745
27743 27745 27746
27747 27748 27749
27747 27749 27750
27751 27752 27753
27751 27753 27754
27755 27756 27757
27755 27757 27758
27759 27760 27761
27759 27761 27762
27763 27764 27765
27763 27765 27766
27767 27768 27769
27767 27769 27770
27771 27772 27773
27771 27773 27774
27775 27776 27777
27775 27777 27778
27779 27780 27781
27779 27781 27782
27783 27784 27785
27783 27785 27786
27787 27788 27789
27787 27789 27790
27791 27792 27793
27791 27793 27794
27795 27796 27797
27795 27797 27798
27799 27800 27801
27802 27799 27801
27803 27804 27805
27803 27805 27806
27807 27808 27809
27807 27809 27810
27807 27810 27811
27807 27811 27812
27813 27812 27811
27813 27814 27812
27815 27814 27813
27815 27813 27816
27817 27815 27816
27817 27816 27818
27817 27818 27819
27820 27821 27822
27820 27823 27821
27824 27821 27823
27824 27823 27825
27825 27826 27824
27827 27824 27826
27827 27828 27824
27829 27828 27827
27829 27827 27830
27831 27829 27830
27831 27832 27829
27831 27833 27832
27831 27834 27833
27834 27835 27833
27834 27836 27835
27837 27835 27836
27837 27836 27838
27837 27838 27839
27837 27839 27840
27841 27840 27839
27841 27842 27840
27843 27842 27841
27843 27844 27842
27845 27846 27847
27845 27847 27848
27848 27847 27849
27850 27845 27848
27848 27849 27851
27851 27849 27852
27850 27848 27853
27851 27853 27848
27854 27850 27853
27854 27855 27850
27851 27856 27853
27854 27853 27856
27851 27852 27857
27851 27857 27856
27858 27857 27852
27858 27852 27859
27858 27859 27860
27855 27854 27861
27855 27861 27862
27863 27856 27857
27863 27857 27858
27864 27862 27861
27864 27865 27862
27864 27866 27865
27864 27861 27867
27868 27867 27861
27867 27869 27864
27867 27870 27869
27870 27867 27868
27871 27870 27868
27870 27872 27869
27870 27873 27872
27873 27870 27871
27874 27873 27871
27875 27874 27871
27868 27861 27876
27854 27876 27861
27868 27876 27877
27877 27876 27878
27854 27878 27876
27854 27856 27878
27879 27878 27856
27877 27878 27879
27877 27879 27880
27879 27856 27863
27863 27880 27879
27875 27871 27881
27881 27882 27875
27881 27883 27882
27884 27882 27883
27884 27883 27885
27885 27886 27884
27885 27887 27886
27887 27888 27886
27887 27889 27888
27888 27889 27890
27885 27891 27887
27891 27889 27887
27889 27892 27890
27891 27892 27889
27890 27892 27893
27891 27893 27892
27891 27894 27893
27885 27895 27891
27894 27891 27895
27883 27895 27885
27894 27895 27896
27883 27897 27895
27896 27895 27897
27881 27897 27883
27896 27897 27898
27881 27899 27897
27898 27897 27899
27898 27899 27900
27871 27899 27881
27901 27900 27899
27871 27902 27899
27901 27899 27902
27871 27868 27902
27902 27868 27901
27868 27877 27901
27901 27877 27903
27904 27903 27877
27904 27877 27905
27877 27880 27905
27904 27905 27906
27906 27905 27880
27904 27906 27907
27907 27906 27908
27907 27908 27909
27910 27909 27908
27911 27908 27906
27906 27880 27911
27910 27908 27912
27911 27912 27908
27910 27912 27913
27913 27912 27911
27914 27910 27913
27913 27911 27915
27915 27914 27913
27915 27911 27880
27915 27916 27914
27915 27880 27917
27863 27917 27880
27915 27917 27918
27918 27917 27863
27915 27918 27916
27918 27863 27858
27858 27919 27918
27918 27919 27916
27858 27860 27919
27916 27919 27920
27920 27919 27860
27920 27860 27921
27920 27922 27916
27923 27920 27921
27920 27924 27922
27923 27924 27920
27922 27924 27925
27924 27926 27925
27923 27927 27924
27924 27927 27926
27923 27928 27927
27927 27929 27926
27928 27930 27927
27927 27930 27929
27928 27931 27930
27930 27932 27929
27933 27930 27931
27930 27934 27932
27933 27934 27930
27934 27935 27932
27933 27935 27934
27936 27935 27933
27936 27937 27938
27937 27939 27938
27939 27940 27938
27937 27941 27939
27941 27940 27939
27937 27942 27941
27941 27943 27940
27944 27941 27942
27945 27943 27941
27944 27945 27941
27945 27946 27943
27947 27945 27944
27948 27946 27945
27947 27948 27945
27948 27949 27946
27950 27949 27948
27947 27951 27948
27951 27950 27948
27947 27952 27951
27951 27953 27950
27951 27952 27954
27951 27954 27955
27953 27951 27955
27956 27955 27954
27956 27954 27957
27956 27957 27958
27959 27953 27955
27956 27959 27955
27960 27953 27959
27960 27961 27953
27960 27962 27961
27961 27962 27963
27956 27958 27964
27959 27956 27965
27965 27956 27964
27966 27964 27958
27966 27958 27967
27960 27959 27968
27959 27965 27968
27960 27968 27969
27965 27969 27968
27962 27960 27970
27960 27969 27970
27963 27962 27971
27962 27970 27971
27963 27971 27972
27970 27972 27971
27963 27972 27973
27974 27973 27972
27970 27975 27972
27974 27972 27975
27975 27970 27969
27976 27974 27975
27976 27975 27977
27975 27969 27977
27976 27977 27978
27978 27977 27969
27976 27978 27979
27980 27979 27978
27981 27980 27978
27978 27969 27982
27965 27982 27969
27982 27965 27983
27965 27964 27983
27966 27983 27964
27978 27982 27984
27982 27983 27984
27978 27984 27985
27981 27978 27985
27986 27984 27983
27986 27985 27984
27966 27987 27983
27986 27983 27987
27966 27988 27987
27988 27966 27967
27988 27967 27989
27990 27988 27989
27990 27989 27991
27992 27988 27990
27992 27987 27988
27986 27987 27992
27986 27992 27993
27986 27994 27985
27993 27994 27986
27981 27985 27994
27993 27995 27994
27996 27994 27995
27996 27995 27997
27996 27997 27998
27996 27999 27994
27981 27994 27999
27999 27996 28000
27999 28000 28001
28001 27981 27999
28001 28000 28002
28001 28002 28003
28003 28004 28001
28004 27981 28001
28005 28004 28003
28006 28004 28005
28004 28007 27981
28007 27980 27981
28006 28008 28004
28004 28008 28007
28008 28006 28009
27980 28007 28010
28007 28008 28010
27980 28010 28011
28012 28011 28010
28012 28010 28013
28008 28013 28010
28014 28012 28013
28008 28009 28015
28008 28015 28013
28016 28015 28009
28014 28013 28017
28015 28017 28013
28018 28014 28017
28016 28019 28015
28015 28019 28017
28019 28016 28020
28018 28017 28021
28019 28021 28017
28021 28022 28018
28019 28020 28023
28019 28023 28021
28023 28020 28024
28023 28024 28025
28021 28023 28025
28024 28026 28025
28026 28022 28027
28021 28027 28022
28021 28025 28027
28025 28026 28027
28028 28029 28030
28028 28030 28031
28032 28028 28031
28032 28031 28033
28034 28032 28033
28034 28033 28035
28036 28034 28035
28036 28035 28037
28038 28036 28037
28038 28037 28039
28040 28038 28039
28040 28039 28041
28040 28041 28042
28040 28042 28043
28043 28042 28044
28043 28044 28045
28045 28044 28046
28045 28046 28047
28047 28046 28048
28047 28048 28049
28049 28048 28050
28049 28050 28051
28051 28050 28052
28051 28052 28053
28054 28055 28056
28054 28057 28055
28057 28058 28055
28057 28054 28059
28058 28057 28059
28059 28054 28060
28059 28060 28061
28059 28061 28062
28061 28063 28062
28062 28063 28064
28062 28064 28065
28062 28065 28066
28058 28059 28067
28067 28059 28062
28058 28067 28068
28068 28067 28069
28070 28058 28068
28071 28070 28068
28069 28071 28068
28071 28072 28070
28069 28073 28071
28069 28074 28073
28066 28075 28062
28066 28076 28075
28077 28075 28076
28067 28062 28078
28062 28075 28078
28077 28079 28075
28080 28079 28077
28075 28081 28078
28067 28078 28081
28075 28079 28081
28080 28082 28079
28083 28082 28080
28079 28084 28081
28079 28082 28084
28067 28081 28084
28082 28085 28084
28086 28085 28082
28067 28084 28087
28087 28084 28088
28067 28087 28089
28067 28089 28090
28069 28067 28090
28069 28090 28091
28090 28089 28091
28092 28089 28087
28093 28092 28087
28094 28092 28093
28089 28095 28091
28092 28096 28089
28097 28096 28092
28097 28092 28098
28098 28092 28099
28091 28095 28100
28091 28100 28101
28069 28091 28102
28101 28102 28091
28101 28103 28102
28069 28102 28074
28103 28074 28102
28103 28104 28074
28074 28104 28105
28074 28105 28106
28074 28106 28107
28074 28107 28108
28109 28108 28107
28106 28105 28110
28110 28105 28111
28112 28110 28111
28107 28106 28113
28106 28110 28113
28109 28107 28114
28115 28107 28113
28114 28107 28115
28116 28115 28113
28110 28116 28113
28115 28117 28114
28115 28116 28118
28119 28109 28114
28119 28120 28109
28121 28119 28114
28121 28114 28117
28112 28122 28110
28110 28122 28116
28123 28122 28112
28116 28122 28123
28116 28123 28118
28123 28112 28124
28123 28124 28125
28121 28117 28126
28121 28126 28127
28128 28127 28126
28118 28123 28129
28123 28125 28129
28118 28129 28130
28130 28115 28118
28131 28129 28125
28130 28129 28131
28125 28132 28131
28131 28132 28133
28130 28131 28134
28131 28133 28134
28133 28135 28134
28133 28136 28135
28134 28135 28137
28130 28134 28138
28115 28130 28138
28134 28137 28138
28115 28138 28137
28115 28137 28139
28140 28139 28137
28140 28141 28139
28142 28141 28140
28142 28143 28141
28144 28115 28139
28141 28144 28139
28143 28145 28141
28141 28145 28144
28143 28146 28145
28146 28147 28145
28148 28115 28144
28117 28115 28148
28117 28148 28126
28147 28149 28145
28149 28147 28150
28150 28151 28149
28145 28152 28144
28148 28144 28152
28145 28149 28152
28126 28148 28153
28153 28148 28152
28154 28149 28151
28154 28151 28155
28154 28155 28156
28149 28157 28152
28153 28152 28157
28149 28154 28157
28158 28126 28153
28128 28126 28158
28159 28154 28156
28159 28156 28160
28160 28161 28159
28157 28162 28153
28158 28153 28162
28128 28158 28163
28158 28162 28163
28128 28163 28164
28154 28165 28157
28154 28159 28165
28157 28165 28162
28161 28166 28159
28166 28161 28167
28167 28168 28166
28159 28169 28165
28169 28162 28165
28159 28166 28169
28168 28170 28166
28169 28166 28170
28170 28168 28171
28172 28170 28171
28169 28173 28162
28162 28173 28163
28172 28174 28170
28175 28174 28172
28174 28175 28176
28169 28170 28177
28177 28173 28169
28177 28170 28174
28163 28173 28178
28177 28178 28173
28163 28178 28179
28179 28178 28177
28163 28179 28180
28181 28174 28176
28181 28176 28182
28177 28174 28183
28179 28177 28183
28183 28174 28181
28179 28184 28180
28179 28183 28184
28183 28181 28184
28180 28184 28185
28186 28185 28184
28186 28184 28181
28182 28186 28181
28182 28187 28186
28188 28189 28190
28188 28190 28191
28191 28192 28188
28193 28194 28195
28193 28196 28194
28196 28197 28194
28198 28199 28200
28198 28201 28199
28199 28201 28202
28203 28204 28205
28204 28206 28205
28204 28207 28206
28208 28209 28210
28208 28210 28211
28212 28208 28211
28212 28213 28208
28214 28213 28212
28215 28216 28217
28215 28217 28218
28219 28215 28218
28218 28220 28219
28217 28220 28218
28217 28221 28220
28222 28223 28224
28222 28224 28225
28226 28222 28225
28226 28225 28227
28228 28226 28227
28228 28227 28229
28230 28231 28232
28230 28232 28233
28234 28235 28236
28234 28236 28237
28238 28234 28237
28238 28237 28239
28240 28238 28239
28240 28239 28241
28242 28240 28241
28242 28241 28243
28244 28242 28243
28244 28245 28242
28246 28247 28248
28246 28248 28249
28250 28251 28252
28250 28253 28251
28251 28253 28254
28255 28256 28257
28255 28257 28258
28259 28260 28261
28259 28262 28260
28260 28262 28263
28260 28263 28264
28264 28263 28265
28264 28265 28266
28267 28268 28269
28267 28269 28270
28271 28272 28273
28271 28273 28274
28275 28276 28277
28275 28277 28278
28279 28280 28281
28279 28282 28280
28283 28282 28279
28283 28279 28284
28285 28286 28287
28285 28288 28286
28289 28288 28285
28289 28285 28290
28291 28292 28293
28291 28293 28294
28295 28296 28297
28295 28297 28298
28299 28300 28301
28299 28301 28302
28303 28304 28305
28303 28305 28306
28307 28308 28309
28307 28309 28310
28311 28312 28313
28311 28313 28314
28315 28316 28317
28315 28317 28318
28319 28320 28321
28319 28322 28320
28320 28322 28323
28320 28323 28324
28325 28326 28327
28325 28327 28328
28329 28330 28331
28329 28331 28332
28333 28334 28335
28333 28335 28336
28337 28338 28339
28337 28339 28340
28341 28342 28343
28341 28343 28344
28345 28346 28347
28345 28347 28348
28349 28350 28351
28349 28351 28352
28353 28354 28355
28353 28355 28356
28357 28358 28359
28357 28359 28360
28361 28362 28363
28361 28363 28364
28365 28366 28367
28365 28367 28368
28369 28370 28371
28369 28371 28372
28373 28374 28375
28373 28375 28376
28377 28378 28379
28377 28379 28380
28381 28382 28383
28381 28383 28384
28385 28386 28387
28385 28387 28388
28389 28390 28391
28389 28391 28392
28393 28394 28395
28393 28395 28396
28397 28398 28399
28397 28400 28398
28398 28400 28401
28398 28401 28402
28403 28404 28405
28403 28405 28406
28407 28408 28409
28407 28409 28410
28411 28412 28413
28411 28413 28414
28415 28416 28417
28415 28417 28418
28419 28420 28421
28419 28421 28422
28423 28424 28425
28423 28425 28426
28427 28428 28429
28427 28429 28430
28431 28432 28433
28431 28434 28432
28435 28434 28431
28435 28431 28436
28437 28438 28439
28437 28439 28440
28441 28442 28443
28441 28443 28444
28445 28446 28447
28445 28447 28448
28449 28450 28451
28449 28451 28452
28453 28454 28455
28453 28455 28456
28457 28458 28459
28457 28459 28460
28461 28462 28463
28461 28463 28464
28465 28466 28467
28465 28467 28468
28469 28470 28471
28469 28472 28470
28470 28472 28473
28470 28473 28474
28475 28476 28477
28475 28478 28476
28476 28478 28479
28476 28479 28480
28481 28482 28483
28481 28483 28484
28485 28486 28487
28485 28487 28488
28489 28490 28491
28489 28492 28490
28490 28492 28493
28490 28493 28494
28495 28496 28497
28495 28497 28498
28499 28500 28501
28499 28501 28502
28503 28504 28505
28503 28506 28504
28504 28506 28507
28504 28507 28508
28509 28510 28511
28509 28511 28512
28513 28514 28515
28513 28515 28516
28517 28518 28519
28517 28519 28520
28521 28522 28523
28521 28523 28524
28525 28526 28527
28525 28528 28526
28526 28528 28529
28526 28529 28530
28531 28532 28533
28531 28533 28534
28535 28536 28537
28535 28537 28538
28539 28540 28541
28539 28541 28542
28543 28544 28545
28543 28545 28546
28547 28548 28549
28547 28549 28550
28551 28552 28553
28551 28553 28554
28555 28556 28557
28555 28557 28558
28559 28560 28561
28559 28561 28562
28563 28564 28565
28563 28565 28566
28567 28568 28569
28567 28569 28570
28571 28572 28573
28571 28573 28574
28575 28576 28577
28575 28577 28578
28579 28580 28581
28579 28581 28582
28583 28584 28585
28583 28585 28586
28587 28588 28589
28587 28589 28590
28591 28592 28593
28591 28593 28594
28595 28596 28597
28595 28597 28598
28599 28600 28601
28599 28601 28602
28603 28604 28605
28603 28605 28606
28607 28608 28609
28607 28609 28610
28611 28612 28613
28611 28613 28614
28615 28616 28617
28615 28617 28618
28619 28620 28621
28619 28621 28622
28623 28624 28625
28623 28625 28626
28627 28628 28629
28627 28629 28630
28631 28632 28633
28631 28633 28634
28635 28636 28637
28635 28637 28638
28639 28640 28641
28639 28641 28642
28643 28644 28645
28643 28645 28646
28647 28648 28649
28647 28649 28650
28651 28652 28653
28651 28653 28654
28655 28656 28657
28655 28657 28658
28659 28660 28661
28659 28661 28662
28663 28664 28665
28663 28665 28666
28667 28668 28669
28667 28669 28670
28671 28672 28673
28671 28673 28674
28675 28676 28677
28675 28677 28678
28679 28680 28681
28679 28681 28682
28683 28684 28685
28683 28685 28686
28687 28688 28689
28687 28689 28690
28691 28692 28693
28691 28693 28694
28695 28696 28697
28695 28697 28698
28699 28700 28701
28699 28701 28702
28703 28704 28705
28706 28704 28703
28707 28708 28709
28707 28709 28710
28711 28712 28713
28711 28714 28712
28711 28715 28714
28711 28716 28715
28717 28715 28716
28717 28716 28718
28719 28717 28718
28719 28720 28717
28721 28720 28719
28721 28722 28720
28721 28723 28722
28724 28725 28726
28724 28726 28727
28728 28727 28726
28728 28729 28727
28729 28728 28730
28731 28730 28728
28731 28728 28732
28733 28731 28732
28733 28734 28731
28735 28734 28733
28735 28733 28736
28735 28736 28737
28735 28737 28738
28738 28737 28739
28738 28739 28740
28741 28740 28739
28741 28742 28740
28741 28743 28742
28741 28744 28743
28745 28743 28744
28745 28744 28746
28747 28745 28746
28747 28746 28748
28749 28750 28751
28750 28752 28751
28750 28753 28752
28752 28753 28754
28755 28756 28757
28755 28758 28756
28756 28758 28759
28756 28759 28760
28760 28759 28761
28760 28761 28762
28763 28762 28761
28763 28761 28764
28763 28764 28765
28763 28765 28766
28766 28765 28767
28766 28767 28768
28768 28767 28769
28768 28769 28770
28770 28769 28771
28772 28770 28771
28773 28772 28771
28773 28774 28772
28775 28772 28774
28775 28774 28776
28775 28776 28777
28778 28777 28776
28778 28779 28777
28780 28779 28778
28780 28781 28779
28782 28781 28780
28782 28783 28781
28784 28785 28786
28787 28785 28784
28787 28784 28788
28789 28787 28788
28789 28790 28787
28791 28790 28789
28791 28789 28792
28791 28792 28793
28791 28794 28790
28794 28795 28790
28794 28796 28795
28795 28796 28797
28795 28797 28798
28797 28799 28798
28791 28800 28794
28791 28801 28800
28791 28793 28802
28791 28802 28801
28802 28793 28803
28804 28801 28802
28802 28803 28804
28804 28803 28805
28804 28806 28801
28804 28807 28806
28808 28809 28810
28809 28808 28811
28809 28811 28812
28811 28813 28812
28811 28814 28813
28813 28814 28815
28813 28815 28816
28816 28815 28817
28813 28816 28818
28813 28818 28819
28813 28819 28820
28813 28820 28821
28822 28821 28820
28822 28820 28823
28823 28824 28822
28825 28818 28816
28825 28816 28826
28816 28817 28826
28826 28827 28825
28817 28828 28826
28826 28828 28827
28817 28829 28828
28828 28829 28830
28827 28828 28831
28828 28830 28831
28827 28831 28832
28833 28831 28830
28833 28832 28831
28834 28835 28836
28834 28837 28835
28834 28838 28837
28839 28837 28838
28839 28840 28837
28841 28840 28839
28841 28842 28840
28842 28841 28843
28842 28844 28840
28844 28845 28840
28844 28846 28845
28847 28845 28846
28847 28846 28848
28848 28849 28847
28842 28850 28844
28850 28842 28851
28842 28843 28851
28850 28851 28852
28851 28853 28852
28854 28851 28843
28851 28854 28853
28854 28843 28855
28856 28853 28854
28857 28854 28855
28856 28854 28858
28857 28858 28854
28859 28856 28858
28859 28858 28857
28860 28861 28862
28863 28861 28860
28863 28860 28864
28865 28864 28860
28865 28866 28864
28863 28864 28867
28864 28866 28868
28869 28867 28864
28864 28868 28869
28869 28870 28867
28871 28869 28868
28869 28872 28870
28871 28873 28869
28869 28873 28872
28874 28873 28871
28874 28872 28873
28874 28875 28872
28874 28871 28876
28877 28875 28874
28878 28874 28876
28877 28874 28878
28878 28876 28879
28880 28877 28878
28881 28878 28879
28880 28878 28881
28881 28879 28882
28883 28880 28881
28882 28883 28881
28883 28884 28880
28882 28885 28883
28886 28884 28883
28885 28886 28883
28886 28887 28884
28885 28888 28886
28887 28886 28889
28886 28888 28889
28890 28891 28892
28893 28892 28891
28893 28891 28894
28895 28893 28894
28895 28894 28896
28897 28895 28896
28897 28896 28898
28899 28897 28898
28899 28898 28900
28901 28899 28900
28901 28902 28899
28902 28901 28903
28902 28903 28904
28903 28905 28904
28903 28906 28905
28907 28905 28906
28907 28906 28908
28909 28907 28908
28909 28908 28910
28909 28910 28911
28909 28911 28912
28913 28912 28911
28913 28911 28914
28913 28914 28915
28913 28915 28916
28916 28915 28917
28916 28917 28918
28919 28918 28917
28920 28921 28922
28920 28922 28923
28923 28922 28924
28924 28925 28923
28924 28922 28926
28925 28924 28927
28924 28926 28928
28927 28924 28929
28929 28924 28928
28927 28929 28930
28929 28928 28931
28932 28930 28929
28933 28929 28931
28932 28929 28933
28931 28934 28933
28933 28935 28932
28936 28933 28934
28936 28935 28933
28937 28938 28939
28937 28940 28938
28941 28940 28937
28941 28942 28940
28940 28943 28938
28938 28943 28944
28938 28944 28945
28943 28940 28946
28940 28947 28946
28940 28942 28947
28942 28948 28947
28948 28942 28949
28950 28951 28952
28950 28953 28951
28953 28954 28951
28954 28953 28955
28954 28956 28951
28955 28957 28954
28954 28958 28956
28957 28959 28954
28959 28958 28954
28957 28960 28959
28961 28959 28960
28959 28962 28958
28963 28962 28959
28962 28963 28964
28965 28963 28959
28964 28963 28966
28963 28965 28966
28967 28968 28969
28967 28969 28970
28971 28967 28970
28971 28970 28972
28970 28969 28973
28969 28974 28973
28969 28975 28974
28973 28976 28970
28970 28976 28977
28970 28977 28972
28972 28977 28978
28978 28979 28972
28980 28981 28982
28983 28980 28982
28983 28982 28984
28985 28983 28984
28985 28984 28986
28987 28985 28986
28987 28986 28988
28989 28987 28988
28989 28988 28990
28991 28989 28990
28991 28990 28992
28993 28991 28992
28993 28992 28994
28993 28994 28995
28993 28995 28996
28995 28997 28996
28995 28998 28997
28998 28999 28997
28998 29000 28999
29000 29001 28999
29002 29003 29004
29002 29004 29005
29006 29005 29004
29006 29007 29005
29007 29006 29008
29007 29008 29009
29009 29008 29010
29009 29010 29011
29012 29011 29010
29012 29010 29013
29014 29015 29016
29014 29016 29017
29017 29016 29018
29017 29018 29019
29020 29019 29018
29020 29018 29021
29022 29023 29024
29022 29025 29023
29022 29026 29025
29022 29027 29026
29026 29027 29028
29026 29028 29029
29030 29029 29028
29030 29031 29029
29032 29031 29030
29032 29033 29031
29034 29035 29036
29034 29037 29035
29038 29037 29034
29038 29039 29037
29040 29041 29042
29040 29042 29043
29044 29045 29046
29044 29047 29045
29048 29047 29044
29048 29049 29047
29050 29049 29048
29050 29051 29049
29052 29053 29054
29052 29055 29053
29056 29055 29052
29056 29057 29055
29058 29059 29060
29058 29061 29059
29062 29059 29061
29062 29061 29063
29063 29064 29062
29063 29065 29064
29065 29066 29064
29065 29067 29066
29068 29066 29067
29068 29069 29066
29070 29071 29072
29070 29073 29071
29073 29074 29071
29073 29075 29074
29076 29074 29075
29076 29077 29074
29078 29079 29080
29078 29080 29081
29078 29081 29082
29078 29082 29083
29082 29084 29083
29082 29085 29084
29086 29084 29085
29086 29085 29087
29088 29086 29087
29088 29087 29089
29090 29091 29092
29090 29092 29093
29094 29090 29093
29094 29093 29095
29096 29097 29098
29096 29098 29099
29100 29101 29102
29100 29102 29103
29104 29100 29103
29104 29103 29105
29106 29104 29105
29106 29105 29107
29108 29109 29110
29108 29110 29111
29112 29108 29111
29112 29111 29113
29114 29115 29116
29114 29116 29117
29115 29114 29118
29119 29114 29117
29114 29120 29118
29119 29120 29114
29121 29122 29123
29124 29123 29122
29121 29125 29122
29126 29125 29121
29124 29122 29127
29124 29127 29128
29127 29129 29128
29129 29127 29122
29129 29122 29130
29130 29122 29125
29130 29125 29131
29126 29132 29125
29132 29131 29125
29132 29133 29131
29132 29126 29134
29132 29135 29133
29132 29134 29136
29132 29136 29135
29137 29136 29134
29135 29136 29138
29137 29138 29136
29135 29138 29139
29138 29137 29140
29139 29138 29141
29138 29140 29141
29139 29141 29142
29141 29143 29142
29140 29144 29141
29141 29144 29143
29140 29145 29144
29146 29144 29145
29143 29144 29147
29146 29147 29144
29143 29147 29148
29147 29146 29149
29150 29148 29147
29147 29149 29151
29150 29147 29151
29151 29149 29152
29151 29153 29150
29151 29152 29154
29151 29154 29153
29155 29154 29152
29153 29154 29156
29155 29156 29154
29153 29156 29157
29158 29156 29155
29157 29156 29159
29158 29159 29156
29157 29159 29160
29161 29159 29158
29161 29160 29159
29161 29158 29162
29161 29163 29160
29164 29161 29162
29161 29164 29163
29165 29166 29167
29165 29168 29166
29169 29167 29166
29169 29166 29168
29170 29171 29172
29173 29172 29171
29173 29174 29172
29173 29175 29174
29175 29176 29174
29175 29177 29176
29174 29176 29178
29177 29178 29176
29174 29178 29172
29177 29179 29178
29178 29179 29180
29178 29180 29181
29172 29178 29181
29182 29181 29180
29170 29172 29183
29172 29181 29183
29182 29184 29181
29183 29181 29184
29184 29182 29185
29170 29183 29186
29183 29184 29186
29170 29186 29187
29188 29187 29186
29184 29185 29189
29186 29184 29189
29188 29186 29190
29186 29189 29190
29185 29191 29189
29191 29190 29189
29185 29192 29191
29192 29193 29191
29192 29194 29193
29193 29194 29195
29196 29188 29190
29191 29196 29190
29196 29191 29193
29196 29197 29188
29197 29196 29198
29196 29193 29198
29193 29199 29198
29197 29198 29200
29199 29200 29198
29199 29201 29200
29202 29201 29199
29193 29195 29203
29193 29203 29199
29195 29204 29203
29199 29203 29204
29195 29205 29204
29202 29199 29206
29199 29204 29206
29207 29202 29206
29204 29207 29206
29207 29208 29202
29208 29207 29209
29205 29210 29204
29204 29210 29207
29207 29210 29209
29205 29211 29210
29210 29211 29209
