byte offset: 0
first index: 92853
index count: 3543
topology: trianglelist
format: DXGI_FORMAT_R16_UINT

29212 29213 29214
29212 29214 29215
29216 29212 29215
29216 29217 29212
29214 29218 29215
29218 29216 29215
29214 29219 29218
29218 29220 29216
29217 29216 29221
29221 29216 29220
29217 29221 29222
29221 29220 29223
29224 29222 29221
29224 29221 29223
29224 29223 29225
29224 29226 29222
29224 29225 29227
29228 29226 29224
29224 29227 29228
29228 29229 29226
29230 29228 29227
29229 29228 29230
29229 29230 29231
29230 29227 29232
29233 29231 29230
29232 29234 29230
29233 29230 29234
29232 29235 29234
29234 29236 29233
29235 29237 29234
29234 29237 29236
29235 29238 29237
29237 29238 29239
29236 29237 29240
29237 29239 29240
29236 29240 29241
29240 29239 29242
29240 29243 29241
29240 29242 29244
29240 29244 29243
29244 29242 29245
29243 29244 29246
29247 29248 29249
29247 29250 29248
29250 29251 29248
29250 29252 29251
29250 29247 29253
29250 29254 29252
29250 29253 29255
29250 29255 29254
29256 29255 29253
29254 29255 29257
29256 29257 29255
29254 29257 29258
29259 29257 29256
29258 29257 29259
29259 29256 29260
29258 29259 29261
29262 29259 29260
29263 29261 29259
29262 29263 29259
29263 29264 29261
29265 29264 29263
29266 29263 29262
29265 29263 29266
29266 29262 29267
29266 29268 29265
29267 29269 29266
29266 29269 29268
29267 29270 29269
29268 29269 29271
29271 29269 29270
29271 29270 29272
29268 29271 29273
29274 29271 29272
29275 29273 29271
29274 29275 29271
29275 29276 29273
29277 29275 29274
29276 29275 29277
29277 29274 29278
29276 29277 29279
29278 29280 29277
29277 29280 29279
29281 29282 29283
29281 29283 29284
29285 29281 29284
29285 29284 29286
29287 29284 29283
29284 29288 29286
29287 29289 29284
29284 29289 29288
29290 29289 29287
29291 29288 29289
29290 29292 29289
29291 29289 29292
29293 29292 29290
29291 29292 29293
29293 29290 29294
29291 29293 29295
29296 29293 29294
29297 29295 29293
29296 29297 29293
29297 29298 29295
29299 29298 29297
29300 29297 29296
29299 29297 29300
29300 29296 29301
29300 29302 29299
29301 29303 29300
29300 29303 29302
29301 29304 29303
29302 29303 29305
29305 29303 29304
29305 29304 29306
29302 29305 29307
29305 29306 29308
29309 29307 29305
29305 29308 29309
29309 29310 29307
29311 29309 29308
29310 29309 29311
29311 29308 29312
29310 29311 29313
29312 29314 29311
29311 29314 29313
29315 29316 29317
29315 29318 29316
29319 29318 29315
29319 29315 29320
29316 29318 29321
29319 29321 29318
29316 29321 29322
29319 29323 29321
29324 29323 29319
29325 29319 29320
29324 29319 29325
29325 29320 29326
29325 29326 29327
29324 29325 29328
29325 29327 29328
29324 29328 29329
29328 29327 29330
29331 29329 29328
29328 29330 29332
29331 29328 29332
29333 29332 29330
29334 29331 29332
29333 29334 29332
29334 29335 29331
29334 29336 29335
29334 29333 29337
29334 29338 29336
29334 29337 29338
29339 29336 29338
29337 29340 29338
29339 29338 29340
29337 29341 29340
29342 29339 29340
29341 29342 29340
29342 29343 29339
29341 29344 29342
29343 29342 29345
29345 29342 29344
29343 29345 29346
29345 29344 29347
29345 29348 29346
29347 29348 29345
29349 29350 29351
29349 29352 29350
29353 29350 29352
29353 29352 29354
29352 29349 29355
29356 29354 29352
29352 29355 29357
29356 29352 29357
29357 29355 29358
29359 29356 29357
29357 29358 29359
29359 29360 29356
29361 29360 29359
29358 29362 29359
29361 29359 29362
29358 29363 29362
29364 29361 29362
29365 29362 29363
29364 29362 29365
29365 29363 29366
29365 29366 29367
29364 29365 29368
29365 29367 29368
29364 29368 29369
29368 29367 29370
29368 29371 29369
29368 29370 29372
29368 29372 29371
29372 29370 29373
29374 29371 29372
29372 29373 29374
29374 29375 29371
29376 29375 29374
29377 29374 29373
29376 29374 29377
29377 29373 29378
29379 29376 29377
29380 29377 29378
29379 29377 29381
29380 29381 29377
29379 29381 29382
29381 29380 29382
29383 29384 29385
29383 29386 29384
29386 29383 29387
29388 29384 29386
29388 29389 29384
29386 29387 29390
29388 29386 29390
29388 29390 29391
29390 29387 29392
29393 29391 29390
29390 29392 29393
29393 29394 29391
29395 29393 29392
29394 29393 29395
29395 29392 29396
29394 29395 29397
29395 29396 29398
29399 29397 29395
29395 29398 29399
29399 29400 29397
29399 29401 29400
29398 29402 29399
29399 29402 29401
29398 29403 29402
29402 29404 29401
29405 29402 29403
29402 29406 29404
29405 29406 29402
29407 29404 29406
29407 29406 29405
29407 29408 29404
29407 29405 29409
29410 29408 29407
29411 29407 29409
29410 29407 29411
29411 29409 29412
29413 29410 29411
29414 29411 29412
29413 29411 29415
29414 29415 29411
29415 29416 29413
29414 29416 29415
29417 29418 29419
29417 29420 29418
29421 29420 29417
29421 29422 29420
29423 29418 29420
29423 29420 29422
29423 29424 29418
29424 29423 29425
29423 29422 29426
29426 29425 29423
29424 29425 29427
29426 29428 29425
29425 29429 29427
29425 29428 29430
29425 29431 29429
29425 29430 29431
29429 29431 29432
29430 29432 29431
29429 29432 29433
29430 29434 29432
29435 29433 29432
29434 29436 29432
29435 29432 29436
29434 29437 29436
29438 29435 29436
29437 29439 29436
29438 29436 29439
29437 29440 29439
29439 29440 29441
29442 29438 29439
29439 29441 29442
29442 29443 29438
29442 29441 29444
29445 29443 29442
29442 29444 29445
29445 29446 29443
29444 29447 29445
29445 29447 29446
29448 29449 29450
29448 29450 29451
29451 29450 29452
29448 29451 29453
29448 29453 29454
29451 29455 29453
29451 29452 29456
29451 29456 29455
29456 29452 29457
29456 29458 29455
29456 29457 29459
29456 29459 29458
29459 29457 29460
29458 29459 29461
29459 29460 29461
29458 29461 29462
29463 29462 29461
29460 29464 29461
29463 29461 29464
29460 29465 29464
29466 29463 29464
29466 29464 29465
29466 29467 29463
29466 29465 29468
29466 29469 29467
29470 29466 29468
29466 29470 29469
29470 29468 29471
29472 29470 29471
29469 29470 29473
29472 29473 29470
29469 29473 29474
26849 29474 29473
26849 29473 26850
29472 26850 29473
29472 29475 26850
26850 29475 29476
26850 29476 26848
29476 26852 26848
29477 29478 29479
29477 29479 29480
29480 29481 29477
29480 29482 29481
29482 29483 29481
29482 29484 29483
29484 29485 29483
29484 29486 29485
29486 29487 29485
29487 29488 29485
29487 29489 29488
29490 29488 29489
29490 29491 29488
29492 29491 29490
29492 29493 29491
29494 29493 29492
29494 29495 29493
29496 29495 29494
29496 29497 29495
29498 29497 29496
29498 29496 29499
29500 29498 29499
29500 29499 29501
29499 29502 29501
29501 29502 29503
29501 29503 29504
29503 29505 29504
29503 29506 29505
29505 29506 29507
29505 29507 29508
29509 29508 29507
29509 29507 29510
29511 29510 29512
29511 29512 29513
29514 29513 29512
29514 29512 29515
29515 29516 29514
29515 29517 29516
29518 29516 29517
29518 29519 29516
29520 29519 29518
29520 29521 29519
29522 29521 29520
29522 29520 29523
29524 29525 29526
29524 29526 29527
29527 29528 29524
29527 29529 29528
29528 29529 29530
29528 29530 29531
29532 29531 29530
29532 29533 29531
29532 29534 29533
29532 29535 29534
29535 29536 29534
29535 29537 29536
29537 29538 29539
29537 29540 29538
29541 29538 29540
29541 29540 29542
29543 29541 29542
29543 29542 29544
29545 29543 29544
29545 29544 29546
29547 29545 29546
29547 29546 29548
29547 29548 29549
29547 29549 29550
29550 29549 29551
29550 29551 29552
29553 29552 29551
29553 29551 29554
29555 29553 29554
29555 29556 29553
29555 29557 29556
29555 29558 29557
29557 29558 29559
29557 29559 29560
29559 29561 29560
29559 29562 29561
29561 29562 29563
29561 29563 29564
29564 29563 29565
29564 29565 29566
29566 29565 29567
29566 29567 29568
29569 29568 29567
29569 29570 29568
29571 29572 29573
29571 29574 29572
29574 29575 29572
29574 29576 29575
29576 29577 29575
29576 29578 29577
29577 29578 29579
29577 29579 29580
29580 29579 29581
29582 29580 29581
29582 29581 29583
29583 29584 29582
29583 29585 29584
29584 29585 29586
29584 29586 29587
29588 29587 29586
29588 29586 29589
29590 29588 29589
29590 29589 29591
29591 29592 29590
29591 29593 29592
29594 29592 29593
29594 29593 29595
29596 29594 29595
29596 29597 29594
29596 29598 29597
29599 29597 29598
29599 29598 29600
29599 29600 29601
29602 29599 29601
29602 29601 29603
29604 29602 29603
29604 29605 29602
29606 29605 29604
29606 29604 29607
29608 29606 29607
29608 29609 29606
29608 29610 29609
29608 29611 29610
29610 29611 29612
29612 29613 29610
29612 29614 29613
29614 29615 29613
29614 29616 29615
29617 29615 29618
29617 29619 29615
29620 29619 29617
29620 29617 29621
29622 29623 29624
29622 29625 29623
29626 29625 29622
29626 29627 29625
29627 29626 29628
29627 29628 29629
29628 29630 29629
29628 29631 29630
29630 29631 29632
29631 29633 29632
29631 29634 29633
29634 29635 29633
29634 29636 29635
29637 29635 29636
29637 29636 29638
29639 29637 29638
29639 29640 29637
29639 29641 29640
29639 29642 29641
29643 29641 29642
29643 29644 29641
29645 29644 29643
29645 29646 29644
29646 29645 29647
29646 29647 29648
29645 29649 29647
29650 29647 29649
29650 29649 29651
29651 29652 29650
29652 29651 29653
29652 29653 29654
29653 29655 29654
29653 29656 29655
29657 29655 29656
29657 29656 29658
29659 29657 29658
29659 29658 29660
29661 29659 29660
29661 29662 29659
29661 29663 29662
29663 29661 29664
29663 29664 29665
29665 29664 29666
29665 29666 29667
29666 29668 29667
29666 29669 29668
29670 29668 29669
29670 29671 29668
29672 29673 29674
29672 29675 29673
29676 29673 29675
29676 29675 29677
29676 29677 29678
29676 29678 29679
29680 29679 29678
29680 29681 29679
29681 29680 29682
29680 29683 29682
29683 29684 29682
29683 29685 29684
29683 29686 29685
29685 29686 29687
29685 29687 29688
29689 29688 29687
29689 29690 29688
29691 29690 29689
29691 29689 29692
29693 29691 29692
29693 29692 29694
29693 29694 29695
29695 29694 29696
29695 29696 29697
29695 29697 29698
29695 29698 29699
29698 29700 29699
29698 29701 29700
29702 29700 29701
29702 29701 29703
29704 29702 29703
29704 29705 29702
29705 29704 29706
29705 29706 29707
29708 29707 29706
29708 29709 29707
29709 29708 29710
29709 29710 29711
29712 29711 29710
29712 29713 29711
29712 29714 29713
29712 29715 29714
29716 29714 29715
29716 29715 29717
29718 29719 29720
29718 29720 29721
29720 29722 29721
29720 29723 29722
29724 29722 29723
29724 29723 29725
29725 29726 29724
29725 29727 29726
29728 29726 29727
29728 29729 29726
29729 29728 29730
29729 29730 29731
29731 29730 29732
29731 29732 29733
29734 29733 29732
29734 29735 29733
29736 29735 29734
29736 29737 29735
29737 29736 29738
29737 29738 29739
29739 29738 29740
29739 29740 29741
29742 29741 29740
29742 29743 29741
29743 29742 29744
29743 29744 29745
29744 29746 29745
29744 29747 29746
29748 29746 29747
29748 29747 29749
29750 29748 29749
29750 29751 29748
29750 29752 29751
29750 29753 29752
29752 29753 29754
29752 29754 29755
29756 29755 29754
29756 29757 29755
29758 29757 29756
29758 29756 29759
29760 29758 29759
29760 29761 29758
29761 29760 29762
29761 29762 29763
29764 29765 29766
29764 29766 29767
29768 29767 29766
29768 29766 29769
29770 29768 29769
29770 29769 29771
29771 29772 29770
29771 29773 29772
29773 29774 29772
29773 29775 29774
29776 29774 29775
29776 29775 29777
29778 29776 29777
29778 29777 29779
29780 29778 29779
29780 29781 29778
29782 29781 29780
29782 29783 29781
29784 29783 29782
29784 29785 29783
29785 29784 29786
29786 29784 29787
29788 29786 29787
29788 29787 29789
29788 29789 29790
29788 29790 29791
29792 29791 29790
29792 29793 29791
29794 29793 29792
29794 29795 29793
29796 29795 29794
29796 29794 29797
29796 29797 29798
29796 29798 29799
29800 29799 29798
29800 29798 29801
29801 29802 29800
29801 29803 29802
29802 29803 29804
29802 29804 29805
29804 29806 29805
29804 29807 29806
29808 29806 29807
29808 29807 29809
29810 29811 29812
29810 29813 29811
29811 29813 29814
29811 29814 29815
29816 29815 29814
29816 29817 29815
29816 29818 29817
29816 29819 29818
29820 29818 29819
29820 29819 29821
29821 29822 29820
29821 29823 29822
29824 29822 29823
29824 29825 29822
29824 29826 29825
29824 29827 29826
29826 29827 29828
29826 29828 29829
29830 29829 29828
29830 29831 29829
29831 29830 29832
29831 29832 29833
29832 29834 29833
29832 29835 29834
29836 29834 29835
29836 29837 29834
29837 29836 29838
29837 29838 29839
29840 29839 29838
29840 29841 29839
29842 29841 29840
29842 29840 29843
29842 29843 29844
29842 29844 29845
29845 29844 29846
29845 29846 29847
29847 29846 29848
29847 29848 29849
29849 29848 29850
29849 29850 29851
29852 29851 29850
29852 29853 29851
29852 29854 29853
29852 29855 29854
29856 29857 29858
29856 29859 29857
29859 29860 29857
29859 29861 29860
29856 29862 29859
29861 29859 29862
29856 29863 29862
29863 29864 29862
29861 29862 29865
29865 29862 29864
29863 29866 29864
29865 29864 29867
29868 29864 29866
29869 29867 29864
29868 29870 29864
29869 29864 29870
29871 29870 29868
29869 29870 29871
29871 29868 29872
29869 29871 29873
29874 29871 29872
29873 29871 29875
29874 29875 29871
29873 29875 29876
29877 29876 29875
29875 29874 29878
29877 29875 29879
29875 29878 29879
29880 29877 29879
29878 29881 29879
29880 29879 29881
29878 29882 29881
29881 29882 29883
29880 29881 29884
29881 29883 29884
29880 29884 29885
29886 29884 29883
29887 29885 29884
29886 29888 29884
29887 29884 29888
29886 29889 29888
29888 29889 29887
29890 29891 29892
29890 29892 29893
29894 29893 29892
29894 29895 29893
29890 29893 29896
29895 29896 29893
29890 29896 29897
29895 29898 29896
29899 29897 29896
29899 29896 29898
29899 29900 29897
29900 29899 29901
29899 29898 29902
29902 29901 29899
29900 29901 29903
29902 29904 29901
29901 29905 29903
29906 29901 29904
29901 29907 29905
29906 29907 29901
29908 29905 29907
29909 29907 29906
29908 29907 29910
29909 29910 29907
29911 29908 29910
29912 29910 29909
29911 29910 29913
29912 29913 29910
29914 29911 29913
29912 29915 29913
29914 29913 29915
29912 29916 29915
29917 29914 29915
29915 29916 29918
29917 29915 29919
29915 29918 29919
29920 29917 29919
29921 29919 29918
29920 29919 29922
29921 29922 29919
29920 29922 29923
29922 29921 29923
29924 29925 29926
29924 29926 29927
29927 29926 29928
29927 29928 29929
29924 29927 29930
29929 29930 29927
29924 29930 29931
29931 29930 29932
29929 29933 29930
29933 29932 29930
29931 29932 29934
29933 29935 29932
29936 29934 29932
29937 29932 29935
29936 29932 29938
29937 29938 29932
29939 29936 29938
29937 29939 29938
29939 29940 29936
29937 29941 29939
29942 29940 29939
29941 29943 29939
29942 29939 29943
29941 29944 29943
29945 29943 29944
29943 29946 29942
29945 29947 29943
29943 29947 29946
29948 29947 29945
29946 29947 29949
29948 29949 29947
29946 29949 29950
29949 29951 29950
29948 29952 29949
29949 29952 29951
29948 29953 29952
29954 29951 29952
29955 29952 29953
29954 29952 29956
29955 29956 29952
29954 29956 29957
29956 29955 29957
29958 29959 29960
29958 29960 29961
29962 29958 29961
29962 29961 29963
29964 29961 29960
29961 29965 29963
29964 29966 29961
29961 29966 29965
29967 29966 29964
29968 29965 29966
29967 29969 29966
29968 29966 29969
29970 29969 29967
29968 29969 29970
29970 29967 29971
29968 29970 29972
29973 29970 29971
29974 29972 29970
29973 29974 29970
29974 29975 29972
29976 29975 29974
29977 29974 29973
29976 29974 29977
29977 29973 29978
29977 29979 29976
29978 29980 29977
29977 29980 29979
29978 29981 29980
29979 29980 29982
29982 29980 29981
29982 29981 29983
29979 29982 29984
29982 29983 29985
29986 29984 29982
29982 29985 29986
29986 29987 29984
29988 29986 29985
29987 29986 29988
29988 29985 29989
29987 29988 29990
29989 29991 29988
29988 29991 29990
29992 29993 29994
29992 29994 29995
29994 29996 29995
29994 29997 29996
29996 29997 29998
29996 29998 29999
30000 29999 29998
29995 29996 30001
30001 29996 29999
29995 30001 30002
30003 29995 30002
30003 30004 29995
30001 29999 30005
30006 30005 29999
30000 30006 29999
30006 30007 30005
30008 30006 30000
30008 30007 30006
30008 30000 30009
30008 30010 30007
30011 30008 30009
30011 30010 30008
30011 30009 30012
30011 30013 30010
30014 30011 30012
30014 30013 30011
30014 30015 30013
30014 30012 30016
30014 30017 30015
30018 30014 30016
30014 30018 30017
30018 30016 30019
30020 30017 30018
30021 30018 30019
30020 30018 30022
30021 30022 30018
30022 30023 30020
30021 30024 30022
30022 30024 30023
30021 30025 30024
30024 30026 30023
30025 30026 30024
30027 30028 30029
30027 30030 30028
30031 30030 30027
30031 30032 30030
30031 30033 30032
30031 30034 30033
30034 30035 30033
30034 30036 30035
30036 30037 30035
30036 30038 30037
30039 30037 30038
30039 30038 30040
30041 30039 30040
30041 30040 30042
30043 30044 30045
30043 30046 30044
30047 30044 30046
30047 30046 30048
30047 30048 30049
30047 30049 30050
30050 30049 30051
30050 30051 30052
30053 30052 30051
30053 30054 30052
30053 30055 30054
30056 30055 30053
30056 30053 30057
30058 30059 30060
30058 30060 30061
30061 30060 30062
30061 30062 30063
30063 30062 30064
30063 30064 30065
30065 30064 30066
30065 30066 30067
30068 30067 30066
30068 30066 30069
30068 30069 30070
30068 30070 30071
30072 30073 30074
30072 30075 30073
30076 30073 30075
30076 30075 30077
30077 30078 30076
30077 30079 30078
30079 30080 30078
30079 30081 30080
30080 30081 30082
30080 30082 30083
30080 30083 30084
30085 30084 30083
30085 30083 30086
30087 30084 30085
30088 30089 30090
30088 30090 30091
30092 30088 30091
30092 30093 30088
30092 30094 30093
30092 30095 30094
30096 30097 30098
30096 30099 30097
30099 30100 30097
30101 30102 30103
30101 30103 30104
30105 30106 30107
30105 30107 30108
30109 30110 30111
30109 30112 30110
30113 30112 30109
30113 30109 30114
30115 30116 30117
30115 30117 30118
30115 30118 30119
30115 30119 30120
30121 30122 30123
30121 30123 30124
30121 30124 30125
30121 30125 30126
30125 30127 30128
30127 30129 30128
30127 30130 30129
30131 30132 30133
30131 30134 30132
30134 30135 30132
30134 30136 30135
30137 30138 30139
30137 30140 30138
30140 30137 30141
30140 30141 30142
30142 30141 30143
30142 30143 30144
30145 30146 30147
30145 30148 30146
30149 30146 30148
30149 30148 30150
30151 30149 30150
30151 30150 30152
30153 30154 30155
30153 30155 30156
30153 30156 30157
30153 30157 30158
30158 30157 30159
30158 30159 30160
30158 30160 30161
30162 30163 30164
30162 30164 30165
30165 30164 30166
30165 30166 30167
30165 30168 30162
30165 30167 30169
30165 30170 30168
30165 30169 30170
30168 30170 30171
30171 30170 30169
30168 30171 30172
30171 30169 30173
30171 30174 30172
30175 30171 30173
30171 30176 30174
30175 30176 30171
30174 30176 30177
30175 30177 30176
30174 30177 30178
30175 30179 30177
30177 30179 30180
30181 30178 30177
30177 30180 30182
30181 30177 30182
30182 30180 30183
30181 30182 30184
30182 30183 30184
30181 30184 30185
30184 30186 30185
30183 30187 30184
30184 30187 30186
30183 30188 30187
30189 30186 30187
30190 30187 30188
30189 30187 30191
30190 30191 30187
30191 30192 30189
30190 30193 30191
30191 30193 30192
30190 30194 30193
30193 30195 30192
30194 30195 30193
30196 30197 30198
30196 30199 30197
30196 30200 30199
30201 30200 30196
30202 30200 30201
30202 30201 30203
30203 30204 30202
30203 30205 30204
30206 30207 30208
30206 30208 30209
30210 30211 30212
30210 30212 30213
30214 30210 30213
30214 30213 30215
30216 30213 30212
30213 30217 30215
30216 30218 30213
30213 30218 30217
30219 30218 30216
30220 30217 30218
30219 30221 30218
30220 30218 30221
30222 30221 30219
30220 30221 30222
30222 30219 30223
30220 30222 30224
30225 30222 30223
30226 30224 30222
30225 30226 30222
30226 30227 30224
30228 30227 30226
30229 30226 30225
30228 30226 30229
30229 30225 30230
30229 30231 30228
30230 30232 30229
30229 30232 30231
30230 30233 30232
30231 30232 30234
30234 30232 30233
30234 30233 30235
30231 30234 30236
30234 30235 30237
30238 30236 30234
30234 30237 30238
30238 30239 30236
30240 30238 30237
30239 30238 30240
30240 30237 30241
30239 30240 30242
30241 30243 30240
30240 30243 30242
30244 30245 30246
30245 30247 30246
30248 30247 30245
30244 30249 30245
30248 30245 30249
30249 30244 30250
30248 30249 30251
30249 30250 30252
30252 30251 30249
30252 30253 30251
30254 30252 30250
30255 30253 30252
30254 30255 30252
30255 30256 30253
30257 30255 30254
30257 30256 30255
30257 30258 30256
30257 30254 30259
30260 30258 30257
30259 30261 30257
30260 30257 30261
30259 30262 30261
30263 30260 30261
30264 30261 30262
30263 30261 30265
30264 30265 30261
30263 30265 30266
30266 30265 30264
30263 30266 30267
30267 30266 30268
30266 30264 30269
30268 30266 30269
30267 30268 30270
30268 30269 30271
30268 30272 30270
30268 30271 30273
30268 30274 30272
30268 30273 30274
30274 30275 30272
30276 30274 30273
30274 30277 30275
30276 30277 30274
30278 30279 30280
30279 30278 30281
30278 30282 30281
30283 30282 30278
30278 30280 30283
30280 30284 30283
30283 30285 30282
30284 30285 30283
30280 30286 30284
30284 30287 30285
30288 30284 30286
30289 30287 30284
30288 30290 30284
30289 30284 30290
30291 30290 30288
30289 30290 30292
30291 30292 30290
30289 30292 30293
30294 30293 30292
30291 30295 30292
30294 30292 30295
30291 30296 30295
30297 30294 30295
30298 30295 30296
30297 30295 30298
30298 30296 30299
30297 30298 30300
30300 30298 30299
30300 30299 30301
30297 30300 30302
30300 30301 30303
30304 30302 30300
30300 30303 30304
30304 30305 30302
30304 30303 30306
30307 30305 30304
30304 30306 30307
30307 30308 30305
30307 30306 30309
30307 30310 30308
30307 30309 30311
30307 30311 30310
