byte offset: 0
first index: 28518
index count: 12588
topology: trianglelist
format: DXGI_FORMAT_R16_UINT

13119 13120 13121
13122 13119 13123
13122 13123 13124
13125 13126 13127
13128 13129 13126
13128 13130 13129
13131 13132 13133
13131 13134 13135
13134 13136 13135
13136 13137 13135
13137 13138 13135
13137 13139 13138
13139 13140 13138
13139 13141 13140
13141 13142 13140
13142 13141 13143
13142 13143 13144
13145 13146 13147
13148 13149 13145
13148 13150 13149
13151 13152 13153
13154 13153 13155
13154 13155 13156
13157 13158 13159
13157 13160 13161
13161 13160 13162
13162 13160 13163
13163 13160 13164
13163 13164 13165
13165 13164 13166
13165 13166 13167
13167 13166 13168
13168 13169 13167
13168 13170 13169
13171 13172 13173
13174 13175 13176
13177 13178 13179
13180 13181 13182
13183 13184 13181
13183 13185 13184
13186 13187 13188
13189 13190 13191
13192 13193 13191
13194 13192 13191
13194 13195 13192
13195 13194 13196
13195 13196 13197
13197 13198 13195
13199 13197 13196
13197 13200 13198
13201 13197 13199
13201 13200 13197
13199 13202 13201
13202 13203 13201
13201 13203 13204
13200 13201 13204
13204 13203 13205
13204 13205 13206
13200 13204 13207
13198 13200 13207
13204 13206 13207
13198 13207 13208
13208 13207 13206
13208 13206 13209
13208 13210 13198
13208 13211 13210
13212 13210 13211
13212 13213 13210
13213 13212 13214
13213 13214 13215
13216 13217 13218
13218 13219 13220
13218 13221 13219
13219 13221 13222
13219 13222 13223
13222 13221 13224
13225 13226 13227
13228 13229 13225
13228 13230 13229
13230 13228 13231
13230 13231 13232
13225 13229 13233
13233 13229 13230
13225 13233 13234
13233 13230 13235
13236 13234 13233
13235 13236 13233
13236 13237 13234
13235 13238 13236
13237 13236 13239
13238 13239 13236
13237 13239 13240
13238 13241 13239
13239 13242 13240
13241 13242 13239
13243 13244 13245
13246 13247 13248
13249 13246 13250
13250 13246 13251
13252 13253 13254
13255 13256 13254
13255 13254 13257
13258 13259 13260
13261 13262 13259
13261 13259 13263
13264 13265 13266
13267 13268 13269
13270 13271 13272
13273 13274 13275
13276 13277 13278
13279 13280 13281
13282 13283 13279
13283 13284 13279
13285 13286 13287
13288 13289 13286
13288 13286 13290
13291 13292 13293
13294 13295 13293
13294 13293 13296
13297 13298 13299
13300 13301 13302
13303 13304 13305
13306 13307 13308
13309 13310 13311
13312 13313 13310
13312 13310 13314
13315 13316 13317
13316 13318 13319
13320 13321 13316
13320 13322 13321
13322 13323 13321
13324 13322 13320
13324 13325 13322
13325 13326 13322
13327 13328 13329
13328 13330 13331
13332 13333 13328
13332 13334 13333
13332 13335 13334
13333 13334 13336
13333 13336 13337
13334 13338 13336
13339 13340 13341
13340 13342 13343
13344 13345 13340
13344 13346 13345
13346 13347 13345
13348 13346 13344
13348 13349 13346
13349 13350 13346
13351 13352 13353
13352 13354 13355
13356 13357 13352
13356 13358 13357
13356 13359 13358
13357 13358 13360
13357 13360 13361
13358 13362 13360
13363 13364 13365
13365 13366 13367
13368 13365 13369
13368 13369 13370
13370 13369 13371
13372 13368 13370
13372 13370 13373
13373 13370 13374
13375 13376 13377
13377 13378 13379
13380 13377 13381
13380 13381 13382
13380 13382 13383
13381 13384 13382
13381 13385 13384
13382 13384 13386
13387 13388 13389
13389 13390 13391
13392 13389 13393
13392 13393 13394
13394 13393 13395
13396 13392 13394
13396 13394 13397
13397 13394 13398
13399 13400 13401
13401 13402 13403
13404 13401 13405
13404 13405 13406
13404 13406 13407
13405 13408 13406
13405 13409 13408
13406 13408 13410
13411 13412 13413
13411 13413 13414
13414 13413 13415
13416 13411 13414
13414 13415 13417
13416 13414 13418
13418 13414 13417
13418 13417 13419
13418 13420 13416
13419 13421 13418
13418 13421 13420
13419 13422 13421
13423 13421 13422
13420 13421 13424
13423 13424 13421
13420 13424 13425
13424 13426 13425
13424 13427 13426
13423 13427 13424
13423 13428 13427
13429 13430 13431
13429 13432 13430
13430 13432 13433
13430 13433 13434
13435 13436 13437
13435 13437 13438
13439 13440 13441
13439 13442 13440
13442 13443 13440
13439 13444 13442
13439 13445 13444
13442 13446 13443
13444 13446 13442
13447 13443 13446
13447 13448 13443
13447 13449 13448
13450 13444 13445
13450 13445 13451
13444 13452 13446
13452 13447 13446
13453 13449 13447
13449 13453 13454
13447 13452 13455
13456 13453 13447
13457 13455 13452
13444 13458 13452
13444 13450 13458
13457 13452 13458
13453 13459 13454
13453 13456 13459
13460 13454 13459
13461 13450 13451
13461 13451 13462
13450 13463 13458
13450 13461 13463
13464 13459 13456
13464 13456 13457
13460 13459 13465
13464 13465 13459
13466 13461 13462
13466 13462 13467
13468 13458 13463
13468 13457 13458
13461 13469 13463
13461 13466 13469
13468 13463 13469
13470 13466 13467
13470 13469 13466
13470 13467 13471
13457 13468 13472
13472 13468 13473
13468 13469 13474
13473 13468 13474
13470 13475 13469
13475 13474 13469
13476 13470 13471
13476 13471 13477
13478 13475 13470
13478 13470 13476
13479 13476 13477
13479 13477 13480
13481 13478 13476
13481 13476 13479
13482 13479 13480
13482 13480 13483
13484 13481 13479
13484 13479 13482
13485 13482 13483
13485 13483 13486
13487 13485 13486
13487 13486 13488
13489 13482 13485
13489 13484 13482
13490 13489 13485
13490 13485 13491
13492 13484 13489
13492 13489 13493
13492 13493 13494
13495 13481 13484
13492 13495 13484
13495 13496 13481
13496 13478 13481
13495 13492 13497
13498 13497 13492
13498 13499 13497
13495 13497 13500
13496 13495 13500
13496 13501 13478
13501 13475 13478
13502 13500 13497
13502 13497 13503
13502 13503 13504
13496 13500 13505
13501 13496 13505
13502 13506 13500
13506 13505 13500
13501 13507 13475
13475 13507 13474
13508 13507 13501
13508 13474 13507
13501 13505 13509
13508 13501 13509
13508 13510 13474
13473 13474 13510
13511 13506 13502
13511 13502 13512
13511 13512 13513
13511 13514 13506
13506 13515 13505
13514 13515 13506
13515 13509 13505
13514 13516 13515
13516 13517 13515
13515 13517 13509
13516 13518 13517
13509 13519 13508
13509 13517 13519
13510 13508 13519
13517 13518 13520
13517 13520 13519
13510 13519 13521
13521 13519 13520
13522 13510 13521
13520 13522 13521
13522 13523 13510
13520 13524 13522
13520 13525 13524
13522 13524 13526
13522 13526 13523
13527 13524 13525
13526 13524 13527
13527 13525 13528
13528 13529 13527
13528 13530 13529
13531 13529 13530
13531 13532 13529
13531 13533 13532
13533 13534 13532
13460 13532 13534
13460 13465 13532
13465 13529 13532
13465 13535 13529
13535 13527 13529
13464 13535 13465
13535 13536 13527
13526 13527 13536
13464 13536 13535
13526 13536 13537
13464 13537 13536
13464 13457 13537
13538 13537 13457
13537 13523 13526
13537 13538 13523
13473 13523 13538
13523 13473 13539
13540 13541 13542
13540 13542 13543
13544 13545 13546
13544 13547 13545
13547 13548 13545
13547 13549 13548
13548 13549 13550
13548 13550 13551
13552 13553 13554
13552 13554 13555
13555 13556 13552
13557 13558 13559
13557 13559 13560
13561 13562 13563
13561 13563 13564
13565 13566 13567
13565 13567 13568
13569 13570 13571
13569 13571 13572
13573 13574 13575
13573 13575 13576
13577 13578 13579
13577 13579 13580
13581 13582 13583
13581 13583 13584
13585 13586 13587
13585 13587 13588
13589 13590 13591
13589 13591 13592
13592 13591 13593
13594 13591 13595
13594 13596 13591
13596 13597 13591
13598 13592 13597
13598 13599 13592
13600 13598 13597
13601 13593 13596
13601 13596 13602
13601 13603 13593
13604 13600 13601
13605 13598 13603
13606 13600 13604
13607 13605 13603
13606 13608 13600
13607 13603 13609
13610 13609 13606
13610 13611 13609
13612 13607 13608
13612 13608 13613
13518 13614 13612
13518 13615 13614
13615 13616 13614
13615 13617 13616
13617 13618 13616
13617 13619 13618
13618 13619 13620
13618 13620 13621
13621 13620 13622
13621 13622 13623
13624 13623 13622
13624 13625 13623
13626 13627 13628
13629 13626 13628
13629 13628 13630
13629 13631 13626
13629 13632 13631
13629 13633 13632
13634 13635 13636
13634 13636 13637
13638 13639 13640
13638 13640 13641
13642 13643 13644
13642 13644 13645
13646 13647 13648
13646 13648 13649
13650 13651 13652
13652 13651 13653
13652 13653 13654
13655 13653 13651
13655 13651 13656
13656 13657 13655
13658 13655 13657
13658 13657 13659
13660 13658 13659
13660 13659 13661
13662 13660 13661
13662 13661 13663
13663 13664 13662
13665 13666 13667
13665 13667 13668
13669 13670 13671
13669 13671 13672
13673 13674 13675
13673 13675 13676
13677 13678 13679
13680 13679 13678
13680 13678 13681
13682 13680 13681
13682 13681 13683
13684 13682 13683
13684 13683 13685
13685 13686 13684
13687 13684 13686
13687 13686 13688
13689 13687 13688
13689 13688 13690
13688 13691 13690
13692 13693 13694
13692 13694 13695
13696 13697 13698
13699 13698 13697
13699 13697 13700
13700 13697 13701
13702 13699 13700
13702 13703 13699
13704 13703 13702
13704 13705 13703
13704 13706 13705
13704 13707 13706
13708 13706 13707
13708 13707 13709
13709 13710 13708
13709 13711 13710
13711 13712 13710
13711 13713 13712
13712 13713 13714
13715 13712 13714
13713 13716 13714
13717 13718 13719
13720 13718 13717
13720 13717 13721
13720 13721 13722
13722 13721 13723
13724 13722 13723
13724 13723 13725
13725 13723 13726
13727 13722 13724
13727 13720 13722
13724 13728 13727
13728 13729 13727
13730 13727 13729
13730 13720 13727
13730 13729 13731
13720 13732 13718
13730 13732 13720
13718 13732 13733
13730 13733 13732
13718 13733 13734
13735 13734 13733
13736 13730 13731
13730 13736 13733
13736 13731 13737
13735 13733 13738
13738 13733 13736
13735 13738 13739
13740 13736 13737
13738 13736 13740
13739 13738 13740
13740 13737 13741
13740 13741 13742
13743 13740 13742
13739 13740 13743
13739 13744 13745
13744 13746 13745
13745 13746 13747
13745 13747 13748
13739 13745 13749
13750 13739 13749
13745 13748 13751
13749 13745 13751
13751 13748 13752
13750 13749 13753
13749 13751 13753
13750 13753 13754
13755 13754 13753
13751 13752 13756
13756 13753 13751
13756 13752 13757
13755 13753 13758
13756 13758 13753
13756 13757 13759
13760 13759 13757
13761 13759 13760
13756 13762 13758
13762 13755 13758
13756 13759 13762
13759 13761 13763
13759 13763 13762
13762 13764 13755
13764 13765 13755
13762 13766 13764
13762 13763 13766
13763 13767 13766
13761 13767 13763
13761 13768 13767
13768 13769 13767
13770 13771 13772
13770 13773 13771
13773 13774 13775
13773 13776 13774
13776 13777 13778
13776 13779 13777
13780 13770 13781
13780 13781 13782
13783 13780 13782
13783 13782 13784
13785 13786 13784
13785 13784 13787
13779 13788 13789
13779 13790 13788
13791 13788 13790
13791 13792 13788
13788 13792 13793
13788 13793 13794
13791 13795 13792
13795 13796 13792
13791 13797 13795
13797 13791 13798
13799 13800 13801
13799 13801 13802
13803 13804 13805
13803 13806 13804
13806 13803 13807
13806 13807 13808
13809 13806 13808
13809 13808 13810
13811 13809 13810
13808 13812 13810
13812 13808 13813
13811 13810 13814
13814 13815 13811
13816 13810 13812
13817 13810 13816
13818 13812 13813
13816 13812 13818
13818 13813 13819
13814 13820 13815
13820 13814 13816
13821 13816 13818
13820 13816 13821
13822 13818 13819
13821 13818 13822
13822 13819 13823
13824 13821 13822
13820 13821 13825
13825 13815 13820
13824 13822 13826
13825 13826 13827
13825 13828 13815
13828 13825 13827
13826 13822 13829
13826 13829 13830
13827 13826 13830
13828 13827 13831
13827 13830 13832
13832 13833 13827
13827 13834 13831
13827 13833 13834
13834 13833 13835
13834 13835 13836
13836 13837 13834
13836 13838 13837
13839 13840 13841
13839 13842 13840
13842 13843 13840
13842 13844 13843
13844 13845 13843
13844 13846 13845
13846 13847 13845
13846 13848 13847
13848 13849 13847
13848 13850 13849
13849 13850 13851
13849 13851 13852
13852 13851 13853
13854 13855 13856
13854 13856 13857
13858 13854 13857
13858 13857 13859
13860 13861 13862
13860 13863 13861
13863 13864 13861
13865 13863 13860
13863 13866 13864
13865 13867 13863
13867 13866 13863
13867 13868 13866
13867 13865 13869
13868 13867 13870
13867 13869 13870
13868 13870 13871
13872 13871 13870
13869 13873 13870
13872 13870 13873
13869 13874 13873
13873 13874 13875
13873 13875 13876
13872 13873 13876
13872 13876 13877
13878 13879 13880
13878 13880 13881
13880 13882 13881
13880 13883 13882
13884 13885 13886
13884 13886 13887
13888 13889 13890
13888 13890 13891
13891 13890 13892
13888 13891 13893
13888 13893 13894
13891 13892 13895
13893 13891 13895
13896 13895 13892
13896 13892 13897
13896 13897 13898
13899 13894 13893
13899 13900 13894
13893 13895 13901
13901 13895 13896
13902 13896 13898
13898 13903 13902
13896 13904 13901
13905 13896 13902
13906 13901 13904
13893 13901 13907
13893 13907 13899
13906 13907 13901
13902 13903 13908
13902 13908 13905
13909 13908 13903
13910 13900 13899
13910 13911 13900
13899 13907 13912
13899 13912 13910
13913 13905 13908
13913 13906 13905
13909 13914 13908
13913 13908 13914
13915 13911 13910
13915 13916 13911
13917 13912 13907
13917 13907 13906
13910 13912 13918
13910 13918 13915
13917 13918 13912
13919 13916 13915
13919 13915 13918
13919 13920 13916
13906 13921 13917
13921 13922 13917
13917 13923 13918
13922 13923 13917
13919 13918 13924
13924 13918 13923
13925 13920 13919
13925 13926 13920
13927 13919 13924
13927 13925 13919
13928 13926 13925
13928 13929 13926
13930 13925 13927
13930 13928 13925
13931 13929 13928
13931 13932 13929
13933 13928 13930
13933 13931 13928
13934 13932 13931
13934 13935 13932
13936 13935 13934
13936 13937 13935
13938 13934 13931
13938 13931 13933
13939 13934 13938
13939 13940 13934
13941 13938 13933
13941 13942 13938
13941 13943 13942
13944 13933 13930
13941 13933 13944
13944 13930 13945
13945 13930 13927
13944 13946 13941
13947 13941 13946
13947 13946 13948
13944 13949 13946
13945 13949 13944
13945 13927 13950
13950 13927 13924
13951 13946 13949
13951 13952 13946
13951 13953 13952
13945 13954 13949
13950 13954 13945
13951 13949 13955
13955 13949 13954
13950 13924 13956
13924 13923 13956
13957 13950 13956
13957 13956 13923
13950 13958 13954
13957 13958 13950
13957 13923 13959
13922 13959 13923
13960 13951 13955
13960 13961 13951
13960 13962 13961
13960 13955 13963
13955 13954 13964
13963 13955 13964
13964 13954 13958
13963 13964 13965
13965 13964 13966
13964 13958 13966
13965 13966 13967
13958 13957 13968
13958 13968 13966
13959 13968 13957
13966 13969 13967
13966 13968 13969
13959 13970 13968
13970 13969 13968
13971 13970 13959
13969 13970 13971
13971 13959 13972
13969 13971 13973
13969 13973 13974
13971 13975 13973
13971 13972 13975
13976 13974 13973
13975 13976 13973
13976 13977 13974
13977 13976 13978
13977 13978 13979
13980 13979 13978
13980 13978 13981
13980 13981 13982
13982 13981 13983
13909 13983 13981
13909 13981 13914
13914 13981 13978
13914 13978 13984
13984 13978 13976
13913 13914 13984
13984 13976 13985
13975 13985 13976
13913 13984 13985
13975 13986 13985
13913 13985 13986
13913 13986 13906
13987 13906 13986
13986 13975 13972
13986 13972 13987
13922 13987 13972
13972 13988 13922
13989 13990 13991
13989 13991 13992
13993 13994 13995
13993 13995 13996
13996 13995 13997
13996 13997 13998
13997 13999 13998
13997 14000 13999
14001 14002 14003
14001 14004 14002
14004 14001 14005
14006 14007 14008
14006 14008 14009
14010 14011 14012
14010 14012 14013
14014 14015 14016
14014 14016 14017
14018 14019 14020
14018 14020 14021
14022 14023 14024
14022 14024 14025
14026 14027 14028
14026 14028 14029
14030 14031 14032
14030 14032 14033
14034 14035 14036
14034 14036 14037
14038 14039 14040
14041 14039 14038
14041 14042 14039
14041 14038 14043
14041 14043 14044
14041 14044 14045
14046 14047 14048
14046 14048 14049
14050 14051 14052
14050 14052 14053
14054 14055 14056
14054 14056 14057
14058 14059 14060
14058 14060 14061
14062 14063 14064
14063 14065 14064
14063 14066 14065
14067 14064 14065
14067 14068 14064
14068 14067 14069
14070 14069 14067
14070 14071 14069
14072 14071 14070
14072 14073 14071
14074 14073 14072
14074 14075 14073
14075 14074 14076
14077 14078 14079
14077 14080 14078
14081 14078 14080
14081 14080 14082
14083 14081 14082
14083 14082 14084
14085 14083 14084
14085 14086 14083
14087 14086 14085
14087 14088 14086
13967 14088 14087
13967 13610 14088
14089 14090 14091
14089 14091 14092
14093 14094 14095
14093 14095 14096
14097 14098 14099
14097 14099 14100
14101 14102 14103
14104 14103 14102
14104 14105 14103
14106 14105 14104
14106 14107 14105
14108 14107 14106
14108 14109 14107
14109 14108 14110
14111 14110 14108
14111 14112 14110
14113 14112 14111
14113 14114 14112
14112 14114 14115
14116 14117 14118
14116 14118 14119
14120 14121 14122
14123 14122 14121
14123 14124 14122
14124 14125 14122
14126 14124 14123
14126 14123 14127
14128 14126 14127
14128 14127 14129
14128 14129 14130
14128 14130 14131
14132 14131 14130
14132 14133 14131
14133 14132 14134
14133 14134 14135
14135 14134 14136
14135 14136 14137
14136 14138 14137
14139 14138 14136
14137 14138 14140
14141 14142 14143
14141 14143 14144
14144 14145 14146
14144 14146 14147
14147 14148 14149
14147 14149 14150
14151 14152 14141
14151 14153 14152
14154 14153 14151
14154 14155 14153
14156 14157 14155
14156 14155 14158
14150 14159 14160
14150 14160 14161
14162 14161 14160
14162 14160 14163
14160 14164 14163
14160 14165 14164
14162 14163 14166
14166 14163 14167
14162 14166 14168
14168 14169 14162
14170 14171 14172
14170 14172 14173
14174 14175 14176
14174 14176 14177
14177 14176 14178
14177 14178 14179
14179 14178 14180
14179 14180 14181
14181 14180 14182
14181 14182 14183
14183 14182 14184
14183 14184 14185
14184 14186 14185
14184 14187 14186
14187 14188 14186
14189 14190 14191
14189 14192 14190
14193 14192 14189
14193 14194 14192
14195 14196 14197
14195 14198 14196
14198 14199 14196
14195 14200 14198
14198 14200 14201
14195 14202 14200
14202 14203 14200
14203 14201 14200
14202 14204 14203
14205 14203 14204
14205 14206 14203
14207 14206 14205
14199 14208 14196
14209 14196 14208
14198 14210 14199
14198 14201 14210
14203 14211 14201
14211 14203 14206
14212 14209 14208
14212 14213 14209
14214 14212 14208
14214 14215 14212
14216 14215 14214
14216 14214 14217
14214 14208 14218
14199 14218 14208
14217 14214 14219
14214 14218 14219
14217 14219 14220
14221 14220 14219
14221 14219 14222
14222 14219 14218
14223 14221 14222
14223 14222 14224
14222 14225 14224
14222 14218 14226
14222 14226 14225
14226 14218 14199
14227 14225 14226
14226 14199 14228
14227 14226 14228
14229 14228 14199
14210 14229 14199
14229 14210 14201
14227 14228 14230
14229 14230 14228
14230 14229 14231
14227 14230 14232
14233 14232 14230
14233 14230 14234
14230 14231 14234
14235 14229 14201
14235 14231 14229
14236 14235 14201
14236 14237 14235
14235 14237 14238
14235 14238 14239
14235 14239 14231
14240 14231 14239
14240 14239 14241
14240 14241 14242
14240 14242 14243
14244 14240 14243
14240 14245 14231
14240 14244 14245
14246 14231 14245
14246 14247 14231
14233 14247 14246
14233 14246 14248
14249 14248 14246
14249 14246 14250
14245 14250 14246
14249 14250 14251
14249 14251 14252
14245 14253 14250
14251 14250 14253
14254 14252 14251
14254 14255 14252
14256 14255 14254
14256 14254 14257
14254 14251 14258
14251 14253 14258
14257 14254 14259
14254 14258 14259
14257 14259 14260
14261 14260 14259
14261 14259 14262
14262 14259 14258
14263 14261 14262
14263 14262 14264
14262 14265 14264
14262 14258 14266
14262 14266 14265
14266 14258 14253
14265 14266 14267
14265 14267 14268
14267 14266 14269
14266 14253 14269
14270 14267 14269
14269 14253 14271
14253 14245 14271
14244 14271 14245
14270 14269 14272
14269 14271 14272
14273 14270 14272
14273 14272 14271
14273 14271 14244
14273 14274 14270
14274 14273 14275
14275 14273 14244
14274 14275 14276
14275 14277 14276
14275 14244 14278
14278 14244 14279
14275 14280 14277
14278 14280 14275
14281 14277 14280
14278 14279 14282
14278 14282 14280
14279 14283 14282
14282 14283 14284
14285 14284 14283
14285 14286 14284
14287 14284 14286
14287 14286 14288
14288 14286 14289
14288 14289 14290
14281 14280 14291
14291 14280 14282
14281 14291 14292
14281 14292 14293
14292 14294 14293
14291 14282 14295
14282 14284 14295
14295 14292 14291
14284 14296 14295
14295 14296 14292
14292 14297 14294
14296 14297 14292
14284 14298 14296
14287 14298 14284
14298 14299 14296
14296 14299 14297
14300 14294 14297
14300 14301 14294
14300 14302 14301
14300 14303 14302
14300 14304 14303
14305 14300 14297
14305 14297 14299
14300 14305 14304
14298 14306 14299
14306 14305 14299
14306 14298 14287
14305 14306 14307
14305 14307 14304
14306 14287 14307
14304 14307 14308
14287 14308 14307
14304 14308 14309
14287 14310 14308
14287 14288 14310
14311 14308 14310
14288 14311 14310
14308 14312 14309
14311 14312 14308
14288 14313 14311
14314 14312 14311
14313 14314 14311
14309 14312 14315
14314 14315 14312
14316 14313 14288
14316 14288 14290
14316 14290 14317
14211 14316 14317
14211 14317 14201
14211 14206 14316
14318 14313 14316
14318 14316 14206
14313 14318 14314
14207 14318 14206
14207 14314 14318
14207 14319 14314
14319 14315 14314
14319 14320 14315
14309 14315 14321
14321 14315 14320
14322 14309 14321
14321 14320 14323
14322 14321 14324
14321 14323 14325
14321 14325 14324
14326 14327 14328
14326 14328 14329
14330 14331 14332
14330 14332 14333
14334 14333 14332
14334 14332 14335
14334 14335 14336
14337 14338 14339
14337 14339 14340
14339 14341 14342
14339 14343 14341
14344 14341 14343
14345 14346 14347
14345 14348 14346
14349 14348 14345
14349 14350 14348
14351 14350 14349
14351 14352 14350
14353 14352 14351
14353 14354 14352
14355 14354 14353
14355 14356 14354
14357 14356 14355
14357 14355 14358
14359 14357 14358
14359 14358 14360
14359 14360 14361
14359 14361 14362
14361 14363 14362
14364 14365 14366
14364 14366 14367
14368 14369 14370
14368 14370 14371
14372 14373 14374
14375 14374 14373
14375 14376 14374
14377 14376 14375
14377 14378 14376
14379 14378 14377
14379 14380 14378
14381 14380 14379
14381 14379 14382
14383 14381 14382
14383 14382 14384
14385 14384 14382
14386 14383 14384
14386 14387 14383
14387 14386 14388
14387 14388 14389
14389 14388 14390
14389 14390 14391
14391 14390 14392
14391 14392 14393
14393 14392 14394
14393 14394 14395
14396 14395 14394
14397 14392 14390
14397 14390 14388
14396 14394 14398
14399 14396 14398
14399 14398 14400
14401 14400 14398
14401 14398 14402
14402 14398 14394
14402 14403 14401
14404 14394 14392
14397 14404 14392
14405 14403 14402
14405 14406 14403
14407 14405 14402
14402 14394 14408
14407 14402 14408
14404 14408 14394
14407 14408 14404
14407 14404 14409
14410 14409 14404
14410 14404 14397
14411 14410 14397
14411 14397 14412
14397 14388 14412
14412 14388 14413
14413 14388 14414
14414 14415 14413
14414 14416 14415
14417 14414 14388
14417 14388 14386
14417 14386 14418
14418 14419 14417
14418 14420 14419
14384 14418 14386
14384 14421 14418
14421 14384 14385
14385 14422 14421
14385 14423 14422
14424 14425 14426
14425 14427 14426
14428 14429 14430
14428 14430 14431
14431 14430 14432
14431 14432 14433
14433 14432 14434
14433 14434 14435
14435 14434 14436
14435 14436 14437
14437 14436 14438
14437 14438 14439
14439 14438 14440
14439 14440 14441
14441 14440 14442
14441 14442 14443
14444 14443 14442
14444 14445 14443
14446 14445 14444
14446 14447 14445
14448 14447 14446
14448 14449 14447
14450 14449 14448
14450 14451 14449
14452 14451 14450
14452 14450 14453
14452 14453 14454
14452 14454 14455
14455 14454 14456
14455 14456 14457
14457 14456 14458
14457 14458 14459
14459 14458 14460
14459 14460 14461
14460 14462 14461
14460 14463 14462
14463 14464 14462
14463 14465 14464
14465 14466 14464
14467 14468 14469
14467 14470 14468
14467 14471 14470
14470 14471 14472
14470 14472 14473
14472 14474 14473
14472 14475 14474
14474 14475 14476
14477 14478 14479
14480 14477 14479
14480 14481 14477
14482 14481 14480
14482 14483 14481
14482 14484 14483
14485 14486 14487
14485 14487 14488
14488 14487 14489
14485 14488 14490
14488 14491 14490
14485 14490 14492
14492 14490 14493
14493 14490 14491
14492 14493 14494
14495 14494 14493
14495 14493 14496
14497 14495 14496
14489 14487 14498
14499 14498 14487
14488 14489 14500
14488 14500 14491
14493 14491 14501
14501 14496 14493
14502 14498 14499
14502 14499 14503
14504 14498 14502
14504 14502 14505
14506 14504 14505
14506 14507 14504
14504 14508 14498
14489 14498 14508
14507 14509 14504
14504 14509 14508
14507 14510 14509
14511 14509 14510
14511 14512 14509
14512 14508 14509
14513 14512 14511
14513 14514 14512
14512 14514 14515
14512 14516 14508
14512 14515 14516
14516 14489 14508
14517 14516 14515
14516 14518 14489
14517 14518 14516
14519 14489 14518
14500 14489 14519
14519 14491 14500
14517 14520 14518
14519 14518 14520
14520 14521 14519
14517 14522 14520
14523 14520 14522
14523 14524 14520
14520 14524 14521
14525 14491 14519
14525 14519 14521
14526 14491 14525
14526 14525 14527
14525 14528 14527
14525 14529 14528
14525 14521 14529
14530 14529 14521
14530 14531 14529
14530 14532 14531
14530 14533 14532
14534 14533 14530
14530 14521 14535
14530 14535 14534
14536 14535 14521
14536 14521 14537
14523 14536 14537
14523 14538 14536
14539 14536 14538
14539 14540 14536
14535 14536 14540
14539 14541 14540
14539 14542 14541
14535 14540 14543
14541 14543 14540
14544 14541 14542
14544 14542 14545
14546 14544 14545
14546 14547 14544
14544 14548 14541
14541 14548 14543
14547 14549 14544
14544 14549 14548
14547 14550 14549
14551 14549 14550
14551 14552 14549
14552 14548 14549
14553 14552 14551
14553 14554 14552
14552 14554 14555
14552 14556 14548
14552 14555 14556
14556 14543 14548
14555 14557 14556
14555 14558 14557
14557 14559 14556
14556 14559 14543
14560 14559 14557
14559 14561 14543
14543 14561 14535
14534 14535 14561
14560 14562 14559
14559 14562 14561
14563 14562 14560
14563 14561 14562
14563 14534 14561
14563 14560 14564
14564 14565 14563
14565 14534 14563
14564 14566 14565
14565 14566 14567
14565 14568 14534
14568 14569 14534
14565 14567 14570
14568 14565 14570
14571 14570 14567
14568 14572 14569
14568 14570 14572
14569 14572 14573
14572 14574 14573
14575 14573 14574
14575 14574 14576
14577 14576 14574
14577 14578 14576
14578 14579 14576
14578 14580 14579
14571 14581 14570
14581 14572 14570
14571 14582 14581
14571 14583 14582
14582 14583 14584
14581 14585 14572
14572 14585 14574
14585 14581 14582
14574 14585 14586
14585 14582 14586
14582 14584 14587
14586 14582 14587
14574 14586 14588
14577 14574 14588
14588 14586 14589
14586 14587 14589
14590 14587 14584
14590 14584 14591
14590 14591 14592
14590 14592 14593
14590 14593 14594
14595 14587 14590
14595 14589 14587
14590 14594 14595
14588 14589 14596
14596 14589 14595
14596 14577 14588
14595 14597 14596
14595 14594 14597
14596 14597 14577
14594 14598 14597
14577 14597 14598
14594 14599 14598
14577 14598 14600
14577 14600 14578
14601 14600 14598
14578 14600 14601
14598 14599 14602
14601 14598 14602
14578 14601 14603
14604 14601 14602
14603 14601 14604
14599 14605 14602
14604 14602 14605
14606 14578 14603
14606 14580 14578
14606 14607 14580
14501 14607 14606
14501 14491 14607
14501 14606 14496
14608 14606 14603
14608 14496 14606
14603 14604 14608
14497 14496 14608
14497 14608 14604
14497 14604 14609
14609 14604 14605
14609 14605 14610
14599 14611 14605
14611 14610 14605
14612 14611 14599
14611 14613 14610
14612 14614 14611
14611 14615 14613
14611 14614 14615
14616 14617 14618
14616 14618 14619
14620 14621 14622
14620 14623 14621
14624 14621 14623
14624 14625 14621
14624 14626 14625
14627 14628 14629
14627 14629 14630
14629 14631 14632
14629 14632 14633
14634 14633 14632
14635 14636 14637
14635 14637 14638
14639 14635 14638
14639 14638 14640
14641 14639 14640
14641 14640 14642
14643 14641 14642
14643 14642 14644
14645 14643 14644
14645 14644 14646
14647 14645 14646
14647 14648 14645
14649 14648 14647
14649 14650 14648
14649 14651 14650
14649 14652 14651
14651 14652 14653
14654 14655 14656
14654 14656 14657
14658 14659 14660
14658 14660 14661
14662 14663 14664
14665 14664 14663
14665 14663 14666
14667 14665 14666
14667 14666 14668
14669 14667 14668
14669 14668 14670
14671 14669 14670
14671 14672 14669
14673 14672 14671
14673 14674 14672
14675 14672 14674
14676 14674 14673
14676 14673 14677
14677 14678 14676
14677 14679 14678
14679 14680 14678
14679 14681 14680
14681 14682 14680
14681 14683 14682
14683 14684 14682
14683 14685 14684
14686 14684 14685
14687 14680 14682
14687 14678 14680
14686 14688 14684
14689 14688 14686
14689 14690 14688
14691 14688 14690
14691 14692 14688
14692 14684 14688
14692 14691 14693
14694 14682 14684
14687 14682 14694
14695 14692 14693
14695 14693 14696
14697 14692 14695
14692 14698 14684
14697 14698 14692
14694 14684 14698
14697 14694 14698
14697 14699 14694
14700 14694 14699
14700 14687 14694
14701 14687 14700
14701 14702 14687
14687 14702 14678
14702 14703 14678
14703 14704 14678
14704 14703 14705
14704 14705 14706
14707 14678 14704
14707 14676 14678
14707 14708 14676
14708 14707 14709
14708 14709 14710
14674 14676 14708
14674 14708 14711
14711 14675 14674
14675 14711 14712
14675 14712 14713
14714 14715 14716
14716 14715 14717
14718 14719 14720
14718 14721 14719
14721 14722 14719
14721 14723 14722
14723 14724 14722
14723 14725 14724
14725 14726 14724
14725 14727 14726
14727 14728 14726
14727 14729 14728
14729 14730 14728
14729 14731 14730
14731 14732 14730
14731 14733 14732
14734 14732 14733
14734 14733 14735
14736 14734 14735
14736 14735 14737
14738 14736 14737
14738 14737 14739
14740 14738 14739
14740 14739 14741
14742 14740 14741
14742 14743 14740
14742 14744 14743
14742 14745 14744
14745 14746 14744
14745 14747 14746
14747 14748 14746
14747 14749 14748
14749 14750 14748
14749 14751 14750
14750 14751 14752
14750 14752 14753
14753 14752 14754
14753 14754 14755
14755 14754 14756
14757 14758 14759
14757 14759 14760
14757 14760 14761
14760 14762 14761
14760 14763 14762
14762 14763 14764
14762 14764 14765
14764 14766 14765
14767 14768 14769
14770 14768 14767
14770 14767 14771
14772 14770 14771
14772 14771 14773
14772 14773 14774
14775 14776 14777
14778 14776 14775
14778 14775 14779
14779 14780 14778
14781 14779 14775
14782 14778 14780
14781 14783 14779
14779 14784 14780
14784 14779 14783
14782 14780 14785
14785 14786 14782
14787 14782 14786
14787 14786 14788
14789 14787 14788
14789 14790 14787
14791 14789 14788
14791 14788 14786
14791 14786 14792
14793 14792 14786
14785 14794 14786
14793 14786 14794
14795 14794 14785
14795 14793 14794
14796 14785 14780
14795 14785 14797
14797 14785 14796
14797 14798 14795
14797 14799 14798
14796 14799 14797
14796 14800 14799
14801 14795 14798
14802 14795 14801
14795 14802 14793
14803 14802 14801
14804 14802 14803
14802 14804 14793
14804 13196 14793
14804 14805 13196
13199 13196 14805
13199 14805 14806
14807 14805 14804
14805 14808 14806
14807 14809 14805
14805 14809 14808
14807 14810 14809
14809 14810 14808
14811 14812 14813
14811 14813 14814
14813 14815 14814
14813 14816 14815
14817 14815 14816
14817 14816 14818
14819 14817 14818
14819 14818 14820
14821 14815 14817
14821 14817 14819
14821 14822 14815
14814 14815 14822
14823 14814 14822
14821 14819 14824
14823 14822 14825
14820 14826 14819
14824 14819 14826
14820 14827 14826
14824 14826 14828
14826 14827 14829
14828 14826 14829
14823 14825 14830
14830 14825 14831
14832 14830 14831
14823 14830 14832
14823 14832 14833
14834 14823 14833
14835 14834 14833
14834 14836 14823
14823 14836 14814
14837 14814 14836
14834 14837 14836
14837 14811 14814
14834 14838 14837
14837 14839 14811
14839 14840 14811
14839 14841 14840
14839 14842 14841
14837 14843 14839
14843 14838 14844
14843 14837 14845
14844 14845 14846
14845 14847 14846
14845 14834 14847
14839 14848 14842
14839 14843 14848
14849 14842 14848
14849 14848 14850
14848 14843 14850
14850 14843 14851
14851 14844 14852
14851 14843 14853
14854 14847 14834
14854 14834 14835
14855 14854 14835
14855 14835 14856
14857 14847 14854
14857 14854 14855
14856 14858 14855
14856 14859 14858
14858 14859 14860
14861 14858 14860
14862 14858 14861
14862 14855 14858
14857 14855 14862
14857 14863 14847
14863 14857 14864
14863 14864 14865
14865 14864 14866
14847 14863 14867
14847 14867 14868
14853 14868 14867
14869 14853 14867
14863 14870 14867
14852 14867 14870
14865 14866 14871
14866 14872 14871
14871 14872 14873
14865 14871 14873
14865 14873 14874
14863 14865 14875
14863 14875 14870
14865 14876 14875
14865 14874 14876
14870 14875 14876
14877 14869 14870
14870 14876 14877
14878 14876 14874
14879 14878 14874
14877 14876 14880
14880 14876 14878
14877 14880 14881
14880 14878 14882
14879 14883 14878
14882 14878 14883
14882 14883 14884
14885 14883 14879
14886 14877 14881
14877 14886 14869
14886 14881 14887
14886 14887 14888
14889 14884 14883
14885 14889 14883
14889 14890 14884
14886 14891 14869
14886 14888 14891
14892 14891 14888
14891 14893 14869
14892 14893 14891
14885 14894 14889
14894 14890 14889
14885 14895 14894
14894 14896 14890
14894 14895 14897
14896 14894 14897
14893 14898 14852
14899 14900 14901
14899 14902 14900
14899 14903 14902
14899 14904 14903
14905 14906 14907
14905 14907 14908
14909 14905 14908
14909 14910 14905
14911 14910 14909
14911 14912 14910
14913 14914 14915
14916 14914 14913
14916 14917 14914
14914 14917 14918
14914 14918 14919
14918 14917 14920
14921 14920 14917
14921 14922 14920
14918 14920 14923
14918 14923 14924
14919 14918 14925
14918 14924 14925
14919 14925 14926
14925 14924 14927
14928 14926 14925
14925 14927 14929
14928 14925 14929
14929 14927 14930
14928 14929 14930
14931 14932 14933
14931 14933 14934
14935 14934 14933
14936 14937 14938
14939 14937 14936
14939 14936 14940
14941 14942 14943
14941 14943 14944
14945 14944 14943
14946 14947 14948
14949 14947 14946
14949 14946 14950
14951 14952 14953
14954 14952 14951
14951 14784 14954
14951 14955 14784
14955 14951 14956
14956 14951 14957
14952 14958 14957
14952 14959 14958
14780 14784 14955
14784 14783 14954
14954 14960 14952
14952 14960 14959
14783 14960 14954
14780 14955 14961
14796 14780 14961
14961 14955 14962
14963 14796 14961
14961 14962 14964
14965 14959 14960
14783 14965 14960
14965 14966 14959
14965 14783 14781
14965 14781 14967
14968 14967 14781
14968 14781 14969
14969 14970 14968
14969 14971 14970
14963 14961 14972
14961 14964 14972
14963 14972 14973
14972 14964 14973
14974 14975 14976
14974 14977 14975
14974 14978 14977
14979 14980 14981
14979 14981 14982
14983 14984 14982
14983 14982 14985
14986 14987 14988
14986 14988 14989
14989 14990 14986
14991 14990 14989
14991 14989 14992
14991 14992 14993
14994 14995 14996
14994 14997 14995
14998 14995 14997
14999 15000 15001
15002 14999 15001
15002 15003 14999
15004 15005 15006
15004 15007 15005
15008 15005 15007
15009 15010 15011
15012 15009 15011
15012 15013 15009
15014 15015 15016
15014 15016 15017
15018 15019 15020
15018 15021 15019
15022 15021 15018
15021 15023 15019
15022 15024 15021
15021 15025 15023
15024 15025 15021
15026 15023 15025
15024 15027 15025
15026 15025 15027
15028 15029 15030
15028 15031 15029
15032 15029 15031
15033 15031 15028
15033 15028 15034
15035 15031 15033
15032 15031 15036
15035 15036 15031
15037 15032 15036
15037 15036 15035
15038 15039 15040
15038 15041 15039
15042 15041 15038
15041 15043 15039
15042 15044 15041
15041 15045 15043
15044 15045 15041
15046 15043 15045
15044 15047 15045
15046 15045 15047
15048 15049 15050
15048 15050 15051
15052 15048 15051
15053 15051 15050
15052 15051 15054
15053 15054 15051
15055 15056 15057
15055 15057 15058
15059 15055 15058
15058 15057 15060
15059 15058 15061
15060 15061 15058
15062 15063 15064
15065 15064 15063
15065 15063 15066
15065 15066 15067
15068 15067 15066
15068 15066 15069
15069 15066 15070
15069 15070 15071
15072 15069 15071
15072 15073 15069
15073 15068 15074
15075 15073 15072
15073 15076 15068
15073 15077 15076
15076 15077 15078
15079 15068 15076
15079 15076 15078
15079 15080 15068
15079 15078 15081
15081 15082 15079
15081 15083 15082
15072 15084 15075
15075 15084 15085
15084 15086 15085
15072 15087 15084
15087 15086 15084
15087 15088 15086
15089 15087 15072
15090 15087 15089
15089 15091 15088
15090 15091 15092
15089 15093 15091
15082 15094 15095
15082 15095 15096
15096 15095 15097
15082 15096 15098
15099 15082 15098
15100 15096 15097
15101 15100 15097
15102 15100 15101
15103 15096 15100
15102 15103 15100
15103 15098 15096
15102 15104 15103
15105 15098 15103
15099 15098 15106
15106 15098 15105
15106 15107 15099
15106 15105 15108
15109 15108 15104
15109 15105 15110
15109 15110 15111
15112 15109 15111
15110 15105 15113
15105 15114 15113
15113 15114 15115
15110 15113 15115
15115 15102 15116
15110 15115 15117
15116 15118 15115
15116 15119 15118
15118 15119 15120
15115 15118 15121
15121 15118 15120
15115 15121 15117
15122 15121 15120
15123 15121 15122
15123 15117 15121
15124 15117 15123
15125 15126 15127
15126 15125 15128
15126 15128 15129
15125 15130 15128
15125 15131 15130
15125 15132 15131
15131 15132 15133
15131 15133 15134
15135 15131 15134
15135 15134 15136
15128 15130 15137
15128 15137 15138
15137 15139 15138
15137 15140 15139
15137 15130 15141
15130 15142 15141
15130 15143 15142
15143 15144 15142
15143 15145 15144
15145 15146 15144
15144 15146 15147
15147 15146 15148
15147 15149 15144
15147 15150 15149
15149 15150 15151
15152 15153 15154
15154 15153 15155
15155 15153 15156
15157 15158 15159
15157 15159 15160
15157 15160 15161
15162 15163 15164
15164 15165 15162
15165 15164 15166
15165 15166 15167
15167 15166 15168
15167 15168 15169
15169 15168 15170
15165 15167 15171
15171 15167 15169
15171 15169 15172
15173 15165 15171
15169 15170 15174
15172 15169 15174
15170 15175 15174
15172 15174 15176
15174 15175 15176
15162 15165 15177
15178 15165 15173
15177 15165 15178
15162 15177 15179
15162 15179 15180
15173 15181 15178
15181 15173 15182
15183 15177 15178
15183 15179 15177
15180 15179 15184
15180 15184 15185
15185 15184 15186
15185 15186 15187
15186 15184 15188
15179 15188 15184
15186 15188 15189
15190 15188 15179
15189 15188 15190
15190 15179 15183
15183 15178 15191
15181 15191 15178
15191 15192 15183
15193 15190 15183
15191 15194 15192
15190 15195 15189
15193 15195 15190
15189 15195 15196
15196 15195 15197
15193 15197 15195
15193 15198 15197
15198 15193 15194
15198 15194 15199
15194 15200 15199
15181 15201 15191
15194 15191 15201
15194 15202 15200
15194 15201 15202
15202 15203 15200
15201 15181 15204
15181 15182 15204
15204 15182 15205
15202 15201 15206
15207 15201 15204
15202 15208 15203
15202 15206 15208
15208 15209 15203
15208 15206 15210
15204 15205 15211
15207 15204 15211
15207 15211 15212
15211 15205 15213
15214 15212 15211
15208 15215 15209
15208 15210 15215
15209 15215 15216
15215 15210 15217
15211 15213 15218
15214 15211 15218
15213 15219 15218
15214 15218 15220
15219 15220 15218
15221 15222 15223
15224 15225 15223
15221 15226 15224
15226 15225 15224
15226 15227 15225
15221 15228 15226
15227 15226 15229
15227 15229 15230
15231 15230 15229
15229 15226 15232
15232 15226 15228
15231 15229 15233
15232 15233 15229
15234 15231 15233
15234 15235 15231
15234 15236 15235
15237 15234 15233
15232 15237 15233
15234 15238 15236
15237 15238 15234
15236 15238 15239
15237 15240 15238
15239 15238 15240
15232 15241 15237
15237 15241 15240
15242 15232 15228
15232 15242 15241
15242 15228 15243
15228 15244 15243
15244 15245 15243
15246 15241 15242
15243 15246 15242
15247 15240 15241
15246 15247 15241
15246 15248 15247
15247 15249 15240
15240 15249 15239
15248 15249 15247
15239 15249 15250
15248 15250 15249
15239 15250 15251
15251 15250 15252
15248 15252 15250
15248 15253 15252
15245 15254 15243
15255 15254 15245
15256 15254 15255
15243 15257 15246
15243 15254 15257
15254 15256 15258
15254 15258 15257
15259 15258 15256
15260 15257 15258
15261 15257 15260
15257 15261 15246
15246 15261 15248
15248 15262 15253
15261 15262 15248
15253 15262 15263
15262 15264 15263
15262 15265 15264
15264 15265 15266
15261 15267 15262
15261 15268 15267
15267 15268 15269
15270 15271 15272
15270 15273 15271
15274 15271 15273
15275 15276 15277
15278 15276 15275
15278 15275 15279
15280 15281 15282
15280 15282 15283
15284 15280 15283
15285 15283 15282
15285 15282 15286
15287 15283 15285
15284 15283 15288
15287 15288 15283
15284 15288 15289
15289 15288 15287
15290 15291 15292
15293 15292 15291
15293 15291 15294
15294 15295 15293
15296 15295 15294
15294 15297 15296
15294 15291 15297
15291 15298 15297
15299 15300 15301
15301 15300 15302
15303 15304 15305
15303 15305 15306
15306 15305 15307
15307 15308 15306
15303 15306 15308
15303 15308 15309
15303 15309 15310
15311 15303 15310
15311 15310 15312
15309 15313 15310
15310 15313 15314
15313 15315 15314
15316 15315 15313
15309 15316 15313
15316 15317 15315
15308 15318 15309
15309 15318 15316
15319 15317 15316
15320 15316 15318
15320 15319 15316
15308 15321 15318
15321 15320 15318
15322 15317 15319
15322 15323 15317
15324 15322 15319
15320 15324 15319
15322 15324 15325
15324 15326 15325
15324 15327 15326
15320 15327 15324
15327 15328 15326
15329 15328 15327
15320 15329 15327
15321 15330 15320
15308 15331 15321
15330 15321 15331
15308 15332 15331
15330 15331 15333
15332 15334 15331
15333 15331 15334
15335 15336 15337
15335 15337 15338
15339 15340 15341
15341 15132 15339
15342 15343 15344
15342 15345 15343
15345 15346 15343
15347 15348 15349
15350 15349 15348
15350 15351 15349
15350 15352 15351
15353 15351 15352
15353 15354 15351
15354 15355 15351
15354 15356 15355
15357 15356 15354
15358 15354 15353
15357 15354 15358
15358 15353 15359
15358 15359 15360
15359 15361 15360
15362 15357 15358
15363 15359 15353
15363 15361 15359
15363 15353 15364
15363 15365 15361
15365 15363 15366
15365 15366 15367
15357 15362 15368
15362 15369 15368
15368 15369 15370
15357 15368 15371
15371 15368 15370
15371 15370 15372
15373 15357 15371
15374 15373 15371
15373 15372 15375
15374 15376 15375
15373 15375 15377
15366 15378 15379
15366 15380 15378
15380 15381 15378
15366 15382 15380
15383 15382 15366
15384 15381 15380
15385 15381 15384
15386 15385 15384
15387 15384 15380
15386 15384 15387
15387 15380 15382
15386 15387 15388
15388 15387 15382
15383 15389 15382
15389 15388 15382
15389 15383 15390
15389 15391 15388
15392 15388 15391
15393 15394 15392
15392 15394 15395
15392 15395 15396
15395 15397 15396
15396 15397 15398
15397 15399 15398
15395 15399 15397
15399 15400 15386
15395 15401 15399
15400 15399 15402
15400 15402 15403
15402 15404 15403
15399 15405 15402
15405 15404 15402
15399 15401 15405
15406 15404 15405
15407 15406 15405
15407 15405 15401
15408 15407 15401
15409 15410 15411
15409 15411 15412
15412 15413 15409
15412 15414 15413
15414 15415 15416
15415 15417 15416
15417 15418 15416
15417 15419 15418
15420 15419 15417
15420 15421 15419
15415 15422 15417
15415 15411 15422
15411 15423 15422
15411 15424 15423
15423 15424 15425
15423 15425 15426
15423 15427 15422
15422 15427 15428
15422 15428 15429
15429 15428 15430
15429 15430 15431
15431 15430 15432
15430 15433 15432
15433 15434 15432
15433 15430 15435
15433 15435 15436
15435 15437 15436
15438 15439 15440
15439 15441 15440
15441 15442 15440
15443 15444 15445
15443 15445 15446
15446 15447 15443
15446 15448 15447
15449 15447 15448
15449 15450 15447
15447 15451 15443
15451 15447 15450
15452 15450 15449
15452 15449 15453
15452 15453 15454
15455 15450 15452
15451 15450 15455
15452 15454 15456
15455 15452 15456
15454 15457 15456
15455 15456 15458
15457 15458 15456
15451 15455 15459
15455 15458 15459
15451 15460 15443
15461 15443 15460
15461 15462 15443
15461 15463 15462
15462 15463 15445
15464 15460 15451
15451 15459 15464
15464 15465 15460
15460 15465 15466
15466 15465 15467
15468 15464 15459
15465 15464 15468
15469 15459 15458
15468 15459 15469
15468 15469 15470
15469 15458 15471
15470 15469 15471
15458 15457 15471
15457 15472 15471
15470 15471 15472
15457 15473 15472
15473 15474 15472
15470 15472 15474
15470 15474 15475
15467 15465 15476
15477 15467 15476
15478 15477 15476
15465 15468 15479
15465 15479 15476
15476 15480 15478
15476 15479 15480
15481 15478 15480
15482 15480 15479
15483 15482 15479
15479 15468 15483
15468 15470 15483
15470 15475 15484
15483 15470 15484
15475 15485 15484
15484 15485 15486
15483 15484 15487
15484 15486 15487
15483 15487 15488
15486 15489 15487
15487 15489 15488
15490 15491 15492
15490 15493 15491
15490 15494 15493
15495 15496 15497
15496 15495 15498
15498 15499 15496
15498 15500 15499
15500 15501 15499
15500 15502 15501
15502 15503 15501
15498 15504 15500
15504 15502 15500
15504 15505 15502
15506 15504 15498
15502 15507 15503
15505 15507 15502
15503 15507 15508
15505 15509 15507
15507 15509 15508
15495 15510 15498
15511 15506 15498
15510 15511 15498
15495 15512 15510
15495 15513 15512
15506 15511 15514
15514 15515 15506
15516 15511 15510
15516 15510 15512
15514 15517 15515
15517 15518 15515
15514 15511 15519
15516 15519 15511
15514 15519 15520
15520 15517 15521
15517 15522 15518
15522 15523 15518
15524 15517 15520
15524 15522 15517
15524 15525 15522
15526 15522 15525
15522 15527 15523
15526 15527 15522
15526 15528 15527
15523 15527 15529
15529 15527 15530
15531 15520 15519
15519 15532 15531
15519 15516 15532
15532 15516 15533
15532 15533 15534
15533 15516 15512
15531 15535 15520
15535 15536 15520
15535 15537 15536
15537 15538 15536
15537 15539 15538
15539 15540 15538
15541 15540 15539
15537 15541 15539
15537 15542 15541
15535 15542 15537
15535 15543 15542
15531 15543 15535
15531 15544 15543
15545 15544 15531
15545 15531 15546
15546 15547 15545
15546 15534 15547
15548 15547 15534
15549 15548 15534
15533 15549 15534
15549 15533 15550
15533 15512 15550
15551 15549 15550
15512 15552 15550
15551 15550 15552
15513 15552 15512
15513 15553 15552
15553 15551 15552
15553 15554 15551
15555 15556 15557
15555 15557 15558
15559 15558 15557
15560 15561 15562
15563 15560 15562
15563 15564 15560
15565 15566 15567
15565 15568 15566
15569 15568 15565
15570 15566 15568
15570 15571 15566
15572 15570 15568
15569 15573 15568
15572 15568 15573
15569 15574 15573
15574 15572 15573
15575 15576 15577
15578 15577 15576
15578 15579 15577
15579 15578 15580
15581 15579 15580
15577 15582 15583
15584 15581 15582
15584 15582 15577
15585 15586 15587
15586 15588 15587
15589 15590 15591
15589 15592 15590
15592 15593 15590
15593 15592 15594
15589 15594 15592
15589 15595 15594
15589 15596 15595
15597 15596 15589
15597 15598 15596
15596 15598 15599
15595 15596 15599
15595 15599 15600
15600 15599 15601
15599 15602 15601
15600 15601 15603
15594 15595 15604
15595 15600 15604
15605 15600 15603
15606 15604 15600
15606 15600 15605
15594 15604 15607
15607 15604 15606
15608 15605 15603
15608 15603 15609
15610 15605 15608
15606 15605 15610
15608 15611 15610
15610 15611 15612
15610 15612 15613
15606 15610 15613
15613 15612 15614
15615 15613 15614
15606 15613 15615
15607 15606 15616
15594 15607 15617
15616 15617 15607
15594 15617 15618
15616 15619 15617
15618 15617 15620
15619 15620 15617
15621 15622 15623
15621 15624 15622
15625 15626 15627
15625 15628 15626
15629 15628 15625
15626 15628 15630
15630 15628 15629
15629 15625 15631
15629 15631 15632
15630 15629 15633
15630 15633 15634
15635 15634 15633
15629 15632 15636
15636 15632 15637
15638 15633 15629
15635 15633 15638
15638 15629 15636
15635 15638 15639
15639 15638 15636
15635 15639 15640
15641 15640 15639
15636 15637 15642
15639 15636 15642
15643 15642 15637
15644 15639 15642
15643 15644 15642
15641 15639 15644
15644 15643 15645
15641 15644 15646
15644 15645 15646
15641 15646 15647
15646 15645 15648
15649 15647 15646
15646 15648 15649
15649 15650 15647
15651 15650 15649
15651 15649 15648
15651 15648 15652
15651 15652 15653
15651 15653 15654
15654 15653 15655
15654 15655 15656
15656 15655 15657
15656 15657 15658
15659 15658 15657
15660 15661 15662
15660 15662 15663
15664 15660 15663
15662 15665 15663
15665 15664 15663
15664 15666 15660
15664 15667 15666
15665 15668 15664
15665 15669 15668
15670 15668 15669
15664 15671 15667
15671 15672 15667
15673 15664 15668
15670 15673 15668
15673 15671 15664
15670 15674 15673
15674 15671 15673
15670 15675 15674
15676 15674 15675
15671 15677 15672
15674 15677 15671
15678 15672 15677
15679 15677 15674
15678 15677 15679
15676 15679 15674
15679 15680 15678
15676 15681 15679
15679 15681 15680
15676 15682 15681
15681 15683 15680
15684 15681 15682
15681 15684 15683
15684 15682 15685
15686 15684 15685
15686 15683 15684
15686 15687 15683
15686 15688 15687
15686 15689 15688
15689 15690 15688
15689 15691 15690
15691 15692 15690
15691 15693 15692
15694 15692 15693
15695 15696 15697
15698 15697 15696
15698 15699 15697
15698 15700 15699
15701 15702 15703
15704 15703 15702
15704 15705 15703
15704 15706 15705
15707 15708 15709
15710 15709 15708
15710 15708 15711
15710 15711 15712
15713 15714 15715
15716 15715 15714
15716 15714 15717
15716 15717 15718
15719 15720 15721
15719 15721 15722
15723 15722 15721
15724 15719 15722
15723 15725 15722
15723 15726 15725
15724 15722 15727
15722 15725 15728
15722 15728 15727
15724 15727 15729
15730 15724 15729
15729 15731 15730
15729 15732 15731
15733 15731 15732
15733 15732 15734
15734 15735 15733
15729 15736 15732
15736 15734 15732
15729 15727 15737
15729 15737 15736
15727 15738 15737
15727 15728 15738
15736 15737 15738
15734 15739 15735
15739 15740 15735
15739 15741 15740
15734 15742 15739
15741 15739 15742
15736 15743 15734
15734 15743 15742
15736 15738 15744
15743 15736 15744
15728 15745 15738
15746 15744 15738
15746 15738 15745
15743 15744 15747
15747 15744 15746
15748 15742 15743
15748 15743 15747
15741 15742 15749
15749 15742 15748
15728 15750 15745
15751 15745 15750
15750 15728 15725
15745 15752 15746
15745 15751 15752
15746 15753 15747
15746 15752 15753
15747 15753 15754
15747 15754 15748
15755 15753 15752
15755 15754 15753
15750 15725 15756
15725 15726 15756
15726 15757 15756
15757 15750 15756
15726 15758 15757
15759 15752 15751
15755 15752 15759
15757 15760 15750
15751 15750 15760
15757 15761 15760
15761 15751 15760
15762 15757 15758
15757 15762 15761
15762 15758 15763
15763 15764 15762
15761 15762 15764
15763 15765 15764
15766 15764 15765
15766 15767 15764
15768 15767 15766
15761 15764 15769
15767 15769 15764
15768 15770 15767
15771 15770 15768
15771 15772 15770
15773 15772 15771
15767 15770 15774
15770 15772 15775
15770 15775 15774
15767 15776 15769
15767 15774 15776
15769 15776 15777
15777 15776 15774
15778 15761 15769
15769 15777 15778
15773 15779 15772
15779 15775 15772
15778 15780 15761
15780 15778 15781
15761 15780 15751
15782 15751 15780
15780 15781 15782
15782 15759 15751
15759 15782 15783
15783 15782 15781
15759 15783 15755
15778 15777 15784
15778 15784 15781
15777 15785 15784
15784 15785 15786
15777 15774 15785
15774 15787 15785
15774 15775 15787
15784 15788 15781
15784 15786 15788
15781 15788 15789
15786 15789 15788
15783 15781 15790
15781 15789 15790
15785 15787 15791
15785 15791 15786
15755 15783 15792
15783 15790 15793
15783 15793 15792
15790 15789 15794
15790 15794 15793
15795 15793 15794
15796 15794 15789
15786 15796 15789
15755 15792 15797
15755 15797 15754
15798 15754 15797
15798 15748 15754
15792 15799 15797
15798 15797 15799
15793 15800 15792
15792 15800 15799
15795 15801 15793
15793 15801 15800
15796 15802 15794
15802 15795 15794
15798 15803 15748
15803 15749 15748
15804 15803 15798
15804 15749 15803
15799 15805 15798
15804 15798 15805
15800 15801 15806
15795 15806 15801
15800 15807 15799
15799 15807 15805
15804 15808 15749
15741 15749 15808
15800 15806 15809
15800 15809 15807
15807 15810 15805
15805 15811 15804
15805 15810 15811
15810 15807 15812
15809 15812 15807
15811 15810 15812
15809 15813 15812
15811 15812 15814
15815 15813 15809
15815 15809 15806
15811 15814 15816
15804 15811 15817
15817 15808 15804
15811 15816 15817
15815 15806 15818
15815 15818 15819
15795 15818 15806
15818 15820 15819
15821 15808 15817
15821 15741 15808
15816 15822 15817
15821 15817 15822
15816 15823 15822
15824 15822 15823
15824 15825 15822
15821 15822 15825
15821 15825 15826
15741 15821 15827
15741 15827 15828
15818 15829 15820
15795 15829 15818
15830 15820 15829
15830 15831 15820
15795 15832 15829
15802 15832 15795
15829 15832 15833
15829 15833 15830
15834 15832 15802
15834 15833 15832
15796 15834 15802
15835 15831 15830
15835 15836 15831
15836 15835 15837
15838 15830 15833
15838 15835 15830
15835 15839 15837
15840 15839 15835
15841 15837 15839
15840 15842 15839
15796 15843 15834
15786 15843 15796
15844 15833 15834
15844 15838 15833
15843 15844 15834
15841 15839 15845
15845 15846 15841
15847 15839 15842
15847 15845 15839
15838 15848 15842
15844 15848 15838
15845 15849 15846
15849 15850 15846
15845 15851 15849
15845 15847 15851
15849 15852 15850
15852 15849 15851
15852 15853 15850
15853 15854 15850
15855 15853 15852
15855 15852 15856
15852 15851 15856
15847 15842 15857
15857 15842 15848
15858 15857 15848
15847 15857 15859
15857 15858 15859
15860 15851 15847
15860 15847 15859
15861 15855 15856
15861 15862 15855
15863 15856 15851
15863 15851 15860
15864 15860 15859
15864 15859 15858
15865 15861 15856
15863 15865 15856
15866 15862 15861
15866 15861 15865
15866 15867 15862
15868 15863 15860
15868 15860 15864
15869 15865 15863
15869 15863 15868
15870 15866 15865
15869 15870 15865
15871 15867 15866
15871 15872 15867
15870 15873 15866
15873 15871 15866
15874 15872 15871
15874 15871 15873
15874 15875 15872
15876 15874 15873
15877 15873 15870
15877 15870 15869
15877 15876 15873
15868 15878 15869
15877 15869 15878
15879 15868 15864
15868 15879 15878
15879 15864 15880
15880 15864 15858
15881 15876 15877
15882 15877 15878
15881 15877 15882
15883 15881 15882
15884 15878 15879
15882 15878 15884
15884 15879 15885
15885 15879 15880
15886 15882 15884
15886 15883 15882
15886 15884 15885
15881 15887 15876
15887 15888 15876
15889 15888 15887
15889 15875 15888
15890 15889 15887
15890 15887 15891
15881 15891 15887
15892 15890 15891
15893 15892 15891
15894 15891 15881
15893 15891 15894
15883 15894 15881
15895 15893 15894
15895 15894 15883
15896 15895 15883
15897 15896 15883
15897 15883 15898
15899 15897 15898
15883 15886 15898
15899 15898 15900
15900 15898 15886
15901 15899 15900
15902 15899 15901
15903 15901 15900
15900 15886 15904
15886 15885 15904
15903 15900 15905
15905 15900 15904
15905 15906 15903
15904 15885 15907
15885 15880 15907
15905 15904 15908
15904 15907 15908
15905 15909 15906
15909 15910 15906
15907 15880 15911
15880 15858 15911
15909 15905 15912
15912 15905 15908
15910 15909 15913
15913 15909 15912
15773 15910 15913
15773 15913 15914
15913 15912 15914
15773 15914 15779
15907 15911 15915
15908 15907 15915
15916 15911 15858
15915 15911 15916
15912 15908 15917
15908 15915 15917
15918 15779 15914
15779 15918 15775
15912 15919 15914
15912 15917 15919
15918 15914 15919
15775 15918 15920
15775 15920 15787
15918 15919 15921
15919 15917 15921
15918 15921 15920
15917 15922 15921
15922 15917 15915
15922 15920 15921
15923 15787 15920
15922 15923 15920
15923 15791 15787
15923 15924 15791
15922 15915 15925
15923 15922 15925
15923 15925 15924
15915 15916 15925
15924 15925 15916
15924 15926 15791
15926 15786 15791
15786 15926 15843
15926 15924 15843
15924 15916 15927
15916 15858 15927
15927 15858 15848
15844 15927 15848
15843 15928 15844
15843 15924 15928
15924 15927 15928
15844 15928 15927
15929 15930 15931
15932 15929 15931
15933 15932 15931
15934 15933 15931
15935 15934 15931
15936 15935 15931
15937 15936 15931
15938 15937 15931
15939 15938 15931
15940 15939 15931
15941 15942 15943
15941 15944 15942
15945 15942 15944
15946 15944 15941
15945 15944 15947
15945 15947 15948
15946 15949 15944
15944 15950 15947
15944 15949 15950
15946 15951 15949
15952 15951 15946
15951 15952 15953
15951 15953 15954
15955 15954 15953
15955 15956 15954
15956 15955 15957
15951 15954 15958
15958 15954 15956
15951 15959 15949
15951 15958 15959
15949 15959 15960
15949 15960 15950
15958 15960 15959
15956 15957 15961
15961 15957 15962
15961 15962 15963
15956 15961 15964
15963 15964 15961
15958 15956 15965
15956 15964 15965
15958 15966 15960
15965 15966 15958
15950 15960 15967
15968 15960 15966
15968 15967 15960
15965 15969 15966
15969 15968 15966
15970 15965 15964
15970 15969 15965
15963 15971 15964
15971 15970 15964
15950 15967 15972
15973 15972 15967
15972 15947 15950
15967 15968 15974
15967 15974 15973
15968 15969 15975
15968 15975 15974
15969 15976 15975
15969 15970 15976
15977 15974 15975
15977 15975 15976
15972 15978 15947
15947 15978 15948
15948 15978 15979
15979 15978 15972
15948 15979 15980
15981 15973 15974
15977 15981 15974
15979 15972 15982
15973 15982 15972
15979 15982 15983
15983 15982 15973
15984 15980 15979
15979 15983 15984
15984 15985 15980
15985 15984 15986
15983 15986 15984
15985 15986 15987
15988 15987 15986
15988 15986 15989
15990 15988 15989
15983 15991 15986
15989 15986 15991
15990 15989 15992
15993 15990 15992
15993 15992 15994
15995 15993 15994
15983 15973 15996
15997 15991 15983
15997 15983 15996
15996 15998 15997
15999 15996 15973
15996 15999 15998
15999 15973 15981
15981 16000 15999
16000 15998 15999
15981 15977 16000
15989 15991 16001
15989 16002 15992
15989 16001 16002
15991 16003 16001
15991 15997 16003
16003 16002 16001
15992 16004 15994
15992 16002 16004
15997 16005 16003
15997 15998 16005
16003 16006 16002
16003 16005 16006
16005 16007 16006
16002 16006 16008
16002 16008 16004
16009 15994 16004
15995 15994 16009
16005 15998 16010
16005 16010 16007
15998 16011 16010
16007 16010 16011
16006 16012 16008
16006 16007 16012
15998 16013 16011
16000 16013 15998
16004 16008 16014
16009 16004 16015
16004 16014 16015
15995 16009 16016
16015 16016 16009
16017 16008 16012
16017 16014 16008
16017 16012 16018
16019 16012 16007
16018 16012 16019
16007 16020 16019
16019 16020 16018
15995 16016 16021
15995 16021 16022
16022 16021 16023
16023 16024 16022
16021 16016 16025
16021 16025 16023
16026 16024 16023
16023 16025 16026
16026 16027 16024
16007 16028 16020
16007 16011 16028
16025 16016 16029
16015 16029 16016
16015 16030 16029
16015 16014 16030
16025 16029 16031
16029 16030 16031
16032 16030 16014
16031 16030 16032
16032 16014 16017
16025 16031 16033
16025 16033 16026
16032 16034 16031
16033 16031 16034
16017 16035 16032
16032 16035 16034
16017 16018 16035
16028 16011 16036
16013 16036 16011
16034 16035 16037
16018 16037 16035
16013 16038 16036
16039 16036 16038
16000 16038 16013
16028 16036 16040
16040 16036 16039
16028 16040 16041
16028 16041 16020
16000 16042 16038
15977 16042 16000
16040 16039 16043
16041 16040 16043
15977 16044 16042
15977 15976 16044
16045 16044 15976
16045 15976 15970
16042 16044 16046
16045 16046 16044
16038 16042 16047
16042 16046 16047
16039 16038 16048
16038 16047 16048
16045 15970 16049
16049 15970 15971
16050 16045 16049
16050 16049 15971
16046 16045 16051
16050 16051 16045
16039 16048 16052
16047 16052 16048
16047 16046 16053
16046 16051 16053
16050 15971 16054
15963 16054 15971
16047 16055 16052
16047 16053 16055
16039 16052 16056
16057 16052 16055
16057 16056 16052
16057 16055 16058
16057 16059 16056
16055 16060 16058
16055 16053 16060
16056 16059 16061
16039 16056 16062
16056 16061 16062
16039 16062 16043
16063 16060 16053
16053 16051 16063
16064 16060 16063
16051 16064 16063
16064 16065 16060
16051 16050 16064
16064 16066 16065
16050 16067 16064
16064 16067 16066
16067 16050 16054
16068 16062 16061
16068 16061 16069
16062 16070 16043
16062 16068 16070
16041 16043 16070
16066 16067 16071
16066 16071 16072
16073 16072 16071
16073 16071 16074
16075 16067 16054
16075 16071 16067
16075 16074 16071
16075 16076 16074
16075 16054 15963
15963 16077 16075
15963 16078 16077
16079 16041 16070
16020 16041 16079
16079 16070 16080
16080 16070 16068
16080 16068 16081
16081 16068 16069
16081 16069 16082
16082 16083 16081
16081 16083 16084
16085 16081 16084
16086 16084 16083
16085 16084 16087
16086 16088 16084
16088 16086 16089
16020 16079 16090
16020 16090 16018
16018 16090 16091
16079 16091 16090
16018 16091 16037
16037 16091 16092
16079 16093 16091
16091 16093 16092
16079 16080 16093
16080 16087 16093
16094 16087 16084
16094 16084 16088
16095 16093 16087
16092 16093 16095
16094 16095 16087
16088 16089 16096
16096 16089 16097
16088 16096 16098
16088 16098 16094
16094 16099 16095
16095 16099 16092
16096 16097 16100
16100 16098 16096
16101 16099 16094
16101 16094 16098
16100 16097 16102
16102 16097 16103
16104 16100 16102
16100 16105 16098
16104 16105 16100
16106 16092 16099
16106 16099 16101
16107 16101 16098
16107 16098 16105
16108 16105 16104
16108 16104 16109
16110 16105 16108
16107 16105 16110
16111 16108 16109
16111 16110 16108
16111 16109 16112
16113 16101 16107
16113 16106 16101
16114 16107 16110
16114 16113 16107
16115 16110 16111
16114 16110 16115
16116 16111 16112
16116 16112 16117
16115 16111 16118
16118 16111 16116
16119 16116 16117
16119 16118 16116
16119 16117 16120
16121 16118 16119
16122 16115 16118
16122 16114 16115
16122 16118 16121
16113 16114 16123
16122 16123 16114
16113 16123 16124
16124 16106 16113
16124 16125 16106
16125 16092 16106
16125 16126 16092
16037 16092 16126
16034 16037 16126
16127 16034 16126
16127 16126 16125
16033 16034 16127
16128 16125 16124
16128 16127 16125
16129 16033 16127
16129 16127 16128
16026 16033 16129
16130 16124 16123
16130 16128 16124
16026 16129 16131
16027 16026 16131
16027 16131 16132
16133 16129 16128
16133 16128 16130
16131 16129 16133
16134 16130 16123
16133 16130 16134
16133 16134 16135
16134 16123 16122
16136 16134 16122
16135 16134 16136
16136 16122 16121
16132 16131 16137
16138 16132 16137
16131 16133 16139
16137 16131 16139
16135 16139 16133
16137 16139 16140
16140 16139 16135
16140 16135 16141
16141 16135 16142
16142 16135 16143
16135 16136 16143
16142 16143 16144
16144 16143 16145
16143 16136 16145
16144 16145 16146
16146 16145 16147
16136 16148 16145
16147 16145 16148
16136 16121 16148
16147 16148 16149
16148 16121 16150
16149 16148 16150
16149 16150 16120
16151 16152 16153
16154 16152 16151
16155 16152 16154
16156 16152 16155
16157 16152 16156
16158 16152 16157
16159 16152 16158
16160 16152 16159
16161 16152 16160
16162 16152 16161
16163 16164 16165
16166 16165 16164
16165 16166 16167
16167 16166 16168
16167 16168 16169
16169 16168 16170
16166 16164 16171
16171 16168 16166
16172 16170 16168
16172 16173 16170
16174 16173 16172
16171 16175 16168
16168 16175 16172
16164 16176 16171
16176 16175 16171
16174 16172 16177
16175 16177 16172
16177 16175 16178
16178 16179 16177
16174 16180 16179
16164 16181 16176
16182 16181 16164
16182 16183 16181
16176 16184 16175
16178 16175 16184
16183 16185 16181
16181 16186 16176
16181 16185 16186
16183 16187 16185
16188 16187 16183
16189 16185 16187
16189 16190 16185
16186 16185 16190
16191 16190 16189
16191 16192 16190
16192 16191 16193
16194 16192 16193
16190 16192 16195
16186 16190 16195
16196 16176 16186
16196 16184 16176
16194 16197 16192
16195 16192 16197
16194 16198 16197
16199 16198 16194
16198 16199 16200
16201 16186 16195
16195 16197 16201
16201 16196 16186
16201 16197 16198
16198 16200 16202
16203 16202 16200
16204 16184 16196
16205 16196 16201
16205 16204 16196
16206 16201 16198
16206 16205 16201
16198 16207 16206
16198 16208 16207
16202 16208 16209
16205 16206 16210
16206 16207 16210
16210 16207 16211
16212 16205 16210
16204 16205 16212
16212 16210 16211
16213 16212 16211
16204 16214 16184
16178 16184 16214
16204 16212 16215
16212 16213 16215
16204 16216 16214
16178 16214 16216
16215 16216 16204
16178 16216 16217
16178 16217 16179
16215 16218 16216
16217 16216 16218
16218 16215 16213
16179 16217 16219
16217 16218 16219
16179 16219 16220
16174 16179 16220
16219 16218 16221
16220 16219 16221
16174 16220 16222
16220 16221 16222
16174 16222 16223
16222 16224 16223
16225 16221 16218
16218 16213 16225
16225 16226 16221
16222 16221 16226
16222 16226 16227
16222 16227 16224
16228 16224 16227
16228 16229 16224
16229 16228 16230
16229 16230 16231
16232 16231 16230
16232 16233 16231
16231 16233 16234
16235 16234 16233
16235 16236 16234
16237 16225 16213
16237 16213 16238
16238 16239 16237
16240 16239 16238
16238 16213 16241
16213 16211 16241
16238 16241 16242
16240 16238 16242
16243 16239 16240
16243 16244 16239
16245 16241 16211
16245 16242 16241
16246 16245 16211
16245 16247 16242
16242 16247 16248
16242 16248 16240
16246 16211 16249
16250 16240 16248
16211 16207 16249
16250 16251 16240
16249 16207 16208
16251 16252 16240
16253 16252 16251
16253 16254 16252
16240 16252 16243
16243 16252 16255
16243 16255 16256
16249 16208 16257
16249 16257 16258
16249 16258 16259
16260 16257 16208
16260 16208 16202
16260 16261 16257
16261 16258 16257
16260 16202 16262
16261 16263 16258
16203 16262 16202
16264 16262 16203
16265 16264 16203
16264 16265 16266
16267 16258 16263
16267 16268 16258
16269 16268 16267
16269 16267 16270
16271 16269 16270
16271 16270 16272
16272 16270 16273
16274 16272 16273
16274 16273 16275
16276 16277 16278
16276 16279 16277
16280 16277 16279
16280 16279 16281
16282 16280 16281
16282 16283 16280
16284 16285 16286
16284 16287 16285
16288 16285 16287
16288 16287 16289
16290 16288 16289
16290 16289 16291
16288 16292 16285
16293 16285 16292
16293 16294 16285
16288 16295 16292
16288 16296 16295
16288 16297 16296
16298 16299 16300
16298 16300 16301
16302 16301 16300
16302 16300 16303
16304 16305 16306
16304 16306 16307
16308 16307 16306
16308 16309 16307
16309 16308 16310
16309 16310 16311
16312 16313 16314
16312 16314 16315
16316 16315 16314
16316 16317 16315
16317 16316 16318
16317 16318 16319
16320 16321 16322
16320 16322 16323
16324 16323 16322
16324 16325 16323
16325 16324 16326
16325 16326 16327
16326 16324 16328
16326 16328 16329
16324 16330 16328
16324 16322 16330
16331 16330 16322
16331 16322 16332
16333 16334 16335
16333 16335 16336
16337 16338 16339
16337 16340 16338
16341 16338 16340
16341 16340 16342
16343 16341 16342
16343 16342 16344
16345 16346 16347
16345 16347 16348
16349 16350 16351
16349 16351 16352
16352 16353 16354
16352 16354 16355
16356 16357 16358
16356 16358 16359
16360 16361 16356
16360 16362 16361
16363 16364 16365
16366 16364 16363
16367 16364 16366
16368 16364 16367
16369 16364 16368
16370 16364 16369
16371 16364 16372
16372 16364 16373
16373 16364 16374
16374 16364 16375
16375 16364 16376
16376 16364 16377
16378 16379 16380
16378 16380 16381
16381 16380 16382
16381 16382 16383
16378 16381 16384
16378 16384 16385
16386 16387 16388
16386 16388 16389
16390 16391 16392
16390 16392 16393
16394 16395 16396
16394 16396 16397
16396 16398 16397
16396 16399 16398
16398 16399 16400
16400 16401 16398
16400 16402 16401
16399 16403 16400
16399 16404 16403
16405 16406 16407
16405 16407 16408
16409 16410 16411
16409 16411 16412
16413 16414 16415
16413 16415 16416
16417 16418 16419
16417 16420 16418
16420 16421 16418
16420 16422 16421
16418 16421 16423
16418 16423 16424
16425 16418 16424
16425 16426 16418
16427 16428 16429
16427 16429 16430
16431 16432 16433
16431 16434 16432
16434 16435 16432
16434 16436 16435
16437 16435 16438
16437 16438 16439
16440 16437 16439
16440 16441 16437
16442 16443 16444
16442 16445 16443
16446 16445 16442
16446 16442 16447
16446 16448 16449
16446 16449 16450
16449 16451 16450
16449 16452 16451
16450 16451 16453
16450 16453 16454
16455 16456 16457
16455 16457 16458
16459 16460 16461
16459 16461 16462
16463 16464 16465
16463 16466 16464
16466 16467 16464
16466 16468 16467
16468 16469 16467
16469 16468 16470
16469 16470 16471
16467 16469 16472
16467 16472 16473
16474 16475 16476
16474 16476 16477
16478 16479 16480
16478 16480 16481
16478 16481 16482
16478 16482 16483
16484 16485 16486
16484 16486 16487
16488 16489 16490
16488 16490 16491
16492 16493 16494
16492 16494 16495
16496 16497 16498
16496 16498 16499
16500 16501 16502
16500 16503 16501
16504 16501 16503
16504 16503 16505
16500 16506 16503
16500 16507 16506
16508 16509 16510
16508 16510 16511
16512 16513 16514
16512 16514 16515
16516 16517 16518
16516 16519 16517
16519 16520 16517
16519 16521 16520
16521 16522 16520
16522 16521 16523
16522 16523 16524
16520 16522 16525
16520 16525 16526
16527 16528 16529
16527 16529 16530
16531 16532 16533
16531 16533 16534
16535 16536 16537
16535 16537 16538
16539 16540 16541
16539 16541 16542
16541 16543 16542
16541 16544 16543
16545 16541 16546
16545 16547 16541
16547 16548 16541
16547 16549 16548
16550 16551 16552
16550 16552 16553
16554 16555 16556
16554 16556 16557
16556 16558 16557
16556 16559 16558
16560 16561 16559
16560 16559 16562
16563 16560 16562
16563 16562 16564
16565 16566 16567
16565 16567 16568
16565 16569 16570
16565 16570 16571
16572 16573 16574
16572 16574 16575
16574 16576 16575
16574 16577 16576
16576 16577 16578
16578 16579 16576
16578 16580 16579
16577 16581 16578
16577 16582 16581
16583 16584 16585
16583 16585 16586
16587 16588 16589
16587 16589 16590
16591 16592 16593
16591 16593 16594
16595 16596 16597
16595 16597 16598
16599 16600 16601
16599 16601 16602
16603 16604 16605
16603 16605 16606
16607 16608 16609
16610 16609 16608
16608 16611 16610
16611 16612 16610
16611 16613 16612
16613 16614 16612
16610 16615 16609
16615 16610 16612
16616 16612 16614
16616 16614 16617
16618 16616 16617
16615 16612 16619
16612 16616 16619
16609 16615 16620
16620 16615 16619
16618 16621 16616
16619 16616 16621
16621 16622 16619
16622 16621 16623
16618 16623 16624
16609 16620 16625
16626 16609 16625
16626 16625 16627
16620 16619 16628
16622 16628 16619
16627 16625 16629
16625 16620 16630
16625 16630 16629
16627 16629 16631
16632 16627 16631
16633 16631 16629
16633 16629 16634
16630 16634 16629
16635 16633 16634
16635 16634 16636
16636 16637 16635
16638 16637 16636
16634 16639 16636
16630 16639 16634
16640 16630 16620
16640 16620 16628
16638 16636 16641
16639 16641 16636
16638 16641 16642
16643 16638 16642
16642 16644 16643
16645 16639 16630
16639 16645 16641
16645 16630 16640
16645 16642 16641
16642 16646 16644
16647 16644 16646
16648 16640 16628
16649 16645 16640
16649 16640 16648
16650 16642 16645
16650 16645 16649
16642 16650 16651
16642 16651 16652
16646 16653 16652
16649 16654 16650
16650 16654 16651
16654 16655 16651
16656 16654 16649
16648 16656 16649
16656 16655 16654
16657 16655 16656
16648 16628 16658
16622 16658 16628
16648 16659 16656
16656 16659 16657
16648 16658 16660
16622 16660 16658
16659 16648 16660
16622 16661 16660
16622 16623 16661
16659 16660 16662
16661 16662 16660
16662 16657 16659
16623 16663 16661
16661 16663 16662
16623 16664 16663
16618 16664 16623
16663 16665 16662
16664 16665 16663
16618 16666 16664
16664 16666 16665
16618 16667 16666
16666 16667 16668
16669 16662 16665
16662 16669 16657
16669 16665 16670
16666 16670 16665
16666 16671 16670
16666 16668 16671
16672 16671 16668
16672 16668 16673
16673 16674 16672
16673 16675 16674
16676 16674 16675
16676 16675 16677
16675 16678 16677
16679 16677 16678
16679 16678 16680
16681 16657 16669
16681 16682 16657
16682 16681 16683
16684 16682 16683
16682 16685 16657
16657 16685 16655
16682 16686 16685
16684 16686 16682
16687 16684 16683
16687 16683 16688
16689 16655 16685
16689 16685 16686
16690 16655 16689
16689 16686 16691
16686 16692 16691
16686 16684 16692
16690 16693 16655
16694 16692 16684
16655 16693 16651
16694 16684 16695
16693 16652 16651
16695 16684 16696
16697 16695 16696
16697 16696 16698
16684 16687 16696
16687 16699 16696
16687 16700 16699
16693 16701 16652
16693 16702 16701
16693 16703 16702
16704 16652 16701
16704 16646 16652
16704 16701 16705
16705 16701 16702
16704 16706 16646
16705 16702 16707
16647 16646 16706
16708 16647 16706
16709 16647 16708
16708 16710 16709
16711 16707 16702
16711 16702 16712
16713 16711 16712
16713 16714 16711
16715 16714 16713
16715 16716 16714
16716 16717 16714
16718 16717 16716
16718 16719 16717
16720 16721 16722
16720 16722 16723
16724 16723 16722
16724 16725 16723
16726 16725 16724
16726 16724 16727
16728 16729 16730
16728 16730 16731
16732 16731 16730
16732 16733 16731
16734 16733 16732
16734 16735 16733
16732 16730 16736
16737 16736 16730
16737 16730 16738
16732 16736 16739
16732 16739 16740
16732 16740 16741
16742 16743 16744
16742 16745 16743
16746 16743 16745
16746 16747 16743
16748 16749 16750
16748 16751 16749
16752 16749 16751
16752 16751 16753
16753 16754 16752
16753 16755 16754
16756 16757 16758
16756 16759 16757
16760 16757 16759
16760 16759 16761
16761 16762 16760
16761 16763 16762
16764 16765 16766
16764 16767 16765
16768 16765 16767
16768 16767 16769
16769 16770 16768
16769 16771 16770
16770 16772 16768
16770 16773 16772
16768 16772 16774
16768 16774 16765
16775 16765 16774
16775 16776 16765
16777 16778 16779
16777 16779 16780
16781 16782 16783
16781 16783 16784
16785 16784 16783
16785 16786 16784
16787 16786 16785
16787 16788 16786
16789 16790 16791
16789 16791 16792
16793 16794 16795
16793 16796 16794
16796 16797 16798
16796 16798 16799
16800 16801 16802
16800 16802 16803
16804 16800 16805
16804 16805 16806
16807 16808 16809
16810 16807 16809
16811 16810 16809
16812 16811 16809
16813 16812 16809
16814 16813 16809
16815 16816 16809
16816 16817 16809
16817 16818 16809
16818 16819 16809
16819 16820 16809
16820 16821 16809
16822 16823 16824
16822 16825 16823
16825 16826 16823
16825 16827 16826
16822 16828 16825
16822 16829 16828
16830 16831 16832
16830 16832 16833
16834 16835 16836
16834 16836 16837
16838 16839 16840
16838 16841 16839
16839 16841 16842
16839 16842 16843
16842 16844 16843
16844 16842 16845
16844 16845 16846
16843 16844 16847
16843 16847 16848
16849 16850 16851
16849 16851 16852
16853 16854 16855
16853 16855 16856
16857 16858 16859
16857 16859 16860
16861 16862 16863
16861 16863 16864
16864 16863 16865
16864 16865 16866
16863 16867 16865
16863 16868 16867
16869 16868 16863
16869 16863 16870
16871 16872 16873
16871 16873 16874
16875 16876 16877
16875 16877 16878
16878 16877 16879
16878 16879 16880
16881 16882 16879
16881 16883 16882
16884 16883 16881
16884 16881 16885
16886 16887 16888
16886 16888 16889
16890 16886 16889
16890 16891 16886
16890 16892 16893
16890 16894 16892
16892 16894 16895
16892 16895 16896
16894 16897 16895
16894 16898 16897
16899 16900 16901
16899 16901 16902
16903 16904 16905
16903 16905 16906
16907 16908 16909
16907 16909 16910
16910 16909 16911
16910 16911 16912
16912 16911 16913
16913 16914 16912
16913 16915 16914
16911 16916 16913
16911 16917 16916
16918 16919 16920
16918 16920 16921
16922 16923 16924
16922 16925 16923
16922 16926 16925
16922 16927 16926
16928 16929 16930
16928 16930 16931
16932 16933 16934
16932 16934 16935
16936 16937 16938
16936 16938 16939
16940 16941 16942
16940 16942 16943
16944 16945 16946
16944 16946 16947
16948 16947 16946
16948 16949 16947
16944 16947 16950
16944 16950 16951
16952 16953 16954
16952 16954 16955
16956 16957 16958
16956 16958 16959
16960 16961 16962
16960 16962 16963
16963 16962 16964
16963 16964 16965
16965 16964 16966
16966 16967 16965
16966 16968 16967
16964 16969 16966
16964 16970 16969
16971 16972 16973
16971 16973 16974
16975 16976 16977
16975 16977 16978
16979 16980 16981
16979 16981 16982
16983 16984 16985
16983 16986 16984
16984 16986 16987
16984 16987 16988
16989 16990 16984
16989 16984 16991
16991 16984 16992
16991 16992 16993
16994 16995 16996
16994 16996 16997
16998 16999 17000
16998 17001 16999
16999 17001 17002
16999 17002 17003
17004 17003 17005
17004 17006 17003
17007 17006 17004
17007 17008 17006
17009 17010 17011
17009 17011 17012
17009 17013 17014
17009 17014 17015
17016 17017 17018
17016 17019 17017
17017 17019 17020
17017 17020 17021
17020 17022 17021
17022 17020 17023
17022 17023 17024
17021 17022 17025
17021 17025 17026
17027 17028 17029
17027 17029 17030
17031 17032 17033
17031 17033 17034
17035 17036 17037
17035 17037 17038
17039 17040 17041
17039 17041 17042
17043 17044 17045
17043 17045 17046
17047 17048 17049
17047 17049 17050
17051 17052 17053
17051 17054 17052
17051 17055 17054
17051 17056 17055
17055 17056 17057
17055 17057 17058
17057 17059 17058
17059 17060 17058
17059 17061 17060
17060 17061 17062
17057 17063 17059
17064 17063 17057
17064 17057 17065
17065 17066 17064
17065 17067 17066
17068 17066 17067
17068 17069 17066
17069 17068 17070
17071 17072 17073
17071 17073 17074
17071 17074 17075
17071 17075 17076
17075 17077 17076
17075 17078 17077
17077 17078 17079
17079 17078 17080
17079 17080 17081
17080 17082 17081
17077 17079 17083
17084 17077 17083
17084 17085 17077
17085 17084 17086
17085 17086 17087
17088 17087 17086
17088 17086 17089
17089 17090 17088
