byte offset: 0
first index: 0
index count: 18030
topology: trianglelist
format: DXGI_FORMAT_R16_UINT

0 1 2
3 4 5
6 7 8
9 10 11
12 13 14
15 16 17
18 19 20
21 22 23
24 23 25
24 25 26
24 26 27
26 25 28
29 27 26
29 26 28
29 30 27
29 28 31
32 30 29
31 32 29
32 33 30
31 34 32
32 35 33
36 32 34
32 36 35
36 34 37
36 38 35
37 39 36
36 39 38
37 40 39
41 38 39
39 40 42
41 39 42
42 40 43
44 41 42
42 43 45
44 42 46
42 45 46
47 44 46
46 45 48
47 46 49
46 48 49
49 50 47
48 51 49
49 51 50
48 52 51
50 51 53
52 53 51
50 53 54
52 55 53
56 54 53
55 56 53
56 57 54
55 58 56
57 56 59
58 59 56
57 59 60
58 61 59
62 60 59
61 62 59
62 63 60
61 64 62
65 63 62
64 65 62
65 66 63
64 67 65
66 65 68
67 68 65
66 68 69
69 68 70
67 71 68
71 72 68
73 74 75
76 77 78
76 79 77
80 79 76
81 77 79
81 79 82
81 82 83
81 83 84
85 86 87
87 86 88
89 88 86
89 86 90
88 89 91
89 90 92
89 93 91
89 92 93
91 93 94
92 95 93
95 94 93
92 96 95
97 95 96
95 98 94
97 98 95
98 99 94
97 99 98
100 97 101
97 102 101
100 101 103
103 104 100
105 101 102
102 106 105
103 101 107
105 107 101
106 108 105
109 108 106
108 109 110
105 108 111
108 110 111
105 111 107
112 111 110
107 111 113
112 113 111
107 113 114
103 107 114
115 114 113
112 115 113
116 103 114
115 116 114
116 117 103
103 117 104
118 104 117
118 119 104
118 120 119
121 120 118
120 121 122
123 118 117
123 117 116
118 123 121
116 124 123
116 115 124
123 124 121
125 124 115
112 125 115
125 121 124
125 112 126
112 127 126
128 127 112
128 129 127
126 127 129
128 130 129
125 126 131
126 129 131
130 132 129
132 131 129
133 132 130
121 125 134
125 131 134
132 135 131
134 131 135
136 121 134
135 136 134
136 137 121
133 138 132
138 135 132
133 139 138
133 140 139
138 141 135
135 141 136
141 138 139
142 137 136
142 143 137
144 136 141
141 139 144
144 142 136
145 139 140
145 144 139
142 144 145
140 146 145
143 142 147
142 145 147
146 147 145
143 147 148
146 149 147
148 147 149
150 151 152
150 152 153
154 150 153
153 152 155
154 153 156
156 157 154
153 155 158
156 153 158
158 155 159
160 156 158
158 159 160
156 161 157
160 161 156
159 162 160
162 161 160
159 163 162
164 157 161
162 164 161
164 165 157
166 162 163
166 164 162
166 163 167
167 168 166
165 164 169
166 169 164
168 169 166
165 169 170
170 169 168
171 172 173
172 174 173
172 175 174
176 173 174
177 174 175
176 174 178
177 179 174
179 178 174
179 177 180
179 181 178
180 181 179
182 176 183
183 184 182
184 183 185
185 183 186
185 186 187
187 186 188
187 188 189
188 190 189
191 192 186
191 193 192
193 191 194
193 195 192
193 194 196
196 195 193
196 197 195
198 196 194
198 197 196
198 199 197
198 200 199
201 202 203
201 203 204
205 204 203
201 204 206
206 204 207
201 206 208
201 208 209
209 210 201
211 212 213
214 211 213
214 215 211
216 215 214
213 217 214
218 217 213
216 214 219
217 219 214
220 216 219
218 221 217
217 221 219
218 222 221
223 221 222
220 219 224
221 224 219
224 225 220
223 226 221
221 226 224
223 227 226
224 226 227
225 224 227
227 228 225
227 229 228
227 230 229
230 231 229
230 232 231
232 233 231
233 234 231
229 231 234
235 234 233
234 235 236
237 234 236
229 234 238
237 238 234
228 229 238
239 238 237
228 238 240
239 240 238
225 228 240
241 240 239
241 225 240
241 242 225
243 244 245
244 243 246
244 246 247
247 246 248
247 249 244
247 248 250
249 247 250
251 250 248
249 250 252
253 249 252
251 254 250
254 252 250
255 253 252
254 255 252
255 256 253
251 257 254
255 254 257
251 258 257
256 255 259
255 257 259
256 259 260
261 257 258
259 257 261
261 258 262
262 263 261
264 260 259
259 261 264
263 264 261
264 265 260
265 264 263
266 267 268
266 268 269
269 270 266
269 268 271
269 272 270
273 270 272
269 271 274
269 274 272
275 274 271
272 274 276
275 276 274
273 272 277
272 276 277
275 278 276
278 277 276
275 279 278
273 277 280
278 280 277
273 280 281
279 282 278
280 278 282
282 279 283
281 280 284
280 282 284
284 285 281
282 283 286
284 282 286
283 287 286
284 288 285
285 288 287
284 286 288
287 288 286
289 290 291
292 289 291
289 292 293
292 294 293
292 295 294
292 296 295
297 296 292
298 297 292
298 292 299
300 299 292
300 292 301
292 291 301
301 291 302
301 302 303
304 301 303
305 301 304
306 307 308
307 306 309
310 309 306
311 309 310
309 312 307
313 307 312
311 314 309
312 309 314
314 311 315
313 312 316
317 313 316
312 314 318
318 316 312
314 315 319
318 314 319
320 316 318
318 319 320
315 321 319
321 320 319
315 322 321
322 323 321
321 323 324
321 324 320
323 325 324
317 316 326
320 326 316
317 326 327
320 327 326
324 327 320
317 327 328
325 329 324
324 329 327
328 327 329
330 329 325
328 329 330
331 332 333
331 333 334
331 334 335
333 336 334
337 336 333
338 336 337
335 334 339
335 339 340
334 336 341
334 341 339
338 341 336
340 339 342
342 339 341
340 342 343
342 341 344
338 344 341
345 343 342
344 345 342
345 346 343
345 347 346
344 348 345
345 348 347
349 348 344
349 347 348
338 349 344
350 347 349
347 350 351
338 352 349
350 349 352
351 350 353
352 353 350
354 351 353
353 355 354
356 354 355
338 357 352
338 358 357
352 359 353
353 359 355
360 359 352
360 352 357
360 355 359
361 356 355
361 355 360
356 361 362
356 362 363
364 361 360
360 357 364
357 358 364
365 364 358
358 366 365
367 365 366
365 367 368
365 369 364
368 369 365
362 369 370
371 372 373
373 372 374
373 374 375
373 375 376
377 373 376
373 377 378
373 378 379
379 378 380
380 378 381
380 381 382
380 382 383
380 383 384
385 380 384
385 384 386
385 386 387
387 386 388
387 388 389
387 389 390
391 387 390
391 390 392
391 392 393
393 392 394
393 394 395
393 395 396
397 393 396
393 397 398
393 398 399
400 401 402
400 402 403
400 403 404
403 405 404
402 406 403
407 406 402
408 406 407
403 409 405
409 403 406
410 405 409
408 411 406
409 406 411
410 409 412
412 409 411
412 413 410
413 412 414
415 411 408
412 411 415
414 412 415
415 408 416
416 414 415
417 418 419
419 420 417
421 422 423
424 423 422
424 422 425
426 424 425
426 427 424
428 429 430
429 431 430
432 433 430
434 433 432
432 435 434
436 437 438
436 438 439
440 436 439
439 438 441
440 439 442
442 443 440
439 441 444
442 439 444
445 444 441
442 444 446
445 446 444
442 447 443
442 446 447
448 446 445
447 446 448
448 445 449
450 443 447
447 448 450
450 451 443
452 448 449
450 448 452
452 449 453
453 454 452
451 450 455
450 452 455
454 455 452
451 455 456
456 455 454
457 458 459
459 458 460
459 460 461
462 459 461
463 461 460
462 461 464
465 464 461
463 465 461
465 463 466
467 465 466
467 468 465
467 466 469
467 470 468
467 469 471
471 470 467
472 468 470
471 473 470
472 470 473
472 474 468
474 475 468
474 472 476
472 473 476
477 475 474
474 476 477
478 476 473
478 477 476
479 473 471
478 473 479
477 480 475
480 481 475
482 471 469
479 471 483
482 483 471
484 482 469
484 469 485
485 486 484
483 482 487
484 487 482
486 488 484
484 488 487
489 488 486
490 479 483
483 487 490
488 491 487
488 489 491
487 492 490
487 491 492
493 490 492
490 493 479
494 492 491
478 479 493
495 478 493
493 492 495
495 477 478
491 489 496
491 496 494
497 496 489
497 494 496
497 489 498
497 498 499
497 499 500
497 500 494
500 499 501
477 495 502
502 480 477
503 494 500
494 503 492
500 501 504
503 500 504
505 504 501
505 506 504
506 503 504
507 506 505
506 508 503
508 492 503
507 509 506
509 508 506
507 510 509
511 508 509
508 511 492
511 512 492
513 512 511
492 512 514
495 492 514
514 502 495
513 515 512
514 512 515
515 513 516
514 517 502
514 515 517
515 516 518
517 515 518
519 502 517
502 519 480
517 518 520
519 517 520
520 518 521
516 521 518
522 519 520
520 521 522
523 480 519
522 523 519
523 524 480
480 524 481
522 521 525
526 523 522
522 525 526
527 524 523
526 527 523
528 481 524
527 528 524
528 529 481
528 527 529
529 530 481
529 531 530
531 529 527
527 526 531
526 525 531
532 531 525
532 525 521
516 532 521
532 516 533
532 533 534
532 534 535
516 536 533
537 536 516
533 536 538
537 538 536
533 538 534
537 539 538
539 540 538
534 538 540
541 540 539
535 534 542
534 540 542
543 535 542
541 544 540
544 542 540
543 542 545
544 545 542
541 546 544
546 545 544
541 547 546
548 543 545
546 548 545
548 549 543
550 546 547
550 548 546
549 548 550
550 547 551
549 550 552
552 550 551
552 551 553
554 555 556
556 557 554
556 558 557
559 558 556
560 558 559
560 559 561
561 562 560
561 563 562
564 562 563
564 565 562
564 566 565
564 567 566
564 568 567
564 569 568
568 569 570
571 572 573
574 571 573
574 575 571
576 575 574
573 577 574
578 577 573
576 574 579
577 579 574
580 576 579
581 577 578
577 581 579
581 578 582
581 582 583
580 579 584
584 579 581
584 585 580
581 583 586
584 581 586
583 587 586
584 586 587
585 584 587
587 588 585
587 589 588
587 590 589
591 589 590
591 590 592
592 593 591
593 594 591
589 591 594
595 594 593
594 595 596
597 594 596
589 594 598
597 598 594
598 588 589
598 597 599
598 600 588
598 599 600
585 588 600
600 599 601
600 601 585
601 602 585
603 604 605
606 604 603
606 607 604
608 607 606
607 609 604
608 610 607
609 607 610
611 610 608
609 610 612
613 609 612
611 614 610
614 612 610
615 613 612
614 615 612
615 616 613
617 614 611
617 615 614
617 611 618
619 616 615
617 619 615
619 620 616
621 617 618
619 617 621
621 618 622
622 623 621
620 619 624
619 621 624
623 624 621
620 624 625
625 624 623
626 627 628
626 628 629
626 629 630
630 629 631
630 631 632
633 632 631
632 633 634
634 462 632
635 636 637
638 635 637
635 638 639
639 638 640
640 641 639
640 642 641
640 643 642
644 643 640
645 646 647
645 647 648
648 647 649
649 647 650
648 649 651
650 647 652
653 650 652
654 653 652
653 655 650
656 650 655
656 657 650
657 658 650
658 649 650
658 659 649
660 659 658
661 660 658
661 658 662
663 662 658
664 660 661
664 665 660
665 666 660
660 666 667
667 659 660
668 659 667
669 659 668
659 669 670
670 671 659
672 673 674
675 672 674
675 676 672
674 677 675
678 677 674
677 678 679
680 676 675
680 681 676
682 681 680
683 675 677
683 680 675
677 679 683
682 680 684
683 684 680
685 682 684
683 686 684
686 683 679
685 684 687
686 687 684
687 688 685
686 689 687
687 689 688
690 689 686
690 688 689
686 679 690
690 691 688
688 691 692
690 693 691
693 690 679
692 691 694
694 691 693
695 692 694
694 696 695
694 697 696
694 693 697
698 696 697
699 697 693
698 697 699
693 679 700
699 693 700
679 701 700
699 700 701
679 702 701
703 698 699
699 701 703
703 704 698
702 705 701
705 703 701
705 704 703
702 706 705
705 707 704
705 706 707
708 709 710
708 710 711
708 711 712
710 713 711
714 713 710
715 713 714
712 711 716
712 716 717
716 718 717
719 711 713
715 719 713
719 716 711
716 720 718
720 716 719
720 721 718
721 720 722
723 719 715
720 719 723
722 720 723
723 715 724
724 722 723
725 726 727
725 728 726
729 728 725
730 726 728
729 731 728
732 731 729
730 728 733
733 728 731
734 730 733
732 735 731
733 731 735
734 733 736
733 735 736
732 737 735
737 736 735
732 738 737
739 734 736
737 739 736
739 740 734
738 741 737
741 739 737
738 742 741
742 743 741
744 740 739
741 744 739
743 744 741
744 745 740
745 744 743
746 747 748
749 748 747
748 749 750
751 748 750
752 750 749
751 750 753
754 752 755
754 756 753
756 754 755
757 758 759
759 760 757
761 762 763
764 761 763
764 765 761
764 766 765
763 767 764
768 767 763
764 769 766
767 769 764
770 766 769
768 771 767
767 771 769
768 772 771
773 771 772
770 769 774
774 769 771
774 775 770
773 776 771
774 771 776
773 777 776
774 776 777
775 774 777
777 778 775
777 779 778
777 780 779
781 779 780
781 780 782
782 783 781
783 784 781
784 779 781
785 784 783
784 785 786
784 787 779
787 784 786
778 779 787
787 786 788
778 787 789
788 789 787
775 778 789
788 790 789
789 790 791
789 791 775
791 792 775
793 794 795
796 794 793
796 797 794
798 797 796
797 799 794
798 800 797
799 797 800
800 798 801
799 800 802
803 799 802
800 801 804
802 800 804
803 802 805
802 804 805
803 805 806
801 807 804
807 805 804
801 808 807
806 805 809
807 809 805
806 809 810
808 811 807
811 809 807
808 812 811
812 813 811
810 809 814
811 814 809
813 814 811
810 814 815
815 814 813
816 817 818
818 819 816
819 818 820
820 818 821
820 821 822
822 821 823
822 823 824
823 825 824
826 827 828
826 828 829
826 829 830
826 830 831
832 830 829
831 830 833
832 833 830
831 833 834
835 833 832
833 836 834
833 835 836
837 838 839
837 839 840
837 840 841
840 842 841
840 843 842
840 844 843
843 844 845
846 847 848
849 847 846
850 847 849
847 850 851
851 852 847
846 853 849
846 854 853
855 854 846
856 857 858
859 856 858
859 860 856
858 861 859
862 861 858
863 861 862
860 859 864
860 864 865
864 866 865
867 859 861
863 867 861
867 864 859
864 868 866
867 868 864
868 869 866
869 868 870
863 871 867
867 871 868
870 868 871
863 872 871
872 870 871
873 874 875
873 876 874
876 873 877
876 877 878
879 878 877
879 880 878
881 880 879
881 882 880
883 882 881
883 884 882
884 883 885
884 885 886
876 887 874
878 888 876
876 888 887
889 878 880
878 889 888
890 880 882
889 880 890
891 882 884
890 882 891
886 892 884
892 891 884
887 893 874
893 894 874
893 895 894
895 893 896
895 896 897
887 898 893
898 896 893
897 896 899
897 899 900
901 900 899
898 887 902
902 887 888
898 903 896
903 899 896
901 899 904
905 901 904
902 888 906
889 906 888
898 902 907
907 903 898
903 908 899
899 908 904
905 904 909
909 910 905
909 911 910
904 912 909
908 912 904
908 903 913
907 913 903
907 902 914
906 914 902
915 911 909
912 915 909
908 916 912
908 913 916
917 913 907
907 914 917
918 912 916
918 915 912
916 913 919
917 919 913
916 919 918
906 920 914
921 917 914
921 914 920
922 919 917
921 922 917
923 918 919
922 923 919
918 924 915
923 924 918
925 923 922
925 922 921
926 920 906
889 926 906
926 889 890
926 890 927
890 891 927
926 928 920
927 928 926
929 927 891
927 929 928
929 891 892
921 920 930
928 930 920
929 931 928
928 931 930
932 929 892
929 932 931
933 921 930
925 921 933
931 934 930
933 930 934
935 932 892
886 935 892
932 936 931
931 936 934
935 937 932
932 937 936
935 938 937
938 936 937
886 939 935
935 939 938
934 936 940
938 940 936
941 933 934
934 940 941
940 938 942
938 939 942
886 943 939
943 886 944
943 944 945
939 943 946
942 939 946
947 943 945
946 943 947
947 945 948
940 942 949
941 940 949
942 946 950
949 942 950
951 946 947
951 950 946
948 952 947
951 947 952
948 953 952
949 950 954
954 950 951
941 949 955
954 955 949
953 956 952
953 957 956
952 958 951
954 951 958
952 956 958
959 956 957
959 957 960
958 961 954
954 961 955
962 958 956
962 956 959
958 962 961
955 963 941
941 963 933
960 964 959
960 965 964
966 962 959
966 959 964
961 967 955
955 967 963
968 961 962
968 962 966
961 968 967
933 963 969
933 969 925
970 966 964
970 964 971
970 971 972
973 968 966
970 973 966
974 970 972
973 970 974
974 972 975
976 963 967
976 969 963
967 968 977
973 977 968
967 977 976
973 974 978
978 977 973
975 979 974
979 978 974
975 980 979
981 979 980
982 976 977
978 982 977
969 976 983
982 983 976
981 984 979
984 981 985
979 986 978
986 982 978
979 984 986
984 985 987
987 985 988
987 988 911
986 989 982
983 982 989
986 984 990
984 987 990
986 990 989
969 983 991
991 925 969
983 989 992
990 992 989
992 991 983
990 987 993
993 987 911
990 993 992
991 994 925
925 994 923
924 923 994
992 995 991
992 993 995
994 991 995
993 911 996
996 995 993
915 996 911
924 996 915
924 994 997
994 995 997
924 997 996
996 997 995
998 999 1000
1001 998 1000
1001 1002 998
1002 1001 1003
1002 1003 1004
1005 1004 1003
1005 1006 1004
1007 1006 1005
1007 1008 1006
1009 1008 1007
1009 1010 1008
1009 1011 1010
1009 1012 1011
1012 1013 1011
1012 1014 1013
1015 1013 1014
1015 1014 1016
1017 1015 1016
1017 1016 1018
1018 1019 1017
1020 1021 1022
1023 1021 1020
1023 1024 1021
1024 1023 1025
1024 1025 1026
1027 1026 1025
1027 1028 1026
1028 1027 1029
1028 1029 1030
1029 1031 1030
1029 1032 1031
1032 1033 1031
1032 1034 1033
1034 1035 1033
1034 1036 1035
1036 1037 1035
1036 1038 1037
1039 1037 1038
1039 1038 1040
1040 1041 1039
1042 1043 1044
1045 1044 1043
1045 1043 1046
1046 1047 1045
1046 1048 1047
1048 1049 1047
1048 1050 1049
1051 1049 1050
1051 1050 1052
1052 1053 1051
1052 1054 1053
1054 1055 1053
1054 1056 1055
1057 1055 1056
1057 1058 1055
1059 1058 1057
1059 1060 1058
1060 1059 1061
1060 1061 1062
1063 1062 1061
1064 1065 1066
1064 1067 1065
1067 1064 1068
1067 1068 1069
1070 1069 1068
1070 1071 1069
1072 1071 1070
1072 1073 1071
1074 1073 1072
1074 1075 1073
1076 1075 1074
1076 1077 1075
1077 1076 1078
1077 1078 1079
1079 1078 1080
1079 1080 1081
1082 1081 1080
1082 1083 1081
1084 1083 1082
1084 1085 1083
1086 1085 1084
1086 1087 1085
1087 1086 1088
1087 1088 1089
1089 1088 1090
1088 1091 1090
1089 1090 1092
1093 1090 1091
1092 1090 1094
1093 1094 1090
1092 1094 1095
1096 1094 1093
1095 1094 1097
1096 1097 1094
1095 1097 1098
1099 1098 1097
1096 1100 1097
1099 1097 1100
1096 1101 1100
1100 1102 1099
1103 1100 1101
1100 1103 1102
1103 1101 1104
1102 1103 1105
1104 1105 1103
1102 1105 1106
1104 1107 1105
1108 1106 1105
1108 1105 1107
1108 1109 1106
1108 1107 1110
1111 1109 1108
1110 1111 1108
1110 1112 1111
1111 1113 1109
1111 1112 1114
1113 1111 1115
1111 1114 1115
1113 1115 1116
1115 1114 1117
1118 1116 1115
1115 1117 1118
1118 1119 1116
1118 1120 1119
1121 1118 1117
1118 1122 1120
1121 1122 1118
1122 1123 1120
1124 1122 1121
1122 1124 1123
1124 1121 1125
1126 1123 1124
1127 1124 1125
1126 1124 1127
1127 1125 1128
1127 1129 1126
1129 1127 1128
1130 1131 1132
1133 1132 1131
1133 1131 1134
1134 1135 1133
1134 1136 1135
1137 1135 1136
1137 1136 1138
1138 1139 1137
1138 1140 1139
1140 1141 1139
1140 1142 1141
1141 1142 1143
1141 1143 1144
1144 1143 1145
1144 1145 1146
1146 1145 1147
1146 1147 1148
1148 1147 1149
1148 1149 1150
1150 1149 1151
1150 1151 1152
1152 1151 1153
1152 1153 1154
1153 1155 1154
1153 1156 1155
1155 1156 1157
1155 1157 1158
1159 1158 1157
1159 1160 1158
1161 1160 1159
1161 1162 1160
1162 1161 1163
1162 1163 1164
1165 1164 1163
1165 1166 1164
1165 1167 1166
1165 1168 1167
1167 1168 1169
1167 1169 1170
1171 1170 1169
1171 1172 1170
1172 1171 1173
1172 1173 1174
1174 1173 1175
1174 1175 1176
1177 1176 1175
1178 1179 1180
1181 1178 1180
1181 1182 1178
1182 1181 1183
1184 1185 1186
1184 1186 1187
1188 1184 1187
1188 1187 1189
1190 1188 1189
1190 1189 1191
1191 1192 1190
1193 1187 1186
1189 1187 1194
1193 1194 1187
1195 1193 1186
1195 1186 1196
1197 1193 1195
1197 1198 1193
1198 1194 1193
1198 1197 1199
1198 1199 1200
1201 1198 1200
1198 1201 1194
1201 1200 1202
1203 1201 1202
1189 1194 1204
1201 1204 1194
1204 1191 1189
1203 1205 1201
1201 1205 1204
1206 1205 1203
1204 1207 1191
1205 1207 1204
1206 1208 1205
1205 1208 1207
1209 1208 1206
1209 1210 1208
1210 1207 1208
1211 1210 1209
1212 1191 1207
1191 1212 1192
1211 1213 1210
1214 1213 1211
1210 1215 1207
1212 1207 1215
1215 1210 1213
1192 1212 1216
1192 1216 1217
1218 1217 1216
1219 1212 1215
1219 1216 1212
1215 1213 1219
1218 1216 1220
1219 1220 1216
1221 1218 1220
1213 1222 1219
1219 1222 1220
1221 1220 1223
1222 1223 1220
1223 1224 1221
1213 1225 1222
1214 1225 1213
1222 1226 1223
1226 1222 1225
1223 1227 1224
1227 1223 1226
1228 1224 1227
1214 1229 1225
1226 1225 1229
1214 1230 1229
1228 1227 1231
1231 1232 1228
1227 1226 1233
1229 1233 1226
1233 1231 1227
1234 1229 1230
1229 1234 1233
1234 1230 1235
1231 1236 1232
1237 1232 1236
1233 1238 1231
1234 1238 1233
1238 1236 1231
1239 1234 1235
1234 1239 1238
1239 1235 1240
1237 1236 1241
1242 1237 1241
1238 1243 1236
1243 1238 1239
1241 1236 1243
1240 1244 1239
1243 1239 1244
1240 1245 1244
1242 1241 1246
1247 1242 1246
1241 1243 1248
1248 1243 1244
1248 1246 1241
1249 1244 1245
1248 1244 1249
1249 1245 1250
1247 1246 1251
1251 1252 1247
1248 1253 1246
1253 1248 1249
1251 1246 1253
1254 1249 1250
1253 1249 1254
1254 1250 1255
1251 1256 1252
1257 1252 1256
1251 1253 1258
1258 1253 1254
1258 1256 1251
1255 1259 1254
1258 1254 1259
1255 1260 1259
1257 1256 1261
1261 1262 1257
1258 1263 1256
1259 1263 1258
1263 1261 1256
1260 1264 1259
1259 1264 1263
1260 1265 1264
1261 1266 1262
1266 1267 1262
1263 1268 1261
1268 1263 1264
1266 1261 1268
1269 1264 1265
1268 1264 1269
1269 1265 1270
1269 1270 1271
1266 1268 1272
1269 1273 1268
1266 1272 1274
1266 1275 1267
1266 1274 1275
1275 1276 1267
1277 1275 1274
1269 1271 1278
1269 1278 1273
1279 1278 1271
1280 1273 1278
1275 1281 1276
1277 1281 1275
1282 1276 1281
1281 1277 1283
1279 1284 1278
1280 1278 1284
1285 1284 1279
1284 1286 1280
1285 1287 1284
1284 1287 1286
1288 1287 1285
1289 1286 1287
1288 1290 1287
1289 1287 1290
1291 1290 1288
1292 1289 1290
1281 1283 1293
1282 1281 1293
1294 1293 1283
1282 1293 1294
1282 1294 1295
1294 1283 1296
1297 1295 1294
1298 1294 1296
1297 1294 1298
1298 1296 1299
1300 1297 1298
1301 1298 1299
1300 1298 1302
1301 1302 1298
1303 1300 1302
1304 1302 1301
1303 1302 1305
1304 1305 1302
1303 1305 1306
1304 1306 1305
1307 1308 1309
1307 1309 1310
1311 1312 1313
1311 1313 1314
1315 1311 1314
1315 1314 1316
1316 1317 1315
1316 1318 1317
1318 1319 1317
1318 1320 1319
1320 1321 1319
1320 1322 1321
1323 1321 1322
1323 1322 1324
1324 1325 1323
1324 1326 1325
1326 1327 1325
1326 1328 1327
1328 1329 1327
1328 1330 1329
1331 1329 1330
1331 1330 1332
1332 1333 1331
1332 1334 1333
1335 1333 1334
1335 1334 1336
1337 1335 1336
1335 1337 1338
1337 1336 1339
1337 1340 1338
1339 1341 1337
1337 1341 1340
1339 1342 1341
1341 1343 1340
1342 1344 1341
1341 1344 1343
1342 1345 1344
1346 1344 1345
1343 1344 1347
1346 1347 1344
1343 1347 1348
1349 1347 1346
1350 1348 1347
1349 1350 1347
1350 1351 1348
1352 1350 1349
1352 1351 1350
1352 1349 1353
1352 1354 1351
1353 1355 1352
1355 1354 1352
1353 1356 1355
1355 1357 1354
1358 1355 1356
1357 1355 1358
1357 1358 1359
1358 1356 1360
1361 1359 1358
1362 1358 1360
1361 1358 1362
1362 1360 1363
1364 1361 1362
1363 1365 1362
1364 1362 1365
1363 1366 1365
1367 1365 1366
1365 1368 1364
1367 1369 1365
1365 1369 1368
1370 1369 1367
1371 1368 1369
1370 1371 1369
1371 1372 1368
1373 1371 1370
1372 1371 1373
1373 1370 1374
1372 1373 1375
1373 1374 1376
1376 1375 1373
1377 1378 1379
1379 1378 1380
1379 1380 1381
1381 1380 1382
1381 1382 1383
1384 1383 1382
1384 1385 1383
1385 1384 1386
1385 1386 1387
1387 1386 1388
1387 1388 1389
1390 1389 1388
1390 1388 1391
1391 1392 1390
1391 1393 1392
1394 1392 1393
1394 1393 1395
1396 1394 1395
1396 1395 1397
1397 1398 1396
1397 1399 1398
1400 1398 1399
1400 1399 1401
1402 1400 1401
1402 1401 1403
1404 1402 1403
1404 1403 1405
1406 1404 1405
1406 1405 1407
1408 1406 1407
1408 1407 1409
1410 1408 1409
1410 1409 1411
1412 1410 1411
1412 1411 1413
1414 1412 1413
1414 1415 1412
1414 1416 1415
1414 1417 1416
1417 1418 1416
1417 1419 1418
1419 1420 1418
1419 1421 1420
1421 1422 1420
1421 1423 1422
1424 1422 1423
1425 1426 1427
1425 1428 1426
1428 1425 1429
1428 1429 1430
1430 1429 1431
1430 1431 1432
1432 1431 1433
1432 1433 1434
1435 1434 1433
1435 1436 1434
1436 1435 1437
1436 1437 1438
1439 1438 1437
1439 1440 1438
1440 1439 1441
1440 1441 1442
1442 1441 1443
1442 1443 1444
1444 1443 1445
1444 1445 1446
1446 1445 1447
1446 1447 1448
1449 1448 1447
1436 1450 1434
1451 1436 1438
1436 1451 1450
1440 1452 1438
1451 1438 1452
1453 1440 1442
1440 1453 1452
1454 1442 1444
1453 1442 1454
1454 1444 1455
1456 1455 1444
1456 1444 1446
1446 1457 1456
1446 1448 1457
1458 1457 1448
1458 1448 1459
1449 1459 1448
1458 1459 1460
1449 1460 1459
1449 1461 1460
1458 1460 1462
1463 1460 1461
1462 1460 1464
1463 1464 1460
1462 1464 1465
1466 1464 1463
1464 1467 1465
1466 1468 1464
1464 1468 1467
1469 1468 1466
1470 1467 1468
1469 1471 1468
1470 1468 1471
1469 1472 1471
1470 1471 1472
1473 1474 1475
1476 1474 1473
1476 1473 1477
1477 1478 1476
1479 1480 1481
1479 1482 1480
1483 1482 1479
1483 1484 1482
1484 1483 1485
1484 1485 1486
1487 1486 1485
1484 1488 1482
1486 1489 1484
1484 1489 1488
1490 1482 1488
1490 1491 1482
1491 1490 1492
1491 1492 1493
1494 1492 1490
1488 1495 1490
1494 1490 1495
1488 1496 1495
1489 1496 1488
1497 1494 1495
1497 1495 1496
1497 1498 1494
1497 1496 1499
1496 1500 1499
1496 1501 1500
1489 1501 1496
1502 1500 1501
1503 1501 1489
1486 1503 1489
1502 1501 1504
1503 1504 1501
1505 1502 1504
1505 1504 1506
1506 1504 1503
1506 1507 1505
1508 1503 1486
1487 1508 1486
1506 1503 1509
1508 1509 1503
1506 1510 1507
1510 1506 1509
1511 1507 1510
1512 1508 1487
1512 1487 1513
1514 1512 1513
1508 1515 1509
1510 1509 1515
1508 1512 1515
1514 1516 1512
1515 1512 1516
1516 1514 1517
1516 1517 1426
1511 1510 1518
1515 1518 1510
1515 1516 1519
1426 1519 1516
1515 1519 1518
1426 1520 1519
1520 1518 1519
1428 1520 1426
1511 1518 1521
1520 1521 1518
1511 1521 1522
1428 1523 1520
1521 1520 1523
1523 1428 1430
1524 1522 1521
1521 1523 1524
1524 1525 1522
1523 1430 1526
1524 1523 1526
1432 1526 1430
1525 1524 1527
1524 1526 1527
1525 1527 1528
1432 1529 1526
1529 1527 1526
1434 1529 1432
1434 1450 1529
1530 1528 1527
1529 1530 1527
1450 1530 1529
1530 1531 1528
1450 1532 1530
1531 1530 1532
1451 1532 1450
1531 1532 1533
1451 1534 1532
1534 1533 1532
1534 1451 1452
1534 1535 1533
1534 1452 1536
1535 1534 1536
1536 1452 1453
1535 1536 1537
1536 1453 1538
1537 1536 1538
1454 1538 1453
1537 1538 1539
1454 1540 1538
1539 1538 1540
1539 1540 1541
1540 1454 1542
1543 1541 1540
1540 1542 1544
1543 1540 1544
1544 1542 1545
1544 1546 1543
1544 1545 1547
1544 1547 1546
1548 1547 1545
1547 1549 1546
1548 1550 1547
1547 1550 1549
1551 1550 1548
1552 1549 1550
1551 1553 1550
1552 1550 1553
1553 1551 1554
1555 1552 1553
1553 1554 1556
1555 1553 1556
1557 1556 1554
1557 1555 1556
1557 1554 1558
1557 1559 1555
1560 1557 1558
1560 1559 1557
1560 1558 1561
1560 1562 1559
1561 1563 1560
1563 1562 1560
1561 1564 1563
1563 1565 1562
1564 1566 1563
1566 1565 1563
1566 1567 1565
1564 1568 1566
1569 1567 1566
1568 1570 1566
1569 1566 1570
1568 1571 1570
1572 1569 1570
1571 1573 1570
1572 1570 1573
1571 1574 1573
1575 1572 1573
1575 1573 1574
1576 1577 1578
1576 1578 1579
1580 1581 1582
1582 1583 1580
1582 1584 1583
1585 1583 1584
1584 1582 1586
1585 1584 1587
1586 1587 1584
1587 1588 1585
1586 1589 1587
1589 1586 1590
1587 1591 1588
1591 1587 1589
1591 1592 1588
1593 1589 1590
1593 1590 1594
1593 1594 1595
1591 1589 1596
1596 1589 1593
1591 1597 1592
1597 1591 1596
1597 1598 1592
1597 1599 1598
1600 1598 1599
1597 1596 1601
1601 1599 1597
1596 1593 1602
1602 1601 1596
1603 1593 1595
1603 1602 1593
1600 1599 1604
1605 1600 1604
1601 1606 1599
1606 1604 1599
1602 1607 1601
1607 1606 1601
1605 1604 1608
1609 1605 1608
1606 1610 1604
1608 1604 1610
1609 1608 1611
1611 1612 1609
1613 1603 1595
1614 1613 1595
1614 1615 1613
1614 1616 1615
1607 1617 1606
1610 1606 1617
1608 1610 1618
1611 1608 1618
1611 1619 1612
1620 1612 1619
1613 1621 1603
1613 1615 1621
1610 1617 1622
1618 1610 1622
1611 1618 1623
1619 1611 1623
1618 1622 1624
1624 1623 1618
1620 1619 1625
1619 1623 1626
1626 1625 1619
1626 1623 1627
1624 1627 1623
1620 1625 1628
1620 1628 1629
1625 1626 1630
1626 1627 1630
1631 1628 1625
1625 1630 1631
1629 1628 1632
1629 1632 1633
1631 1634 1628
1634 1632 1628
1633 1632 1635
1633 1635 1636
1634 1637 1632
1637 1635 1632
1638 1636 1635
1638 1639 1636
1637 1640 1635
1638 1635 1640
1641 1639 1638
1641 1642 1639
1638 1640 1643
1641 1638 1643
1642 1641 1644
1642 1644 1645
1645 1644 1646
1645 1646 1647
1647 1646 1648
1647 1648 1649
1649 1648 1650
1649 1650 1651
1652 1651 1650
1652 1650 1653
1654 1653 1650
1654 1650 1655
1655 1650 1648
1655 1648 1656
1656 1648 1646
1656 1646 1657
1644 1657 1646
1641 1658 1644
1644 1658 1657
1641 1659 1658
1641 1643 1659
1658 1660 1657
1661 1658 1659
1658 1661 1660
1643 1662 1659
1661 1659 1662
1663 1657 1660
1663 1664 1657
1643 1665 1662
1640 1665 1643
1664 1663 1666
1664 1666 1667
1668 1667 1666
1668 1669 1667
1666 1670 1668
1666 1671 1670
1671 1666 1663
1671 1663 1672
1672 1663 1660
1672 1660 1673
1661 1673 1660
1661 1674 1673
1662 1674 1661
1662 1675 1674
1665 1675 1662
1665 1676 1675
1677 1676 1665
1640 1677 1665
1677 1678 1676
1637 1677 1640
1678 1677 1679
1637 1679 1677
1678 1679 1680
1637 1681 1679
1680 1679 1681
1637 1634 1681
1680 1681 1682
1683 1681 1634
1682 1681 1683
1683 1634 1631
1631 1684 1683
1683 1684 1685
1631 1630 1684
1686 1684 1630
1685 1684 1686
1686 1630 1627
1682 1683 1687
1683 1685 1687
1688 1686 1627
1688 1627 1624
1624 1689 1688
1624 1622 1689
1690 1689 1622
1690 1622 1617
1617 1691 1690
1617 1607 1691
1607 1692 1691
1607 1602 1692
1603 1692 1602
1693 1690 1691
1692 1693 1691
1603 1694 1692
1692 1694 1693
1603 1621 1694
1695 1689 1690
1693 1695 1690
1688 1689 1696
1695 1696 1689
1694 1697 1693
1697 1695 1693
1698 1694 1621
1694 1698 1697
1697 1699 1695
1696 1695 1699
1688 1696 1700
1686 1688 1700
1698 1621 1701
1615 1701 1621
1702 1697 1698
1702 1699 1697
1696 1699 1703
1703 1700 1696
1686 1700 1704
1685 1686 1704
1705 1704 1700
1703 1705 1700
1706 1703 1699
1702 1706 1699
1615 1707 1701
1707 1615 1616
1708 1698 1701
1702 1698 1708
1708 1701 1709
1709 1701 1707
1702 1708 1710
1710 1708 1709
1705 1711 1704
1711 1685 1704
1706 1712 1703
1712 1705 1703
1713 1706 1702
1702 1710 1713
1707 1616 1714
1714 1616 1715
1707 1714 1716
1716 1714 1715
1709 1707 1717
1707 1716 1717
1712 1706 1718
1713 1718 1706
1710 1709 1719
1717 1719 1709
1716 1715 1720
1720 1715 1721
1720 1721 1722
1722 1721 1723
1724 1720 1722
1724 1716 1720
1717 1716 1725
1724 1725 1716
1717 1726 1719
1717 1725 1726
1727 1726 1725
1727 1719 1726
1728 1725 1724
1727 1725 1728
1728 1724 1729
1724 1730 1729
1729 1730 1731
1730 1732 1731
1729 1731 1733
1728 1729 1733
1728 1733 1734
1734 1733 1735
1736 1728 1734
1736 1727 1728
1736 1734 1735
1727 1737 1719
1736 1737 1727
1736 1735 1738
1739 1738 1735
1719 1737 1740
1719 1740 1710
1736 1741 1737
1741 1736 1738
1741 1740 1737
1739 1742 1738
1739 1743 1742
1710 1740 1744
1710 1744 1713
1741 1745 1740
1745 1744 1740
1741 1738 1746
1742 1746 1738
1745 1741 1746
1742 1743 1747
1742 1747 1746
1745 1746 1748
1748 1746 1747
1713 1744 1749
1713 1749 1718
1745 1750 1744
1748 1750 1745
1747 1743 1751
1751 1743 1752
1753 1751 1752
1754 1749 1744
1754 1744 1750
1753 1755 1751
1755 1753 1756
1757 1718 1749
1758 1749 1754
1758 1757 1749
1757 1759 1718
1712 1718 1759
1760 1712 1759
1712 1760 1705
1760 1761 1705
1711 1705 1761
1761 1762 1711
1711 1762 1685
1685 1762 1763
1685 1763 1687
1761 1764 1762
1764 1763 1762
1760 1765 1761
1765 1764 1761
1760 1759 1766
1765 1760 1766
1759 1757 1767
1759 1767 1766
1687 1763 1768
1687 1768 1682
1764 1769 1763
1769 1768 1763
1765 1770 1764
1770 1769 1764
1765 1766 1771
1771 1770 1765
1757 1772 1767
1757 1758 1772
1773 1766 1767
1773 1771 1766
1774 1767 1772
1774 1773 1767
1775 1682 1768
1769 1776 1768
1775 1768 1776
1770 1777 1769
1777 1776 1769
1775 1778 1682
1682 1778 1779
1779 1778 1780
1779 1780 1781
1778 1775 1782
1778 1782 1780
1783 1781 1780
1783 1784 1781
1775 1776 1785
1785 1782 1775
1780 1782 1786
1780 1786 1783
1787 1784 1783
1787 1788 1784
1789 1783 1786
1789 1787 1783
1788 1787 1790
1788 1790 1791
1792 1787 1789
1792 1790 1787
1791 1790 1793
1791 1793 1794
1795 1790 1792
1795 1793 1790
1796 1794 1793
1796 1797 1794
1797 1796 1798
1797 1798 1799
1799 1798 1800
1799 1800 1801
1802 1796 1793
1802 1793 1795
1796 1802 1803
1796 1803 1804
1804 1803 1805
1804 1805 1806
1803 1807 1805
1803 1808 1807
1802 1808 1803
1802 1809 1808
1795 1809 1802
1795 1810 1809
1810 1795 1792
1810 1792 1811
1789 1811 1792
1789 1812 1811
1786 1812 1789
1813 1811 1812
1813 1814 1811
1813 1815 1814
1816 1814 1815
1816 1815 1817
1816 1817 1818
1816 1818 1819
1819 1818 1820
1819 1820 1821
1813 1812 1822
1786 1823 1812
1823 1822 1812
1823 1824 1822
1786 1782 1823
1823 1825 1824
1823 1782 1825
1785 1825 1782
1785 1826 1825
1785 1827 1826
1827 1785 1776
1828 1825 1826
1828 1829 1825
1830 1829 1828
1830 1828 1831
1831 1832 1830
1833 1828 1826
1833 1831 1828
1827 1776 1834
1777 1834 1776
1826 1827 1835
1833 1826 1835
1836 1827 1834
1837 1827 1836
1837 1835 1827
1836 1834 1838
1777 1838 1834
1835 1837 1839
1835 1839 1833
1840 1833 1839
1833 1840 1831
1840 1839 1841
1841 1842 1840
1841 1843 1842
1844 1842 1843
1844 1845 1842
1846 1845 1844
1846 1847 1845
1847 1846 1848
1847 1848 1849
1849 1848 1850
1849 1850 1851
1852 1831 1840
1852 1853 1831
1854 1853 1852
1831 1853 1832
1854 1855 1853
1832 1853 1855
1856 1855 1854
1832 1855 1857
1856 1858 1855
1858 1857 1855
1858 1856 1859
1858 1860 1857
1858 1859 1861
1861 1860 1858
1862 1861 1859
1861 1863 1860
1862 1864 1861
1864 1863 1861
1864 1865 1863
1866 1867 1868
1866 1868 1869
1869 1868 1870
1869 1871 1866
1869 1870 1872
1872 1870 1873
1869 1874 1871
1874 1869 1872
1872 1873 1875
1875 1873 1876
1874 1877 1871
1878 1871 1877
1874 1872 1879
1880 1877 1874
1880 1874 1879
1879 1881 1880
1872 1882 1879
1879 1882 1881
1872 1875 1882
1883 1881 1882
1883 1882 1884
1884 1882 1875
1885 1883 1884
1875 1876 1886
1884 1875 1886
1885 1884 1887
1886 1887 1884
1887 1888 1885
1876 1889 1886
1886 1889 1887
1876 1890 1889
1887 1891 1888
1891 1887 1889
1891 1892 1888
1890 1893 1889
1891 1889 1893
1890 1894 1893
1891 1895 1892
1893 1895 1891
1895 1896 1892
1894 1897 1893
1893 1897 1895
1894 1898 1897
1895 1899 1896
1899 1895 1897
1900 1896 1899
1901 1897 1898
1901 1898 1902
1902 1903 1901
1902 1904 1903
1905 1903 1904
1905 1904 1906
1899 1897 1907
1900 1899 1908
1907 1908 1899
1909 1900 1908
1907 1910 1908
1909 1908 1911
1910 1911 1908
1910 1912 1911
1913 1914 1915
1913 1916 1914
1917 1914 1916
1918 1916 1913
1917 1916 1919
1919 1920 1917
1919 1921 1920
1922 1920 1921
1918 1923 1916
1924 1919 1916
1924 1916 1923
1918 1925 1923
1925 1918 1926
1927 1923 1925
1927 1924 1923
1919 1924 1928
1919 1928 1921
1925 1926 1929
1927 1925 1929
1930 1924 1927
1930 1928 1924
1931 1928 1930
1930 1932 1931
1931 1932 1933
1921 1928 1934
1931 1934 1928
1931 1933 1935
1934 1931 1935
1935 1933 1936
1921 1934 1937
1922 1921 1937
1935 1936 1938
1938 1936 1939
1934 1935 1940
1937 1934 1940
1940 1935 1938
1922 1937 1941
1937 1940 1941
1922 1941 1942
1938 1939 1943
1944 1943 1939
1940 1938 1945
1943 1945 1938
1942 1941 1946
1942 1946 1947
1948 1941 1940
1948 1940 1945
1948 1946 1941
1944 1949 1943
1949 1944 1950
1943 1951 1945
1951 1948 1945
1949 1951 1943
1947 1946 1952
1947 1952 1953
1954 1946 1948
1951 1954 1948
1954 1952 1946
1955 1953 1952
1955 1956 1953
1957 1952 1954
1957 1955 1952
1958 1955 1957
1954 1951 1959
1949 1959 1951
1954 1959 1960
1956 1955 1961
1958 1961 1955
1962 1961 1958
1956 1961 1963
1962 1964 1961
1964 1963 1961
1964 1965 1963
1960 1959 1966
1949 1966 1959
1960 1966 1967
1967 1966 1968
1967 1968 1969
1970 1968 1966
1949 1971 1966
1970 1966 1971
1949 1950 1971
1972 1970 1971
1972 1971 1950
1973 1974 1975
1973 1976 1974
1976 1973 1977
1978 1974 1976
1976 1977 1979
1978 1976 1980
1979 1980 1976
1980 1981 1978
1979 1982 1980
1980 1983 1981
1983 1980 1982
1983 1984 1981
1983 1982 1985
1983 1986 1984
1985 1986 1983
1985 1987 1986
1986 1988 1984
1989 1986 1987
1986 1989 1988
1989 1987 1990
1991 1988 1989
1990 1991 1989
1991 1992 1988
1990 1993 1991
1992 1991 1994
1993 1994 1991
1992 1994 1995
1996 1995 1994
1996 1997 1995
1993 1998 1994
1996 1994 1998
1999 1998 1993
1999 1993 2000
2000 1993 2001
2000 2001 2002
2002 2001 2003
2002 2003 2004
2004 2003 2005
2006 2000 2002
2000 2007 1999
2000 2006 2007
2004 2008 2002
2006 2002 2008
2009 1998 1999
1996 1998 2010
2009 2010 1998
2011 1999 2007
2011 2009 1999
2012 2007 2006
2012 2013 2007
2013 2011 2007
2014 2012 2006
2014 2006 2008
2013 2015 2011
2014 2008 2016
2004 2016 2008
2014 2016 2017
2015 2018 2011
2018 2009 2011
2015 1838 2018
2019 2016 2004
2004 2005 2019
2020 2017 2016
2019 2020 2016
2020 2021 2017
2020 2022 2021
2020 2023 2022
2019 2023 2020
2023 2024 2022
2025 2019 2005
2019 2025 2023
2025 2005 2026
2023 2027 2024
2027 2023 2025
2028 2024 2027
2028 2027 2029
2026 2030 2025
2027 2025 2030
2029 2027 2030
2026 2031 2030
2029 2030 2032
2031 2032 2030
2031 2033 2032
2034 2035 2036
2034 2037 2035
2037 2034 2038
2037 2039 2035
2037 2038 2040
2040 2038 2041
2040 2041 2042
2037 2043 2039
2043 2037 2040
2044 2039 2043
2045 2040 2042
2043 2040 2045
2045 2042 2046
2047 2043 2045
2044 2043 2047
2046 2048 2045
2047 2045 2048
2046 2049 2048
2050 2048 2049
2050 2049 2051
2048 2052 2047
2048 2050 2052
2051 2053 2050
2051 2054 2053
2047 2052 2055
2047 2055 2044
2050 2056 2052
2050 2053 2056
2055 2052 2056
2054 2057 2053
2054 2058 2057
2059 2057 2058
2060 2053 2057
2060 2056 2053
2061 2057 2059
2061 2060 2057
2062 2061 2059
2062 2059 1997
2063 2044 2055
2064 2055 2056
2064 2063 2055
2065 2056 2060
2065 2064 2056
2066 2060 2061
2066 2065 2060
2064 2065 2067
2067 2065 2066
2068 2066 2061
2068 2061 2062
2063 2069 2044
2069 2070 2044
2071 2063 2064
2064 2067 2071
2067 2066 2072
2072 2066 2068
2069 2073 2070
2074 2070 2073
2069 2063 2075
2071 2075 2063
2074 2073 2076
2076 2077 2074
2076 2078 2077
2079 2073 2069
2069 2075 2079
2080 2078 2076
2080 2081 2078
2082 2081 2080
2082 2080 2083
2080 2084 2083
2076 2073 2085
2076 2085 2080
2080 2085 2084
2079 2085 2073
2085 2086 2084
2085 2079 2086
2079 2087 2086
2079 2075 2087
2088 2087 2075
2088 2075 2071
2089 2088 2071
2089 2071 2067
2067 2090 2089
2067 2072 2090
2091 2090 2072
2091 2072 2092
2092 2093 2091
2072 2068 2092
2092 2094 2093
2095 2093 2094
2096 2092 2068
2096 2094 2092
2062 2096 2068
2062 2097 2096
2097 2062 1997
2097 1997 2098
2098 1997 1996
2098 1996 2099
1996 2010 2099
2100 2097 2098
2100 2098 2099
2101 2096 2097
2100 2101 2097
2094 2096 2102
2101 2102 2096
2095 2094 2103
2094 2102 2103
2010 2104 2099
2010 2009 2104
2018 2104 2009
2095 2103 2105
2095 2105 2106
2107 2106 2105
2107 2108 2106
2109 2108 2107
2109 2110 2108
2111 2110 2109
2111 2112 2110
2112 2111 2113
2112 2113 2114
2115 2114 2113
2115 2116 2114
2105 2103 2117
2118 2107 2105
2118 2105 2117
2119 2109 2107
2119 2107 2118
2109 2120 2111
2109 2119 2120
2111 2121 2113
2111 2120 2121
2103 2122 2117
2103 2102 2122
2123 2118 2117
2123 2117 2122
2118 2124 2119
2118 2123 2124
2119 2125 2120
2119 2124 2125
2126 2122 2102
2126 2102 2101
2122 2127 2123
2122 2126 2127
2128 2124 2123
2128 2123 2127
2101 2129 2126
2101 2100 2129
2130 2127 2126
2130 2126 2129
2120 2125 2131
2120 2131 2121
2132 2125 2124
2132 2124 2128
2133 2128 2127
2133 2127 2130
2134 2131 2125
2134 2125 2132
2128 2135 2132
2128 2133 2135
2136 2134 2132
2136 2132 2135
1758 2135 2133
2135 1758 1754
2135 1754 2136
1758 2133 1772
1772 2133 2130
1750 2136 1754
1772 2130 2137
2137 2130 2129
2137 1774 1772
1750 2138 2136
2138 2134 2136
1748 2138 1750
2137 2129 2139
1774 2137 2139
2100 2139 2129
2138 2140 2134
2140 2131 2134
2138 1748 2141
2138 2141 2140
1748 1747 2141
2140 2142 2131
2142 2140 2141
2121 2131 2142
2143 2141 1747
2142 2141 2143
2143 1747 1751
2121 2142 2144
2143 2144 2142
2144 2113 2121
2144 2115 2113
1751 2145 2143
2143 2145 2144
2115 2144 2145
1751 1755 2145
2115 2145 2146
2146 2145 1755
2116 2115 2146
2146 1755 2147
2147 1755 1756
2116 2146 2148
2148 2146 2147
2116 2148 2149
2150 2149 2148
2148 2147 2150
2150 2151 2149
2147 1756 2152
2150 2147 2152
2152 1756 2153
2154 2151 2150
2150 2152 2154
2154 2152 2153
2154 2155 2151
2154 2156 2155
2154 2153 2157
2156 2154 2157
2156 2157 2158
2157 2153 2159
2158 2157 2159
2158 2159 2160
2161 2160 2159
2162 2163 2164
2162 2165 2163
2166 2163 2165
2166 2165 2167
2166 2167 2168
2166 2168 2169
2170 2169 2168
2170 2171 2169
2171 2170 2172
2171 2172 2173
2174 2173 2172
2174 2172 2175
2176 2174 2175
2171 2173 2177
2173 2174 2178
2173 2178 2177
2176 2179 2174
2178 2174 2179
2171 2177 2180
2180 2181 2171
2180 2182 2181
2183 2181 2182
2183 2182 2184
2185 2183 2184
2185 2184 2186
2186 2187 2185
2186 2188 2187
2188 2186 2189
2188 2189 2190
2186 2191 2189
2186 2184 2191
2192 2184 2182
2192 2191 2184
2193 2182 2180
2193 2192 2182
2180 2177 2194
2180 2194 2193
2195 2194 2177
2195 2177 2178
2178 2196 2195
2178 2179 2196
2197 2191 2192
2192 2198 2197
2192 2193 2198
2197 2199 2191
2193 2200 2198
2193 2194 2200
2201 2191 2199
2202 2200 2194
2202 2194 2195
2201 2199 2203
2204 2201 2203
2204 2203 2205
2206 2202 2195
2206 2195 2196
2207 2206 2196
2207 2196 2208
1877 2207 2208
2179 2208 2196
1877 2208 2209
2179 2209 2208
1877 2209 2210
1878 1877 2210
2211 2209 2179
2211 2179 2176
2212 2210 2209
2210 2212 1878
2212 2209 2211
1878 2212 2213
1878 2213 2214
2215 2212 2211
2215 2213 2212
2211 2176 2216
2211 2216 2215
2217 2216 2176
2217 2176 2218
2218 2219 2217
2218 2220 2219
2221 2219 2220
2216 2217 2222
2222 2217 2219
2216 2223 2215
2216 2222 2223
2224 2213 2215
2215 2225 2224
2215 2223 2225
2226 2225 2223
2226 2223 2222
2224 2227 2213
2213 2227 2214
2222 2228 2226
2214 2227 2229
2229 1926 2214
2230 2229 2227
2222 2231 2228
2222 2219 2231
2232 2228 2231
2232 2233 2228
2232 2234 2233
2232 2235 2234
2235 2236 2234
2235 2237 2236
2237 2238 2236
2237 2239 2238
2240 2238 2239
2240 2239 2241
2242 2231 2219
2242 2219 2243
2244 2242 2243
2221 2243 2219
2244 2243 2245
2221 2245 2243
2246 2244 2245
2221 2247 2245
2246 2245 2248
2248 2245 2247
2249 2246 2248
2248 2247 2250
2249 2248 2251
2250 2251 2248
2251 2252 2249
2250 2253 2251
2251 2254 2252
2253 2254 2251
2253 2255 2254
2256 2257 2258
2256 2259 2257
2259 2260 2257
2259 2256 2261
2259 2262 2260
2259 2261 2263
2262 2259 2263
2263 2261 2264
2262 2263 2265
2263 2264 2266
2265 2263 2266
2266 2264 2267
2265 2266 2268
2266 2267 2269
2268 2266 2269
2268 2269 2270
2271 2269 2267
2270 2269 2272
2271 2272 2269
2270 2272 2273
2271 2274 2272
2273 2272 2274
2271 2275 2274
2273 2274 2276
2275 2277 2274
2276 2274 2277
2275 2278 2277
2278 2279 2277
2278 1927 2279
1927 1929 2279
2279 2280 2277
2276 2277 2280
2279 1929 2281
2279 2281 2280
2282 2281 1929
1926 2282 1929
2229 2282 1926
2282 2283 2281
2283 2280 2281
2283 2282 2229
2284 2276 2280
2283 2284 2280
2283 2229 2285
2230 2285 2229
2286 2285 2230
2283 2285 2287
2286 2287 2285
2283 2287 2284
2288 2287 2286
2284 2289 2276
2289 2284 2287
2290 2276 2289
2288 2291 2287
2289 2287 2291
2290 2289 2292
2292 2289 2291
2292 2293 2290
2288 2294 2291
2292 2291 2294
2288 2295 2294
2292 2296 2293
2296 2292 2294
2296 2297 2293
2295 2298 2294
2296 2294 2298
2295 2299 2298
2296 2300 2297
2300 2296 2298
2301 2298 2299
2300 2298 2301
2301 2299 2302
2301 2302 2303
2301 2303 2304
2304 2300 2301
2305 2304 2303
2297 2300 2306
2304 2306 2300
2297 2306 2307
2305 2308 2304
2306 2304 2308
2309 2308 2305
2309 2310 2308
2307 2306 2311
2306 2308 2311
2310 2311 2308
2307 2311 2312
2310 2313 2311
2313 2312 2311
2313 2314 2312
2315 2316 2317
2315 2318 2316
2319 2316 2318
2319 2318 2320
2320 2321 2319
2320 2322 2321
2321 2322 2323
2321 2323 2324
2325 2326 2327
2325 2327 2328
2328 2327 2329
2328 2329 2330
2330 2329 2331
2330 2331 2332
2333 2334 2335
2333 2335 2336
2337 2338 2339
2337 2339 2340
2341 2337 2340
2341 2342 2337
2343 2341 2344
2343 2344 2345
2346 2347 2348
2346 2348 2349
2346 2349 2350
2346 2350 2351
2350 2352 2351
2350 2353 2352
2353 2354 2352
2353 2355 2354
2356 2357 2354
2356 2354 2358
2359 2360 2361
2359 2361 2362
2361 2363 2362
2361 2364 2363
2364 2365 2363
2364 2366 2365
2366 2367 2365
2366 2368 2367
2367 2368 2369
2367 2369 2370
2371 2372 2373
2371 2373 2374
2375 2371 2374
2375 2374 2376
2377 2375 2376
2377 2378 2375
2379 2378 2377
2379 2377 2380
2381 2382 2383
2381 2384 2382
2384 2385 2382
2384 2386 2385
2387 2388 2389
2387 2389 2390
2391 2387 2390
2391 2392 2387
2392 2393 2394
2392 2394 2395
2396 2394 2397
2396 2397 2398
2399 2398 2397
2399 2400 2398
2401 2400 2399
2401 2402 2400
2403 2404 2405
2403 2405 2406
2407 2403 2406
2407 2406 2408
2408 2409 2407
2408 2410 2409
2411 2409 2410
2411 2410 2412
2413 2414 2415
2413 2415 2416
2417 2413 2416
2417 2416 2418
2419 2420 2421
2419 2421 2422
2423 2424 2425
2423 2425 2426
2423 2426 2427
2423 2427 2428
2429 2428 2427
2429 2430 2428
2431 2432 2433
2431 2433 2434
2434 2435 2431
2434 2436 2435
2436 2437 2435
2436 2438 2437
2438 2439 2437
2438 2440 2439
2440 2441 2439
2440 2442 2441
2443 2444 2442
2443 2445 2444
2446 2445 2443
2446 2447 2445
2448 2447 2446
2448 2449 2447
2449 2448 2450
2449 2450 2451
2452 2451 2450
2452 2453 2451
2453 2452 2454
2453 2454 2455
2455 2454 2456
2455 2456 2457
2458 2457 2456
2458 2459 2457
2460 2459 2458
2460 2461 2459
2462 2463 2464
2462 2464 2465
2465 2464 2466
2465 2466 2467
2468 2467 2466
2468 2469 2467
2469 2468 2470
2469 2470 2471
2470 2472 2471
2470 2473 2472
2473 2474 2472
2473 2475 2474
2476 2474 2475
2476 2475 2477
2478 2477 2479
2478 2479 2480
2481 2480 2479
2481 2482 2480
2483 2484 2485
2483 2485 2486
2486 2485 2487
2486 2487 2488
2488 2487 2489
2488 2489 2490
2491 2490 2489
2491 2492 2490
2491 2493 2492
2491 2494 2493
2494 2495 2493
2494 2496 2495
2497 2495 2496
2497 2498 2495
2498 2497 2499
2498 2499 2500
2501 2502 2503
2501 2503 2504
2503 2505 2504
2503 2506 2505
2507 2505 2506
2507 2508 2505
2509 2508 2510
2509 2511 2508
2511 2509 2512
2511 2512 2513
2514 2515 2516
2514 2516 2517
2518 2514 2517
2518 2517 2519
2518 2519 2520
2518 2520 2521
2521 2520 2522
2521 2522 2523
2524 2523 2522
2524 2525 2523
2525 2524 2526
2525 2526 2527
2528 2529 2530
2528 2530 2531
2532 2533 2534
2532 2535 2533
2535 2536 2533
2535 2537 2536
2537 2538 2536
2537 2539 2538
2539 2540 2541
2539 2542 2540
2543 2540 2542
2543 2544 2540
2545 2544 2543
2545 2546 2544
2547 2548 2549
2547 2549 2550
2551 2550 2549
2551 2552 2550
2553 2554 2555
2553 2555 2556
2553 2556 2557
2553 2557 2558
2559 2558 2557
2559 2560 2558
2561 2562 2563
2561 2563 2564
2565 2564 2563
2565 2563 2566
2566 2567 2565
2566 2568 2567
2569 2567 2568
2569 2568 2570
2570 2571 2569
2570 2572 2571
2572 2573 2571
2572 2574 2573
2575 2573 2574
2575 2574 2576
2577 2575 2576
2577 2576 2578
2577 2578 2579
2577 2579 2580
2581 2580 2579
2581 2579 2582
2583 2584 2585
2583 2585 2586
2587 2588 2589
2587 2590 2588
2590 2587 2591
2590 2591 2592
2592 2591 2593
2592 2593 2594
2595 2594 2593
2595 2593 2596
2597 2595 2596
2597 2598 2595
2598 2597 2599
2598 2599 2483
2600 2601 2602
2600 2603 2601
2603 2600 2604
2603 2604 2605
2605 2604 2606
2605 2606 2607
2608 2607 2606
2608 2609 2607
2610 2609 2608
2610 2611 2609
2612 2613 2614
2612 2615 2613
2616 2615 2612
2616 2617 2615
2618 2617 2616
2618 2616 2619
2620 2621 2622
2620 2622 2623
2624 2625 2626
2624 2626 2627
2628 2629 2630
2628 2630 2631
2631 2632 2633
2631 2633 2634
2635 2636 2637
2635 2638 2636
2639 2636 2638
2639 2638 2640
2641 2642 2643
2641 2643 2644
2643 2645 2644
2643 2646 2645
2647 2645 2648
2647 2648 2649
2650 2647 2649
2650 2649 2651
2652 2653 2654
2652 2654 2655
2656 2655 2654
2657 2656 2654
2656 2658 2655
2659 2656 2657
2660 2658 2656
2659 2660 2656
2660 2661 2658
2660 2659 2662
2663 2661 2660
2660 2662 2663
2663 2664 2661
2663 2662 2665
2664 2663 2666
2663 2665 2666
2666 2665 2667
2664 2666 2668
2666 2667 2669
2669 2668 2666
2669 2670 2668
2671 2672 2673
2671 2673 2674
2674 2673 2675
2676 2671 2674
2674 2675 2677
2677 2675 2678
2676 2674 2679
2679 2674 2677
2677 2678 2680
2681 2680 2678
2676 2679 2682
2683 2676 2682
2679 2677 2684
2680 2684 2677
2684 2682 2679
2681 2685 2680
2685 2681 2686
2680 2687 2684
2687 2680 2685
2685 2686 2688
2689 2688 2686
2690 2683 2682
2683 2690 2691
2684 2692 2682
2692 2684 2687
2687 2685 2693
2688 2693 2685
2689 2694 2688
2694 2689 2695
2694 2695 2696
2692 2697 2682
2697 2690 2682
2692 2687 2698
2693 2698 2687
2697 2692 2698
2691 2690 2699
2700 2691 2699
2701 2688 2694
2688 2701 2693
2696 2702 2694
2701 2694 2702
2696 2703 2702
2693 2704 2698
2701 2704 2693
2705 2699 2690
2697 2705 2690
2706 2702 2703
2706 2703 2707
2702 2708 2701
2701 2708 2704
2702 2706 2708
2709 2698 2704
2697 2698 2709
2707 2710 2706
2707 2711 2710
2706 2712 2708
2706 2710 2712
2713 2704 2708
2709 2704 2713
2713 2708 2712
2697 2709 2714
2714 2709 2713
2705 2697 2714
2715 2710 2711
2715 2711 2716
2717 2712 2710
2717 2710 2715
2712 2718 2713
2714 2713 2718
2712 2717 2718
2718 2719 2714
2719 2718 2717
2716 2720 2715
2716 2721 2720
2715 2722 2717
2719 2717 2722
2715 2720 2722
2721 2723 2720
2721 2724 2723
2723 2724 2725
2723 2725 2726
2727 2726 2725
2720 2728 2722
2720 2723 2728
2719 2722 2728
2723 2726 2728
2719 2729 2714
2705 2714 2729
2728 2730 2719
2728 2726 2730
2730 2731 2719
2719 2731 2729
2727 2732 2726
2733 2732 2727
2730 2726 2734
2734 2731 2730
2735 2726 2732
2735 2734 2726
2733 2736 2732
2737 2736 2733
2737 2733 2738
2732 2736 2739
2732 2739 2735
2736 2737 2740
2736 2740 2739
2741 2737 2738
2741 2738 2742
2742 2743 2741
2744 2743 2742
2743 2744 2745
2734 2735 2746
2747 2735 2739
2747 2746 2735
2739 2740 2748
2739 2748 2747
2734 2746 2749
2734 2749 2731
2731 2749 2750
2731 2750 2729
2741 2743 2751
2743 2745 2752
2751 2743 2752
2745 2753 2752
2745 2754 2753
2755 2753 2754
2741 2751 2756
2741 2756 2737
2757 2751 2752
2757 2752 2753
2755 2758 2753
2758 2755 2759
2760 2756 2751
2760 2751 2757
2753 2761 2757
2753 2758 2761
2758 2759 2762
2762 2759 2763
2764 2758 2762
2764 2761 2758
2762 2763 2765
2764 2762 2765
2765 2763 2766
2767 2757 2761
2767 2760 2757
2761 2764 2768
2761 2768 2767
2764 2765 2769
2769 2768 2764
2765 2766 2770
2769 2765 2770
2771 2770 2766
2760 2767 2772
2772 2767 2768
2771 2773 2770
2773 2771 2774
2769 2770 2775
2775 2770 2773
2773 2774 2776
2775 2773 2776
2777 2776 2774
2769 2778 2768
2778 2769 2775
2760 2772 2779
2779 2756 2760
2772 2768 2780
2778 2780 2768
2777 2781 2776
2782 2781 2777
2783 2781 2782
2781 2783 2776
2784 2783 2782
2775 2776 2785
2776 2783 2785
2784 2786 2783
2783 2786 2785
2784 2787 2786
2787 2788 2786
2778 2775 2789
2785 2789 2775
2785 2786 2790
2788 2790 2786
2785 2790 2789
2789 2791 2778
2778 2791 2780
2788 2792 2790
2788 2793 2792
2792 2793 2794
2794 2795 2792
2789 2790 2796
2796 2790 2792
2796 2792 2795
2789 2796 2791
2796 2795 2797
2796 2797 2791
2798 2791 2797
2798 2780 2791
2799 2780 2798
2799 2772 2780
2799 2779 2772
2799 2800 2779
2779 2800 2801
2779 2801 2756
2801 2800 2737
2737 2756 2801
2737 2802 2740
2802 2803 2740
2804 2803 2802
2803 2748 2740
2805 2803 2804
2805 2804 2806
2807 2805 2806
2803 2808 2748
2803 2805 2808
2807 2809 2805
2808 2805 2809
2809 2807 2810
2748 2808 2811
2747 2748 2811
2810 2812 2809
2812 2810 2813
2808 2809 2814
2811 2808 2814
2812 2814 2809
2747 2811 2815
2815 2746 2747
2812 2813 2816
2813 2817 2816
2816 2817 2818
2811 2814 2819
2815 2811 2819
2814 2812 2820
2820 2812 2816
2819 2814 2820
2815 2821 2746
2749 2746 2821
2816 2818 2822
2816 2822 2820
2819 2820 2823
2822 2823 2820
2815 2819 2824
2821 2815 2824
2824 2819 2823
2818 2825 2822
2822 2825 2823
2818 2826 2825
2700 2825 2826
2749 2821 2827
2749 2827 2750
2827 2821 2828
2821 2824 2828
2750 2827 2828
2824 2823 2829
2825 2829 2823
2828 2824 2829
2825 2830 2829
2825 2700 2830
2829 2830 2828
2750 2828 2831
2830 2831 2828
2729 2750 2831
2729 2831 2832
2830 2832 2831
2832 2705 2729
2833 2830 2700
2830 2833 2832
2833 2705 2832
2700 2699 2833
2833 2699 2705
2834 2835 2836
2834 2837 2835
2838 2835 2837
2839 2835 2838
2838 2837 2840
2841 2839 2838
2842 2838 2840
2841 2838 2842
2842 2840 2843
2842 2844 2841
2843 2845 2842
2842 2845 2844
2843 2846 2845
2847 2844 2845
2848 2845 2846
2847 2845 2848
2849 2847 2848
2848 2846 2850
2849 2848 2851
2850 2851 2848
2850 2852 2851
2853 2854 2855
2853 2855 2856
2856 2857 2853
2858 2856 2855
2856 2859 2857
2859 2860 2857
2858 2861 2856
2861 2859 2856
2862 2861 2858
2859 2863 2860
2864 2860 2863
2861 2865 2859
2865 2863 2859
2862 2866 2861
2865 2861 2866
2864 2863 2867
2867 2868 2864
2865 2869 2863
2867 2863 2869
2867 2870 2868
2871 2868 2870
2872 2866 2862
2862 2873 2872
2865 2866 2874
2874 2869 2865
2867 2869 2875
2875 2870 2867
2871 2870 2876
2877 2871 2876
2877 2876 2878
2879 2874 2866
2872 2879 2866
2874 2880 2869
2880 2875 2869
2880 2874 2879
2873 2881 2872
2881 2873 2882
2876 2870 2883
2875 2883 2870
2884 2878 2876
2876 2883 2884
2884 2885 2878
2880 2886 2875
2886 2883 2875
2872 2881 2887
2879 2872 2887
2888 2884 2883
2886 2888 2883
2889 2885 2884
2888 2889 2884
2889 2890 2885
2891 2886 2880
2880 2879 2891
2888 2886 2892
2891 2892 2886
2891 2879 2893
2879 2887 2893
2892 2891 2893
2894 2889 2888
2888 2892 2894
2895 2890 2889
2894 2895 2889
2895 2896 2890
2897 2894 2892
2892 2893 2897
2897 2893 2898
2897 2899 2894
2895 2894 2899
2899 2897 2898
2896 2895 2900
2895 2899 2900
2896 2900 2901
2902 2900 2899
2899 2898 2902
2903 2901 2900
2902 2903 2900
2903 2904 2901
2905 2903 2902
2905 2902 2898
2906 2904 2903
2905 2906 2903
2907 2906 2905
2906 2908 2904
2906 2909 2908
2907 2909 2906
2907 2910 2909
2898 2911 2905
2907 2905 2911
2907 2912 2910
2912 2913 2910
2911 2898 2914
2915 2907 2911
2911 2914 2915
2907 2916 2912
2907 2915 2916
2898 2917 2914
2893 2917 2898
2893 2887 2917
2912 2918 2913
2919 2913 2918
2919 2920 2913
2912 2921 2918
2912 2916 2921
2922 2918 2921
2922 2919 2918
2923 2921 2916
2923 2922 2921
2915 2924 2916
2923 2916 2924
2914 2925 2915
2915 2925 2924
2917 2926 2914
2925 2914 2926
2920 2919 2927
2920 2927 2928
2928 2927 2929
2930 2928 2929
2929 2931 2930
2925 2932 2924
2933 2923 2924
2933 2924 2932
2934 2925 2926
2925 2934 2932
2935 2934 2926
2934 2935 2932
2932 2936 2933
2935 2936 2932
2935 2926 2937
2937 2926 2917
2937 2917 2938
2887 2938 2917
2937 2939 2935
2938 2939 2937
2940 2938 2887
2938 2940 2939
2940 2887 2881
2881 2882 2940
2940 2882 2939
2939 2941 2935
2935 2941 2936
2942 2939 2882
2942 2941 2939
2882 2943 2942
2942 2943 2944
2941 2945 2936
2941 2942 2945
2942 2944 2946
2942 2946 2945
2936 2945 2947
2936 2947 2933
2948 2946 2944
2948 2944 2949
2950 2948 2949
2951 2945 2946
2948 2951 2946
2945 2951 2947
2948 2950 2952
2951 2948 2952
2952 2950 2953
2954 2933 2947
2923 2933 2954
2947 2951 2955
2951 2952 2955
2955 2954 2947
2953 2956 2952
2956 2955 2952
2956 2953 2957
2923 2954 2958
2923 2958 2922
2955 2959 2954
2956 2959 2955
2954 2959 2958
2960 2956 2957
2956 2960 2959
2960 2957 2961
2962 2960 2961
2963 2958 2959
2960 2963 2959
2962 2963 2960
2922 2958 2963
2962 2964 2963
2964 2922 2963
2919 2922 2964
2965 2919 2966
2967 2965 2966
2968 2967 2966
2919 2965 2969
2969 2965 2967
2927 2919 2969
2970 2927 2969
2970 2929 2927
2969 2967 2971
2971 2970 2969
2968 2972 2967
2971 2967 2972
2970 2973 2929
2929 2973 2931
2971 2974 2970
2973 2970 2974
2975 2931 2973
2973 2974 2975
2975 2976 2931
2977 2974 2971
2971 2972 2977
2968 2978 2972
2968 2979 2978
2980 2976 2975
2980 2981 2976
2982 2981 2980
2983 2975 2974
2977 2983 2974
2983 2980 2975
2984 2977 2972
2984 2983 2977
2984 2972 2978
2985 2978 2979
2985 2979 2986
2982 2980 2987
2988 2982 2987
2980 2983 2989
2980 2989 2987
2984 2989 2983
2988 2987 2990
2989 2990 2987
2991 2988 2990
2992 2984 2978
2992 2978 2985
2993 2989 2984
2989 2993 2990
2993 2984 2992
2986 2994 2985
2986 2995 2994
2991 2990 2996
2993 2996 2990
2992 2997 2993
2993 2997 2996
2998 2992 2985
2998 2985 2994
2992 2998 2997
2994 2995 2999
3000 2999 2995
2999 3000 3001
3002 2999 3001
2994 2999 3003
2998 2994 3003
3002 3003 2999
2996 3004 2991
2991 3004 3005
2996 3006 3004
2997 3006 2996
3007 3004 3006
2998 3003 3008
2998 3008 2997
3002 3009 3003
3008 3003 3009
3010 3009 3002
3011 3009 3010
2997 3012 3006
3007 3006 3012
2997 3008 3012
3011 3013 3009
3013 3008 3009
3012 3008 3013
3011 3014 3013
3015 3007 3012
3015 3012 3013
3013 3014 3015
3016 3007 3015
3014 3016 3015
3017 3018 3019
3017 3019 3020
3020 3021 3017
3019 3022 3020
3020 3023 3021
3023 3020 3022
3024 3021 3023
3023 3022 3025
3025 3022 3026
3022 3027 3026
3028 3023 3025
3024 3023 3028
3028 3025 3029
3024 3028 3030
3029 3030 3028
3024 3030 3031
3029 3032 3030
3033 3031 3030
3033 3030 3032
3033 3034 3031
3033 3032 3035
3034 3033 3036
3036 3033 3035
3034 3036 3037
3036 3035 3038
3039 3037 3036
3038 3039 3036
3039 3040 3037
3038 3041 3039
3042 3040 3039
3041 3042 3039
3042 3043 3040
3041 3044 3042
3045 3043 3042
3046 3042 3044
3045 3042 3046
3046 3044 3047
3048 3045 3046
3049 3046 3047
3048 3046 3049
3049 3047 3050
3051 3048 3049
3050 3052 3049
3051 3049 3052
3050 3053 3052
3054 3051 3052
3053 3055 3052
3054 3052 3055
3053 3056 3055
3057 3055 3056
3058 3054 3055
3057 3059 3055
3058 3055 3059
3060 3059 3057
3061 3058 3059
3060 3061 3059
3061 3062 3058
3063 3061 3060
3062 3061 3064
3063 3064 3061
3062 3064 3065
3063 3066 3064
3066 3065 3064
3067 3068 3069
3069 3070 3067
3071 3070 3069
3072 3067 3070
3073 3070 3071
3072 3070 3074
3073 3075 3070
3075 3074 3070
3076 3075 3073
3075 3077 3074
3076 3078 3075
3078 3077 3075
3079 3078 3076
3078 3080 3077
3079 3081 3078
3081 3080 3078
3082 3081 3079
3081 3083 3080
3082 3084 3081
3083 3081 3084
3085 3084 3082
3083 3084 3086
3085 3087 3084
3086 3084 3087
3087 3085 3088
3086 3087 3089
3087 3088 3090
3090 3089 3087
3090 3088 3091
3090 3092 3089
3090 3091 3093
3093 3092 3090
3093 3094 3092
3093 3091 3095
3094 3093 3096
3093 3095 3096
3094 3096 3097
3096 3098 3097
3095 3099 3096
3096 3099 3098
3095 3100 3099
3098 3099 3101
3098 3101 3102
3101 3103 3102
3101 3104 3103
3105 3099 3100
3105 3100 3106
3104 3107 3103
3104 3108 3107
3109 3107 3108
3109 3110 3107
3110 3109 3111
3110 3111 3112
3113 3112 3111
3114 3105 3106
3114 3115 3105
3114 3116 3115
3114 3117 3116
3118 3116 3117
3118 3117 3119
3119 3120 3118
3113 3120 3121
3119 3121 3120
3122 3123 3124
3125 3124 3123
3125 3123 3126
3127 3125 3126
3127 3126 3128
3127 3128 3129
3130 3127 3129
3130 3129 3131
3131 3132 3130
3131 3133 3132
3134 3132 3133
3135 3136 3137
3138 3135 3139
3136 3140 3138
3138 3141 3142
3143 3142 3141
3143 3144 3142
3145 3142 3144
3146 3145 3144
3147 3145 3146
3146 3148 3147
3149 3145 3147
3150 3151 3145
3152 3153 3150
3152 3154 3153
3155 3151 3154
3155 3154 3156
3157 3151 3155
3158 3159 3155
3158 3160 3159
3159 3160 3161
3162 3163 3164
3162 3165 3163
3162 3166 3165
3162 3167 3166
3167 3168 3166
3168 3167 3169
3170 3168 3169
3167 3171 3169
3169 3171 3172
3173 3172 3171
3173 3174 3172
3175 3172 3174
3174 3173 3176
3176 3173 3177
3176 3177 3178
3178 3179 3176
3178 3180 3179
3172 3181 3182
3183 3174 3184
3185 3183 3184
3186 3177 3187
3186 3188 3177
3189 3180 3188
3189 3188 3190
3191 3179 3192
3193 3191 3192
3193 3192 3194
3195 3191 3196
3195 3197 3198
3185 3198 3199
3185 3199 3200
3201 3185 3200
3201 3200 3202
3202 3175 3201
3175 3203 3201
3204 3205 3206
3204 3206 3207
3208 3204 3207
3209 3207 3206
3209 3206 3210
3211 3209 3210
3212 3209 3211
3213 3209 3212
3207 3209 3213
3212 3214 3213
3213 3214 3215
3208 3207 3216
3207 3213 3216
3217 3208 3216
3213 3215 3218
3218 3216 3213
3217 3216 3218
3219 3218 3215
3219 3217 3218
3220 3221 3222
3220 3223 3221
3223 3169 3224
3225 3182 3224
3226 3225 3224
3227 3225 3228
3227 3228 3229
3228 3230 3229
3231 3232 3233
3231 3233 3234
3234 3233 3235
3236 3231 3234
3234 3235 3237
3236 3234 3238
3238 3234 3237
3239 3236 3238
3238 3237 3240
3239 3238 3241
3240 3241 3238
3242 3239 3241
3240 3243 3241
3242 3241 3244
3243 3244 3241
3244 3245 3242
3243 3246 3244
3244 3247 3245
3246 3247 3244
3246 3248 3247
3249 3250 3251
3251 3252 3249
3251 3253 3252
3253 3254 3252
3253 3255 3254
3255 3256 3254
3255 3257 3256
3258 3256 3257
3258 3257 3259
3260 3258 3259
3260 3261 3258
3259 3262 3260
3263 3261 3260
3263 3260 3264
3260 3262 3264
3263 3264 3265
3263 3265 3266
3265 3267 3266
3265 3268 3267
3268 3269 3267
3264 3262 3270
3264 3271 3265
3264 3270 3271
3265 3272 3268
3265 3271 3272
3268 3273 3269
3272 3273 3268
3274 3270 3262
3274 3262 3275
3274 3275 3276
3277 3276 3275
3277 3275 3278
3279 3277 3278
3269 3273 3280
3269 3280 3281
3272 3282 3273
3280 3273 3282
3281 3280 3283
3281 3283 3284
3285 3284 3283
3280 3282 3286
3283 3280 3286
3285 3283 3287
3288 3285 3287
3283 3286 3289
3289 3287 3283
3288 3287 3290
3290 3291 3288
3289 3292 3287
3290 3287 3292
3290 3293 3291
3294 3291 3293
3290 3292 3295
3295 3293 3290
3294 3293 3296
3297 3294 3296
3289 3298 3292
3299 3295 3292
3299 3292 3298
3295 3300 3293
3299 3300 3295
3296 3293 3301
3293 3300 3301
3302 3297 3296
3302 3296 3301
3289 3303 3298
3303 3289 3286
3304 3297 3302
3304 3305 3297
3306 3300 3299
3300 3307 3301
3300 3306 3307
3301 3308 3302
3301 3307 3308
3309 3299 3298
3306 3299 3309
3310 3304 3302
3310 3302 3308
3305 3304 3311
3312 3305 3311
3312 3313 3305
3304 3314 3311
3314 3312 3311
3304 3310 3314
3310 3315 3314
3314 3316 3312
3315 3316 3314
3315 3317 3316
3318 3317 3315
3319 3310 3308
3310 3319 3315
3319 3308 3320
3307 3320 3308
3315 3319 3321
3320 3321 3319
3318 3315 3322
3315 3321 3322
3323 3318 3322
3321 3323 3322
3323 3324 3318
3325 3323 3321
3320 3325 3321
3325 3326 3323
3307 3327 3320
3327 3325 3320
3327 3307 3306
3328 3326 3325
3327 3328 3325
3328 3329 3326
3327 3306 3330
3330 3328 3327
3330 3306 3309
3329 3328 3331
3330 3331 3328
3329 3331 3332
3330 3309 3333
3331 3330 3333
3332 3331 3334
3331 3333 3334
3332 3334 3335
3334 3336 3335
3333 3309 3337
3309 3298 3337
3334 3333 3338
3333 3337 3338
3339 3337 3298
3338 3337 3339
3339 3298 3303
3334 3338 3340
3334 3340 3336
3338 3339 3341
3340 3338 3341
3342 3339 3303
3341 3339 3342
3340 3341 3343
3344 3343 3341
3344 3341 3345
3341 3342 3345
3346 3344 3345
3336 3340 3347
3340 3348 3347
3342 3303 3349
3303 3286 3349
3350 3345 3342
3349 3350 3342
3286 3351 3349
3349 3351 3350
3286 3282 3351
3346 3345 3352
3350 3352 3345
3353 3351 3282
3353 3282 3272
3346 3352 3354
3346 3354 3355
3356 3355 3354
3356 3357 3355
3358 3357 3356
3352 3359 3354
3352 3350 3359
3356 3354 3359
3360 3350 3351
3359 3350 3360
3360 3351 3353
3361 3353 3272
3361 3272 3271
3358 3356 3362
3362 3363 3358
3356 3359 3364
3364 3359 3360
3365 3360 3353
3365 3353 3361
3271 3366 3361
3271 3270 3366
3360 3365 3367
3364 3360 3367
3368 3365 3361
3368 3367 3365
3368 3361 3366
3366 3369 3368
3370 3366 3270
3366 3370 3369
3370 3270 3371
3372 3369 3370
3371 3373 3370
3372 3370 3373
3371 3374 3373
3375 3372 3373
3376 3373 3374
3375 3373 3376
3376 3374 3377
3376 3378 3375
3379 3376 3377
3376 3380 3378
3379 3380 3376
3381 3380 3379
3380 3382 3378
3381 3383 3380
3380 3383 3382
3384 3383 3381
3384 3385 3383
3385 3382 3383
3385 3384 3386
3385 3386 3387
3387 3386 3388
3385 3389 3382
3387 3389 3385
3387 3390 3389
3387 3388 3391
3391 3390 3387
3391 3392 3390
3393 3391 3388
3393 3392 3391
3393 3394 3395
3394 3396 3395
3394 3397 3396
3397 3398 3396
3397 3399 3398
3398 3399 3400
3398 3400 3382
3401 3382 3400
3401 3402 3382
3402 3401 3403
3402 3403 3404
3405 3404 3403
3405 3406 3404
3407 3406 3405
3407 3405 3408
3409 3407 3408
3409 3408 3410
3410 3367 3409
3411 3364 3367
3411 3412 3364
3356 3364 3412
3356 3412 3362
3413 3412 3411
3413 3362 3412
3413 3411 3414
3415 3413 3414
3413 3416 3362
3362 3416 3363
3417 3363 3416
3415 3418 3413
3416 3413 3418
3418 3415 3419
3417 3416 3420
3416 3418 3420
3418 3419 3421
3421 3420 3418
3422 3421 3419
3417 3420 3423
3421 3423 3420
3417 3423 3424
3422 3425 3421
3425 3423 3421
3426 3425 3422
3424 3423 3427
3425 3427 3423
3424 3427 3428
3426 3429 3425
3427 3425 3429
3429 3426 3430
3431 3428 3427
3427 3429 3431
3431 3432 3428
3429 3430 3433
3431 3429 3433
3433 3430 3434
3432 3431 3435
3431 3433 3435
3432 3435 3436
3433 3434 3437
3435 3433 3437
3438 3437 3434
3436 3435 3439
3435 3437 3439
3436 3439 3440
3438 3441 3437
3439 3437 3441
3441 3438 3442
3443 3440 3439
3439 3441 3443
3443 3444 3440
3441 3442 3445
3445 3443 3441
3442 3446 3445
3444 3443 3447
3445 3447 3443
3445 3446 3447
3444 3447 3448
3447 3446 3448
3449 3450 3451
3452 3450 3449
3452 3449 3453
3454 3452 3453
3454 3453 3455
3456 3454 3455
3456 3455 3457
3458 3456 3457
3458 3457 3459
3460 3458 3459
3460 3461 3458
3460 3462 3461
3460 3463 3462
3463 3464 3462
3463 3465 3464
3464 3465 3466
3464 3466 3467
3468 3466 3465
3469 3466 3468
3466 3470 3467
3469 3471 3466
3466 3471 3470
3471 3472 3470
3473 3474 3475
3473 3475 3476
3476 3475 3477
3476 3477 3478
3479 3476 3478
3473 3476 3480
3479 3480 3476
3481 3480 3479
3473 3480 3482
3481 3483 3480
3482 3480 3483
3482 3483 3484
3485 3486 3487
3485 3488 3486
3488 3489 3486
3488 3490 3489
3491 3486 3489
3492 3486 3491
3493 3490 3488
3492 3491 3494
3492 3495 3486
3493 3488 3496
3496 3488 3485
3496 3497 3493
3496 3498 3497
3498 3499 3497
3492 3494 3500
3500 3494 3501
3502 3485 3495
3492 3502 3495
3496 3485 3503
3503 3498 3496
3498 3504 3499
3504 3505 3499
3500 3501 3506
3507 3506 3501
3507 3508 3506
3500 3506 3508
3502 3509 3485
3509 3503 3485
3503 3510 3498
3510 3504 3498
3504 3511 3505
3511 3512 3505
3509 3513 3503
3510 3503 3513
3510 3513 3514
3510 3515 3504
3515 3510 3514
3515 3511 3504
3515 3514 3516
3517 3515 3516
3515 3517 3511
3517 3516 3518
3511 3519 3512
3519 3511 3517
3520 3512 3519
3521 3517 3518
3519 3517 3521
3521 3518 3522
3520 3519 3523
3523 3519 3521
3524 3520 3523
3522 3525 3521
3523 3521 3525
3522 3526 3525
3524 3523 3527
3527 3523 3525
3528 3524 3527
3526 3529 3525
3527 3525 3529
3526 3530 3529
3528 3527 3531
3531 3527 3529
3531 3532 3528
3530 3533 3529
3531 3529 3533
3530 3534 3533
3531 3535 3532
3533 3535 3531
3535 3536 3532
3537 3533 3534
3533 3537 3535
3537 3534 3538
3535 3539 3536
3537 3539 3535
3536 3539 3540
3541 3537 3538
3537 3541 3539
3539 3541 3540
3541 3538 3542
3541 3542 3540
3543 3544 3545
3543 3545 3546
3547 3546 3545
3547 3548 3546
3549 3548 3547
3549 3550 3548
3551 3543 3546
3548 3551 3546
3550 3552 3548
3548 3552 3551
3550 3553 3552
3554 3543 3551
3552 3554 3551
3554 3555 3543
3553 3556 3552
3552 3556 3554
3553 3557 3556
3558 3555 3554
3559 3555 3558
3560 3556 3557
3560 3557 3561
3556 3562 3554
3558 3554 3562
3556 3560 3562
3563 3559 3558
3563 3558 3562
3563 3564 3559
3565 3560 3561
3565 3561 3566
3567 3562 3560
3567 3563 3562
3567 3560 3565
3568 3564 3563
3563 3567 3568
3568 3569 3564
3570 3565 3566
3570 3566 3571
3565 3572 3567
3567 3572 3568
3573 3569 3568
3573 3574 3569
3565 3570 3575
3565 3575 3572
3571 3576 3570
3575 3570 3576
3571 3577 3576
3576 3577 3578
3568 3572 3579
3575 3579 3572
3575 3576 3579
3568 3579 3573
3576 3578 3580
3580 3579 3576
3580 3578 3581
3582 3574 3573
3582 3583 3574
3584 3583 3582
3573 3579 3585
3580 3585 3579
3573 3585 3582
3580 3581 3586
3586 3585 3580
3586 3581 3587
3584 3582 3588
3589 3584 3588
3589 3588 3590
3582 3585 3591
3586 3591 3585
3582 3591 3588
3586 3587 3592
3591 3586 3592
3592 3587 3593
3588 3591 3594
3591 3592 3594
3588 3594 3590
3592 3593 3595
3595 3594 3592
3596 3595 3593
3595 3597 3594
3590 3594 3598
3596 3599 3595
3599 3597 3595
3600 3599 3596
3599 3601 3597
3600 3602 3599
3601 3599 3602
3601 3602 3603
3604 3602 3600
3605 3603 3602
3604 3606 3602
3605 3602 3606
3607 3606 3604
3606 3608 3605
3607 3609 3606
3606 3609 3608
3609 3607 3610
3611 3608 3609
3609 3610 3612
3611 3609 3612
3612 3610 3613
3614 3611 3612
3612 3613 3614
3614 3615 3611
3616 3614 3613
3615 3614 3617
3616 3617 3614
3615 3617 3618
3617 3616 3619
3618 3617 3620
3617 3619 3620
3618 3620 3621
3619 3622 3620
3622 3621 3620
3619 3623 3622
3622 3624 3621
3623 3625 3622
3625 3624 3622
3625 3626 3624
3623 3627 3625
3628 3626 3625
3629 3625 3627
3628 3625 3629
3629 3627 3630
3631 3628 3629
3631 3629 3630
3632 3633 3634
3632 3635 3633
3635 3632 3636
3635 3637 3633
3635 3636 3638
3635 3639 3637
3639 3635 3638
3640 3637 3639
3639 3638 3641
3640 3639 3642
3641 3642 3639
3643 3640 3642
3641 3644 3642
3643 3642 3645
3645 3642 3644
3645 3644 3646
3647 3643 3645
3648 3645 3646
3647 3645 3648
3648 3646 3649
3647 3648 3650
3650 3648 3649
3651 3647 3650
3650 3649 3652
3651 3650 3653
3653 3650 3652
3651 3653 3507
3653 3652 3654
3507 3653 3508
3655 3653 3654
3653 3655 3508
3655 3654 3656
3657 3655 3656
3657 3508 3655
3657 3656 3658
3657 3659 3508
3659 3500 3508
3660 3659 3657
3660 3657 3658
3661 3500 3659
3660 3661 3659
3661 3492 3500
3492 3661 3662
3502 3492 3662
3661 3663 3662
3661 3660 3663
3502 3662 3664
3663 3664 3662
3502 3664 3509
3665 3509 3664
3665 3666 3509
3663 3667 3664
3667 3665 3664
3666 3665 3668
3666 3668 3669
3667 3670 3665
3670 3668 3665
3669 3668 3671
3669 3671 3672
3673 3672 3671
3670 3674 3668
3674 3671 3668
3673 3671 3675
3676 3673 3675
3674 3677 3671
3677 3675 3671
3676 3675 3678
3678 3679 3676
3677 3680 3675
3680 3678 3675
3678 3681 3679
3681 3682 3679
3680 3683 3678
3683 3681 3678
3681 3684 3682
3685 3682 3684
3683 3686 3681
3684 3681 3686
3685 3684 3687
3687 3688 3685
3684 3686 3689
3689 3687 3684
3686 3690 3689
3690 3687 3689
3686 3691 3690
3683 3691 3686
3683 3692 3691
3680 3692 3683
3680 3693 3692
3693 3680 3677
3693 3677 3694
3694 3677 3674
3694 3674 3695
3670 3695 3674
3670 3696 3695
3696 3670 3667
3696 3667 3697
3697 3667 3663
3697 3663 3698
3698 3663 3660
3698 3660 3699
3660 3658 3699
3658 3700 3699
3658 3701 3700
3702 3703 3704
3702 3704 3705
3705 3706 3702
3705 3704 3707
3705 3708 3706
3705 3707 3709
3708 3705 3709
3708 3709 3710
3711 3712 3713
3711 3714 3712
3711 3715 3714
3716 3714 3715
3716 3715 3717
3718 3716 3717
3718 3717 3719
3720 3718 3719
3720 3719 3721
3722 3720 3721
3722 3721 3723
3723 3724 3722
3723 3725 3724
3726 3724 3725
3727 3726 3725
3727 3728 3726
3726 3728 3729
3728 3730 3729
3731 3732 3733
3731 3733 3734
3734 3733 3735
3734 3735 3736
3736 3735 3737
3736 3737 3738
3738 3737 3739
3738 3739 3740
3740 3739 3741
3740 3741 3742
3743 3742 3741
3743 3741 3744
3745 3743 3744
3745 3744 3746
3746 3747 3745
3746 3748 3747
3748 3749 3747
3748 3750 3749
3750 3751 3749
3750 3752 3751
3751 3752 3753
3753 3752 3754
3754 3752 3750
3753 3754 3755
3754 3750 3756
3755 3754 3756
3748 3756 3750
3755 3756 3757
3748 3758 3756
3758 3757 3756
3758 3748 3746
3758 3759 3757
3758 3746 3760
3759 3758 3760
3744 3760 3746
3759 3760 3761
3744 3762 3760
3761 3760 3762
3762 3744 3741
3761 3762 3763
3762 3741 3764
3763 3762 3764
3765 3764 3741
3763 3764 3766
3765 3767 3764
3767 3766 3764
3768 3767 3765
3767 3769 3766
3768 3770 3767
3769 3767 3770
3770 3768 3771
3769 3770 3772
3770 3771 3773
3773 3772 3770
3773 3771 3774
3773 3775 3772
3773 3774 3776
3776 3775 3773
3776 3774 3777
3776 3778 3775
3776 3777 3779
3779 3778 3776
3779 3780 3778
3781 3779 3777
3779 3782 3780
3781 3783 3779
3779 3783 3782
3784 3783 3781
3785 3782 3783
3784 3785 3783
3785 3786 3782
3785 3784 3787
3788 3786 3785
3785 3787 3788
3788 3789 3786
3790 3788 3787
3789 3788 3791
3790 3791 3788
3790 3792 3791
3793 3794 3795
3796 3793 3795
3796 3797 3793
3798 3797 3796
3798 3799 3797
3800 3799 3798
3800 3801 3799
3801 3800 3802
3801 3802 3803
3804 3803 3802
3804 3805 3803
3806 3805 3804
3806 3807 3805
3808 3807 3806
3808 3806 3809
3810 3808 3809
3810 3809 3811
3810 3811 3812
3810 3812 3813
3812 3814 3813
3815 3816 3817
3815 3817 3818
3818 3817 3819
3818 3819 3820
3821 3820 3819
3821 3822 3820
3823 3822 3821
3823 3824 3822
3825 3824 3823
3825 3826 3824
3826 3825 3827
3826 3827 3828
3828 3827 3829
3828 3829 3830
3831 3830 3829
3831 3832 3830
3833 3832 3831
3834 3826 3828
3835 3828 3830
3834 3828 3835
3830 3832 3836
3835 3830 3836
3826 3834 3837
3826 3837 3838
3839 3838 3837
3839 3840 3838
3841 3840 3839
3841 3842 3840
3843 3842 3841
3843 3844 3842
3845 3844 3843
3845 3846 3844
3847 3845 3843
3847 3843 3848
3848 3843 3841
3848 3849 3847
3848 3850 3849
3848 3841 3851
3850 3848 3851
3839 3851 3841
3850 3851 3852
3839 3853 3851
3853 3852 3851
3853 3839 3837
3853 3854 3852
3853 3837 3855
3855 3854 3853
3834 3855 3837
3834 3856 3855
3856 3834 3835
3855 3857 3854
3856 3857 3855
3856 3835 3858
3858 3835 3836
3859 3854 3857
3860 3854 3859
3856 3861 3857
3858 3861 3856
3858 3836 3862
3832 3862 3836
3860 3859 3863
3864 3860 3863
3864 3865 3860
3865 3864 3866
3865 3866 3867
3868 3857 3861
3859 3857 3868
3858 3869 3861
3862 3869 3858
3868 3861 3870
3870 3861 3869
3832 3871 3862
3862 3872 3869
3871 3872 3862
3870 3869 3873
3872 3873 3869
3868 3870 3874
3874 3870 3873
3871 3832 3875
3833 3875 3832
3876 3875 3833
3876 3833 3877
3876 3877 3878
3876 3878 3879
3876 3879 3880
3881 3875 3876
3871 3875 3881
3881 3876 3880
3871 3882 3872
3881 3882 3871
3883 3881 3880
3881 3883 3882
3884 3882 3883
3885 3872 3882
3872 3885 3873
3884 3885 3882
3883 3880 3886
3887 3886 3880
3887 3888 3886
3889 3873 3885
3884 3889 3885
3886 3890 3883
3884 3883 3890
3888 3891 3886
3886 3891 3890
3888 3892 3891
3891 3892 3893
3891 3893 3894
3894 3890 3891
3894 3893 3895
3894 3895 3896
3894 3897 3890
3884 3890 3897
3896 3897 3894
3889 3898 3873
3874 3873 3898
3884 3899 3889
3898 3889 3899
3884 3897 3900
3884 3900 3899
3898 3899 3901
3874 3898 3901
3896 3902 3897
3900 3897 3902
3900 3903 3899
3901 3899 3903
3900 3902 3904
3904 3903 3900
3902 3896 3905
3905 3904 3902
3906 3905 3896
3896 3907 3906
3906 3908 3905
3908 3909 3905
3905 3909 3904
3908 3910 3909
3910 3911 3909
3910 3912 3911
3909 3913 3904
3909 3911 3913
3904 3914 3903
3914 3904 3913
3915 3911 3912
3915 3912 3916
3914 3917 3903
3901 3903 3917
3913 3918 3914
3914 3918 3917
3919 3913 3911
3919 3911 3915
3913 3919 3918
3916 3920 3915
3916 3921 3920
3917 3922 3901
3874 3901 3922
3915 3923 3919
3915 3920 3923
3918 3924 3917
3917 3924 3922
3919 3925 3918
3919 3923 3925
3918 3925 3924
3921 3926 3920
3921 3927 3926
3920 3928 3923
3920 3926 3928
3926 3929 3928
3927 3930 3926
3926 3930 3929
3927 3931 3930
3932 3929 3930
3931 3933 3930
3932 3930 3934
3931 3935 3933
3936 3932 3934
3935 3937 3933
3936 3934 3938
3939 3936 3938
3939 3938 3940
3935 3941 3937
3942 3937 3941
3942 3941 3943
3944 3945 3946
3944 3947 3945
3948 3945 3947
3948 3947 3949
3950 3948 3949
3950 3949 3951
3951 3952 3950
3951 3953 3952
3954 3952 3953
3954 3953 3955
3956 3954 3955
3956 3955 3957
3957 3958 3956
3957 3959 3958
3955 3960 3957
3961 3960 3955
3955 3962 3961
3963 3961 3962
3963 3962 3964
3961 3965 3960
3963 3965 3961
3966 3963 3964
3966 3964 3967
3967 3968 3966
3967 3969 3968
3970 3968 3969
3970 3969 3971
3972 3968 3970
3972 3973 3968
3973 3966 3968
3973 3972 3974
3973 3974 3975
3973 3976 3966
3975 3976 3973
3963 3966 3976
3975 3977 3976
3963 3976 3978
3978 3976 3977
3963 3978 3965
3978 3977 3979
3980 3965 3978
3980 3978 3979
3960 3965 3980
3960 3980 3981
3957 3960 3981
3982 3980 3979
3980 3982 3981
3983 3957 3981
3959 3957 3983
3959 3983 3984
3984 3985 3959
3984 3986 3985
3983 3981 3987
3982 3987 3981
3982 3979 3988
3988 3979 3989
3986 3984 3990
3986 3990 3991
3991 3990 3992
3991 3992 3993
3994 3993 3992
3994 3992 3995
3996 3994 3995
3996 3997 3994
3998 3997 3996
3998 3999 3997
3999 3998 4000
3999 4000 4001
4002 3992 3990
3990 3984 4002
4002 4003 3992
4004 3992 4003
4004 4003 4005
4006 4004 4005
4006 4007 4004
4008 4007 4006
4008 4009 4007
4009 4008 4010
4009 4010 4011
3984 4012 4002
3984 4013 4012
3983 4013 3984
3983 3987 4013
4002 4012 4014
4002 4014 4015
4014 4016 4015
4017 4012 4013
4017 4014 4012
3987 4018 4013
4017 4013 4018
4014 4017 4019
4018 4019 4017
4014 4020 4016
4014 4019 4020
4021 4016 4020
4021 4022 4016
4023 4020 4019
4023 4021 4020
4024 4021 4023
4022 4021 4025
4024 4025 4021
4022 4025 4026
4025 4024 4027
4025 4028 4026
4025 4027 4029
4025 4029 4028
4018 4030 4019
4031 4019 4030
4031 4030 4032
4032 4033 4031
4032 4034 4033
4035 4033 4034
4035 4034 4036
4037 4036 4034
4038 4032 4030
4034 4032 4038
4037 4034 4039
4034 4038 4039
4040 4037 4039
4040 4039 4041
4041 4039 4038
4041 4038 4042
4038 4030 4043
4018 4043 4030
4042 4038 4043
4018 4044 4043
3987 4044 4018
3982 4044 3987
4044 3982 3988
4044 3988 4043
4042 4043 3988
3988 3989 4042
3989 4045 4042
3989 4046 4045
4045 4046 4047
4045 4047 4048
4049 4050 4051
4049 4051 4052
4053 4052 4051
4053 4051 4054
4055 4053 4054
4055 4054 4056
4057 4058 4059
4057 4059 4060
4061 4060 4059
4061 4062 4060
4062 4061 4063
4062 4063 4064
4063 4065 4064
4063 4066 4065
4067 4065 4066
4067 4066 4068
4068 4069 4067
4068 4070 4069
4069 4070 4071
4069 4071 4072
4072 4071 4073
4072 4073 4074
4074 4073 4075
4074 4075 4076
4075 4077 4076
4078 4079 4080
4078 4081 4079
4081 4082 4083
4081 4084 4082
4084 4085 4082
4084 4086 4085
4087 4088 4089
4087 4089 4090
4090 4091 4092
4090 4092 4093
4093 4092 4094
4093 4094 4095
4096 4097 4094
4096 4098 4097
4099 4096 4100
4099 4100 4101
4102 4103 4100
4102 4100 4104
4105 4106 4107
4105 4107 4108
4108 4109 4105
4108 4110 4109
4111 4109 4110
4111 4110 4112
4111 4112 4113
4111 4113 4114
4114 4113 4115
4114 4115 4116
4117 4118 4115
4117 4119 4118
4117 4120 4121
4117 4122 4120
4123 4120 4122
4123 4124 4120
4124 4123 4125
4124 4125 4126
4127 4128 4129
4130 4128 4127
4130 4131 4128
4130 4132 4131
4130 4133 4132
4134 4132 4133
4134 4133 4135
4136 4137 4138
4136 4138 4139
4140 4141 4136
4140 4142 4141
4143 4141 4144
4143 4144 4145
4146 4143 4147
4146 4148 4143
4146 4149 4148
4146 4150 4149
4150 4151 4152
4150 4153 4151
4154 4155 4153
4154 4156 4155
4157 4156 4154
4157 4154 4158
4159 4160 4158
4159 4158 4161
4162 4159 4161
4162 4161 4163
4164 4165 4166
4164 4166 4167
4168 4167 4166
4168 4169 4167
4169 4168 4170
4169 4170 4171
4171 4170 4172
4171 4172 4173
4174 4175 4176
4174 4176 4177
4177 4178 4174
4177 4179 4178
4180 4178 4179
4180 4181 4178
4182 4181 4180
4182 4183 4181
4184 4185 4186
4184 4186 4187
4184 4187 4188
4184 4188 4189
4190 4189 4188
4190 4191 4189
4192 4193 4194
4192 4194 4195
4196 4197 4198
4196 4198 4199
4199 4198 4200
4199 4200 4201
4202 4201 4200
4202 4200 4203
4203 4204 4202
4203 4205 4204
4205 4206 4207
4205 4207 4208
4209 4210 4211
4212 4209 4211
4212 4211 4213
4214 4212 4213
4215 4213 4211
4215 4211 4216
4215 4217 4213
4214 4213 4218
4219 4213 4217
4220 4214 4218
4219 4217 4221
4220 4218 4222
4221 4223 4219
4224 4220 4222
4221 4225 4223
4224 4222 4226
4225 4226 4223
4225 4227 4226
4228 4224 4226
4226 4227 4229
4228 4226 4230
4226 4229 4230
4231 4228 4230
4232 4230 4229
4231 4230 4233
4232 4233 4230
4233 4234 4231
4235 4233 4232
4233 4235 4234
4235 4232 4236
4237 4234 4235
4238 4235 4236
4237 4235 4239
4238 4239 4235
4240 4237 4239
4239 4238 4241
4240 4239 4242
4239 4241 4242
4243 4242 4241
4242 4244 4240
4243 4245 4242
4242 4245 4244
4246 4245 4243
4244 4245 4247
4246 4247 4245
4244 4247 4248
4246 4249 4247
4249 4248 4247
4250 4251 4252
4253 4252 4251
4253 4251 4254
4255 4253 4254
4255 4254 4256
4257 4255 4256
4257 4258 4255
4257 4259 4258
4254 4260 4256
4261 4260 4254
4257 4262 4259
4263 4259 4262
4263 4262 4264
4264 4265 4263
4264 4266 4265
4266 4267 4265
4266 4268 4267
4268 4269 4267
4268 4270 4269
4271 4269 4270
4271 4270 4272
4273 4271 4272
4273 4272 4274
4274 4275 4273
4276 4262 4257
4276 4257 4277
4278 4262 4276
4277 4257 4256
4278 4264 4262
4277 4256 4279
4264 4278 4280
4260 4279 4256
4264 4280 4266
4260 4281 4279
4282 4266 4280
4261 4281 4260
4282 4268 4266
4261 4283 4281
4284 4268 4282
4285 4283 4261
4284 4270 4268
4285 4286 4283
4270 4284 4287
4270 4287 4272
4286 4285 4288
4286 4288 4289
4290 4272 4287
4291 4289 4288
4291 4288 4292
4293 4291 4292
4293 4294 4291
4294 4293 4295
4295 4293 4296
4290 4274 4272
4297 4274 4290
4274 4297 4275
4297 4290 4298
4275 4297 4299
4298 4299 4297
4275 4299 4300
4298 4301 4299
4299 4302 4300
4301 4303 4299
4299 4303 4302
4301 4304 4303
4302 4303 4305
4305 4303 4304
4306 4307 4308
4307 4306 4309
4306 4310 4309
4309 4311 4307
4311 4309 4312
4311 4312 4313
4314 4313 4312
4314 4315 4313
4314 4316 4315
4316 4314 4317
4316 4317 4318
4318 4317 4319
4318 4319 4320
4321 4320 4319
4321 4319 4322
4323 4321 4322
4323 4322 4324
4325 4323 4324
4325 4324 4326
4326 4327 4325
4326 4328 4327
4328 4329 4327
4330 4331 4332
4331 4333 4332
4331 4334 4333
4334 4335 4333
4334 4336 4335
4337 4336 4334
4337 4338 4336
4339 4335 4336
4338 4339 4336
4338 4340 4339
4339 4341 4335
4339 4340 4342
4343 4341 4339
4339 4342 4343
4343 4344 4341
4345 4343 4342
4344 4343 4346
4345 4347 4343
4344 4346 4348
4347 4345 4349
4347 4349 4350
4349 4351 4350
4348 4346 4352
4352 4351 4353
4348 4352 4353
4354 4355 4356
4357 4354 4356
4358 4354 4357
4357 4356 4359
4357 4360 4358
4361 4357 4359
4357 4361 4360
4361 4359 4362
4363 4360 4361
4364 4361 4362
4363 4361 4365
4364 4365 4361
4366 4363 4365
4366 4365 4367
4367 4365 4364
4367 4368 4366
4367 4364 4369
4364 4370 4369
4370 4371 4369
4367 4369 4371
4370 4372 4371
4367 4373 4368
4367 4371 4373
4374 4368 4373
4375 4371 4372
4375 4373 4371
4375 4372 4376
4374 4373 4377
4375 4377 4373
4377 4378 4374
4377 4379 4378
4379 4377 4375
4380 4378 4379
4381 4375 4376
4379 4375 4381
4381 4376 4382
4380 4379 4383
4383 4379 4381
4383 4384 4380
4382 4385 4381
4383 4381 4385
4382 4386 4385
4387 4385 4386
4383 4388 4384
4388 4383 4385
4389 4384 4388
4387 4390 4385
4388 4385 4390
4390 4387 4391
4389 4388 4392
4390 4392 4388
4393 4389 4392
4390 4391 4394
4390 4394 4392
4394 4391 4395
4393 4392 4396
4394 4396 4392
4397 4393 4396
4394 4395 4398
4394 4398 4396
4397 4396 4399
4399 4396 4398
4400 4397 4399
4395 4401 4398
4399 4398 4401
4395 4402 4401
4400 4399 4403
4401 4403 4399
4404 4400 4403
4405 4401 4402
4401 4405 4403
4405 4402 4406
4404 4403 4407
4407 4403 4405
4407 4408 4404
4409 4405 4406
4407 4405 4409
4409 4408 4407
4409 4406 4410
4410 4408 4409
3690 4411 3687
4412 3687 4411
3687 4412 3688
4412 4411 4413
4414 3688 4412
4413 4415 4412
4414 4412 4415
4413 4416 4415
4415 4417 4414
4416 4417 4415
4418 4419 4420
4419 4421 4420
4418 4420 4422
4418 4422 4423
4421 4424 4420
4420 4424 4422
4425 4424 4421
4426 4423 4422
4426 4427 4423
4422 4424 4428
4425 4428 4424
4422 4428 4426
4429 4428 4425
4429 4426 4428
4429 4425 4430
4430 4431 4429
4427 4426 4432
4429 4432 4426
4431 4432 4429
4427 4432 4433
4434 4432 4431
4432 4434 4433
4435 4436 4437
4436 4438 4437
4435 4437 4439
4435 4439 4440
4438 4441 4437
4437 4441 4439
4442 4441 4438
4442 4443 4441
4439 4441 4443
4444 4443 4442
4440 4439 4445
4439 4443 4445
4440 4445 4446
4444 4447 4443
4445 4443 4447
4444 4448 4447
4446 4445 4449
4445 4447 4449
4448 4449 4447
4446 4449 4450
4451 4449 4448
4449 4451 4450
4452 4453 4454
4454 4455 4452
4455 4456 4452
4457 4456 4455
4456 4457 4458
4459 4456 4458
4459 4460 4456
4460 4452 4456
4460 4459 4461
4452 4462 4453
4460 4462 4452
4460 4461 4463
4463 4462 4460
4464 4463 4461
4465 4453 4462
4463 4465 4462
4465 4466 4453
4464 4467 4463
4467 4465 4463
4466 4465 4467
4464 4468 4467
4468 4466 4467
1292 1290 4469
1291 4469 1290
1292 4469 4470
4470 4469 1291
1292 4470 4471
4470 1291 4472
4473 4471 4470
4473 4470 4472
4473 4474 4471
4473 4472 4475
4474 4473 4476
4476 4473 4475
4474 4476 4477
4476 4475 4478
4477 4476 4479
4478 4479 4476
4478 4480 4479
4477 4479 4481
4479 4480 4482
4481 4479 4483
4479 4482 4483
4481 4483 4484
4485 4483 4482
4484 4483 4486
4485 4486 4483
4484 4486 4487
4488 4486 4485
4488 4487 4486
4489 4490 4491
4489 4491 4492
4489 4493 4490
4489 4492 4494
4489 4495 4493
4495 4496 4493
4489 4494 4497
4495 4489 4497
4497 4494 4498
4495 4499 4496
4496 4499 4500
4495 4497 4501
4501 4499 4495
4497 4498 4502
4502 4501 4497
4502 4498 4503
4504 4500 4499
4504 4505 4500
4504 4499 4506
4501 4506 4499
4504 4506 4507
4502 4508 4501
4508 4506 4501
4502 4503 4509
4509 4508 4502
4510 4509 4503
4511 4507 4506
4508 4511 4506
4511 4512 4507
4510 4513 4509
4513 4510 4514
4513 4514 4515
4509 4516 4508
4511 4508 4516
4513 4516 4509
4517 4513 4515
4513 4517 4516
4517 4515 4518
4511 4516 4519
4519 4516 4517
4519 4512 4511
4520 4517 4518
4519 4517 4520
4520 4518 4521
4520 4521 4522
4523 4519 4520
4519 4523 4512
4520 4522 4524
4523 4520 4524
4522 4525 4524
4523 4524 4525
4522 4526 4525
4525 4526 4527
4528 4512 4523
4523 4525 4528
4525 4527 4529
4528 4525 4529
4530 4529 4527
4528 4531 4512
4531 4532 4512
4530 4533 4529
4534 4533 4530
4534 4535 4533
4528 4529 4536
4533 4536 4529
4536 4531 4528
4537 4533 4535
4533 4537 4536
4537 4535 4538
4531 4539 4532
4539 4540 4532
4536 4541 4531
4537 4541 4536
4539 4531 4541
4538 4542 4537
4537 4542 4541
4538 4543 4542
4539 4541 4544
4542 4544 4541
4545 4542 4543
4542 4545 4544
4545 4543 4546
4539 4547 4540
4547 4539 4544
4545 4548 4544
4547 4544 4548
4546 4549 4545
4545 4549 4548
4546 4550 4549
4551 4549 4550
4551 4552 4549
4549 4552 4553
4549 4553 4548
4548 4553 4554
4548 4554 4547
4554 4555 4547
4555 4540 4547
4555 4505 4540
1774 2139 4556
4556 1773 1774
4556 2139 4557
2100 4557 2139
2100 2099 4557
4558 4557 2099
4556 4557 4558
4558 2099 2104
4556 4559 1773
4558 4559 4556
1771 1773 4559
2104 4560 4558
4558 4560 4559
2104 2018 4560
1771 4559 4561
4560 4561 4559
1771 4561 1770
4562 4560 2018
4560 4562 4561
1770 4561 4562
4562 2018 1838
1770 4562 1777
1777 4562 1838
4563 4564 4565
4566 4564 4563
4566 4563 4567
3598 4566 4567
3598 4567 4568
3590 3598 4568
3590 4568 4569
4569 4568 4567
3590 4569 4570
4569 4571 4570
4569 4572 4571
4572 4569 4573
4569 4567 4573
4573 4567 4563
4573 4563 4574
4575 4574 4563
4563 4565 4575
4575 4576 4574
4577 4575 4565
4577 4576 4575
4577 4565 4578
4577 4579 4576
4580 4577 4578
4580 4579 4577
4580 4578 4581
4580 4582 4579
4581 4583 4580
4583 4582 4580
4581 4584 4583
4583 4585 4582
4584 4586 4583
4586 4585 4583
4584 4587 4586
4586 4588 4585
4587 4589 4586
4588 4586 4589
4587 4590 4589
4588 4589 4591
4589 4590 4592
4591 4589 4592
3868 3874 4593
4593 3874 3922
4594 3868 4593
4594 3859 3868
4593 3922 4595
4594 4593 4595
3924 4595 3922
3859 4594 4596
3859 4596 4597
4596 4598 4597
3924 4599 4595
4599 3924 3925
4594 4595 4600
4596 4594 4600
4599 4600 4595
4596 4601 4598
4602 4598 4601
4602 4601 4603
4599 3925 4604
4604 3925 3923
4604 3923 4605
4601 4596 4606
4596 4600 4606
4607 4603 4601
4601 4606 4607
4607 4608 4603
4607 4609 4608
4607 4610 4609
4606 4610 4607
4606 4611 4610
4611 4606 4600
4611 4600 4612
4599 4612 4600
4612 4599 4604
4605 4613 4604
4612 4604 4613
4605 4614 4613
4613 4615 4612
4614 4616 4613
4613 4616 4615
4614 4617 4616
4616 4618 4615
4617 4619 4616
4616 4619 4618
4617 4620 4619
4621 4618 4619
4619 4620 4622
4621 4619 4623
4619 4622 4623
4624 4625 4626
4625 4627 4626
4624 4626 4628
4628 4629 4624
4626 4627 4630
4630 4627 4631
4632 4630 4631
4626 4630 4633
4632 4633 4630
4626 4633 4628
4633 4632 4634
4633 4634 4635
4635 4628 4633
4635 4634 4636
4628 4637 4629
4635 4637 4628
4637 4638 4629
4635 4636 4639
4637 4635 4639
4639 4636 4640
4637 4641 4638
4637 4639 4641
4641 4642 4638
4639 4640 4643
4641 4639 4643
4641 4644 4642
4641 4643 4644
4644 4645 4642
4646 4643 4640
4646 4644 4643
4646 4640 4647
4644 4648 4645
4646 4648 4644
4648 4649 4645
4650 4646 4647
4650 4648 4646
4650 4647 4651
4648 4652 4649
4650 4652 4648
4652 4653 4649
4654 4650 4651
4654 4652 4650
4654 4651 4655
4652 4656 4653
4654 4656 4652
4657 4654 4655
4657 4656 4654
4657 4655 4658
4653 4656 4659
4657 4659 4656
4653 4659 4660
4661 4657 4658
4661 4659 4657
4661 4658 4662
4660 4659 4663
4661 4663 4659
4660 4663 4664
4662 4665 4661
4665 4663 4661
4662 4666 4665
4664 4663 4667
4665 4667 4663
4664 4667 4668
4667 4669 4668
4667 4670 4669
4665 4670 4667
4670 4671 4669
4672 4665 4666
4665 4672 4670
4672 4666 4673
4670 4674 4671
4674 4670 4672
4675 4671 4674
4676 4672 4673
4674 4672 4676
4676 4673 4677
4675 4674 4678
4676 4678 4674
4678 4679 4675
4680 4676 4677
4676 4680 4678
4680 4677 4681
4678 4682 4679
4682 4678 4680
4683 4679 4682
4684 4680 4681
4682 4680 4684
4684 4681 4685
4683 4682 4686
4684 4686 4682
4686 3348 4683
4686 3347 3348
4685 4687 4684
4684 4687 4686
4687 3347 4686
4685 4688 4687
4687 4689 3347
4689 4687 4688
3336 3347 4689
4689 4688 4690
3336 4689 4690
