byte offset: 0
first index: 0
index count: 13734
topology: trianglelist
format: DXGI_FORMAT_R16_UINT

0 1 2
3 4 5
6 7 8
6 9 7
7 9 10
7 10 11
11 10 12
11 12 13
12 14 13
12 15 14
15 16 14
15 17 16
17 18 16
17 19 18
19 20 18
19 21 20
21 22 20
21 23 22
24 22 23
24 25 22
26 27 28
29 28 27
29 27 30
29 30 31
29 31 32
33 32 31
33 31 34
35 33 34
35 34 36
37 35 36
37 36 38
38 39 37
38 40 39
41 39 40
42 43 44
45 43 42
45 42 46
45 46 47
45 47 48
48 47 49
48 49 50
49 51 50
52 53 54
55 52 54
55 54 56
56 57 55
56 58 57
58 59 57
58 60 59
60 61 59
60 62 61
63 61 62
64 65 66
64 67 65
67 68 65
69 70 71
72 71 70
72 73 71
74 73 72
74 75 73
76 75 74
76 77 75
77 76 78
77 78 79
79 78 80
81 82 83
81 83 84
83 85 84
83 86 85
86 87 85
86 88 87
87 88 89
87 89 90
90 89 91
90 91 92
92 91 93
92 93 94
94 93 95
94 95 96
96 95 97
96 97 98
99 98 97
99 97 100
101 102 103
104 102 101
104 105 102
105 104 106
105 106 107
107 106 108
107 108 109
109 108 110
109 110 111
112 111 110
112 110 113
112 113 114
112 114 115
116 115 114
117 118 119
120 117 119
120 121 117
120 122 121
120 123 122
123 124 122
123 125 124
124 125 126
127 128 129
130 128 127
130 131 128
132 133 134
132 135 133
135 136 133
135 137 136
137 138 136
137 139 138
140 138 139
140 139 141
141 142 140
141 143 142
143 144 142
143 145 144
144 145 146
144 146 147
148 147 146
148 146 149
150 148 149
150 151 148
152 151 150
152 153 151
153 152 154
153 154 155
156 155 154
156 157 155
158 157 156
158 159 157
160 159 158
160 161 159
162 163 164
162 164 165
165 166 162
165 167 166
166 167 168
166 168 169
170 169 168
170 168 171
171 172 170
171 173 172
173 174 172
173 175 174
176 174 175
176 177 174
177 176 178
177 178 179
180 179 178
180 181 179
181 180 182
181 182 183
184 183 182
184 182 185
185 186 184
185 187 186
188 186 187
188 187 189
189 190 188
189 191 190
192 190 191
192 193 190
194 193 192
194 195 193
195 194 196
195 196 197
198 197 196
198 196 199
200 198 199
200 201 198
201 200 202
201 202 203
204 205 206
204 207 205
207 204 208
207 208 209
209 208 210
209 210 211
212 211 210
212 213 211
213 212 214
213 214 215
216 215 214
216 217 215
218 217 216
218 216 219
218 219 220
218 220 221
220 222 221
220 223 222
224 222 223
224 223 225
225 226 224
225 227 226
228 226 227
228 227 229
230 228 229
230 229 231
231 232 230
231 233 232
234 235 236
234 236 237
237 236 238
237 238 239
238 240 239
238 241 240
242 240 241
242 243 240
244 243 242
244 245 243
246 245 244
246 247 245
246 248 247
246 249 248
249 250 248
249 251 250
252 250 251
252 251 253
254 252 253
254 253 255
254 255 256
254 256 257
257 256 258
257 258 259
260 259 258
260 261 259
262 261 260
262 263 261
262 264 263
262 265 264
265 266 264
265 267 266
267 268 266
267 269 268
270 268 269
270 271 268
272 271 270
272 270 273
274 272 273
274 273 275
276 277 278
276 279 277
279 276 280
281 277 279
279 280 282
282 280 283
284 281 279
284 279 282
284 285 281
282 283 286
284 282 286
286 283 287
284 286 287
283 288 287
289 287 288
284 290 285
287 290 284
290 291 285
289 292 287
287 292 290
290 293 291
292 293 290
294 292 289
292 294 293
294 289 295
296 294 295
296 297 294
297 293 294
293 298 291
291 298 299
300 297 296
300 296 301
300 301 302
297 303 293
297 300 303
293 303 298
304 303 300
300 302 304
304 298 303
299 298 305
304 305 298
305 306 299
304 302 307
304 307 305
305 307 306
308 307 302
306 307 308
309 310 311
309 312 310
313 312 309
312 314 310
313 315 312
316 315 313
312 317 314
315 317 312
317 318 314
316 319 315
320 319 316
317 321 318
321 322 318
315 323 317
315 319 323
323 321 317
321 324 322
324 325 322
323 326 321
319 326 323
326 324 321
324 327 325
327 328 325
326 329 324
329 327 324
319 330 326
326 330 329
320 331 319
331 330 319
327 332 328
332 333 328
329 334 327
330 334 329
334 332 327
332 335 333
335 336 333
334 337 332
337 335 332
337 338 335
335 339 336
339 335 338
339 340 336
334 341 337
330 341 334
337 341 338
331 342 330
342 341 330
339 343 340
339 338 344
344 343 339
345 340 343
345 346 340
347 346 345
347 348 346
349 348 347
349 350 348
351 350 349
351 352 350
353 352 351
353 354 352
355 354 353
355 356 354
357 356 355
357 358 356
355 359 357
355 360 359
353 360 355
361 359 360
351 362 353
353 362 360
361 360 363
362 363 360
364 361 363
351 365 362
363 362 365
349 365 351
349 366 365
347 366 349
363 365 367
366 367 365
347 368 366
367 366 368
345 368 347
364 363 369
367 369 363
345 370 368
343 370 345
367 368 371
370 371 368
343 372 370
371 370 372
344 372 343
372 344 373
373 344 338
364 369 374
364 374 375
367 376 369
371 376 367
371 372 377
372 373 377
377 378 371
371 378 376
369 376 379
369 379 374
377 380 378
373 380 377
381 376 378
381 379 376
381 378 380
382 375 374
382 374 383
383 374 379
383 384 382
383 379 385
385 379 381
383 386 384
385 386 383
320 384 386
320 386 331
387 331 386
385 387 386
387 342 331
385 381 388
388 387 385
381 380 389
388 381 389
390 342 387
342 390 341
388 391 387
390 387 391
391 388 392
388 389 392
389 380 393
373 393 380
391 392 394
390 391 394
395 392 389
394 392 395
389 393 395
395 396 394
390 394 396
395 393 396
397 341 390
396 397 390
338 341 397
398 393 373
398 396 393
373 338 398
338 397 398
398 397 396
399 400 401
399 401 402
402 403 399
402 404 403
404 405 403
404 406 405
406 407 405
406 408 407
409 407 408
409 408 410
411 409 410
411 410 412
412 413 411
412 414 413
413 414 415
416 413 415
417 418 415
415 419 417
417 419 420
417 420 421
422 421 420
422 420 423
422 423 424
422 424 425
426 425 424
426 427 425
428 427 426
428 429 427
430 429 428
430 431 429
431 430 432
431 432 433
434 435 436
434 437 435
437 438 435
437 439 438
439 440 438
439 441 440
441 442 440
441 443 442
443 444 442
443 445 444
445 446 444
445 447 446
447 448 446
447 449 448
448 449 450
451 452 453
454 453 452
454 455 453
456 455 454
456 457 455
458 457 456
458 459 457
460 459 458
460 461 459
462 461 460
462 463 461
464 463 462
464 465 463
466 465 464
466 467 465
468 469 470
469 468 471
472 473 474
472 474 475
476 475 474
477 472 475
476 478 475
477 475 479
479 475 478
480 478 476
479 478 481
481 478 480
480 476 482
482 476 483
482 483 484
485 484 483
485 486 484
487 486 485
488 480 482
484 489 482
488 482 489
481 480 490
490 480 488
486 491 484
484 491 489
481 492 479
490 493 481
481 493 492
479 492 494
479 494 477
487 495 486
486 496 491
495 496 486
487 497 495
487 498 497
495 499 496
497 499 495
500 497 498
500 498 501
501 502 500
501 503 502
504 502 503
504 503 505
506 504 505
506 505 507
508 506 507
508 507 509
510 508 509
510 509 511
511 512 510
511 513 512
513 514 512
513 515 514
515 516 514
515 517 516
517 518 516
517 519 518
520 518 519
520 519 521
521 522 520
521 523 522
524 522 523
524 523 525
526 524 525
526 525 527
527 528 526
527 529 528
529 530 528
529 531 530
531 532 530
531 533 532
533 534 532
533 535 534
520 522 536
537 522 524
537 536 522
538 524 526
538 537 524
526 528 539
526 539 538
528 530 540
528 540 539
530 532 541
530 541 540
542 532 534
542 541 532
520 536 543
518 520 543
518 543 544
516 518 544
516 544 545
514 516 545
514 545 546
512 514 546
512 546 547
510 512 547
548 546 545
548 547 546
510 547 549
508 510 549
548 550 547
550 549 547
508 549 551
506 508 551
550 552 549
552 551 549
506 551 553
504 506 553
552 554 551
553 551 554
504 553 555
502 504 555
553 554 556
555 553 556
502 555 557
500 502 557
555 556 558
558 557 555
500 557 559
497 500 559
558 560 557
560 559 557
497 559 561
497 561 499
560 562 559
562 561 559
563 560 558
562 560 563
564 563 558
564 558 556
565 564 556
565 556 554
554 566 565
554 552 566
567 562 563
562 568 561
567 568 562
499 561 568
552 569 566
570 566 569
552 550 569
570 569 571
572 568 567
499 568 572
572 567 573
550 574 569
574 571 569
574 575 571
550 548 574
576 499 572
576 572 573
576 496 499
576 573 577
578 575 574
574 548 578
578 579 575
580 496 576
577 580 576
580 491 496
580 577 581
581 491 580
577 582 581
581 489 491
582 583 581
583 489 581
583 582 584
583 488 489
578 548 585
548 545 585
583 584 586
586 584 587
583 588 488
583 586 588
490 488 588
578 585 589
578 589 579
590 579 589
545 591 585
591 589 585
545 544 591
590 589 592
591 592 589
593 590 592
544 594 591
594 592 591
544 543 594
586 595 588
490 588 595
593 592 596
596 592 594
597 594 543
597 543 536
598 596 594
596 598 593
598 594 597
599 597 536
597 599 598
599 536 537
598 600 593
598 599 600
600 601 593
602 599 537
600 599 602
602 537 538
603 601 600
603 600 602
603 604 601
538 605 602
603 602 605
538 539 605
606 604 603
606 603 605
607 604 606
608 604 607
609 608 607
539 610 605
606 605 610
539 540 610
606 610 611
540 611 610
606 611 607
540 541 611
612 611 541
611 612 607
612 541 542
613 609 607
613 614 609
612 615 607
542 615 612
615 613 607
542 616 615
616 613 615
534 616 542
617 614 613
616 617 613
617 618 614
534 619 616
619 617 616
535 619 534
620 618 617
619 620 617
620 621 618
535 622 619
620 619 622
623 622 535
621 620 624
620 622 624
621 624 625
623 626 622
624 622 626
625 624 627
624 626 627
628 626 623
628 623 629
626 630 627
626 628 630
629 631 628
629 632 631
628 633 630
628 631 633
627 630 634
625 627 635
627 634 635
625 635 636
636 635 634
637 634 630
637 630 633
633 638 637
637 639 634
636 634 639
625 636 640
641 625 640
638 642 637
637 642 639
643 636 639
640 636 643
641 640 644
644 645 641
646 639 642
643 639 646
640 643 647
644 640 647
644 648 645
648 649 645
646 650 643
650 647 643
646 651 650
650 652 647
644 647 653
652 653 647
653 648 644
651 646 654
646 642 654
651 654 655
648 656 649
656 657 649
656 658 657
657 658 659
659 658 660
652 661 653
662 661 652
653 663 648
663 656 648
661 663 653
662 664 661
665 664 662
663 666 656
666 658 656
661 667 663
667 666 663
667 661 664
665 668 664
669 668 665
667 670 666
670 658 666
667 664 671
670 667 671
668 671 664
669 672 668
673 672 669
674 658 670
670 671 674
668 675 671
672 675 668
675 674 671
673 676 672
676 673 677
678 658 674
658 678 660
675 679 674
678 674 679
672 680 675
680 679 675
676 680 672
676 677 681
681 677 682
678 683 660
683 684 660
678 679 685
680 685 679
678 685 683
676 686 680
686 685 680
686 676 681
681 682 687
688 687 682
683 689 684
689 690 684
683 685 691
686 691 685
683 691 689
686 681 692
691 686 692
692 681 687
688 693 687
693 688 694
689 691 695
691 692 695
692 687 696
693 696 687
695 692 696
693 694 697
698 697 694
699 689 695
699 690 689
695 696 700
700 699 695
693 701 696
700 696 701
697 701 693
698 702 697
703 702 698
699 700 704
700 701 704
697 705 701
702 705 697
705 704 701
706 690 699
699 704 706
690 706 707
706 704 707
690 707 708
703 709 702
710 709 703
705 711 704
704 711 707
708 707 712
711 712 707
708 712 713
702 714 705
714 711 705
709 714 702
710 715 709
716 715 710
717 713 712
717 718 713
711 719 712
714 719 711
717 712 719
709 720 714
715 720 709
721 719 714
717 719 721
721 714 720
717 722 718
722 717 721
722 723 718
716 724 715
724 716 725
715 726 720
721 720 726
724 726 715
722 727 723
728 723 727
728 727 729
730 722 721
721 726 730
730 727 722
724 725 731
731 725 732
724 733 726
730 726 733
731 733 724
734 727 730
734 729 727
730 733 734
731 732 735
735 732 736
731 737 733
734 733 737
735 737 731
738 729 734
734 737 738
738 739 729
735 736 740
740 736 741
735 742 737
742 738 737
740 742 735
739 738 743
742 743 738
739 743 744
740 741 745
746 745 741
740 747 742
747 743 742
745 747 740
744 743 748
747 748 743
744 748 749
746 750 745
750 746 751
745 752 747
748 747 752
750 752 745
749 748 753
748 752 753
750 751 754
755 754 751
750 756 752
753 752 756
754 756 750
757 749 753
753 756 757
758 749 757
757 756 759
754 759 756
758 757 760
757 759 760
754 761 759
761 760 759
762 758 760
761 762 760
762 763 758
764 763 762
764 762 761
764 765 763
754 766 761
755 766 754
764 761 767
766 767 761
755 768 766
766 768 767
755 769 768
765 764 770
770 764 767
769 771 768
769 772 771
768 773 767
770 767 773
768 771 773
770 774 765
774 770 773
765 774 775
776 771 772
776 772 777
771 778 773
774 773 778
771 776 778
775 774 779
779 774 778
779 780 775
781 778 776
779 778 781
779 782 780
782 783 780
784 776 777
781 776 784
779 781 785
779 785 782
782 786 783
787 783 786
788 785 781
788 781 784
782 785 789
782 789 786
788 789 785
787 786 790
790 791 787
786 789 792
786 792 790
790 793 791
793 794 791
793 795 794
790 796 793
795 793 796
790 792 796
795 796 797
798 797 796
798 796 799
799 796 792
800 798 799
792 789 801
788 801 789
799 792 802
792 801 802
800 799 803
802 803 799
801 804 802
802 804 803
805 800 803
805 803 804
805 806 800
788 807 801
801 807 804
808 806 805
808 809 806
805 804 810
807 810 804
788 811 807
811 788 784
812 805 810
812 808 805
807 813 810
811 813 807
813 812 810
814 809 808
814 815 809
811 784 816
784 777 816
811 817 813
817 811 816
777 818 816
817 816 818
777 819 818
808 812 820
820 814 808
813 821 812
817 821 813
821 820 812
822 818 819
822 819 823
824 817 818
817 824 821
824 818 822
821 825 820
824 825 821
826 824 822
824 826 825
825 827 820
820 827 814
825 828 827
826 828 825
826 822 829
829 822 830
827 831 814
828 831 827
826 832 828
829 832 826
831 833 814
833 815 814
833 834 815
828 835 831
832 835 828
834 833 836
834 836 837
831 838 833
835 838 831
838 839 833
839 836 833
835 840 838
840 839 838
832 841 835
841 840 835
829 842 832
842 841 832
837 836 843
837 843 844
845 842 829
829 830 845
846 844 843
846 847 844
848 847 846
848 849 847
850 849 848
851 845 830
851 830 852
845 853 842
845 851 854
845 854 853
853 855 842
842 855 841
854 856 853
853 856 855
854 857 856
855 858 841
841 858 840
857 859 856
857 860 859
861 855 856
855 861 858
861 856 859
858 862 840
840 862 839
863 859 860
863 860 864
865 863 864
861 866 858
858 866 862
859 867 861
859 863 867
861 867 866
862 868 839
839 868 836
865 869 863
870 869 865
871 867 863
871 863 869
872 866 867
872 867 871
866 873 862
862 873 868
866 872 873
868 874 836
873 874 868
836 874 843
870 875 869
875 870 876
877 871 869
877 869 875
872 878 873
873 878 874
871 879 872
871 877 879
872 879 878
843 874 880
880 874 878
881 878 879
880 878 881
882 843 880
882 880 881
846 843 882
883 879 877
881 879 883
875 884 877
883 877 884
882 881 885
885 881 883
846 882 886
885 886 882
885 883 887
887 883 884
875 888 884
875 876 888
889 846 886
889 848 846
885 890 886
887 890 885
890 889 886
887 884 891
891 884 888
876 892 888
891 888 892
876 893 892
892 893 894
887 895 890
895 887 891
890 896 889
895 896 890
897 891 892
895 891 897
892 894 898
897 892 898
897 899 895
895 899 896
896 900 889
848 889 900
896 901 900
899 901 896
897 902 899
898 902 897
898 894 903
903 894 904
848 900 905
901 905 900
899 906 901
902 906 899
898 907 902
898 903 907
904 908 903
904 909 908
910 848 905
850 848 910
850 910 911
850 911 912
911 913 912
902 914 906
914 902 907
915 908 909
915 909 916
911 917 913
917 918 913
917 919 918
920 918 919
920 919 921
922 920 921
922 921 923
923 924 922
923 925 924
925 926 924
925 927 926
927 928 926
927 929 928
929 930 928
931 927 925
932 929 927
927 931 932
933 925 923
931 925 934
934 925 933
935 931 934
494 932 931
494 931 935
492 932 494
477 494 935
492 936 932
932 936 929
493 936 492
935 934 937
937 934 933
477 935 938
938 935 937
938 472 477
929 936 939
493 939 936
938 940 472
940 941 472
938 937 942
940 938 942
937 933 943
942 937 943
929 939 944
929 944 930
945 939 493
490 945 493
490 595 945
930 944 946
930 946 947
948 944 939
945 948 939
948 946 944
949 948 945
949 945 595
946 948 949
947 946 950
946 949 950
947 950 951
952 951 950
953 949 595
586 953 595
586 587 953
954 953 587
953 955 949
954 955 953
955 950 949
955 954 956
952 950 957
955 957 950
955 956 957
957 958 952
957 956 958
959 960 941
959 941 961
940 961 941
961 940 962
940 942 962
962 942 963
942 943 963
961 962 964
961 965 959
961 964 965
964 962 966
962 963 966
965 964 967
964 966 967
965 967 968
968 967 969
968 969 970
971 967 966
971 969 967
966 963 972
966 972 971
963 943 973
963 973 972
974 970 969
974 975 970
976 975 974
969 971 977
969 977 974
971 972 978
971 978 977
976 974 979
980 976 979
981 974 977
981 979 974
980 979 982
982 983 980
972 973 984
972 984 978
985 977 978
985 981 977
986 979 981
986 982 979
978 984 987
978 987 985
981 985 988
981 988 986
985 987 989
985 989 988
982 990 983
982 986 991
982 991 990
992 986 988
992 991 986
983 990 993
983 993 994
993 995 994
996 990 991
996 993 990
997 988 989
997 992 988
998 991 992
998 996 991
999 992 997
999 998 992
993 1000 995
1001 993 996
1001 1000 993
1002 996 998
1002 1001 996
998 999 1003
998 1003 1002
1000 1004 995
1004 1005 995
1005 1004 1006
1005 1006 1007
1008 1007 1006
1008 1009 1007
1001 1002 1010
1000 1001 1011
1001 1010 1011
1002 1003 1012
1002 1012 1010
1000 1013 1004
1000 1011 1013
1014 1006 1004
1006 1015 1008
1006 1014 1015
1016 1004 1013
1014 1004 1016
1011 1010 1017
1018 1013 1011
1011 1017 1018
1010 1012 1019
1010 1019 1017
1020 1016 1013
1018 1020 1013
1021 1018 1017
1022 1020 1018
1021 1022 1018
1017 1019 1023
1017 1023 1021
1024 1016 1020
1022 1024 1020
1025 1014 1016
1024 1026 1016
1025 1016 1026
1026 1027 1025
1014 1025 1028
1028 1025 1027
1014 1028 1015
1024 1029 1026
1026 1029 1027
1022 1021 1030
1031 1024 1022
1022 1030 1031
1032 1021 1023
1032 1030 1021
1024 1033 1029
1031 1033 1024
1034 1029 1033
1031 1034 1033
1035 1031 1030
1031 1035 1034
1036 1027 1029
1034 1036 1029
1032 1037 1030
1035 1030 1037
1038 1032 1023
1032 1039 1037
1038 1039 1032
1038 1023 1040
1019 1040 1023
1019 1041 1040
1012 1041 1019
1012 1042 1041
1003 1042 1012
911 1040 1041
911 1041 1042
910 1040 911
910 1038 1040
910 905 1038
1038 905 1039
901 1039 905
906 1039 901
906 1037 1039
1037 906 914
1037 914 1035
1042 917 911
1003 1043 1042
1042 1043 917
999 1043 1003
1035 914 1044
1035 1044 1034
914 907 1044
917 1043 1045
999 1045 1043
1045 999 997
917 1045 919
1034 1044 1046
1044 907 1046
1034 1046 1036
907 903 1046
1045 997 1047
1045 1047 919
1047 997 989
919 1047 1048
1047 989 1048
987 1048 989
921 919 1048
987 1049 1048
1049 921 1048
984 1049 987
1050 921 1049
984 1050 1049
1050 923 921
973 1050 984
1051 923 1050
973 1051 1050
933 923 1051
943 1051 973
943 933 1051
1052 1053 1054
1052 1054 1055
1055 1056 1052
1055 1054 1057
1055 1058 1056
1058 1059 1056
1055 1057 1060
1060 1058 1055
1060 1057 1061
1058 1062 1059
1062 1063 1059
1060 1064 1058
1062 1058 1064
1060 1061 1065
1065 1064 1060
1065 1061 1066
1062 1067 1063
1067 1068 1063
1062 1064 1069
1067 1062 1069
1065 1070 1064
1070 1069 1064
1067 1071 1068
1071 1072 1068
1067 1069 1073
1073 1071 1067
1065 1066 1074
1074 1070 1065
1070 1075 1069
1075 1073 1069
1074 1076 1070
1075 1070 1076
1071 1077 1072
1073 1078 1071
1077 1071 1078
1075 1079 1073
1078 1073 1079
1075 1076 1080
1079 1075 1080
1081 1072 1077
1082 1072 1081
1083 1082 1081
1083 1081 1084
1084 1085 1083
1081 1077 1086
1086 1084 1081
1084 1087 1085
1088 1085 1087
1088 1087 1089
1090 1088 1089
1091 1087 1084
1091 1089 1087
1086 1092 1084
1091 1084 1092
1077 1093 1086
1092 1086 1093
1090 1089 1094
1095 1090 1094
1091 1096 1089
1096 1094 1089
1095 1094 1097
1097 1098 1095
1093 1077 1099
1077 1078 1099
1096 1100 1094
1100 1097 1094
1097 1101 1098
1101 632 1098
1102 1099 1078
1078 1079 1102
1100 1103 1097
1101 1097 1103
1101 1104 632
631 632 1104
1105 1102 1079
1079 1080 1105
1101 1103 1106
1106 1104 1101
631 1104 1107
1107 633 631
1106 1108 1104
1108 1107 1104
1107 1109 633
633 1109 638
1110 1109 1107
1108 1110 1107
1110 1111 1109
638 1109 1111
1112 1110 1108
1112 1111 1110
1106 1113 1108
1112 1108 1113
1103 1114 1106
1106 1114 1113
1103 1115 1114
1100 1115 1103
1100 1116 1115
1096 1116 1100
1114 1117 1113
1114 1118 1117
1115 1118 1114
1113 1117 1119
1113 1119 1112
1115 1120 1118
1116 1120 1115
1112 1119 1121
1116 1122 1120
1112 1121 1123
1123 1121 1124
1112 1123 1111
1125 1122 1116
1096 1125 1116
1125 1126 1122
1123 1124 1127
1111 1123 1127
1127 1124 1128
1096 1129 1125
1129 1126 1125
1096 1091 1129
1129 1130 1126
1131 1129 1091
1092 1131 1091
1132 1130 1129
1131 1132 1129
1132 1133 1130
1134 1133 1132
1131 1134 1132
1134 1135 1133
1092 1136 1131
1092 1093 1136
1131 1137 1134
1136 1137 1131
1138 1135 1134
1137 1138 1134
1138 1139 1135
1136 1093 1140
1093 1099 1140
1141 1139 1138
1141 1142 1139
1136 1140 1143
1136 1143 1137
1144 1140 1099
1144 1143 1140
1137 1145 1138
1145 1141 1138
1146 1137 1143
1144 1146 1143
1146 1145 1137
1147 1142 1141
1147 1148 1142
1144 1099 1149
1102 1149 1099
1150 1146 1144
1150 1144 1149
1151 1145 1146
1150 1151 1146
1145 1152 1141
1152 1147 1141
1151 1152 1145
1153 1148 1147
1153 1154 1148
1153 1155 1154
1151 1150 1156
1149 1156 1150
1149 1102 1157
1105 1157 1102
1152 1158 1147
1158 1153 1147
1152 1151 1159
1151 1156 1159
1152 1159 1158
1149 1160 1156
1149 1157 1160
1153 1161 1155
1158 1162 1153
1162 1161 1153
1163 1155 1161
1163 1164 1155
1162 1165 1161
1165 1163 1161
1166 1164 1163
1166 1167 1164
1168 1167 1166
1168 1169 1167
1170 1169 1168
1170 1171 1169
1172 1171 1170
1172 1173 1171
1174 1173 1172
1174 1175 1173
1176 1175 1174
1176 1177 1175
1178 1177 1176
1178 1179 1177
1180 1179 1178
1180 1181 1179
1182 1178 1176
1182 1180 1178
1183 1176 1174
1182 1176 1183
1184 1174 1172
1183 1174 1184
1185 1172 1170
1184 1172 1185
1186 1181 1180
1186 1187 1181
1188 1187 1186
1188 1189 1187
1190 1186 1180
1190 1188 1186
1191 1189 1188
1191 1192 1189
1185 1170 1193
1193 1170 1168
1190 1180 1194
1182 1194 1180
1195 1191 1188
1190 1195 1188
1196 1192 1191
1196 1197 1192
1193 1168 1198
1198 1168 1166
1195 1199 1191
1199 1196 1191
1200 1197 1196
1200 1201 1197
1198 1166 1202
1202 1166 1163
1202 1163 1203
1165 1203 1163
1204 1198 1202
1203 1204 1202
1203 1165 1205
1205 1165 1162
1199 1206 1196
1206 1200 1196
1207 1201 1200
1207 1208 1201
1204 1209 1198
1198 1209 1193
1203 1205 1210
1203 1210 1204
1204 1210 1211
1205 1211 1210
1205 1162 1212
1162 1158 1212
1213 1209 1204
1204 1211 1213
1214 1193 1209
1213 1214 1209
1215 1205 1212
1205 1215 1211
1216 1212 1158
1215 1212 1216
1216 1158 1159
1217 1216 1159
1217 1215 1216
1217 1159 1156
1214 1218 1193
1185 1193 1218
1219 1214 1213
1219 1218 1214
1185 1218 1220
1220 1184 1185
1211 1215 1221
1217 1221 1215
1156 1222 1217
1156 1160 1222
1211 1223 1213
1219 1213 1223
1220 1218 1224
1219 1224 1218
1220 1225 1184
1225 1183 1184
1211 1221 1226
1211 1226 1223
1221 1227 1226
1223 1226 1227
1228 1219 1223
1223 1227 1228
1228 1229 1219
1224 1219 1229
1220 1224 1230
1230 1225 1220
1221 1231 1227
1231 1221 1217
1231 1217 1222
1227 1232 1228
1228 1232 1229
1227 1231 1233
1231 1222 1233
1227 1234 1232
1227 1233 1234
1235 1230 1224
1230 1236 1225
1230 1235 1236
1224 1229 1237
1235 1224 1237
1236 1238 1225
1225 1238 1183
1239 1183 1238
1239 1182 1183
1236 1240 1238
1239 1238 1240
1241 1182 1239
1241 1194 1182
1236 1242 1240
1236 1235 1242
1239 1240 1243
1241 1239 1243
1243 1240 1242
1241 1243 1244
1194 1241 1245
1244 1245 1241
1246 1244 1243
1243 1242 1246
1244 1247 1245
1247 1244 1246
1248 1242 1235
1246 1242 1249
1248 1249 1242
1235 1250 1248
1235 1237 1250
1194 1245 1251
1194 1251 1252
1194 1252 1190
1190 1252 1253
1190 1253 1195
1195 1253 1254
1195 1254 1199
1255 1199 1254
1255 1206 1199
1245 1256 1251
1245 1257 1256
1258 1251 1256
1258 1252 1251
1259 1252 1258
1259 1253 1252
1260 1253 1259
1260 1254 1253
1254 1260 1261
1254 1261 1255
1257 1245 1247
1257 1247 1262
1262 1247 1263
1255 1261 655
1247 1246 1263
1255 655 1264
1206 1255 1264
654 1264 655
1265 1263 1246
1265 1266 1263
1246 1249 1265
1206 1264 1267
1206 1267 1200
1267 1207 1200
654 1268 1264
1267 1264 1268
642 1268 654
1269 1266 1265
1269 1270 1266
1271 1265 1249
1271 1269 1265
1267 1268 1272
1267 1272 1207
642 1273 1268
1272 1268 1273
638 1273 642
1272 1273 1274
1274 1207 1272
638 1274 1273
1275 1270 1269
1275 1276 1270
1249 1277 1271
1249 1248 1277
1269 1271 1278
1269 1278 1275
1279 1276 1275
1279 1280 1276
1274 1281 1207
1281 1208 1207
1281 1128 1208
1127 1128 1281
1127 1281 1274
1127 1274 1282
1111 1127 1282
638 1282 1274
638 1111 1282
1283 1278 1271
1283 1271 1277
1284 1280 1279
1284 1285 1280
1285 1284 1286
1285 1286 1287
1284 1288 1286
1284 1289 1288
1289 1284 1279
1289 1290 1288
1289 1279 1291
1275 1291 1279
1275 1278 1291
1289 1292 1290
1292 1289 1291
1292 1293 1290
1294 1291 1278
1292 1291 1294
1294 1278 1283
1295 1292 1294
1292 1295 1293
1283 1296 1294
1295 1294 1296
1283 1297 1296
1277 1297 1283
1277 1298 1297
1298 1277 1248
1298 1248 1250
1295 1299 1293
1295 1300 1299
1300 1295 1296
1300 1301 1299
1302 1296 1297
1300 1296 1302
1303 1297 1298
1302 1297 1303
1250 1304 1298
1303 1298 1304
1300 1305 1301
1302 1305 1300
1306 1302 1303
1302 1306 1305
1250 1307 1304
1307 1250 1237
1304 1308 1303
1306 1303 1308
1301 1305 1309
1309 916 1301
1307 1310 1304
1304 1310 1308
1307 1237 1311
1311 1237 1229
1307 1312 1310
1312 1307 1311
1313 1308 1310
1313 1310 1312
1306 1308 1314
1313 1314 1308
1305 1306 1315
1306 1314 1315
1316 1309 1305
1305 1315 1316
1311 1229 1317
1232 1317 1229
1317 1232 1318
1234 1318 1232
1311 1317 1319
1319 1317 1318
1312 1311 1320
1320 1311 1319
1315 1314 1321
1321 1314 1313
1313 1312 1322
1322 1312 1320
1321 1313 1323
1322 1323 1313
1321 1323 1324
1322 1325 1323
1324 1323 1325
1322 1320 1326
1325 1322 1326
1320 1319 1327
1326 1320 1327
1327 1319 1328
1319 1318 1328
1326 1327 1329
1327 1328 1329
1325 1326 1330
1330 1326 1329
1330 1331 1325
1331 1330 1329
1324 1325 1332
1331 1332 1325
1324 1332 1333
1331 1333 1332
1328 1318 1334
1335 1329 1328
1334 1335 1328
1336 1331 1329
1329 1335 1336
1336 1337 1331
1337 1336 1335
1338 1333 1331
1337 1338 1331
1318 1339 1334
1234 1339 1318
1234 1340 1339
1334 1339 1340
1234 1233 1340
1334 1341 1335
1341 1337 1335
1341 1334 1340
1338 1337 1342
1333 1338 1342
1340 1233 1343
1222 1343 1233
1344 1337 1341
1342 1337 1344
1341 1340 1345
1345 1340 1343
1344 1341 1345
1346 1343 1222
1345 1343 1346
1346 1222 1160
1347 1344 1345
1342 1344 1347
1347 1345 1346
1333 1342 1348
1348 1342 1347
1349 1346 1160
1349 1160 1157
1350 1347 1346
1348 1347 1350
1350 1346 1349
1348 1351 1333
1324 1333 1351
1157 1352 1349
1157 1105 1352
1349 1353 1350
1349 1352 1353
1354 1348 1350
1348 1354 1351
1354 1350 1353
1355 1324 1351
1355 1351 1354
1356 1352 1105
1356 1105 1080
1352 1357 1353
1354 1353 1357
1352 1356 1357
1358 1356 1080
1358 1080 1076
1354 1357 1359
1355 1354 1359
1360 1357 1356
1360 1359 1357
1360 1356 1358
1361 1358 1076
1361 1076 1074
1360 1362 1359
1355 1359 1362
1358 1363 1360
1358 1361 1363
1363 1362 1360
1074 1364 1361
1074 1066 1364
1361 1364 1365
1361 1365 1363
1365 1366 1363
1366 1365 1009
1363 1367 1362
1367 1363 1366
1368 1355 1362
1362 1367 1369
1362 1369 1368
1355 1368 1370
1355 1370 1324
1321 1324 1370
1321 1370 1371
1371 1315 1321
1368 1372 1370
1370 1372 1371
1373 1372 1368
1373 1371 1372
1373 1368 1369
1315 1371 1374
1373 1374 1371
1315 1374 1316
1369 1375 1373
1374 1373 1375
1376 1369 1367
1369 1376 1375
1377 1316 1374
1374 1375 1377
1376 1367 1378
1367 1366 1378
1378 1366 1008
1366 1009 1008
1378 1008 1015
1376 1378 1015
1376 1015 1028
1376 1379 1375
1376 1028 1379
1377 1375 1379
1028 1027 1379
1380 1379 1027
1377 1379 1380
1377 1381 1316
1316 1381 1309
1377 1382 1381
1377 1380 1382
1381 915 1309
1381 1382 915
1309 915 916
908 915 1382
908 1382 1383
1383 1382 1380
1383 903 908
1383 1046 903
1380 1027 1384
1383 1380 1384
1384 1046 1383
1036 1384 1027
1384 1036 1046
916 1385 1386
916 1386 1387
1388 916 1387
1388 1387 1389
1390 1388 1389
1385 1391 1386
1385 1392 1391
1392 1393 1391
1392 1394 1393
1391 1395 1386
1395 1391 1393
1395 1393 1396
1397 1396 1393
1394 1398 1393
1397 1393 1398
1394 1399 1398
1400 1397 1398
1401 1398 1399
1400 1398 1402
1401 1402 1398
1403 1400 1402
1404 1402 1401
1403 1402 1404
1404 1401 1405
1406 1403 1404
1407 1404 1405
1406 1404 1407
1407 1405 1408
1409 1406 1407
1410 1407 1408
1409 1407 1410
1410 1408 1411
1412 1409 1410
1411 1413 1410
1412 1410 1413
1411 1414 1413
1415 1413 1414
1415 1414 1416
1417 1412 1413
1417 1413 1415
1416 1418 1415
1416 1419 1418
1418 1419 851
1420 1415 1418
1420 1417 1415
1418 851 1421
1420 1418 1421
1422 1421 851
1422 1423 1421
1423 1424 1421
1420 1421 1424
1423 1425 1424
1420 1424 1426
1426 1424 1425
1417 1420 1427
1420 1426 1427
1412 1417 1428
1417 1427 1428
1426 1425 1429
1430 1429 1425
1430 1431 1429
1431 1430 1432
1431 1432 1433
1434 1433 1432
1434 1432 1435
1426 1429 1436
1427 1426 1436
1429 1437 1436
1438 1434 1435
1439 1438 1435
1438 1440 1434
1438 1439 1441
1439 1442 1441
1440 1438 1443
1438 1441 1443
1440 1443 1444
1445 1444 1443
1441 1445 1443
1445 1446 1444
1442 1447 1441
1441 1447 1445
1442 1448 1447
1448 1449 1447
1449 1445 1447
1448 1450 1449
1449 1451 1445
1451 1446 1445
1450 1452 1449
1451 1449 1452
1450 1453 1452
1453 1454 1452
1453 1455 1454
1455 1456 1454
1455 1457 1456
1457 1458 1456
1457 1459 1458
1459 1460 1458
1459 1293 1460
1293 1461 1460
1293 1390 1461
1390 1389 1461
1452 1454 1462
1454 1456 1463
1454 1463 1462
1456 1458 1464
1456 1464 1463
1458 1460 1465
1458 1465 1464
1466 1460 1461
1466 1465 1460
1467 1461 1389
1467 1466 1461
1452 1462 1468
1451 1452 1468
1389 1469 1467
1389 1387 1469
1386 1469 1387
1470 1463 1464
1471 1464 1465
1471 1470 1464
1472 1465 1466
1472 1471 1465
1462 1463 1473
1470 1473 1463
1474 1468 1462
1462 1473 1474
1475 1466 1467
1475 1472 1466
1474 1476 1468
1451 1468 1476
1477 1474 1473
1477 1476 1474
1477 1473 1478
1470 1478 1473
1470 1479 1478
1480 1479 1470
1480 1470 1471
1471 1481 1480
1471 1472 1481
1482 1481 1472
1482 1472 1475
1477 1483 1476
1475 1484 1482
1485 1476 1483
1475 1486 1484
1486 1475 1467
1484 1486 1487
1486 1467 1469
1487 1486 1469
1485 1488 1476
1451 1476 1488
1488 1485 1489
1451 1488 1446
1446 1488 1489
1487 1469 1490
1386 1490 1469
1491 1487 1490
1491 1490 1386
1491 1386 1492
1491 1493 1487
1491 1492 1494
1493 1491 1495
1491 1494 1495
1493 1495 1496
1495 1497 1496
1494 1498 1495
1495 1498 1497
1494 1499 1498
1498 1500 1497
1499 1501 1498
1498 1501 1500
1499 1502 1501
1501 1503 1500
1502 1504 1501
1501 1504 1503
1502 1505 1504
1504 1506 1503
1505 1507 1504
1504 1507 1506
1505 1508 1507
1507 1509 1506
1510 1507 1508
1507 1510 1509
1510 1508 1511
1512 1509 1510
1511 1512 1510
1511 1412 1512
1512 1513 1509
1412 1428 1512
1428 1513 1512
1428 1514 1513
1428 1515 1514
1428 1427 1515
1436 1515 1427
1436 1516 1515
1516 1436 1517
1437 1517 1436
1516 1517 1518
1437 1519 1517
1520 1518 1517
1520 1517 1519
1520 1519 1521
1520 1522 1518
1523 1520 1521
1522 1520 1523
1524 1523 1521
1525 1522 1523
1524 1525 1523
1525 1526 1522
1525 1524 1527
1528 1526 1525
1525 1527 1529
1528 1525 1529
1446 1529 1527
1529 1530 1528
1446 1531 1529
1529 1531 1530
1446 1489 1531
1489 1530 1531
1532 1533 1534
1532 1534 1535
1535 1536 1532
1537 1535 1534
1535 1538 1536
1538 1539 1536
1540 1535 1537
1540 1538 1535
1540 1537 1541
1538 1542 1539
1540 1542 1538
1542 1543 1539
1540 1543 1542
1539 1543 1544
1545 1544 1543
1540 1541 1546
1543 1540 1546
1546 1541 1547
1545 1543 1548
1543 1546 1548
1546 1547 1549
1548 1546 1549
1550 1545 1548
1548 1549 1550
1550 1551 1545
1552 1551 1550
1552 1550 1553
1553 1550 1549
1549 1547 1554
1547 1555 1554
1556 1552 1553
1556 1557 1552
1556 1558 1557
1553 1549 1559
1553 1559 1556
1549 1554 1559
1560 1556 1559
1556 1560 1558
1560 1559 1554
1555 1561 1554
1560 1554 1561
1561 1555 1562
1560 1563 1558
1560 1561 1563
1561 1562 1563
1564 1558 1563
1562 1564 1563
1565 1566 1567
1565 1567 1568
1569 1565 1568
1568 1567 1570
1569 1568 1571
1572 1569 1571
1568 1570 1573
1571 1568 1573
1573 1570 1574
1572 1571 1575
1576 1572 1575
1573 1574 1577
1577 1574 1578
1571 1573 1579
1571 1579 1575
1579 1573 1577
1577 1578 1580
1580 1578 1581
1579 1577 1582
1575 1579 1582
1582 1577 1580
1580 1581 1583
1583 1581 1584
1582 1580 1585
1585 1580 1583
1575 1582 1586
1582 1585 1586
1576 1575 1587
1587 1575 1586
1583 1584 1588
1588 1584 1589
1585 1583 1590
1586 1585 1590
1590 1583 1588
1588 1589 1591
1591 1589 1592
1590 1588 1593
1593 1588 1591
1593 1591 1594
1591 1592 1595
1595 1594 1591
1595 1592 1596
1590 1593 1597
1586 1590 1597
1593 1594 1597
1587 1586 1598
1598 1586 1597
1595 1596 1599
1595 1600 1594
1600 1595 1599
1601 1599 1596
1601 1596 1602
1603 1601 1602
1603 1602 1604
1605 1603 1604
1605 1604 1606
1607 1605 1606
1607 1606 1608
1609 1607 1608
1609 1608 1610
1611 1609 1610
1611 1610 1612
1613 1611 1612
1613 1612 1614
1611 1613 1615
1611 1615 1616
1609 1611 1616
1617 1616 1615
1607 1609 1618
1609 1616 1618
1617 1619 1616
1618 1616 1619
1620 1619 1617
1607 1618 1621
1619 1621 1618
1605 1607 1621
1605 1621 1622
1603 1605 1622
1619 1623 1621
1622 1621 1623
1603 1622 1624
1623 1624 1622
1601 1603 1624
1620 1625 1619
1623 1619 1625
1601 1624 1626
1599 1601 1626
1623 1627 1624
1626 1624 1627
1599 1626 1628
1627 1628 1626
1600 1599 1628
1628 1629 1600
1629 1594 1600
1620 1630 1625
1620 375 1630
1631 1630 375
1623 1625 1632
1627 1623 1632
1627 1633 1628
1628 1633 1629
1631 1634 1630
1634 1631 384
1625 1630 1635
1625 1635 1632
1634 1635 1630
1627 1632 1636
1633 1627 1636
1634 384 1637
1576 1637 384
1576 1587 1637
1638 1632 1635
1638 1636 1632
1633 1636 1639
1629 1633 1639
1638 1639 1636
1634 1640 1635
1640 1634 1637
1640 1638 1635
1641 1637 1587
1640 1637 1641
1641 1587 1598
1640 1642 1638
1642 1640 1641
1638 1643 1639
1642 1643 1638
1629 1639 1644
1643 1644 1639
1645 1641 1598
1598 1597 1645
1642 1641 1646
1645 1646 1641
1642 1647 1643
1646 1647 1642
1648 1643 1647
1643 1648 1644
1646 1649 1647
1649 1648 1647
1645 1649 1646
1648 1649 1650
1648 1650 1644
1645 1650 1649
1651 1629 1644
1651 1644 1650
1629 1651 1594
1652 1645 1597
1650 1645 1652
1651 1650 1652
1594 1651 1652
1594 1652 1597
1653 1654 1655
1653 1656 1654
1656 1653 1657
1656 1657 1658
1658 1657 1659
1658 1659 1660
1660 1659 1661
1660 1661 1662
1663 1662 1661
1663 1664 1662
1665 1664 1663
1665 1666 1664
1666 1665 1667
1666 1667 1668
1667 1669 1668
1670 1669 1667
1671 1669 1672
1669 1671 1673
1671 1674 1673
1671 1675 1674
1676 1674 1675
1676 1677 1674
1676 1678 1677
1676 1679 1678
1680 1678 1679
1680 1679 1681
1682 1680 1681
1682 1681 1683
1684 1682 1683
1684 1683 1685
1685 1686 1684
1685 1687 1686
1688 1689 1690
1688 1690 1691
1691 1690 1692
1691 1692 1693
1693 1692 1694
1693 1694 1695
1695 1694 1696
1695 1696 1697
1697 1696 1698
1697 1698 1699
1699 1698 1700
1699 1700 1701
1701 1700 1702
1701 1702 1703
1702 1704 1703
1705 1706 1707
1708 1707 1706
1708 1706 1709
1710 1708 1709
1710 1709 1711
1712 1710 1711
1712 1711 1713
1714 1712 1713
1714 1713 1715
1716 1714 1715
1716 1715 1717
1718 1716 1717
1718 1717 1719
1720 1718 1719
1720 1719 1721
1722 1723 1724
1724 1725 1722
1726 1727 1728
1726 1728 1729
1729 1728 1730
1731 1726 1729
1731 1732 1726
1729 1730 1733
1733 1730 1734
1735 1731 1729
1735 1729 1733
1733 1734 1736
1736 1734 1737
1736 1737 1738
1739 1736 1738
1733 1736 1740
1739 1740 1736
1733 1740 1735
1741 1740 1739
1741 1742 1740
1742 1735 1740
1742 1743 1735
1731 1735 1743
1731 1743 1744
1732 1731 1744
1732 1744 1745
1746 1732 1745
1746 1747 1732
1748 1747 1746
1748 1749 1747
1750 1749 1748
1750 1751 1749
1751 1750 1752
1751 1752 1753
1754 1755 1756
1754 1757 1755
1758 1757 1754
1758 1759 1757
1760 1759 1758
1760 1761 1759
1762 1761 1760
1762 1763 1761
1764 1763 1762
1764 1765 1763
1765 1764 1766
1765 1766 1767
1768 1765 1767
1769 1755 1757
1770 1757 1759
1769 1757 1770
1761 1771 1759
1770 1759 1771
1772 1761 1763
1761 1772 1771
1765 1773 1763
1772 1763 1773
1768 1774 1765
1765 1774 1773
1755 1769 1775
1755 1775 1776
1777 1774 1768
1777 1768 1778
1779 1776 1775
1779 1780 1776
1781 1777 1778
1781 1778 1782
1783 1781 1782
1784 1780 1779
1784 1785 1780
1783 1786 1781
1786 1783 1787
1785 1784 1788
1785 1788 1789
1789 1788 1790
1788 1791 1790
1788 1792 1791
1792 1788 1784
1792 1784 1793
1793 1784 1779
1793 1779 1794
1794 1779 1775
1794 1775 1795
1795 1775 1769
1795 1769 1796
1770 1796 1769
1770 1797 1796
1771 1797 1770
1771 1798 1797
1772 1798 1771
1772 1799 1798
1773 1799 1772
1773 1800 1799
1774 1800 1773
1774 1801 1800
1777 1801 1774
1777 1802 1801
1802 1777 1781
1802 1781 1803
1786 1803 1781
1786 1804 1803
1804 1786 1805
1804 1805 1806
1786 1787 1805
1807 1806 1805
1787 1807 1805
1787 1808 1807
1807 1809 1806
1807 1808 1810
1809 1807 1811
1807 1810 1811
1809 1811 1812
1811 1810 1813
1814 1812 1811
1815 1811 1813
1814 1811 1815
1816 1815 1813
1817 1814 1815
1815 1816 1818
1817 1815 1819
1815 1818 1819
1820 1821 1822
1823 1822 1821
1820 1824 1821
1825 1824 1820
1825 1826 1824
1827 1826 1825
1823 1821 1828
1829 1823 1828
1830 1821 1824
1826 1830 1824
1827 1831 1826
1832 1831 1827
1829 1828 1833
1834 1829 1833
1828 1821 1835
1830 1835 1821
1826 1836 1830
1831 1836 1826
1832 1837 1831
1838 1837 1832
1834 1833 1839
1840 1834 1839
1833 1828 1841
1828 1835 1841
1842 1835 1830
1836 1842 1830
1831 1843 1836
1837 1843 1831
1838 1844 1837
1845 1844 1838
1840 1839 1846
1847 1840 1846
1848 1841 1835
1842 1848 1835
1836 1849 1842
1843 1849 1836
1837 1850 1843
1844 1850 1837
1845 1851 1844
1852 1851 1845
1847 1846 1853
1854 1847 1853
1843 1855 1849
1850 1855 1843
1844 1856 1850
1851 1856 1844
1852 1857 1851
1858 1857 1852
1854 1853 1859
1860 1854 1859
1850 1861 1855
1856 1861 1850
1851 1862 1856
1857 1862 1851
1858 1863 1857
1864 1863 1858
1860 1859 1865
1865 1866 1860
1856 1867 1861
1862 1867 1856
1857 1868 1862
1863 1868 1857
1864 1869 1863
1870 1869 1864
1862 1871 1867
1868 1871 1862
1863 1872 1868
1869 1872 1863
1870 1873 1869
1874 1873 1870
1868 1875 1871
1872 1875 1868
1869 1876 1872
1873 1876 1869
1874 1877 1873
1878 1877 1874
1872 1879 1875
1876 1879 1872
1873 1880 1876
1877 1880 1873
1878 1881 1877
1882 1881 1878
1876 1883 1879
1880 1883 1876
1877 1884 1880
1881 1884 1877
1882 1885 1881
1886 1885 1882
1880 1887 1883
1884 1887 1880
1881 1888 1884
1885 1888 1881
1886 1889 1885
1890 1889 1886
1884 1891 1887
1888 1891 1884
1885 1892 1888
1889 1892 1885
1890 1893 1889
1894 1893 1890
1888 1895 1891
1892 1895 1888
1887 1891 1896
1896 1891 1895
1883 1887 1897
1887 1896 1897
1889 1898 1892
1893 1898 1889
1892 1899 1895
1898 1899 1892
1883 1897 1900
1879 1883 1900
1901 1897 1896
1897 1901 1900
1902 1900 1901
1879 1900 1903
1902 1903 1900
1875 1879 1903
1875 1903 1904
1903 1902 1904
1871 1875 1904
1871 1904 1905
1905 1904 1902
1867 1871 1905
1867 1905 1906
1861 1867 1906
1905 1902 1907
1906 1905 1907
1901 1896 1908
1901 1909 1902
1909 1901 1908
1910 1907 1902
1910 1902 1909
1911 1908 1896
1896 1895 1911
1911 1895 1899
1911 1899 1912
1908 1911 1912
1912 1899 1913
1898 1913 1899
1914 1913 1898
1893 1914 1898
1915 1914 1893
1894 1915 1893
1916 1915 1894
1916 1894 1917
1909 1908 1918
1908 1912 1919
1918 1908 1919
1918 1920 1909
1909 1920 1910
1921 1920 1918
1918 1919 1921
1910 1920 1922
1922 1907 1910
1919 1912 1923
1912 1913 1923
1924 1921 1919
1919 1923 1924
1923 1913 1925
1914 1925 1913
1926 1920 1921
1924 1926 1921
1922 1927 1907
1906 1907 1927
1928 1924 1923
1923 1925 1928
1929 1925 1914
1915 1929 1914
1928 1925 1930
1929 1930 1925
1931 1929 1915
1931 1930 1929
1931 1915 1916
1924 1928 1932
1928 1930 1932
1906 1927 1933
1861 1906 1933
1934 1861 1933
1934 1933 1927
1934 1855 1861
1934 1927 1935
1927 1922 1935
1936 1855 1934
1934 1935 1936
1936 1849 1855
1937 1849 1936
1937 1936 1935
1937 1842 1849
1938 1935 1922
1937 1935 1938
1939 1842 1937
1937 1938 1939
1939 1848 1842
1940 1848 1939
1848 1940 1841
1938 1922 1941
1922 1920 1941
1942 1939 1938
1940 1939 1942
1940 1943 1841
1833 1841 1943
1839 1833 1943
1944 1938 1941
1942 1938 1944
1940 1945 1943
1945 1940 1942
1839 1943 1946
1945 1946 1943
1846 1839 1946
1945 1942 1947
1942 1944 1947
1846 1946 1948
1853 1846 1948
1945 1949 1946
1947 1949 1945
1949 1948 1946
1853 1948 1950
1859 1853 1950
1947 1951 1949
1944 1951 1947
1949 1952 1948
1952 1950 1948
1951 1952 1949
1859 1950 1953
1865 1859 1953
1952 1954 1950
1954 1953 1950
1951 1955 1952
1954 1952 1955
1944 1956 1951
1956 1955 1951
1954 1955 1957
1957 1955 1956
1954 1958 1953
1958 1954 1957
1865 1953 1959
1958 1959 1953
1956 1944 1960
1944 1941 1960
1941 1920 1960
1956 1960 1961
1960 1920 1961
1957 1956 1962
1956 1961 1962
1958 1957 1963
1957 1962 1963
1961 1920 1964
1964 1962 1961
1965 1958 1963
1958 1965 1959
1959 1966 1865
1865 1966 1866
1964 1920 1967
1967 1920 1926
1968 1963 1962
1965 1963 1968
1964 1969 1962
1967 1969 1964
1968 1962 1969
1965 1970 1959
1959 1970 1966
1971 1866 1966
1970 1971 1966
1917 1866 1971
1972 1965 1968
1965 1972 1970
1970 1973 1971
1972 1973 1970
1917 1971 1974
1974 1971 1973
1967 1975 1969
1926 1975 1967
1968 1969 1976
1972 1968 1976
1976 1969 1977
1977 1972 1976
1975 1977 1969
1972 1978 1973
1977 1978 1972
1978 1979 1973
1974 1973 1979
1980 1917 1974
1917 1980 1916
1981 1980 1974
1981 1916 1980
1981 1974 1979
1982 1981 1979
1981 1931 1916
1982 1931 1981
1978 1983 1979
1983 1978 1977
1982 1979 1983
1983 1977 1984
1975 1984 1977
1982 1983 1984
1985 1984 1975
1926 1985 1975
1982 1986 1931
1931 1986 1930
1932 1930 1986
1982 1984 1987
1985 1987 1984
1988 1986 1982
1988 1982 1987
1932 1986 1988
1987 1985 1988
1985 1926 1989
1989 1988 1985
1989 1932 1988
1924 1989 1926
1924 1932 1989
1990 1991 1992
1993 1992 1991
1990 1992 1994
1995 1990 1994
1995 1994 1996
1997 1995 1996
1993 1998 1992
1999 1998 1993
2000 1994 1992
1996 1994 2000
1997 1996 2001
2002 1997 2001
1999 2003 1998
2004 2003 1999
1998 2005 1992
2000 1992 2005
1996 2000 2006
2001 1996 2006
2002 2001 2007
2008 2002 2007
2004 2009 2003
2010 2009 2004
2003 2011 1998
1998 2011 2005
2012 2000 2005
2006 2000 2012
2001 2006 2013
2007 2001 2013
2008 2007 2014
2014 2007 2015
2007 2013 2015
2013 2006 2016
2006 2012 2016
2009 2017 2003
2003 2017 2011
2018 2005 2011
2012 2005 2018
2018 2011 2019
2019 2011 2017
2020 2012 2018
2019 2020 2018
2014 2015 2021
2022 2014 2021
2015 2013 2023
2013 2016 2023
2024 2016 2012
2020 2024 2012
2021 2015 2025
2015 2023 2025
2026 2023 2016
2024 2026 2016
2026 2027 2023
2027 2025 2023
2024 2028 2026
2027 2026 2028
2024 2020 2029
2024 2029 2028
2030 2029 2020
2019 2030 2020
2031 2030 2019
2019 2017 2031
2031 2017 2032
2009 2032 2017
2033 2032 2009
2010 2033 2009
2034 2033 2010
2034 2035 2033
2036 2035 2034
2033 2037 2032
2035 2037 2033
2031 2032 2038
2038 2032 2037
2031 2039 2030
2039 2031 2038
2036 2040 2035
2041 2040 2036
2035 2042 2037
2040 2042 2035
2030 2039 2043
2030 2043 2029
2039 2038 2044
2043 2039 2044
2038 2037 2045
2045 2037 2042
2044 2038 2045
2041 2046 2040
2046 2041 2047
2040 2048 2042
2046 2048 2040
2045 2042 2049
2049 2042 2048
2044 2045 2050
2049 2050 2045
2051 2044 2050
2043 2044 2051
2049 2052 2050
2052 2051 2050
2049 2048 2053
2053 2052 2049
2046 2054 2048
2053 2048 2054
2046 2047 2055
2054 2046 2055
2056 2055 2047
2057 2056 2047
2054 2055 2058
2058 2055 2056
2053 2054 2059
2059 2054 2058
2053 2060 2052
2059 2060 2053
2052 2060 2061
2052 2061 2051
2059 2062 2060
2062 2061 2060
2059 2058 2063
2063 2062 2059
2058 2056 2064
2063 2058 2064
2057 2065 2056
2065 2064 2056
2051 2061 2066
2051 2066 2067
2051 2067 2043
2043 2067 2068
2043 2068 2029
2067 2066 2069
2068 2067 2069
2066 2070 2069
2070 2066 2061
2071 2068 2069
2029 2068 2071
2029 2071 2028
2070 2061 2072
2062 2072 2061
2070 2073 2069
2073 2070 2072
2074 2028 2071
2027 2028 2074
2062 2075 2072
2063 2075 2062
2075 2076 2072
2076 2075 2063
2073 2072 2077
2077 2072 2076
2073 2078 2069
2078 2073 2077
2027 2074 2079
2027 2079 2025
2080 2079 2074
2025 2079 2080
2071 2081 2074
2080 2074 2081
2025 2080 2082
2021 2025 2082
2076 2063 2083
2063 2064 2083
2083 2064 2084
2065 2084 2064
2085 2076 2083
2083 2084 2085
2086 2085 2084
2085 2087 2076
2086 2087 2085
2077 2076 2087
2088 2084 2065
2086 2084 2088
2089 2077 2087
2078 2077 2089
2090 2021 2082
2022 2021 2090
2088 2065 2091
2091 2065 2057
2057 2092 2091
2088 2091 2092
2092 2057 2093
2088 2092 2094
2086 2088 2094
2092 2093 2095
2094 2092 2095
2093 2096 2095
2093 2097 2096
2097 2098 2096
2097 2099 2098
2099 2100 2098
2099 2101 2100
2101 2102 2100
2101 2103 2102
2103 2104 2102
2103 2105 2104
2105 2106 2104
2105 2107 2106
2107 2108 2106
2107 2109 2108
2109 2110 2108
2109 2111 2110
2111 2112 2110
2111 2113 2112
2113 2022 2112
2113 2114 2022
2114 2115 2022
2114 2008 2115
2112 2022 2090
2110 2112 2116
2112 2090 2116
2108 2110 2117
2110 2116 2117
2106 2108 2118
2108 2117 2118
2116 2090 2119
2090 2082 2119
2117 2116 2120
2116 2119 2120
2082 2121 2119
2082 2080 2121
2080 2081 2121
2121 2081 2122
2119 2121 2123
2119 2123 2120
2121 2122 2123
2117 2120 2124
2118 2117 2124
2120 2123 2125
2125 2123 2122
2120 2125 2124
2106 2118 2126
2104 2106 2126
2124 2125 2127
2122 2127 2125
2118 2124 2128
2126 2118 2128
2124 2127 2128
2104 2126 2129
2102 2104 2129
2126 2128 2130
2129 2126 2130
2128 2127 2131
2128 2131 2130
2102 2129 2132
2100 2102 2132
2131 2127 2133
2122 2133 2127
2130 2131 2134
2133 2134 2131
2129 2130 2135
2132 2129 2135
2130 2134 2135
2100 2132 2136
2098 2100 2136
2132 2135 2137
2134 2137 2135
2136 2132 2137
2098 2136 2138
2096 2098 2138
2136 2137 2139
2138 2136 2139
2134 2140 2137
2140 2139 2137
2133 2141 2134
2140 2134 2141
2096 2138 2142
2095 2096 2142
2140 2143 2139
2141 2143 2140
2138 2139 2144
2142 2138 2144
2143 2144 2139
2095 2142 2145
2094 2095 2145
2142 2144 2146
2145 2142 2146
2143 2147 2144
2147 2146 2144
2094 2145 2148
2145 2146 2148
2149 2141 2133
2133 2122 2149
2141 2150 2143
2150 2147 2143
2147 2151 2146
2151 2148 2146
2094 2148 2152
2086 2094 2152
2151 2147 2153
2150 2153 2147
2151 2154 2148
2154 2152 2148
2153 2154 2151
2155 2150 2141
2149 2155 2141
2156 2149 2122
2156 2122 2081
2071 2156 2081
2156 2071 2069
2149 2156 2069
2155 2149 2069
2155 2157 2150
2157 2155 2069
2153 2150 2157
2078 2157 2069
2153 2157 2078
2153 2078 2158
2153 2158 2154
2089 2158 2078
2158 2159 2154
2158 2089 2159
2154 2159 2152
2159 2086 2152
2160 2159 2089
2159 2160 2086
2089 2087 2160
2086 2160 2087
2161 959 2162
2161 2162 2163
2164 2162 959
2164 959 2165
2166 2164 2165
2163 2162 2167
2163 2167 2168
2166 2169 2164
2169 2166 2170
2171 2162 2164
2171 2167 2162
2171 2164 2169
2172 2168 2167
2171 2172 2167
2169 2170 2173
2174 2173 2170
2171 2169 2175
2175 2169 2173
2174 2176 2173
2176 2174 2177
2172 2178 2168
2179 2168 2178
2179 2178 2180
2180 2181 2179
2180 2182 2181
2183 2181 2182
2183 2184 2181
2185 2184 2183
2186 2184 2185
2185 2183 2187
2172 2188 2178
2188 2189 2178
2185 2190 2186
2186 2190 2191
2187 2192 2185
2185 2192 2190
2187 2193 2192
2194 2192 2193
2190 2192 2194
2194 2193 2195
2191 2190 2196
2190 2194 2196
2191 2196 2197
2197 2196 2198
2198 2196 2194
2197 2198 2199
2198 2194 2200
2200 2194 2195
2199 2198 2201
2200 2201 2198
2199 2201 2202
2202 2201 2203
2202 2203 2204
2204 2203 2205
2204 2205 2206
2206 2205 2207
2206 2207 2208
2208 2207 2209
2208 2209 1066
1066 2209 2210
1066 2210 2211
2211 2210 2212
2211 2212 2213
2213 2212 2214
2213 2214 1009
1009 2214 2215
1009 2215 2216
2212 2217 2214
2215 2214 2217
2218 2212 2210
2212 2218 2217
2219 2210 2209
2218 2210 2219
2207 2220 2209
2219 2209 2220
2216 2215 2221
2216 2221 2222
2222 2221 2223
2222 2223 2224
2215 2225 2221
2225 2223 2221
2225 2226 2223
2227 2223 2226
2224 2223 2228
2227 2228 2223
2224 2228 2229
2230 2228 2227
2231 2229 2228
2230 2232 2228
2231 2228 2232
2233 2232 2230
2234 2231 2232
2233 2234 2232
2234 2235 2231
2236 2234 2233
2237 2235 2234
2236 2237 2234
2237 2177 2235
2238 2237 2236
2176 2177 2237
2238 2176 2237
2239 2176 2238
2239 2173 2176
2175 2173 2239
2239 2240 2175
2239 2241 2240
2242 2241 2239
2175 2240 2243
2175 2243 2171
2171 2243 2172
2243 2188 2172
2242 2244 2241
2244 2242 2245
2244 2245 2246
2247 2246 2245
2241 2244 2248
2246 2248 2244
2241 2248 2249
2240 2241 2249
2240 2249 2250
2240 2250 2251
2240 2251 2243
2188 2243 2251
2246 2252 2248
2188 2251 2253
2247 2254 2246
2254 2252 2246
2255 2254 2247
2254 2256 2252
2253 2257 2188
2189 2188 2257
2253 2258 2257
2189 2257 2259
2255 2260 2254
2260 2256 2254
2261 2260 2255
2260 2262 2256
2263 2257 2258
2263 2259 2257
2263 2264 2259
2263 2258 2265
2261 2266 2260
2266 2262 2260
2266 2267 2262
2268 2266 2261
2264 2263 2269
2269 2263 2265
2270 2264 2269
2271 2267 2266
2268 2271 2266
2271 2272 2267
2273 2272 2271
2274 2269 2265
2270 2269 2274
2274 2265 2275
2274 2276 2270
2277 2274 2275
2278 2271 2268
2273 2271 2278
2278 2268 2279
2278 2279 2215
2278 2280 2273
2274 2281 2276
2277 2281 2274
2281 2277 2282
2195 2276 2281
2278 2215 2283
2278 2283 2280
2215 2217 2283
2280 2283 2217
2281 2282 2284
2195 2281 2284
2285 2284 2282
2195 2284 2285
2280 2217 2286
2280 2286 2287
2286 2217 2218
2195 2285 2288
2288 2285 2289
2200 2195 2288
2290 2287 2286
2286 2218 2290
2290 2291 2287
2290 2218 2219
2289 2292 2288
2200 2288 2292
2289 2293 2292
2294 2292 2293
2291 2290 2295
2290 2219 2295
2291 2295 2296
2295 2219 2220
2297 2296 2295
2295 2220 2297
2297 2298 2296
2200 2292 2299
2200 2299 2201
2294 2300 2292
2300 2299 2292
2201 2299 2301
2300 2301 2299
2201 2301 2203
2294 2302 2300
2301 2300 2302
2294 2303 2302
2203 2301 2304
2301 2302 2304
2203 2304 2205
2305 2302 2303
2305 2304 2302
2298 2297 2305
2305 2303 2306
2298 2305 2306
2205 2304 2307
2305 2307 2304
2297 2307 2305
2205 2307 2207
2297 2220 2307
2207 2307 2220
2308 2309 2310
2310 2311 2308
2312 2308 2311
2312 2313 2308
2314 2308 2313
2314 2315 2308
2308 2315 2309
2315 2314 2316
2317 2309 2315
2315 2316 2317
2317 2318 2309
2319 2317 2316
2318 2317 2320
2319 2320 2317
2318 2320 2321
2322 2320 2319
2320 2323 2321
2322 2324 2320
2320 2324 2323
2324 2322 2325
2326 2323 2324
2324 2325 2327
2326 2324 2327
2327 2328 2326
2327 2325 2329
2327 2330 2328
2327 2329 2330
2330 2331 2328
2329 2332 2330
2330 2332 2331
2329 2333 2332
2334 2332 2333
2335 2331 2332
2334 2335 2332
2335 2336 2331
2337 2335 2334
2337 2336 2335
2337 2334 2338
2337 2339 2336
2340 2337 2338
2339 2337 2340
2340 2338 2341
2339 2340 2342
2341 2343 2340
2343 2342 2340
2343 2344 2342
2341 2345 2343
2346 2344 2343
2345 2347 2343
2346 2343 2347
2345 2348 2347
2347 2349 2346
2350 2347 2348
2347 2350 2349
2350 2348 2351
2352 2349 2350
2351 2352 2350
2352 2353 2349
2351 2354 2352
2353 2352 2355
2356 2352 2354
2356 2355 2352
2357 2358 2359
2358 2357 2360
2361 2360 2357
2361 2357 2362
2363 2362 2357
2363 2357 2364
2357 2359 2364
2364 2365 2363
2359 2366 2364
2364 2366 2365
2359 2367 2366
2368 2365 2366
2369 2366 2367
2368 2366 2369
2369 2367 2370
2369 2371 2368
2369 2370 2372
2369 2373 2371
2369 2372 2373
2373 2374 2371
2375 2373 2372
2373 2376 2374
2375 2376 2373
2376 2375 2377
2378 2374 2376
2376 2377 2379
2378 2376 2379
2379 2377 2380
2378 2379 2381
2379 2380 2381
2378 2381 2382
2383 2382 2381
2384 2381 2380
2383 2381 2384
2384 2380 2385
2383 2384 2386
2386 2384 2385
2383 2386 2387
2386 2385 2388
2389 2387 2386
2388 2389 2386
2389 2390 2387
2388 2391 2389
2392 2390 2389
2392 2389 2391
2392 2391 2393
2392 2394 2390
2392 2393 2395
2394 2392 2396
2392 2395 2396
2394 2396 2397
2398 2396 2395
2399 2397 2396
2398 2399 2396
2399 2400 2397
2401 2399 2398
2400 2399 2401
2401 2398 2402
2400 2401 2403
2402 2404 2401
2405 2403 2401
2405 2401 2404
2406 2407 2408
2406 2409 2407
2406 2408 2410
2411 2410 2408
2411 2412 2410
2413 2412 2411
2413 2414 2412
2412 2414 2410
2410 2414 2406
2414 2415 2406
2406 2415 2409
2414 2416 2415
2417 2409 2415
2416 2417 2415
2417 2418 2409
2419 2417 2416
2419 2418 2417
2419 2420 2418
2421 2419 2416
2420 2419 2422
2421 2422 2419
2420 2422 2423
2421 2424 2422
2423 2422 2424
2425 2424 2421
2423 2424 2426
2425 2427 2424
2427 2426 2424
2428 2429 2430
2431 2430 2429
2428 2430 2432
2432 2433 2428
2431 2434 2430
2435 2434 2431
2435 2436 2434
2434 2436 2437
2434 2437 2438
2438 2439 2434
2434 2439 2430
2430 2439 2440
2432 2430 2440
2432 2440 2441
2442 2432 2441
2432 2443 2433
2442 2443 2432
2444 2433 2443
2445 2443 2442
2444 2443 2445
2445 2442 2446
2445 2447 2444
2446 2448 2445
2445 2448 2447
2446 2449 2448
2450 2447 2448
2448 2449 2451
2450 2448 2452
2448 2451 2452
2452 2453 2450
2452 2451 2454
2452 2455 2453
2452 2454 2455
2455 2456 2453
2454 2457 2455
2454 2458 2457
2457 2458 2459
2457 2459 2460
2455 2461 2456
2457 2461 2455
2461 2462 2456
2460 2463 2457
2457 2463 2461
2460 2464 2463
2461 2465 2462
2465 2461 2463
2465 2466 2462
2464 2467 2463
2465 2463 2467
2464 2468 2467
2465 2469 2466
2467 2469 2465
2469 2470 2466
2468 2471 2467
2467 2471 2469
2468 2472 2471
2469 2473 2470
2473 2469 2471
2473 2474 2470
2472 2475 2471
2473 2471 2475
2472 2476 2475
2473 2477 2474
2477 2473 2475
2478 2474 2477
2476 2479 2475
2477 2475 2479
2476 2480 2479
2478 2477 2481
2479 2481 2477
2482 2478 2481
2483 2479 2480
2479 2483 2481
2483 2480 2484
2482 2481 2485
2485 2481 2483
2486 2482 2485
2484 2487 2483
2485 2483 2487
2484 2488 2487
2486 2485 2489
2489 2485 2487
2490 2486 2489
2488 2491 2487
2489 2487 2491
2488 2492 2491
2490 2489 2493
2491 2493 2489
2493 2494 2490
2492 2495 2491
2491 2495 2493
2492 2496 2495
2495 2496 2497
2493 2498 2494
2495 2498 2493
2498 2499 2494
2495 2497 2500
2500 2498 2495
2500 2497 2501
2498 2502 2499
2500 2502 2498
2502 2503 2499
2500 2501 2504
2504 2502 2500
2505 2504 2501
2502 2506 2503
2504 2506 2502
2506 2507 2503
2505 2508 2504
2506 2504 2508
2509 2508 2505
2509 2510 2508
2506 2511 2507
2506 2508 2511
2510 2511 2508
2511 2512 2507
2510 2513 2511
2511 2513 2512
2514 2515 2516
2515 2514 2517
2514 2516 2518
2519 2517 2514
2514 2518 2519
2519 2520 2517
2521 2519 2518
2520 2519 2522
2521 2522 2519
2520 2522 2523
2524 2522 2521
2523 2522 2525
2524 2525 2522
2523 2525 2526
2527 2525 2524
2528 2526 2525
2527 2528 2525
2528 2529 2526
2528 2527 2530
2529 2528 2531
2528 2530 2531
2529 2531 2532
2531 2530 2533
2532 2531 2534
2531 2533 2534
2532 2534 2535
2534 2533 2536
2535 2534 2537
2534 2536 2537
2535 2537 2538
2539 2537 2536
2538 2537 2540
2539 2540 2537
2538 2540 2541
2542 2540 2539
2542 2541 2540
2542 2539 2543
2542 2544 2541
2545 2542 2543
2545 2544 2542
2545 2543 2546
2545 2547 2544
2548 2545 2546
2547 2545 2548
2548 2546 2549
2547 2548 2550
2551 2548 2549
2550 2548 2551
2551 2549 2552
2550 2551 2553
2552 2554 2551
2554 2553 2551
2552 2555 2554
2554 2556 2553
2555 2557 2554
2557 2556 2554
2555 2558 2557
2557 2559 2556
2560 2557 2558
2560 2559 2557
2561 2562 2563
2561 2563 2564
2564 2565 2561
2564 2566 2565
2566 2567 2565
2566 2564 2568
2563 2568 2564
2566 2569 2567
2566 2568 2569
2567 2569 2570
2568 2570 2569
2563 2571 2568
2568 2572 2570
2571 2572 2568
2567 2570 2573
2574 2570 2572
2574 2573 2570
2571 2575 2572
2574 2572 2576
2575 2576 2572
2563 2577 2571
2571 2578 2575
2571 2577 2578
2579 2567 2573
2567 2579 2580
2567 2580 2581
2581 2580 2582
2581 2582 2561
2580 2579 2583
2580 2583 2582
2582 2583 2584
2585 2561 2582
2582 2584 2585
2585 2586 2561
2587 2563 2586
2585 2587 2562
2579 2573 2588
2583 2579 2588
2584 2583 2589
2583 2588 2589
2590 2588 2573
2574 2590 2573
2587 2591 2563
2563 2591 2577
2585 2592 2587
2592 2585 2584
2591 2587 2593
2593 2587 2592
2589 2588 2594
2590 2594 2588
2590 2574 2595
2576 2595 2574
2596 2577 2591
2591 2593 2596
2584 2589 2597
2597 2589 2598
2589 2594 2598
2597 2598 2599
2600 2594 2590
2598 2594 2600
2590 2595 2601
2600 2590 2601
2598 2600 2602
2602 2599 2598
2601 2603 2600
2602 2600 2603
2596 2604 2577
2596 2593 2605
2596 2605 2604
2577 2604 2606
2605 2606 2604
2577 2606 2578
2605 2593 2607
2593 2592 2607
2607 2592 2608
2592 2584 2608
2605 2607 2609
2607 2608 2609
2605 2610 2606
2609 2610 2605
2611 2578 2606
2611 2606 2610
2584 2612 2608
2584 2613 2612
2608 2614 2609
2609 2614 2610
2608 2612 2614
2613 2615 2612
2613 2599 2615
2616 2610 2614
2611 2610 2616
2612 2617 2614
2612 2615 2617
2616 2614 2617
2611 2618 2578
2575 2578 2618
2615 2619 2617
2619 2616 2617
2620 2615 2599
2615 2620 2619
2616 2621 2611
2618 2611 2621
2575 2618 2622
2575 2622 2576
2619 2623 2616
2616 2623 2621
2618 2621 2624
2622 2618 2624
2622 2625 2576
2576 2625 2595
2622 2624 2626
2622 2627 2625
2624 2621 2628
2623 2628 2621
2626 2624 2629
2624 2628 2629
2626 2629 2630
2623 2619 2631
2620 2631 2619
2625 2632 2595
2601 2595 2632
2627 2633 2625
2627 2630 2633
2625 2633 2632
2623 2634 2628
2623 2631 2634
2628 2634 2635
2631 2635 2634
2636 2629 2628
2628 2635 2636
2636 2637 2629
2630 2629 2637
2638 2636 2635
2638 2637 2636
2639 2637 2638
2630 2637 2639
2639 2638 2640
2630 2641 2633
2630 2639 2641
2639 2642 2641
2639 2643 2642
2642 2640 2644
2645 2644 2643
2646 2633 2641
2642 2646 2641
2646 2632 2633
2632 2646 2647
2642 2647 2646
2632 2647 2648
2601 2632 2648
2601 2648 2603
2603 2648 2649
2642 2650 2649
2603 2649 2650
2642 2651 2650
2642 2644 2651
2650 2652 2603
2650 2651 2652
2602 2603 2652
2651 2644 2653
2651 2653 2652
2652 2654 2602
2652 2653 2654
2602 2654 2599
2620 2599 2654
2655 2620 2654
2655 2654 2653
2620 2655 2631
2656 2653 2644
2656 2655 2653
2645 2656 2644
2657 2631 2655
2657 2655 2656
2645 2657 2656
2631 2657 2635
2645 2635 2657
2658 2659 2660
2661 2660 2659
2662 2660 2661
2662 2663 2660
2658 2660 2664
2663 2664 2660
2665 2658 2664
2663 2666 2664
2665 2664 2666
2666 2667 2665
2663 2668 2666
2666 2669 2667
2666 2668 2669
2669 2670 2667
2668 2671 2669
2669 2671 2670
2672 2671 2668
2673 2670 2671
2672 2673 2671
2673 2674 2670
2673 2675 2674
2673 2676 2675
2676 2673 2672
2677 2675 2676
2678 2676 2672
2677 2676 2678
2679 2678 2672
2679 2677 2678
2680 2681 2682
2682 2683 2680
2682 2684 2683
2685 2682 2681
2682 2685 2684
2685 2681 2686
2687 2684 2685
2686 2688 2685
2687 2685 2688
2686 2689 2688
2690 2687 2688
2689 2691 2688
2690 2688 2691
2689 2692 2691
2693 2690 2691
2694 2691 2692
2693 2691 2694
2694 2692 2695
2694 2696 2693
2695 2697 2694
2694 2697 2696
2695 2698 2697
2697 2699 2696
2698 2700 2697
2697 2700 2699
2698 2701 2700
2700 2702 2699
2701 2703 2700
2700 2703 2702
2701 2704 2703
2705 2702 2703
2704 2706 2703
2705 2703 2706
2704 2707 2706
2708 2705 2706
2708 2706 2707
2708 2709 2705
2708 2707 2710
2711 2709 2708
2711 2708 2710
2711 2712 2709
2711 2710 2713
2714 2712 2711
2713 2714 2711
2714 2715 2712
2713 2716 2714
2717 2715 2714
2716 2717 2714
2717 2718 2715
2716 2719 2717
2718 2717 2720
2720 2717 2719
2718 2720 2721
2720 2719 2722
2721 2720 2723
2723 2720 2722
2721 2723 2724
2723 2722 2725
2726 2724 2723
2726 2723 2725
2727 2728 2729
2728 2727 2730
2727 2729 2731
2730 2727 2732
2733 2727 2731
2727 2734 2732
2735 2727 2733
2734 2727 2736
2727 2735 2737
2727 2738 2736
2739 2727 2737
2738 2727 2740
2741 2727 2739
2727 2742 2740
2743 2727 2741
2742 2727 2744
2745 2727 2743
2744 2727 2746
2727 2745 2747
2727 2747 2746
2748 2749 2750
2750 2749 2751
2748 2750 2752
2753 2748 2752
2750 2751 2754
2755 2754 2751
2753 2752 2756
2757 2753 2756
2755 2758 2754
2759 2758 2755
2757 2756 2760
2760 2761 2757
2759 2762 2758
2763 2762 2759
2760 2764 2761
2764 2765 2761
2763 2766 2762
2767 2766 2763
2764 2768 2765
2768 2769 2765
2767 2770 2766
2771 2770 2767
2768 2772 2769
2772 2773 2769
2771 2774 2770
2775 2774 2771
2772 2776 2773
2776 2777 2773
2776 2778 2777
2778 2779 2777
2780 2776 2772
2778 2776 2780
2781 2772 2768
2780 2772 2781
2778 2782 2779
2783 2779 2782
2781 2768 2784
2784 2768 2764
2778 2780 2785
2782 2778 2785
2781 2786 2780
2784 2786 2781
2780 2786 2785
2787 2786 2784
2784 2764 2787
2785 2786 2788
2782 2785 2788
2787 2764 2760
2787 2760 2789
2789 2786 2787
2789 2760 2756
2789 2756 2790
2790 2786 2789
2790 2756 2752
2790 2752 2791
2791 2786 2790
2791 2752 2750
2791 2750 2792
2792 2786 2791
2792 2750 2754
2792 2754 2793
2793 2786 2792
2793 2754 2758
2794 2786 2793
2793 2758 2794
2794 2758 2762
2795 2786 2794
2794 2762 2795
2796 2786 2795
2795 2762 2766
2795 2766 2796
2766 2797 2796
2797 2786 2796
2766 2770 2797
2770 2798 2797
2798 2786 2797
2770 2774 2798
2774 2799 2798
2799 2786 2798
2774 2800 2799
2775 2800 2774
2801 2800 2775
2800 2802 2799
2802 2786 2799
2801 2803 2800
2800 2803 2802
2804 2803 2801
2805 2786 2802
2803 2805 2802
2804 2806 2803
2803 2806 2805
2783 2806 2804
2807 2786 2805
2806 2807 2805
2788 2786 2807
2783 2808 2806
2806 2808 2807
2808 2788 2807
2783 2782 2808
2808 2782 2788
2809 2810 2811
2812 2810 2809
2811 2810 2813
2814 2810 2812
2813 2810 2815
2816 2810 2814
2815 2810 2817
2818 2810 2816
2817 2810 2819
2820 2810 2818
2819 2810 2821
2822 2810 2820
2821 2810 2822
2823 2824 2825
2826 2824 2823
2827 2823 2825
2828 2826 2823
2827 2829 2823
2828 2823 2829
2830 2829 2827
2830 2828 2829
2830 2831 2828
2830 2827 2832
2830 2833 2831
2832 2834 2830
2830 2834 2833
2832 2835 2834
2834 2836 2833
2835 2837 2834
2834 2837 2836
2835 2838 2837
2839 2836 2837
2838 2840 2837
2839 2837 2840
2838 2841 2840
2842 2839 2840
2841 2843 2840
2842 2840 2843
2841 2844 2843
2845 2842 2843
2844 2845 2843
2844 2846 2845
2845 2847 2842
2846 2848 2845
2848 2847 2845
2846 2849 2848
2848 2850 2847
2851 2847 2850
2850 2852 2851
2849 2853 2848
2850 2848 2853
2850 2854 2852
2850 2853 2854
2852 2854 2855
2856 2855 2854
2857 2856 2854
2857 2854 2853
2856 2858 2855
2849 2859 2853
2860 2859 2849
2856 2859 2860
2856 2860 2861
2859 2862 2853
2857 2853 2862
2859 2863 2862
2863 2859 2856
2864 2857 2862
2863 2864 2862
2864 2865 2857
2864 2863 2865
2863 2856 2865
2857 2865 2856
2856 2861 2866
2856 2866 2858
2861 2867 2866
2858 2866 2867
2861 2868 2867
2868 2869 2867
2867 2869 2870
2858 2867 2870
2870 2871 2858
2871 2855 2858
2870 2872 2871
2872 2873 2871
2871 2874 2855
2873 2874 2871
2872 2875 2873
2873 2875 2876
2873 2877 2874
2878 2873 2876
2877 2873 2879
2878 2879 2873
2877 2879 2880
2881 2879 2878
2880 2879 2882
2881 2882 2879
2880 2882 2883
2881 2884 2882
2883 2882 2884
2881 2885 2884
2883 2884 2886
2887 2884 2885
2884 2887 2886
2888 2889 2890
2890 2891 2888
2888 2892 2889
2891 2893 2888
2894 2892 2888
2888 2893 2895
2896 2894 2888
2895 2897 2888
2888 2898 2896
2888 2897 2899
2900 2898 2888
2899 2901 2888
2902 2900 2888
2888 2901 2903
2904 2902 2888
2903 2905 2888
2906 2904 2888
2905 2907 2888
2888 2908 2906
2888 2907 2908
2909 2910 2911
2910 2912 2911
2909 2913 2910
2914 2913 2909
2910 2915 2912
2916 2912 2915
2914 2917 2913
2918 2917 2914
2916 2915 2919
2920 2916 2919
2918 2921 2917
2921 2918 2922
2920 2919 2923
2924 2920 2923
2921 2922 2925
2925 2922 2926
2924 2923 2927
2928 2924 2927
2925 2926 2929
2929 2926 2930
2928 2927 2931
2932 2928 2931
2929 2930 2933
2933 2930 2934
2932 2931 2935
2936 2932 2935
2933 2934 2937
2937 2934 2938
2937 2938 2939
2939 2938 2940
2941 2933 2937
2939 2941 2937
2942 2929 2933
2941 2942 2933
2939 2940 2943
2944 2943 2940
2942 2945 2929
2945 2925 2929
2939 2946 2941
2943 2946 2939
2942 2941 2947
2945 2942 2947
2941 2946 2947
2948 2945 2947
2945 2948 2925
2946 2949 2947
2943 2949 2946
2948 2921 2925
2948 2950 2921
2950 2948 2947
2950 2917 2921
2950 2951 2917
2951 2950 2947
2951 2913 2917
2951 2952 2913
2952 2951 2947
2952 2910 2913
2952 2953 2910
2953 2952 2947
2953 2915 2910
2953 2954 2915
2954 2953 2947
2954 2919 2915
2955 2954 2947
2954 2955 2919
2955 2923 2919
2956 2955 2947
2955 2956 2923
2957 2956 2947
2956 2927 2923
2956 2957 2927
2927 2957 2958
2958 2957 2947
2927 2958 2931
2931 2958 2959
2959 2958 2947
2931 2959 2935
2935 2959 2960
2960 2959 2947
2935 2960 2961
2936 2935 2961
2962 2936 2961
2961 2960 2963
2963 2960 2947
2962 2961 2964
2961 2963 2964
2965 2962 2964
2966 2963 2947
2964 2963 2966
2965 2964 2967
2964 2966 2967
2944 2965 2967
2968 2966 2947
2967 2966 2968
2949 2968 2947
2944 2967 2969
2967 2968 2969
2969 2968 2949
2944 2969 2943
2969 2949 2943
2970 2971 2972
2973 2970 2972
2971 2974 2972
2975 2973 2972
2974 2976 2972
2977 2975 2972
2976 2978 2972
2979 2977 2972
2978 2980 2972
2981 2979 2972
2980 2982 2972
2983 2981 2972
2982 2983 2972
2984 2985 2986
2987 2984 2986
2988 2985 2984
2989 2984 2987
2988 2984 2990
2989 2990 2984
2991 2988 2990
2991 2990 2989
2991 2989 2992
2991 2993 2988
2991 2992 2994
2993 2991 2995
2991 2994 2995
2993 2995 2996
2995 2994 2997
2996 2995 2998
2995 2997 2998
2996 2998 2999
3000 2998 2997
2999 2998 3001
3000 3001 2998
2999 3001 3002
3003 3001 3000
3002 3001 3004
3003 3004 3001
3002 3004 3005
3006 3004 3003
3005 3004 3006
3005 3006 3007
3006 3003 3008
3007 3006 3009
3009 3006 3008
3007 3009 3010
3009 3008 3011
3012 3011 3008
3011 3012 3013
3010 3009 3014
3011 3014 3009
3011 3013 3015
3011 3015 3014
3013 3016 3015
3017 3015 3016
3018 3015 3017
3018 3014 3015
3017 3016 3019
3010 3014 3020
3021 3010 3020
3017 3021 3020
3017 3022 3021
3020 3014 3023
3018 3023 3014
3020 3023 3024
3024 3017 3020
3025 3023 3018
3024 3023 3025
3025 3018 3026
3025 3026 3024
3024 3026 3017
3018 3017 3026
3017 3027 3022
3017 3019 3027
3022 3027 3028
3019 3028 3027
3022 3028 3029
3029 3028 3030
3028 3031 3030
3019 3031 3028
3031 3019 3032
3032 3019 3016
3031 3032 3033
3033 3032 3034
3032 3016 3035
3034 3032 3035
3033 3034 3036
3037 3036 3034
3034 3035 3038
3039 3037 3034
3038 3040 3034
3039 3034 3040
3038 3041 3040
3042 3039 3040
3041 3043 3040
3042 3040 3043
3041 3044 3043
3042 3043 3045
3044 3045 3043
3042 3045 3046
3044 3047 3045
3048 3046 3045
3045 3047 3048
