byte offset: 0
first index: 0
index count: 11928
topology: trianglelist
format: DXGI_FORMAT_R16_UINT

0 1 2
3 4 5
6 3 7
6 8 3
9 8 6
9 10 8
11 12 13
14 15 11
14 11 16
17 18 16
17 19 18
20 21 22
23 24 20
23 25 24
26 25 27
26 28 25
29 28 26
29 30 28
29 31 30
32 33 34
32 35 33
33 35 36
33 36 37
38 39 40
38 40 41
41 40 42
41 42 43
42 44 43
45 46 47
45 48 46
48 49 46
48 50 49
49 50 51
52 53 54
52 55 53
55 56 53
55 57 56
56 57 58
59 60 61
59 62 60
63 62 59
63 64 62
65 62 64
65 64 66
62 67 60
62 65 67
68 65 66
68 66 69
65 70 67
65 68 70
71 70 68
69 72 68
71 68 72
69 73 72
74 71 72
75 72 73
74 72 75
76 74 75
75 73 77
76 75 78
77 78 75
77 79 78
80 60 67
80 81 60
82 80 67
82 67 83
81 80 84
81 84 85
80 82 86
80 86 84
83 87 82
83 88 87
89 85 84
89 90 85
84 86 91
84 91 89
92 86 82
92 82 87
88 93 87
88 94 93
95 90 89
95 96 90
97 93 94
97 94 98
93 97 99
100 87 93
93 99 100
100 92 87
100 99 101
100 101 102
102 101 103
102 103 104
105 92 100
106 104 103
105 107 92
107 105 104
107 86 92
107 91 86
106 108 104
109 108 106
107 104 110
91 107 110
110 104 108
109 111 108
111 109 112
91 110 113
89 91 113
89 113 95
110 108 114
114 113 110
114 108 111
111 112 115
115 112 116
115 116 117
114 118 113
95 113 118
114 111 119
119 111 115
119 118 114
120 115 117
119 115 120
120 117 121
120 121 122
120 122 123
123 122 124
120 125 119
120 123 125
123 124 126
125 123 126
126 124 127
126 127 128
128 129 126
125 126 129
128 130 129
119 125 131
131 125 129
119 131 118
131 132 118
132 131 129
95 118 132
130 133 129
132 129 133
130 134 133
135 95 132
135 132 133
135 96 95
96 135 136
133 136 135
133 137 136
134 137 133
134 138 137
139 140 141
139 142 140
142 139 143
142 143 144
145 144 143
145 143 146
145 146 147
148 147 146
145 149 144
147 150 145
150 149 145
151 147 148
152 151 148
152 148 153
154 152 153
154 153 155
156 154 155
156 155 157
158 156 157
158 157 159
152 154 160
152 160 161
151 152 161
154 162 160
154 156 162
156 163 162
156 158 163
151 161 164
158 165 163
164 166 151
158 167 165
167 158 159
167 168 165
167 159 169
169 159 170
167 171 168
171 167 169
171 172 168
166 173 151
151 173 147
169 170 174
174 170 175
174 175 176
177 174 176
177 178 174
169 174 178
178 177 179
171 169 180
169 178 180
178 179 181
181 180 178
181 179 182
180 183 171
171 183 172
173 184 147
147 184 150
181 185 180
180 185 183
186 172 183
187 183 185
186 183 187
181 188 185
187 185 188
181 182 189
181 189 188
172 186 190
190 191 172
190 192 191
190 193 192
186 193 190
193 194 192
195 186 187
186 195 193
196 187 188
195 187 196
193 197 194
195 197 193
198 194 197
198 199 194
198 200 199
195 201 197
201 195 196
201 198 197
201 196 202
196 188 203
202 196 203
189 203 188
198 204 200
204 205 200
201 206 198
206 201 202
204 198 206
204 207 205
208 205 207
204 206 209
207 204 209
206 202 210
209 206 210
209 210 211
212 209 211
207 209 212
212 211 213
208 207 214
214 207 212
215 208 214
216 212 213
214 212 216
216 213 217
215 214 218
218 214 216
219 216 217
218 216 219
219 217 220
215 218 221
215 221 222
218 219 223
220 223 219
218 223 221
224 222 221
224 225 222
226 221 223
226 224 221
225 224 227
225 227 228
224 226 229
224 229 227
230 228 227
230 231 228
232 227 229
232 230 227
231 230 233
231 233 234
235 234 233
230 232 236
230 236 233
235 233 237
238 235 237
239 233 236
239 237 233
226 240 229
241 232 229
241 229 240
232 242 236
232 241 242
243 239 236
243 236 242
226 244 240
244 226 223
244 223 245
220 245 223
245 220 246
247 246 220
248 247 220
249 247 248
249 250 247
251 250 249
247 252 246
250 252 247
251 253 250
254 253 251
250 255 252
253 255 250
254 256 253
202 256 254
256 257 253
253 257 255
202 258 256
256 258 257
202 259 258
202 203 259
260 259 203
189 260 203
261 258 259
260 261 259
261 262 258
257 258 262
255 257 263
257 262 263
252 255 264
255 263 264
252 264 265
265 246 252
266 260 189
267 266 189
267 189 182
266 268 260
268 269 260
262 269 270
268 270 269
262 270 271
263 262 271
263 271 272
264 263 272
265 264 273
264 272 273
265 273 274
275 265 274
275 274 276
265 275 246
246 275 277
276 277 275
246 277 278
245 246 278
279 245 278
279 244 245
280 278 277
280 279 278
244 279 281
244 281 240
282 279 280
282 281 279
283 240 281
283 241 240
284 281 282
284 283 281
241 283 285
241 285 242
286 283 284
286 285 283
282 287 284
286 284 287
280 288 282
282 288 287
280 289 288
277 289 280
277 290 289
276 290 277
291 242 285
291 243 242
285 286 292
285 292 291
293 286 287
286 293 292
290 276 294
290 294 295
295 296 290
276 297 294
276 298 297
298 299 297
298 273 299
273 300 299
273 272 300
272 301 300
272 302 301
303 301 302
303 302 304
305 303 304
305 304 268
306 305 268
306 268 307
307 308 306
307 309 308
310 303 305
311 310 305
311 305 306
310 312 303
301 303 312
313 311 306
313 306 308
301 312 314
315 313 308
316 301 314
315 308 317
309 317 308
318 315 317
316 319 301
320 319 316
319 300 301
309 321 317
321 309 182
318 317 322
321 322 317
322 323 318
320 324 319
325 324 320
319 326 300
326 319 324
326 299 300
321 182 327
327 182 328
322 329 323
330 323 329
321 331 322
327 331 321
329 322 331
326 332 299
332 297 299
326 324 333
333 332 326
332 334 297
333 334 332
333 335 334
294 297 334
294 334 336
335 336 334
336 295 294
337 333 324
325 337 324
337 338 333
338 335 333
338 339 335
340 335 339
336 341 295
335 341 336
340 342 335
335 342 341
342 340 343
341 344 295
295 344 296
345 341 342
341 345 344
342 343 346
345 342 346
347 346 343
348 296 344
348 349 296
344 345 350
350 345 346
344 350 348
347 351 346
350 346 351
352 351 347
353 349 348
353 287 349
348 350 354
350 351 354
348 354 353
352 355 351
355 354 351
356 287 353
356 293 287
357 353 354
355 357 354
357 356 353
358 355 352
358 352 359
355 360 357
356 357 360
355 358 360
361 293 356
356 360 361
359 362 358
359 363 362
361 364 293
293 364 292
365 361 360
365 364 361
358 366 360
358 362 366
365 360 366
363 367 362
366 362 367
363 368 367
367 368 369
370 367 369
366 367 370
371 370 369
372 292 364
291 292 372
373 365 366
373 366 370
365 374 364
374 372 364
374 365 373
371 375 370
375 371 376
291 372 377
243 291 377
372 374 378
374 373 378
370 379 373
370 375 379
380 375 376
380 376 381
380 381 382
383 372 378
383 377 372
384 378 373
384 373 379
384 383 378
375 385 379
375 380 385
384 379 385
380 382 386
386 385 380
386 382 387
384 385 388
388 383 384
386 389 385
388 385 389
386 387 390
390 389 386
391 390 387
391 392 390
393 392 391
393 394 392
394 393 395
388 396 383
388 389 397
396 388 397
390 398 389
397 389 398
390 392 399
390 399 398
400 392 394
400 399 392
394 395 401
400 394 401
399 402 398
397 398 402
403 401 395
403 395 404
399 149 402
400 149 399
150 402 149
150 397 402
400 144 149
400 401 405
405 144 400
403 405 401
405 406 144
150 407 397
184 407 150
396 397 407
408 406 405
403 408 405
408 409 406
184 410 407
396 407 410
411 410 184
173 411 184
411 173 412
166 412 173
166 413 412
166 414 413
411 412 415
415 412 413
416 413 414
415 413 416
416 414 417
411 418 410
418 411 415
396 410 419
418 419 410
420 415 416
418 415 420
421 416 417
420 416 421
421 417 238
238 422 421
420 421 422
238 237 422
423 418 420
420 422 423
418 423 419
396 419 424
396 424 383
383 424 377
422 237 425
425 423 422
426 419 423
426 424 419
425 426 423
427 377 424
427 424 426
427 426 425
243 377 427
427 239 243
237 239 428
425 237 428
427 425 428
427 428 239
429 430 431
429 431 432
433 429 432
433 432 434
435 434 432
435 436 434
432 431 437
432 437 435
438 436 435
438 439 436
435 437 440
435 440 438
441 438 440
439 438 442
441 442 438
439 442 443
444 442 441
445 443 442
444 445 442
446 445 444
445 447 443
446 448 445
447 445 448
447 448 449
450 437 431
450 431 451
452 437 450
452 453 437
451 454 450
451 455 454
450 456 452
450 454 456
453 452 457
453 457 458
459 454 455
459 455 460
454 461 456
454 459 461
462 452 456
462 457 452
458 457 463
458 463 464
465 459 460
465 460 466
467 464 463
467 468 464
463 469 467
470 463 457
463 470 469
470 457 462
470 471 469
470 472 471
472 473 471
472 474 473
475 470 462
476 473 474
475 462 477
477 474 475
477 462 456
477 456 461
476 474 478
479 476 478
477 480 474
461 480 477
480 478 474
479 478 481
481 482 479
461 483 480
459 483 461
459 465 483
480 484 478
484 480 483
484 481 478
481 485 482
485 486 482
485 487 486
484 483 488
465 488 483
484 489 481
489 485 481
489 484 488
490 487 485
489 490 485
490 491 487
490 492 491
490 493 492
493 494 492
490 489 495
490 495 493
493 496 494
495 496 493
496 497 494
496 498 497
498 496 499
495 499 496
498 499 500
489 501 495
489 488 501
501 499 495
501 488 502
502 499 501
465 502 488
500 499 503
502 503 499
500 503 504
505 502 465
505 503 502
505 465 466
466 506 505
503 505 506
503 506 507
504 503 507
504 507 508
509 510 511
509 511 512
512 513 509
512 514 513
515 513 514
515 516 513
515 517 516
518 516 517
515 514 519
517 515 520
520 515 519
521 518 517
522 518 521
522 523 518
524 523 522
524 525 523
526 525 524
526 527 525
528 527 526
528 529 527
522 530 524
522 531 530
521 531 522
524 530 532
524 532 526
526 532 533
526 533 528
521 534 531
528 533 535
534 521 536
528 535 537
537 529 528
537 535 538
537 539 529
539 540 529
537 538 541
541 539 537
541 538 542
536 521 543
521 517 543
539 544 540
544 545 540
544 546 545
547 546 544
547 544 548
539 548 544
548 549 547
541 550 539
539 550 548
548 551 549
551 548 550
551 552 549
550 541 553
541 542 553
543 517 554
517 520 554
551 550 555
550 553 555
556 553 542
557 555 553
556 557 553
551 555 558
557 558 555
551 559 552
551 558 559
542 560 556
560 542 561
560 561 562
560 562 563
556 560 563
563 562 564
565 557 556
556 563 565
566 558 557
565 566 557
563 564 567
565 563 567
568 567 564
568 564 569
568 569 570
565 567 571
571 566 565
571 567 568
566 572 558
559 558 572
568 570 573
573 570 574
571 568 575
573 575 568
571 576 566
576 572 566
575 576 571
573 574 577
578 577 574
573 579 575
577 579 573
575 580 576
579 580 575
579 581 580
582 581 579
577 582 579
582 583 581
578 584 577
584 582 577
585 584 578
586 583 582
584 586 582
586 587 583
585 588 584
588 586 584
589 587 586
588 589 586
589 590 587
585 591 588
585 592 591
588 593 589
590 589 593
588 591 593
594 591 592
594 592 595
596 593 591
596 591 594
595 597 594
595 598 597
594 599 596
594 597 599
600 597 598
600 598 601
602 599 597
602 597 600
601 603 600
601 604 603
605 603 604
600 606 602
600 603 606
605 607 603
608 607 605
609 606 603
609 603 607
596 599 610
611 599 602
611 610 599
602 606 612
602 612 611
613 606 609
613 612 606
596 610 614
614 593 596
614 615 593
590 593 615
615 616 590
611 612 617
618 610 611
611 617 618
614 610 619
618 619 610
620 615 614
614 619 620
621 612 613
621 617 612
615 622 616
620 622 615
623 619 618
624 618 617
624 623 618
625 620 619
623 625 619
626 622 620
625 626 620
625 623 627
624 627 623
617 628 624
617 621 628
626 625 629
625 627 629
626 629 630
626 631 622
631 626 630
616 622 631
631 630 632
633 627 624
624 628 633
621 634 628
633 628 635
634 635 628
621 636 634
613 636 621
613 637 636
637 613 609
637 609 638
607 638 609
639 638 607
637 638 639
640 639 607
608 640 607
608 641 640
641 608 642
641 642 643
643 642 644
645 640 641
645 641 643
639 640 646
645 646 640
637 639 647
639 646 647
637 648 636
637 647 648
643 644 649
536 649 644
645 643 650
650 643 649
536 651 649
650 649 651
536 543 651
652 651 543
652 650 651
543 554 652
653 645 650
646 645 653
653 650 652
647 646 654
653 654 646
647 654 648
652 655 653
652 554 655
653 655 654
656 648 654
656 654 655
554 657 655
656 655 657
554 520 657
520 658 657
656 657 658
656 659 648
659 636 648
659 634 636
520 660 658
520 519 660
661 659 656
656 658 661
659 662 634
661 663 659
663 662 659
634 662 664
664 635 634
664 662 665
663 665 662
666 635 664
664 665 666
666 667 635
667 633 635
667 668 633
668 627 633
666 669 667
668 667 669
668 670 627
670 671 627
665 672 666
666 672 669
673 670 668
668 669 673
670 674 671
674 675 671
673 676 670
674 670 676
677 673 669
677 676 673
678 669 672
677 669 678
674 679 675
674 676 680
679 674 680
677 681 676
680 676 681
678 682 677
682 681 677
678 683 682
682 684 681
683 678 685
678 672 685
683 685 686
684 687 681
680 681 687
684 688 687
686 685 689
672 689 685
686 689 690
689 691 690
672 692 689
692 691 689
665 692 672
693 691 692
680 687 694
679 680 694
695 687 688
694 687 695
695 688 696
696 697 695
696 698 697
699 697 698
694 695 700
700 679 694
697 700 695
692 665 701
663 701 665
700 702 679
702 675 679
702 632 675
692 701 703
693 692 703
703 704 693
663 705 701
703 701 705
663 661 705
706 704 703
703 705 706
706 707 704
706 708 707
706 709 708
709 706 705
709 710 708
661 711 705
709 705 711
661 658 711
709 712 710
712 709 711
713 710 712
658 714 711
712 711 714
658 660 714
715 714 660
712 714 715
715 660 519
713 712 716
712 715 716
717 713 716
718 715 519
718 716 715
718 519 514
717 716 719
718 719 716
719 720 717
721 718 514
721 514 722
718 723 719
719 723 720
718 721 723
724 720 723
724 723 721
724 725 720
726 721 722
724 721 726
726 722 727
724 728 725
729 724 726
724 729 728
727 730 726
729 726 730
728 731 725
731 732 725
727 733 730
734 733 727
734 735 733
736 733 735
736 735 737
733 738 730
733 736 738
730 739 729
730 738 739
740 728 729
740 729 739
741 731 728
740 741 728
741 742 731
742 732 731
742 743 732
743 744 732
745 744 743
746 744 745
747 741 740
748 740 739
747 740 748
749 739 738
748 739 749
747 748 750
750 748 749
747 750 751
749 738 752
752 738 736
750 749 753
752 753 749
750 754 751
754 750 753
752 736 755
737 755 736
737 756 755
752 757 753
755 757 752
756 758 755
755 758 757
756 759 758
757 760 753
754 753 760
760 761 754
751 754 762
754 761 762
751 762 763
757 764 760
764 757 758
761 760 764
759 765 758
764 758 765
759 766 765
763 762 767
761 767 762
763 767 768
765 769 764
761 764 769
766 770 765
765 770 769
766 771 770
768 767 772
768 772 773
761 774 767
774 772 767
775 761 769
775 769 770
774 761 775
776 770 771
775 770 776
776 771 777
778 776 777
778 777 779
780 775 776
780 776 778
781 774 775
781 775 780
782 780 778
780 782 781
779 783 778
782 778 783
774 784 772
784 774 781
772 784 785
785 784 781
781 782 786
785 781 786
772 785 787
773 772 787
773 787 788
787 785 789
786 789 785
788 787 790
789 790 787
788 790 791
790 792 791
792 790 793
793 790 789
792 793 794
795 786 782
795 782 783
786 796 789
796 786 795
795 797 796
796 798 789
789 798 793
797 798 796
793 799 794
798 799 793
799 798 797
800 794 799
800 799 801
799 797 801
800 801 802
801 803 802
801 804 803
797 804 801
805 803 804
797 795 806
795 783 806
797 806 807
797 807 804
805 804 808
808 809 805
783 810 806
806 810 807
804 807 811
804 811 808
807 810 811
783 812 810
779 812 783
813 812 779
810 812 814
813 814 812
810 815 811
815 810 814
814 816 815
817 814 813
814 817 816
817 813 818
815 819 811
808 811 819
819 815 816
818 820 817
818 821 820
822 808 819
808 822 809
819 823 822
823 819 816
822 824 809
823 824 822
824 825 809
825 824 826
827 825 826
828 827 826
824 829 826
823 829 824
828 826 830
829 830 826
830 831 828
821 832 820
821 833 832
833 834 832
833 835 834
829 823 836
829 837 830
837 829 836
823 838 836
816 838 823
837 836 839
838 839 836
830 840 831
830 837 841
830 841 840
837 839 842
837 842 841
838 843 839
843 842 839
844 838 816
844 843 838
845 831 840
845 846 831
847 840 841
847 845 840
816 848 844
817 848 816
820 848 817
844 849 843
849 844 848
820 850 848
849 848 850
820 832 850
846 845 851
846 851 852
841 853 847
841 842 853
854 845 847
854 851 845
854 847 853
855 852 851
855 856 852
857 855 851
857 851 854
857 854 858
854 853 858
857 858 859
860 859 858
858 853 861
842 861 853
860 858 861
842 862 861
843 862 842
849 862 843
860 861 863
862 863 861
860 863 864
849 865 862
862 865 863
865 849 850
864 863 866
866 863 865
864 866 867
865 850 868
866 865 868
868 850 832
868 832 834
866 868 834
867 866 869
866 834 869
867 869 870
835 869 834
870 869 871
835 871 869
870 871 872
873 871 835
872 871 874
873 874 871
872 874 875
874 873 876
877 875 874
874 876 878
877 874 878
879 878 876
877 878 880
879 880 878
877 880 881
882 880 879
881 880 883
882 883 880
881 883 884
884 883 885
884 885 886
887 883 882
887 885 883
886 885 888
886 888 889
890 889 888
891 887 882
891 882 892
893 885 887
893 888 885
890 888 894
895 890 894
896 891 892
896 892 897
898 896 897
899 887 891
899 893 887
896 899 891
900 888 893
900 894 888
895 894 901
902 895 901
903 893 899
903 900 893
896 904 899
904 903 899
898 905 896
896 905 904
906 894 900
906 901 894
902 901 907
908 902 907
909 900 903
909 906 900
910 903 904
905 910 904
909 903 910
911 901 906
911 907 901
908 907 912
913 908 912
914 906 909
914 911 906
909 910 915
909 915 914
916 907 911
916 912 907
910 917 915
905 917 910
918 911 914
918 916 911
914 915 919
917 919 915
914 919 918
913 912 920
921 913 920
921 920 922
923 921 922
924 920 912
924 922 920
925 912 916
925 924 912
926 916 918
926 925 916
923 922 927
928 923 927
928 927 929
927 930 929
924 931 922
927 922 931
927 932 930
927 931 932
933 930 932
934 924 925
934 931 924
935 932 931
933 932 935
935 931 934
933 935 936
936 935 934
933 936 937
938 937 936
939 934 925
936 934 939
939 925 926
938 936 940
939 940 936
941 938 940
942 939 926
939 942 940
941 940 943
943 940 942
942 926 944
944 926 918
944 918 919
944 945 942
919 945 944
942 945 943
943 946 941
946 947 941
919 948 945
917 948 919
943 945 949
943 949 946
950 947 946
950 951 947
948 917 952
905 952 917
953 945 948
953 949 945
954 946 949
954 950 946
955 951 950
955 956 951
956 955 957
949 958 954
949 953 958
959 950 954
959 955 950
954 958 959
955 960 957
960 955 959
961 957 960
962 961 960
963 953 948
948 952 963
959 964 960
958 964 959
965 962 960
964 965 960
966 958 953
963 966 953
962 965 967
962 967 968
969 964 958
966 969 958
965 964 970
967 965 970
969 970 964
971 968 967
971 972 968
967 970 973
969 973 970
967 973 971
972 971 974
972 974 975
976 971 973
976 974 971
975 974 977
975 977 978
979 974 976
979 977 974
980 977 979
976 552 979
978 977 981
980 981 977
978 981 982
981 980 983
982 981 984
981 983 984
982 984 985
986 976 973
976 986 552
985 984 987
985 987 988
989 988 987
989 990 988
991 990 989
984 992 987
984 983 992
987 992 993
987 993 989
994 989 993
986 995 552
986 973 996
996 973 969
986 997 995
996 997 986
998 995 997
969 999 996
996 999 997
969 966 999
998 997 1000
1000 997 999
1000 1001 998
1002 999 966
1000 999 1002
1002 966 963
1000 1003 1001
1002 1003 1000
963 1004 1002
1002 1004 1003
963 952 1004
1001 1003 1005
1001 1005 1006
1007 1004 952
905 1007 952
1007 905 898
1007 898 1008
1009 1003 1004
1007 1009 1004
1009 1007 1008
1009 1005 1003
1009 1008 1010
1005 1009 1010
1005 1010 1011
1011 1006 1005
1011 1012 1006
590 1013 1014
1015 1013 1016
1015 1016 1017
1017 1016 1018
1017 1018 1019
1019 1018 1020
1019 1020 1021
1021 1020 576
1020 1022 576
576 1022 572
1018 1023 1020
1020 1023 1022
1016 1024 1018
1018 1024 1023
1013 1025 1016
1016 1025 1024
1026 572 1022
559 572 1026
1027 1022 1023
1026 1022 1027
1027 1023 1028
1024 1028 1023
1013 1029 1025
1030 1029 1013
1030 616 1029
1025 1031 1024
1024 1031 1028
1029 1032 1025
1025 1032 1031
1033 1029 616
1029 1033 1032
1033 616 1034
616 631 1034
1035 1034 631
1035 631 632
1034 1036 1033
1034 1035 1036
1033 1036 1037
1033 1037 1032
1032 994 1031
1032 1037 994
1031 1038 1028
1031 994 1038
1028 1038 1039
1028 1039 1040
983 1040 1039
983 1026 1040
1041 1026 983
1041 559 1026
1042 559 1041
1042 552 559
1037 1043 994
994 1043 989
1037 1044 1043
1045 1044 1037
1046 989 1043
991 989 1046
1047 991 1046
1046 1043 1048
1048 1043 1044
1047 1046 1049
1048 1049 1046
325 1047 1049
325 1049 1050
1050 1049 1051
1048 1051 1049
1050 1051 699
699 1051 697
1045 1052 1044
1035 1052 1045
1048 1044 1053
1051 1048 1053
1053 1044 1052
1051 1053 1054
1051 1054 697
1053 1052 1054
1035 1055 1052
1055 1054 1052
632 1055 1035
632 702 1055
697 1054 1056
1055 1056 1054
1056 1055 702
697 1056 700
1056 702 700
1057 1058 1059
1060 1058 1057
1060 1061 1058
1062 1061 1060
1062 1063 1061
1064 1063 1062
1064 1065 1063
1064 1066 1065
1067 1068 1069
1067 1070 1068
1067 1071 1070
1071 1072 1070
1071 1073 1072
1074 1075 1073
1074 1073 1076
1077 1074 1076
1078 1079 1080
1081 1078 1080
1081 1080 1082
1083 1081 1082
1083 1082 1084
1085 1083 1084
1085 1084 1086
1085 1086 1087
1088 1089 1090
1088 1091 1089
1091 1088 1092
1091 1093 1089
1091 1092 1094
1094 1092 1095
1091 1096 1093
1096 1091 1094
1096 1097 1093
1094 1095 1098
1099 1098 1095
1096 1094 1100
1100 1094 1098
1096 1101 1097
1096 1100 1101
1102 1097 1101
1102 1101 1103
1103 1101 1100
1104 1102 1103
1103 1100 1105
1105 1100 1098
1104 1103 1106
1106 1103 1105
1106 1107 1104
1099 1108 1098
1108 1099 1109
1105 1098 1110
1108 1110 1098
1106 1105 1111
1110 1111 1105
1106 1112 1107
1112 1106 1111
1112 1113 1107
1112 1114 1113
1111 1114 1112
1115 1113 1114
1110 1116 1111
1116 1110 1108
1115 1114 1117
1118 1115 1117
1111 1119 1114
1116 1119 1111
1119 1117 1114
1118 1117 1120
1120 1121 1118
1119 1122 1117
1122 1120 1117
1116 1123 1119
1122 1119 1123
1116 1108 1124
1124 1123 1116
1120 1125 1121
1125 1126 1121
1122 1127 1120
1127 1125 1120
1124 1108 1128
1108 1109 1128
1124 1129 1123
1129 1124 1128
1122 1123 1130
1127 1122 1130
1129 1130 1123
1127 1131 1125
1131 1127 1130
1125 1132 1126
1131 1132 1125
1128 1109 1133
1134 1133 1109
1134 1135 1133
1136 1133 1135
1136 1137 1133
1128 1133 1137
1134 1138 1135
1129 1128 1139
1137 1139 1128
1129 1140 1130
1139 1140 1129
1131 1130 1141
1140 1141 1130
1131 1142 1132
1141 1142 1131
1137 1143 1139
1139 1144 1140
1139 1143 1144
1140 1145 1141
1145 1140 1144
1146 1141 1145
1141 1146 1142
1147 1145 1144
1144 1143 1147
1146 1145 1147
1146 1147 1143
1148 1143 1137
1146 1143 1148
1142 1146 1148
1148 1137 1136
1132 1142 1149
1142 1148 1149
1132 1149 1150
1150 1126 1132
1150 1151 1126
1151 1150 1152
1151 1152 1153
1149 1148 1154
1148 1136 1154
1155 1149 1154
1155 1154 1152
1153 1152 1156
1153 1156 1157
1152 1154 1158
1136 1158 1154
1152 1158 1156
1157 1156 1159
1157 1159 1160
1156 1158 1161
1136 1161 1158
1156 1161 1159
1162 1160 1159
1162 1163 1160
1159 1161 1164
1136 1164 1161
1159 1164 1162
1164 1136 1165
1162 1164 1165
1136 1135 1165
1163 1162 1166
1162 1165 1166
1163 1166 1167
1166 1165 1168
1135 1168 1165
1167 1166 1169
1166 1168 1169
1167 1169 1170
1135 1171 1168
1171 1169 1168
1172 1170 1169
1171 1172 1169
1172 1173 1170
1171 1135 1174
1172 1171 1174
1174 1135 1138
1173 1172 1175
1172 1174 1175
1173 1175 1176
1174 1138 1177
1177 1175 1174
1138 1178 1177
1179 1176 1175
1177 1179 1175
1178 1179 1177
1179 1180 1176
1178 1181 1179
1181 1180 1179
1181 1182 1180
1183 1184 1185
1184 1186 1185
1186 1187 1185
1188 1187 1186
1188 1189 1187
1189 404 1187
1190 1189 1188
1191 404 1189
1190 1191 1189
403 404 1191
1192 1191 1190
1193 1192 1190
403 1191 1194
1192 1194 1191
1194 408 403
1194 1195 408
409 408 1195
1192 1196 1194
1195 1194 1196
1193 1197 1192
1197 1196 1192
409 1195 1198
1199 409 1198
1199 1198 1200
1193 1201 1197
1193 1202 1201
1195 1196 1203
1198 1195 1203
1204 1200 1198
1198 1203 1204
1204 1205 1200
1197 1206 1196
1206 1203 1196
1201 1206 1197
1205 1204 1207
1205 1207 1208
1209 1204 1203
1206 1209 1203
1209 1207 1204
1201 1210 1206
1209 1206 1210
1201 1202 1211
1211 1210 1201
1208 1207 1212
1208 1212 1213
1207 1209 1214
1209 1210 1214
1207 1214 1212
1213 1212 1215
1213 1215 1216
1214 1210 1217
1211 1217 1210
1217 1211 1218
1202 1219 1211
1211 1219 1218
1202 1220 1219
1221 1212 1214
1214 1217 1221
1221 1215 1212
1218 1221 1217
1220 1222 1219
1218 1219 1222
1220 1223 1222
1216 1215 1224
1216 1224 1225
1215 1221 1226
1218 1226 1221
1215 1226 1224
1223 1227 1222
1223 1228 1227
1229 1225 1224
1229 1230 1225
1231 1224 1226
1231 1226 1218
1231 1229 1224
1218 1222 1232
1232 1222 1227
1232 1231 1218
1233 1230 1229
1233 1234 1230
1235 1229 1231
1235 1233 1229
1236 1231 1232
1236 1235 1231
1237 1233 1235
1235 1236 1237
1234 1233 1238
1237 1238 1233
1232 1227 1239
1239 1236 1232
1227 1240 1239
1240 1236 1239
1236 1241 1237
1240 1241 1236
1227 1242 1240
1228 1242 1227
1228 1243 1242
1242 1244 1240
1241 1240 1244
1243 1245 1242
1244 1242 1245
1243 1246 1245
1245 1246 1247
1247 1248 1245
1248 1244 1245
1247 1249 1248
1250 1237 1241
1250 1238 1237
1241 1244 1251
1251 1250 1241
1250 1251 1252
1251 1244 1253
1244 1248 1253
1252 1251 1253
1248 1249 1254
1253 1248 1254
1254 1252 1253
1255 1254 1249
1255 1256 1254
1254 1256 1252
1255 1257 1256
1256 1257 1258
1256 1258 1259
1252 1256 1259
1260 1259 1258
1252 1261 1250
1250 1261 1238
1252 1262 1261
1252 1259 1262
1260 1263 1259
1263 1260 1264
1238 1261 1265
1261 1262 1265
1259 1266 1262
1259 1263 1266
1262 1266 1265
1238 1265 1267
1234 1238 1267
1268 1234 1267
1265 1269 1267
1268 1267 1269
1265 1266 1270
1270 1269 1265
1269 1270 1271
1269 1271 1272
1272 1268 1273
1272 1274 1268
1270 1266 1275
1263 1275 1266
1275 1271 1270
1274 1272 1276
1274 1276 1277
1278 1275 1263
1263 1264 1278
1275 1278 1279
1279 1271 1275
1278 1264 1280
1279 1278 1280
1280 1264 1281
1281 1282 1280
1283 1282 1281
1284 1282 1283
1280 1282 1285
1279 1280 1285
1284 1286 1282
1285 1282 1286
1286 1284 1287
1277 1276 1288
1277 1288 1289
1289 1288 1290
1289 1290 1291
1285 1292 1279
1285 1286 1293
1293 1292 1285
1279 1292 1294
1271 1279 1294
1293 1295 1292
1294 1292 1295
1286 1287 1296
1286 1297 1293
1286 1296 1297
1293 1298 1295
1293 1297 1298
1294 1295 1299
1299 1295 1298
1300 1271 1294
1300 1294 1299
1301 1296 1287
1301 1287 1302
1303 1297 1296
1303 1296 1301
1271 1300 1304
1272 1271 1304
1276 1272 1304
1300 1299 1305
1305 1304 1300
1276 1304 1306
1305 1306 1304
1276 1306 1288
1302 1307 1301
1302 1308 1307
1297 1303 1309
1297 1309 1298
1310 1303 1301
1310 1301 1307
1310 1309 1303
1311 1307 1308
1311 1308 1312
1313 1307 1311
1313 1310 1307
1313 1314 1310
1310 1314 1309
1313 1315 1314
1316 1314 1315
1314 1317 1309
1298 1309 1317
1316 1317 1314
1298 1317 1318
1299 1298 1318
1305 1299 1318
1316 1319 1317
1318 1317 1319
1316 1320 1319
1305 1318 1321
1318 1319 1321
1321 1306 1305
1320 1322 1319
1322 1321 1319
1320 1323 1322
1321 1324 1306
1322 1324 1321
1324 1288 1306
1324 1290 1288
1322 1290 1324
1323 1325 1322
1322 1325 1290
1323 1326 1325
1291 1290 1325
1326 1327 1325
1291 1325 1327
1326 1328 1327
1329 1291 1327
1328 1330 1327
1329 1327 1330
1328 1331 1330
1330 1332 1329
1333 1330 1331
1330 1334 1332
1333 1334 1330
1335 1332 1334
1333 1336 1334
1335 1334 1336
1333 1337 1336
1338 1335 1336
1337 1339 1336
1338 1336 1339
1337 1340 1339
1340 1341 1339
1340 1342 1341
1343 1338 1339
1343 1339 1341
1342 1344 1341
1342 1345 1344
1346 1344 1345
1347 1338 1343
1347 1348 1338
1349 1343 1341
1349 1341 1344
1346 1350 1344
1351 1350 1346
1352 1348 1347
1352 1353 1348
1354 1353 1352
1355 1347 1343
1355 1343 1349
1352 1347 1355
1356 1349 1344
1356 1344 1350
1351 1357 1350
1358 1357 1351
1359 1355 1349
1359 1349 1356
1352 1355 1360
1360 1355 1359
1354 1352 1361
1352 1360 1361
1362 1356 1350
1362 1350 1357
1358 1363 1357
1364 1363 1358
1365 1359 1356
1365 1356 1362
1366 1360 1359
1361 1360 1366
1365 1366 1359
1367 1362 1357
1367 1357 1363
1364 1368 1363
1369 1368 1364
1370 1365 1362
1370 1362 1367
1365 1371 1366
1365 1370 1371
1372 1367 1363
1372 1363 1368
1366 1371 1373
1361 1366 1373
1374 1370 1367
1374 1367 1372
1370 1375 1371
1373 1371 1375
1370 1374 1375
1369 1376 1368
1377 1376 1369
1377 1378 1376
1379 1378 1377
1380 1368 1376
1380 1376 1378
1381 1372 1368
1381 1368 1380
1382 1374 1372
1382 1372 1381
1379 1383 1378
1384 1383 1379
1384 1385 1383
1383 1385 1386
1380 1378 1387
1383 1387 1378
1383 1386 1388
1383 1388 1387
1389 1388 1386
1390 1381 1380
1390 1380 1387
1391 1387 1388
1389 1391 1388
1391 1390 1387
1389 1392 1391
1392 1390 1391
1389 1393 1392
1394 1392 1393
1395 1381 1390
1392 1395 1390
1395 1382 1381
1394 1396 1392
1395 1392 1396
1397 1396 1394
1398 1382 1395
1395 1396 1398
1397 1399 1396
1399 1398 1396
1398 1400 1382
1400 1374 1382
1400 1375 1374
1400 1398 1401
1375 1400 1401
1398 1399 1401
1399 1397 1402
1402 1397 1403
1375 1401 1404
1373 1375 1404
1399 1405 1401
1399 1402 1405
1406 1402 1403
1406 1403 1407
1404 1408 1373
1361 1373 1408
1409 1404 1401
1409 1401 1405
1410 1405 1402
1410 1402 1406
1411 1406 1407
1411 1407 1412
1412 1413 1411
1405 1410 1414
1405 1414 1409
1415 1410 1406
1415 1406 1411
1410 1415 1414
1411 1413 1416
1416 1415 1411
1417 1416 1413
330 1416 1417
1418 1404 1409
1404 1418 1408
1415 1416 1419
1414 1415 1419
1420 1416 330
1419 1416 1420
330 329 1420
329 1421 1420
1420 1421 1419
329 331 1421
1422 1419 1421
1422 1414 1419
1422 1421 331
1423 1409 1414
1418 1409 1423
1423 1414 1422
1424 1422 331
327 1424 331
1422 1425 1423
1422 1424 1425
1424 327 1426
1424 1426 1425
327 328 1426
1427 1426 328
1427 1428 1426
1428 1425 1426
1428 1427 1429
1430 1423 1425
1430 1418 1423
1428 1430 1425
1428 1429 1431
1430 1428 1431
1418 1430 1432
1430 1431 1432
1418 1432 1408
1429 1433 1431
1429 1434 1433
1435 1432 1431
1435 1431 1433
1436 1408 1432
1436 1432 1435
1361 1408 1436
1436 1354 1361
1436 1437 1354
1435 1437 1436
1435 1438 1437
1433 1438 1435
1433 1439 1438
1439 1433 1434
1439 1434 1440
1441 1442 1443
1441 1444 1442
1445 1442 1444
1445 1444 1446
1446 1447 1445
1446 1448 1447
1449 1447 1448
1449 1448 1450
1451 1449 1450
1451 1452 1449
1452 1451 1453
1452 1453 1454
1454 1453 1455
1454 1455 1456
1457 1456 1455
1457 1458 1456
1459 1458 1457
1459 1460 1458
1460 1459 1461
1460 1461 1462
1463 1462 1461
1463 1464 1462
1465 1466 1467
1465 1468 1466
1468 1465 1469
1468 1469 1470
1469 1471 1470
1469 1472 1471
1472 1473 1471
1472 1474 1473
1474 1475 1473
1474 1476 1475
1477 1475 1476
1477 1476 1478
1479 1477 1478
1479 1478 1480
1481 1479 1480
1481 1480 1482
1482 1483 1481
1482 1484 1483
1485 1483 1484
1485 1484 1486
1486 1487 1485
1486 1488 1487
1489 1490 1491
1489 1492 1490
1493 1490 1492
1493 1492 1494
1494 1495 1493
1494 1496 1495
1496 1497 1495
1496 1498 1497
1498 1499 1497
1498 1500 1499
1500 1501 1499
1500 1502 1501
1502 1503 1501
1502 1504 1503
1505 1503 1504
1505 1504 1506
1506 1507 1505
1506 1508 1507
1508 1509 1507
1508 1510 1509
1511 1512 1513
1511 1514 1512
1515 1514 1511
1515 1511 1516
1517 1518 1519
1517 1519 1520
1520 1519 1521
1520 1521 1522
1522 1521 1523
1522 1523 1524
1525 1524 1523
1525 1526 1524
1526 1525 1527
1526 1527 1528
1528 1527 1529
1528 1529 1530
1530 1529 1531
1530 1531 1532
1532 1531 1533
1532 1533 1534
1535 1534 1533
1535 1536 1534
1537 1536 1535
1537 1538 1536
1539 1540 1541
1540 1542 1541
1542 1540 1543
1542 1543 1544
1545 1543 1540
1544 1543 1546
1545 1546 1543
1544 1546 1547
1545 1548 1546
1548 1547 1546
1548 1549 1547
1548 1550 1549
1545 1551 1548
1548 1552 1550
1552 1548 1551
1553 1550 1552
1554 1552 1551
1553 1552 1554
1554 1551 1555
1556 1553 1554
1557 1554 1555
1556 1554 1557
1557 1555 1558
1556 1557 1559
1557 1558 1560
1559 1557 1560
1561 1562 1563
1561 1563 1564
1564 1563 1565
1566 1561 1564
1564 1565 1567
1567 1565 1568
1566 1564 1569
1569 1564 1567
1567 1568 1570
1570 1569 1567
1570 1568 1571
1572 1566 1569
1570 1572 1569
1572 1573 1566
1570 1571 1574
1572 1570 1574
1574 1571 1575
1576 1573 1572
1572 1574 1576
1576 1577 1573
1574 1575 1578
1578 1576 1574
1579 1578 1575
1580 1577 1576
1578 1580 1576
1580 1581 1577
1582 1580 1578
1579 1582 1578
1581 1580 1583
1582 1583 1580
1581 1583 1584
1585 1584 1583
1582 1586 1583
1585 1583 1586
1587 1586 1582
1579 1587 1582
1585 1586 1587
1587 1579 1588
1579 1589 1588
1585 1587 1590
1590 1587 1588
1585 1590 1591
1590 1588 1592
1592 1591 1590
1588 1589 1592
1592 1593 1591
1593 1592 1589
1593 1589 1594
1595 1596 1597
1595 1597 1598
1598 1599 1595
1598 1597 1600
1598 1601 1599
1601 1602 1599
1598 1600 1603
1603 1601 1598
1603 1600 1604
1601 1605 1602
1606 1602 1605
1603 1607 1601
1607 1605 1601
1603 1604 1608
1603 1608 1607
1609 1608 1604
1609 1610 1608
1610 1607 1608
1611 1610 1609
1610 1612 1607
1612 1605 1607
1611 1613 1610
1613 1612 1610
1613 1611 1614
1606 1605 1615
1615 1616 1606
1612 1617 1605
1615 1605 1617
1613 1618 1612
1617 1612 1618
1613 1614 1619
1619 1618 1613
1619 1614 1620
1619 1620 1621
1618 1619 1621
1622 1621 1620
1617 1618 1623
1623 1615 1617
1622 1624 1621
1625 1624 1622
1618 1621 1626
1623 1618 1626
1626 1621 1624
1625 1627 1624
1627 1625 1628
1626 1624 1629
1629 1624 1627
1623 1626 1630
1629 1630 1626
1623 1631 1615
1631 1623 1630
1627 1628 1632
1632 1628 1633
1629 1627 1634
1634 1627 1632
1631 1635 1615
1615 1635 1616
1631 1630 1636
1636 1635 1631
1629 1637 1630
1634 1637 1629
1636 1630 1637
1634 1632 1638
1638 1637 1634
1632 1633 1639
1638 1632 1639
1635 1640 1616
1641 1616 1640
1641 1640 1642
1643 1642 1640
1643 1640 1644
1635 1644 1640
1641 1642 1645
1636 1646 1635
1644 1635 1646
1636 1637 1647
1646 1636 1647
1638 1648 1637
1647 1637 1648
1638 1639 1649
1648 1638 1649
1644 1646 1650
1646 1647 1651
1646 1651 1650
1647 1648 1652
1652 1651 1647
1653 1652 1648
1648 1649 1653
1654 1651 1652
1651 1654 1650
1653 1654 1652
1653 1650 1654
1655 1644 1650
1653 1655 1650
1649 1655 1653
1655 1643 1644
1639 1656 1649
1649 1656 1655
1639 1657 1656
1657 1639 1633
1657 1633 1658
1658 1659 1657
1658 1660 1659
1656 1661 1655
1655 1661 1643
1662 1661 1656
1662 1663 1661
1660 1664 1663
1660 1665 1664
1663 1666 1661
1643 1661 1666
1663 1664 1666
1665 1667 1664
1665 1668 1667
1664 1669 1666
1643 1666 1669
1664 1667 1669
1670 1667 1668
1670 1668 1671
1667 1672 1669
1643 1669 1672
1667 1670 1672
1672 1673 1643
1670 1673 1672
1643 1673 1642
1671 1674 1670
1670 1674 1673
1671 1675 1674
1674 1676 1673
1642 1673 1676
1675 1677 1674
1674 1677 1676
1675 1678 1677
1642 1676 1679
1679 1676 1677
1680 1677 1678
1679 1677 1680
1680 1678 1681
1679 1682 1642
1680 1682 1679
1682 1645 1642
1681 1683 1680
1680 1683 1682
1681 1684 1683
1682 1685 1645
1685 1682 1683
1645 1685 1686
1687 1683 1684
1685 1683 1687
1686 1685 1687
1687 1684 1688
1686 1687 1689
1689 1687 1688
1689 1688 1690
1691 1692 1693
1691 1693 1694
1695 1694 1693
1695 1696 1694
1696 1695 1697
1696 1697 1698
1699 1698 1697
1699 1700 1698
1701 1700 1699
1701 1699 1702
1702 1703 1701
1702 1704 1703
1704 1705 1703
1704 1706 1705
1707 1705 1706
1707 1706 1708
1709 1707 1708
1709 1708 1710
1710 1711 1709
1710 1712 1711
1713 1711 1712
1713 1712 1714
1715 1716 1717
1715 1717 1718
1718 1719 1715
1718 1720 1719
1719 1720 1721
1719 1721 1722
1722 1721 1723
1722 1723 1724
1724 1723 1725
1724 1725 1726
1727 1726 1725
1727 1728 1726
1729 1728 1727
1729 1730 1728
1731 1730 1729
1731 1732 1730
1732 1731 1733
1732 1733 1734
1735 1734 1733
1735 1736 1734
1736 1735 1737
1736 1737 1738
1739 1740 1741
1739 1741 1742
1743 1739 1742
1743 1744 1739
1745 1746 1741
1745 1747 1746
1747 1748 1746
1747 1749 1748
1749 1750 1748
1749 1751 1750
1752 1750 1751
1752 1751 1753
1753 1754 1752
1753 1755 1754
1755 1756 1754
1755 1757 1756
1757 1758 1756
1757 1759 1758
1759 1760 1758
1759 1761 1760
1762 1760 1761
1762 1761 1763
1764 1762 1763
1764 1763 1765
1766 1767 1768
1766 1769 1767
1770 1769 1766
1770 1771 1769
1771 1770 1772
1771 1772 1773
1774 1773 1772
1774 1775 1773
1776 1775 1774
1776 1777 1775
1778 1777 1776
1778 1779 1777
1780 1779 1778
1780 1781 1779
1782 1781 1780
1782 1783 1781
1783 1782 1784
1783 1784 1785
1786 1785 1784
1786 1743 1785
1787 1788 1789
1789 1788 1790
1790 1791 1789
1790 1792 1791
1793 1789 1791
1792 1794 1791
1793 1791 1794
1792 1795 1794
1793 1794 1796
1796 1794 1795
1796 1795 1797
1796 1797 1798
1793 1796 1799
1796 1798 1800
1800 1799 1796
1801 1800 1798
1802 1799 1800
1801 1802 1800
1802 1803 1799
1804 1802 1801
1805 1803 1802
1804 1805 1802
1805 1806 1803
1804 1807 1805
1805 1808 1806
1807 1808 1805
1809 1810 1811
1809 1812 1810
1812 1813 1810
1814 1812 1809
1812 1815 1813
1815 1816 1813
1814 1817 1812
1817 1815 1812
1815 1818 1816
1818 1815 1817
1818 1819 1816
1820 1817 1814
1818 1817 1820
1820 1814 1821
1818 1822 1819
1820 1822 1818
1822 1823 1819
1824 1820 1821
1820 1824 1822
1824 1821 1825
1822 1826 1823
1826 1822 1824
1827 1823 1826
1828 1824 1825
1826 1824 1828
1828 1825 1829
1830 1826 1828
1827 1826 1830
1829 1831 1828
1830 1828 1831
1829 1832 1831
1833 1831 1832
1830 1831 1834
1833 1834 1831
1835 1830 1834
1827 1830 1835
1833 1835 1834
1835 1836 1827
1827 1836 1837
1833 1838 1835
1838 1836 1835
1833 1839 1838
1838 1840 1836
1840 1838 1839
1836 1840 1837
1840 1839 1841
1841 1837 1840
1841 1842 1837
1843 1844 1845
1843 1846 1844
1847 1846 1843
1847 1843 1848
1847 1848 1849
1846 1850 1844
1846 1851 1850
1847 1851 1846
1851 1852 1850
1847 1849 1853
1854 1853 1849
1854 1849 1855
1856 1854 1855
1856 1855 1857
1858 1856 1857
1858 1859 1856
1856 1859 1860
1861 1854 1856
1856 1860 1861
1853 1854 1862
1861 1862 1854
1847 1853 1863
1853 1862 1863
1864 1861 1860
1864 1860 1865
1864 1865 1866
1861 1867 1862
1861 1864 1867
1864 1866 1868
1867 1864 1868
1867 1868 1869
1870 1867 1869
1871 1862 1867
1870 1871 1867
1871 1863 1862
1872 1871 1870
1872 1863 1871
1872 1870 1873
1874 1872 1873
1872 1875 1863
1847 1863 1875
1847 1875 1851
1872 1851 1875
1872 1876 1851
1874 1876 1872
1876 1852 1851
1874 1877 1876
1876 1877 1852
1874 1878 1877
1877 1879 1852
1880 1879 1877
1879 1881 1852
1880 1882 1879
1879 1844 1881
1844 1879 1882
1844 1882 1883
1884 1885 1886
1884 1887 1885
1887 1884 1888
1887 1888 1889
1890 1891 1889
1890 1892 1891
1892 1890 1893
1894 1891 1892
1894 1885 1891
1892 1893 1895
1894 1892 1895
1893 1896 1895
1895 1896 1897
1894 1895 1897
1897 1896 1898
1899 1894 1897
1899 1885 1894
1899 1897 1898
1899 1900 1885
1901 1885 1900
1901 1900 1902
1900 1903 1902
1900 1904 1903
1899 1904 1900
1899 1905 1904
1905 1899 1898
1905 1898 1906
1898 1907 1906
1908 1909 1910
1911 1908 1910
1911 1912 1908
1913 1912 1911
1913 1914 1912
1915 1914 1913
1915 1916 1914
1917 1916 1915
1917 1918 1916
1919 1918 1917
1919 1920 1918
1920 1919 1921
1920 1921 1922
1923 1922 1921
1923 1924 1922
1925 1924 1923
1925 1923 1926
1927 1925 1926
1927 1928 1925
1928 1927 1929
1928 1929 1930
1930 1929 1931
1930 1931 1932
1931 1933 1932
1931 1934 1933
1933 1934 1935
1936 1937 1938
1936 1938 1939
1939 1938 1940
1939 1940 1941
1941 1940 1942
1941 1942 1943
1944 1943 1942
1944 1945 1943
1944 1946 1945
1947 1948 1949
1950 1947 1949
1950 1951 1947
1950 1952 1951
1950 1953 1952
1953 1954 1952
1953 1955 1954
1955 1956 1954
1955 1957 1956
1957 1958 1956
1957 1959 1958
1960 1958 1959
1960 1959 1961
1962 1960 1961
1963 1959 1957
1963 1964 1959
1964 1961 1959
1957 1965 1963
1957 1966 1965
1964 1967 1961
1968 1965 1966
1969 1961 1967
1962 1961 1969
1969 1967 1970
1971 1962 1969
1970 1971 1969
1971 1972 1962
1970 1973 1971
1972 1971 1974
1974 1971 1973
1972 1974 1975
1974 1973 1976
1975 1974 1977
1977 1974 1976
1975 1977 1978
1979 1978 1977
1977 1976 1980
1980 1979 1977
1979 1981 1978
1980 1982 1979
1983 1981 1979
1984 1979 1982
1983 1979 1985
1984 1985 1979
1986 1983 1985
1986 1985 1984
1986 1987 1983
1986 1984 1988
1989 1987 1986
1989 1986 1988
1989 1990 1987
1989 1988 1991
1990 1989 1992
1993 1989 1991
1993 1992 1989
1993 1991 1994
1995 1992 1993
1995 1993 1994
1995 1996 1992
1995 1994 1997
1998 1996 1995
1997 1999 1995
1998 1995 1999
1997 2000 1999
1999 2000 2001
2002 1998 1999
1999 2001 2002
2002 2003 1998
2004 2002 2001
2003 2002 2004
2005 1966 2006
2005 2007 1966
1966 2007 2008
1966 2008 2009
1968 1966 2009
2009 2008 2010
2011 1968 2009
2009 2010 2012
2011 2009 2012
2012 2010 2013
2012 2013 2011
2014 2015 2016
2014 2017 2015
2017 2018 2015
2017 2019 2018
2019 2020 2018
2019 2021 2020
2022 2020 2021
2022 2021 2023
2022 2023 2024
2025 2026 2027
2028 2026 2025
2028 2025 2029
2028 2029 2030
2028 2030 2031
2031 2030 2032
2031 2032 2033
2033 2032 2034
2033 2034 2035
2035 2034 2036
2035 2036 2037
2038 2037 2036
2038 2039 2037
2040 2039 2038
2041 2035 2037
2041 2037 2042
2042 2037 2039
2035 2041 2043
2035 2043 2044
2042 2039 2045
2046 2044 2043
2047 2045 2039
2040 2047 2039
2047 2048 2045
2049 2047 2040
2048 2047 2049
2049 2040 2050
2048 2049 2051
2050 2052 2049
2052 2051 2049
2050 2053 2052
2052 2054 2051
2053 2055 2052
2055 2054 2052
2053 2056 2055
2057 2055 2056
2055 2058 2054
2058 2055 2057
2057 2056 2059
2058 2057 2060
2061 2060 2057
2062 2057 2059
2061 2057 2063
2062 2063 2057
2063 2064 2061
2065 2063 2062
2063 2065 2064
2065 2062 2066
2067 2064 2065
2067 2065 2066
2067 2066 2068
2067 2069 2064
2068 2070 2067
2071 2069 2067
2071 2067 2070
2071 2072 2069
2073 2071 2070
2073 2072 2071
2073 2070 2074
2073 2075 2072
2076 2073 2074
2075 2073 2077
2076 2077 2073
2075 2077 2078
2077 2079 2078
2080 2077 2076
2077 2080 2079
2080 2076 2081
2082 2079 2080
2081 2082 2080
2083 2084 2044
2083 2044 2085
2044 2086 2087
2044 2088 2086
2046 2088 2044
2088 2089 2086
2090 2088 2046
2088 2091 2089
2090 2091 2088
2091 2092 2089
2091 2090 2092
2093 2094 2095
2096 2094 2093
2096 2093 2097
2098 2096 2097
2098 2097 2099
2100 2098 2099
2100 2099 2101
2102 2100 2101
2102 2101 2103
2104 2102 2103
2104 2103 2105
2105 2106 2104
2105 2107 2106
2108 2106 2107
2108 2107 2109
2110 2108 2109
2110 2109 2111
2110 2111 2112
2110 2112 2113
2114 2113 2112
2114 2112 2115
2116 2114 2115
2116 2117 2114
2116 2118 2117
2116 2119 2118
2119 2120 2118
2121 2122 2123
2121 2123 2124
2124 2125 2121
2124 2126 2125
2127 2126 2128
2127 2128 2129
2129 2130 2127
2131 2129 2128
2131 2128 2123
2129 2132 2130
2131 2132 2129
2130 2132 2133
2132 2134 2133
2131 2134 2132
2134 2135 2133
2136 2134 2131
2136 2131 2123
2136 2135 2134
2136 2123 2137
2138 2137 2123
2138 2139 2137
2137 2139 2140
2137 2140 2141
2136 2137 2141
2136 2141 2142
2142 2135 2136
2142 2143 2135
2135 2143 2144
2145 2146 2147
2145 2147 2148
2145 2149 2146
2149 2150 2146
2149 2151 2150
2149 2152 2151
2149 2153 2152
2153 2149 2145
2153 2145 2154
2145 2148 2155
2154 2145 2155
2148 2156 2155
2154 2155 2157
2156 2157 2155
2158 2159 2160
2158 2161 2159
2158 2160 2162
2162 2160 2163
2162 2163 2164
2162 2164 2165
2162 2165 2166
2166 2158 2162
2166 2167 2158
2158 2168 2161
2167 2168 2158
2161 2168 2169
2167 2170 2168
2169 2168 2170
2171 2172 2173
2174 2173 2172
2171 2173 2175
2176 2171 2175
2174 2177 2173
2178 2177 2174
2176 2175 2179
2180 2176 2179
2181 2175 2173
2181 2173 2177
2181 2179 2175
2181 2177 2182
2178 2182 2177
2181 2183 2179
2180 2179 2183
2184 2182 2178
2183 2185 2180
2184 2186 2182
2181 2182 2186
2187 2186 2184
2183 2188 2185
2181 2188 2183
2188 2189 2185
2187 2190 2186
2181 2186 2190
2190 2187 2191
2188 2192 2189
2181 2192 2188
2193 2189 2192
2190 2191 2194
2181 2190 2194
2194 2191 2195
2193 2192 2196
2181 2196 2192
2181 2194 2197
2194 2195 2197
2181 2198 2196
2199 2193 2196
2199 2196 2198
2200 2197 2195
2201 2199 2198
2200 2202 2197
2181 2197 2202
2203 2202 2200
2201 2198 2204
2181 2204 2198
2205 2201 2204
2203 2206 2202
2181 2202 2206
2206 2203 2207
2205 2204 2208
2181 2208 2204
2208 2209 2205
2208 2210 2209
2207 2209 2210
2181 2210 2208
2181 2206 2211
2206 2207 2211
2181 2211 2210
2207 2210 2211
2212 2213 2214
2215 2214 2213
2212 2216 2213
2217 2216 2212
2215 2213 2218
2219 2215 2218
2217 2220 2216
2221 2220 2217
2222 2213 2216
2222 2218 2213
2222 2216 2220
2222 2223 2218
2219 2218 2223
2222 2220 2224
2221 2224 2220
2225 2219 2223
2224 2221 2226
2225 2223 2227
2222 2227 2223
2228 2225 2227
2224 2226 2229
2222 2224 2229
2229 2226 2230
2228 2227 2231
2222 2231 2227
2231 2232 2228
2229 2230 2233
2222 2229 2233
2234 2233 2230
2231 2235 2232
2222 2235 2231
2235 2236 2232
2234 2237 2233
2222 2233 2237
2222 2238 2235
2235 2238 2236
2222 2237 2239
2240 2237 2234
2240 2239 2237
2241 2236 2238
2242 2239 2240
2241 2238 2243
2222 2243 2238
2244 2241 2243
2242 2245 2239
2222 2239 2245
2246 2245 2242
2244 2243 2247
2222 2247 2243
2247 2248 2244
2246 2249 2245
2222 2245 2249
2249 2246 2250
2249 2250 2251
2248 2251 2250
2222 2249 2251
2222 2252 2247
2247 2252 2248
2222 2251 2252
2248 2252 2251
2253 2254 2255
2253 2255 2256
2253 2257 2254
2258 2257 2253
2257 2259 2254
2253 2256 2260
2258 2253 2260
2260 2256 2261
2257 2262 2259
2262 2263 2259
2260 2261 2264
2264 2261 2265
2258 2266 2257
2266 2262 2257
2267 2260 2264
2258 2260 2267
2264 2265 2268
2268 2265 2269
2267 2264 2270
2270 2264 2268
2268 2269 2271
2271 2269 2272
2270 2268 2273
2273 2268 2271
2274 2267 2270
2275 2258 2267
2274 2275 2267
2275 2274 2276
2277 2275 2276
2275 2277 2258
2274 2278 2276
2278 2274 2270
2278 2270 2273
2279 2258 2277
2279 2277 2276
2279 2266 2258
2280 2278 2273
2278 2280 2276
2273 2271 2281
2280 2273 2281
2271 2272 2282
2281 2271 2282
2283 2266 2279
2283 2279 2276
2284 2280 2281
2280 2284 2276
2285 2282 2272
2285 2272 2286
2281 2282 2287
2284 2281 2287
2287 2282 2285
2283 2288 2266
2266 2288 2262
2289 2283 2276
2289 2288 2283
2284 2290 2276
2290 2284 2287
2291 2289 2276
2290 2292 2276
2290 2287 2293
2287 2285 2293
2292 2290 2293
2294 2285 2286
2294 2286 2295
2296 2293 2285
2292 2293 2296
2296 2285 2294
2288 2297 2262
2262 2297 2263
2289 2298 2288
2288 2298 2297
2291 2298 2289
2299 2294 2295
2299 2295 2300
2301 2296 2294
2292 2296 2301
2301 2294 2299
2302 2263 2297
2302 2303 2263
2304 2297 2298
2291 2304 2298
2304 2302 2297
2305 2299 2300
2305 2300 2306
2292 2301 2307
2292 2307 2276
2308 2301 2299
2307 2301 2308
2308 2299 2305
2309 2303 2302
2309 2310 2303
2309 2311 2310
2312 2302 2304
2312 2309 2302
2313 2305 2306
2313 2306 2314
2307 2308 2315
2307 2315 2276
2316 2308 2305
2315 2308 2316
2316 2305 2313
2309 2317 2311
2317 2318 2311
2319 2313 2314
2319 2314 2320
2321 2313 2319
2321 2316 2313
2322 2319 2320
2321 2319 2322
2322 2320 2323
2315 2316 2324
2315 2324 2276
2325 2324 2316
2325 2316 2321
2324 2325 2276
2326 2322 2323
2326 2323 2327
2326 2327 2328
2321 2322 2329
2329 2322 2326
2330 2325 2321
2325 2330 2276
2330 2321 2329
2330 2331 2276
2331 2330 2329
2331 2332 2276
2332 2333 2276
2331 2329 2334
2329 2326 2334
2332 2331 2334
2326 2328 2335
2334 2326 2335
2335 2328 2336
2332 2334 2337
2334 2335 2337
2333 2332 2337
2335 2336 2338
2337 2335 2338
2338 2336 2339
2333 2337 2340
2337 2338 2340
2338 2339 2341
2340 2338 2341
2341 2339 2342
2343 2333 2340
2333 2343 2276
2341 2342 2344
2344 2342 2345
2340 2341 2346
2343 2340 2346
2346 2341 2344
2344 2345 2347
2347 2345 2318
2348 2343 2346
2343 2348 2276
2346 2344 2349
2348 2346 2349
2349 2344 2347
2347 2318 2350
2317 2350 2318
2351 2348 2349
2348 2351 2276
2349 2347 2352
2352 2347 2350
2351 2349 2352
2353 2350 2317
2352 2350 2353
2354 2351 2352
2354 2352 2353
2351 2354 2276
2353 2317 2355
2354 2353 2355
2355 2317 2309
2355 2309 2312
2354 2355 2356
2354 2356 2276
2356 2355 2312
2356 2357 2276
2356 2312 2357
2357 2291 2276
2357 2312 2304
2357 2304 2291
2358 2359 2360
1858 2359 2358
1858 2358 2361
2358 2362 2361
2358 2360 2363
2363 2360 2364
2358 2365 2362
2365 2358 2363
2366 2362 2365
2366 2367 2362
2366 1866 2367
2366 2368 1866
2369 2368 2366
2365 2369 2366
2369 2370 2368
2371 2370 2369
2365 2363 2372
2365 2372 2369
2363 2364 2373
2373 2372 2363
2374 2373 2364
2374 2364 2375
2374 2375 2376
2371 2369 2377
2377 2369 2372
2378 2371 2377
2378 2379 2371
2380 2379 2378
2373 2381 2372
2377 2372 2381
2374 2381 2373
2378 2377 2381
2374 2382 2381
2378 2381 2382
2374 2383 2382
2378 2382 2383
2374 2376 2384
2374 2384 2383
2380 2378 2385
2378 2383 2385
2376 2386 2384
2376 2387 2386
2386 2387 2388
2380 2385 2389
2380 2389 2390
2390 2391 2388
2386 2388 2391
2390 2389 2391
2384 2386 2392
2384 2392 2383
2391 2392 2386
2385 2393 2389
2385 2383 2393
2389 2393 2391
2383 2392 2393
2391 2393 2392
2394 2395 2396
2394 2397 2395
2394 2398 2397
2394 2396 2399
2400 2399 2396
2401 2398 2394
2399 2401 2394
2401 2402 2398
2403 2402 2401
2399 2403 2401
2403 2404 2402
2405 2404 2403
2400 2406 2399
2406 2403 2399
2407 2406 2400
2405 2403 2408
2406 2408 2403
2409 2405 2408
2409 2408 2410
2410 2408 2406
2410 2411 2409
2407 2412 2406
2410 2406 2412
2410 2413 2411
2413 2410 2412
2413 2414 2411
2415 2412 2407
2413 2412 2415
2415 2407 2416
2413 2417 2414
2417 2413 2415
2417 2418 2414
2419 2415 2416
2417 2415 2419
2419 2416 2420
2417 2421 2418
2419 2421 2417
2421 2422 2418
2420 2423 2419
2419 2423 2421
2420 2424 2423
2421 2425 2422
2423 2425 2421
2424 2426 2423
2423 2426 2425
2426 2422 2425
2424 2427 2426
2426 2428 2422
2428 2426 2427
2428 2427 2429
2430 2429 2431
2430 2431 2432
2433 2432 2431
2430 2432 2434
2430 2434 2435
2433 2436 2432
2436 2434 2432
2437 2436 2433
2438 2435 2434
2436 2438 2434
2438 2439 2435
2437 2440 2436
2440 2438 2436
2440 2437 2441
2442 2439 2438
2440 2442 2438
2442 2443 2439
2440 2441 2444
2444 2442 2440
2444 2441 2445
2443 2442 2446
2444 2446 2442
2443 2446 2447
2444 2445 2448
2448 2446 2444
2449 2448 2445
2447 2446 2450
2448 2450 2446
2447 2450 2451
2452 2451 2450
2449 2453 2448
2450 2448 2453
2452 2450 2454
2450 2453 2454
2454 2455 2452
2454 2456 2455
2453 2456 2454
2456 2457 2455
2458 2453 2449
2453 2458 2456
2458 2449 2459
2456 2460 2457
2458 2460 2456
2461 2457 2460
2459 2462 2458
2458 2462 2460
2461 2460 2462
2459 2463 2462
2461 2462 2463
2461 2463 2397
2464 2465 2466
2467 2464 2466
2464 2468 2465
2468 2469 2465
2468 2470 2469
2470 2471 2469
2470 2472 2471
2470 2473 2472
2474 2470 2468
2470 2474 2473
2474 2468 2464
2475 2473 2474
2475 2474 2476
2476 2474 2464
2477 2475 2476
2467 2478 2464
2476 2464 2478
2479 2478 2467
2479 2480 2478
2480 2476 2478
2480 2479 2481
2477 2476 2482
2480 2482 2476
2480 2481 2483
2483 2482 2480
2483 2481 2484
2485 2477 2482
2483 2485 2482
2485 2486 2477
2483 2484 2487
2487 2485 2483
2487 2484 2488
2489 2486 2485
2487 2489 2485
2489 2490 2486
2487 2488 2491
2489 2487 2491
2491 2488 2492
2490 2489 2493
2489 2491 2493
2490 2493 2494
2491 2492 2495
2493 2491 2495
2494 2493 2496
2493 2495 2496
2496 2495 2492
2494 2496 2497
2496 2492 2498
2498 2497 2496
2498 2499 2497
2500 2501 2499
2500 2502 2501
2503 2501 2502
2500 2504 2502
2500 2505 2504
2503 2502 2506
2506 2502 2504
2507 2503 2506
2508 2504 2505
2506 2504 2508
2508 2505 2509
2507 2506 2510
2510 2506 2508
2510 2511 2507
2512 2508 2509
2510 2508 2512
2512 2509 2513
2510 2514 2511
2514 2510 2512
2514 2515 2511
2513 2516 2512
2514 2512 2516
2513 2517 2516
2514 2518 2515
2518 2514 2516
2519 2515 2518
2517 2520 2516
2518 2516 2520
2517 2521 2520
2522 2520 2521
2519 2518 2523
2520 2523 2518
2522 2524 2520
2520 2524 2523
2524 2522 2525
2524 2525 2526
2523 2524 2526
2526 2525 2527
2528 2519 2523
2523 2526 2528
2528 2529 2519
2526 2527 2530
2528 2526 2530
2531 2530 2527
2529 2528 2532
2528 2530 2532
2531 2532 2530
2529 2532 2533
2531 2533 2532
2531 2471 2533
2534 2535 2536
2534 2536 2537
2538 2534 2537
2537 2536 2539
2538 2537 2540
2537 2539 2541
2541 2540 2537
2542 2541 2539
2542 2539 2543
2538 2540 2544
2538 2544 2545
2541 2546 2540
2546 2541 2542
2547 2542 2543
2547 2543 2548
2545 2544 2549
2545 2549 2550
2551 2549 2544
2552 2544 2540
2551 2544 2552
2552 2540 2546
2553 2551 2552
2546 2542 2554
2554 2542 2547
2555 2552 2546
2553 2552 2555
2555 2546 2554
2556 2553 2555
2556 2555 2554
2556 2557 2553
2558 2547 2548
2558 2548 2559
2558 2559 2560
2558 2560 2561
2558 2561 2562
2563 2558 2562
2563 2547 2558
2564 2563 2562
2554 2547 2565
2556 2554 2565
2563 2565 2547
2556 2565 2563
2566 2557 2556
2556 2563 2566
2566 2563 2564
2566 2567 2557
2566 2564 2568
2566 2569 2567
2566 2568 2569
2570 2571 2535
2570 2572 2571
2573 2572 2570
2572 2574 2571
2573 2575 2572
2572 2576 2574
2576 2572 2575
2577 2574 2576
2577 2578 2574
2573 2579 2575
2573 2580 2579
2576 2575 2581
2581 2577 2576
2582 2578 2577
2582 2583 2578
2580 2584 2579
2580 2550 2584
2585 2579 2584
2586 2575 2579
2585 2586 2579
2586 2581 2575
2587 2586 2585
2581 2588 2577
2588 2582 2577
2589 2581 2586
2587 2589 2586
2589 2588 2581
2590 2589 2587
2590 2588 2589
2590 2587 2591
2588 2592 2582
2590 2592 2588
2593 2590 2591
2593 2591 2594
2593 2594 2595
2590 2596 2592
2596 2582 2592
2590 2593 2596
2596 2597 2582
2597 2583 2582
2597 2598 2583
2597 2599 2598
2593 2595 2600
2593 2601 2596
2593 2600 2601
2602 2600 2595
2601 2600 2602
2602 2595 2603
2602 2603 2599
2601 2604 2596
2596 2604 2597
2601 2602 2604
2597 2605 2599
2602 2599 2605
2602 2605 2604
2597 2604 2605
2606 2607 2608
2606 2608 2609
2606 2610 2607
2611 2606 2609
2606 2612 2610
2611 2613 2606
2606 2613 2612
2614 2615 2616
2617 2615 2614
2616 2615 2618
2619 2615 2617
2618 2615 2620
2621 2615 2619
2620 2615 2622
2623 2615 2621
2622 2615 2624
2625 2615 2623
2624 2615 2626
2626 2615 2625
2627 2628 2629
2630 2628 2627
2629 2628 2631
2632 2628 2630
2631 2628 2633
2634 2628 2632
2633 2628 2635
2636 2628 2634
2635 2628 2637
2638 2628 2636
2637 2628 2639
2639 2628 2638
2640 2641 2642
2640 2643 2641
2640 2642 2644
2645 2640 2644
2644 2642 2646
2640 2647 2643
2645 2647 2640
2647 2648 2643
2644 2646 2649
2649 2646 2650
2647 2651 2648
2651 2652 2648
2645 2644 2653
2653 2644 2649
2654 2651 2647
2645 2654 2647
2651 2655 2652
2655 2656 2652
2654 2657 2651
2657 2655 2651
2655 2658 2656
2658 2659 2656
2657 2660 2655
2660 2658 2655
2649 2650 2661
2653 2649 2662
2662 2649 2661
2663 2661 2650
2663 2650 2664
2665 2663 2664
2665 2664 2666
2665 2666 2667
2665 2667 2668
2668 2667 2669
2670 2661 2663
2671 2663 2665
2671 2670 2663
2662 2661 2672
2670 2672 2661
2673 2665 2668
2673 2671 2665
2674 2653 2662
2675 2662 2672
2675 2674 2662
2675 2676 2674
2677 2676 2675
2677 2675 2672
2677 2672 2670
2674 2676 2678
2674 2678 2653
2678 2645 2653
2679 2677 2670
2679 2670 2671
2679 2676 2677
2680 2679 2671
2680 2671 2673
2680 2676 2679
2678 2681 2645
2678 2676 2681
2682 2645 2681
2681 2676 2682
2682 2654 2645
2683 2654 2682
2682 2676 2683
2683 2657 2654
2684 2676 2680
2684 2680 2673
2683 2676 2685
2685 2657 2683
2685 2676 2686
2685 2660 2657
2686 2660 2685
2686 2687 2660
2660 2687 2658
2684 2673 2688
2688 2673 2668
2688 2668 2689
2668 2669 2689
2684 2688 2690
2690 2688 2689
2691 2689 2669
2690 2689 2691
2691 2669 2692
2684 2690 2693
2693 2676 2684
2694 2691 2692
2694 2692 2695
2696 2690 2691
2693 2690 2696
2696 2691 2694
2697 2694 2695
2697 2695 2698
2693 2696 2699
2699 2676 2693
2700 2696 2694
2699 2696 2700
2700 2694 2697
2701 2697 2698
2701 2698 2702
2699 2700 2703
2703 2676 2699
2704 2700 2697
2703 2700 2704
2704 2697 2701
2705 2701 2702
2705 2702 2706
2703 2704 2707
2707 2676 2703
2708 2704 2701
2707 2704 2708
2708 2701 2705
2709 2705 2706
2709 2706 2710
2709 2710 2711
2712 2676 2707
2707 2708 2712
2713 2708 2705
2712 2708 2713
2713 2705 2709
2714 2676 2712
2712 2713 2714
2715 2676 2714
2716 2676 2715
2714 2713 2717
2717 2713 2709
2714 2717 2715
2709 2711 2718
2717 2709 2718
2718 2711 2719
2715 2717 2720
2720 2717 2718
2715 2720 2716
2718 2719 2721
2720 2718 2721
2721 2719 2722
2721 2722 2723
2720 2721 2723
2723 2722 2724
2716 2720 2725
2720 2723 2725
2723 2724 2726
2725 2723 2726
2726 2724 2727
2726 2727 2728
2728 2727 2729
2716 2725 2730
2730 2676 2716
2725 2726 2731
2731 2726 2728
2732 2730 2725
2732 2676 2730
2732 2725 2731
2728 2729 2733
2733 2729 2734
2735 2732 2731
2735 2676 2732
2731 2728 2736
2735 2731 2736
2736 2728 2733
2733 2734 2737
2737 2734 2659
2738 2735 2736
2738 2676 2735
2736 2733 2739
2739 2733 2737
2738 2736 2739
2738 2739 2740
2739 2737 2740
2737 2659 2741
2658 2741 2659
2687 2741 2658
2742 2737 2741
2742 2740 2737
2687 2742 2741
2738 2740 2743
2743 2676 2738
2743 2740 2742
2744 2742 2687
2743 2742 2744
2744 2676 2743
2744 2687 2686
2686 2676 2744
