byte offset: 0
first index: 0
index count: 2598
topology: trianglelist
format: DXGI_FORMAT_R16_UINT

0 1 2
1 3 2
4 5 6
6 5 7
8 9 10
8 10 11
11 10 12
11 12 13
14 8 11
15 11 13
14 11 15
15 13 16
14 15 17
16 17 15
14 17 18
16 19 17
18 17 20
19 20 17
18 20 21
19 22 20
21 20 23
23 20 22
21 23 24
23 22 25
24 23 26
25 26 23
24 26 27
25 28 26
27 26 29
29 26 28
27 29 30
29 28 31
30 29 32
31 32 29
30 32 33
31 34 32
35 33 32
35 32 34
35 36 33
35 34 37
38 36 35
37 38 35
38 39 36
37 40 38
41 39 38
42 38 40
41 38 42
42 40 43
44 41 42
43 45 42
44 42 45
43 46 45
47 45 46
48 44 45
47 48 45
48 49 44
48 47 50
48 51 49
48 50 52
48 52 51
52 50 53
54 51 52
52 53 54
54 55 51
54 53 56
57 55 54
54 56 57
57 58 55
57 56 59
60 58 57
57 59 60
60 61 58
60 59 62
61 60 63
60 62 63
61 63 64
62 65 63
63 65 64
66 67 68
67 66 69
69 66 70
66 71 70
67 69 72
73 71 66
74 72 69
74 69 75
75 69 70
76 74 75
76 75 77
77 75 70
78 76 77
78 77 79
79 77 70
80 78 79
81 79 70
80 79 81
82 81 70
71 83 70
84 82 70
83 85 70
86 81 82
86 80 81
87 82 84
87 86 82
88 87 84
89 84 70
88 84 89
86 90 80
86 91 90
80 90 92
93 91 86
80 92 94
93 95 91
88 95 93
94 92 96
94 96 97
96 98 97
96 99 98
99 72 98
99 100 72
101 72 100
101 102 72
101 73 102
101 103 73
88 104 95
105 73 103
106 104 88
106 107 104
108 107 106
108 109 107
110 109 108
105 111 73
73 111 71
112 111 105
112 105 113
71 111 114
115 71 114
116 71 115
116 83 71
113 117 112
113 118 117
119 117 118
119 120 117
83 116 121
121 120 122
121 122 123
85 83 121
123 124 121
85 121 124
123 125 124
124 126 85
85 126 70
125 127 124
124 127 126
125 128 127
127 129 126
126 129 70
128 130 127
127 130 129
128 131 130
130 132 129
129 132 70
131 133 130
130 133 132
131 134 133
132 135 70
133 135 132
134 136 133
133 136 135
134 137 136
135 138 70
136 138 135
138 139 70
139 140 70
137 141 136
136 141 138
141 139 138
137 142 141
141 142 143
141 144 139
141 143 144
144 140 139
144 143 145
144 145 146
144 146 140
146 145 147
146 148 140
140 148 70
146 147 149
146 149 148
149 147 150
149 151 148
148 151 70
149 150 152
149 152 151
152 150 153
152 154 151
151 154 70
152 153 155
152 155 154
153 156 155
153 157 156
155 158 154
154 158 70
155 156 158
157 159 156
157 160 159
156 161 158
158 161 70
156 159 161
161 162 70
159 162 161
162 163 70
163 164 70
160 165 159
159 165 162
165 163 162
160 166 165
166 167 165
165 167 163
166 168 167
167 168 169
170 163 167
167 169 170
170 164 163
170 169 171
170 171 172
172 164 170
172 171 173
172 174 164
164 174 70
172 173 175
175 174 172
175 173 176
175 177 174
174 177 70
175 176 178
178 177 175
178 176 179
178 179 180
180 179 181
180 181 182
182 181 183
182 183 184
184 183 185
184 185 186
185 187 186
185 188 187
178 189 177
177 189 70
190 189 178
190 191 189
189 191 70
192 191 190
192 193 191
191 193 70
194 193 192
193 195 70
194 195 193
196 195 194
195 197 70
196 197 195
187 197 196
197 198 70
187 198 197
188 199 187
199 198 187
188 200 199
199 201 198
198 201 70
200 202 199
202 201 199
200 203 202
202 204 201
201 204 70
203 205 202
205 204 202
203 206 205
204 207 70
205 207 204
206 208 205
206 110 208
110 108 208
205 209 207
205 208 209
207 209 70
208 210 209
208 108 210
209 210 70
108 211 210
210 211 70
108 212 211
211 89 70
212 89 211
212 88 89
213 214 215
215 216 213
215 217 216
217 218 216
217 219 218
219 220 218
219 221 220
221 222 220
221 223 222
223 224 222
223 225 224
225 226 224
225 227 226
227 228 226
227 229 228
229 230 228
229 231 230
231 232 230
231 233 232
233 234 232
233 235 234
235 236 234
237 238 239
239 240 237
240 241 237
240 242 241
242 243 241
242 244 243
244 245 243
244 246 245
246 247 245
246 248 247
248 249 247
248 250 249
250 251 249
250 252 251
252 253 251
252 254 253
254 255 253
254 256 255
256 257 255
256 258 257
258 259 257
258 260 259
261 262 263
261 264 262
264 265 262
264 266 265
267 264 261
268 266 264
267 268 264
268 269 266
267 270 268
271 268 270
267 272 270
271 270 273
272 274 270
273 270 274
272 275 274
273 274 276
275 277 274
277 276 274
275 278 277
277 279 276
278 280 277
279 277 280
278 281 280
279 280 282
281 283 284
283 282 284
281 285 283
283 286 282
285 287 283
286 283 287
285 288 287
286 287 289
290 287 288
290 289 287
290 288 291
290 292 289
293 290 291
292 290 293
293 291 294
292 293 295
296 293 294
297 295 293
296 297 293
297 298 295
299 297 296
298 297 300
299 300 297
298 300 301
302 301 300
303 300 299
302 300 303
303 299 304
303 305 302
303 304 306
303 307 305
303 306 307
307 308 305
309 307 306
307 309 308
309 306 310
309 311 308
312 309 310
309 312 311
312 310 313
312 314 311
315 312 313
312 315 314
315 313 316
315 317 314
316 318 315
315 318 317
316 319 318
317 318 320
318 319 320
321 322 323
321 324 322
322 324 325
322 325 326
326 325 327
326 327 328
328 327 329
328 329 330
330 329 331
330 331 332
332 331 333
332 333 334
334 333 335
334 335 336
335 337 336
335 338 337
338 339 337
338 340 339
340 341 339
340 342 341
342 343 341
342 344 343
344 345 343
344 346 345
346 347 345
346 348 347
348 349 347
348 350 349
349 350 351
349 351 352
352 351 353
352 353 354
355 354 353
355 353 356
355 356 357
355 357 358
359 358 357
359 357 360
361 359 360
362 361 360
361 363 359
364 362 360
365 364 356
364 365 362
365 366 362
367 366 365
368 367 365
368 353 367
369 367 353
363 361 370
363 370 371
372 371 370
372 370 373
374 361 362
375 374 362
369 376 367
376 366 367
377 376 369
375 362 378
362 366 378
378 379 375
379 380 373
379 381 380
377 382 376
382 366 376
383 382 377
383 384 382
384 366 382
346 384 383
346 385 384
385 366 384
344 385 346
378 366 386
386 379 378
387 366 385
344 387 385
386 366 388
389 387 344
386 390 379
390 386 388
381 379 390
381 390 391
389 392 387
392 366 387
340 392 389
391 390 393
390 388 393
391 393 394
340 395 392
395 366 392
396 395 340
396 397 395
397 366 395
335 397 396
335 398 397
398 366 397
333 398 335
333 399 398
399 366 398
331 399 333
388 366 400
393 388 400
401 366 399
331 401 399
402 366 401
331 402 401
331 329 402
329 403 402
403 366 402
329 327 403
327 404 403
404 366 403
327 325 404
325 405 404
405 366 404
325 406 405
406 407 405
407 366 405
406 408 407
408 409 407
409 366 407
408 410 409
411 366 409
410 411 409
410 412 411
413 366 411
412 413 411
414 366 413
412 415 413
415 414 413
416 366 414
415 417 414
417 416 414
417 415 418
415 419 418
415 420 419
420 421 419
420 422 421
422 423 421
422 321 423
417 418 424
425 417 424
417 425 416
425 424 426
425 427 416
427 366 416
428 425 426
425 428 427
428 426 429
428 430 427
430 366 427
431 428 429
428 431 430
431 429 432
433 431 432
433 434 431
434 430 431
435 434 433
434 436 430
436 366 430
435 437 434
437 436 434
438 437 435
439 366 436
437 439 436
438 440 437
440 439 437
441 440 438
442 366 439
440 442 439
443 366 442
444 366 443
445 442 440
441 445 440
445 443 442
446 445 441
446 443 445
446 444 443
446 441 447
448 446 447
448 444 446
448 447 449
448 450 444
450 366 444
451 448 449
451 450 448
451 449 452
451 453 450
453 366 450
454 451 452
454 453 451
454 452 455
454 456 453
456 366 453
457 454 455
457 456 454
457 455 458
459 457 458
457 460 456
460 366 456
459 461 457
461 460 457
462 461 459
463 366 460
461 463 460
462 464 461
464 463 461
465 464 462
466 366 463
464 466 463
400 366 466
465 467 464
467 466 464
467 400 466
394 467 465
393 400 467
394 393 467
468 469 470
469 471 470
468 472 469
469 473 471
474 471 473
475 471 474
476 468 475
476 475 477
475 474 477
474 473 478
479 474 478
480 474 479
481 476 480
481 480 482
480 479 482
483 478 473
483 473 484
472 483 484
472 485 483
479 478 486
487 479 486
488 479 487
489 481 488
489 488 490
488 487 490
491 486 478
491 478 492
485 491 492
485 493 491
487 486 494
495 487 494
496 487 495
497 489 496
497 496 498
496 495 498
499 494 486
499 486 500
493 499 500
493 501 499
495 494 502
503 495 502
504 495 503
505 497 504
505 504 506
504 503 506
507 502 494
507 494 508
501 507 508
501 509 507
503 502 510
511 503 510
512 503 511
513 505 512
513 512 514
512 511 514
515 510 502
515 502 516
509 515 516
509 517 515
511 510 518
519 511 518
520 511 519
521 513 520
521 520 522
520 519 522
523 518 510
523 510 524
517 523 524
517 525 523
519 518 526
527 519 526
528 519 527
529 521 528
529 528 530
528 527 530
531 526 518
531 518 532
525 531 532
525 533 531
527 526 534
535 527 534
536 527 535
537 529 536
537 536 538
536 535 538
539 534 526
539 526 540
533 539 540
533 541 539
535 534 542
543 535 542
544 535 543
545 537 544
545 544 546
544 543 546
547 542 534
547 534 548
541 547 548
541 549 547
543 542 550
551 543 550
552 543 551
553 545 552
553 552 554
552 551 554
555 550 542
555 542 556
549 555 556
549 557 555
550 558 551
559 551 558
560 553 559
559 558 561
560 559 561
557 560 562
562 558 550
557 562 563
562 550 563
564 565 566
564 566 567
565 568 566
565 569 568
568 569 570
571 570 569
571 569 572
573 572 564
573 571 572
570 574 568
575 568 574
567 575 576
575 574 576
567 576 577
570 578 574
579 578 570
579 570 580
581 580 573
581 579 580
578 582 574
583 574 582
577 583 584
583 582 584
577 584 585
578 586 582
587 586 578
587 578 588
589 588 581
589 587 588
586 590 582
591 582 590
585 591 592
591 590 592
585 592 593
586 594 590
595 594 586
595 586 596
597 596 589
597 595 596
594 598 590
599 590 598
593 599 600
599 598 600
593 600 601
594 602 598
603 602 594
603 594 604
605 604 597
605 603 604
602 606 598
607 598 606
601 607 608
607 606 608
601 608 609
602 610 606
611 610 602
611 602 612
613 612 605
613 611 612
610 614 606
615 606 614
609 615 616
615 614 616
609 616 617
610 618 614
619 618 610
619 610 620
621 620 613
621 619 620
618 622 614
623 614 622
617 623 624
623 622 624
617 624 625
618 626 622
627 626 618
627 618 628
629 628 621
629 627 628
626 630 622
631 622 630
625 631 632
631 630 632
625 632 633
626 634 630
635 634 626
635 626 636
637 636 629
637 635 636
634 638 630
639 630 638
633 639 640
639 638 640
633 640 641
634 642 638
643 642 634
643 634 644
645 644 637
645 643 644
642 646 638
647 638 646
641 647 648
647 646 648
641 648 649
642 650 646
651 650 642
651 642 652
653 652 645
653 651 652
650 654 646
655 646 654
649 655 656
655 654 656
649 656 657
657 658 653
659 654 650
657 659 658
659 650 658
