byte offset: 0
first index: 62376
index count: 11289
topology: trianglelist
format: DXGI_FORMAT_R16_UINT

17871 17872 17873
17874 17873 17875
17874 17876 17873
17877 17878 17876
17877 17879 17878
17877 17880 17879
17877 17881 17880
17882 17883 17884
17885 17882 17886
17887 17886 17882
17888 17889 17887
17890 17888 17887
17890 17891 17888
17892 17886 17888
17892 17893 17886
17893 17892 17894
17890 17895 17891
17890 17896 17895
17897 17895 17896
17897 17898 17895
17899 17900 17892
17901 17902 17897
17901 17903 17902
17904 17903 17901
17904 17905 17903
17906 17907 17899
17906 17908 17907
17908 17909 17907
17908 17910 17909
17909 17910 17911
17909 17911 17912
17913 17911 17914
17913 17914 17915
17915 17914 17916
17916 17914 17917
17916 17917 17918
17917 17919 17920
17917 17921 17919
17921 17922 17923
17921 17923 17924
17921 17924 17925
17926 17925 17924
17925 17926 17927
17928 17926 17929
17930 17923 17931
17930 17931 17932
17932 17933 17930
17932 17934 17933
17934 17935 17933
17934 17936 17935
17937 17938 17939
17940 17941 17942
17943 17944 17945
17946 17944 17947
17948 17944 17949
17948 17950 17944
17951 17944 17950
17951 17950 17952
17950 17953 17954
17950 17955 17953
17956 17955 17950
17956 17950 17957
17950 17958 17959
17950 17959 17960
17950 17960 17961
17950 17961 17962
17963 17960 17964
17963 17965 17960
17966 17960 17965
17966 17965 17967
17950 17968 17969
17950 17969 17970
17971 17950 17970
17971 17970 17972
17973 17974 17970
17973 17970 17975
17975 17976 17973
17975 17977 17976
17978 17970 17979
17978 17979 17980
17981 17982 17983
17984 17983 17982
17985 17983 17984
17986 17985 17984
17985 17986 17987
17988 17986 17984
17986 17988 17989
17986 17990 17987
17986 17989 17990
17991 17989 17988
17989 17992 17990
17989 17993 17992
17994 17993 17989
17992 17993 17995
17996 17989 17991
17996 17994 17989
17991 17997 17996
17998 17996 17997
17999 17996 17998
17996 17999 17994
17999 18000 17994
18000 18001 17994
18001 18002 17994
18003 18002 18001
17993 17994 18004
18002 18004 17994
17995 17993 18005
17995 18005 18006
18005 18007 18006
18006 18007 18008
18009 18008 18007
17993 18010 18005
18007 18005 18010
18003 18011 18002
18012 18011 18003
18013 18011 18012
18013 18014 18011
18012 18015 18013
18015 18016 18013
18013 18016 18017
18018 18009 18007
18009 18018 18019
18018 18020 18019
18019 18020 18021
18021 18020 18022
18023 18022 18020
18024 18013 18017
18025 18024 18017
18024 18025 18026
18026 18025 18027
18026 18027 18028
18029 18024 18026
18024 18029 18013
18029 18030 18013
18031 18013 18030
18014 18013 18031
18032 18014 18031
18033 18014 18032
18034 18014 18033
18035 18014 18034
18036 18014 18035
18014 18036 18011
18037 18036 18035
18038 18037 18035
18038 18039 18037
18040 18039 18038
18041 18039 18040
18042 18039 18041
18036 18043 18011
18002 18011 18043
18036 18037 18044
18039 18044 18037
18045 18039 18042
18045 18042 18046
18045 18046 18047
18047 18046 18048
18002 18043 18049
18050 18049 18043
18002 18049 18004
18050 18004 18049
18036 18051 18043
18036 18044 18051
18050 18043 18051
18050 18051 18044
18052 18039 18045
18047 18052 18045
18039 18053 18044
18050 18044 18053
18039 18054 18053
18050 18053 18054
18039 18052 18054
18055 18054 18052
18055 18056 18054
18050 18054 18056
18050 18057 18004
18050 18056 18058
18055 18058 18056
17993 18004 18057
17993 18057 18010
18050 18010 18057
18047 18059 18052
18052 18059 18055
18059 18047 18060
18061 18055 18059
18061 18062 18055
18060 18047 18063
18062 18064 18055
18065 18063 18047
18065 18047 18048
18063 18065 18066
18048 18067 18065
18064 18068 18055
18069 18068 18064
18070 18068 18069
18070 18071 18068
18055 18068 18058
18071 18058 18068
18072 18071 18070
18065 18073 18066
18067 18073 18065
18073 18074 18066
18074 18073 18067
18075 18071 18072
18072 18076 18075
18076 18077 18075
18071 18078 18058
18050 18058 18078
18071 18079 18078
18050 18078 18079
18075 18077 18080
18081 18080 18077
18071 18082 18079
18082 18071 18075
18083 18079 18082
18050 18079 18084
18083 18084 18079
18050 18084 18085
18083 18085 18084
18050 18085 18086
18050 18086 18010
18007 18010 18086
18007 18086 18085
18007 18085 18087
18083 18087 18085
18018 18007 18087
18020 18018 18087
18087 18083 18088
18020 18087 18088
18088 18083 18089
18088 18089 18090
18020 18088 18090
18089 18083 18091
18083 18082 18091
18092 18020 18090
18091 18082 18093
18094 18020 18092
18094 18023 18020
18092 18095 18094
18023 18094 18096
18097 18093 18082
18093 18097 18098
18097 18099 18098
18097 18082 18075
18097 18075 18099
18099 18075 18100
18100 18075 18101
18080 18101 18075
18101 18080 18102
18080 18081 18102
18102 18081 18103
18103 18081 18104
18105 18103 18104
18105 18106 18103
18107 18106 18105
18108 18109 18110
18110 18109 18111
18110 18111 18112
18111 18109 18113
18111 18114 18112
18111 18113 18115
18111 18115 18114
18113 18116 18115
18116 18117 18115
18114 18115 18118
18118 18115 18119
18118 18119 18120
18120 18119 18121
18117 18122 18115
18115 18122 18123
18122 18124 18123
18121 18119 18125
18124 18126 18123
18123 18127 18115
18119 18115 18127
18125 18119 18128
18125 18128 18129
18129 18128 18130
18131 18129 18130
18132 18131 18130
18133 18132 18130
18134 18133 18130
18135 18134 18130
18130 18136 18135
18137 18136 18130
18138 18136 18137
18130 18139 18137
18119 18140 18128
18130 18128 18140
18119 18127 18141
18119 18141 18140
18142 18141 18127
18142 18140 18141
18130 18140 18143
18130 18143 18139
18142 18143 18140
18142 18139 18143
18142 18127 18144
18123 18144 18127
18142 18144 18145
18123 18145 18144
18142 18146 18139
18142 18147 18146
18142 18145 18148
18149 18139 18146
18149 18146 18147
18149 18137 18139
18123 18150 18145
18126 18150 18123
18151 18150 18126
18152 18150 18151
18153 18145 18150
18152 18153 18150
18153 18148 18145
18154 18153 18152
18155 18153 18154
18156 18153 18155
18149 18147 18157
18158 18149 18157
18159 18158 18157
18160 18149 18158
18161 18159 18157
18160 18137 18149
18162 18161 18157
18163 18137 18160
18164 18162 18157
18165 18137 18163
18166 18164 18157
18167 18137 18165
18168 18166 18157
18169 18137 18167
18170 18169 18167
18169 18138 18137
18169 18170 18138
18138 18170 18171
18172 18138 18171
18173 18168 18157
18173 18157 18147
18174 18168 18173
18173 18147 18175
18176 18174 18173
18142 18175 18147
18174 18176 18177
18173 18175 18178
18142 18178 18175
18176 18179 18177
18179 18176 18180
18176 18173 18180
18181 18177 18179
18182 18177 18181
18183 18182 18181
18184 18182 18183
18180 18173 18185
18185 18173 18186
18186 18173 18187
18187 18173 18188
18173 18178 18188
18187 18188 18189
18189 18188 18190
18190 18188 18191
18191 18188 18178
18192 18190 18191
18193 18192 18191
18194 18193 18191
18191 18195 18194
18196 18195 18191
18197 18195 18196
18198 18197 18196
18191 18178 18199
18142 18199 18178
18191 18199 18200
18191 18200 18196
18142 18200 18199
18201 18196 18200
18142 18202 18200
18201 18200 18202
18142 18203 18202
18201 18202 18203
18201 18203 18204
18142 18148 18203
18153 18203 18148
18153 18204 18203
18205 18198 18196
18205 18206 18198
18207 18196 18201
18207 18201 18208
18209 18196 18207
18205 18196 18209
18208 18201 18210
18210 18201 18204
18209 18211 18205
18212 18205 18211
18213 18205 18212
18213 18206 18205
18214 18206 18213
18215 18206 18214
18215 18214 18216
18217 18210 18204
18218 18217 18204
18219 18218 18204
18204 18220 18219
18153 18220 18204
18221 18220 18153
18222 18221 18153
18222 18153 18156
18221 18222 18223
18224 18222 18156
18222 18224 18223
18225 18223 18224
18226 18227 18228
18226 18229 18227
18229 18230 18227
18229 18226 18231
18229 18232 18230
18232 18233 18230
18232 18234 18233
18229 18231 18235
18232 18229 18235
18234 18232 18236
18232 18235 18236
18234 18236 18237
18236 18238 18237
18231 18239 18235
18231 18240 18239
18239 18240 18241
18235 18242 18236
18236 18242 18238
18235 18239 18242
18239 18241 18243
18242 18239 18243
18241 18244 18243
18238 18242 18245
18242 18243 18245
18238 18245 18246
18245 18247 18246
18248 18247 18245
18249 18248 18245
18243 18249 18245
18250 18249 18243
18243 18244 18250
18250 18244 18251
18251 18244 18252
18251 18252 18253
18251 18253 18254
18253 18252 18255
18254 18253 18256
18256 18257 18254
18257 18256 18258
18258 18256 18259
18253 18255 18260
18256 18253 18260
18260 18255 18261
18259 18256 18262
18256 18260 18262
18259 18262 18263
18260 18261 18264
18262 18260 18264
18264 18261 18265
18264 18265 18266
18263 18262 18267
18262 18264 18267
18267 18264 18266
18263 18267 18268
18267 18266 18269
18268 18267 18269
18268 18269 18270
18271 18272 18273
18271 18273 18274
18275 18276 18277
18275 18277 18278
18278 18277 18279
18278 18279 18280
18281 18280 18279
18281 18279 18282
18281 18282 18283
18281 18283 18284
18285 18286 18275
18285 18287 18286
18288 18277 18286
18288 18289 18277
18290 18286 18287
18290 18288 18286
18291 18289 18288
18291 18292 18289
18293 18288 18290
18293 18291 18288
18294 18292 18291
18294 18295 18292
18296 18291 18293
18296 18294 18291
18297 18295 18294
18297 18298 18295
18299 18298 18297
18300 18297 18294
18300 18294 18296
18296 18301 18300
18299 18297 18302
18300 18302 18297
18300 18301 18303
18300 18303 18302
18304 18299 18302
18304 18305 18299
18306 18302 18303
18306 18304 18302
18307 18305 18304
18307 18308 18305
18309 18303 18301
18309 18306 18303
18310 18304 18306
18310 18307 18304
18311 18308 18307
18311 18312 18308
18306 18309 18313
18306 18313 18310
18314 18307 18310
18314 18311 18307
18315 18312 18311
18315 18316 18312
18317 18315 18311
18317 18311 18314
18318 18315 18317
18315 18318 18316
18318 18317 18319
18316 18318 18320
18316 18320 18321
18320 18322 18321
18320 18323 18322
18310 18324 18314
18313 18324 18310
18325 18314 18324
18325 18326 18314
18325 18327 18326
18325 18328 18327
18329 18328 18325
18324 18329 18325
18329 18330 18328
18331 18330 18329
18331 18332 18330
18333 18332 18331
18333 18331 18334
18313 18335 18324
18324 18335 18329
18336 18335 18313
18309 18336 18313
18337 18329 18335
18337 18331 18329
18336 18337 18335
18338 18331 18337
18338 18337 18336
18339 18334 18331
18339 18331 18338
18309 18340 18336
18301 18340 18309
18341 18334 18339
18341 18342 18334
18338 18336 18343
18343 18336 18340
18344 18342 18341
18344 18345 18342
18344 18346 18345
18341 18339 18347
18339 18338 18348
18348 18347 18339
18349 18338 18343
18349 18348 18338
18343 18340 18350
18350 18349 18343
18351 18344 18341
18351 18341 18347
18344 18352 18346
18351 18352 18344
18348 18353 18347
18353 18348 18349
18354 18351 18347
18354 18347 18353
18340 18355 18350
18301 18355 18340
18356 18346 18352
18356 18357 18346
18351 18358 18352
18358 18351 18354
18359 18356 18352
18359 18352 18358
18358 18360 18359
18361 18356 18359
18360 18361 18359
18358 18354 18362
18358 18362 18360
18363 18354 18353
18362 18354 18363
18364 18360 18362
18362 18363 18364
18363 18353 18365
18353 18349 18365
18366 18363 18365
18364 18363 18366
18349 18367 18365
18366 18365 18367
18350 18367 18349
18368 18367 18350
18368 18350 18355
18369 18366 18367
18369 18367 18368
18369 18370 18366
18370 18369 18371
18364 18366 18372
18366 18373 18372
18374 18369 18368
18371 18369 18374
18368 18355 18375
18374 18368 18375
18364 18372 18376
18376 18360 18364
18372 18373 18377
18376 18372 18377
18375 18355 18378
18355 18301 18378
18378 18301 18379
18378 18380 18375
18296 18379 18301
18379 18296 18381
18293 18381 18296
18382 18375 18380
18382 18374 18375
18379 18381 18383
18383 18384 18379
18384 18383 18380
18385 18382 18380
18380 18383 18386
18381 18387 18383
18386 18383 18387
18293 18388 18381
18388 18387 18381
18386 18387 18389
18388 18293 18390
18290 18390 18293
18388 18391 18387
18388 18390 18391
18389 18387 18391
18290 18392 18390
18392 18391 18390
18392 18290 18287
18393 18385 18389
18385 18394 18382
18394 18386 18393
18389 18391 18395
18393 18389 18395
18392 18396 18391
18395 18391 18396
18392 18287 18397
18397 18396 18392
18398 18397 18287
18398 18287 18399
18400 18397 18398
18397 18401 18396
18400 18401 18397
18401 18395 18396
18401 18400 18402
18401 18402 18403
18401 18403 18395
18403 18402 18404
18393 18395 18405
18395 18403 18405
18403 18404 18406
18403 18407 18405
18403 18406 18407
18405 18408 18393
18407 18408 18405
18404 18409 18406
18404 18410 18409
18409 18410 18411
18406 18412 18407
18406 18409 18412
18409 18411 18413
18413 18411 18414
18393 18408 18415
18394 18393 18415
18416 18408 18407
18416 18407 18412
18412 18417 18416
18412 18418 18417
18409 18418 18412
18409 18413 18418
18413 18419 18418
18417 18418 18419
18408 18416 18420
18408 18420 18415
18420 18416 18417
18394 18415 18421
18420 18421 18415
18421 18382 18394
18413 18414 18422
18422 18419 18413
18423 18422 18414
18423 18414 18424
18425 18422 18423
18425 18423 18424
18419 18422 18425
18425 18424 18426
18427 18425 18426
18427 18419 18425
18428 18419 18427
18428 18429 18419
18430 18429 18428
18417 18419 18429
18430 18431 18429
18429 18431 18417
18432 18431 18430
18432 18433 18431
18433 18417 18431
18434 18433 18432
18435 18417 18433
18420 18417 18435
18434 18436 18433
18437 18436 18434
18437 18438 18436
18435 18439 18420
18420 18439 18421
18433 18440 18435
18435 18440 18439
18436 18440 18433
18439 18440 18441
18421 18442 18441
18440 18436 18443
18441 18440 18443
18443 18436 18444
18445 18444 18437
18445 18446 18444
18443 18444 18447
18447 18438 18446
18448 18446 18445
18448 18449 18446
18450 18449 18448
18421 18441 18451
18421 18451 18382
18382 18451 18374
18441 18374 18451
18441 18371 18374
18443 18371 18441
18443 18447 18371
18447 18373 18371
18447 18446 18452
18452 18373 18447
18452 18446 18449
18377 18373 18452
18452 18449 18377
18449 18376 18377
18450 18453 18449
18453 18376 18449
18454 18453 18450
18453 18360 18376
18454 18455 18453
18453 18455 18360
18456 18455 18454
18360 18455 18361
18456 18361 18455
18457 18361 18456
18457 18458 18361
18459 18458 18457
18459 18457 18460
18458 18461 18361
18461 18458 18459
18461 18459 18460
18461 18356 18361
18461 18460 18462
18356 18461 18462
18356 18462 18463
18464 18465 18466
18465 18464 18467
18468 18465 18467
18468 18469 18465
18470 18469 18468
18470 18471 18469
18472 18471 18470
18472 18473 18471
18472 18474 18473
18474 18475 18473
18473 18475 18476
18476 18477 18473
18476 18478 18477
18473 18477 18479
18473 18479 18471
18471 18479 18480
18471 18480 18469
18469 18480 18481
18469 18481 18465
18465 18481 18482
18482 18481 18483
18484 18465 18482
18482 18483 18485
18484 18482 18485
18484 18485 18486
18486 18485 18487
18486 18487 18488
18485 18489 18487
18485 18490 18489
18491 18488 18487
18489 18491 18487
18491 18492 18488
18492 18491 18493
18489 18494 18491
18491 18495 18493
18494 18495 18491
18494 18496 18495
18497 18498 18323
18497 18323 18499
18500 18501 18502
18500 18503 18501
18504 18501 18503
18504 18503 18505
18500 18506 18503
18505 18503 18506
18507 18506 18500
18505 18506 18508
18508 18509 18505
18510 18509 18508
18511 18506 18507
18511 18507 18512
18511 18512 18513
18514 18508 18506
18510 18508 18514
18514 18506 18511
18511 18513 18515
18511 18515 18516
18511 18516 18514
18517 18515 18513
18517 18513 18518
18514 18519 18510
18514 18516 18519
18518 18520 18517
18518 18521 18520
18522 18521 18518
18522 18518 18523
18524 18522 18523
18525 18519 18516
18525 18516 18526
18526 18516 18527
18526 18527 18517
18528 18526 18517
18528 18517 18529
18530 18526 18528
18530 18525 18526
18525 18530 18531
18525 18531 18532
18519 18525 18532
18519 18532 18533
18510 18519 18533
18510 18533 18534
18535 18510 18534
18536 18510 18535
18534 18533 18537
18533 18538 18537
18533 18532 18538
18538 18539 18537
18538 18540 18539
18541 18540 18538
18542 18541 18538
18532 18542 18538
18532 18543 18542
18544 18545 18546
18546 18545 18547
18546 18547 18548
18547 18549 18548
18547 18550 18549
18551 18549 18550
18550 18547 18552
18551 18550 18553
18554 18551 18553
18553 18550 18555
18556 18552 18555
18554 18553 18557
18557 18558 18554
18559 18555 18552
18559 18552 18560
18559 18560 18561
18553 18555 18562
18557 18553 18562
18559 18562 18555
18557 18563 18558
18563 18564 18558
18559 18561 18565
18561 18566 18565
18559 18567 18562
18567 18559 18565
18557 18562 18568
18568 18563 18557
18567 18568 18562
18563 18569 18564
18564 18569 18570
18570 18569 18571
18569 18572 18571
18569 18573 18572
18574 18569 18563
18574 18573 18569
18568 18574 18563
18575 18573 18574
18576 18574 18568
18576 18575 18574
18567 18576 18568
18577 18575 18576
18578 18577 18576
18576 18567 18579
18576 18579 18580
18567 18565 18579
18579 18581 18580
18581 18579 18565
18581 18565 18582
18583 18581 18582
18583 18582 18584
18566 18585 18565
18566 18584 18585
18566 18586 18584
18587 18588 18589
18587 18590 18588
18587 18591 18590
18590 18591 18592
18590 18592 18593
18594 18593 18592
18594 18595 18593
18595 18594 18596
18595 18596 18597
18597 18596 18598
18597 18598 18599
18600 18599 18598
18600 18598 18601
18602 18600 18601
18602 18601 18603
18604 18602 18603
18604 18603 18605
18606 18604 18605
18606 18605 18607
18608 18606 18607
18608 18607 18609
18609 18610 18608
18609 18611 18610
18611 18612 18610
18611 18613 18612
18614 18612 18613
18614 18615 18612
18614 18616 18615
18616 18614 18617
18616 18617 18618
18618 18617 18619
18619 18617 18620
18619 18620 18621
18622 18621 18620
18622 18620 18623
18624 18622 18623
18624 18623 18625
18626 18624 18625
18626 18625 18627
18627 18628 18626
18627 18629 18628
18630 18628 18629
18630 18629 18631
18631 18632 18630
18631 18633 18632
18634 18635 18636
18634 18637 18635
18638 18637 18634
18638 18639 18637
18640 18639 18638
18640 18641 18639
18642 18641 18640
18642 18643 18641
18644 18643 18642
18644 18645 18643
18646 18645 18644
18646 18647 18645
18648 18647 18646
18648 18649 18647
18650 18649 18648
18650 18651 18649
18652 18651 18650
18652 18653 18651
18654 18653 18652
18654 18655 18653
18656 18655 18654
18656 18657 18655
18658 18657 18656
18658 18659 18657
18660 18659 18658
18660 18661 18659
18662 18661 18660
18662 18663 18661
18664 18663 18662
18664 18665 18663
18666 18665 18664
18666 18667 18665
18668 18667 18666
18668 18669 18667
18670 18669 18668
18671 18672 18673
18671 18673 18674
18675 18671 18674
18675 18676 18671
18677 18676 18675
18677 18678 18676
18679 18678 18677
18680 18675 18674
18681 18677 18675
18680 18681 18675
18674 18682 18680
18674 18683 18682
18679 18677 18684
18681 18685 18677
18684 18677 18685
18686 18679 18684
18686 18687 18679
18688 18686 18684
18684 18685 18688
18688 18689 18686
18690 18689 18688
18691 18685 18681
18688 18685 18691
18690 18688 18692
18688 18691 18692
18693 18690 18692
18691 18681 18694
18694 18681 18680
18693 18692 18695
18696 18693 18695
18692 18691 18697
18697 18691 18694
18692 18697 18695
18694 18680 18698
18697 18694 18699
18699 18694 18698
18695 18697 18700
18700 18697 18699
18696 18695 18701
18695 18700 18701
18696 18701 18702
18696 18702 18703
18704 18703 18702
18680 18705 18698
18680 18682 18705
18701 18700 18706
18701 18706 18702
18704 18702 18707
18708 18704 18707
18702 18706 18709
18702 18709 18707
18708 18707 18710
18711 18708 18710
18707 18709 18712
18707 18712 18710
18706 18713 18709
18713 18712 18709
18700 18714 18706
18706 18714 18713
18711 18710 18715
18716 18711 18715
18717 18710 18712
18717 18715 18710
18712 18713 18718
18717 18712 18718
18716 18715 18719
18719 18720 18716
18721 18715 18717
18721 18719 18715
18719 18722 18720
18721 18722 18719
18700 18723 18714
18700 18699 18723
18714 18724 18713
18718 18713 18724
18714 18725 18724
18723 18725 18714
18723 18699 18726
18699 18698 18726
18721 18717 18727
18717 18718 18727
18721 18727 18728
18727 18718 18729
18721 18728 18730
18718 18731 18729
18718 18724 18731
18731 18724 18725
18721 18730 18722
18722 18730 18732
18723 18733 18725
18723 18726 18733
18731 18725 18734
18733 18734 18725
18731 18734 18735
18734 18736 18735
18733 18737 18734
18726 18737 18733
18734 18737 18736
18722 18732 18738
18720 18722 18738
18720 18738 18739
18740 18739 18738
18741 18738 18732
18740 18738 18741
18741 18732 18742
18741 18743 18740
18744 18741 18742
18741 18744 18743
18744 18742 18745
18746 18743 18744
18747 18744 18745
18746 18744 18747
18747 18745 18748
18749 18746 18747
18750 18747 18748
18750 18748 18751
18749 18747 18752
18753 18749 18752
18753 18752 18754
18754 18752 18751
18755 18753 18754
18754 18751 18756
18751 18757 18756
18757 18758 18756
18758 18754 18756
18757 18759 18758
18755 18754 18760
18758 18760 18754
18761 18755 18760
18759 18762 18758
18762 18760 18758
18759 18763 18762
18762 18763 18764
18762 18764 18765
18765 18764 18766
18765 18766 18767
18767 18766 18768
18769 18760 18762
18761 18760 18769
18769 18762 18770
18771 18770 18767
18771 18769 18770
18771 18761 18769
18771 18767 18768
18771 18772 18761
18772 18771 18773
18771 18768 18773
18772 18773 18774
18773 18775 18774
18768 18776 18773
18773 18776 18775
18768 18777 18776
18776 18778 18775
18777 18779 18776
18776 18779 18778
18777 18780 18779
18778 18779 18781
18780 18781 18779
18778 18781 18782
18780 18783 18781
18782 18781 18784
18781 18783 18784
18782 18784 18785
18786 18785 18784
18783 18787 18784
18787 18786 18784
18787 18788 18786
18787 18789 18788
18790 18683 18791
18790 18792 18683
18792 18682 18683
18790 18793 18792
18792 18794 18682
18795 18793 18790
18794 18705 18682
18796 18793 18795
18796 18797 18793
18796 18795 18798
18798 18795 18799
18799 18800 18798
18801 18797 18796
18801 18794 18797
18801 18802 18794
18802 18803 18794
18794 18803 18705
18802 18804 18803
18805 18803 18804
18805 18806 18803
18806 18705 18803
18736 18806 18805
18806 18736 18737
18806 18807 18705
18807 18806 18737
18698 18705 18807
18726 18807 18737
18698 18807 18726
18808 18809 18810
18808 18810 18811
18811 18810 18812
18813 18814 18808
18813 18815 18814
18816 18815 18813
18816 18635 18815
18817 18818 18819
18818 18820 18819
18820 18821 18819
18822 18821 18820
18821 18822 18823
18822 18820 18824
18822 18824 18823
18820 18825 18824
18824 18826 18823
18827 18826 18824
18828 18824 18825
18829 18824 18828
18829 18828 18830
18831 18829 18830
18832 18829 18831
18833 18829 18832
18834 18827 18824
18835 18829 18833
18824 18836 18834
18824 18829 18836
18834 18836 18837
18838 18829 18835
18829 18838 18836
18837 18836 18839
18837 18839 18840
18840 18839 18841
18842 18840 18841
18843 18842 18841
18844 18843 18841
18845 18838 18835
18846 18845 18835
18846 18847 18845
18848 18847 18846
18849 18847 18848
18850 18847 18849
18839 18836 18851
18838 18851 18836
18838 18845 18852
18847 18852 18845
18853 18844 18841
18844 18853 18854
18854 18853 18855
18856 18855 18853
18853 18857 18856
18853 18841 18857
18841 18858 18857
18856 18857 18859
18839 18860 18841
18858 18841 18860
18838 18852 18861
18862 18861 18852
18838 18861 18851
18862 18851 18861
18839 18851 18863
18839 18863 18860
18862 18863 18851
18862 18860 18863
18864 18859 18857
18859 18864 18865
18858 18860 18866
18862 18866 18860
18862 18852 18867
18847 18867 18852
18862 18868 18866
18858 18866 18868
18862 18867 18869
18847 18869 18867
18862 18870 18868
18871 18868 18870
18871 18870 18872
18862 18872 18870
18858 18868 18873
18871 18873 18868
18864 18874 18865
18874 18864 18875
18874 18876 18865
18865 18876 18877
18877 18876 18878
18857 18875 18864
18879 18875 18857
18880 18879 18857
18857 18858 18880
18880 18858 18881
18881 18858 18873
18881 18873 18882
18882 18873 18883
18873 18871 18883
18883 18871 18884
18885 18884 18871
18886 18885 18871
18885 18886 18887
18886 18888 18887
18887 18888 18889
18889 18888 18890
18891 18890 18888
18886 18871 18892
18888 18886 18892
18871 18872 18892
18893 18892 18872
18894 18891 18888
18891 18894 18895
18892 18893 18896
18888 18892 18896
18893 18872 18897
18862 18897 18872
18894 18898 18895
18895 18898 18899
18893 18897 18900
18862 18900 18897
18893 18900 18901
18902 18901 18900
18901 18902 18903
18862 18904 18900
18902 18900 18904
18862 18905 18904
18902 18904 18905
18862 18906 18905
18862 18869 18906
18907 18905 18906
18907 18906 18869
18907 18908 18905
18902 18905 18908
18907 18869 18909
18847 18909 18869
18909 18847 18910
18910 18847 18850
18910 18850 18911
18910 18911 18912
18912 18909 18910
18912 18911 18913
18914 18912 18913
18909 18915 18907
18912 18915 18909
18916 18907 18915
18915 18912 18917
18916 18918 18907
18918 18919 18907
18919 18920 18907
18917 18912 18921
18920 18908 18907
18922 18908 18920
18923 18908 18922
18923 18902 18908
18924 18902 18923
18903 18902 18924
18924 18925 18903
18926 18921 18912
18925 18927 18903
18928 18926 18912
18928 18912 18914
18926 18928 18929
18914 18930 18928
18928 18931 18929
18930 18931 18928
18931 18932 18929
18932 18931 18930
18903 18927 18933
18934 18933 18927
18933 18934 18935
18936 18935 18934
18937 18933 18935
18933 18937 18903
18903 18937 18938
18937 18939 18938
18938 18939 18940
18938 18940 18941
18942 18938 18941
18938 18901 18903
18938 18942 18901
18942 18943 18901
18944 18901 18943
18893 18901 18944
18945 18893 18944
18896 18893 18945
18896 18945 18946
18947 18896 18946
18896 18947 18888
18888 18947 18948
18949 18888 18948
18894 18888 18949
18949 18950 18894
18950 18898 18894
18898 18950 18951
18952 18898 18951
18898 18952 18899
18952 18953 18899
18899 18953 18954
18954 18953 18955
18956 18957 18958
18956 18958 18959
18959 18960 18956
18956 18960 18961
18956 18961 18962
18959 18963 18960
18964 18962 18961
18964 18965 18962
18966 18965 18964
18965 18967 18962
18967 18965 18966
18967 18968 18962
18969 18967 18966
18969 18970 18967
18971 18970 18969
18971 18969 18972
18972 18969 18973
18969 18974 18973
18975 18963 18959
18975 18976 18963
18975 18959 18977
18959 18978 18977
18959 18958 18978
18979 18978 18958
18979 18958 18980
18979 18980 18981
18979 18981 18982
18982 18981 18983
18977 18984 18975
18985 18977 18978
18977 18985 18984
18985 18986 18984
18985 18978 18987
18979 18987 18978
18986 18985 18987
18979 18988 18987
18988 18979 18982
18975 18984 18989
18975 18989 18976
18986 18987 18990
18990 18987 18988
18991 18989 18984
18992 18976 18989
18992 18989 18991
18992 18991 18993
18991 18984 18994
18986 18994 18984
18995 18991 18994
18993 18991 18995
18996 18994 18986
18995 18994 18996
18993 18995 18997
18995 18998 18997
18995 18999 18998
18996 18999 18995
19000 18998 18999
19000 18999 19001
19002 19000 19001
18996 19003 18999
19001 18999 19003
18996 18986 19004
19004 19003 18996
19005 19002 19001
19005 19006 19002
19004 18986 19007
18986 18990 19007
19008 19007 18990
18990 18988 19008
19008 18988 19009
18988 18982 19009
19001 19003 19010
19004 19011 19003
19010 19003 19011
19012 19001 19010
19012 19005 19001
19004 19007 19013
19011 19004 19013
19010 19011 19014
19012 19010 19014
19011 19015 19014
19013 19015 19011
19012 19014 19016
19016 19014 19015
19017 19005 19012
19017 19012 19016
19017 19018 19005
19006 19005 19018
19019 19013 19007
19020 19015 19013
19020 19013 19019
19016 19015 19021
19020 19021 19015
19017 19016 19022
19022 19016 19021
19019 19007 19023
19008 19023 19007
19023 19008 19024
19008 19009 19024
19025 19018 19017
19026 19017 19022
19025 19017 19026
19027 19018 19025
19006 19018 19027
19028 19019 19023
19023 19024 19029
19028 19023 19029
19009 19030 19024
19029 19024 19030
19031 19019 19028
19031 19020 19019
19009 19032 19030
18982 19032 19009
19031 19033 19020
19020 19033 19021
18982 19034 19032
18982 18983 19034
19029 19030 19035
19036 19028 19029
19036 19029 19035
19037 19031 19028
19037 19028 19036
19031 19038 19033
19037 19038 19031
19032 19039 19030
19039 19035 19030
19032 19040 19039
19041 19032 19034
19041 19042 19032
19043 19034 18983
19043 19041 19034
18983 19044 19043
18983 19045 19044
19043 19044 19046
19044 19047 19046
19046 19047 19048
19046 19048 19049
19046 19049 19050
19043 19046 19051
19046 19050 19051
19041 19043 19051
19052 19051 19050
19041 19051 19052
19052 19042 19041
19052 19053 19042
19042 19053 19054
19042 19054 19039
19054 19055 19039
19054 19056 19055
19039 19055 19035
19057 19055 19056
19058 19035 19055
19057 19058 19055
19058 19036 19035
19059 19058 19057
19060 19036 19058
19059 19060 19058
19060 19037 19036
19059 19061 19060
19059 19062 19061
19060 19063 19037
19060 19061 19063
19037 19063 19038
19064 19061 19062
19064 19062 19065
19066 19063 19061
19038 19063 19066
19066 19061 19064
19067 19064 19065
19067 19065 19068
19069 19067 19068
19038 19066 19070
19033 19038 19070
19071 19066 19064
19071 19064 19067
19070 19066 19071
19069 19072 19067
19072 19071 19067
19073 19072 19069
19033 19070 19074
19021 19033 19074
19070 19071 19075
19074 19070 19075
19072 19076 19071
19076 19075 19071
19073 19077 19072
19077 19076 19072
19021 19074 19078
19022 19021 19078
19074 19075 19079
19078 19074 19079
19076 19080 19075
19080 19079 19075
19081 19022 19078
19026 19022 19081
19073 19082 19077
19073 19083 19082
19077 19084 19076
19084 19080 19076
19083 19085 19082
19083 19086 19085
19082 19085 19087
19077 19082 19088
19082 19087 19088
19077 19088 19084
19089 19088 19087
19089 19090 19088
19090 19084 19088
19091 19090 19089
19084 19092 19080
19090 19092 19084
19091 19093 19090
19093 19092 19090
19094 19093 19091
19094 19095 19093
19096 19093 19095
19093 19096 19092
19096 19095 19097
19092 19098 19080
19092 19096 19098
19098 19096 19097
19080 19098 19079
19098 19097 19099
19079 19098 19099
19079 19099 19100
19078 19079 19100
19081 19078 19100
19100 19099 19101
19100 19101 19081
19102 19101 19099
19081 19101 19103
19081 19103 19026
19102 19104 19101
19105 19104 19102
19106 19026 19103
19106 19025 19026
19106 19107 19025
19108 19106 19103
19107 19027 19025
19109 19103 19101
19108 19103 19109
19109 19101 19104
19109 19110 19108
19109 19111 19110
19104 19111 19109
19111 19112 19110
19111 19113 19112
19104 19114 19111
19114 19113 19111
19105 19114 19104
19114 19115 19113
19115 19114 19105
19115 19105 19116
19107 19117 19027
19118 19117 19107
19027 19117 19119
19006 19027 19119
19006 19119 19120
19120 19121 19006
19117 19122 19119
19122 19120 19119
19118 19123 19117
19117 19123 19122
19120 19124 19121
19121 19124 19125
19118 19126 19123
19127 19126 19118
19123 19128 19122
19123 19129 19128
19129 19123 19126
19122 19130 19120
19130 19124 19120
19127 19131 19126
19131 19127 19132
19125 19124 19133
19125 19133 19134
19129 19126 19135
19131 19135 19126
19131 19132 19136
19136 19132 19137
19136 19137 19138
19139 19131 19136
19131 19139 19135
19140 19136 19138
19139 19136 19140
19140 19138 19141
19141 19142 19140
19141 19143 19142
19144 19140 19142
19144 19139 19140
19145 19139 19144
19145 19135 19139
19146 19129 19135
19146 19135 19145
19129 19146 19147
19129 19147 19148
19149 19146 19145
19147 19146 19149
19149 19145 19150
19150 19145 19151
19150 19151 19152
19152 19151 19153
19152 19153 19154
19155 19154 19153
19155 19156 19154
19157 19150 19152
19154 19157 19152
19156 19158 19154
19154 19158 19157
19156 19159 19158
19157 19160 19150
19160 19149 19150
19159 19161 19158
19159 19162 19161
19158 19163 19157
19163 19160 19157
19158 19161 19163
19164 19161 19162
19164 19162 19165
19166 19163 19161
19166 19161 19164
19167 19164 19165
19167 19165 19168
19169 19164 19167
19169 19166 19164
19163 19170 19160
19166 19170 19163
19169 19171 19166
19166 19171 19170
19169 19172 19171
19170 19173 19160
19160 19173 19149
19172 19174 19171
19172 19175 19174
19174 19175 19176
19171 19177 19170
19171 19174 19177
19170 19177 19173
19174 19176 19178
19177 19174 19178
19178 19176 19179
19180 19149 19173
19147 19149 19180
19181 19173 19177
19180 19173 19181
19178 19179 19182
19183 19182 19179
19177 19178 19184
19181 19177 19184
19184 19178 19182
19185 19147 19180
19148 19147 19185
19186 19180 19181
19185 19180 19186
19187 19181 19184
19186 19181 19187
19184 19182 19188
19187 19184 19188
19183 19189 19182
19189 19188 19182
19190 19187 19188
19189 19190 19188
19191 19186 19187
19190 19191 19187
19183 19192 19189
19183 19193 19192
19189 19194 19190
19189 19192 19194
19195 19185 19186
19191 19195 19186
19190 19196 19191
19190 19194 19196
19191 19197 19195
19191 19196 19197
19192 19198 19194
19194 19199 19196
19194 19198 19199
19196 19200 19197
19196 19199 19200
19200 19199 19201
19200 19201 19202
19199 19203 19201
19199 19198 19203
19192 19204 19198
19205 19204 19192
19205 19206 19204
19207 19204 19206
19208 19198 19204
19207 19208 19204
19208 19203 19198
19209 19201 19203
19202 19201 19209
19210 19208 19207
19210 19207 19211
19212 19210 19211
19213 19203 19208
19213 19208 19210
19209 19203 19213
19212 19214 19210
19214 19213 19210
19214 19212 19215
19212 19216 19215
19217 19215 19216
19217 19216 19218
19214 19215 19219
19219 19215 19217
19214 19220 19213
19219 19220 19214
19221 19209 19213
19221 19213 19220
19219 19217 19222
19222 19217 19223
19219 19224 19220
19224 19219 19222
19221 19220 19224
19224 19222 19225
19221 19224 19226
19227 19209 19221
19202 19209 19227
19228 19221 19226
19227 19221 19228
19228 19226 19229
19228 19229 19230
19231 19202 19227
19228 19232 19227
19231 19227 19232
19233 19231 19232
19202 19231 19234
19233 19234 19231
19202 19234 19235
19197 19235 19234
19228 19236 19232
19228 19230 19236
19197 19234 19237
19195 19197 19237
19195 19237 19238
19195 19238 19185
19239 19234 19233
19239 19240 19234
19241 19232 19236
19233 19232 19241
19242 19237 19239
19237 19242 19238
19243 19185 19238
19148 19185 19243
19122 19148 19243
19122 19243 19130
19243 19238 19244
19130 19243 19244
19242 19244 19238
19130 19244 19245
19245 19244 19242
19130 19245 19124
19245 19242 19246
19124 19245 19246
19239 19246 19242
19124 19246 19133
19239 19247 19246
19247 19133 19246
19247 19239 19233
19247 19248 19133
19248 19134 19133
19248 19249 19134
18993 19249 19248
19247 19233 19250
19248 19247 19250
18993 19248 19251
19248 19250 19251
19252 18993 19251
19233 19253 19250
19251 19250 19253
19241 19253 19233
19252 19251 19254
19251 19253 19254
19252 19254 18976
19255 18976 19254
19255 19254 19253
19255 19256 18976
19257 19253 19241
19257 19255 19253
19241 19236 19257
19255 19258 19256
19255 19257 19258
19258 19257 19236
19258 19259 19256
19258 19236 19230
19258 19260 19259
19260 19258 19230
19260 19230 19261
19260 19262 19259
19260 19263 19262
19264 19262 19263
19264 19263 19265
19266 19264 19265
19265 19263 19267
19267 19266 19265
19267 19263 19268
19269 19266 19267
19269 19270 19266
19269 19267 19271
19272 19270 19269
19273 19269 19271
19273 19272 19269
19274 19273 19275
19276 19274 19275
19277 19276 19275
19277 19278 19276
19279 19278 19277
19279 19277 19280
19280 19281 19279
19280 19282 19281
19282 19283 19281
19284 19279 19281
19284 19281 19283
19282 19285 19283
19284 19283 19286
19285 19287 19283
19285 19288 19287
19283 19289 19286
19290 19286 19289
19291 19287 19288
19291 19288 19292
19293 19287 19291
19287 19294 19283
19293 19294 19287
19294 19289 19283
19293 19295 19294
19289 19294 19295
19289 19295 19296
19290 19289 19296
19290 19296 19297
19298 19299 19300
19298 19301 19299
19301 19302 19299
19299 19302 19303
19301 19304 19302
19305 19302 19304
19303 19302 19306
19305 19306 19302
19303 19306 19307
19305 19307 19306
19303 19307 19308
19308 19307 19309
19307 19305 19309
19310 19308 19309
19304 19301 19311
19311 19301 19312
19313 19311 19312
19314 19310 19309
19314 19315 19310
19316 19314 19309
19305 19316 19309
19317 19314 19316
19304 19318 19305
19304 19311 19318
19313 19319 19311
19319 19313 19320
19319 19320 19321
19319 19322 19311
19322 19318 19311
19319 19321 19323
19319 19323 19322
19321 19324 19323
19325 19323 19324
19322 19323 19325
19325 19324 19326
19325 19326 19327
19328 19322 19325
19318 19322 19328
19325 19327 19329
19328 19325 19329
19330 19329 19327
19330 19331 19329
19332 19331 19330
19333 19328 19329
19329 19331 19333
19334 19318 19328
19333 19334 19328
19334 19335 19318
19335 19305 19318
19335 19316 19305
19333 19336 19334
19336 19335 19334
19331 19337 19333
19336 19333 19337
19332 19338 19331
19337 19331 19338
19332 19339 19338
19332 19340 19339
19338 19339 19341
19338 19341 19342
19337 19338 19342
19343 19342 19341
19343 19344 19342
19337 19342 19344
19345 19344 19343
19336 19337 19346
19337 19344 19346
19336 19347 19335
19347 19336 19346
19347 19346 19348
19344 19348 19346
19349 19344 19345
19349 19345 19350
19344 19349 19351
19352 19349 19350
19317 19352 19350
19352 19317 19316
19353 19316 19335
19353 19352 19316
19352 19353 19349
19351 19349 19353
19354 19353 19335
19351 19353 19354
19355 19356 19357
19355 19357 19358
19359 19355 19358
19358 19357 19360
19359 19358 19361
19362 19359 19361
19358 19360 19363
19361 19358 19363
19363 19360 19364
19362 19361 19365
19366 19362 19365
19361 19363 19367
19365 19361 19367
19363 19364 19368
19367 19363 19368
19366 19365 19369
19370 19366 19369
19371 19368 19364
19371 19364 19372
19367 19368 19373
19373 19368 19371
19365 19367 19374
19369 19365 19374
19374 19367 19373
19370 19369 19375
19376 19370 19375
19377 19371 19372
19377 19372 19378
19379 19371 19377
19373 19371 19379
19379 19377 19380
19374 19373 19381
19381 19373 19379
19369 19374 19382
19375 19369 19382
19382 19374 19381
19383 19379 19380
19381 19379 19383
19383 19380 19384
19385 19383 19384
19385 19386 19383
19386 19381 19383
19387 19386 19385
19382 19381 19388
19386 19388 19381
19387 19389 19386
19389 19388 19386
19390 19389 19387
19375 19382 19391
19391 19382 19388
19389 19392 19388
19391 19388 19392
19390 19393 19389
19393 19392 19389
19390 19394 19393
19390 19395 19394
19396 19394 19395
19397 19375 19391
19376 19375 19397
19398 19376 19397
19399 19391 19392
19397 19391 19399
19398 19397 19400
19399 19400 19397
19401 19398 19400
19393 19402 19392
19399 19392 19402
19393 19403 19402
19393 19394 19403
19402 19404 19399
19399 19404 19400
19402 19403 19404
19396 19405 19394
19406 19405 19396
19407 19401 19400
19408 19401 19407
19408 19409 19401
19410 19408 19407
19411 19407 19400
19410 19407 19411
19404 19411 19400
19410 19411 19412
19412 19411 19404
19410 19412 19413
19412 19414 19413
19404 19415 19412
19412 19415 19414
19415 19404 19403
19416 19414 19415
19417 19415 19403
19416 19415 19417
19417 19403 19394
19417 19418 19416
19418 19417 19394
19394 19405 19418
19419 19416 19418
19420 19418 19405
19419 19418 19420
19420 19405 19406
19419 19420 19406
19419 19406 19421
19422 19423 19424
19425 19422 19424
19425 19424 19426
19427 19422 19425
19427 19428 19422
19429 19425 19426
19429 19426 19430
19431 19428 19427
19431 19432 19428
19433 19432 19431
19434 19433 19431
19435 19434 19431
19435 19431 19436
19436 19431 19427
19435 19436 19437
19436 19438 19437
19439 19427 19425
19436 19427 19439
19439 19425 19429
19436 19440 19438
19439 19440 19436
19440 19441 19438
19430 19442 19429
19430 19443 19442
19429 19444 19439
19439 19444 19440
19429 19442 19444
19440 19445 19441
19445 19440 19444
19445 19446 19441
19443 19447 19442
19443 19448 19447
19442 19449 19444
19445 19444 19449
19442 19447 19449
19445 19450 19446
19450 19445 19449
19450 19451 19446
19452 19447 19448
19452 19448 19453
19454 19449 19447
19450 19449 19454
19454 19447 19452
19450 19455 19451
19455 19450 19454
19455 19456 19451
19457 19452 19453
19457 19453 19458
19459 19454 19452
19455 19454 19459
19459 19452 19457
19455 19460 19456
19459 19460 19455
19460 19461 19456
19458 19462 19457
19458 19463 19462
19457 19464 19459
19459 19464 19460
19457 19462 19464
19460 19465 19461
19465 19460 19464
19465 19466 19461
19465 19467 19466
19465 19464 19468
19467 19465 19468
19468 19464 19462
19467 19468 19469
19470 19462 19463
19468 19462 19470
19469 19468 19470
19470 19463 19471
19469 19470 19472
19472 19470 19471
19472 19471 19473
19474 19472 19473
19474 19473 19475
19476 19474 19475
19476 19475 19477
19478 19476 19477
19478 19479 19476
19480 19481 19482
19480 19483 19481
19481 19483 19484
19481 19484 19485
19485 19484 19486
19485 19486 19487
19487 19486 19488
19487 19488 19489
19490 19487 19489
19489 19488 19491
19490 19489 19492
19493 19490 19492
19489 19491 19494
19492 19489 19494
19495 19494 19491
19493 19492 19496
19496 19497 19493
19496 19498 19497
19495 19499 19494
19499 19495 19500
19492 19494 19501
19496 19492 19501
19499 19501 19494
19502 19498 19496
19496 19501 19502
19502 19503 19498
19499 19500 19504
19504 19500 19505
19499 19506 19501
19506 19502 19501
19506 19499 19504
19507 19503 19502
19506 19507 19502
19507 19508 19503
19504 19505 19509
19510 19509 19505
19506 19504 19511
19507 19506 19511
19511 19504 19509
19512 19508 19507
19507 19511 19512
19512 19513 19508
19510 19514 19509
19515 19514 19510
19511 19509 19516
19512 19511 19516
19514 19516 19509
19517 19513 19512
19512 19516 19517
19517 19518 19513
19515 19519 19514
19519 19515 19520
19514 19521 19516
19517 19516 19521
19519 19521 19514
19522 19518 19517
19517 19521 19522
19522 19523 19518
19519 19520 19524
19524 19520 19525
19519 19526 19521
19526 19522 19521
19526 19519 19524
19527 19523 19522
19526 19527 19522
19527 19528 19523
19527 19529 19528
19524 19525 19530
19530 19525 19531
19526 19524 19532
19532 19524 19530
19527 19526 19532
19532 19530 19533
19527 19534 19529
19527 19532 19534
19532 19533 19534
19529 19534 19535
19534 19533 19536
19535 19534 19537
19537 19534 19536
19538 19539 19540
19538 19541 19539
19542 19541 19538
19541 19543 19539
19542 19544 19541
19545 19544 19542
19541 19546 19543
19544 19546 19541
19544 19547 19546
19546 19548 19543
19545 19549 19544
19550 19549 19545
19549 19551 19544
19546 19552 19548
19551 19552 19546
19550 19553 19549
19554 19553 19550
19555 19548 19552
19555 19556 19548
19551 19557 19552
19557 19555 19552
19549 19558 19551
19553 19558 19549
19558 19557 19551
19554 19559 19553
19560 19559 19554
19561 19556 19555
19561 19562 19556
19563 19561 19555
19557 19563 19555
19563 19564 19561
19558 19565 19557
19565 19563 19557
19553 19566 19558
19559 19566 19553
19566 19565 19558
19567 19564 19563
19565 19567 19563
19567 19568 19564
19569 19568 19567
19569 19567 19570
19571 19569 19570
19571 19570 19572
19573 19567 19565
19574 19571 19572
19573 19565 19575
19566 19575 19565
19572 19573 19575
19559 19576 19566
19576 19575 19566
19572 19575 19577
19576 19577 19575
19574 19572 19578
19578 19572 19577
19574 19578 19579
19574 19579 19580
19581 19580 19579
19582 19576 19559
19560 19582 19559
19583 19582 19560
19584 19577 19576
19582 19584 19576
19583 19585 19582
19584 19582 19585
19586 19585 19583
19578 19577 19587
19584 19587 19577
19578 19587 19588
19578 19588 19579
19587 19584 19589
19584 19585 19589
19587 19589 19588
19581 19579 19590
19581 19590 19591
19592 19585 19586
19593 19592 19586
19593 19586 19594
19595 19592 19593
19596 19585 19592
19595 19596 19592
19596 19589 19585
19595 19597 19596
19596 19597 19589
19595 19598 19597
19597 19598 19599
19589 19597 19600
19597 19599 19600
19600 19588 19589
19601 19600 19599
19602 19588 19600
19601 19602 19600
19602 19579 19588
19602 19601 19603
19603 19579 19602
19579 19603 19590
19604 19603 19601
19605 19590 19603
19604 19605 19603
19591 19590 19605
19604 19591 19605
19604 19606 19591
19607 19608 19609
19608 19607 19610
19608 19610 19611
19610 19612 19611
19610 19613 19612
19614 19612 19613
19614 19615 19612
19614 19616 19615
19614 19617 19616
19617 19618 19616
19617 19619 19618
19619 19620 19618
19619 19621 19620
19620 19621 19622
19620 19622 19623
19623 19622 19624
19623 19624 19625
19624 19626 19625
19624 19627 19626
19628 19629 19630
19628 19631 19629
19632 19631 19628
19632 19633 19631
19632 19634 19633
19632 19635 19634
19635 19636 19634
19635 19637 19636
19636 19637 19638
19636 19638 19639
19639 19638 19640
19639 19640 19641
19642 19641 19640
19642 19643 19641
19642 19644 19643
19642 19645 19644
19645 19646 19644
19645 19647 19646
19648 19646 19647
19648 19649 19646
19650 19649 19648
19650 19648 19651
19652 19650 19651
19652 19653 19650
19654 19653 19652
19654 19652 19655
19656 19654 19655
19656 19655 19657
19658 19656 19657
19659 19660 19661
19661 19662 19659
19661 19663 19662
19662 19663 19664
19662 19664 19665
19666 19665 19664
19666 19664 19667
19666 19667 19668
19666 19668 19669
19669 19668 19670
19669 19670 19671
19671 19670 19672
19671 19672 19673
19672 19674 19673
19672 19675 19674
19675 19676 19674
19675 19677 19676
19676 19677 19678
19676 19678 19679
19680 19681 19682
19680 19682 19683
19684 19680 19683
19684 19683 19685
19684 19685 19686
19684 19686 19687
19687 19686 19688
19687 19688 19689
19688 19690 19689
19688 19691 19690
19692 19693 19694
19692 19695 19693
19696 19693 19695
19696 19695 19697
19696 19697 19698
19696 19698 19699
19699 19698 19700
19699 19700 19701
19702 19701 19700
19702 19700 19703
19704 19702 19703
19704 19705 19702
19706 19705 19707
19706 19707 19708
19709 19706 19708
19709 19710 19706
19711 19710 19709
19711 19712 19710
19713 19712 19711
19714 19715 19716
19714 19717 19715
19718 19715 19717
19719 19720 19721
19720 19719 19722
19723 19722 19724
19723 19725 19722
19726 19725 19723
19726 19727 19725
19726 19728 19727
19729 19730 19731
19731 19732 19729
19731 19733 19732
19732 19733 19734
19732 19734 19735
19736 19734 19733
19737 19732 19735
19737 19729 19732
19737 19735 19738
19737 19739 19729
19736 19733 19740
19731 19740 19733
19741 19736 19740
19739 19742 19729
19739 19743 19742
19742 19744 19729
19745 19742 19743
19745 19743 19746
19745 19746 19747
19744 19742 19748
19748 19742 19745
19745 19747 19749
19750 19749 19747
19751 19745 19749
19748 19745 19751
19752 19749 19750
19752 19751 19749
19752 19750 19753
19752 19753 19754
19754 19755 19752
19752 19755 19751
19754 19756 19755
19755 19756 19757
19758 19748 19751
19751 19755 19758
19744 19748 19759
19759 19748 19758
19744 19759 19760
19760 19731 19744
19761 19755 19757
19761 19758 19755
19761 19762 19758
19759 19758 19763
19760 19759 19763
19763 19758 19762
19760 19764 19731
19731 19764 19740
19757 19765 19761
19762 19761 19765
19766 19764 19760
19760 19763 19766
19740 19764 19767
19766 19767 19764
19766 19763 19768
19767 19766 19768
19740 19767 19769
19767 19768 19769
19769 19741 19740
19768 19763 19770
19763 19762 19770
19771 19769 19768
19768 19770 19771
19769 19772 19741
19771 19772 19769
19773 19741 19772
19773 19774 19741
19775 19772 19771
19771 19770 19775
19775 19770 19776
19770 19777 19776
19762 19777 19770
19776 19777 19778
19776 19778 19779
19778 19777 19780
19780 19777 19781
19781 19777 19762
19782 19780 19781
19762 19783 19781
19782 19781 19783
19762 19765 19783
19782 19783 19765
19784 19782 19765
19757 19784 19765
19785 19784 19757
19785 19786 19784
19787 19788 19789
19789 19790 19787
19791 19787 19790
19791 19790 19792
19793 19791 19792
19793 19792 19794
19793 19794 19795
19796 19797 19798
19796 19798 19799
19800 19799 19798
19801 19802 19803
19801 19803 19804
19805 19801 19804
19806 19804 19803
19806 19807 19804
19808 19807 19806
19805 19804 19809
19804 19807 19809
19805 19809 19810
19811 19810 19809
19809 19807 19811
19811 19812 19810
19813 19812 19811
19813 19814 19812
19813 19811 19815
19807 19815 19811
19816 19815 19807
19808 19817 19807
19816 19807 19817
19818 19817 19808
19816 19817 19819
19818 19819 19817
19819 19818 19820
19819 19820 19821
19820 19822 19821
19820 19823 19822
19822 19823 19824
19824 19823 18971
19825 19826 19827
19827 19826 19828
19829 19828 19826
19829 19826 19830
19831 19832 19830
19831 19833 19832
19834 19833 19826
19834 19826 19835
19836 19834 19835
19837 19833 19834
19836 19838 19834
19838 19837 19834
19838 19839 19837
19839 19840 19837
19841 19839 19838
19842 19841 19838
19842 19838 19843
19841 19844 19839
19844 19845 19839
19845 19846 19839
19846 19840 19847
19844 19848 19845
19849 19848 19844
19849 19850 19848
19851 19844 19841
19851 19849 19844
19852 19851 19841
19852 19841 19853
19854 19850 19849
19854 19855 19850
19854 19856 19855
19857 19854 19849
19857 19849 19851
19858 19857 19851
19858 19851 19859
19860 19857 19861
19860 19862 19857
19862 19863 19857
19863 19864 19856
19864 19863 19865
19865 19863 19866
19862 19866 19863
19867 19866 19862
19868 19867 19862
19868 19869 19867
19867 19869 19870
19870 19869 19871
19871 19869 19872
19872 19869 19873
19874 19868 19862
19874 19862 19875
19876 19873 19869
19876 19877 19873
19878 19869 19868
19878 19876 19869
19879 19878 19868
19879 19868 19880
19881 19877 19876
19881 19882 19877
19883 19882 19881
19883 19884 19882
19883 19885 19884
19886 19885 19883
19887 19886 19883
19888 19876 19878
19888 19881 19876
19889 19888 19878
19889 19878 19890
19891 19887 19883
19887 19891 19892
19892 19891 19893
19894 19883 19881
19894 19881 19888
19891 19883 19894
19895 19894 19888
19895 19888 19896
19897 19891 19894
19897 19894 19898
19893 19891 19899
19900 19899 19891
19901 19899 19900
19893 19899 19902
19903 19899 19901
19902 19899 19903
19902 19903 19904
19905 19906 19907
19906 19908 19907
19909 19908 19906
19910 19908 19909
19908 19910 19911
19912 19910 19909
19913 19911 19910
19910 19912 19913
19914 19911 19913
19915 19913 19912
19916 19914 19913
19917 19913 19915
19913 19918 19916
19919 19918 19913
19920 19918 19919
19916 19918 19921
19922 19913 19917
19922 19919 19913
19922 19917 19923
19924 19922 19923
19922 19924 19919
19924 19925 19919
19926 19919 19925
19921 19918 19927
19920 19927 19918
19921 19927 19928
19928 19927 19929
19927 19930 19929
19920 19930 19927
19929 19930 19931
19932 19931 19930
19933 19932 19930
19933 19930 19934
19935 19934 19930
19936 19919 19926
19920 19919 19936
19937 19936 19926
19938 19935 19930
19920 19938 19930
19939 19935 19938
19935 19939 19940
19940 19939 19941
19941 19939 19942
19943 19936 19937
19943 19937 19944
19945 19943 19944
19946 19945 19944
19945 19947 19943
19947 19936 19943
19920 19936 19947
19920 19948 19938
19920 19947 19949
19948 19920 19950
19951 19942 19939
19942 19951 19952
19953 19945 19946
19946 19954 19953
19939 19938 19955
19938 19948 19955
19945 19956 19947
19956 19949 19947
19951 19957 19952
19957 19958 19952
19958 19957 19959
19959 19957 19951
19960 19959 19951
19951 19939 19960
19960 19939 19961
19939 19962 19961
19955 19962 19939
19955 19963 19962
19955 19948 19963
19963 19948 19964
19964 19948 19965
19965 19948 19950
19965 19950 19966
19950 19967 19966
19920 19967 19950
19967 19968 19966
19966 19968 19969
19969 19968 19970
19970 19968 19971
19971 19968 19972
19972 19968 19973
19968 19974 19973
19968 19975 19974
19974 19975 19976
19976 19975 19977
19978 19977 19975
19968 19967 19979
19920 19979 19967
19975 19968 19979
19975 19979 19980
19980 19981 19975
19981 19982 19975
19980 19979 19983
19975 19982 19984
19983 19979 19985
19920 19985 19979
19983 19985 19986
19986 19985 19987
19920 19987 19985
19988 19986 19987
19989 19988 19987
19990 19989 19987
19991 19975 19984
19992 19991 19984
19991 19978 19975
19991 19992 19978
19978 19992 19993
19994 19978 19993
19995 19978 19994
19995 19994 19996
19997 19990 19987
19997 19987 19998
19990 19997 19999
19999 19997 20000
20001 20000 19997
19997 19998 20001
20001 19998 20002
19987 20003 19998
19920 20003 19987
20004 20002 19998
20002 20004 20005
20005 20004 20006
19920 20007 20003
19920 19949 20007
19998 20003 20008
20008 20009 19998
19998 20009 20004
20008 20003 20010
20010 20003 20007
20004 20009 20011
20010 20007 20012
20013 20004 20011
20004 20013 20006
20012 20007 20014
20007 19949 20014
20013 20015 20006
20006 20015 20016
20016 20015 20017
20014 19949 20018
20019 20018 19949
19956 20019 19949
20019 19956 20020
19956 19945 20020
20020 19945 20021
20021 19945 20022
20023 20022 19945
19953 20023 19945
20023 19953 20024
19953 20025 20024
19954 20025 19953
20025 19954 20026
20027 20025 20026
20024 20025 20028
20025 20027 20028
20028 20027 20029
20028 20029 20030
20031 20032 20033
20033 20032 20034
20035 20033 20034
20036 20035 20034
20037 20035 20036
20038 20037 20036
20037 20038 20039
20040 20038 20036
20038 20041 20039
20038 20040 20041
20039 20041 20042
20041 20043 20042
20041 20040 20044
20040 20045 20044
20044 20045 20046
20044 20046 20047
20048 20044 20047
20044 20048 20049
20044 20049 20041
20050 20049 20048
20051 20049 20050
20052 20051 20050
20053 20043 20041
20053 20041 20054
20053 20055 20043
20053 20054 20055
20055 20054 20056
20056 20054 20057
20054 20058 20057
20057 20058 20059
20060 20059 20058
20049 20061 20041
20041 20061 20054
20062 20051 20052
20062 20052 20063
20064 20062 20063
20065 20062 20064
20066 20065 20064
20067 20060 20058
20060 20067 20068
20067 20069 20068
20068 20069 20070
20070 20069 20071
20072 20071 20069
20073 20072 20069
20074 20051 20062
20065 20074 20062
20065 20075 20074
20075 20076 20074
20067 20058 20077
20069 20067 20077
20078 20073 20069
20073 20078 20079
20051 20074 20080
20076 20080 20074
20078 20081 20079
20081 20082 20079
20082 20081 20083
20083 20081 20078
20084 20083 20078
20078 20069 20084
20084 20069 20085
20069 20086 20085
20069 20077 20086
20085 20086 20087
20077 20088 20086
20086 20088 20089
20086 20089 20087
20089 20088 20090
20090 20088 20091
20088 20077 20092
20058 20092 20077
20091 20088 20093
20091 20093 20094
20088 20095 20093
20093 20096 20094
20096 20093 20095
20096 20097 20094
20094 20097 20098
20098 20097 20099
20099 20097 20100
20100 20097 20101
20101 20097 20102
20103 20102 20097
20097 20104 20103
20103 20104 20105
20106 20105 20104
20088 20107 20095
20108 20095 20107
20088 20092 20107
20108 20107 20092
20104 20097 20109
20097 20096 20109
20096 20095 20110
20108 20110 20095
20096 20110 20111
20096 20111 20109
20108 20111 20110
20112 20109 20111
20108 20092 20113
20058 20113 20092
20058 20114 20113
20108 20113 20114
20058 20054 20114
20061 20114 20054
20108 20115 20111
20112 20111 20115
20108 20114 20116
20061 20116 20114
20108 20117 20115
20112 20115 20117
20061 20118 20116
20108 20116 20118
20061 20049 20118
20051 20118 20049
20051 20119 20118
20108 20118 20119
20051 20080 20119
20108 20119 20080
20108 20080 20120
20076 20120 20080
20108 20120 20121
20076 20121 20120
20076 20122 20121
20108 20121 20123
20108 20123 20117
20124 20123 20121
20124 20117 20123
20124 20121 20122
20124 20125 20117
20112 20117 20125
20126 20124 20122
20125 20124 20126
20127 20125 20126
20127 20126 20128
20128 20129 20127
20129 20130 20127
20131 20127 20130
20132 20127 20131
20132 20133 20127
20127 20133 20125
20133 20112 20125
20134 20112 20133
20135 20112 20134
20135 20109 20112
20136 20109 20135
20104 20109 20136
20136 20137 20104
20137 20138 20104
20104 20138 20139
20140 20104 20139
20141 20140 20139
20140 20106 20104
20140 20141 20106
20106 20141 20142
20143 20106 20142
20143 20142 20144
20145 20146 20147
20145 17955 20146
17955 20148 20149
20149 20150 17955
20149 20151 20150
20151 20152 20150
20153 20154 20155
20155 20154 20156
20155 20156 20157
20156 20154 20158
20156 20159 20157
20156 20158 20160
20156 20160 20159
20158 20161 20160
20161 20162 20160
20162 20163 20160
20159 20160 20164
20164 20160 20165
20164 20165 20166
20166 20165 20167
20163 20168 20160
20160 20168 20169
20168 20170 20169
20167 20165 20171
20170 20172 20169
20169 20173 20160
20165 20160 20173
20171 20165 20174
20171 20174 20175
20175 20174 20176
20177 20175 20176
20178 20177 20176
20179 20178 20176
20180 20179 20176
20165 20181 20174
20176 20174 20181
20182 20180 20176
20183 20180 20182
20184 20183 20182
20185 20184 20182
20184 20185 20186
20165 20173 20187
20165 20187 20181
20188 20187 20173
20188 20181 20187
20176 20181 20189
20188 20189 20181
20176 20189 20190
20176 20190 20182
20188 20190 20189
20188 20173 20191
20169 20191 20173
20188 20191 20192
20169 20192 20191
20188 20193 20190
20188 20194 20193
20188 20192 20195
20196 20190 20193
20196 20182 20190
20196 20193 20194
20196 20194 20197
20198 20196 20197
20199 20196 20198
20199 20182 20196
20200 20198 20197
20201 20182 20199
20202 20182 20201
20203 20182 20202
20185 20182 20203
20204 20185 20203
20185 20204 20186
20186 20204 20205
20206 20186 20205
20207 20200 20197
20208 20207 20197
20209 20208 20197
20210 20209 20197
20211 20210 20197
20211 20197 20194
20212 20210 20211
20211 20194 20213
20214 20212 20211
20188 20213 20194
20212 20214 20215
20211 20213 20216
20188 20216 20213
20214 20217 20215
20217 20214 20218
20214 20211 20218
20219 20215 20217
20220 20215 20219
20221 20220 20219
20222 20220 20221
20218 20211 20223
20223 20211 20224
20224 20211 20225
20225 20211 20226
20211 20216 20226
20225 20226 20227
20227 20226 20228
20228 20226 20229
20229 20226 20216
20230 20228 20229
20231 20230 20229
20232 20231 20229
20233 20232 20229
20229 20234 20233
20235 20234 20229
20236 20234 20235
20237 20236 20235
20229 20216 20238
20188 20238 20216
20229 20238 20239
20229 20239 20235
20188 20239 20238
20240 20235 20239
20188 20241 20239
20240 20239 20241
20188 20242 20241
20240 20241 20242
20240 20242 20243
20188 20195 20242
20244 20242 20195
20244 20243 20242
20244 20195 20192
20244 20192 20245
20244 20246 20243
20169 20245 20192
20172 20245 20169
20247 20245 20172
20248 20245 20247
20248 20244 20245
20249 20244 20248
20250 20244 20249
20251 20244 20250
20243 20246 20252
20252 20253 20243
20253 20254 20243
20254 20255 20243
20255 20240 20243
20256 20240 20255
20257 20240 20256
20257 20235 20240
20258 20246 20244
20259 20235 20257
20260 20244 20251
20260 20258 20244
20261 20260 20251
20258 20260 20262
20260 20261 20262
20263 20262 20261
20264 20262 20263
20265 20235 20259
20265 20237 20235
20265 20259 20266
20267 20265 20266
20265 20268 20237
20267 20268 20265
20269 20268 20267
20270 20268 20269
20270 20269 20271
20272 20273 20274
20274 20273 20275
20276 20274 20275
20275 20277 20276
20278 20277 20275
20279 20277 20278
20277 20279 20280
20279 20281 20280
20280 20281 20282
20283 20279 20278
20279 20283 20281
20281 20283 20284
20284 20285 20281
20283 20286 20284
20284 20286 20287
20287 20288 20284
20288 20289 20284
20290 20284 20289
20284 20290 20285
20281 20291 20282
20292 20285 20290
20293 20291 20281
20293 20294 20291
20281 20295 20293
20285 20295 20281
20293 20296 20294
20295 20296 20293
20294 20296 20297
20296 20298 20297
20297 20298 20299
20300 20285 20292
20301 20300 20292
20302 20299 20298
20299 20302 20303
20302 20304 20303
20303 20304 20305
20306 20305 20304
20307 20306 20304
20308 20300 20301
20308 20301 20309
20310 20308 20309
20311 20308 20310
20312 20311 20310
20302 20298 20313
20304 20302 20313
20304 20313 20314
20314 20313 20315
20316 20307 20304
20307 20316 20317
20318 20300 20308
20311 20318 20308
20319 20318 20311
20320 20311 20312
20312 20321 20320
20313 20322 20315
20323 20315 20322
20313 20298 20322
20298 20324 20322
20323 20322 20324
20324 20298 20325
20323 20324 20325
20298 20296 20325
20326 20325 20296
20323 20325 20326
20295 20326 20296
20326 20295 20327
20323 20326 20327
20295 20285 20327
20328 20327 20285
20323 20327 20328
20300 20328 20285
20323 20329 20315
20323 20328 20330
20328 20300 20330
20323 20330 20331
20300 20318 20330
20331 20330 20318
20319 20331 20318
20314 20315 20329
20323 20331 20332
20331 20319 20332
20333 20314 20329
20323 20334 20329
20333 20329 20334
20319 20335 20332
20323 20332 20336
20336 20332 20335
20337 20314 20333
20338 20314 20337
20339 20314 20338
20337 20333 20340
20341 20314 20339
20341 20339 20342
20343 20341 20342
20341 20304 20314
20304 20341 20343
20344 20304 20343
20316 20304 20344
20344 20345 20316
20345 20346 20316
20347 20346 20345
20316 20346 20317
20346 20347 20317
20333 20348 20340
20348 20349 20340
20349 20348 20350
20340 20349 20351
20351 20349 20352
20352 20349 20353
20348 20333 20334
20349 20354 20353
20349 20355 20354
20355 20349 20350
20356 20354 20355
20357 20356 20355
20348 20334 20358
20350 20348 20358
20323 20358 20334
20323 20359 20358
20350 20358 20359
20323 20360 20359
20323 20336 20360
20361 20360 20336
20362 20359 20360
20362 20350 20359
20361 20362 20360
20363 20361 20336
20363 20336 20335
20364 20350 20362
20364 20362 20365
20365 20362 20361
20366 20350 20364
20355 20350 20366
20366 20367 20355
20367 20368 20355
20355 20368 20369
20370 20365 20361
20371 20355 20369
20372 20371 20369
20371 20357 20355
20371 20372 20357
20357 20372 20373
20374 20357 20373
20374 20373 20375
20376 20370 20361
20370 20376 20377
20377 20376 20378
20379 20378 20376
20380 20379 20376
20376 20361 20381
20376 20381 20380
20361 20363 20381
20380 20381 20382
20381 20363 20383
20363 20335 20383
20384 20382 20381
20382 20384 20385
20383 20335 20386
20383 20386 20387
20383 20387 20381
20386 20335 20388
20381 20387 20389
20390 20381 20389
20391 20381 20390
20384 20381 20391
20392 20384 20391
20384 20392 20385
20392 20393 20385
20335 20319 20388
20393 20394 20385
20385 20394 20395
20395 20394 20396
20394 20397 20396
20397 20398 20396
20398 20397 20399
20388 20319 20400
20401 20400 20319
20400 20401 20402
20401 20403 20402
20401 20404 20403
20405 20404 20401
20401 20319 20311
20311 20405 20401
20406 20405 20311
20320 20406 20311
20406 20320 20407
20320 20408 20407
20321 20408 20320
20409 20408 20321
20407 20408 20410
20408 20409 20410
20410 20409 20411
20410 20411 20412
20413 20414 20415
20413 20416 20414
20417 20416 20413
20418 20417 20413
20416 20417 20419
20417 20418 20420
20417 20420 20419
20418 20421 20420
20420 20422 20419
20423 20422 20420
20421 20424 20420
20425 20423 20420
20426 20420 20424
20426 20424 20427
20428 20426 20427
20429 20426 20428
20430 20426 20429
20431 20426 20430
20426 20431 20420
20425 20420 20432
20425 20432 20433
20434 20431 20430
20435 20434 20430
20435 20436 20434
20437 20436 20435
20431 20438 20420
20420 20438 20432
20431 20434 20439
20434 20436 20439
20433 20432 20440
20441 20433 20440
20442 20441 20440
20441 20442 20443
20443 20442 20444
20445 20444 20442
20446 20445 20442
20442 20447 20446
20448 20446 20447
20447 20442 20449
20442 20440 20449
20450 20431 20439
20451 20450 20439
20431 20450 20438
20450 20452 20438
20451 20452 20450
20438 20452 20453
20451 20453 20452
20432 20438 20453
20432 20453 20454
20440 20432 20454
20451 20454 20453
20440 20454 20455
20449 20440 20455
20451 20455 20454
20449 20455 20456
20451 20439 20457
20436 20457 20439
20451 20458 20455
20455 20458 20456
20451 20459 20458
20456 20458 20459
20451 20457 20460
20461 20460 20457
20436 20461 20457
20449 20456 20462
20447 20449 20462
20451 20460 20463
20463 20460 20461
20464 20463 20461
20465 20461 20436
20464 20461 20465
20466 20465 20436
20466 20436 20437
20466 20437 20467
20465 20466 20468
20468 20466 20467
20469 20465 20468
20451 20463 20470
20463 20464 20470
20471 20465 20469
20469 20472 20471
20472 20473 20471
20474 20473 20472
20473 20474 20475
20471 20473 20475
20476 20471 20475
20471 20476 20465
20476 20477 20465
20477 20478 20465
20479 20465 20478
20480 20465 20479
20480 20464 20465
20481 20480 20479
20480 20481 20464
20482 20464 20481
20483 20464 20482
20484 20483 20482
20464 20483 20470
20485 20483 20484
20485 20486 20483
20486 20485 20487
20485 20484 20487
20488 20486 20487
20489 20486 20488
20483 20490 20470
20486 20490 20483
20486 20491 20490
20491 20492 20490
20490 20493 20470
20490 20492 20493
20451 20470 20493
20494 20486 20489
20495 20494 20489
20494 20496 20486
20486 20496 20491
20496 20494 20497
20494 20495 20497
20497 20495 20498
20498 20495 20499
20498 20499 20500
20496 20501 20491
20491 20501 20502
20502 20503 20491
20503 20504 20491
20505 20491 20504
20505 20492 20491
20506 20492 20505
20507 20492 20506
20508 20507 20506
20508 20506 20509
20510 20508 20509
20511 20508 20510
20512 20511 20510
20513 20507 20508
20511 20513 20508
20514 20511 20512
20512 20515 20514
20511 20516 20513
20511 20517 20516
20517 20518 20516
20519 20517 20511
20514 20519 20511
20518 20520 20516
20516 20520 20521
20521 20522 20516
20522 20523 20516
20519 20514 20524
20525 20516 20523
20515 20526 20514
20514 20526 20524
20527 20526 20515
20524 20526 20528
20526 20527 20528
20528 20527 20529
20528 20529 20530
20516 20525 20531
20516 20531 20513
20525 20532 20531
20513 20531 20533
20507 20513 20533
20531 20532 20456
20534 20456 20532
20531 20456 20459
20531 20459 20533
20462 20456 20534
20462 20534 20535
20462 20535 20447
20447 20535 20536
20537 20447 20536
20538 20447 20537
20451 20533 20459
20539 20507 20533
20451 20539 20533
20507 20539 20492
20540 20447 20538
20540 20448 20447
20448 20540 20541
20541 20540 20542
20543 20540 20538
20540 20543 20542
20542 20543 20544
20544 20543 20545
20545 20546 20544
20546 20547 20544
20547 20546 20548
20539 20549 20492
20451 20549 20539
20492 20549 20493
20451 20493 20549
20550 20551 20552
20553 20551 20550
20554 20551 20553
20555 20554 20553
20554 20555 18095
18096 20555 20553
18095 20555 18094
18094 20555 18096
20556 20557 20558
20557 20556 20559
20560 20557 20559
20561 20560 20559
20562 20560 20561
20563 20562 20561
20564 20563 20561
20562 20563 20565
20566 20563 20564
20563 20126 20565
20563 20566 20126
20566 20128 20126
20565 20126 20567
20126 20568 20567
20569 20568 20126
20569 20570 20568
20569 20126 20122
20569 20122 20570
20570 20122 20571
20571 20122 20572
20122 20076 20572
20572 20076 20573
20075 20573 20076
20573 20075 20574
20075 20575 20574
20075 20576 20575
20577 20576 20075
20065 20577 20075
20578 20577 20065
20579 20578 20065
20579 20065 20066
20578 20579 20580
20066 20581 20579
20579 20582 20580
20581 20583 20579
20583 20582 20579
20584 20583 20581
20582 20583 20585
20583 20584 20585
20585 20584 20586
20585 20586 20587
20588 20589 20590
20588 20591 20589
20592 20591 20588
20593 20592 20588
20591 20592 20594
20592 20593 20595
20592 20595 20594
20593 20596 20595
20595 20597 20594
20598 20597 20595
20599 20595 20596
20600 20595 20599
20600 20599 20601
20602 20600 20601
20603 20600 20602
20604 20600 20603
20605 20598 20595
20606 20600 20604
20595 20607 20605
20595 20600 20607
20605 20607 20608
20609 20600 20606
20600 20609 20607
20608 20607 20610
20608 20610 20611
20611 20610 20612
20613 20611 20612
20614 20613 20612
20615 20614 20612
20616 20609 20606
20617 20616 20606
20617 20618 20616
20619 20618 20617
20620 20618 20619
20609 20621 20607
20610 20607 20621
20609 20616 20622
20618 20622 20616
20623 20615 20612
20615 20623 20624
20624 20623 20625
20625 20623 20626
20627 20626 20623
20623 20628 20627
20623 20612 20628
20612 20629 20628
20627 20628 20630
20609 20631 20621
20609 20622 20631
20632 20621 20631
20632 20631 20622
20629 20612 20633
20610 20633 20612
20610 20621 20634
20632 20634 20621
20610 20634 20633
20632 20633 20634
20635 20630 20628
20630 20635 20636
20636 20635 20637
20632 20622 20638
20618 20638 20622
20632 20639 20633
20629 20633 20639
20632 20638 20640
20618 20640 20638
20632 20641 20639
20629 20639 20641
20632 20640 20642
20643 20642 20640
20643 20640 20644
20618 20644 20640
20643 20645 20642
20632 20642 20645
20644 20618 20646
20646 20618 20620
20647 20644 20646
20646 20648 20647
20646 20620 20648
20647 20648 20649
20644 20650 20643
20647 20650 20644
20651 20643 20650
20650 20647 20652
20651 20653 20643
20652 20647 20654
20653 20655 20643
20654 20647 20656
20655 20657 20643
20658 20647 20649
20658 20656 20647
20649 20659 20658
20656 20658 20660
20657 20661 20643
20662 20661 20657
20643 20661 20645
20663 20661 20662
20659 20664 20658
20658 20664 20660
20665 20664 20659
20664 20665 20660
20666 20645 20661
20666 20661 20663
20667 20666 20663
20663 20668 20667
20668 20669 20667
20666 20670 20645
20632 20645 20670
20666 20671 20670
20632 20670 20671
20667 20669 20672
20673 20672 20669
20674 20666 20667
20666 20674 20671
20675 20671 20674
20632 20671 20676
20675 20676 20671
20632 20676 20677
20675 20677 20676
20632 20677 20678
20679 20678 20677
20679 20677 20680
20675 20680 20677
20632 20678 20641
20679 20641 20678
20679 20681 20641
20629 20641 20681
20682 20629 20681
20682 20681 20683
20681 20679 20683
20684 20629 20682
20683 20679 20685
20628 20629 20684
20684 20686 20628
20686 20687 20628
20628 20687 20635
20688 20635 20687
20635 20688 20637
20637 20688 20689
20637 20689 20690
20691 20685 20679
20692 20691 20679
20691 20692 20693
20692 20679 20680
20692 20694 20693
20694 20692 20680
20693 20694 20695
20695 20694 20696
20697 20696 20694
20694 20680 20698
20680 20675 20698
20699 20697 20694
20697 20699 20700
20699 20701 20700
20700 20701 20702
20698 20675 20703
20698 20703 20704
20694 20698 20704
20703 20675 20705
20706 20694 20704
20699 20694 20706
20706 20707 20699
20707 20701 20699
20708 20701 20707
20701 20708 20702
20709 20702 20708
20702 20709 20710
20675 20674 20705
20705 20674 20711
20712 20711 20674
20711 20712 20713
20712 20714 20713
20712 20674 20667
20712 20667 20714
20714 20667 20715
20715 20667 20716
20672 20716 20667
20716 20672 20717
20672 20673 20717
20717 20673 20718
20718 20673 20719
20720 20718 20719
20721 20720 20719
20720 20721 20722
