byte offset: 0
first index: 0
index count: 3888
topology: trianglelist
format: DXGI_FORMAT_R16_UINT

0 1 2
2 1 3
2 3 4
3 1 5
6 4 3
3 5 7
8 7 5
9 6 3
3 7 9
10 6 9
8 11 7
11 8 12
11 13 7
13 9 7
14 11 12
14 13 11
15 13 14
14 12 16
16 15 14
10 9 17
17 18 10
17 19 18
17 20 19
21 20 17
9 13 22
9 22 17
21 17 22
15 22 13
15 21 22
15 23 21
15 24 23
16 25 15
15 25 24
26 25 16
25 27 24
26 28 25
25 28 27
26 29 28
27 28 29
27 29 30
26 31 29
29 32 30
31 33 29
29 33 32
31 34 33
35 33 34
32 33 36
35 36 33
32 36 37
38 37 36
35 39 36
38 36 39
35 40 39
41 38 39
42 39 40
41 39 42
42 40 43
44 42 43
45 41 42
44 45 42
45 46 41
45 47 46
48 45 44
45 49 47
48 49 45
49 50 47
48 51 49
49 51 50
48 52 51
53 50 51
54 51 52
53 51 54
54 52 55
56 54 55
57 53 54
56 57 54
57 58 53
59 57 56
57 60 58
59 61 57
57 61 60
61 59 62
63 60 61
61 62 63
63 64 60
63 65 64
66 63 62
63 66 65
66 62 67
68 66 67
69 65 66
68 69 66
69 70 65
69 71 70
72 69 68
69 73 71
72 74 69
73 75 71
73 76 75
76 77 75
78 74 72
77 78 79
78 72 79
80 81 82
80 83 81
84 83 80
84 85 83
83 86 81
83 85 87
83 88 86
83 87 88
88 89 86
87 90 88
88 90 89
87 91 90
90 92 89
91 93 90
90 93 92
91 94 93
93 94 95
92 93 96
93 95 96
92 96 97
98 96 95
97 96 99
98 99 96
97 99 100
99 101 100
98 102 99
99 102 101
98 103 102
102 104 101
102 103 105
102 106 104
102 105 106
106 107 104
105 108 106
106 108 107
105 109 108
108 110 107
109 111 108
108 111 110
111 112 110
109 113 111
113 114 111
115 116 117
117 116 118
117 118 119
118 120 119
118 121 120
121 122 120
121 123 122
122 123 124
122 124 125
125 124 126
127 122 125
127 125 128
120 122 129
120 129 130
119 120 131
125 126 132
128 125 133
128 133 134
133 135 134
133 136 135
132 126 137
132 137 138
136 139 135
136 140 139
141 139 140
141 142 139
142 141 143
142 143 144
143 145 144
137 146 138
137 147 146
146 147 148
146 148 149
149 148 150
149 150 151
150 152 151
153 154 155
153 155 156
157 153 156
157 156 158
156 155 159
156 160 158
156 159 161
156 161 160
161 159 162
160 161 163
161 162 163
160 163 164
163 165 164
162 166 163
163 166 165
162 167 166
166 168 165
167 169 166
166 169 168
167 170 169
169 170 171
172 168 169
169 171 172
172 173 168
172 171 174
173 172 175
172 174 175
173 175 176
175 174 177
175 178 176
175 177 179
175 179 178
179 177 180
179 180 181
180 182 181
180 183 182
183 184 182
178 179 185
178 185 186
185 187 186
185 188 187
188 189 187
190 191 192
190 193 191
190 194 193
190 195 194
195 196 194
197 195 190
198 197 190
197 199 195
198 190 200
201 200 191
201 202 200
202 201 203
202 203 204
198 200 205
198 205 206
204 203 207
204 207 208
209 206 205
209 205 210
207 211 208
207 212 211
211 212 213
211 213 214
213 215 214
216 209 210
216 217 209
218 217 216
218 216 219
220 218 219
215 220 221
220 219 221
222 223 224
222 225 223
226 225 222
226 227 225
228 227 226
228 229 227
230 222 231
230 232 222
230 233 232
232 233 234
232 234 235
236 235 234
230 237 233
234 233 237
236 234 238
234 237 239
238 234 239
236 238 240
236 240 241
242 241 240
242 240 243
244 242 243
238 245 240
243 240 245
238 246 245
238 239 246
243 245 247
244 243 248
248 243 247
248 249 244
248 247 250
249 248 250
239 237 251
252 251 237
230 252 237
239 253 246
239 251 254
239 254 253
246 253 255
246 255 256
255 257 256
254 251 258
254 258 259
259 253 254
260 258 251
260 251 252
259 261 253
261 255 253
261 262 255
263 260 252
262 264 255
255 264 257
262 265 264
266 264 265
267 257 264
266 267 264
267 268 257
266 269 267
267 269 268
263 252 270
230 270 252
271 263 270
271 272 263
273 272 271
230 274 270
274 271 270
230 231 274
273 271 275
276 273 275
274 277 271
231 277 274
275 271 277
231 278 277
279 278 231
276 275 280
281 276 280
275 277 282
282 277 278
281 280 283
284 281 283
285 280 275
285 275 282
283 280 285
282 278 286
285 282 286
284 283 287
287 288 284
283 285 289
287 283 289
279 290 278
278 290 286
285 286 291
289 285 291
291 286 292
289 291 293
286 294 292
286 290 294
294 290 279
294 279 295
279 296 295
279 297 296
297 298 296
297 299 298
298 299 229
298 229 300
229 301 300
229 302 301
302 303 301
302 304 303
303 304 305
303 305 306
305 307 306
305 308 307
308 309 307
310 309 311
312 310 311
312 311 313
314 313 315
314 315 316
317 316 304
317 304 318
319 228 317
319 317 302
320 321 322
323 320 322
323 322 324
324 325 323
324 326 325
324 327 326
328 326 327
328 329 326
326 329 330
325 326 331
326 330 331
325 331 332
331 330 333
332 331 334
331 333 334
332 334 335
334 333 336
335 334 337
334 336 337
335 337 338
337 336 339
338 337 340
337 339 340
338 340 341
340 339 342
343 341 340
340 342 343
343 344 341
343 342 345
344 343 346
343 345 346
344 346 347
346 345 348
349 347 346
346 348 350
349 346 350
350 348 351
352 349 350
350 351 353
352 350 353
354 353 351
355 352 353
354 355 353
355 356 352
357 356 355
355 354 358
357 355 359
355 358 359
360 357 359
358 361 359
360 359 361
358 362 361
361 362 363
364 360 361
361 363 365
364 361 365
365 363 196
364 365 366
365 196 366
364 366 367
195 366 196
199 367 366
199 366 195
368 369 370
368 371 369
372 371 368
371 373 369
374 371 372
375 374 372
371 376 373
374 376 371
376 374 377
375 378 374
378 377 374
379 378 375
380 373 376
376 377 380
380 381 373
380 382 381
379 383 378
384 383 379
385 380 377
380 385 382
384 386 383
386 384 387
386 387 388
389 388 387
389 390 388
390 389 391
390 391 392
392 391 393
388 390 394
394 390 392
386 388 395
388 394 395
383 386 396
386 395 396
383 396 397
378 383 397
392 393 398
398 393 399
400 396 395
397 396 400
400 395 401
395 402 401
395 394 402
397 400 403
404 397 403
378 397 405
404 405 397
378 405 377
377 405 404
402 394 406
402 406 407
394 392 406
404 403 408
408 403 409
377 404 410
411 410 404
410 385 377
410 412 385
412 382 385
413 407 406
413 414 407
392 415 406
392 398 415
410 411 416
410 416 412
412 417 382
417 418 382
417 419 418
412 419 417
412 416 419
420 419 416
416 411 420
420 421 419
420 422 421
420 423 422
423 420 411
424 422 423
424 425 422
426 425 424
426 427 425
428 426 424
429 424 423
429 428 424
423 411 429
430 428 429
430 429 431
431 429 411
432 430 431
431 411 433
411 404 433
404 408 433
431 433 408
432 431 434
431 408 434
435 432 434
434 408 436
408 409 436
435 434 437
434 436 437
437 438 435
409 439 436
437 436 439
409 440 439
439 440 441
437 442 438
437 439 442
443 438 442
439 441 444
442 439 444
443 442 445
442 444 445
445 446 443
445 447 446
444 447 445
447 448 446
441 449 444
444 449 447
441 450 449
447 451 448
451 452 448
447 453 451
447 449 453
454 449 450
454 450 455
451 456 452
453 456 451
449 457 453
454 457 449
455 458 454
455 459 458
458 459 460
457 461 453
453 461 456
454 462 457
454 458 462
457 462 461
458 460 463
462 458 463
463 460 464
461 462 465
462 463 465
461 465 466
456 461 466
463 464 467
463 467 466
464 468 467
467 468 469
469 468 470
456 466 471
452 456 471
452 471 472
471 473 472
466 467 474
467 469 474
466 475 471
466 474 475
471 475 473
474 469 476
474 476 475
469 470 477
477 478 469
477 470 479
475 478 480
475 480 473
477 481 478
481 480 478
477 479 482
483 481 477
483 477 482
479 484 482
479 485 484
483 482 486
486 482 484
485 487 484
485 488 487
484 489 486
484 487 489
488 490 487
488 491 490
492 489 487
492 487 490
491 493 490
491 494 493
493 494 495
493 495 496
497 496 495
497 495 498
497 498 499
500 492 490
500 490 501
502 500 501
502 503 500
502 504 503
499 504 505
502 505 504
506 492 507
506 489 492
506 507 508
508 507 509
506 510 489
486 489 510
508 509 511
511 509 512
511 512 513
513 512 514
515 513 514
516 513 515
516 517 513
508 517 516
508 516 518
519 508 518
519 506 508
519 510 506
519 520 510
510 520 521
510 521 522
486 510 522
483 486 522
523 522 521
523 483 522
523 481 483
523 524 481
481 524 480
525 480 524
473 480 525
525 524 526
526 527 523
526 523 528
473 525 529
529 525 526
473 529 530
531 473 530
529 526 532
532 526 528
532 528 533
528 534 533
528 535 534
536 535 528
535 537 534
536 538 535
535 539 537
538 540 535
538 541 540
540 541 542
540 542 543
539 544 537
539 545 544
543 542 546
543 546 547
548 547 546
548 546 549
549 550 548
549 551 550
550 551 552
544 545 553
544 553 554
553 555 554
553 556 555
556 557 555
556 558 557
557 558 559
560 561 562
563 562 561
563 564 562
565 564 563
563 566 565
567 565 566
568 569 570
568 570 571
572 571 573
572 573 574
575 574 576
575 576 577
577 576 578
579 580 578
581 580 579
581 582 580
583 582 581
583 581 570
584 583 570
584 585 583
586 585 584
586 587 585
588 587 586
588 586 589
590 588 589
590 591 588
592 591 590
592 593 591
594 593 592
594 592 595
596 594 595
596 597 594
598 597 596
592 599 595
599 596 595
592 600 599
601 598 596
602 596 599
601 596 602
602 599 603
600 603 599
604 598 601
604 605 598
606 605 604
607 602 603
601 602 607
606 604 608
609 606 608
610 609 608
611 609 610
612 608 604
610 608 612
613 604 601
612 604 613
601 607 614
613 601 614
615 612 613
615 613 616
616 613 614
616 614 617
617 614 607
612 615 618
612 618 610
617 607 619
619 607 620
619 620 621
607 603 620
620 622 621
618 623 610
611 610 623
624 620 603
600 624 603
625 624 600
625 600 626
624 627 620
620 627 622
625 627 624
622 627 628
625 628 627
622 628 629
618 630 623
631 630 618
632 611 623
630 632 623
632 633 611
634 633 632
631 635 630
630 635 632
631 636 635
635 636 637
635 637 638
639 632 635
634 632 639
639 635 638
640 634 639
640 639 638
640 641 634
640 638 642
642 643 640
644 641 640
644 640 645
644 645 646
644 646 647
648 647 646
648 646 649
648 649 650
648 650 651
651 650 652
651 652 653
654 655 645
655 654 656
657 643 655
657 658 643
657 659 658
657 655 660
661 658 659
661 662 658
661 663 662
661 664 663
664 665 663
664 666 665
655 667 660
655 656 668
655 668 667
668 656 669
669 656 670
669 670 671
672 669 671
667 668 673
668 669 673
667 673 674
673 675 674
672 676 669
676 673 669
672 288 676
676 677 673
673 677 675
288 677 676
675 677 678
288 678 677
675 678 679
287 678 288
678 680 679
678 287 680
679 680 681
287 289 680
681 680 289
681 289 293
682 683 684
685 683 682
685 686 683
687 686 685
687 685 688
689 687 688
689 690 687
691 690 689
691 689 692
692 693 691
689 688 694
689 694 695
692 689 695
688 696 694
688 697 696
696 697 698
696 698 699
699 698 700
692 695 701
702 692 701
692 702 693
702 701 703
704 702 703
705 693 702
704 705 702
705 706 693
707 705 704
708 706 705
707 708 705
708 709 706
710 709 708
711 708 707
710 708 711
711 707 712
713 710 711
713 711 712
713 714 710
715 714 713
713 712 716
715 713 717
717 713 716
717 716 718
719 720 721
720 722 721
720 723 722
722 724 721
725 722 723
722 726 724
727 724 726
728 722 725
722 728 726
729 728 725
727 726 730
730 731 727
730 726 732
732 726 728
733 731 730
733 730 732
734 733 732
733 735 731
735 733 734
729 736 728
736 729 737
736 737 738
736 738 739
740 736 739
728 741 732
728 736 741
740 741 736
734 732 741
734 741 740
734 740 742
734 742 743
735 734 744
734 743 744
745 735 744
744 743 746
745 744 747
744 746 747
745 747 748
746 748 747
746 749 748
745 748 750
748 749 751
750 748 752
748 751 752
750 752 753
754 753 752
751 755 752
754 752 755
751 756 755
757 755 756
754 755 758
757 758 755
754 758 759
760 758 757
761 759 758
760 761 758
761 762 759
763 762 761
764 761 760
763 761 764
764 760 765
764 765 766
767 763 764
764 766 768
767 764 768
768 766 769
767 768 770
768 769 770
767 770 771
772 770 769
773 771 770
772 773 770
773 774 771
775 774 773
776 773 772
775 773 776
776 772 777
778 775 776
776 777 779
778 776 780
776 779 780
780 781 778
782 780 779
780 782 781
782 779 783
782 783 784
785 781 782
782 784 785
785 786 781
787 786 785
788 785 784
787 785 788
788 784 789
788 789 790
791 787 788
788 790 792
791 788 793
792 790 794
792 794 795
795 794 796
797 791 793
796 798 797
797 798 791
799 800 801
802 800 799
802 803 800
803 802 804
803 804 805
803 805 806
807 806 805
807 805 808
805 809 808
804 810 805
805 810 809
804 811 810
810 812 809
811 813 810
810 813 812
811 814 813
813 815 812
814 816 813
813 816 815
814 817 816
816 818 815
817 819 816
816 819 818
817 820 819
819 821 818
822 819 820
819 822 821
822 820 823
822 824 821
823 825 822
822 825 824
823 826 825
825 827 824
828 825 826
825 829 827
828 829 825
829 830 827
831 829 828
829 832 830
831 832 829
833 830 832
834 832 831
833 832 834
834 831 835
836 834 835
834 837 833
836 838 834
834 838 837
839 838 836
837 838 840
839 840 838
837 840 841
840 842 841
843 840 839
840 844 842
843 844 840
844 845 842
843 846 844
844 846 845
843 847 846
848 846 847
849 845 846
848 849 846
849 850 845
851 849 848
852 850 849
851 852 849
852 853 850
852 854 853
852 855 854
856 852 851
856 857 852
858 854 857
858 857 859
859 860 858
859 861 860
856 862 857
856 863 862
861 864 860
861 865 864
866 862 863
866 867 862
864 865 868
864 868 869
868 870 869
868 871 870
870 871 872
873 867 866
873 866 874
875 873 874
875 876 873
877 876 875
872 878 877
877 878 876
879 880 881
882 881 880
881 882 883
882 884 883
882 885 884
886 884 885
626 887 888
626 888 889
890 626 889
890 889 891
892 890 891
892 891 586
893 568 892
893 584 568
625 626 894
625 894 895
625 895 896
625 896 628
894 897 895
897 896 895
894 898 897
899 897 898
628 896 900
629 628 900
629 900 901
897 902 896
902 900 896
903 901 900
902 903 900
903 904 901
904 903 905
902 905 903
904 905 906
899 907 897
907 902 897
906 905 908
906 908 909
902 910 905
907 910 902
910 908 905
910 911 908
907 912 910
908 911 913
899 914 907
907 914 912
899 915 914
916 914 915
909 908 917
908 913 917
909 917 918
919 918 917
920 912 914
916 920 914
920 921 912
922 920 916
923 917 913
919 917 923
923 913 924
919 923 925
923 924 925
926 921 920
922 926 920
926 927 921
926 922 928
928 927 926
929 930 931
932 930 929
932 933 930
934 933 932
933 935 930
930 935 936
933 937 935
938 937 933
934 938 933
938 939 937
940 938 934
940 939 938
940 934 941
940 942 939
943 940 941
944 942 940
943 944 940
944 945 942
946 945 944
943 947 944
946 944 947
943 948 947
949 946 947
950 947 948
949 947 950
950 948 951
952 950 951
953 949 950
952 953 950
953 954 949
955 953 952
956 954 953
955 956 953
956 957 954
958 956 955
958 957 956
958 955 959
960 958 959
958 961 957
960 962 958
962 961 958
962 963 961
964 965 966
964 966 967
968 965 964
969 964 967
968 964 969
969 967 970
971 969 970
967 972 970
973 969 971
973 968 969
973 971 974
967 975 972
975 967 976
975 977 972
978 973 974
978 974 979
414 978 979
414 413 978
980 973 978
413 980 978
980 981 973
413 982 980
413 406 982
406 415 982
983 981 980
982 983 980
982 415 983
983 968 981
415 984 983
984 968 983
415 398 984
398 399 984
984 985 968
399 985 984
399 986 985
968 985 965
985 986 117
985 117 965
965 117 987
117 119 987
965 987 976
119 131 987
988 976 987
988 987 131
975 976 988
129 988 131
989 975 988
129 989 988
989 990 975
975 990 977
129 991 989
129 992 991
977 990 993
977 993 994
989 995 990
989 991 995
995 993 990
996 991 992
995 991 996
996 992 997
998 996 997
994 993 999
994 999 1000
993 995 1001
995 996 1001
993 1001 999
998 1002 996
1002 1001 996
1000 999 1003
1000 1003 1004
1005 999 1001
1002 1005 1001
1005 1003 999
1002 1006 1005
1007 1003 1005
1007 1008 1003
1004 1003 1009
1004 1009 1010
1011 1008 1007
1011 1007 1012
1011 1012 1013
1011 1013 1014
1015 1014 1013
1009 1016 1010
1009 1017 1016
1018 1016 1017
1018 1015 1019
1018 1019 1016
1020 1021 1022
1022 1021 1023
1024 1020 1022
1025 1022 1023
1024 1022 1026
1025 1023 1027
1028 1024 1026
1028 1025 1027
1028 1029 1024
1028 1027 1006
998 1029 1028
1002 1028 1006
998 1028 1002
