byte offset: 0
first index: 150
index count: 12258
topology: trianglelist
format: DXGI_FORMAT_R16_UINT

54 55 56
56 55 57
57 55 58
59 57 58
59 60 57
59 58 61
62 60 59
62 59 63
63 59 61
64 62 63
65 62 64
61 66 63
64 63 66
61 67 66
67 61 68
67 68 69
69 68 70
65 64 71
65 71 72
65 72 73
64 66 74
64 75 71
64 74 75
76 74 66
76 66 67
71 77 72
71 75 77
75 74 78
76 78 74
79 77 75
75 78 79
72 80 73
81 72 77
81 80 72
73 80 82
73 82 83
82 84 83
81 85 80
80 85 82
77 86 81
86 85 81
82 87 84
87 88 84
79 89 77
77 89 86
90 82 85
90 87 82
90 85 91
86 92 85
91 85 92
92 86 93
89 93 86
91 92 94
92 93 94
87 95 88
96 87 90
96 95 87
88 95 97
88 97 98
96 90 99
99 90 91
95 96 100
95 100 97
100 96 99
98 97 101
98 101 102
101 103 102
97 100 104
104 101 97
103 101 105
105 101 104
103 105 106
105 107 106
108 106 107
109 108 107
110 107 105
104 110 105
104 100 111
100 99 111
109 107 112
112 107 110
109 112 113
109 113 114
115 114 113
116 110 104
104 111 116
112 110 117
117 110 116
113 112 117
116 111 118
118 117 116
99 119 111
118 111 119
120 119 99
99 91 120
118 119 121
121 119 120
117 118 122
118 121 122
91 123 120
121 120 123
117 122 124
113 117 124
125 122 121
122 125 124
113 124 126
124 125 126
91 127 123
91 94 127
125 121 128
128 121 123
113 126 129
115 113 129
129 130 115
127 94 131
127 131 132
123 127 132
123 132 133
128 123 133
134 131 94
134 94 93
135 128 133
136 134 93
89 136 93
136 137 134
89 138 136
138 137 136
89 79 138
138 139 137
79 140 138
140 139 138
140 141 139
79 78 140
140 142 141
78 143 140
140 143 142
144 142 143
78 76 143
144 143 76
144 145 142
144 146 145
144 76 147
76 67 147
67 148 147
144 147 148
67 69 148
144 149 146
144 148 149
150 148 69
150 149 148
151 146 149
150 151 149
151 152 146
151 153 152
153 154 152
150 69 155
69 70 155
70 156 155
150 155 156
70 157 156
151 150 158
150 156 158
157 159 156
158 156 159
157 160 159
160 161 159
160 162 161
163 161 162
151 164 153
151 158 164
165 164 158
153 164 165
158 159 166
161 166 159
165 158 166
163 167 161
167 163 168
161 169 166
165 166 169
170 161 167
170 169 161
171 170 167
167 168 172
171 167 172
172 168 173
173 174 172
174 171 172
173 175 174
169 170 176
176 170 171
165 169 177
169 176 177
174 175 178
178 175 179
180 178 179
181 165 177
182 177 176
182 181 177
181 183 165
153 165 183
184 174 178
180 185 178
184 178 185
180 186 185
186 184 185
180 187 186
186 187 188
184 189 174
174 189 171
183 181 190
153 183 191
183 190 191
192 190 181
190 192 193
192 181 182
182 194 192
193 192 194
153 191 195
153 195 154
196 154 195
190 197 191
197 190 193
193 198 197
197 199 191
191 199 195
199 197 198
199 200 195
195 200 196
182 201 194
201 202 194
201 182 176
201 176 203
176 171 203
204 201 203
201 204 202
205 203 171
204 203 205
205 171 189
189 206 205
204 205 206
198 207 199
200 199 207
202 208 194
193 194 208
208 209 193
189 210 206
184 210 189
211 210 184
186 211 184
206 210 212
211 212 210
213 211 186
213 212 211
206 212 214
204 206 214
215 202 204
215 204 214
202 216 208
208 216 209
202 217 216
209 216 217
213 186 218
186 188 218
219 218 188
213 218 219
219 188 220
213 221 212
212 221 214
215 222 202
202 222 217
215 223 222
217 222 223
224 215 214
215 224 223
220 225 219
220 226 225
213 219 227
213 227 221
221 228 214
224 214 228
221 229 228
227 229 221
219 230 227
219 225 230
231 225 226
231 226 232
229 233 228
228 233 224
227 234 229
227 230 234
233 229 234
230 225 235
235 225 231
236 231 232
236 232 237
238 236 237
238 237 239
238 239 240
230 241 234
230 235 241
233 234 242
242 234 241
235 231 243
243 231 236
235 243 244
235 244 241
243 236 245
244 243 245
236 246 245
238 246 236
238 240 247
247 240 248
242 249 233
233 249 224
244 245 250
246 250 245
251 224 249
251 223 224
251 252 223
217 223 252
238 253 246
246 254 250
253 254 246
244 250 255
254 255 250
238 256 253
256 238 247
244 255 257
241 244 257
241 257 258
242 241 258
259 258 257
259 257 255
242 258 260
259 260 258
242 260 261
242 261 249
262 261 260
259 262 260
249 261 263
262 263 261
263 262 264
249 263 251
259 265 262
265 264 262
259 255 266
266 265 259
267 251 263
263 264 267
268 267 264
267 269 251
268 269 267
251 269 252
270 252 269
270 217 252
271 266 255
254 271 255
268 272 269
270 269 272
270 273 217
209 217 273
274 270 272
274 273 270
268 275 272
274 272 275
273 276 209
274 276 273
276 274 277
278 277 274
278 274 275
276 277 279
209 276 279
280 278 275
281 209 279
209 281 193
281 279 282
198 193 281
280 275 283
268 283 275
284 280 283
285 281 282
198 281 285
285 282 286
198 285 286
198 286 287
287 207 198
287 288 207
287 289 288
288 200 207
289 290 288
200 288 290
291 200 290
291 290 292
200 291 196
293 291 292
196 291 294
293 294 291
294 295 196
293 296 294
294 296 295
293 297 296
298 295 296
299 296 297
298 296 300
299 300 296
301 298 300
299 301 300
299 302 301
301 303 298
304 301 302
304 302 305
306 304 305
301 307 303
301 304 307
308 303 307
308 309 303
308 310 309
306 311 304
307 304 311
306 312 311
306 313 312
312 313 314
307 311 315
315 308 307
315 311 312
308 316 310
317 310 316
317 316 318
319 317 318
312 314 320
315 312 321
312 320 321
314 322 320
314 323 322
324 321 320
324 320 322
315 321 325
324 325 321
315 326 308
315 325 326
308 327 316
308 326 327
328 322 323
328 323 329
328 329 330
326 325 331
326 331 327
316 327 332
316 332 318
324 333 325
333 331 325
324 334 333
324 335 334
322 335 324
322 328 335
336 335 328
336 334 335
337 327 331
337 332 327
333 338 331
338 337 331
333 339 338
333 334 339
338 340 337
339 340 338
332 337 341
340 341 337
336 328 342
328 330 342
330 343 342
343 336 342
332 341 344
344 318 332
345 343 330
330 346 345
346 347 345
346 348 347
343 345 349
349 345 347
349 347 350
351 347 348
351 350 347
351 348 352
353 351 352
351 354 350
353 354 351
353 352 355
353 356 354
353 355 357
358 356 353
353 357 359
358 353 359
359 357 360
361 358 359
359 360 362
361 359 362
363 362 360
362 364 361
363 365 362
362 365 364
284 365 363
366 364 365
284 367 365
366 365 367
284 283 367
283 366 367
283 268 366
368 268 369
370 368 369
268 264 369
370 369 371
371 369 264
372 370 371
371 264 373
265 373 264
372 371 374
374 371 373
373 265 375
266 375 265
373 375 376
374 373 376
372 374 377
372 377 378
379 378 377
379 380 378
381 377 374
381 374 376
381 379 377
376 375 382
376 382 381
382 375 266
379 381 382
382 266 383
271 383 266
383 384 382
379 382 384
385 380 379
385 386 380
386 385 387
388 383 271
383 388 384
389 379 384
389 385 379
389 384 388
385 390 387
389 390 385
390 391 387
343 391 390
388 271 392
254 392 271
389 388 393
393 388 392
394 343 390
343 394 336
395 336 394
389 396 390
394 390 396
396 389 393
396 395 394
254 397 392
253 397 254
397 398 392
393 392 398
399 397 253
397 399 398
399 253 256
396 393 400
396 400 395
393 401 400
393 398 401
401 395 400
402 399 256
256 247 402
403 398 399
403 401 398
402 403 399
404 402 247
247 248 404
404 405 402
402 405 406
402 406 403
406 407 403
401 403 407
406 408 407
401 407 409
401 409 395
410 407 408
409 407 410
410 408 411
412 395 409
409 410 412
413 410 411
412 410 413
413 411 414
412 415 395
395 415 336
336 415 334
412 334 415
416 334 412
412 413 416
334 416 417
417 416 413
334 417 339
418 413 414
417 413 418
418 414 419
420 418 419
417 421 339
339 421 340
420 422 418
423 422 420
424 417 418
424 418 422
417 424 421
423 425 422
424 422 425
425 423 426
424 425 427
421 424 427
425 426 428
428 427 425
429 428 426
421 430 340
340 430 341
421 427 431
421 431 430
430 432 341
432 344 341
433 430 431
430 433 432
431 427 434
433 431 434
428 435 427
434 427 435
429 436 428
428 436 435
436 429 437
429 438 437
438 439 437
436 440 435
434 435 440
440 436 437
434 441 433
432 433 441
432 441 442
443 432 442
432 443 344
444 437 439
445 444 439
446 444 445
446 445 447
448 446 447
437 444 449
449 444 446
449 440 437
434 440 450
450 440 449
434 450 441
451 450 449
441 450 451
449 446 451
441 451 452
452 451 446
442 441 452
448 453 446
452 446 453
453 448 454
453 455 452
442 452 455
456 453 454
453 456 455
454 457 456
454 458 457
459 455 456
456 457 459
460 457 458
460 458 461
462 460 461
463 455 459
442 455 463
464 459 457
464 457 460
464 463 459
460 465 464
462 466 460
460 466 465
462 467 466
467 465 466
462 468 467
469 467 468
464 470 463
465 470 464
469 471 467
471 469 472
471 472 473
473 474 471
474 467 471
473 475 474
476 474 475
474 477 467
467 477 465
476 478 474
477 474 478
476 479 478
476 480 479
477 478 481
465 477 481
481 478 479
465 481 482
482 481 479
465 482 470
483 470 482
463 470 483
480 484 479
480 485 484
482 479 486
483 482 486
479 487 486
479 484 487
485 488 484
485 489 488
490 486 487
490 483 486
491 487 484
491 484 488
490 487 491
492 488 489
491 488 492
492 489 493
494 492 493
494 495 492
496 495 494
491 492 497
495 497 492
490 491 498
498 491 497
499 483 490
499 490 498
499 500 483
463 483 500
442 463 500
499 442 500
499 501 442
443 442 501
499 498 502
502 501 499
498 497 503
498 503 502
495 504 497
503 497 504
505 504 495
496 505 495
506 505 496
506 496 507
507 508 506
507 509 508
508 509 510
505 506 511
508 511 506
505 512 504
505 511 512
508 513 511
514 512 511
508 510 515
515 513 508
515 516 513
517 515 510
516 515 518
517 518 515
516 518 519
520 519 518
521 518 517
520 518 521
521 517 522
523 521 522
514 524 512
524 514 525
520 521 526
523 526 521
512 524 527
512 527 504
503 504 527
528 503 527
528 527 524
502 503 528
524 525 529
528 524 529
530 529 525
531 502 528
529 531 528
530 531 529
531 501 502
530 532 531
532 501 531
530 533 532
532 443 501
319 532 533
534 443 532
319 534 532
534 344 443
319 318 534
344 534 318
535 536 537
535 537 538
535 538 539
535 539 540
539 541 540
537 542 538
537 543 542
538 544 539
538 542 544
545 542 543
545 543 546
547 545 546
548 544 542
548 542 545
539 549 541
539 550 549
539 544 550
541 549 551
550 551 549
541 551 552
553 552 551
553 551 554
554 551 555
550 555 551
554 555 556
544 557 550
557 555 550
558 556 555
558 555 557
558 559 556
544 560 557
544 548 560
561 559 558
561 562 559
558 557 563
557 560 563
564 563 560
561 558 565
565 558 563
565 563 564
561 565 566
567 566 565
565 564 567
564 568 567
548 569 560
564 560 569
564 570 568
571 568 570
548 572 569
572 548 545
564 569 573
564 573 570
569 572 574
569 574 573
572 545 575
575 574 572
547 575 545
547 576 575
575 576 574
547 577 576
570 573 578
578 573 574
571 570 579
570 578 579
580 576 577
580 577 581
582 580 581
576 583 574
578 574 583
576 580 583
584 578 583
584 583 580
582 585 580
584 580 585
585 582 586
585 586 587
587 584 585
588 587 586
571 579 589
571 589 590
579 578 591
584 591 578
579 591 589
588 592 587
592 588 593
592 593 594
595 592 594
590 589 596
590 596 597
598 589 591
598 591 584
598 596 589
587 599 584
592 599 587
598 584 599
597 596 600
598 600 596
597 600 601
595 602 592
592 602 599
603 598 599
603 599 602
595 603 602
598 603 600
595 604 603
603 604 605
603 605 600
605 601 600
605 606 601
607 608 609
607 610 608
611 612 607
611 607 613
612 611 614
612 614 615
614 616 615
614 617 616
618 616 617
619 617 614
618 617 620
619 620 617
621 618 620
621 622 618
621 623 622
624 614 611
619 614 624
624 625 619
619 626 620
626 621 620
625 626 619
621 627 623
628 627 621
627 629 623
627 630 629
627 628 630
630 631 629
626 632 621
628 621 632
626 633 632
626 625 633
633 628 632
630 634 631
635 631 634
628 636 630
636 634 630
635 634 637
637 638 635
639 637 634
639 634 636
640 639 636
628 641 636
640 636 641
633 642 628
628 642 641
637 643 638
643 637 639
638 643 644
639 644 643
638 644 645
646 645 644
646 644 647
644 648 647
639 649 644
644 649 648
640 649 639
640 648 649
640 650 648
651 650 640
652 640 641
651 640 652
652 641 642
652 653 651
652 642 654
652 655 653
654 655 652
642 656 654
656 655 654
642 633 656
625 656 633
655 657 653
658 653 657
657 659 658
656 660 655
625 661 656
660 656 661
655 662 657
662 655 660
657 662 663
657 663 664
657 664 659
663 662 665
662 660 665
660 661 666
660 666 665
667 661 625
667 666 661
667 625 668
624 668 625
669 666 667
668 669 667
665 666 669
668 670 669
624 670 668
670 665 669
624 671 670
624 611 671
670 672 665
672 670 671
663 665 672
673 671 611
672 671 673
673 611 613
673 674 672
613 674 673
674 663 672
613 675 674
676 674 675
676 675 610
676 610 677
674 678 663
676 678 674
679 676 677
679 677 680
681 678 676
678 681 663
681 676 679
680 682 679
680 683 682
684 682 683
685 681 679
681 685 663
685 679 682
685 686 663
682 686 685
686 664 663
684 687 682
682 687 686
688 687 684
686 687 688
688 684 689
686 690 664
686 688 690
689 691 688
689 692 691
693 691 692
694 690 688
690 694 664
694 688 691
664 694 695
695 694 691
695 659 664
693 696 691
695 691 696
695 697 659
697 695 696
659 697 698
697 699 698
700 696 693
697 696 700
697 700 699
700 693 701
701 699 700
701 702 699
703 704 705
703 705 706
707 706 705
707 708 706
707 709 708
707 710 709
711 709 710
711 712 709
713 712 711
713 714 712
713 715 714
713 716 715
715 716 717
715 717 718
719 718 717
719 717 720
719 720 721
719 721 722
723 722 721
723 721 724
725 723 724
725 724 726
727 728 729
727 730 728
730 731 728
730 732 731
733 731 732
733 734 731
735 734 733
735 736 734
735 737 736
735 738 737
739 737 738
739 738 740
740 741 739
740 742 741
743 741 742
743 744 741
745 744 743
745 743 746
747 745 746
747 748 745
749 748 747
749 747 750
751 752 753
751 754 752
751 755 754
751 756 755
757 755 756
757 756 758
759 757 758
759 760 757
760 759 761
760 761 762
763 762 761
763 764 762
763 765 764
763 766 765
767 765 766
767 768 765
767 769 768
767 770 769
771 769 770
771 770 772
773 774 775
773 776 774
777 774 776
777 776 778
779 780 781
779 782 780
780 782 783
780 783 784
785 784 783
785 786 784
786 785 787
786 787 788
787 789 788
787 790 789
791 789 790
791 790 792
793 791 792
793 792 794
794 795 793
794 796 795
796 797 795
796 798 797
799 797 798
799 800 797
801 802 803
804 803 802
804 805 803
806 805 804
806 807 805
808 807 806
808 809 807
808 810 809
811 812 813
812 814 813
812 815 814
816 814 815
816 815 817
817 818 816
817 819 818
820 818 819
820 821 818
822 821 820
822 823 821
822 824 823
822 825 824
826 824 825
826 827 824
828 827 826
828 826 829
828 829 830
828 830 831
830 832 831
832 833 831
832 834 833
832 835 834
836 834 835
836 835 837
837 838 836
839 838 837
839 837 840
839 840 841
839 841 842
843 842 841
843 841 844
843 844 845
843 845 846
845 847 846
845 848 847
847 848 849
847 849 850
847 850 851
852 851 850
852 850 853
853 850 849
852 853 854
852 854 855
856 855 854
856 854 857
858 856 857
848 859 849
853 849 860
859 860 849
861 854 853
861 853 860
854 862 857
854 861 862
857 863 858
857 862 863
848 864 859
864 848 845
859 865 860
865 861 860
858 863 866
858 866 867
867 866 868
867 868 869
868 870 869
861 871 862
865 872 861
861 872 871
873 865 859
872 865 873
862 874 863
862 871 874
875 866 863
875 863 874
876 868 866
876 866 875
868 877 870
876 877 868
872 878 871
878 874 871
873 859 879
879 859 864
872 873 880
872 880 878
873 881 880
879 881 873
880 881 878
882 881 879
879 864 882
878 881 883
878 883 874
884 874 883
883 881 884
884 875 874
885 875 884
881 885 884
885 876 875
886 882 864
886 881 882
876 885 887
885 881 887
886 864 888
864 845 888
881 886 889
888 889 886
845 890 888
888 890 889
845 891 890
892 890 891
893 881 889
890 893 889
894 881 893
887 881 895
892 896 890
890 896 893
896 894 893
897 896 892
897 898 896
896 898 894
897 899 898
894 898 899
897 900 899
899 900 901
902 881 894
894 899 902
899 901 903
903 901 904
905 902 899
905 899 903
905 881 902
903 904 906
905 903 906
907 881 905
905 906 907
908 906 904
908 904 909
910 907 906
910 881 907
910 906 908
909 911 908
909 912 911
908 913 910
913 881 910
908 911 913
914 881 913
911 914 913
915 881 914
916 915 914
917 881 915
917 915 916
918 911 912
911 918 914
916 914 918
918 912 919
916 918 919
916 919 920
916 920 921
917 916 922
916 921 922
922 923 917
923 881 917
921 924 922
922 924 923
923 924 925
921 926 924
925 924 926
925 926 927
925 927 928
929 881 923
923 925 929
925 930 929
930 881 929
925 928 931
925 931 930
932 931 928
932 928 933
934 932 933
931 935 930
935 881 930
931 932 935
936 881 935
932 936 935
934 937 932
932 937 936
934 938 937
936 937 938
939 881 936
936 938 939
895 881 939
938 895 939
934 940 938
941 940 934
942 940 941
942 943 940
943 938 940
943 942 870
943 870 877
938 944 895
943 944 938
877 944 943
887 895 944
877 945 944
887 944 945
876 945 877
876 887 945
946 947 948
947 946 949
947 949 950
949 951 950
949 952 951
951 952 953
951 953 954
954 953 955
954 955 956
955 957 956
955 958 957
959 957 958
959 960 957
959 961 960
959 962 961
963 961 962
964 965 966
965 967 966
967 968 966
969 968 967
969 967 970
969 971 968
972 969 970
972 973 969
973 971 969
974 973 972
975 974 972
971 973 976
974 976 973
971 976 977
977 978 971
977 979 978
979 980 978
975 981 974
975 982 981
975 983 982
974 984 976
974 981 985
974 985 984
986 976 984
986 977 976
981 982 987
981 987 985
985 988 984
986 984 988
989 985 987
985 989 988
982 983 990
991 987 982
991 982 990
983 992 990
983 993 992
992 993 994
991 990 995
990 992 995
987 991 996
996 991 995
992 994 997
997 994 998
989 987 999
987 996 999
1000 995 992
1000 992 997
1000 1001 995
996 995 1002
1001 1002 995
1002 1003 996
999 996 1003
1001 1004 1002
1002 1004 1003
997 998 1005
1006 1000 997
1006 997 1005
998 1007 1005
998 1008 1007
1006 1009 1000
1009 1001 1000
1005 1010 1006
1005 1007 1010
1010 1009 1006
1008 1011 1007
1008 1012 1011
1011 1012 1013
1007 1014 1010
1014 1007 1011
1013 1015 1011
1015 1014 1011
1013 1016 1015
1015 1016 1017
1018 1017 1016
1019 1017 1018
1020 1015 1017
1014 1015 1020
1014 1021 1010
1010 1021 1009
1019 1022 1017
1022 1020 1017
1019 1023 1022
1019 1024 1023
1025 1023 1024
1026 1014 1020
1014 1026 1021
1022 1027 1020
1027 1026 1020
1023 1027 1022
1026 1028 1021
1028 1026 1027
1009 1021 1029
1028 1029 1021
1030 1009 1029
1009 1030 1001
1028 1031 1029
1031 1030 1029
1027 1032 1028
1028 1032 1031
1001 1030 1033
1031 1033 1030
1027 1034 1032
1023 1034 1027
1035 1031 1032
1032 1034 1035
1023 1036 1034
1034 1036 1035
1001 1033 1037
1001 1037 1004
1035 1038 1031
1038 1033 1031
1023 1039 1036
1025 1039 1023
1039 1025 1040
1033 1041 1037
1033 1042 1041
1038 1042 1033
1037 1041 1043
1037 1043 1004
1044 1004 1043
1044 1003 1004
1045 1042 1038
1046 1003 1044
999 1003 1046
1046 1044 1047
999 1046 1048
1048 1046 1047
999 1048 989
1048 1047 1049
989 1048 1050
1050 1048 1049
1050 1049 1051
989 1050 988
1050 1051 1052
988 1050 1053
1050 1052 1053
1054 1053 1052
988 1053 986
1054 986 1053
1054 1052 1055
1054 1055 1056
1054 1057 986
986 1057 977
977 1057 1058
1054 1058 1057
977 1058 979
1054 1056 1059
1054 1059 1058
1060 979 1058
1060 1058 1059
1061 1059 1056
1060 1059 1061
1061 1056 1062
1061 1062 1063
1063 1062 1064
1060 1065 979
979 1065 980
980 1065 1066
1060 1066 1065
980 1066 1067
1061 1068 1060
1060 1068 1066
1067 1066 1069
1068 1069 1066
1067 1069 1070
1070 1069 1071
1070 1071 1072
1073 1072 1071
1061 1063 1074
1061 1074 1068
1075 1068 1074
1063 1075 1074
1068 1076 1069
1071 1069 1076
1075 1076 1068
1073 1071 1077
1077 1078 1073
1071 1076 1079
1075 1079 1076
1080 1077 1071
1080 1071 1079
1081 1077 1080
1077 1082 1078
1081 1082 1077
1082 1083 1078
1083 1082 1084
1084 1082 1081
1083 1084 1085
1079 1086 1080
1086 1081 1080
1075 1087 1079
1079 1087 1086
1084 1088 1085
1088 1089 1085
1090 1089 1088
1091 1087 1075
1092 1086 1087
1092 1087 1091
1091 1075 1093
1063 1093 1075
1094 1088 1084
1090 1088 1095
1094 1095 1088
1090 1095 1096
1096 1095 1094
1090 1096 1097
1096 1098 1097
1094 1084 1099
1084 1081 1099
1093 1100 1091
1063 1101 1093
1093 1101 1100
1102 1091 1100
1100 1103 1102
1102 1092 1091
1092 1102 1104
1103 1104 1102
1063 1105 1101
1063 1064 1105
1106 1105 1064
1100 1101 1107
1107 1103 1100
1103 1107 1108
1107 1101 1109
1101 1105 1109
1109 1108 1107
1109 1105 1110
1105 1106 1110
1092 1104 1111
1111 1104 1112
1111 1086 1092
1111 1113 1086
1086 1113 1081
1114 1113 1111
1111 1112 1114
1115 1081 1113
1114 1115 1113
1115 1099 1081
1099 1115 1116
1114 1116 1115
1110 1117 1109
1108 1109 1117
1112 1104 1118
1103 1118 1104
1118 1103 1119
1099 1116 1120
1094 1099 1120
1121 1094 1120
1096 1094 1121
1116 1122 1120
1121 1120 1122
1123 1096 1121
1123 1121 1122
1116 1124 1122
1114 1124 1116
1125 1114 1112
1125 1124 1114
1112 1118 1126
1118 1119 1126
1112 1126 1127
1119 1127 1126
1123 1128 1096
1096 1128 1098
1129 1098 1128
1123 1129 1128
1129 1130 1098
1123 1122 1131
1122 1124 1131
1125 1112 1132
1112 1127 1132
1125 1132 1133
1127 1133 1132
1134 1124 1125
1125 1133 1134
1130 1129 1135
1130 1135 1136
1123 1137 1129
1123 1131 1137
1131 1124 1138
1134 1138 1124
1131 1138 1139
1137 1131 1139
1129 1137 1140
1129 1140 1135
1141 1136 1135
1141 1142 1136
1139 1138 1143
1138 1134 1143
1137 1139 1144
1137 1144 1140
1143 1144 1139
1140 1145 1135
1145 1141 1135
1146 1142 1141
1146 1147 1142
1148 1147 1146
1148 1149 1147
1148 1150 1149
1140 1144 1151
1140 1151 1145
1143 1152 1144
1152 1151 1144
1145 1153 1141
1153 1146 1141
1145 1154 1153
1145 1151 1154
1153 1155 1146
1154 1155 1153
1146 1155 1156
1148 1146 1156
1148 1157 1150
1157 248 1150
1157 1158 248
1158 1157 1159
1158 1159 1160
1159 1161 1160
1162 1157 1148
1162 1159 1157
1148 1163 1162
1148 1156 1163
1156 1155 1164
1154 1164 1155
1159 1162 1165
1165 1162 1163
1159 1166 1161
1159 1165 1166
1156 1164 1167
1163 1156 1167
1154 1168 1164
1167 1164 1168
1165 1163 1169
1163 1167 1169
1169 1170 1165
1166 1165 1170
1161 1166 1171
1161 1171 1172
1167 1173 1169
1169 1173 1170
1166 1170 1174
1174 1171 1166
1175 1172 1171
1175 1176 1172
1154 1177 1168
1151 1177 1154
1151 1178 1177
1152 1178 1151
1179 1177 1178
1179 1168 1177
1180 1170 1173
1180 1174 1170
1174 1181 1171
1181 1175 1171
1174 1182 1181
1181 1183 1175
1183 1181 1182
1152 1184 1178
1179 1178 1184
1180 1185 1174
1174 1185 1182
1183 1186 1175
1186 1176 1175
1186 1187 1176
1188 1185 1180
1188 1182 1185
1189 1187 1186
1189 1190 1187
1191 1190 1189
1191 1189 1192
1193 1191 1192
1193 1192 1194
1194 1195 1193
1196 1192 1189
1196 1194 1192
1197 1189 1186
1196 1189 1197
1194 1198 1195
1199 1195 1198
1196 1200 1194
1198 1194 1200
1197 1186 1201
1202 1197 1201
1201 1183 1202
1183 1201 1186
1197 1203 1196
1203 1200 1196
1202 1204 1197
1197 1204 1203
1183 1205 1202
1206 1202 1205
1183 1182 1205
1182 1206 1205
1182 1207 1206
1188 1207 1182
1207 1188 1208
1209 1206 1207
1207 1208 1209
1210 1208 1188
1188 1180 1210
1209 1208 1211
1208 1212 1211
1213 1212 1208
1210 1213 1208
1210 1214 1213
1215 1212 1213
1213 1216 1215
1213 1214 1216
1214 1217 1216
1210 1180 1218
1180 1173 1218
1210 1219 1214
1210 1218 1219
1218 1173 1220
1167 1220 1173
1167 1168 1220
1221 1219 1218
1218 1220 1221
1220 1168 1222
1220 1222 1221
1179 1222 1168
1221 1223 1219
1214 1219 1223
1223 1221 1222
1214 1224 1217
1225 1217 1224
1226 1224 1214
1214 1223 1226
1225 1224 1227
1226 1227 1224
1228 1226 1223
1226 1228 1227
1223 1222 1229
1228 1223 1229
1222 1179 1230
1222 1230 1229
1231 1228 1229
1227 1228 1231
1231 1229 1230
1230 1232 1231
1225 1227 1233
1227 1231 1233
1233 1231 1232
1225 1233 1234
1179 1235 1230
1230 1235 1232
1179 1184 1235
1234 1233 1236
1233 1232 1236
1237 1236 1232
1234 1236 1238
1238 1236 1237
1235 1184 1239
1152 1239 1184
1240 1232 1235
1235 1239 1240
1152 1241 1239
1241 1240 1239
1152 1143 1241
1143 1134 1241
1242 1241 1134
1241 1242 1240
1242 1134 1133
1240 1243 1232
1237 1232 1243
1243 1240 1242
1242 1133 1244
1127 1244 1133
1243 1242 1245
1242 1244 1245
1237 1243 1245
1246 1244 1127
1246 1245 1244
1237 1245 1247
1246 1247 1245
1246 1127 1248
1119 1248 1127
1249 1247 1246
1249 1246 1248
1237 1247 1250
1249 1250 1247
1248 1119 1251
1249 1248 1251
1237 1250 1252
1252 1253 1237
1254 1250 1249
1254 1249 1255
1251 1255 1249
1256 1250 1254
1256 1252 1250
1251 1257 1255
1119 1257 1251
1258 1252 1256
1259 1257 1119
1119 1103 1259
1259 1260 1257
1108 1259 1103
1261 1260 1259
1108 1261 1259
1261 1262 1260
1262 1261 1108
1263 1262 1108
1108 1117 1263
1263 1117 1264
1263 1264 1265
1264 1117 1110
1265 1264 1266
1110 1266 1264
1267 1266 1110
1267 1268 1266
1110 1106 1267
1269 1268 1267
1106 1270 1267
1269 1267 1270
1270 1106 1271
1269 1270 1272
1270 1271 1272
1269 1272 1273
1274 1272 1271
1275 1273 1272
1274 1276 1272
1275 1272 1276
1277 1276 1274
1275 1276 1277
1275 1277 1278
1277 1274 1279
1280 1278 1277
1280 1281 1278
1282 1281 1280
1277 1279 1283
1277 1283 1280
1284 1283 1279
1284 1279 1285
1284 1285 1286
1282 1280 1287
1283 1287 1280
1282 1287 1288
1282 1288 1289
1288 1290 1289
1283 1291 1287
1291 1283 1284
1291 1288 1287
1284 1286 1292
1293 1292 1286
1293 1294 1292
1295 1294 1293
1288 1296 1290
1291 1297 1288
1288 1297 1296
1290 1296 1298
1290 1298 1299
1300 1296 1297
1300 1298 1296
1291 1301 1297
1300 1297 1301
1291 1284 1302
1291 1302 1301
1284 1292 1303
1284 1303 1302
1304 1299 1298
1304 1305 1299
1304 1306 1305
1302 1307 1301
1302 1303 1307
1292 1308 1303
1292 1294 1308
1300 1301 1309
1309 1301 1307
1298 1300 1310
1298 1310 1304
1311 1307 1303
1311 1303 1308
1300 1202 1310
1300 1309 1202
1206 1310 1202
1206 1304 1310
1309 1204 1202
1309 1307 1312
1309 1312 1204
1312 1307 1311
1206 1313 1304
1209 1313 1206
1304 1313 1306
1306 1313 1209
1204 1312 1314
1312 1311 1314
1204 1314 1203
1315 1306 1209
1306 1315 1316
1209 1317 1315
1316 1315 1318
1317 1318 1315
1316 1318 1319
1317 1320 1318
1321 1319 1318
1321 1318 1320
1321 1322 1319
1323 1322 1321
1321 1320 1324
1323 1321 1324
1323 1325 1322
1323 1324 1326
1323 1327 1325
1328 1323 1326
1323 1329 1327
1328 1329 1323
1329 1330 1327
1331 1329 1328
1329 1332 1330
1331 1332 1329
1333 1330 1332
1332 1331 1334
1333 1332 1335
1332 1334 1335
1258 1333 1335
1253 1335 1334
1258 1335 1336
1253 1336 1335
1258 1336 1252
1252 1336 1253
1337 1338 1339
1337 1340 1338
1337 1341 1340
1337 1342 1341
1341 1342 1343
1338 1340 1344
1338 1344 1345
1340 1341 1346
1340 1346 1344
1347 1345 1344
1347 1348 1345
1349 1348 1347
1350 1344 1346
1350 1347 1344
1341 1343 1351
1341 1351 1352
1341 1352 1346
1343 1353 1351
1352 1351 1353
1343 1354 1353
1355 1353 1354
1355 1356 1353
1356 1357 1353
1352 1353 1357
1356 1358 1357
1346 1352 1359
1359 1352 1357
1360 1357 1358
1360 1359 1357
1360 1358 1361
1346 1359 1362
1346 1362 1350
1363 1360 1361
1363 1361 1364
1360 1365 1359
1359 1365 1362
1366 1362 1365
1363 1367 1360
1367 1365 1360
1367 1366 1365
1363 1368 1367
1369 1367 1368
1367 1369 1366
1366 1369 1370
1350 1362 1371
1366 1371 1362
1366 1370 1372
1373 1372 1370
1350 1371 1374
1374 1347 1350
1366 1375 1371
1366 1372 1375
1371 1376 1374
1371 1375 1376
1374 1377 1347
1377 1374 1376
1349 1347 1377
1349 1377 1378
1377 1376 1378
1349 1378 1379
1372 1380 1375
1380 1376 1375
1373 1381 1372
1372 1381 1380
1382 1379 1378
1382 1383 1379
1384 1383 1382
1378 1376 1385
1380 1385 1376
1378 1385 1382
1386 1385 1380
1386 1382 1385
1384 1382 1387
1386 1387 1382
1387 1388 1384
1387 1389 1388
1389 1387 1386
1390 1388 1389
1373 1391 1381
1373 1392 1391
1381 1393 1380
1386 1380 1393
1381 1391 1393
1390 1389 1394
1394 1395 1390
1394 1396 1395
1397 1396 1394
1392 1398 1391
1392 1399 1398
1400 1393 1391
1400 1386 1393
1400 1391 1398
1389 1386 1401
1394 1389 1401
1400 1401 1386
1399 1402 1398
1400 1398 1402
1399 1403 1402
1397 1394 1404
1394 1401 1404
1405 1401 1400
1405 1404 1401
1397 1404 1405
1400 1402 1405
1397 1405 1406
1405 1407 1406
1405 1402 1407
1407 1402 1403
1407 1403 1408
1409 1410 1411
1409 1411 1412
1413 1412 1411
1413 1414 1412
1413 1411 1415
1416 1415 1411
1417 1416 1409
1417 1409 1418
1419 1414 1413
1419 1420 1414
1416 1421 1415
1421 1416 1417
1418 1422 1417
1418 1423 1422
1422 1423 1424
1420 1419 1425
1420 1425 1426
1427 1426 1425
1422 1424 1428
1429 1428 1424
1421 1417 1430
1431 1417 1422
1431 1430 1417
1432 1422 1428
1432 1431 1422
1431 1432 1433
1429 1434 1428
1432 1428 1434
1435 1434 1429
1435 1429 1436
1435 1436 1437
1432 1434 1438
1433 1432 1438
1438 1434 1435
1439 1421 1430
1421 1439 1415
1431 1440 1430
1439 1430 1440
1415 1439 1441
1415 1441 1442
1441 1439 1443
1440 1443 1439
1413 1415 1442
1444 1413 1442
1442 1441 1444
1444 1419 1413
1445 1419 1444
1444 1441 1445
1445 1425 1419
1431 1446 1440
1431 1433 1446
1425 1445 1447
1445 1441 1447
1446 1448 1440
1440 1448 1443
1446 1449 1448
1449 1446 1433
1448 1449 1450
1443 1448 1450
1449 1451 1450
1449 1433 1451
1452 1443 1450
1452 1450 1451
1433 1453 1451
1452 1451 1453
1454 1443 1452
1441 1443 1454
1454 1452 1455
1453 1455 1452
1456 1441 1454
1455 1456 1454
1447 1441 1457
1456 1457 1441
1433 1458 1453
1438 1458 1433
1438 1459 1458
1458 1459 1460
1438 1435 1459
1460 1459 1435
1461 1453 1458
1458 1460 1461
1453 1462 1455
1461 1462 1453
1462 1463 1455
1463 1462 1461
1455 1464 1456
1463 1464 1455
1465 1456 1464
1456 1465 1466
1463 1467 1464
1467 1463 1468
1467 1468 1469
1456 1466 1457
1468 1470 1469
1463 1461 1471
1460 1471 1461
1463 1471 1468
1460 1472 1471
1468 1471 1472
1468 1473 1470
1474 1470 1473
1474 1475 1470
1476 1475 1474
1476 1474 1477
1478 1477 1474
1468 1479 1473
1479 1474 1473
1468 1472 1479
1478 1474 1480
1479 1480 1474
1481 1478 1480
1480 1479 1481
1481 1482 1478
1479 1483 1481
1482 1481 1483
1479 1472 1483
1482 1483 1484
1472 1485 1483
1485 1484 1483
1460 1485 1472
1485 1486 1484
1487 1485 1460
1487 1486 1485
1460 1435 1487
1487 1437 1486
1435 1437 1487
1488 1489 1490
1488 1491 1489
1492 1489 1491
1492 1491 1493
1492 1493 1494
1492 1494 1495
1496 1495 1494
1496 1494 1497
1498 1496 1497
1498 1497 1499
1498 1499 1500
1498 1500 1501
1500 1502 1501
1500 1503 1502
1504 1502 1503
1504 1505 1502
1504 1506 1505
1504 1507 1506
1508 1506 1507
1508 1509 1506
1510 1509 1508
1510 1511 1509
1512 1513 1514
1512 1514 1515
1515 1514 1516
1515 1516 1517
1518 1517 1516
1518 1516 1519
1520 1518 1519
1520 1519 1521
1520 1521 1522
1520 1522 1523
1524 1523 1522
1524 1525 1523
1525 1524 1526
1525 1526 1527
1528 1527 1526
1528 1526 1529
1530 1528 1529
1530 1531 1528
1532 1531 1530
1532 1530 1533
1534 1532 1533
1534 1535 1532
1536 1537 1538
1536 1538 1539
1536 1539 1540
1536 1540 1541
1542 1541 1540
1542 1543 1541
1544 1543 1542
1544 1542 1545
1545 1546 1544
1545 1547 1546
1548 1546 1547
1548 1547 1549
1548 1549 1550
1548 1550 1551
1552 1551 1550
1552 1550 1553
1552 1553 1554
1552 1554 1555
1556 1555 1554
1556 1557 1555
1558 1559 1560
1558 1560 1561
1562 1563 1561
1562 1561 1564
1565 1558 1566
1565 1566 1567
1566 1568 1567
1566 1569 1568
1570 1568 1569
1570 1569 1571
1571 1572 1570
1571 1573 1572
1572 1573 1574
1572 1574 1575
1576 1575 1574
1576 1577 1575
1578 1577 1576
1578 1579 1577
1579 1578 1580
1579 1580 1581
1581 1580 1582
1581 1582 1583
1584 1583 1582
1584 1582 1585
1586 1587 1588
1586 1589 1587
1589 1586 1590
1591 1587 1589
1591 1592 1587
1466 1592 1591
1589 1590 1593
1591 1589 1593
1594 1466 1591
1591 1593 1594
1594 1457 1466
1590 1595 1593
1594 1593 1595
1590 1596 1595
1597 1595 1596
1457 1594 1598
1594 1595 1598
1597 1599 1595
1598 1595 1599
1599 1597 1427
1600 1457 1598
1598 1599 1600
1447 1457 1600
1447 1600 1599
1599 1427 1601
1447 1599 1601
1427 1425 1601
1425 1447 1601
1602 1603 1604
1605 1604 1603
1605 1603 1606
1607 1605 1606
1607 1606 1608
1609 1607 1608
1609 1608 1610
1609 1610 1611
1612 1613 1614
1614 1613 1615
1614 1615 1616
1617 1616 1615
1617 1618 1616
1618 1617 1619
1618 1619 1620
1621 1620 1619
1621 1619 1622
1623 1621 1622
1623 1622 1624
1623 1624 1625
1623 1625 1626
1627 1626 1625
1627 1625 1628
1629 1627 1628
1629 1630 1627
1629 1631 1630
1629 1632 1631
1631 1632 1633
1633 1632 1634
1633 1634 1635
1633 1635 1636
1636 1635 1637
1638 1636 1637
1637 1639 1638
1640 1638 1639
1640 1641 1638
1640 1642 1641
1640 1643 1642
1644 1642 1643
1644 1645 1642
1644 1646 1645
1644 1647 1646
1648 1647 1649
1648 1649 1650
1649 1651 1650
1649 1652 1651
1649 1653 1652
1654 1652 1653
1654 1655 1652
1655 1651 1652
1654 1656 1655
1654 1657 1656
1658 1656 1657
1658 1659 1656
1660 1659 1658
1650 1651 1661
1655 1662 1651
1661 1651 1662
1663 1655 1656
1663 1662 1655
1656 1659 1664
1656 1664 1663
1659 1660 1665
1659 1665 1664
1650 1661 1666
1666 1648 1650
1661 1662 1667
1667 1662 1663
1660 1668 1665
1660 1669 1668
1669 1670 1668
1669 1671 1670
1670 1671 1672
1663 1664 1673
1667 1663 1674
1663 1673 1674
1675 1661 1667
1674 1675 1667
1664 1665 1676
1664 1676 1673
1677 1665 1668
1677 1676 1665
1678 1668 1670
1678 1677 1668
1670 1672 1679
1678 1670 1679
1674 1673 1680
1680 1673 1676
1675 1681 1661
1681 1666 1661
1674 1682 1675
1674 1680 1682
1675 1682 1683
1681 1675 1683
1682 1680 1683
1684 1681 1683
1681 1684 1666
1680 1685 1683
1680 1676 1685
1686 1685 1676
1685 1686 1683
1686 1676 1677
1687 1686 1677
1683 1686 1687
1687 1677 1678
1688 1666 1684
1688 1684 1683
1678 1689 1687
1687 1689 1683
1688 1690 1666
1666 1690 1648
1683 1691 1688
1690 1688 1691
1648 1690 1692
1690 1691 1692
1648 1692 1693
1694 1693 1692
1695 1691 1683
1692 1691 1695
1696 1695 1683
1689 1697 1683
1694 1692 1698
1692 1695 1698
1698 1695 1696
1699 1694 1698
1699 1698 1700
1698 1696 1700
1699 1700 1701
1696 1701 1700
1699 1701 1702
1701 1703 1702
1704 1696 1683
1696 1704 1701
1701 1705 1703
1705 1706 1703
1707 1701 1704
1707 1705 1701
1707 1704 1683
1705 1708 1706
1707 1708 1705
1709 1707 1683
1707 1709 1708
1710 1706 1708
1710 1711 1706
1712 1708 1709
1712 1709 1683
1712 1710 1708
1711 1710 1713
1711 1713 1714
1710 1712 1715
1715 1712 1683
1710 1715 1713
1716 1715 1683
1713 1715 1716
1717 1716 1683
1718 1716 1717
1719 1717 1683
1719 1718 1717
1720 1714 1713
1713 1716 1720
1718 1720 1716
1720 1721 1714
1718 1721 1720
1718 1722 1721
1718 1723 1722
1719 1724 1718
1718 1724 1723
1724 1719 1725
1725 1719 1683
1723 1724 1726
1724 1725 1726
1725 1727 1726
1723 1726 1728
1727 1728 1726
1727 1729 1728
1727 1730 1729
1731 1725 1683
1725 1731 1727
1727 1731 1732
1732 1731 1683
1727 1733 1730
1727 1732 1733
1734 1730 1733
1734 1735 1730
1736 1735 1734
1733 1732 1737
1737 1732 1683
1733 1737 1734
1738 1737 1683
1734 1737 1738
1736 1734 1739
1734 1738 1739
1736 1739 1740
1738 1740 1739
1741 1738 1683
1738 1741 1740
1697 1741 1683
1740 1741 1697
1736 1740 1742
1743 1736 1742
1744 1743 1742
1744 1742 1745
1745 1742 1740
1745 1672 1744
1745 1679 1672
1740 1697 1746
1745 1740 1746
1679 1745 1746
1689 1746 1697
1679 1746 1747
1689 1747 1746
1678 1679 1747
1678 1747 1689
1748 1749 1750
1750 1751 1748
1750 1752 1751
1751 1752 1753
1751 1753 1754
1753 1755 1754
1753 1756 1755
1756 1757 1755
1756 1758 1757
1757 1758 1759
1757 1759 1760
1761 1760 1759
1761 1759 1762
1761 1762 1763
1761 1763 1764
1765 1764 1763
1766 1767 1768
1767 1769 1768
1768 1769 1770
1768 1770 1771
1771 1770 1772
1773 1769 1767
1770 1769 1773
1773 1767 1774
1773 1774 1775
1776 1772 1770
1776 1777 1772
1776 1778 1777
1779 1777 1778
1770 1780 1776
1778 1776 1780
1773 1781 1770
1770 1781 1780
1773 1775 1782
1782 1781 1773
1783 1782 1775
1783 1775 1784
1784 1785 1783
1783 1785 1786
1787 1783 1786
1788 1783 1787
1789 1782 1783
1788 1789 1783
1782 1789 1781
1790 1789 1788
1790 1781 1789
1790 1791 1781
1780 1781 1791
1780 1791 1792
1793 1792 1791
1778 1780 1792
1793 1778 1792
1778 1793 1794
1779 1778 1794
1794 1795 1779
1796 1797 1798
1796 1798 1799
1800 1796 1799
1801 1799 1798
1801 1798 1802
1801 1802 1803
1800 1799 1804
1804 1799 1801
1805 1800 1804
1804 1806 1805
1804 1807 1806
1807 1808 1806
1807 1809 1808
1810 1808 1809
1811 1807 1804
1811 1804 1801
1809 1807 1811
1801 1812 1811
1801 1803 1812
1809 1811 1812
1813 1812 1803
1813 1803 1814
1815 1813 1814
1809 1816 1810
1810 1816 1817
1809 1812 1818
1818 1812 1813
1818 1813 1819
1809 1818 1820
1809 1820 1816
1819 1820 1818
1815 1821 1813
1819 1813 1821
1815 1822 1821
1819 1821 1822
1815 1823 1822
1822 1823 1824
1822 1824 1825
1819 1822 1825
1825 1824 1826
1816 1827 1817
1828 1817 1827
1828 1827 1829
1830 1829 1827
1816 1831 1827
1830 1827 1831
1816 1820 1831
1832 1830 1831
1820 1832 1831
1832 1833 1830
1834 1833 1832
1819 1835 1820
1820 1835 1832
1836 1835 1819
1836 1832 1835
1836 1834 1832
1836 1819 1825
1837 1826 1834
1837 1834 1836
1825 1837 1836
1825 1826 1837
1838 1839 1840
1840 1839 1841
1839 1842 1841
1839 1843 1842
1843 1844 1842
1845 1840 1841
1842 1845 1841
1845 1846 1840
1845 1847 1846
1848 1842 1844
1848 1844 1849
1848 1849 1850
1851 1850 1849
1842 1848 1852
1850 1852 1848
1845 1842 1853
1842 1852 1853
1845 1854 1847
1854 1845 1853
1855 1847 1854
1855 1856 1847
1856 1855 1857
1855 1858 1857
1859 1858 1855
1860 1859 1855
1861 1855 1854
1860 1855 1861
1854 1853 1861
1862 1860 1861
1862 1861 1853
1862 1853 1863
1852 1863 1853
1852 1864 1863
1865 1863 1864
1850 1864 1852
1865 1864 1850
1850 1866 1865
1851 1866 1850
1866 1851 1867
1868 1869 1870
1868 1871 1869
1872 1871 1868
1873 1869 1871
1873 1874 1869
1873 1875 1874
1872 1876 1871
1876 1873 1871
1877 1876 1872
1876 1877 1878
1876 1878 1879
1879 1878 1880
1879 1880 1881
1882 1881 1880
1883 1876 1879
1883 1873 1876
1881 1883 1879
1873 1883 1884
1873 1884 1875
1881 1884 1883
1885 1875 1884
1885 1886 1875
1887 1886 1885
1881 1882 1888
1882 1889 1888
1881 1890 1884
1890 1885 1884
1890 1891 1885
1881 1892 1890
1881 1888 1892
1891 1890 1892
1887 1885 1893
1891 1893 1885
1887 1893 1894
1891 1894 1893
1887 1894 1895
1894 1896 1895
1894 1897 1896
1891 1897 1894
1897 1898 1896
1888 1889 1899
1900 1899 1889
1900 1901 1899
1902 1899 1901
1888 1899 1903
1902 1903 1899
1888 1903 1892
1904 1903 1902
1892 1903 1904
1904 1902 1905
1906 1904 1905
1891 1892 1907
1892 1904 1907
1908 1891 1907
1908 1907 1904
1908 1904 1906
1908 1897 1891
1909 1908 1906
1897 1908 1909
1909 1906 1898
1897 1909 1898
1910 1911 1912
1910 1913 1911
1914 1913 1910
1914 1910 1915
1914 1915 1916
1913 1917 1911
1913 1918 1917
1914 1918 1913
1918 1919 1917
1914 1916 1920
1921 1920 1916
1921 1916 1922
1923 1921 1922
1923 1922 1924
1925 1923 1924
1925 1926 1923
1923 1926 1927
1928 1921 1923
1923 1927 1928
1920 1921 1929
1928 1929 1921
1914 1920 1930
1920 1929 1930
1931 1928 1927
1931 1927 1932
1931 1932 1933
1928 1934 1929
1928 1931 1934
1931 1933 1935
1934 1931 1935
1934 1935 1936
1937 1934 1936
1938 1929 1934
1937 1938 1934
1938 1930 1929
1939 1938 1937
1939 1930 1938
1939 1937 1940
1941 1939 1940
1939 1942 1930
1914 1930 1942
1914 1942 1918
1939 1918 1942
1939 1943 1918
1941 1943 1939
1943 1919 1918
1941 1944 1943
1943 1944 1919
1941 1945 1944
1944 1946 1919
1947 1946 1944
1946 1948 1919
1947 1949 1946
1946 1911 1948
1911 1946 1949
1911 1949 1950
1951 1952 1953
1954 1953 1952
1954 1955 1953
1956 1955 1954
1956 1954 1957
1957 1958 1956
1957 1959 1958
1958 1959 1960
1958 1960 1961
1962 1961 1960
1962 1963 1961
1964 1963 1962
1964 1962 1965
1964 1965 1966
1964 1966 1967
1968 1967 1966
1968 1966 1969
1969 1970 1968
1969 1971 1970
1971 1972 1970
1971 1973 1972
1974 1972 1973
1974 1973 1975
1975 1976 1974
1975 1977 1976
1978 1976 1977
1978 1979 1976
1978 1980 1979
1978 1981 1980
1980 1981 1982
1983 1984 1985
1986 1985 1984
1986 1984 1987
1988 1986 1987
1988 1989 1986
1989 1988 1990
1989 1990 1991
1990 1992 1991
1990 1993 1992
1994 1992 1993
1994 1993 1995
1996 1994 1995
1996 1997 1994
1996 1998 1997
1996 1999 1998
2000 1998 1999
2000 2001 1998
2001 2000 2002
2001 2002 2003
2003 2002 2004
2003 2004 2005
2006 2005 2004
2006 2007 2005
2007 2006 2008
2007 2008 2009
2010 2009 2008
2010 2008 2011
2010 2011 2012
2010 2012 2013
2012 2014 2013
2015 2016 2017
2015 2017 2018
2019 2018 2017
2019 2020 2018
2020 2019 2021
2020 2021 2022
2022 2021 2023
2022 2023 2024
2018 2020 2025
2022 2025 2020
2026 2022 2024
2022 2026 2025
2026 2024 2027
2028 2026 2027
2028 2029 2026
2025 2026 2029
2029 2028 2030
2029 2030 2031
2032 2029 2031
2025 2029 2032
2032 2031 2033
2032 2033 2034
2018 2025 2035
2035 2025 2032
2035 2015 2018
2032 2034 2036
2035 2032 2036
2037 2036 2034
2035 2038 2015
2036 2038 2035
2037 2039 2036
2036 2039 2038
2040 2039 2037
2038 2041 2015
2041 2042 2015
2041 2043 2042
2041 2044 2043
2038 2045 2041
2039 2045 2038
2045 2044 2041
2040 2044 2046
2040 2046 2039
2046 2044 2045
2039 2046 2045
2047 2048 2049
2047 2050 2048
2051 2048 2050
2051 2050 2052
2052 2053 2051
2052 2054 2053
2054 2055 2053
2054 2056 2055
2050 2057 2052
2054 2052 2057
2058 2056 2054
2054 2057 2058
2058 2059 2056
2060 2059 2058
2060 2058 2061
2057 2061 2058
2061 2062 2060
2061 2063 2062
2064 2063 2061
2057 2064 2061
2064 2065 2063
2064 2066 2065
2050 2067 2057
2067 2064 2057
2067 2050 2047
2064 2068 2066
2067 2068 2064
2069 2066 2068
2067 2047 2070
2068 2067 2070
2069 2068 2071
2068 2070 2071
2072 2069 2071
2070 2047 2073
2073 2047 2074
2073 2074 2075
2073 2075 2076
2070 2073 2077
2071 2070 2077
2077 2073 2076
2072 2078 2076
2072 2071 2078
2078 2077 2076
2071 2077 2078
125 128 2079
135 2079 128
135 2080 2079
135 2081 2080
2082 2080 2081
2083 125 2079
2080 2083 2079
125 2083 126
2083 2084 126
129 126 2084
2082 2085 2080
2085 2082 2086
2080 2087 2083
2084 2083 2087
2088 129 2084
129 2088 130
2085 2089 2080
2080 2089 2087
2085 2086 2090
2090 2089 2085
2084 2091 2088
2091 2084 2087
2088 2092 130
2091 2092 2088
2092 2093 130
2093 2092 2094
2095 2093 2094
2086 2096 2090
2097 2090 2096
2086 520 2096
520 526 2096
526 2097 2096
2091 2098 2092
2092 2098 2094
2099 2095 2094
2099 2100 2095
2097 2101 2090
2090 2101 2089
2102 2089 2101
2087 2089 2102
2087 2103 2091
2102 2103 2087
2102 2101 2104
2104 2101 2097
2103 2102 2104
2091 2103 2105
2098 2091 2105
2094 2098 2106
2094 2106 2099
2107 2100 2099
2107 2108 2100
2109 2108 2107
2103 2104 2110
2105 2103 2110
2111 2098 2105
2111 2106 2098
2105 2110 2111
2112 2099 2106
2112 2107 2099
2112 2106 2111
2113 2107 2112
2109 2107 2114
2113 2114 2107
2115 2109 2114
2115 2114 2113
2115 2116 2109
2117 2116 2115
2117 2115 2118
2115 2119 2118
2115 2120 2119
2115 2113 2120
2120 2121 2119
2112 2111 2122
2113 2112 2122
2123 2120 2113
2120 2123 2121
2124 2121 2123
2124 2125 2121
2123 2113 2126
2113 2122 2126
2123 2126 2124
2122 2124 2126
2127 2122 2111
2122 2127 2124
2127 2111 2110
2110 2128 2127
2124 2127 2128
2110 2104 2128
2104 2097 2128
2129 2125 2124
2124 2128 2129
2129 2128 2097
2129 2130 2125
2129 2097 2131
2130 2129 2131
526 2131 2097
2130 2131 2132
523 2131 526
523 2132 2131
1308 2133 1311
1314 1311 2133
1308 2134 2133
2134 1308 1294
1314 2133 2135
1203 1314 2135
2134 1294 2136
1295 2136 1294
2137 2133 2134
2135 2133 2137
1203 2135 2138
1203 2138 1200
1295 2139 2136
1295 2140 2139
2141 2139 2140
2136 2142 2134
2137 2134 2142
2136 2139 2142
2142 2143 2137
2142 2144 2143
2139 2144 2142
2145 2138 2135
2135 2137 2145
2138 2146 1200
2145 2146 2138
2137 2147 2145
2137 2143 2147
2146 2145 2147
2141 2148 2139
2139 2148 2144
2146 2149 1200
1198 1200 2149
1198 2149 2150
1199 1198 2150
2146 2151 2149
2150 2149 2151
2150 2152 1199
2151 2152 2150
1199 2152 2153
2153 2152 2154
2146 2155 2151
2146 2147 2155
2156 2154 2152
2157 2154 2156
2158 2157 2156
2158 2159 2157
2160 2159 2158
2161 2152 2151
2152 2161 2156
2155 2161 2151
2161 2158 2156
2162 2161 2155
2147 2162 2155
2161 2162 2158
2147 2163 2162
2163 2158 2162
2143 2163 2147
2160 2158 2164
2163 2164 2158
2164 2165 2160
2164 2163 2166
2143 2166 2163
2167 2165 2164
2164 2166 2167
2165 2167 2168
2165 2168 2169
2170 2167 2166
2167 2170 2168
2171 2169 2168
2171 2172 2169
2173 2172 2171
2174 2170 2166
2143 2174 2166
2175 2168 2170
2175 2171 2168
2175 2170 2174
2171 2175 2176
2173 2171 2177
2171 2176 2177
2173 2177 2178
2178 2177 2176
2173 2178 2179
2180 2179 2178
2175 2174 2181
2176 2175 2181
2180 2178 2182
2182 2183 2180
2182 2184 2183
2184 2182 2185
2185 2182 2178
2184 2185 2186
2187 2186 2185
2185 2178 2188
2178 2176 2188
2187 2185 2189
2188 2189 2185
2187 2189 2190
2187 2190 2191
2188 2192 2189
2176 2192 2188
2192 2190 2189
2176 2193 2192
2176 2181 2193
2193 2190 2192
2194 2193 2181
2174 2194 2181
2191 2190 2195
2191 2195 2196
2193 2197 2190
2194 2197 2193
2190 2197 2198
2190 2198 2195
2196 2195 2199
2196 2199 2200
2201 2198 2197
2201 2197 2194
2202 2195 2198
2202 2199 2195
2201 2202 2198
2203 2200 2199
2202 2203 2199
2203 2204 2200
2205 2204 2203
2205 2203 2206
2207 2205 2206
2202 2208 2203
2206 2203 2208
2201 2209 2202
2209 2208 2202
2210 2201 2194
2210 2209 2201
2210 2194 2211
2174 2211 2194
2143 2211 2174
2210 2211 2143
2210 2143 2144
2212 2210 2144
2210 2212 2209
2148 2212 2144
2209 2213 2208
2209 2212 2213
2206 2208 2214
2213 2214 2208
2148 2215 2212
2212 2215 2213
2216 2206 2214
2207 2206 2216
2213 2217 2214
2215 2217 2213
2218 2215 2148
2141 2218 2148
2141 2219 2218
2215 2218 2220
2220 2218 2219
2215 2220 2217
2220 2219 2221
2222 2214 2217
2222 2217 2220
2221 2222 2220
2216 2214 2222
2221 2223 2222
2216 2222 2223
2224 2207 2216
2216 2223 2224
2224 2225 2207
2226 2224 2223
2225 2224 2226
2225 2226 2227
2226 2223 2228
2226 2229 2227
2230 2226 2228
2226 2230 2229
2230 2228 2231
2232 2229 2230
2231 2233 2230
2232 2230 2233
2231 2234 2233
2235 2233 2234
2236 2232 2233
2235 2236 2233
2236 2237 2232
2238 2237 2236
2235 2239 2236
2238 2236 2239
2235 2240 2239
2239 2240 2241
2242 2240 2235
2238 2239 2243
2239 2241 2243
2238 2243 2244
2245 2244 2243
2245 2243 2246
2246 2243 2241
2246 2247 2245
2246 2248 2247
2248 2249 2247
2242 2250 2240
2241 2240 2250
2246 2241 2251
2248 2246 2251
2252 2250 2242
2252 2242 2253
2253 2254 2252
2253 2255 2254
1045 2254 2255
2250 2252 2256
2252 2254 2256
2241 2250 2257
2250 2256 2257
2258 2241 2257
2258 2251 2241
2259 2257 2256
2259 2258 2257
2260 2259 2256
2254 2260 2256
1045 2261 2254
1045 1038 2261
1035 2261 1038
2254 2261 2262
2262 2261 1035
2254 2262 2260
1035 1036 2262
2262 1036 2263
2263 2260 2262
1039 2263 1036
2264 2258 2259
2259 2260 2264
2265 2263 1039
1039 1040 2265
2266 2260 2263
2263 2265 2266
2260 2266 2264
2265 1040 2267
2266 2265 2267
2267 1040 2268
2264 2269 2258
2269 2251 2258
2266 2270 2264
2270 2269 2264
2266 2267 2271
2271 2270 2266
2268 2272 2267
2267 2272 2271
2273 2272 2268
2269 2274 2251
2248 2251 2274
2270 2275 2269
2275 2270 2271
2274 2269 2275
2276 2272 2273
2276 2273 2277
2272 2278 2271
2275 2271 2278
2272 2276 2278
2274 2275 2279
2279 2248 2274
2280 2275 2278
2280 2278 2276
2280 2279 2275
2281 2279 2280
2282 2276 2277
2280 2276 2282
2281 2280 2282
2282 2277 2283
2284 2282 2283
2279 2285 2248
2281 2285 2279
2286 2248 2285
2286 2285 2281
2248 2286 2249
2287 2249 2286
2286 2281 2287
2288 2287 2281
2287 2289 2249
2288 2289 2287
2288 2290 2289
2291 2290 2288
2291 2288 2292
2288 2284 2292
2284 2293 2282
2281 2282 2293
2288 2293 2284
2288 2281 2293
2294 2295 2296
2294 2296 2297
2294 2298 2295
2294 2297 2299
2294 2300 2298
2294 2299 2301
2294 2302 2300
2294 2301 2303
2294 2304 2302
2294 2303 2305
2294 2306 2304
2294 2305 2307
2294 2308 2306
2294 2307 2309
2294 2310 2308
2294 2309 2311
2294 2312 2310
2294 2311 2313
2294 2314 2312
2294 2313 2314
2315 2316 2317
2318 2315 2317
2315 2319 2316
2318 2320 2315
2321 2316 2319
2321 2322 2316
2323 2322 2321
2323 2324 2322
2318 2325 2320
2318 2326 2325
2324 2323 2327
2324 2327 2328
2325 2326 2329
2325 2329 2330
2329 2331 2330
2329 2332 2331
2333 2331 2332
2333 2332 2334
2334 2335 2333
2334 2336 2335
2337 2328 2327
2337 2327 2338
2339 2337 2338
2339 2340 2337
2341 2335 2336
2341 2336 2342
2340 2339 2343
2340 2343 2344
2345 2344 2343
2345 2343 2346
2346 2347 2345
2346 2348 2347
2349 2347 2348
2349 2348 2350
2351 2349 2350
2351 2350 2352
2341 2342 2353
2353 2351 2352
2341 2353 2354
2353 2352 2354
2355 2356 2357
2355 2358 2356
2355 2357 2359
2355 2360 2358
2355 2359 2361
2355 2362 2360
2355 2361 2363
2355 2364 2362
2355 2363 2365
2355 2366 2364
2355 2365 2367
2355 2368 2366
2355 2367 2369
2355 2370 2368
2355 2369 2371
2355 2372 2370
2355 2371 2373
2355 2374 2372
2355 2373 2375
2355 2375 2374
2376 2377 2378
2379 2377 2376
2376 2378 2380
2379 2376 2381
2382 2380 2378
2382 2378 2383
2384 2382 2383
2384 2383 2385
2379 2381 2386
2379 2386 2387
2385 2388 2384
2385 2389 2388
2386 2390 2387
2386 2391 2390
2390 2391 2392
2390 2392 2393
2394 2393 2392
2394 2395 2393
2395 2394 2396
2395 2396 2397
2398 2388 2389
2398 2399 2388
2400 2399 2398
2400 2398 2401
2402 2397 2396
2402 2403 2397
2401 2404 2400
2401 2405 2404
2406 2404 2405
2406 2407 2404
2407 2406 2408
2407 2408 2409
2410 2409 2408
2410 2411 2409
2412 2411 2410
2412 2413 2411
2402 2414 2403
2414 2413 2412
2402 2415 2414
2414 2415 2413
2416 2417 2418
2416 2419 2417
2416 2420 2419
2416 2418 2421
2422 2421 2418
2423 2420 2416
2421 2423 2416
2423 2424 2420
2425 2424 2423
2421 2425 2423
2425 2426 2424
2427 2426 2425
2422 2428 2421
2428 2425 2421
2429 2428 2422
2427 2425 2430
2428 2430 2425
2431 2427 2430
2431 2430 2432
2432 2430 2428
2432 2433 2431
2429 2434 2428
2432 2428 2434
2432 2435 2433
2435 2432 2434
2435 2436 2433
2437 2434 2429
2435 2434 2437
2437 2429 2438
2435 2439 2436
2439 2435 2437
2439 2440 2436
2441 2437 2438
2439 2437 2441
2441 2438 2442
2439 2443 2440
2441 2443 2439
2443 2444 2440
2442 2445 2441
2441 2445 2443
2442 2446 2445
2443 2447 2444
2445 2447 2443
2446 2448 2445
2445 2448 2447
2448 2444 2447
2446 2449 2448
2448 2450 2444
2450 2448 2449
2450 2449 2451
2452 2451 2453
2452 2453 2454
2455 2454 2453
2452 2454 2456
2452 2456 2457
2455 2458 2454
2458 2456 2454
2459 2458 2455
2460 2457 2456
2458 2460 2456
2460 2461 2457
2459 2462 2458
2462 2460 2458
2462 2459 2463
2464 2461 2460
2462 2464 2460
2464 2465 2461
2462 2463 2466
2466 2464 2462
2466 2463 2467
2465 2464 2468
2466 2468 2464
2465 2468 2469
2466 2467 2470
2470 2468 2466
2471 2470 2467
2469 2468 2472
2470 2472 2468
2469 2472 2473
2474 2473 2472
2471 2475 2470
2472 2470 2475
2474 2472 2476
2472 2475 2476
2476 2477 2474
2476 2478 2477
2475 2478 2476
2478 2479 2477
2480 2475 2471
2475 2480 2478
2480 2471 2481
2478 2482 2479
2480 2482 2478
2483 2479 2482
2481 2484 2480
2480 2484 2482
2483 2482 2484
2481 2485 2484
2483 2484 2485
2483 2485 2419
2486 2487 2488
2489 2486 2488
2486 2490 2487
2490 2491 2487
2490 2492 2491
2492 2493 2491
2492 2494 2493
2492 2495 2494
2496 2492 2490
2492 2496 2495
2496 2490 2486
2497 2495 2496
2497 2496 2498
2498 2496 2486
2499 2497 2498
2489 2500 2486
2498 2486 2500
2501 2500 2489
2501 2502 2500
2502 2498 2500
2502 2501 2503
2499 2498 2504
2502 2504 2498
2502 2503 2505
2505 2504 2502
2505 2503 2506
2507 2499 2504
2505 2507 2504
2507 2508 2499
2505 2506 2509
2509 2507 2505
2509 2506 2510
2511 2508 2507
2509 2511 2507
2511 2512 2508
2509 2510 2513
2511 2509 2513
2513 2510 2514
2512 2511 2515
2511 2513 2515
2512 2515 2516
2513 2514 2517
2515 2513 2517
2516 2515 2518
2515 2517 2518
2518 2517 2514
2516 2518 2519
2518 2514 2520
2520 2519 2518
2520 2521 2519
2522 2523 2521
2522 2524 2523
2525 2523 2524
2522 2526 2524
2522 2527 2526
2525 2524 2528
2528 2524 2526
2529 2525 2528
2530 2526 2527
2528 2526 2530
2530 2527 2531
2529 2528 2532
2532 2528 2530
2532 2533 2529
2534 2530 2531
2532 2530 2534
2534 2531 2535
2532 2536 2533
2536 2532 2534
2536 2537 2533
2535 2538 2534
2536 2534 2538
2535 2539 2538
2536 2540 2537
2540 2536 2538
2541 2537 2540
2539 2542 2538
2540 2538 2542
2539 2543 2542
2544 2542 2543
2541 2540 2545
2542 2545 2540
2544 2546 2542
2542 2546 2545
2546 2544 2547
2546 2547 2548
2545 2546 2548
2548 2547 2549
2550 2541 2545
2545 2548 2550
2550 2551 2541
2548 2549 2552
2550 2548 2552
2553 2552 2549
2551 2550 2554
2550 2552 2554
2553 2554 2552
2551 2554 2555
2553 2555 2554
2553 2493 2555
2556 2557 2558
1925 2557 2556
1925 2556 2559
2556 2560 2559
2556 2558 2561
2561 2558 2562
2556 2563 2560
2563 2556 2561
2564 2560 2563
2564 2565 2560
2564 1933 2565
2564 2566 1933
2567 2566 2564
2563 2567 2564
2567 2568 2566
2569 2568 2567
2563 2561 2570
2563 2570 2567
2561 2562 2571
2571 2570 2561
2572 2571 2562
2572 2562 2573
2572 2573 2574
2569 2567 2575
2575 2567 2570
2576 2569 2575
2576 2577 2569
2578 2577 2576
2571 2579 2570
2575 2570 2579
2572 2579 2571
2576 2575 2579
2572 2580 2579
2576 2579 2580
2572 2581 2580
2576 2580 2581
2572 2574 2582
2572 2582 2581
2578 2576 2583
2576 2581 2583
2574 2584 2582
2574 2585 2584
2584 2585 2586
2578 2583 2587
2578 2587 2588
2588 2589 2586
2584 2586 2589
2588 2587 2589
2582 2584 2590
2582 2590 2581
2589 2590 2584
2583 2591 2587
2583 2581 2591
2587 2591 2589
2581 2590 2591
2589 2591 2590
2592 2593 2594
2592 2594 2595
2596 2592 2595
2595 2594 2597
2596 2595 2598
2595 2597 2599
2599 2598 2595
2600 2599 2597
2600 2597 2601
2596 2598 2602
2596 2602 2603
2599 2604 2598
2604 2599 2600
2605 2600 2601
2605 2601 2606
2603 2602 2607
2603 2607 2608
2609 2607 2602
2610 2602 2598
2609 2602 2610
2610 2598 2604
2611 2609 2610
2604 2600 2612
2612 2600 2605
2613 2610 2604
2611 2610 2613
2613 2604 2612
2614 2611 2613
2614 2613 2612
2614 2615 2611
2616 2605 2606
2616 2606 2617
2616 2617 2618
2616 2618 2619
2616 2619 2620
2621 2616 2620
2621 2605 2616
2622 2621 2620
2612 2605 2623
2614 2612 2623
2621 2623 2605
2614 2623 2621
2624 2615 2614
2614 2621 2624
2624 2621 2622
2624 2625 2615
2624 2622 2626
2624 2627 2625
2624 2626 2627
2628 2629 2593
2628 2630 2629
2631 2630 2628
2630 2632 2629
2631 2633 2630
2630 2634 2632
2634 2630 2633
2635 2632 2634
2635 2636 2632
2631 2637 2633
2631 2638 2637
2634 2633 2639
2639 2635 2634
2640 2636 2635
2640 2641 2636
2638 2642 2637
2638 2608 2642
2643 2637 2642
2644 2633 2637
2643 2644 2637
2644 2639 2633
2645 2644 2643
2639 2646 2635
2646 2640 2635
2647 2639 2644
2645 2647 2644
2647 2646 2639
2648 2647 2645
2648 2646 2647
2648 2645 2649
2646 2650 2640
2648 2650 2646
2651 2648 2649
2651 2649 2652
2651 2652 2653
2648 2654 2650
2654 2640 2650
2648 2651 2654
2654 2655 2640
2655 2641 2640
2655 2656 2641
2655 2657 2656
2651 2653 2658
2651 2659 2654
2651 2658 2659
2660 2658 2653
2659 2658 2660
2660 2653 2661
2660 2661 2657
2659 2662 2654
2654 2662 2655
2659 2660 2662
2655 2663 2657
2660 2657 2663
2660 2663 2662
2655 2662 2663
2664 2665 2666
2664 2666 2667
2664 2668 2665
2669 2664 2667
2664 2670 2668
2669 2671 2664
2664 2671 2670
2672 2673 2674
2672 2675 2673
2672 2674 2676
2677 2676 2674
2672 2678 2675
2678 2679 2675
2677 2680 2676
2681 2672 2676
2680 2681 2676
2677 2682 2680
2677 2683 2682
2684 2678 2672
2681 2684 2672
2680 2685 2681
2685 2680 2682
2686 2682 2683
2686 2683 2687
2688 2686 2687
2689 2686 2688
2690 2686 2689
2690 2682 2686
2685 2682 2690
2681 2685 2691
2681 2691 2684
2692 2691 2685
2692 2693 2691
2694 2693 2692
2694 2695 2693
2696 2695 2694
2696 2697 2695
2698 2697 2696
2698 2699 2697
2700 2697 2699
2700 2695 2697
2695 2700 2701
2695 2701 2693
2693 2701 2702
2693 2702 2691
2691 2702 2703
2691 2703 2684
2704 2684 2703
2704 2678 2684
2705 2678 2704
2705 2704 2706
2678 2705 2679
2705 2706 2707
2708 2679 2705
2705 2707 2708
2708 2709 2679
2707 2710 2708
2709 2708 2710
2707 2711 2710
2709 2710 2712
2713 2710 2711
2712 2710 2714
2713 2714 2710
2712 2714 2715
2714 2713 2716
2715 2714 2717
2714 2716 2717
2715 2717 2718
2716 2719 2717
2719 2718 2717
2716 2720 2719
2719 2721 2718
2722 2719 2720
2721 2719 2722
2722 2720 2723
2721 2722 2724
2723 2725 2722
2725 2724 2722
2723 2726 2725
2725 2727 2724
2728 2725 2726
2727 2725 2728
2728 2726 2729
2729 2730 2728
2727 2728 2731
2731 2728 2730
2729 2732 2730
2731 2730 2733
2734 2730 2732
2730 2735 2733
2736 2730 2734
2730 2736 2735
2737 2736 2734
2738 2735 2736
2737 2739 2736
2738 2736 2739
2739 2737 2740
2739 2741 2738
2739 2740 2742
2739 2742 2741
2743 2742 2740
2743 2741 2742
2743 2740 2744
2743 2745 2741
2743 2744 2746
2745 2743 2746
2747 2748 2749
2750 2747 2749
2750 2751 2747
2752 2747 2751
2747 2753 2748
2752 2753 2747
2753 2754 2748
2753 2752 2755
2753 2756 2754
2753 2755 2756
2757 2754 2756
2758 2756 2755
2757 2756 2759
2758 2759 2756
2760 2757 2759
2759 2758 2761
2760 2759 2761
2762 2763 2764
2762 2764 2765
2762 2766 2763
2767 2763 2766
2762 2765 2768
2768 2765 2769
2767 2766 2770
2771 2766 2762
2770 2766 2771
2767 2770 2772
2767 2772 2773
2774 2762 2768
2771 2762 2774
2770 2771 2775
2775 2772 2770
2776 2773 2772
2776 2777 2773
2778 2777 2776
2779 2778 2776
2780 2779 2776
2780 2776 2772
2775 2780 2772
2771 2781 2775
2771 2774 2781
2782 2775 2781
2782 2781 2783
2784 2782 2783
2784 2783 2785
2786 2784 2785
2786 2785 2787
2788 2786 2787
2788 2787 2789
2790 2789 2787
2790 2787 2785
2785 2791 2790
2785 2783 2791
2783 2792 2791
2783 2781 2792
2781 2793 2792
2781 2774 2793
2794 2793 2774
2794 2774 2768
2795 2794 2768
2795 2796 2794
2768 2769 2795
2795 2797 2796
2798 2795 2769
2795 2798 2797
2798 2769 2799
2797 2798 2800
2799 2800 2798
2797 2800 2801
2799 2802 2800
2803 2801 2800
2802 2804 2800
2803 2800 2804
2802 2805 2804
2804 2806 2803
2805 2807 2804
2804 2807 2806
2805 2808 2807
2806 2807 2809
2809 2807 2808
2806 2809 2810
2809 2808 2811
2812 2810 2809
2811 2812 2809
2812 2813 2810
2811 2814 2812
2813 2812 2815
2815 2812 2814
2813 2815 2816
2815 2814 2817
2818 2816 2815
2817 2818 2815
2818 2819 2816
2819 2818 2820
2817 2821 2818
2821 2820 2818
2820 2822 2819
2821 2823 2820
2820 2824 2822
2820 2823 2825
2826 2824 2820
2820 2825 2826
2827 2824 2826
2828 2826 2825
2827 2826 2829
2828 2829 2826
2829 2830 2827
2829 2828 2831
2829 2832 2830
2829 2831 2832
2833 2830 2832
2833 2832 2831
2833 2834 2830
2833 2831 2835
2833 2836 2834
2835 2836 2833
2837 2838 2839
2840 2838 2837
2840 2837 2841
2842 2841 2837
2837 2839 2843
2842 2837 2843
2843 2839 2844
2843 2845 2842
2843 2844 2846
2843 2846 2845
2847 2846 2844
2848 2845 2846
2847 2849 2846
2848 2846 2849
2850 2849 2847
2849 2851 2848
2850 2851 2849
