byte offset: 0
first index: 14598
index count: 18336
topology: trianglelist
format: DXGI_FORMAT_R16_UINT

3591 3592 3593
3594 3595 3596
3597 3598 3599
3600 3601 3602
3603 3604 3605
3603 3605 3606
3603 3606 3607
3606 3605 3608
3607 3606 3609
3606 3608 3609
3607 3609 3610
3609 3608 3611
3610 3609 3612
3609 3611 3612
3610 3612 3613
3614 3612 3611
3615 3613 3612
3614 3615 3612
3615 3616 3613
3617 3615 3614
3618 3616 3615
3617 3618 3615
3618 3619 3616
3618 3617 3620
3619 3618 3621
3618 3620 3621
3621 3620 3622
3621 3622 3623
3623 3622 3624
3623 3624 3625
3626 3625 3624
3626 3627 3625
3627 3626 3628
3627 3628 3629
3630 3631 3632
3630 3633 3631
3633 3630 3634
3635 3631 3633
3633 3634 3636
3634 3637 3636
3635 3633 3638
3636 3638 3633
3639 3635 3638
3640 3636 3637
3636 3640 3638
3639 3638 3641
3641 3638 3640
3642 3639 3641
3640 3637 3643
3644 3643 3637
3642 3641 3645
3646 3642 3645
3641 3640 3647
3643 3647 3640
3647 3645 3641
3644 3648 3643
3644 3649 3648
3648 3649 3650
3646 3645 3651
3651 3652 3646
3643 3653 3647
3653 3643 3648
3647 3654 3645
3651 3645 3654
3654 3647 3653
3648 3650 3655
3653 3648 3655
3650 3656 3655
3656 3653 3655
3650 3657 3656
3657 3658 3656
3657 3659 3658
3658 3659 3660
3656 3661 3653
3654 3653 3661
3658 3661 3656
3651 3654 3662
3662 3654 3661
3658 3663 3661
3662 3661 3663
3664 3651 3662
3651 3664 3652
3663 3665 3662
3664 3662 3665
3652 3664 3666
3666 3664 3665
3652 3666 3667
3666 3668 3667
3669 3663 3658
3663 3669 3665
3666 3665 3670
3668 3666 3670
3669 3670 3665
3669 3658 3671
3658 3660 3671
3660 3672 3671
3672 3669 3671
3660 3673 3672
3672 3673 3674
3669 3675 3670
3672 3675 3669
3676 3672 3674
3676 3675 3672
3677 3670 3675
3668 3670 3677
3677 3675 3676
3678 3676 3674
3678 3674 3679
3678 3679 3680
3676 3681 3677
3676 3678 3681
3678 3680 3682
3682 3681 3678
3682 3680 3683
3683 3684 3682
3684 3685 3682
3682 3685 3686
3682 3686 3681
3681 3686 3677
3686 3668 3677
3668 3686 3687
3688 3668 3687
3687 3686 3689
3688 3687 3690
3690 3687 3689
3690 3689 3691
3692 3688 3690
3691 3693 3690
3692 3690 3693
3691 3694 3693
3695 3692 3693
3696 3692 3695
3697 3696 3695
3694 3698 3693
3695 3693 3698
3694 3699 3698
3697 3695 3700
3700 3695 3698
3700 3701 3697
3699 3702 3698
3700 3698 3702
3699 3703 3702
3700 3704 3701
3704 3700 3702
3704 3705 3701
3703 3706 3702
3704 3702 3706
3703 3707 3706
3704 3708 3705
3708 3704 3706
3708 3709 3705
3707 3710 3706
3708 3706 3710
3707 3711 3710
3708 3712 3709
3712 3708 3710
3711 3713 3710
3712 3710 3713
3711 3714 3713
3709 3712 3715
3715 3712 3713
3709 3715 3716
3717 3716 3715
3714 3718 3713
3715 3713 3718
3715 3718 3717
3714 3719 3718
3719 3720 3718
3718 3720 3717
3717 3720 3721
3719 3722 3720
3721 3720 3722
3721 3723 3717
3721 3722 3724
3721 3725 3723
3721 3724 3726
3721 3727 3725
3721 3726 3727
3727 3728 3725
3727 3726 3729
3727 3730 3728
3727 3729 3730
3728 3730 3731
3731 3730 3729
3732 3733 3734
3732 3735 3733
3736 3733 3735
3736 3735 3737
3737 3738 3736
3737 3739 3738
3739 3740 3738
3739 3741 3740
3740 3741 3742
3740 3742 3743
3744 3743 3742
3745 3746 3732
3745 3747 3746
3748 3746 3749
3748 3749 3750
3751 3748 3750
3751 3750 3752
3753 3751 3752
3753 3752 3754
3755 3753 3754
3755 3754 3756
3757 3755 3756
3757 3756 3758
3759 3757 3758
3759 3758 3760
3761 3759 3760
3761 3760 3762
3761 3762 3763
3761 3763 3764
3765 3764 3763
3765 3763 3766
3767 3768 3766
3767 3766 3769
3767 3769 3770
3767 3770 3771
3772 3771 3770
3772 3773 3771
3774 3775 3776
3774 3776 3777
3777 3776 3778
3777 3778 3779
3779 3778 3780
3779 3780 3781
3781 3780 3782
3781 3782 3783
3784 3785 3786
3785 3787 3786
3785 3788 3787
3786 3787 3789
3787 3788 3790
3787 3790 3791
3790 3792 3791
3787 3793 3789
3787 3794 3793
3791 3794 3787
3795 3793 3794
3795 3794 3796
3796 3797 3795
3791 3798 3794
3798 3796 3794
3796 3799 3797
3800 3797 3799
3800 3801 3797
3802 3801 3800
3802 3800 3803
3800 3804 3803
3805 3804 3800
3805 3800 3806
3806 3800 3799
3806 3807 3805
3798 3808 3796
3808 3799 3796
3806 3809 3807
3810 3807 3809
3811 3810 3809
3811 3812 3810
3812 3811 3813
3811 3814 3813
3811 3815 3814
3811 3816 3815
3811 3817 3816
3817 3818 3816
3806 3799 3819
3809 3806 3819
3808 3819 3799
3820 3811 3809
3809 3819 3820
3820 3817 3811
3819 3821 3820
3819 3808 3821
3821 3817 3820
3817 3822 3818
3822 3823 3818
3822 3824 3823
3824 3825 3823
3824 3826 3825
3824 3827 3826
3824 3828 3827
3808 3829 3821
3808 3798 3829
3798 3791 3829
3821 3830 3817
3821 3829 3831
3831 3830 3821
3817 3832 3822
3817 3830 3832
3791 3833 3829
3831 3829 3833
3824 3822 3834
3822 3832 3835
3822 3835 3834
3830 3836 3832
3831 3837 3830
3830 3837 3836
3832 3836 3838
3832 3838 3835
3837 3839 3836
3839 3838 3836
3840 3835 3838
3841 3835 3840
3841 3834 3835
3840 3838 3842
3842 3838 3839
3842 3839 3843
3834 3841 3844
3843 3839 3845
3837 3845 3839
3843 3845 3846
3845 3847 3846
3837 3848 3845
3848 3847 3845
3848 3837 3831
3834 3844 3849
3824 3834 3849
3848 3831 3850
3831 3833 3850
3848 3851 3847
3850 3851 3848
3852 3849 3844
3852 3844 3853
3849 3852 3854
3852 3855 3854
3849 3854 3856
3824 3849 3856
3854 3857 3856
3856 3858 3824
3858 3828 3824
3858 3859 3828
3859 3860 3828
3860 3861 3828
3850 3862 3851
3863 3862 3850
3862 3863 3864
3863 3850 3833
3865 3863 3833
3864 3863 3865
3791 3865 3833
3865 3791 3866
3864 3865 3866
3791 3792 3866
3792 3864 3866
3864 3792 3867
3868 3864 3867
3862 3864 3869
3868 3869 3864
3869 3851 3862
3870 3869 3868
3871 3851 3869
3870 3871 3869
3871 3847 3851
3870 3872 3871
3871 3872 3847
3847 3872 3873
3874 3873 3872
3874 3875 3873
3875 3874 3876
3875 3876 3877
3876 3874 3878
3876 3879 3877
3880 3876 3878
3876 3880 3879
3880 3878 3881
3880 3882 3879
3883 3880 3881
3883 3881 3884
3882 3880 3885
3885 3880 3883
3882 3885 3886
3887 3883 3884
3887 3884 3888
3889 3885 3883
3886 3885 3889
3889 3883 3887
3886 3889 3890
3891 3886 3890
3887 3892 3889
3893 3892 3887
3893 3887 3888
3893 3888 3894
3895 3896 3897
3895 3897 3898
3899 3895 3898
3899 3898 3900
3901 3899 3900
3901 3902 3899
3903 3902 3901
3903 3904 3902
3904 3903 3905
3906 3904 3905
3907 3906 3905
3906 3907 3908
3906 3908 3909
3910 3906 3909
3911 3910 3909
3912 3910 3911
3911 3909 3913
3911 3913 3914
3914 3913 3915
3916 3909 3908
3916 3913 3909
3915 3913 3917
3915 3917 3918
3917 3919 3918
3919 3917 3920
3913 3921 3917
3917 3921 3920
3916 3921 3913
3921 3922 3920
3922 3921 3923
3923 3921 3916
3922 3923 3924
3924 3923 3925
3924 3925 3926
3927 3925 3923
3927 3923 3916
3916 3928 3927
3916 3908 3928
3907 3928 3908
3907 3929 3928
3930 3929 3907
3930 3907 3931
3932 3931 3907
3933 3934 3935
3933 3936 3934
3936 3937 3934
3936 3938 3937
3938 3939 3937
3938 3940 3939
3940 3941 3939
3940 3942 3941
3943 3941 3942
3943 3944 3941
3943 3945 3944
3945 3943 3946
3947 3945 3946
3948 3949 3950
3951 3949 3948
3951 3952 3949
3949 3952 3953
3949 3953 3954
3955 3954 3953
3955 3956 3954
3957 3958 3959
3957 3960 3958
3961 3960 3957
3958 3960 3962
3958 3962 3963
3961 3964 3960
3964 3962 3960
3964 3961 3965
3964 3965 3966
3966 3967 3964
3964 3967 3962
3966 3968 3967
3969 3963 3962
3969 3970 3963
3968 3971 3967
3968 3972 3971
3972 3973 3971
3967 3974 3962
3967 3971 3974
3973 3974 3971
3969 3962 3974
3973 3975 3974
3969 3974 3975
3969 3975 3976
3970 3969 3976
3970 3976 3977
3977 3978 3970
3977 3979 3978
3980 3978 3979
3980 3979 3981
3982 3981 3979
3981 3982 3983
3984 3983 3982
3985 3986 3987
3985 3987 3988
3989 3985 3988
3989 3990 3985
3991 3990 3989
3992 3990 3991
3992 3991 3993
3994 3992 3993
3994 3995 3992
3996 3995 3994
3996 3994 3997
3998 3996 3997
3998 3997 3999
4000 3999 3997
3999 4001 3998
3999 4002 4001
4002 3999 4000
4002 4000 4003
4004 4003 4000
4005 3997 3994
4000 3997 4005
4005 3994 4006
4006 3994 4007
4008 4006 4007
4009 4005 4006
4008 4009 4006
4000 4005 4010
4009 4010 4005
4011 4009 4008
4011 4010 4009
4011 4008 4012
4011 4012 4013
4004 4000 4014
4000 4010 4014
4011 4015 4010
4015 4014 4010
4004 4014 4016
4015 4016 4014
4004 4016 4017
4015 4011 4018
4018 4016 4015
4011 4013 4018
4017 4016 4019
4018 4019 4016
4017 4019 4020
4019 4018 4021
4021 4018 4013
4020 4019 4022
4019 4021 4022
4020 4022 4023
4023 4022 4024
4022 4025 4024
4022 4026 4025
4022 4021 4026
4026 4021 4027
4027 4021 4013
4028 4026 4027
4028 4027 4029
4027 4013 4030
4029 4027 4030
4031 4030 4013
4029 4030 4032
4032 4030 4031
4033 4034 4035
4036 4034 4033
4036 4033 4037
4036 4037 4038
4039 4036 4038
4039 4040 4036
4041 4034 4036
4040 4042 4036
4042 4041 4036
4041 4042 4043
4043 4042 4044
4043 4044 4045
4045 4044 4046
4047 4045 4046
4048 4045 4047
4047 4049 4048
4049 4050 4048
4049 4051 4050
4047 4052 4049
4052 4047 4053
4053 4047 4054
4055 4053 4054
4049 4052 4056
4053 4056 4052
4051 4049 4057
4049 4056 4057
4058 4057 4056
4059 4051 4057
4058 4059 4057
4060 4051 4059
4060 4059 4061
4061 4059 4058
4060 4061 4062
4053 4063 4056
4058 4056 4063
4055 4064 4053
4064 4063 4053
4062 4061 4065
4062 4065 4066
4067 4066 4065
4068 4066 4067
4069 4065 4061
4069 4061 4058
4067 4065 4069
4055 4070 4064
4055 4071 4070
4071 4072 4070
4071 4073 4072
4064 4074 4063
4058 4063 4074
4074 4064 4070
4069 4058 4075
4067 4069 4075
4058 4074 4075
4075 4074 4076
4076 4067 4075
4074 4070 4077
4076 4074 4077
4070 4072 4078
4070 4078 4077
4076 4079 4067
4076 4077 4080
4079 4076 4080
4078 4081 4077
4080 4077 4081
4082 4067 4079
4068 4067 4082
4083 4068 4082
4082 4079 4084
4085 4084 4079
4079 4080 4085
4085 4086 4084
4087 4086 4085
4085 4080 4088
4080 4081 4088
4087 4085 4089
4085 4088 4089
4090 4087 4089
4090 4089 4091
4091 4089 4088
4091 4088 4092
4088 4093 4092
4088 4081 4093
4081 4094 4093
4095 4094 4081
4095 4081 4078
4095 4078 4096
4078 4097 4096
4078 4072 4097
4072 4098 4097
4098 4072 4099
4072 4100 4099
4072 4073 4100
4073 4101 4100
4073 4102 4101
4073 4103 4102
4104 4105 4106
4107 4104 4106
4107 4108 4104
4109 4107 4106
4110 4108 4107
4107 4109 4111
4107 4111 4112
4111 4113 4112
4114 4107 4112
4110 4107 4115
4116 4110 4115
4117 4116 4115
4114 4118 4107
4115 4107 4118
4114 4119 4118
4117 4115 4120
4121 4117 4120
4119 4122 4118
4119 4123 4122
4124 4122 4123
4125 4122 4124
4125 4124 4126
4125 4126 4127
4115 4118 4128
4118 4122 4128
4128 4120 4115
4128 4122 4125
4121 4120 4129
4129 4130 4121
4129 4131 4130
4128 4132 4120
4129 4120 4132
4131 4129 4133
4129 4132 4133
4131 4133 4134
4135 4132 4128
4128 4125 4135
4136 4134 4133
4136 4137 4134
4138 4137 4136
4139 4138 4136
4132 4140 4133
4136 4133 4140
4135 4140 4132
4136 4140 4141
4135 4141 4140
4141 4139 4136
4142 4135 4125
4135 4142 4141
4142 4125 4143
4144 4141 4142
4144 4142 4143
4141 4145 4139
4144 4145 4141
4146 4143 4125
4146 4125 4127
4146 4127 4147
4146 4147 4148
4146 4149 4143
4143 4149 4150
4151 4143 4150
4144 4143 4151
4151 4150 4152
4151 4152 4153
4154 4151 4153
4154 4153 4155
4156 4154 4155
4156 4157 4154
4158 4154 4157
4159 4151 4154
4158 4159 4154
4159 4144 4151
4160 4159 4158
4161 4144 4159
4160 4161 4159
4161 4145 4144
4160 4162 4161
4162 4145 4161
4160 4163 4162
4162 4139 4145
4164 4162 4163
4165 4164 4163
4164 4165 4166
4167 4162 4164
4167 4139 4162
4139 4167 4168
4139 4168 4169
4168 4170 4169
4168 4171 4170
4171 4172 4170
4171 4173 4172
4173 4174 4172
4173 4175 4174
4174 4175 4176
4177 4178 4179
4177 4180 4178
4181 4178 4180
4181 4182 4178
4183 4181 4180
4181 4184 4182
4183 4185 4181
4186 4185 4183
4181 4187 4184
4185 4187 4181
4188 4184 4187
4188 4189 4184
4188 4190 4189
4186 4191 4185
4192 4191 4186
4185 4193 4187
4193 4188 4187
4193 4185 4191
4188 4194 4190
4194 4195 4190
4192 4196 4191
4193 4191 4197
4197 4191 4196
4198 4188 4193
4197 4198 4193
4188 4199 4194
4188 4198 4199
4194 4200 4195
4194 4199 4200
4195 4200 4201
4195 4201 4202
4202 4201 4203
4204 4201 4200
4199 4204 4200
4201 4205 4203
4201 4204 4205
4203 4205 4206
4205 4207 4206
4208 4199 4198
4197 4208 4198
4204 4199 4209
4208 4209 4199
4205 4204 4210
4204 4209 4210
4205 4211 4207
4205 4210 4211
4197 4212 4208
4212 4209 4208
4210 4209 4213
4212 4213 4209
4214 4207 4211
4207 4214 4215
4216 4211 4210
4210 4213 4216
4217 4214 4211
4216 4217 4211
4215 4214 4218
4217 4218 4214
4213 4219 4216
4217 4216 4219
4220 4212 4197
4197 4196 4220
4212 4221 4213
4213 4221 4219
4222 4212 4220
4212 4222 4221
4223 4220 4196
4222 4220 4223
4222 4224 4221
4224 4222 4223
4223 4196 4225
4196 4192 4225
4225 4192 4226
4225 4227 4223
4226 4227 4225
4224 4223 4227
4226 4228 4227
4229 4227 4228
4229 4224 4227
4230 4224 4229
4224 4231 4221
4230 4231 4224
4221 4231 4219
4232 4231 4230
4232 4233 4231
4219 4231 4233
4234 4233 4232
4235 4219 4233
4217 4219 4235
4218 4217 4235
4234 4236 4233
4235 4233 4236
4237 4236 4234
4218 4235 4238
4238 4235 4236
4237 4239 4236
4238 4236 4239
4238 4240 4218
4215 4218 4240
4215 4240 4241
4240 4242 4241
4238 4243 4240
4243 4242 4240
4239 4243 4238
4242 4243 4244
4245 4244 4243
4237 4246 4239
4239 4246 4243
4245 4243 4246
4237 4247 4246
4245 4246 4247
4245 4247 4248
4245 4248 4249
4250 4251 4252
4250 4253 4251
4254 4253 4250
4254 4255 4253
4256 4257 4258
4256 4258 4259
4260 4259 4258
4260 4258 4261
4262 4260 4261
4262 4261 4263
4264 4262 4263
4264 4265 4262
4265 4264 4266
4265 4266 4267
4266 4268 4267
4266 4269 4268
4270 4271 4272
4270 4272 4273
4274 4275 4276
4274 4277 4275
4278 4275 4277
4278 4279 4275
4278 4280 4279
4278 4281 4280
4281 4282 4280
4281 4283 4282
4283 4284 4282
4285 4286 4287
4288 4285 4287
4288 4287 4289
4288 4289 4290
4288 4290 4291
4290 4292 4291
4290 4293 4292
4294 4295 4296
4294 4296 4297
4296 4298 4297
4296 4299 4298
4298 4299 4300
4298 4300 4301
4300 4302 4301
4300 4303 4302
4303 4304 4302
4303 4305 4304
4305 4306 4304
4305 4307 4306
4308 4309 4310
4308 4311 4309
4311 4312 4309
4311 4313 4312
4313 4314 4312
4313 4315 4314
4315 4316 4314
4315 4317 4316
4317 4318 4316
4317 4319 4318
4319 4320 4318
4319 4321 4320
4322 4320 4321
4322 4321 4323
4324 4325 4326
4324 4327 4325
4324 4328 4327
4324 4329 4328
4329 4330 4328
4329 4331 4330
4332 4333 4334
4332 4334 4335
4335 4334 4336
4335 4336 4337
4337 4336 4338
4337 4338 4339
4339 4338 4340
4339 4340 4341
4340 4342 4341
4340 4343 4342
4344 4345 4346
4344 4346 4347
4348 4349 4350
4348 4350 4351
4351 4350 4352
4351 4352 4353
4353 4352 4354
4353 4354 4355
4356 4355 4354
4356 4354 4357
4358 4356 4357
4358 4357 4359
4358 4359 4360
4358 4360 4361
4362 4361 4360
4362 4360 4363
4362 4363 4364
4362 4364 4365
4366 4365 4364
4366 4367 4365
4367 4366 4368
4369 4370 4371
4369 4371 4372
4372 4371 4373
4372 4373 4374
4373 4375 4374
4373 4376 4375
4376 4377 4375
4376 4378 4377
4379 4380 4381
4382 4380 4379
4382 4383 4380
4384 4385 4386
4384 4387 4385
4384 4388 4387
4384 4389 4388
4389 4390 4388
4389 4391 4390
4392 4390 4391
4392 4393 4390
4394 4393 4392
4394 4395 4393
4394 4396 4395
4394 4397 4396
4398 4396 4397
4398 4399 4396
4400 4399 4398
4400 4401 4399
4402 4401 4400
4402 4403 4401
4404 4405 4406
4405 4407 4406
4405 4408 4407
4409 4407 4408
4409 4408 4410
4410 4411 4409
4410 4412 4411
4413 4411 4412
4413 4412 4414
4413 4414 4415
4415 4414 4416
4415 4416 4417
4415 4417 4418
4418 4417 4419
4420 4418 4419
4417 4421 4419
4422 4420 4419
4423 4419 4421
4422 4419 4424
4423 4424 4419
4425 4422 4424
4426 4424 4423
4426 4423 4427
4428 4425 4424
4426 4428 4424
4426 4429 4428
4426 4427 4430
4427 4431 4430
4432 4426 4430
4426 4432 4433
4426 4433 4434
4429 4426 4434
4429 4434 4435
4436 4437 4438
4439 4437 4436
4439 4440 4437
4441 4440 4439
4441 4442 4440
4443 4444 4445
4445 4444 4446
4445 4446 4447
4448 4447 4446
4448 4449 4447
4450 4451 4452
4453 4450 4452
4453 4452 4454
4454 4455 4453
4454 4456 4455
4457 4458 4459
4459 4458 4460
4459 4460 4461
4462 4461 4460
4462 4463 4461
4464 4465 4466
4464 4466 4467
4468 4467 4466
4469 4464 4467
4469 4470 4464
4468 4471 4467
4471 4468 4472
4471 4472 4473
4467 4471 4474
4474 4471 4473
4467 4474 4469
4474 4473 4475
4476 4474 4475
4476 4469 4474
4476 4475 4477
4476 4478 4469
4478 4470 4469
4478 4479 4470
4480 4481 4482
4480 4482 4483
4483 4482 4484
4485 4480 4483
4483 4484 4486
4486 4487 4483
4486 4488 4487
4489 4483 4487
4485 4483 4490
4489 4490 4483
4491 4485 4490
4492 4490 4489
4491 4490 4493
4492 4493 4490
4494 4495 4496
4497 4496 4495
4497 4498 4496
4499 4498 4497
4499 4500 4498
4501 4502 4503
4501 4503 4504
4501 4504 4505
4503 4506 4504
4504 4507 4505
4508 4505 4507
4506 4509 4504
4509 4507 4504
4510 4509 4506
4511 4509 4510
4511 4512 4509
4512 4507 4509
4511 4513 4512
4514 4508 4507
4512 4514 4507
4514 4515 4508
4514 4516 4515
4514 4517 4516
4513 4518 4512
4512 4518 4514
4517 4514 4518
4513 4519 4518
4517 4518 4519
4520 4521 4522
4520 4522 4523
4524 4520 4523
4522 4525 4523
4522 4526 4525
4524 4523 4527
4528 4524 4527
4526 4529 4525
4526 4530 4529
4525 4529 4531
4523 4525 4532
4525 4531 4532
4523 4532 4527
4532 4531 4533
4532 4533 4534
4534 4527 4532
4534 4528 4527
4528 4535 4536
4535 4537 4536
4528 4538 4535
4535 4539 4537
4540 4539 4535
4539 4541 4537
4539 4542 4541
4540 4542 4539
4540 4543 4542
4540 4544 4543
4538 4545 4535
4540 4535 4545
4538 4546 4545
4546 4540 4545
4538 4547 4546
4547 4548 4546
4540 4549 4544
4546 4549 4540
4548 4549 4546
4550 4544 4549
4548 4551 4549
4550 4549 4551
4552 4553 4554
4554 4555 4552
4554 4556 4555
4557 4555 4556
4557 4558 4555
4559 4560 4561
4559 4562 4560
4559 4563 4562
4563 4564 4562
4563 4565 4564
4566 4567 4568
4566 4569 4567
4566 4570 4569
4570 4571 4569
4570 4572 4571
4573 4574 4575
4573 4575 4576
4573 4576 4577
4578 4573 4577
4579 4578 4577
4575 4580 4576
4580 4577 4576
4575 4581 4580
4582 4579 4577
4580 4582 4577
4582 4583 4579
4581 4584 4580
4581 4585 4584
4580 4586 4582
4582 4586 4583
4580 4584 4586
4585 4587 4584
4587 4586 4584
4585 4588 4587
4587 4588 4589
4587 4589 4590
4583 4586 4591
4587 4591 4586
4590 4591 4587
4583 4591 4592
4590 4593 4591
4593 4592 4591
4594 4595 4596
4594 4597 4595
4594 4598 4597
4598 4599 4597
4598 4600 4599
4601 4602 4603
4601 4604 4602
4604 4605 4602
4605 4604 4606
4605 4606 4607
4608 4609 4610
4608 4611 4609
4608 4612 4611
4612 4613 4611
4612 4614 4613
4615 4616 4617
4618 4616 4615
4618 4619 4616
4618 4620 4619
4618 4621 4620
4622 4623 4624
4622 4624 4625
4625 4624 4626
4625 4626 4627
4628 4627 4626
4628 4629 4627
4630 4631 4632
4630 4632 4633
4632 4634 4633
4635 4630 4633
4635 4636 4630
4636 4635 4637
4635 4638 4637
4634 4639 4633
4634 4640 4639
4633 4641 4635
4638 4635 4641
4633 4639 4641
4642 4638 4641
4642 4641 4639
4643 4638 4642
4644 4643 4642
4642 4645 4644
4640 4646 4639
4642 4639 4646
4642 4646 4645
4640 4647 4646
4648 4645 4646
4648 4646 4647
4649 4650 4651
4649 4651 4652
4653 4652 4651
4653 4654 4652
4652 4655 4649
4652 4654 4656
4652 4657 4655
4652 4656 4657
4657 4658 4655
4659 4657 4656
4657 4660 4658
4659 4660 4657
4661 4662 4663
4661 4664 4662
4661 4665 4664
4665 4666 4664
4667 4666 4665
4667 4668 4666
4668 4669 4666
4662 4664 4670
4666 4670 4664
4671 4666 4669
4671 4670 4666
4672 4671 4669
4673 4662 4670
4671 4673 4670
4673 4674 4662
4675 4674 4673
4675 4673 4676
4676 4673 4671
4676 4671 4677
4672 4677 4671
4672 4678 4677
4679 4680 4681
4679 4681 4682
4683 4679 4682
4684 4682 4681
4683 4682 4685
4686 4683 4685
4684 4687 4682
4687 4685 4682
4688 4687 4684
4688 4689 4687
4686 4685 4690
4691 4686 4690
4691 4690 4692
4693 4692 4690
4687 4694 4685
4689 4694 4687
4694 4690 4685
4693 4690 4695
4694 4695 4690
4689 4695 4694
4693 4695 4696
4689 4696 4695
4697 4698 4699
4697 4700 4698
4701 4700 4697
4701 4697 4702
4703 4701 4702
4703 4704 4701
4705 4704 4703
4705 4703 4706
4707 4705 4706
4707 4706 4708
4709 4710 4711
4709 4711 4712
4713 4709 4712
4713 4714 4709
4715 4714 4713
4715 4716 4714
4717 4716 4715
4717 4715 4718
4719 4720 4721
4719 4721 4722
4723 4724 4725
4723 4725 4726
4727 4728 4729
4727 4729 4730
4731 4732 4733
4731 4733 4734
4735 4736 4737
4735 4738 4736
4739 4738 4735
4739 4740 4738
4741 4740 4739
4741 4742 4740
4743 4742 4741
4743 4744 4742
4745 4746 4747
4745 4748 4746
4749 4748 4745
4749 4750 4748
4751 4750 4749
4751 4752 4750
4753 4752 4751
4753 4754 4752
4755 4754 4753
4755 4753 4756
4757 4758 4759
4757 4760 4758
4761 4760 4757
4761 4762 4760
4763 4762 4761
4763 4764 4762
4763 4765 4764
4763 4766 4765
4767 4768 4769
4767 4770 4768
4771 4770 4767
4771 4767 4772
4773 4771 4772
4773 4772 4774
4775 4773 4774
4775 4774 4776
4777 4778 4779
4777 4780 4778
4781 4778 4780
4781 4782 4778
4783 4782 4781
4783 4781 4784
4785 4783 4784
4785 4784 4786
4787 4785 4786
4787 4786 4788
4789 4790 4791
4789 4791 4792
4793 4794 4795
4793 4795 4796
4797 4793 4796
4797 4796 4798
4799 4800 4801
4799 4801 4802
4803 4804 4805
4803 4805 4806
4807 4803 4806
4807 4806 4808
4809 4807 4808
4809 4808 4810
4811 4809 4810
4811 4810 4812
4813 4811 4812
4813 4812 4814
4815 4816 4817
4815 4817 4818
4819 4820 4821
4819 4821 4822
4823 4819 4822
4823 4822 4824
4825 4823 4824
4825 4824 4826
4827 4825 4826
4827 4826 4828
4829 4830 4831
4829 4831 4832
4833 4834 4835
4833 4835 4836
4837 4833 4836
4837 4838 4833
4839 4840 4841
4839 4841 4842
4843 4844 4845
4843 4846 4844
4847 4846 4843
4847 4843 4848
4849 4847 4848
4849 4848 4850
4851 4849 4850
4851 4850 4852
4853 4854 4855
4853 4855 4856
4857 4858 4859
4857 4859 4860
4861 4862 4863
4861 4863 4864
4864 4863 4865
4864 4865 4866
4866 4865 4867
4866 4867 4868
4868 4867 4869
4868 4869 4870
4869 4871 4870
4869 4872 4871
4873 4874 4875
4874 4876 4875
4877 4876 4874
4876 4878 4875
4876 4879 4878
4875 4878 4880
4875 4880 4881
4882 4878 4879
4882 4879 4883
4882 4883 4884
4878 4882 4885
4878 4885 4880
4882 4884 4886
4886 4885 4882
4884 4887 4886
4886 4887 4888
4888 4889 4886
4886 4889 4885
4888 4890 4889
4891 4889 4890
4881 4880 4892
4881 4892 4893
4894 4880 4885
4894 4885 4889
4894 4892 4880
4891 4895 4889
4894 4889 4895
4891 4896 4895
4896 4897 4895
4897 4894 4895
4896 4898 4897
4899 4897 4898
4893 4892 4900
4893 4900 4901
4900 4902 4901
4892 4894 4903
4897 4903 4894
4892 4903 4900
4897 4899 4904
4903 4897 4904
4904 4899 4905
4903 4906 4900
4900 4906 4902
4903 4904 4906
4904 4905 4907
4907 4906 4904
4905 4908 4907
4909 4902 4906
4907 4909 4906
4907 4908 4909
4909 4910 4902
4908 4910 4909
4910 4908 4911
4912 4910 4911
4910 4912 4913
4914 4910 4913
4915 4913 4912
4913 4916 4914
4915 4916 4913
4916 4917 4914
4916 4915 4918
4917 4916 4919
4916 4918 4919
4917 4919 4920
4919 4918 4921
4920 4919 4922
4919 4921 4922
4920 4922 4923
4922 4921 4924
4923 4922 4925
4922 4924 4925
4923 4925 4926
4925 4924 4927
4928 4926 4925
4925 4927 4929
4928 4925 4929
4929 4930 4928
4929 4931 4930
4929 4927 4932
4933 4931 4929
4929 4932 4933
4933 4934 4931
4935 4934 4933
4936 4935 4933
4937 4933 4932
4936 4933 4937
4938 4937 4932
4936 4937 4939
4940 4937 4938
4937 4940 4939
4941 4942 4943
4943 4942 4944
4945 4943 4944
4944 4942 4946
4944 4946 4947
4948 4946 4942
4948 4942 4949
4950 4947 4946
4950 4951 4947
4950 4952 4951
4946 4953 4950
4946 4948 4953
4950 4954 4952
4954 4950 4953
4952 4954 4955
4954 4956 4955
4956 4954 4957
4954 4953 4957
4956 4957 4958
4959 4958 4957
4949 4960 4948
4949 4961 4960
4962 4953 4948
4962 4957 4953
4962 4948 4960
4959 4957 4963
4962 4963 4957
4959 4963 4964
4965 4964 4963
4965 4963 4962
4965 4966 4964
4967 4966 4965
4961 4968 4960
4961 4969 4968
4968 4969 4970
4960 4971 4962
4965 4962 4971
4960 4968 4971
4965 4972 4967
4971 4972 4965
4973 4967 4972
4971 4968 4974
4968 4970 4974
4971 4974 4972
4973 4972 4975
4975 4972 4974
4973 4975 4976
4977 4974 4970
4975 4974 4977
4975 4977 4976
4978 4977 4970
4976 4977 4978
4978 4979 4976
4980 4979 4978
4978 4981 4980
4982 4981 4978
4981 4983 4980
4984 4981 4982
4981 4985 4983
4984 4985 4981
4986 4983 4985
4987 4985 4984
4986 4985 4987
4987 4984 4988
4989 4986 4987
4990 4987 4988
4989 4987 4990
4990 4988 4991
4992 4989 4990
4991 4993 4990
4992 4990 4993
4991 4994 4993
4995 4992 4993
4993 4994 4996
4995 4993 4997
4997 4993 4996
4996 4998 4997
4997 4998 4999
5000 4995 4997
5001 4997 4999
5000 4997 5001
5001 4999 5002
5003 5001 5002
5004 5001 5003
5000 5001 5005
5004 5005 5001
5006 5000 5005
5004 5007 5005
5008 5006 5005
5005 5007 5008
5009 5010 5011
5012 5010 5009
5012 5013 5010
5013 5012 5014
5013 5014 5015
5015 5014 5016
5016 5014 5017
5017 5014 5018
5017 5018 5019
5019 5018 5020
5020 5018 5021
5020 5021 5022
5022 5021 5023
5022 5023 5024
5024 5023 5025
5025 5023 5026
5025 5026 5027
5026 5028 5027
5027 5028 5029
5030 5031 5032
5033 5030 5032
5033 5034 5030
5033 5035 5034
5035 5036 5034
5036 5037 5034
5036 5038 5037
5038 5039 5037
5040 5037 5039
5039 5041 5040
5040 5041 5042
5040 5042 5043
5044 5043 5042
5044 5042 5045
5044 5046 5043
5046 5047 5043
5046 5048 5047
5049 5047 5048
5049 5048 5050
5050 5051 5049
5052 5053 5054
5054 5055 5052
5054 5056 5055
5057 5055 5056
5057 5056 5058
5059 5057 5058
5059 5058 5060
5060 5061 5059
5060 5062 5061
5061 5062 5063
5061 5063 5064
5065 5064 5063
5065 5066 5064
5065 5067 5066
5065 5068 5067
5066 5067 5069
5066 5069 5070
5071 5070 5069
5068 5072 5067
5068 5073 5072
5071 5069 5074
5075 5071 5074
5076 5075 5074
5076 5074 5077
5069 5077 5074
5078 5076 5077
5079 5078 5077
5067 5080 5069
5069 5080 5077
5067 5072 5080
5079 5077 5081
5080 5081 5077
5081 5082 5079
5083 5072 5073
5083 5073 5084
5085 5083 5084
5086 5080 5072
5080 5086 5081
5086 5072 5083
5081 5087 5082
5086 5087 5081
5088 5082 5087
5085 5089 5083
5089 5085 5090
5083 5091 5086
5086 5091 5087
5083 5089 5091
5089 5090 5092
5091 5089 5092
5090 5093 5092
5087 5091 5094
5088 5087 5094
5091 5092 5094
5093 5095 5092
5092 5095 5094
5095 5088 5094
5095 5093 5096
5095 5097 5088
5096 5097 5095
5098 5099 5100
5098 5100 5101
5101 5100 5102
5101 5102 5103
5104 5103 5102
5103 5104 5105
5106 5101 5103
5103 5105 5106
5105 5104 5107
5104 5108 5107
5106 5109 5101
5110 5101 5109
5110 5111 5101
5112 5111 5110
5112 5113 5111
5112 5110 5114
5110 5115 5114
5115 5110 5109
5115 5109 5116
5106 5116 5109
5115 5116 5117
5115 5117 5118
5106 5119 5116
5119 5117 5116
5118 5117 5120
5118 5120 5121
5122 5120 5117
5122 5117 5123
5119 5123 5117
5122 5123 5124
5125 5119 5106
5125 5123 5119
5125 5124 5123
5125 5106 5105
5125 5105 5126
5126 5105 5107
5124 5125 5127
5125 5126 5127
5128 5124 5127
5129 5124 5128
5129 5130 5124
5129 5131 5130
5131 5132 5130
5131 5133 5132
5133 5134 5132
5133 5135 5134
5129 5136 5131
5133 5131 5136
5137 5135 5133
5133 5136 5137
5137 5138 5135
5138 5137 5139
5138 5139 5140
5141 5139 5137
5141 5137 5136
5141 5136 5142
5142 5136 5129
5142 5129 5128
5142 5128 5143
5144 5142 5143
5144 5145 5142
5144 5146 5145
5142 5145 5147
5146 5148 5145
5147 5145 5148
5146 5149 5148
5150 5148 5149
5147 5148 5151
5150 5152 5148
5152 5151 5148
5152 5153 5151
5143 5128 5154
5155 5143 5154
5156 5154 5128
5157 5155 5154
5156 5157 5154
5157 5158 5155
5158 5159 5155
5158 5160 5159
5128 5161 5156
5127 5161 5128
5156 5162 5157
5161 5162 5156
5157 5163 5158
5162 5163 5157
5164 5161 5127
5126 5164 5127
5158 5165 5160
5165 5166 5160
5166 5167 5160
5166 5165 5168
5168 5165 5158
5166 5168 5169
5170 5158 5163
5170 5168 5158
5169 5168 5171
5169 5171 5172
5173 5171 5168
5173 5168 5170
5170 5163 5174
5170 5174 5173
5174 5175 5173
5163 5162 5174
5174 5176 5175
5162 5176 5174
5176 5162 5177
5161 5177 5162
5178 5176 5177
5176 5178 5179
5177 5161 5180
5180 5178 5177
5161 5164 5180
5179 5178 5181
5180 5181 5178
5179 5181 5182
5182 5181 5183
5183 5181 5180
5182 5183 5184
5185 5180 5164
5185 5183 5180
5184 5183 5186
5183 5185 5186
5184 5186 5187
5185 5188 5186
5185 5189 5188
5190 5185 5164
5185 5190 5189
5190 5164 5126
5190 5191 5189
5192 5190 5126
5190 5192 5191
5126 5107 5192
5191 5192 5107
5191 5107 5108
5191 5108 5193
5194 5191 5193
5194 5195 5191
5108 5196 5193
5197 5196 5108
5198 5193 5196
5193 5198 5194
5199 5196 5197
5198 5196 5199
5200 5195 5194
5200 5201 5195
5202 5201 5200
5203 5199 5197
5197 5204 5203
5205 5203 5204
5205 5204 5206
5207 5205 5206
5207 5206 5208
5203 5209 5199
5209 5203 5205
5210 5198 5199
5210 5199 5209
5194 5211 5200
5212 5202 5200
5200 5211 5212
5198 5213 5194
5194 5213 5211
5214 5202 5212
5214 5187 5202
5215 5214 5212
5215 5212 5216
5211 5216 5212
5217 5215 5216
5198 5218 5213
5210 5218 5198
5211 5213 5219
5218 5219 5213
5217 5216 5220
5221 5217 5220
5211 5222 5216
5222 5220 5216
5221 5220 5222
5222 5211 5219
5223 5221 5222
5223 5222 5219
5224 5223 5219
5225 5224 5219
5218 5225 5219
5225 5218 5226
5226 5218 5210
5210 5227 5226
5228 5226 5227
5210 5229 5227
5210 5209 5229
5228 5227 5230
5229 5230 5227
5228 5230 5231
5232 5229 5209
5229 5232 5230
5233 5231 5230
5233 5234 5231
5235 5233 5230
5235 5230 5232
5232 5209 5236
5235 5232 5236
5209 5205 5236
5235 5236 5237
5237 5236 5205
5237 5238 5235
5237 5205 5239
5240 5238 5237
5240 5237 5239
5240 5239 5241
5242 5243 5244
5242 5244 5245
5246 5242 5245
5246 5245 5247
5246 5247 5248
5249 5250 5251
5249 5251 5252
5252 5251 5253
5252 5253 5254
5254 5253 5255
5256 5257 5258
5256 5259 5257
5260 5259 5256
5260 5261 5259
5260 5262 5261
5263 5264 5265
5263 5266 5264
5267 5266 5263
5267 5268 5266
5269 5266 5268
5264 5266 5270
5269 5270 5266
5271 5264 5270
5272 5270 5269
5273 5271 5270
5272 5273 5270
5272 5274 5273
5273 5274 5275
5274 5276 5275
5277 5276 5274
5278 5276 5277
5279 5276 5278
5279 5278 5280
5276 5281 5275
5282 5281 5276
5279 5282 5276
5282 5283 5281
5273 5275 5284
5284 5275 5285
5284 5285 5286
5287 5283 5282
5287 5288 5283
5287 5289 5288
5290 5289 5287
5282 5291 5287
5291 5290 5287
5282 5279 5291
5290 5291 5292
5291 5279 5292
5290 5292 5293
5273 5284 5294
5295 5273 5294
5295 5294 5296
5284 5286 5297
5284 5297 5294
5297 5286 5298
5297 5298 5299
5299 5294 5297
5300 5299 5298
5300 5301 5299
5299 5302 5294
5302 5299 5301
5294 5302 5296
5302 5301 5303
5303 5296 5302
5303 5304 5296
5305 5293 5292
5305 5306 5293
5307 5305 5292
5307 5292 5308
5279 5308 5292
5279 5280 5308
5308 5280 5307
5280 5309 5307
5310 5311 5312
5310 5313 5311
5313 5314 5311
5313 5315 5314
5315 5316 5314
5317 5318 5319
5317 5320 5318
5321 5320 5317
5321 5322 5320
5323 5322 5321
5323 5324 5322
5325 5324 5323
5325 5326 5324
5327 5326 5325
5327 5328 5326
5329 5328 5327
5329 5330 5328
5331 5330 5329
5331 5332 5330
5333 5332 5331
5333 5334 5332
5335 5334 5336
5335 5337 5334
5338 5337 5335
5338 5339 5337
5340 5339 5338
5340 5341 5339
5342 5341 5340
5342 5343 5341
5344 5343 5342
5344 5345 5343
5346 5345 5344
5346 5347 5345
5348 5347 5346
5348 5349 5347
5350 5349 5348
5350 5318 5349
5351 5352 5353
5351 5353 5354
5355 5356 5357
5355 5358 5356
5359 5358 5355
5359 5360 5358
5361 5360 5359
5361 5362 5360
5363 5364 5365
5363 5365 5366
5367 5368 5369
5367 5370 5368
5371 5370 5367
5371 5372 5370
5373 5372 5371
5373 5374 5372
5375 5374 5373
5375 5376 5374
5377 5376 5375
5377 5378 5376
5379 5378 5377
5379 5380 5378
5381 5380 5379
5381 5382 5380
5383 5382 5381
5383 5384 5382
5385 5384 5383
5385 5386 5384
5387 5386 5385
5387 5388 5386
5389 5390 5387
5389 5391 5390
5392 5391 5389
5392 5393 5391
5394 5393 5392
5394 5395 5393
5396 5395 5394
5396 5397 5395
5398 5399 5396
5398 5400 5399
5401 5400 5398
5401 5402 5400
5403 5402 5401
5403 5404 5402
5405 5404 5403
5405 5406 5404
5407 5406 5405
5407 5408 5406
5409 5408 5407
5409 5410 5408
5411 5412 5413
5411 5413 5414
5415 5416 5417
5415 5417 5418
5419 5420 5415
5419 5421 5420
5422 5421 5419
5422 5423 5421
5424 5423 5422
5424 5425 5423
5426 5425 5424
5426 5427 5425
5428 5427 5426
5428 5429 5427
5430 5429 5428
5430 5431 5429
5432 5433 5434
5432 5434 5435
5436 5434 5437
5436 5437 5438
5439 5440 5441
5439 5441 5442
5442 5441 5443
5442 5443 5444
5444 5443 5445
5444 5445 5446
5446 5445 5447
5446 5447 5448
5448 5447 5449
5448 5449 5450
5450 5449 5451
5450 5451 5452
5453 5454 5455
5453 5455 5456
5456 5455 5457
5456 5457 5458
5458 5457 5459
5458 5459 5460
5461 5462 5463
5461 5463 5464
5465 5466 5467
5465 5467 5468
5469 5470 5471
5472 5471 5470
5472 5473 5471
5474 5473 5472
5474 5475 5473
5476 5475 5474
5476 5477 5475
5476 5478 5477
5479 5477 5478
5479 5480 5477
5479 5481 5480
5479 5482 5481
5479 5483 5482
5484 5482 5483
5484 5483 5485
5485 5486 5484
5487 5484 5486
5487 5488 5484
5487 5489 5488
5490 5491 5492
5491 5493 5492
5491 5494 5493
5495 5493 5494
5495 5494 5496
5497 5495 5496
5497 5496 5498
5497 5498 5499
5500 5499 5498
5500 5498 5501
5500 5501 5502
5500 5502 5503
5500 5503 5504
5504 5503 5505
5504 5505 5506
5506 5505 5507
5508 5507 5505
5508 5505 5509
5508 5509 5510
5511 5512 5513
5514 5513 5512
5514 5512 5515
5516 5514 5515
5516 5515 5517
5518 5516 5517
5518 5517 5519
5518 5519 5520
5521 5520 5519
5521 5519 5522
5521 5522 5523
5521 5523 5524
5521 5524 5525
5526 5525 5524
5526 5527 5525
5527 5526 5528
5529 5528 5526
5529 5526 5530
5529 5530 5531
5532 5533 5534
5534 5533 5535
5534 5535 5536
5537 5536 5535
5537 5538 5536
5539 5538 5537
5539 5540 5538
5539 5541 5540
5542 5540 5541
5542 5543 5540
5542 5544 5543
5542 5545 5544
5542 5546 5545
5546 5547 5545
5546 5548 5547
5548 5549 5547
5550 5547 5549
5550 5551 5547
5550 5552 5551
5553 5554 5555
5553 5556 5554
5553 5557 5556
5556 5557 5558
5558 5557 5559
5559 5557 5560
5559 5560 5561
5561 5560 5562
5563 5562 5560
5562 5563 5564
5563 5565 5564
5563 5566 5565
5567 5565 5566
5567 5568 5565
5567 5566 5569
5569 5566 5570
5569 5570 5571
5571 5570 5572
5571 5572 5573
5573 5572 5574
5575 5576 5577
5578 5575 5577
5578 5577 5579
5579 5580 5578
5579 5581 5580
5581 5582 5580
5582 5583 5580
5583 5584 5580
5583 5585 5584
5585 5586 5584
5586 5587 5584
5586 5588 5587
5588 5589 5587
5588 5590 5589
5590 5591 5589
5591 5592 5589
5591 5593 5592
5593 5594 5592
5593 5595 5594
5596 5597 5598
5599 5597 5596
5599 5600 5597
5601 5600 5599
5601 5602 5600
5603 5602 5601
5603 5604 5602
5605 5604 5603
5605 5606 5604
5605 5607 5606
5605 5608 5607
5609 5607 5608
5609 5608 5610
5609 5610 5611
5609 5611 5612
5613 5611 5610
5613 5610 5614
5615 5613 5614
5612 5611 5616
5612 5616 5617
5615 5618 5613
5619 5618 5615
5620 5618 5619
5620 5621 5618
5621 5613 5618
5622 5621 5620
5621 5622 5623
5624 5611 5613
5621 5624 5613
5624 5616 5611
5621 5623 5625
5624 5621 5625
5626 5625 5623
5617 5616 5627
5617 5627 5628
5629 5628 5627
5616 5624 5630
5624 5625 5630
5616 5630 5627
5626 5631 5625
5631 5630 5625
5631 5626 5632
5629 5627 5633
5633 5634 5629
5635 5627 5630
5631 5635 5630
5635 5633 5627
5633 5636 5634
5635 5636 5633
5634 5636 5637
5631 5638 5635
5631 5632 5638
5635 5638 5636
5637 5636 5639
5636 5638 5639
5632 5639 5638
5639 5640 5637
5632 5641 5639
5640 5639 5641
5642 5643 5644
5645 5644 5643
5645 5646 5644
5645 5647 5646
5645 5648 5647
5648 5649 5647
5648 5650 5649
5651 5649 5650
5651 5652 5649
5651 5653 5652
5653 5654 5652
5655 5652 5654
5656 5655 5654
5656 5657 5655
5656 5658 5657
5656 5659 5658
5659 5660 5658
5659 5661 5660
5661 5662 5660
5661 5663 5662
5662 5663 5664
5662 5664 5665
5664 5666 5665
5666 5667 5665
5668 5669 5670
5671 5670 5669
5671 5669 5672
5671 5672 5673
5671 5673 5674
5674 5673 5675
5674 5675 5676
5677 5676 5675
5677 5675 5678
5677 5678 5679
5679 5678 5680
5681 5680 5678
5682 5680 5681
5682 5681 5683
5682 5683 5684
5682 5684 5685
5685 5684 5686
5685 5686 5687
5687 5686 5688
5687 5688 5689
5688 5690 5689
5688 5691 5690
5690 5691 5692
5692 5691 5693
5694 5695 5696
5694 5696 5697
5694 5697 5698
5698 5697 5699
5698 5699 5700
5701 5697 5696
5702 5697 5701
5702 5699 5697
5702 5701 5703
5704 5700 5699
5704 5705 5700
5699 5705 5704
5699 5706 5705
5706 5699 5707
5706 5707 5708
5706 5708 5709
5710 5707 5699
5710 5699 5702
5711 5710 5702
5711 5702 5712
5702 5703 5712
5713 5711 5712
5714 5712 5703
5713 5712 5714
5714 5703 5715
5716 5713 5714
5717 5714 5715
5716 5714 5717
5717 5715 5718
5719 5716 5717
5720 5717 5718
5719 5717 5720
5720 5718 5721
5722 5719 5720
5723 5720 5721
5722 5720 5723
5724 5725 5726
5724 5727 5725
5724 5728 5727
5729 5728 5724
5727 5728 5730
5728 5729 5731
5732 5730 5728
5732 5733 5730
5733 5732 5734
5728 5735 5732
5728 5731 5736
5728 5736 5735
5737 5736 5731
5736 5738 5735
5737 5739 5736
5736 5739 5738
5740 5739 5737
5738 5739 5741
5740 5741 5739
5738 5741 5742
5743 5741 5740
5742 5741 5744
5743 5744 5741
5742 5744 5745
5746 5744 5743
5745 5744 5747
5746 5747 5744
5745 5747 5748
5749 5747 5746
5747 5750 5748
5749 5750 5747
5751 5752 5753
5754 5751 5753
5754 5755 5751
5754 5753 5756
5754 5756 5757
5758 5757 5756
5758 5759 5757
5758 5760 5759
5758 5761 5760
5761 5762 5760
5761 5763 5762
5764 5762 5763
5764 5763 5765
5766 5764 5765
5766 5767 5764
5766 5768 5767
5766 5769 5768
5770 5771 5772
5770 5772 5773
5774 5773 5772
5774 5775 5773
5776 5775 5774
5776 5777 5775
5778 5777 5776
5778 5779 5777
5778 5780 5779
5778 5781 5780
5782 5780 5781
5782 5783 5780
5783 5782 5784
5783 5784 5785
5786 5787 5788
5786 5789 5787
5789 5790 5787
5789 5791 5790
5791 5792 5790
5791 5793 5792
5794 5792 5793
5794 5793 5795
5795 5796 5794
5795 5797 5796
5797 5798 5796
5797 5799 5798
5799 5800 5798
5799 5801 5800
5801 5802 5800
5801 5803 5802
5804 5805 5806
5804 5806 5807
5808 5807 5806
5804 5807 5809
5804 5809 5810
5811 5810 5809
5811 5812 5810
5811 5809 5813
5807 5813 5809
5814 5811 5813
5807 5815 5813
5815 5814 5813
5815 5816 5814
5808 5817 5807
5808 5818 5817
5808 5819 5818
5817 5818 5820
5817 5820 5821
5822 5821 5820
5822 5823 5821
5824 5822 5820
5824 5820 5818
5824 5825 5822
5819 5826 5818
5826 5824 5818
5827 5826 5819
5827 5824 5826
5819 5828 5827
5825 5824 5829
5827 5829 5824
5825 5829 5830
5828 5831 5827
5832 5831 5828
5832 5833 5831
5834 5833 5832
5834 5835 5833
5836 5835 5834
5836 5837 5835
5838 5837 5836
5838 5839 5837
5840 5839 5838
5835 5837 5841
5837 5842 5841
5833 5835 5843
5835 5841 5843
5842 5844 5841
5842 5845 5844
5841 5844 5846
5841 5846 5843
5833 5843 5847
5846 5847 5843
5833 5847 5848
5846 5849 5847
5849 5848 5847
5849 5850 5848
5840 5851 5839
5852 5851 5840
5853 5852 5840
5852 5853 5854
5851 5855 5839
5839 5855 5856
5857 5856 5855
5857 5858 5856
5859 5857 5855
5851 5860 5855
5859 5855 5860
5852 5860 5851
5861 5859 5860
5861 5860 5862
5852 5862 5860
5862 5863 5861
5864 5863 5862
5864 5862 5852
5864 5865 5863
5866 5852 5854
5866 5864 5852
5854 5867 5866
5868 5865 5864
5866 5868 5864
5868 5869 5865
5867 5870 5866
5871 5870 5867
5871 5872 5870
5871 5873 5872
5873 5871 5874
5873 5875 5872
5872 5875 5876
5874 5877 5873
5874 5878 5877
5879 5876 5875
5879 5880 5876
5873 5881 5875
5881 5879 5875
5881 5873 5877
5881 5882 5879
5883 5882 5881
5881 5877 5883
5884 5882 5883
5885 5884 5883
5885 5883 5886
5877 5886 5883
5887 5885 5886
5878 5888 5877
5888 5886 5877
5889 5888 5878
5890 5887 5886
5888 5890 5886
5890 5891 5887
5889 5892 5888
5889 5893 5892
5889 5894 5893
5894 5895 5893
5896 5895 5894
5897 5896 5894
5898 5896 5897
5893 5895 5899
5893 5899 5900
5899 5901 5900
5899 5902 5901
5895 5903 5899
5903 5902 5899
5903 5895 5896
5903 5904 5902
5905 5904 5903
5903 5896 5905
5905 5906 5904
5907 5906 5905
5898 5908 5896
5905 5896 5908
5909 5908 5898
5909 5910 5908
5905 5908 5911
5910 5911 5908
5907 5905 5911
5910 5912 5911
5911 5913 5907
5912 5913 5911
5913 5914 5907
5912 5915 5913
5915 5916 5913
5915 5917 5916
5918 5919 5920
5921 5920 5919
5921 5922 5920
5923 5924 5925
5924 5926 5925
5924 5927 5926
5928 5929 5930
5931 5930 5929
5931 5932 5930
5933 5934 5935
5936 5935 5934
5936 5937 5935
5938 5939 5940
5939 5941 5940
5939 5942 5941
5943 5944 5945
5943 5945 5946
5946 5947 5943
5946 5945 5948
5946 5949 5947
5946 5948 5950
5951 5949 5946
5950 5951 5946
5950 5952 5951
5953 5954 5955
5953 5955 5956
5956 5957 5953
5958 5959 5960
5959 5961 5960
5959 5962 5961
5963 5964 5965
5966 5965 5964
5966 5967 5965
5968 5969 5970
5968 5971 5969
5971 5972 5969
5971 5973 5972
5974 5975 5976
5974 5976 5977
5978 5974 5977
5979 5977 5976
5980 5977 5979
5978 5977 5981
5980 5982 5977
5981 5977 5982
5981 5982 5983
5984 5985 5986
5984 5986 5987
5988 5984 5987
5987 5986 5989
5988 5987 5990
5991 5987 5989
5992 5990 5987
5991 5993 5987
5993 5992 5987
5994 5995 5996
5997 5996 5995
5997 5998 5996
5999 6000 6001
5999 6002 6000
6002 5999 6003
6004 6000 6002
6002 6003 6005
6006 6004 6002
6002 6005 6007
6006 6002 6007
6008 6009 6010
6009 6011 6010
6009 6012 6011
6013 6014 6015
6013 6016 6014
6017 6016 6013
6017 6018 6016
6019 6018 6017
6019 6017 6020
6019 6020 6021
6019 6021 6022
6021 6023 6022
6021 6024 6023
6024 6025 6023
6024 6026 6025
6027 6028 6029
6027 6029 6030
6031 6032 6033
6031 6033 6034
6035 6036 6037
6035 6037 6038
6039 6035 6038
6039 6040 6035
6041 6040 6039
6041 6039 6042
6043 6041 6042
6043 6042 6044
6045 6043 6044
6045 6044 6046
6047 6045 6046
6047 6048 6045
6049 6050 6051
6049 6051 6052
6053 6054 6055
6053 6056 6054
6057 6056 6053
6057 6058 6056
6059 6058 6057
6059 6060 6058
6061 6062 6063
6061 6063 6064
6065 6061 6064
6065 6066 6061
6067 6066 6065
6067 6068 6066
6069 6068 6067
6069 6070 6068
6071 6070 6069
6071 6072 6070
6073 6072 6071
6073 6074 6072
6075 6076 6077
6075 6077 6078
6079 6080 6081
6079 6081 6082
6083 6084 6085
6083 6085 6086
6087 6088 6089
6087 6089 6090
6091 6092 6093
6091 6094 6092
6095 6092 6094
6095 6094 6096
6097 6095 6096
6097 6096 6098
6098 6099 6097
6098 6100 6099
6101 6102 6103
6101 6103 6104
6105 6101 6104
6105 6104 6106
6107 6105 6106
6107 6106 6108
6109 6110 6111
6109 6111 6112
6113 6114 6115
6113 6116 6114
6117 6116 6113
6117 6113 6118
6119 6117 6118
6119 6120 6117
6121 6122 6123
6121 6123 6124
6125 6121 6124
6125 6124 6126
6126 6127 6125
6126 6128 6127
6129 6130 6131
6129 6131 6132
6133 6134 6135
6133 6135 6136
6137 6138 6139
6137 6139 6140
6140 6139 6141
6140 6141 6142
6142 6141 6143
6142 6143 6144
6145 6144 6143
6145 6143 6146
6145 6146 6147
6145 6147 6148
6148 6147 6149
6148 6149 6150
6150 6149 6151
6150 6151 6152
6151 6153 6152
6151 6154 6153
6153 6154 6155
6153 6155 6156
6155 6157 6156
6155 6158 6157
6157 6158 6159
6157 6159 6160
6160 6159 6161
6160 6161 6162
6161 6163 6162
6161 6164 6163
6164 6165 6163
6164 6166 6165
6166 6167 6165
6166 6168 6167
6168 6169 6167
6168 6170 6169
6169 6170 6171
6169 6171 6172
6171 6173 6172
6171 6174 6173
6174 6175 6173
6174 6176 6175
6177 6178 6176
6177 6179 6178
6180 6179 6177
6180 6181 6179
6182 6181 6180
6182 6180 6183
6184 6182 6183
6184 6185 6182
6186 6185 6184
6186 6187 6185
6188 6187 6186
6188 6189 6187
6190 6189 6188
6190 6191 6189
6192 6191 6190
6192 6190 6193
6194 6192 6193
6194 6193 6195
6196 6194 6195
6196 6197 6194
6198 6197 6196
6198 6196 6199
6200 6198 6199
6200 6201 6198
6202 6201 6200
6202 6200 6203
6204 6202 6203
6204 6203 6205
6206 6204 6205
6206 6205 6207
6208 6206 6207
6208 6209 6206
6210 6209 6208
6210 6208 6211
6212 6210 6211
6212 6211 6213
6214 6212 6213
6214 6213 6215
6216 6217 6218
6216 6219 6217
6220 6217 6219
6216 6221 6219
6216 6222 6221
6223 6221 6222
6223 6222 6224
6223 6225 6221
6219 6221 6225
6226 6225 6223
6219 6225 6227
6227 6225 6226
6227 6226 6228
6220 6219 6229
6220 6229 6230
6220 6230 6231
6229 6232 6230
6229 6233 6232
6234 6232 6233
6234 6233 6235
6234 6236 6232
6230 6232 6236
6234 6237 6236
6231 6230 6238
6238 6230 6236
6239 6231 6238
6239 6238 6236
6231 6239 6240
6237 6241 6236
6239 6236 6241
6237 6242 6241
6240 6239 6243
6244 6240 6243
6244 6243 6245
6246 6244 6245
6246 6245 6247
6248 6246 6247
6248 6247 6249
6250 6248 6249
6250 6249 6251
6252 6250 6251
6247 6253 6249
6249 6253 6254
6245 6255 6247
6247 6255 6253
6254 6253 6256
6254 6256 6257
6253 6258 6256
6253 6255 6258
6245 6259 6255
6258 6255 6259
6245 6260 6259
6258 6259 6261
6261 6259 6260
6261 6260 6262
6252 6251 6263
6252 6263 6264
6265 6252 6264
6264 6266 6265
6263 6251 6267
6251 6268 6267
6269 6267 6268
6269 6268 6270
6271 6267 6269
6263 6267 6272
6271 6272 6267
6264 6263 6272
6273 6272 6271
6273 6274 6272
6264 6272 6274
6274 6273 6275
6276 6274 6275
6264 6274 6276
6276 6275 6277
6278 6266 6264
6278 6264 6276
6266 6278 6279
6280 6276 6277
6278 6276 6280
6280 6277 6281
6279 6278 6282
6283 6279 6282
6283 6282 6284
6283 6284 6285
6285 6286 6283
6285 6284 6287
6284 6288 6287
6286 6285 6289
6286 6289 6290
6291 6287 6288
6291 6288 6292
6285 6287 6293
6293 6287 6291
6289 6285 6293
6293 6291 6294
6295 6293 6294
6289 6293 6295
6296 6295 6294
6297 6295 6296
6297 6298 6295
6289 6295 6298
6299 6298 6297
6290 6289 6300
6300 6289 6298
6301 6290 6300
6302 6298 6299
6300 6298 6302
6302 6299 6303
6301 6300 6304
6301 6304 6305
6301 6305 6306
6306 6305 6307
6307 6308 6306
6308 6309 6306
6310 6309 6308
6305 6311 6307
6305 6312 6311
6311 6312 6313
6311 6313 6314
6307 6311 6315
6315 6311 6314
6315 6308 6307
6315 6314 6316
6317 6315 6316
6315 6317 6308
6317 6316 6318
6319 6317 6318
6310 6308 6320
6317 6320 6308
6321 6310 6320
6321 6320 6322
6317 6323 6320
6322 6320 6323
6319 6323 6317
6322 6323 6324
6323 6319 6325
6324 6323 6325
6325 6319 6326
6324 6325 6327
6327 6325 6328
6327 6328 6329
6330 6331 6332
6333 6332 6331
6333 6331 6334
6335 6336 6337
6337 6336 6338
6337 6338 6339
6340 6341 6342
6343 6342 6341
6343 6341 6344
6345 6346 6347
6348 6347 6346
6348 6346 6349
6350 6351 6352
6352 6351 6353
6352 6353 6354
6355 6356 6357
6355 6358 6356
6358 6355 6359
6358 6360 6356
6358 6359 6361
6358 6362 6360
6363 6358 6361
6362 6358 6363
6362 6363 6364
6365 6366 6367
6365 6368 6366
6368 6365 6369
6370 6371 6372
6372 6371 6373
6372 6373 6374
6375 6376 6377
6378 6377 6376
6378 6376 6379
6380 6381 6382
6380 6382 6383
6383 6382 6384
6383 6384 6385
6386 6387 6388
6386 6389 6387
6390 6389 6386
6391 6387 6389
6392 6391 6389
6390 6393 6389
6392 6389 6394
6393 6394 6389
6393 6395 6394
6396 6397 6398
6396 6399 6397
6400 6399 6396
6399 6401 6397
6400 6402 6399
6403 6401 6399
6399 6402 6404
6403 6399 6405
6405 6399 6404
6406 6407 6408
6409 6408 6407
6409 6407 6410
6411 6412 6413
6411 6413 6414
6414 6415 6411
6416 6414 6413
6414 6417 6415
6418 6414 6416
6414 6419 6417
6418 6419 6414
6420 6421 6422
6422 6421 6423
6422 6423 6424
6425 6426 6427
6425 6427 6428
6429 6430 6431
6429 6431 6432
6433 6434 6435
6433 6436 6434
6437 6436 6433
6437 6433 6438
6439 6437 6438
6439 6440 6437
6441 6440 6439
6441 6442 6440
6443 6442 6441
6443 6444 6442
6445 6444 6443
6445 6443 6446
6447 6448 6449
6447 6449 6450
6451 6452 6453
6451 6453 6454
6455 6451 6454
6455 6454 6456
6457 6455 6456
6457 6456 6458
6459 6460 6461
6459 6462 6460
6463 6462 6459
6463 6459 6464
6465 6463 6464
6465 6464 6466
6467 6465 6466
6467 6466 6468
6469 6467 6468
6469 6468 6470
6471 6469 6470
6471 6470 6472
6473 6474 6475
6473 6475 6476
6477 6478 6479
6477 6479 6480
6481 6482 6483
6481 6483 6484
6485 6486 6487
6485 6487 6488
6489 6490 6491
6489 6492 6490
6493 6492 6489
6493 6494 6492
6495 6494 6493
6495 6496 6494
6497 6496 6495
6497 6498 6496
6499 6500 6501
6499 6502 6500
6503 6502 6499
6503 6504 6502
6505 6504 6503
6505 6506 6504
6507 6508 6509
6507 6509 6510
6511 6512 6513
6511 6513 6514
6515 6511 6514
6515 6516 6511
6517 6516 6515
6517 6515 6518
6519 6520 6521
6519 6522 6520
6523 6522 6519
6523 6524 6522
6525 6524 6523
6525 6526 6524
6527 6528 6529
6527 6529 6530
6531 6532 6533
6531 6533 6534
6535 6536 6537
6535 6537 6538
6538 6537 6539
6538 6539 6540
6540 6539 6541
6540 6541 6542
6542 6541 6543
6542 6543 6544
6545 6544 6543
6545 6546 6544
6547 6548 6535
6547 6549 6548
6550 6549 6547
6550 6551 6549
6552 6553 6550
6552 6554 6553
6552 6555 6554
6552 6556 6555
6557 6555 6556
6558 6559 6560
6558 6560 6561
6562 6561 6560
6562 6563 6561
6563 6562 6564
6563 6564 6565
6565 6564 6566
6565 6566 6567
6568 6567 6566
6568 6566 6569
6570 6568 6569
6571 6572 6573
6571 6574 6572
6571 6575 6574
6575 6576 6574
6577 6578 6579
6577 6579 6580
6581 6577 6580
6581 6580 6582
6581 6582 6583
6577 6581 6584
6585 6581 6583
6585 6583 6586
6585 6586 6587
6588 6585 6587
6588 6587 6589
6588 6589 6590
6588 6590 6591
6592 6588 6591
6592 6591 6593
6594 6592 6593
6595 6585 6588
6595 6596 6585
6581 6585 6596
6597 6596 6595
6598 6584 6581
6581 6596 6598
6597 6599 6596
6599 6598 6596
6600 6599 6597
6598 6601 6584
6602 6584 6601
6600 6603 6599
6604 6603 6600
6599 6605 6598
6601 6598 6605
6605 6599 6603
6602 6601 6606
6602 6606 6607
6604 6608 6603
6608 6604 6609
6601 6605 6610
6610 6606 6601
6611 6607 6606
6610 6611 6606
6611 6612 6607
6605 6603 6613
6613 6610 6605
6608 6613 6603
6612 6611 6614
6612 6614 6615
6611 6610 6616
6613 6616 6610
6611 6616 6614
6608 6617 6613
6617 6616 6613
6615 6614 6618
6615 6618 6619
6614 6616 6620
6617 6620 6616
6614 6620 6618
6621 6617 6608
6608 6609 6621
6622 6619 6618
6622 6623 6619
6620 6617 6624
6621 6624 6617
6625 6618 6620
6625 6622 6618
6620 6624 6625
6623 6622 6626
6623 6626 6627
6628 6627 6626
6629 6624 6621
6609 6629 6621
6625 6624 6630
6629 6630 6624
6622 6625 6631
6622 6631 6626
6625 6630 6631
6632 6628 6626
6632 6626 6631
6633 6631 6630
6633 6632 6631
6634 6630 6629
6634 6633 6630
6635 6628 6632
6635 6636 6628
6635 6637 6636
6632 6633 6638
6632 6638 6635
6635 6639 6637
6639 6635 6638
6639 6640 6637
6640 6639 6641
6641 6639 6642
6639 6643 6642
6639 6638 6643
6638 6633 6643
6643 6633 6634
6629 6644 6634
6609 6644 6629
6634 6645 6643
6644 6645 6634
6645 6646 6643
6644 6647 6645
6647 6646 6645
6609 6647 6644
6647 6648 6646
6648 6647 6649
6609 6649 6647
6648 6649 6650
6651 6649 6609
6652 6651 6609
6653 6651 6652
6650 6649 6654
6651 6654 6649
6650 6654 6655
6653 6656 6651
6656 6654 6651
6656 6653 6657
6655 6654 6658
6656 6658 6654
6655 6658 6659
6656 6657 6660
6660 6658 6656
6660 6657 6661
6659 6658 6662
6660 6662 6658
6659 6662 6663
6660 6661 6664
6664 6662 6660
6664 6661 6665
6663 6662 6666
6664 6666 6662
6663 6666 6667
6664 6665 6668
6668 6666 6664
6667 6666 6669
6668 6669 6666
6667 6669 6670
6665 6671 6668
6671 6669 6668
6665 6672 6671
6673 6671 6672
6670 6669 6674
6671 6674 6669
6670 6674 6675
6671 6676 6674
6675 6674 6676
6671 6673 6676
6675 6676 6677
6678 6677 6676
6678 6679 6677
6678 6680 6679
6678 6681 6680
6681 6682 6680
6683 6676 6673
6683 6678 6676
6681 6684 6682
6685 6682 6684
6686 6685 6684
6687 6686 6684
6684 6681 6687
6681 6688 6687
6688 6689 6687
6681 6690 6688
6691 6690 6681
6692 6691 6681
6678 6692 6681
6678 6683 6693
6678 6693 6694
6678 6694 6695
6678 6695 6692
6695 6696 6692
6695 6697 6696
6698 6699 6683
6698 6683 6700
6683 6673 6700
6673 6701 6700
6673 6702 6701
6701 6702 6703
6702 6704 6703
6705 6706 6707
6705 6707 6708
6709 6705 6708
6709 6708 6710
6711 6709 6710
6712 6713 6714
6712 6714 6715
6715 6716 6712
6717 6715 6714
6717 6714 6718
6715 6719 6716
6717 6719 6715
6716 6719 6720
6716 6720 6721
6720 6722 6721
6723 6717 6718
6723 6718 6724
6723 6724 6725
6717 6726 6719
6720 6719 6726
6723 6725 6727
6727 6725 6728
6729 6717 6723
6729 6726 6717
6723 6727 6730
6723 6730 6729
6728 6731 6727
6728 6732 6731
6731 6733 6727
6731 6734 6733
6735 6730 6727
6735 6727 6733
6734 6736 6733
6734 6737 6736
6738 6736 6737
6738 6739 6736
6736 6739 6740
6741 6733 6736
6736 6740 6741
6741 6735 6733
6740 6742 6741
6743 6730 6735
6743 6735 6741
6742 6744 6741
6743 6741 6744
6742 6745 6744
6743 6746 6730
6746 6729 6730
6746 6747 6729
6747 6726 6729
6747 6748 6726
6720 6726 6748
6749 6720 6748
6720 6749 6722
6750 6748 6747
6749 6748 6750
6751 6747 6746
6750 6747 6751
6752 6746 6743
6751 6746 6752
6753 6743 6744
6752 6743 6753
6754 6744 6745
6753 6744 6754
6722 6749 6755
6722 6755 6756
6755 6749 6757
6749 6750 6757
6755 6757 6758
6758 6757 6759
6758 6759 6760
6761 6759 6757
6761 6757 6750
6761 6750 6751
6761 6751 6762
6762 6751 6752
6762 6752 6763
6753 6763 6752
6753 6764 6763
6764 6753 6754
6764 6754 6765
6765 6754 6766
6765 6766 6767
6767 6766 6768
6767 6768 6769
6766 6770 6768
6754 6771 6766
6766 6771 6770
6754 6745 6771
6771 6772 6770
6771 6745 6772
6773 6774 6775
6773 6776 6774
6776 6773 6777
6778 6774 6776
6779 6774 6778
6779 6778 6780
6776 6780 6778
6779 6780 6781
6776 6777 6782
6776 6782 6780
6782 6777 6783
6784 6781 6780
6784 6785 6781
6786 6785 6784
6782 6783 6787
6787 6783 6788
6782 6789 6780
6780 6789 6784
6786 6784 6790
6791 6786 6790
6792 6789 6782
6787 6792 6782
6789 6793 6784
6793 6790 6784
6793 6789 6792
6787 6788 6794
6794 6788 6795
6794 6795 6796
6796 6795 6797
6794 6798 6787
6798 6792 6787
6796 6798 6794
6792 6798 6799
6791 6790 6800
6801 6791 6800
6800 6802 6801
6803 6801 6802
6790 6804 6800
6793 6804 6790
6793 6792 6805
6805 6792 6799
6805 6804 6793
6804 6806 6800
6800 6806 6802
6805 6807 6804
6807 6805 6799
6806 6804 6807
6796 6808 6798
6799 6798 6808
6803 6802 6809
6803 6809 6810
6811 6810 6809
6811 6812 6810
6812 6811 6813
6809 6802 6814
6811 6809 6814
6813 6815 6812
6815 6816 6812
6817 6816 6815
6817 6818 6816
6818 6817 6819
6818 6819 6820
6819 6821 6820
6802 6822 6814
6811 6814 6823
6822 6823 6814
6811 6824 6813
6811 6823 6824
6802 6825 6822
6806 6825 6802
6826 6825 6806
6806 6807 6826
6827 6822 6825
6827 6825 6826
6828 6826 6807
6807 6799 6828
6829 6827 6826
6828 6829 6826
6830 6813 6824
6824 6823 6831
6824 6831 6830
6822 6832 6823
6833 6822 6827
6833 6832 6822
6834 6823 6832
6834 6831 6823
6832 6833 6835
6832 6835 6834
6833 6836 6835
6827 6837 6833
6833 6837 6836
6829 6838 6827
6837 6827 6838
6834 6835 6839
6835 6836 6839
6834 6840 6831
6841 6840 6834
6834 6839 6841
6831 6840 6842
6841 6839 6843
6839 6844 6843
6842 6830 6831
6839 6845 6844
6836 6845 6839
6844 6845 6846
6842 6847 6830
6842 6848 6847
6847 6848 6849
6830 6847 6850
6830 6850 6851
6830 6851 6813
6852 6851 6850
6813 6851 6852
6852 6850 6853
6853 6854 6852
6854 6855 6852
6856 6813 6852
6856 6852 6855
6857 6856 6855
6856 6815 6813
6858 6856 6857
6856 6859 6815
6858 6859 6856
6859 6817 6815
6859 6858 6860
6817 6859 6860
6860 6858 6861
6860 6819 6817
6862 6860 6861
6819 6860 6862
6862 6861 6863
6864 6862 6863
6819 6862 6864
6864 6863 6865
6866 6819 6864
6866 6864 6867
6819 6866 6821
6821 6866 6867
6821 6867 6868
6869 6868 6867
6864 6865 6870
6871 6870 6865
6871 6865 6872
6872 6873 6871
6872 6874 6873
6874 6875 6873
6874 6876 6875
6875 6876 6877
6875 6877 6878
6878 6879 6875
6878 6880 6879
6873 6875 6881
6881 6875 6879
6882 6871 6873
6873 6881 6882
6883 6870 6871
6882 6883 6871
6864 6870 6884
6883 6884 6870
6885 6879 6880
6885 6880 6886
6879 6887 6881
6887 6879 6885
6886 6888 6885
6886 6889 6888
6890 6888 6889
6890 6891 6888
6887 6885 6892
6892 6885 6888
6891 6893 6888
6892 6888 6893
6891 6894 6893
6881 6887 6895
6895 6887 6892
6893 6894 6896
6897 6896 6894
6898 6892 6893
6895 6892 6898
6898 6893 6896
6899 6881 6895
6882 6881 6899
6898 6900 6895
6900 6899 6895
6901 6898 6896
6898 6901 6900
6897 6902 6896
6901 6896 6902
6903 6902 6897
6903 6901 6902
6903 6897 6904
6903 6905 6901
6900 6901 6905
6904 6906 6903
6906 6905 6903
6907 6906 6904
6907 6908 6906
6908 6909 6906
6906 6909 6905
6908 6910 6909
6900 6905 6911
6911 6905 6909
6910 6912 6909
6910 6913 6912
6911 6914 6900
6900 6914 6899
6911 6909 6915
6909 6912 6915
6916 6912 6913
6916 6913 6917
6918 6916 6917
6919 6916 6918
6920 6919 6918
6915 6921 6911
6911 6921 6914
6912 6922 6915
6912 6916 6922
6915 6922 6921
6916 6923 6922
6922 6923 6921
6919 6923 6916
6921 6923 6924
6921 6924 6914
6923 6919 6924
6914 6925 6899
6914 6924 6925
6882 6899 6925
6925 6924 6926
6919 6926 6924
6882 6925 6927
6927 6925 6926
6883 6882 6927
6927 6884 6883
6928 6927 6926
6927 6928 6884
6919 6929 6926
6928 6926 6929
6919 6930 6929
6920 6930 6919
6920 6931 6930
6931 6929 6930
6920 6932 6931
6928 6929 6933
6931 6933 6929
6928 6934 6884
6934 6928 6933
6932 6935 6931
6932 6936 6935
6934 6937 6884
6864 6884 6937
6864 6937 6867
6867 6937 6934
6867 6934 6938
6933 6938 6934
6938 6869 6867
6938 6939 6869
6938 6933 6939
6939 6940 6869
6939 6941 6940
6942 6941 6939
6931 6943 6933
6933 6943 6939
6942 6939 6943
6943 6931 6935
6942 6943 6944
6945 6944 6943
6935 6945 6943
6945 6946 6944
6935 6947 6945
6935 6936 6947
6936 6948 6947
6949 6947 6948
6950 6946 6945
6950 6945 6947
6949 6950 6947
6946 6950 6951
6950 6952 6951
6949 6953 6950
6950 6953 6952
6952 6953 6954
6949 6955 6953
6953 6956 6954
6955 6956 6953
6955 6957 6956
6958 6959 6960
6958 6960 6961
6962 6961 6960
6963 6958 6961
6963 6964 6958
6963 6965 6964
6962 6966 6961
6967 6966 6962
6961 6968 6963
6968 6961 6966
6963 6969 6965
6968 6969 6963
6967 6970 6966
6971 6970 6967
6971 6972 6970
6969 6973 6965
6965 6973 6974
6969 6975 6973
6976 6973 6975
6977 6976 6975
6969 6978 6975
6968 6978 6969
6968 6966 6979
6979 6966 6970
6970 6972 6980
6972 6981 6980
6980 6981 6982
6983 6980 6982
6970 6980 6984
6984 6980 6983
6979 6970 6984
6984 6983 6985
6985 6979 6984
6985 6983 6986
6987 6968 6979
6985 6987 6979
6987 6978 6968
6986 6987 6985
6988 6975 6978
6988 6978 6987
6986 6988 6987
6975 6988 6989
6988 6986 6990
6991 6989 6988
6988 6990 6991
6991 6990 6992
6991 6992 6993
6977 6991 6993
6994 6993 6992
6977 6993 6994
6995 6976 6996
6996 6997 6998
6999 7000 6997
6999 6974 7000
6999 7001 6974
7002 7003 7004
7005 7004 7003
7006 7004 7005
7007 7004 7006
7005 7008 7006
7008 7007 7006
7007 7009 7004
7005 7010 7008
7007 7011 7009
7010 7012 7008
7010 7013 7012
7014 7012 7013
7014 7013 7015
7016 7012 7014
7008 7012 7016
7015 7017 7014
7014 7017 7016
7015 7018 7017
7019 7017 7018
7019 7018 7020
7007 7021 7011
7021 7022 7011
7023 7022 7021
7022 7023 7024
7023 7025 7024
7026 7021 7007
7023 7021 7026
7023 7027 7025
7027 7028 7025
7029 7028 7027
7030 7017 7019
7016 7017 7030
7031 7026 7007
7008 7031 7007
7032 7031 7008
7032 7008 7016
7032 7026 7031
7023 7026 7033
7033 7027 7023
7029 7027 7034
7035 7029 7034
7036 7016 7030
7036 7032 7016
7032 7037 7026
7033 7026 7037
7033 7038 7027
7038 7034 7027
7035 7034 7039
7040 7035 7039
7032 7036 7041
7032 7041 7037
7033 7037 7042
7042 7038 7033
7042 7037 7041
7043 7036 7030
7043 7041 7036
7043 7030 7044
7019 7044 7030
7019 7045 7044
7020 7045 7019
7020 7046 7045
7020 7047 7046
7046 7047 7048
7043 7049 7041
7050 7041 7049
7042 7041 7050
7050 7049 7051
7050 7052 7042
7042 7052 7038
7053 7050 7051
7050 7053 7052
7053 7051 7054
7054 7055 7053
7056 7038 7052
7038 7056 7034
7034 7056 7039
7053 7057 7052
7056 7052 7057
7055 7058 7053
7053 7058 7057
7059 7039 7056
7059 7040 7039
7060 7040 7059
7061 7060 7059
7055 7062 7058
7055 7063 7062
7058 7064 7057
7058 7062 7064
7057 7065 7056
7059 7056 7065
7057 7064 7065
7066 7061 7059
7065 7066 7059
7066 7067 7061
7066 7068 7067
7063 7069 7062
7064 7062 7069
7063 7070 7069
7071 7069 7070
7071 7070 7072
7071 7072 7073
7074 7066 7065
7074 7065 7064
7066 7075 7068
7074 7075 7066
7068 7075 7076
7077 7076 7075
7078 7077 7075
7074 7078 7075
7078 7079 7077
7080 7064 7069
7080 7074 7064
7081 7078 7074
7081 7074 7080
7079 7078 7082
7081 7082 7078
7079 7082 7083
7082 7084 7083
7085 7080 7069
7081 7080 7085
7085 7069 7071
7082 7086 7084
7081 7086 7082
7086 7087 7084
7085 7088 7081
7086 7081 7088
7085 7089 7088
7071 7089 7085
7071 7090 7089
7091 7090 7071
7071 7073 7091
7073 7092 7091
7073 7093 7092
7093 7094 7092
7086 7088 7095
7086 7095 7087
7095 7096 7087
7095 7097 7096
7095 7098 7097
7097 7098 7099
7098 7100 7099
7098 7095 7101
7098 7102 7100
7103 7100 7102
7102 7104 7103
7098 7101 7105
7105 7102 7098
7102 7106 7104
7105 7106 7102
7106 7107 7104
7106 7108 7107
7108 7109 7107
7110 7109 7108
7111 7108 7106
7105 7111 7106
7110 7108 7112
7111 7112 7108
7112 7113 7110
7114 7105 7101
7114 7101 7115
7113 7112 7116
7113 7116 7117
7117 7116 7118
7119 7116 7112
7111 7119 7112
7118 7116 7120
7119 7120 7116
7118 7120 7121
7120 7122 7121
7105 7123 7111
7105 7114 7123
7124 7114 7115
7124 7115 7125
7120 7126 7122
7126 7127 7122
7127 7126 7128
7128 7126 7129
7128 7129 7130
7131 7130 7129
7129 7132 7131
7133 7126 7120
7133 7129 7126
7119 7133 7120
7114 7134 7123
7114 7124 7134
7129 7135 7132
7135 7136 7132
7137 7136 7135
7138 7129 7133
7138 7135 7129
7139 7137 7135
7139 7140 7137
7141 7140 7139
7123 7134 7142
7123 7142 7111
7142 7119 7111
7143 7133 7119
7143 7119 7142
7144 7135 7138
7144 7139 7135
7139 7145 7141
7146 7141 7145
7133 7147 7138
7133 7143 7147
7148 7147 7143
7149 7143 7142
7148 7143 7149
7150 7138 7147
7150 7144 7138
7139 7144 7151
7139 7151 7145
7152 7146 7145
7152 7153 7146
7152 7154 7153
7149 7142 7155
7134 7155 7142
7156 7149 7155
7148 7149 7156
7156 7155 7157
7157 7155 7134
7157 7134 7158
7124 7158 7134
7124 7159 7158
7159 7124 7125
7125 7160 7159
7125 7161 7160
7161 7162 7160
7161 7163 7162
7163 7164 7162
7165 7148 7156
7148 7165 7166
7148 7166 7167
7167 7166 7168
7167 7169 7148
7147 7148 7169
7150 7147 7169
7167 7150 7169
7167 7168 7170
7150 7167 7170
7171 7170 7168
7150 7170 7172
7144 7150 7172
7144 7172 7151
7173 7172 7170
7173 7151 7172
7171 7174 7170
7173 7170 7174
7171 7175 7174
7171 7176 7175
7173 7177 7151
7173 7178 7177
7177 7145 7151
7177 7152 7145
7178 7152 7177
7174 7179 7173
7174 7175 7179
7173 7179 7178
7180 7175 7176
7180 7176 7181
7178 7182 7152
7152 7182 7183
7182 7184 7183
7184 7182 7178
7184 7185 7183
7183 7185 7186
7184 7178 7187
7187 7178 7188
7178 7179 7188
7187 7188 7189
7190 7189 7188
7179 7190 7188
7190 7191 7189
7190 7179 7192
7191 7190 7192
7179 7175 7192
7191 7192 7193
7175 7180 7192
7180 7193 7192
7180 7194 7193
7194 7180 7181
7194 7181 7195
7194 7195 7196
7195 7197 7196
7198 7199 7200
7198 7201 7199
7201 7198 7202
7203 7199 7201
7203 7204 7199
7201 7202 7205
7203 7201 7205
7202 7206 7205
7202 7207 7206
7206 7207 7208
7209 7204 7203
7209 7210 7204
7209 7211 7210
7203 7205 7212
7206 7212 7205
7209 7213 7211
7213 7214 7211
7215 7209 7203
7215 7203 7212
7209 7216 7213
7209 7215 7216
7214 7213 7217
7214 7217 7218
7217 7213 7219
7217 7219 7220
7221 7213 7216
7221 7219 7213
7220 7219 7222
7220 7222 7223
7224 7223 7222
7224 7222 7225
7222 7226 7225
7227 7222 7219
7222 7227 7226
7227 7219 7221
7226 7227 7228
7229 7221 7216
7229 7227 7221
7228 7227 7230
7229 7230 7227
7228 7230 7231
7229 7216 7232
7232 7216 7215
7232 7215 7233
7233 7215 7212
7233 7212 7234
7206 7234 7212
7235 7234 7206
7206 7208 7235
7233 7234 7236
7235 7236 7234
7237 7232 7233
7233 7236 7237
7238 7229 7232
7237 7238 7232
7239 7230 7229
7238 7239 7229
7240 7231 7230
7239 7240 7230
7208 7241 7235
7208 7242 7241
7241 7243 7235
7235 7243 7236
7241 7244 7243
7244 7245 7243
7244 7246 7245
7247 7243 7245
7247 7236 7243
7247 7237 7236
7247 7248 7237
7248 7238 7237
7248 7249 7238
7239 7238 7249
7239 7249 7250
7250 7240 7239
7250 7251 7240
7251 7252 7240
7251 7253 7252
7253 7254 7252
7253 7255 7254
7252 7254 7256
7240 7252 7257
7252 7256 7257
7240 7257 7231
7257 7256 7258
7257 7258 7231
7259 7260 7261
7259 7261 7262
7262 7263 7259
7264 7262 7261
7265 7264 7261
7265 7266 7264
7262 7264 7266
7265 7267 7266
7262 7268 7263
7262 7266 7268
7268 7269 7263
7270 7266 7267
7270 7267 7271
7272 7270 7271
7268 7273 7269
7273 7274 7269
7268 7266 7275
7266 7270 7275
7272 7276 7270
7277 7276 7272
7268 7275 7278
7273 7268 7278
7273 7278 7279
7273 7280 7274
7280 7273 7279
7281 7280 7279
7280 7282 7274
7280 7281 7282
7281 7283 7282
7275 7270 7284
7284 7270 7276
7284 7278 7275
7277 7285 7276
7286 7285 7277
7285 7286 7287
7288 7287 7286
7284 7276 7289
7276 7285 7289
7284 7290 7278
7290 7284 7289
7285 7291 7289
7285 7287 7291
7290 7292 7278
7292 7279 7278
7290 7289 7293
7291 7293 7289
7293 7292 7290
7288 7294 7287
7288 7295 7294
7296 7294 7295
7296 7295 7297
7297 7298 7296
7294 7299 7287
7296 7299 7294
7298 7297 7300
7300 7297 7301
7302 7300 7301
7302 7301 7303
7304 7302 7303
7304 7303 7305
7304 7305 7306
7287 7299 7307
7296 7308 7299
7307 7299 7308
7298 7309 7296
7296 7309 7308
7287 7307 7310
7291 7287 7310
7311 7291 7310
7291 7311 7293
7312 7310 7307
7312 7311 7310
7313 7293 7311
7293 7313 7292
7314 7311 7312
7313 7311 7314
7313 7315 7292
7279 7292 7315
7316 7309 7298
7309 7317 7308
7309 7316 7317
7307 7308 7318
7319 7312 7307
7319 7307 7318
7320 7318 7308
7320 7308 7317
7318 7321 7319
7318 7320 7321
7319 7321 7322
7312 7319 7323
7319 7322 7323
7320 7324 7321
7321 7324 7322
7323 7325 7312
7314 7312 7325
7320 7317 7326
7327 7320 7326
7320 7327 7324
7317 7328 7326
7327 7329 7324
7324 7329 7330
7328 7317 7316
7324 7330 7331
7324 7331 7322
7330 7332 7331
7328 7316 7333
7328 7333 7334
7333 7335 7334
7316 7336 7333
7316 7337 7336
7316 7298 7337
7338 7336 7337
7338 7337 7298
7338 7339 7336
7339 7338 7340
7338 7341 7340
7342 7338 7298
7341 7338 7342
7343 7341 7342
7342 7298 7300
7344 7343 7342
7342 7300 7345
7344 7342 7345
7345 7300 7302
7345 7346 7344
7302 7346 7345
7346 7347 7344
7346 7302 7304
7348 7347 7346
7304 7348 7346
7348 7349 7347
7350 7349 7348
7350 7348 7304
7350 7351 7349
7352 7350 7304
7352 7353 7350
7304 7306 7352
7306 7353 7352
7306 7354 7353
7353 7354 7355
7350 7356 7351
7357 7351 7356
7357 7358 7351
7358 7357 7359
7358 7359 7360
7360 7359 7361
7360 7361 7362
7361 7363 7362
7361 7364 7363
7364 7361 7365
7364 7365 7366
7359 7367 7361
7367 7365 7361
7368 7359 7357
7359 7368 7367
7369 7357 7356
7368 7357 7369
7370 7356 7350
7369 7356 7370
7371 7366 7365
7371 7372 7366
7365 7367 7373
7373 7371 7365
7372 7371 7374
7372 7374 7375
7376 7375 7374
7376 7374 7377
7373 7378 7371
7378 7374 7371
7377 7374 7379
7378 7379 7374
7377 7379 7380
7381 7373 7367
7381 7378 7373
7382 7379 7378
7381 7382 7378
7379 7383 7380
7382 7383 7379
7384 7380 7383
7385 7381 7367
7368 7385 7367
7382 7381 7386
7386 7381 7385
7387 7383 7382
7382 7386 7387
7384 7383 7388
7387 7388 7383
7384 7388 7389
7389 7388 7387
7384 7389 7390
7389 7387 7391
7386 7391 7387
7392 7390 7389
7392 7389 7391
6907 7390 7392
6907 7392 7393
7393 7392 7394
7392 7391 7394
7393 7394 7395
7386 7396 7391
7396 7394 7391
7386 7385 7397
7396 7386 7397
7395 7394 7398
7395 7398 7399
7396 7400 7394
7394 7400 7398
7401 7399 7398
7401 7402 7399
7403 7402 7401
7404 7403 7401
7405 7403 7404
7400 7396 7406
7396 7397 7406
7398 7400 7407
7398 7407 7401
7400 7406 7407
7401 7407 7408
7407 7406 7408
7404 7401 7408
7406 7409 7408
7406 7397 7409
7408 7409 7404
7397 7410 7409
7397 7385 7410
7368 7410 7385
7411 7409 7410
7409 7411 7404
7412 7410 7368
7412 7411 7410
7369 7412 7368
7412 7369 7370
7413 7411 7412
7412 7370 7413
7404 7411 7414
7413 7414 7411
7404 7414 7415
7405 7404 7415
7405 7415 7416
7416 7415 7414
7405 7416 7417
7414 7413 7418
7416 7414 7418
7413 7370 7419
7413 7419 7418
7417 7416 7420
7417 7420 7421
7370 7422 7419
7370 7350 7422
7353 7422 7350
7353 7419 7422
7353 7423 7419
7418 7419 7423
7423 7353 7355
7423 7355 7424
7423 7424 7418
7424 7355 7425
7424 7425 7426
7427 7424 7426
7416 7418 7428
7418 7424 7428
7427 7428 7424
7428 7420 7416
7427 7429 7428
7430 7428 7429
7420 7428 7430
7430 7429 7431
7420 7430 7432
7420 7432 7421
7421 7432 7433
7434 7433 7432
7435 7430 7431
7435 7432 7430
7434 7432 7435
7431 7436 7435
7435 7436 7437
7434 7435 7438
7435 7437 7438
7437 7439 7438
7434 7438 7440
7438 7439 7441
7440 7438 7441
7440 7441 7442
7443 7444 7445
7443 7445 7446
7447 7443 7446
7448 7446 7445
7448 7445 7449
7448 7449 7450
7447 7446 7451
7452 7447 7451
7446 7448 7453
7453 7451 7446
7448 7450 7454
7453 7448 7454
7452 7451 7455
7456 7452 7455
7456 7455 7457
7454 7450 7458
7450 7459 7458
7454 7458 7460
7460 7458 7461
7460 7461 7462
7454 7460 7463
7453 7454 7463
7453 7464 7451
7464 7455 7451
7455 7465 7457
7457 7465 7466
7467 7466 7465
7468 7467 7465
7455 7469 7465
7469 7468 7465
7464 7469 7455
7469 7470 7468
7470 7469 7464
7470 7471 7468
7472 7464 7453
7470 7464 7472
7472 7453 7463
7471 7470 7472
7473 7463 7460
7473 7472 7463
7471 7472 7473
7473 7474 7471
7460 7475 7473
7473 7476 7474
7476 7473 7475
7476 7477 7474
7478 7476 7475
7476 7478 7477
7479 7478 7475
7479 7477 7478
7461 7480 7481
7481 7482 7483
7484 7483 7485
7484 7485 7459
7486 7484 7459
7332 7487 7488
7489 7332 7488
7489 7490 7332
7332 7490 7491
7332 7491 7331
7322 7331 7491
7490 7492 7491
7322 7491 7492
7492 7490 7493
7492 7494 7322
7494 7492 7493
7495 7494 7493
7494 7323 7322
7494 7495 7496
7494 7497 7323
7497 7494 7496
7497 7325 7323
7498 7497 7496
7499 7325 7497
7498 7499 7497
7500 7499 7498
7499 7314 7325
7499 7500 7501
7502 7314 7499
7499 7501 7502
7502 7313 7314
7502 7501 7503
7313 7502 7504
7502 7503 7504
7313 7504 7315
7504 7503 7505
7503 7506 7505
7507 7505 7506
7508 7315 7504
7504 7505 7508
7315 7508 7509
7315 7509 7279
7505 7510 7508
7510 7509 7508
7507 7511 7505
7510 7505 7511
7509 7512 7279
7281 7279 7512
7510 7513 7509
7513 7512 7509
7511 7513 7510
7281 7512 7513
7507 7514 7511
7514 7507 7515
7511 7516 7513
7281 7513 7516
7514 7516 7511
7517 7514 7515
7514 7517 7516
7517 7515 7518
7519 7281 7516
7517 7519 7516
7519 7517 7518
7281 7519 7283
7519 7518 7520
7519 7520 7283
7521 7522 7523
7521 7523 7524
7525 7521 7524
7525 7524 7526
7527 7524 7523
7527 7526 7524
7527 7528 7526
7527 7523 7529
7527 7530 7528
7529 7531 7527
7527 7531 7530
7529 7532 7531
7533 7530 7531
7534 7531 7532
7533 7531 7534
7534 7532 7535
7536 7533 7534
7537 7534 7535
7536 7534 7537
7537 7535 7538
7537 7539 7536
7538 7540 7537
7537 7540 7539
7538 7541 7540
7540 7542 7539
7541 7543 7540
7540 7543 7542
7541 7544 7543
7545 7542 7543
7544 7545 7543
7545 7546 7542
7544 7547 7545
7548 7546 7545
7547 7548 7545
7547 7549 7548
7548 7549 7550
7551 7552 7553
7551 7554 7552
7555 7554 7551
7556 7552 7554
7555 7557 7554
7557 7556 7554
7558 7557 7555
7557 7559 7556
7560 7556 7559
7558 7561 7557
7561 7559 7557
7561 7558 7562
7560 7559 7563
7564 7560 7563
7561 7562 7565
7565 7562 7566
7561 7567 7559
7563 7559 7567
7567 7561 7565
7564 7563 7568
7563 7567 7568
7569 7564 7568
7570 7569 7568
7565 7566 7571
7571 7566 7572
7567 7565 7573
7573 7568 7567
7573 7565 7571
7568 7574 7570
7573 7574 7568
7575 7570 7574
7576 7575 7574
7571 7572 7577
7577 7572 7578
7573 7571 7579
7579 7574 7573
7577 7579 7571
7576 7574 7580
7579 7580 7574
7577 7578 7581
7581 7578 7582
7577 7583 7579
7580 7579 7583
7581 7583 7577
7576 7580 7584
7580 7583 7584
7576 7584 7585
7584 7586 7585
7584 7587 7586
7583 7587 7584
7588 7586 7587
7589 7587 7583
7581 7589 7583
7590 7588 7587
7590 7587 7589
7590 7591 7588
7581 7582 7592
7592 7582 7593
7594 7589 7581
7592 7594 7581
7594 7590 7589
7592 7593 7595
7594 7592 7595
7590 7594 7595
7595 7593 7596
7591 7590 7597
7590 7595 7597
7596 7597 7595
7591 7597 7598
7596 7599 7597
7599 7598 7597
7599 7600 7598
7601 7602 7603
7601 7604 7602
7604 7601 7605
7606 7602 7604
7604 7605 7607
7608 7607 7605
7608 7609 7607
7606 7604 7610
7610 7604 7607
7611 7606 7610
7611 7610 7612
7613 7612 7610
7609 7614 7607
7610 7607 7614
7613 7610 7614
7609 7615 7614
7615 7613 7614
7615 7616 7613
7617 7618 7619
7620 7619 7618
7620 7621 7619
7622 7621 7620
7622 7620 7623
7624 7625 7626
7624 7627 7625
7628 7627 7624
7629 7625 7627
7628 7630 7627
7628 7631 7630
7629 7627 7632
7630 7632 7627
7633 7629 7632
7633 7632 7634
7632 7635 7634
7636 7630 7631
7630 7636 7632
7632 7636 7635
7635 7636 7637
7636 7631 7638
7636 7639 7637
7639 7636 7638
7639 7638 7640
7641 7642 7643
7643 7642 7644
7643 7644 7645
7645 7644 7646
7645 7646 7647
7648 7649 7650
7648 7651 7649
7652 7651 7648
7652 7653 7651
7651 7653 7654
7649 7651 7655
7651 7654 7655
7655 7654 7656
7657 7655 7656
7658 7657 7656
7658 7659 7657
7660 7657 7659
7661 7657 7660
7662 7660 7659
7662 7659 7663
7662 7664 7660
7665 7662 7663
7663 7666 7665
7667 7664 7662
7665 7667 7662
7668 7665 7666
7668 7666 7669
7670 7664 7667
7671 7664 7670
7672 7667 7665
7672 7665 7668
7670 7667 7672
7669 7673 7668
7669 7674 7673
7668 7675 7672
7668 7673 7675
7671 7670 7676
7677 7671 7676
7677 7676 7678
7676 7679 7678
7670 7679 7676
7678 7679 7680
7681 7670 7672
7670 7681 7679
7681 7672 7675
7679 7682 7680
7682 7679 7681
7682 7683 7680
7682 7681 7684
7683 7682 7684
7684 7681 7675
7683 7684 7685
7685 7684 7686
7684 7675 7686
7685 7686 7687
7686 7675 7688
7688 7687 7686
7675 7673 7688
7688 7689 7687
7673 7690 7688
7690 7689 7688
7690 7673 7674
7690 7691 7689
7690 7674 7692
7691 7690 7692
7674 7693 7692
7691 7692 7694
7694 7692 7693
7694 7693 7695
7696 7697 7698
7699 7696 7698
7700 7699 7698
7699 7701 7696
7699 7700 7702
7703 7701 7699
7699 7702 7703
7703 7702 7704
7703 7705 7701
7703 7704 7706
7706 7705 7703
7706 7707 7705
7708 7709 7710
7710 7711 7708
7710 7712 7711
7711 7713 7708
7711 7712 7714
7711 7715 7713
7715 7716 7713
7711 7714 7717
7714 7718 7717
7718 7719 7717
7711 7717 7720
7719 7720 7717
7711 7720 7715
7719 7721 7720
7715 7720 7721
7719 7722 7721
7716 7715 7723
7715 7721 7723
7716 7723 7724
7725 7724 7723
7725 7723 7726
7727 7726 7723
7727 7723 7721
7722 7727 7721
7728 7729 7722
7722 7729 7730
7731 7729 7728
7732 7730 7729
7731 7733 7729
7732 7729 7733
7731 7734 7733
7735 7732 7733
7736 7733 7734
7735 7733 7737
7736 7737 7733
7738 7739 7740
7741 7738 7740
7741 7740 7742
7743 7741 7742
7743 7742 7744
7745 7746 7747
7745 7747 7748
7749 7745 7748
7749 7748 7750
7748 7747 7751
7748 7752 7750
7748 7751 7753
7752 7748 7753
7751 7754 7753
7755 7752 7753
7754 7756 7753
7756 7755 7753
7754 7757 7756
7756 7758 7755
7759 7758 7756
7757 7760 7756
7760 7759 7756
7761 7759 7760
7761 7760 7762
7761 7762 7680
7763 7764 7765
7766 7765 7764
7766 7764 7767
7766 7767 7768
7769 7770 7771
7769 7772 7770
7773 7770 7772
7773 7774 7770
7775 7776 7777
7775 7777 7778
7779 7775 7778
7779 7778 7780
7781 7779 7780
7781 7782 7779
7783 7782 7781
7783 7781 7784
7785 7783 7784
7786 7787 7788
7786 7788 7789
7790 7791 7792
7790 7792 7793
7794 7790 7793
7794 7793 7795
7796 7794 7795
7796 7795 7797
7798 7796 7797
7798 7797 7799
7800 7798 7799
7800 7799 7801
7802 7803 7804
7802 7804 7805
7806 7807 7808
7806 7809 7807
7809 7810 7807
7809 7811 7810
7812 7813 7814
7812 7814 7815
7816 7812 7815
7816 7815 7817
7816 7817 7818
7816 7818 7819
7819 7818 7820
7819 7820 7821
7821 7820 7822
7821 7822 7823
7824 7825 7826
7824 7826 7827
7828 7829 7826
7828 7830 7829
7830 7831 7829
7830 7832 7831
7832 7833 7831
7832 7834 7833
7834 7835 7833
7834 7836 7835
7836 7837 7835
7836 7838 7837
7838 7839 7837
7838 7840 7839
7841 7842 7843
7841 7843 7844
7845 7846 7847
7845 7847 7848
7849 7845 7848
7849 7848 7850
7851 7852 7853
7851 7854 7852
7855 7852 7854
7855 7856 7852
7855 7857 7856
7855 7858 7857
7858 7859 7860
7858 7861 7859
7861 7862 7859
7861 7863 7862
7863 7864 7862
7863 7865 7864
7865 7866 7864
7865 7867 7866
7868 7869 7870
7868 7870 7871
7868 7871 7872
7868 7872 7873
7874 6846 7875
6846 7876 7875
7876 6846 7877
6846 7878 7877
6845 7878 6846
6836 7878 6845
7877 7878 7879
6836 7879 7878
7879 7880 7877
7879 6836 7881
7881 7880 7879
7882 7880 7881
6836 6837 7881
7881 7883 7882
7881 6837 7884
7884 7883 7881
7884 6837 6838
7885 7883 7884
7886 7884 6838
7885 7884 7886
7887 7885 7886
7886 6838 6829
7886 7888 7887
7889 7886 6829
7886 7889 7888
7889 6829 6828
7889 7890 7888
6828 7891 7889
7889 7891 7890
6828 7892 7891
6828 6799 7892
7891 7893 7890
7890 7893 7894
7895 7894 7893
7896 7892 6799
6808 7896 6799
7897 7891 7892
7896 7897 7892
7891 7897 7893
7896 6808 7898
7897 7896 7898
7898 6808 6796
7897 7899 7893
7897 7898 7899
7900 7893 7899
7895 7893 7900
7898 7900 7899
7898 6796 7901
7898 7901 7900
7895 7900 7902
7903 7895 7902
7904 7903 7902
7900 7905 7902
7900 7901 7905
7904 7902 7905
7906 7901 6796
7901 7906 7905
7906 7904 7905
6796 6797 7906
7906 7907 7904
7906 6797 7907
7908 7909 7910
7908 7911 7909
7908 7912 7911
7908 7913 7912
7909 7911 7914
7909 7914 7915
7915 7914 7916
7917 7914 7911
7917 7911 7912
7914 7918 7916
7918 7914 7917
7918 7919 7916
7918 7920 7919
7913 7921 7912
7913 7922 7921
7923 7917 7912
7923 7912 7921
7918 7917 7924
7920 7918 7924
7917 7925 7924
7925 7920 7924
7917 7923 7925
7920 7925 7926
7926 7925 7923
7926 7927 7920
7926 7928 7927
7926 7929 7928
7926 7923 7930
7926 7930 7929
7930 7923 7921
7931 7929 7930
7922 7932 7921
7930 7921 7932
7931 7930 7932
7922 7933 7932
7934 7931 7932
7934 7932 7933
7935 7936 7937
7935 7937 7938
7935 7938 7939
7940 7939 7938
7940 7938 7941
7940 7941 7942
7940 7942 7943
7944 7945 7946
7947 7944 7946
7947 7946 7948
7949 7947 7948
7949 7948 7950
7951 7949 7950
7951 7950 7952
7953 7954 7955
7953 7955 7956
7953 7956 7957
7953 7957 7958
7959 7958 7957
7959 7957 7960
7959 7960 7961
7962 7963 7964
7965 7962 7964
7965 7964 7966
7967 7965 7966
7967 7966 7968
7967 7968 7969
7967 7969 7970
7971 7972 7973
7971 7974 7972
7971 7975 7974
7975 7976 7974
7975 7977 7976
7978 7976 7977
7978 7979 7976
7979 7978 7980
7981 7982 7983
7984 7982 7981
7985 7982 7984
7985 7984 7986
7986 7987 7985
7986 7988 7987
7988 7989 7987
7988 7990 7989
7990 7991 7989
7990 7992 7991
7993 7991 7992
7993 7994 7991
7993 7995 7994
7996 7997 7998
7996 7999 7997
8000 7999 7996
8001 7997 7999
8000 8002 7999
8001 7999 8002
8003 8002 8000
8001 8002 8004
8003 8005 8002
8006 8005 8003
8006 8007 8005
8004 8002 8008
8002 8005 8008
8008 8005 8007
8004 8008 8009
8008 8007 8010
8011 8009 8008
8011 8008 8010
8012 8013 8014
8012 8014 8015
8015 8014 8016
8015 8016 8017
8017 8016 8018
8017 8018 8019
8020 8019 8018
8020 8021 8019
8022 8019 8021
8015 8017 8023
8019 8023 8017
8022 8024 8019
8019 8024 8023
8015 8023 8025
8012 8015 8025
8026 8024 8022
8026 8022 8027
8028 8023 8024
8025 8023 8028
8028 8024 8026
8025 8029 8012
8025 8030 8029
8030 8025 8028
8030 8028 8031
8031 8028 8026
8031 8026 8032
8026 8033 8032
8026 8027 8033
8034 8033 8027
8012 8035 8036
8012 8037 8035
8012 8038 8037
8039 8038 8012
8039 8040 8038
8037 8041 8035
8041 8042 8035
8041 8043 8042
8044 8038 8040
8044 8040 8045
8037 8038 8046
8037 8046 8041
8038 8044 8046
8041 8047 8043
8046 8047 8041
8048 8043 8047
8048 8047 8049
8050 8049 8047
8046 8051 8047
8044 8051 8046
8050 8047 8051
8045 8052 8044
8044 8052 8051
8052 8050 8051
8045 8053 8052
8052 8054 8050
8055 8052 8053
8055 8054 8052
8056 8054 8055
8057 8058 8059
8057 8060 8058
8060 8061 8058
8062 8060 8057
8062 8057 8063
8063 8064 8062
8060 8065 8061
8062 8065 8060
8065 8066 8061
8064 8067 8062
8068 8067 8064
8068 8069 8067
8065 8070 8066
8070 8071 8066
8062 8072 8065
8067 8072 8062
8072 8070 8065
8070 8073 8071
8074 8071 8073
8074 8073 8075
8067 8076 8072
8076 8067 8069
8072 8077 8070
8077 8073 8070
8076 8077 8072
8078 8075 8073
8077 8078 8073
8078 8079 8075
8080 8079 8078
8077 8080 8078
8080 8081 8079
8082 8081 8080
8082 8080 8069
8076 8083 8077
8077 8083 8080
8083 8076 8069
8069 8080 8083
8084 8085 8086
8084 8087 8085
8084 8088 8087
8088 8089 8087
8088 8090 8089
8090 8091 8089
8090 8092 8091
8093 8094 8095
8094 8093 8096
8094 8096 8097
8097 8096 8098
8097 8098 8099
8099 8098 8100
8097 8099 8101
8099 8100 8102
8101 8099 8102
8101 8102 8103
8104 8105 8106
8104 8106 8107
8106 8108 8107
8106 8109 8108
8108 8109 8110
8108 8110 8111
8110 8112 8111
8113 8114 8115
8114 8113 8116
8114 8116 8117
8117 8116 8118
8117 8118 8119
8118 8120 8119
8118 8121 8120
8122 8123 8124
8124 8125 8122
8124 8126 8125
8125 8126 8127
8125 8127 8128
8128 8127 8129
8128 8129 8130
8129 8131 8130
8132 8133 8134
8135 8132 8134
8136 8135 8134
8136 8137 8135
8137 8136 8138
8137 8138 8139
8139 8138 8140
8139 8140 8141
8142 8141 8140
8142 8143 8141
8144 8143 8142
8144 8142 8145
8145 8146 8144
8147 8148 8149
8147 8149 8150
8150 8149 8151
8150 8151 8152
8153 8152 8151
8153 8151 8154
8155 8153 8154
8155 8154 8156
8155 8156 8157
8155 8157 8158
8159 8160 8161
8159 8161 8162
8163 8164 8165
8164 8166 8165
8164 8167 8166
8167 8168 8166
8167 8169 8168
8169 8170 8168
8169 8171 8170
8172 8170 8171
8172 8173 8170
8174 8175 8176
8174 8176 8177
8178 8179 8180
8178 8181 8179
8181 8182 8179
8181 8183 8182
8183 8184 8182
8183 8185 8184
8186 8187 8188
8186 8189 8187
8189 8190 8187
8189 8191 8190
8191 8192 8190
8191 8193 8192
8193 8194 8192
8193 8195 8194
8196 8197 8198
8196 8198 8199
8200 8201 8202
8200 8202 8203
8204 8205 8206
8207 8205 8204
8207 8204 8208
8209 8207 8208
8209 8208 8210
8211 8209 8210
8211 8210 8212
8211 8212 8213
8211 8213 8214
8214 8213 8215
8214 8215 8216
8216 8215 8217
8216 8217 8218
8219 8218 8217
8219 8217 8220
8221 8219 8220
8221 8220 8222
8223 8221 8222
8223 8222 8224
8225 8223 8224
8225 8224 8226
8227 8228 8229
8227 8230 8228
8230 8231 8228
8230 8232 8231
8233 8231 8232
8233 8232 8234
8235 8233 8234
8235 8236 8233
8235 8237 8236
8235 8238 8237
8239 8240 8241
8239 8241 8242
8243 8244 8245
8244 8243 8246
8244 8246 8247
8247 8246 8248
8247 8248 8249
8249 8248 8250
8249 8250 8251
8252 8251 8250
8252 8250 8253
8254 8252 8253
8254 8253 8255
8256 8257 8258
8256 8258 8259
8260 8261 8262
8260 8262 8263
8263 8262 8264
8263 8264 8265
8264 8266 8265
8264 8267 8266
8268 8269 8270
8268 8270 8271
8268 8271 8272
8268 8272 8273
8273 8272 8274
8273 8274 8275
8275 8274 8276
8275 8276 8277
8278 8279 8280
8278 8280 8281
8282 8283 8284
8285 8284 8283
8285 8286 8284
8287 8286 8285
8287 8288 8286
8289 8288 8287
8289 8290 8288
8291 8290 8289
8291 8292 8290
8293 8292 8291
8293 8294 8292
8293 8295 8294
8293 8296 8295
8297 8295 8296
8297 8298 8295
8297 8299 8298
8297 8300 8299
8300 8301 8299
8300 8302 8301
8303 8301 8302
8303 8304 8301
8305 8306 8307
8305 8307 8308
8309 8310 8311
8312 8310 8309
8312 8309 8313
8309 8314 8313
8309 8311 8315
8315 8311 8316
8309 8317 8314
8317 8309 8315
8317 8318 8314
8318 8317 8319
8317 8315 8319
8318 8319 8320
8315 8316 8321
8319 8315 8321
8321 8316 8322
8319 8323 8320
8319 8321 8323
8321 8322 8324
8323 8321 8324
8325 8324 8322
8325 8326 8324
8320 8323 8327
8323 8324 8327
8327 8324 8326
8320 8327 8328
8327 8326 8329
8327 8329 8328
8330 8331 8332
8330 8332 8333
8334 8331 8330
8335 8330 8333
8335 8333 8336
8337 8335 8336
8337 8338 8335
8334 8330 8339
8335 8339 8330
8338 8340 8335
8335 8340 8339
8341 8334 8339
8341 8339 8340
8341 8342 8334
8343 8342 8341
8338 8344 8340
8344 8341 8340
8338 8345 8344
8345 8346 8344
8347 8344 8346
8343 8341 8348
8344 8348 8341
8347 8348 8344
8349 8343 8348
8349 8348 8347
8350 8351 8352
8353 8350 8352
8353 8354 8350
8350 8355 8351
8350 8354 8356
8357 8355 8350
8350 8356 8357
8357 8358 8355
8357 8356 8359
8360 8358 8357
8357 8359 8361
8360 8357 8361
8362 8363 8364
8362 8364 8365
8366 8365 8364
8366 8364 8367
8366 8367 8368
8369 8368 8367
8369 8367 8370
8369 8370 8371
8371 8370 8372
8373 8372 8370
8373 8374 8372
8375 8374 8373
8375 8373 8376
8373 8377 8376
8377 8373 8370
8377 8370 8378
8378 8370 8367
8378 8367 8379
8367 8380 8379
8367 8364 8380
8381 8380 8364
8382 8381 8364
8382 8364 8363
8382 8363 8383
8383 8363 8384
8382 8383 8385
8383 8386 8385
8383 8384 8387
8387 8386 8383
8385 8386 8388
8387 8389 8386
8386 8390 8388
8391 8386 8389
8386 8392 8390
8391 8392 8386
8393 8390 8392
8391 8394 8392
8393 8392 8395
8394 8395 8392
8395 8396 8393
8397 8395 8394
8395 8398 8396
8397 8398 8395
8399 8396 8398
8399 8398 8397
8400 8401 8402
8400 8403 8401
8401 8404 8402
8401 8403 8405
8401 8406 8404
8405 8406 8401
8407 8404 8406
8405 8408 8406
8408 8409 8406
8410 8407 8406
8410 8406 8409
8408 8411 8409
8410 8409 8412
8409 8411 8413
8409 8413 8414
8415 8412 8409
8415 8409 8414
8416 8414 8413
8415 8414 8417
8418 8417 8414
8419 8414 8416
8418 8414 8420
8419 8420 8414
8419 8421 8420
8421 8422 8420
8419 8423 8421
8421 8423 8424
8421 8425 8422
8425 8421 8424
8423 8426 8424
8425 8424 8427
8424 8426 8428
8429 8427 8424
8424 8428 8430
8429 8424 8430
8431 8430 8428
8429 8430 8432
8431 8433 8430
8432 8430 8433
8433 8431 8434
8435 8432 8433
8433 8434 8436
8435 8433 8436
8437 8436 8434
8437 8435 8436
8438 8439 8440
8440 8439 8441
8438 8442 8439
8442 8438 8443
8444 8442 8443
8445 8442 8444
8445 8444 8446
8447 8445 8446
8448 8445 8447
8448 8449 8445
8450 8449 8448
8451 8449 8450
8452 8449 8451
8439 8453 8441
8439 8442 8453
8453 8442 8445
8453 8454 8441
8445 8455 8453
8453 8455 8454
8445 8449 8455
8454 8455 8456
8456 8455 8457
8449 8457 8455
8457 8458 8456
8452 8459 8449
8449 8459 8457
8459 8452 8460
8461 8459 8460
8462 8459 8461
8462 8457 8459
8457 8463 8458
8463 8457 8462
8464 8463 8462
8463 8465 8458
8466 8463 8464
8463 8467 8465
8466 8467 8463
8468 8467 8466
8469 8465 8467
8470 8467 8468
8469 8467 8471
8470 8471 8467
8470 8472 8471
8471 8473 8469
8474 8471 8472
8471 8475 8473
8471 8474 8475
8476 8473 8475
8477 8475 8474
8476 8475 8478
8478 8475 8477
8478 8477 8479
8480 8476 8478
8478 8479 8481
8480 8478 8482
8481 8482 8478
8483 8480 8482
8484 8482 8481
8483 8482 8484
8484 8481 8485
8483 8484 8486
8486 8484 8485
8487 8488 8489
8490 8488 8487
8487 8489 8491
8491 8492 8487
8491 8493 8492
8489 8494 8491
8494 8495 8491
8495 8493 8491
8495 8494 8496
8490 8487 8497
8498 8490 8497
8487 8499 8497
8498 8497 8499
8487 8492 8499
8499 8500 8498
8501 8500 8499
8492 8501 8499
8492 8502 8501
8503 8502 8492
8504 8503 8492
8504 8492 8493
8505 8504 8493
8506 8505 8493
8507 8506 8493
8507 8493 8508
8508 8509 8507
8510 8509 8508
8495 8508 8493
8511 8510 8508
8511 8508 8495
8512 8511 8495
8513 8511 8512
8495 8496 8512
8514 8513 8512
8512 8496 8515
8514 8512 8516
8512 8515 8516
8517 8514 8516
8516 8515 8518
8519 8517 8516
8516 8518 8520
8519 8516 8520
8519 8520 8521
8520 8518 8522
8523 8521 8520
8520 8522 8524
8520 8524 8523
8525 8524 8522
8526 8523 8524
8525 8527 8524
8527 8526 8524
8527 8528 8526
8527 8525 8529
8527 8530 8528
8527 8529 8531
8530 8527 8531
8531 8529 8532
8530 8531 8533
8531 8532 8533
8530 8533 8534
8532 8535 8533
8535 8534 8533
8536 8537 8538
8538 8539 8536
8540 8538 8537
8538 8540 8541
8539 8538 8541
8540 8542 8541
8542 8543 8541
8541 8543 8544
8543 8545 8544
8536 8539 8546
8547 8536 8546
8548 8547 8546
8548 8549 8547
8539 8541 8550
8541 8544 8550
8548 8546 8551
8539 8551 8546
8548 8552 8549
8552 8553 8549
8544 8545 8554
8550 8544 8555
8544 8554 8555
8555 8554 8556
8550 8555 8557
8539 8550 8557
8556 8557 8555
8539 8558 8551
8539 8557 8558
8548 8551 8559
8551 8558 8559
8560 8558 8557
8556 8560 8557
8558 8560 8559
8552 8548 8561
8548 8559 8561
8562 8559 8560
8561 8559 8562
8552 8561 8563
8563 8553 8552
8564 8560 8556
8564 8562 8560
8561 8562 8565
8565 8563 8561
8563 8566 8553
8566 8567 8553
8565 8568 8563
8568 8566 8563
8565 8562 8569
8569 8568 8565
8566 8570 8567
8571 8567 8570
8562 8564 8572
8569 8562 8572
8568 8573 8566
8570 8566 8573
8570 8574 8571
8574 8575 8571
8570 8573 8576
8570 8576 8574
8577 8573 8568
8577 8576 8573
8569 8578 8568
8578 8577 8568
8578 8569 8579
8579 8569 8572
8577 8578 8580
8580 8578 8579
8577 8581 8576
8580 8581 8577
8582 8575 8574
8582 8583 8575
8576 8584 8574
8584 8576 8581
8585 8582 8574
8585 8574 8584
8586 8579 8572
8580 8579 8587
8586 8587 8579
8586 8572 8588
8564 8588 8572
8589 8588 8564
8589 8564 8556
8584 8581 8590
8580 8591 8581
8591 8590 8581
8592 8585 8584
8592 8584 8590
8580 8587 8593
8593 8591 8580
8594 8593 8587
8594 8595 8593
8593 8595 8591
8591 8596 8590
8596 8591 8595
8597 8592 8590
8597 8590 8596
8596 8595 8598
8594 8598 8595
8599 8596 8598
8599 8597 8596
8599 8598 8594
8597 8599 8600
8594 8600 8599
8592 8597 8601
8597 8600 8601
8585 8592 8602
8592 8601 8602
8601 8600 8603
8594 8603 8600
8594 8587 8604
8586 8604 8587
8594 8604 8605
8594 8606 8603
8594 8605 8607
8608 8604 8586
8608 8605 8604
8586 8588 8608
8601 8603 8609
8602 8601 8609
8585 8602 8610
8582 8585 8610
8611 8605 8608
8611 8607 8605
8612 8608 8588
8612 8611 8608
8589 8612 8588
8613 8609 8603
8613 8603 8606
8602 8609 8614
8614 8610 8602
8614 8609 8613
8582 8610 8615
8583 8582 8615
8589 8616 8612
8611 8612 8616
8614 8617 8610
8617 8615 8610
8614 8613 8618
8618 8617 8614
8619 8613 8606
8618 8613 8619
8583 8615 8620
8583 8620 8621
8620 8622 8621
8617 8623 8615
8620 8615 8623
8618 8624 8617
8623 8617 8624
8620 8625 8622
8620 8623 8625
8619 8606 8626
8594 8626 8606
8627 8618 8619
8627 8624 8618
8626 8628 8619
8619 8628 8627
8629 8622 8625
8629 8630 8622
8631 8630 8629
8594 8632 8626
8626 8632 8628
8623 8633 8625
8629 8625 8634
8634 8625 8633
8631 8629 8635
8629 8634 8635
8633 8623 8636
8623 8624 8636
8633 8636 8637
8638 8636 8624
8639 8638 8624
8633 8637 8640
8633 8640 8634
8627 8639 8624
8641 8639 8627
8642 8641 8627
8642 8643 8641
8628 8642 8627
8644 8634 8640
8645 8644 8640
8646 8644 8645
8647 8643 8642
8643 8647 8648
8649 8648 8647
8628 8650 8642
8647 8642 8650
8644 8651 8634
8651 8635 8634
8652 8644 8646
8653 8652 8646
8628 8654 8650
8654 8628 8632
8655 8651 8644
8652 8655 8644
8656 8652 8653
8656 8653 8657
8654 8632 8658
8594 8658 8632
8654 8658 8659
8594 8659 8658
8654 8660 8650
8654 8659 8660
8594 8661 8659
8660 8659 8661
8660 8662 8650
8662 8647 8650
8663 8656 8657
8657 8664 8663
8665 8663 8664
8594 8666 8661
8594 8607 8666
8667 8666 8607
8661 8666 8667
8667 8607 8611
8660 8661 8668
8660 8668 8662
8661 8667 8668
8662 8669 8647
8649 8647 8669
8668 8670 8662
8670 8668 8667
8669 8662 8670
8611 8671 8667
8670 8667 8671
8611 8616 8671
8669 8672 8649
8649 8672 8673
8673 8672 8674
8674 8672 8669
8673 8674 8675
8669 8670 8676
8676 8674 8669
8671 8676 8670
8675 8674 8677
8676 8677 8674
8675 8677 8678
8678 8677 8679
8678 8679 8680
8679 8545 8680
8679 8554 8545
8677 8681 8679
8677 8676 8681
8554 8679 8681
8671 8682 8676
8676 8682 8681
8554 8681 8683
8554 8683 8556
8681 8684 8683
8556 8683 8684
8681 8682 8684
8556 8684 8589
8589 8684 8616
8671 8616 8685
8682 8671 8685
8685 8616 8684
8682 8685 8684
8686 8687 8688
8687 8686 8689
8690 8688 8687
8687 8691 8690
8689 8691 8687
8690 8691 8692
8692 8691 8693
8691 8694 8693
8693 8694 8695
8686 8696 8689
8697 8696 8686
8698 8696 8697
8698 8697 8699
8689 8700 8691
8691 8700 8694
8698 8701 8696
8689 8696 8701
8698 8699 8702
8702 8699 8703
8694 8704 8695
8700 8705 8694
8694 8705 8704
8705 8706 8704
8700 8707 8705
8689 8707 8700
8706 8705 8707
8689 8701 8708
8689 8708 8707
8698 8709 8701
8701 8709 8708
8710 8707 8708
8706 8707 8710
8709 8710 8708
8702 8711 8698
8698 8711 8709
8712 8702 8703
8702 8712 8711
8710 8709 8713
8711 8713 8709
8706 8710 8714
8714 8710 8713
8712 8703 8715
8715 8703 8716
8717 8711 8712
8711 8717 8713
8717 8712 8718
8718 8712 8715
8715 8716 8719
8720 8719 8716
8717 8721 8713
8721 8717 8718
8713 8722 8714
8721 8722 8713
8719 8723 8715
8718 8715 8723
8719 8720 8724
8724 8720 8725
8719 8726 8723
8719 8724 8726
8718 8723 8727
8727 8723 8726
8721 8718 8728
8728 8718 8727
8728 8729 8721
8722 8721 8729
8727 8730 8728
8730 8729 8728
8727 8726 8731
8730 8727 8731
8732 8724 8725
8732 8725 8631
8631 8635 8732
8724 8733 8726
8733 8731 8726
8732 8635 8734
8651 8734 8635
8735 8724 8732
8735 8733 8724
8732 8734 8735
8736 8734 8651
8655 8736 8651
8735 8734 8737
8736 8737 8734
8738 8733 8735
8735 8737 8738
8733 8739 8731
8738 8739 8733
8740 8731 8739
8730 8731 8740
8736 8655 8741
8737 8736 8742
8736 8741 8742
8738 8737 8743
8737 8742 8743
8744 8739 8738
8738 8743 8744
8743 8742 8745
8741 8745 8742
8746 8741 8655
8652 8746 8655
8740 8739 8747
8744 8747 8739
8744 8743 8748
8743 8745 8748
8749 8748 8745
8749 8750 8748
8744 8748 8750
8750 8747 8744
8741 8751 8745
8746 8751 8741
8749 8745 8751
8746 8652 8752
8652 8656 8752
8746 8753 8751
8749 8751 8753
8753 8746 8752
8750 8754 8747
8750 8749 8754
8747 8754 8755
8749 8755 8754
8747 8755 8740
8756 8740 8755
8749 8756 8755
8756 8730 8740
8749 8753 8757
8753 8752 8757
8749 8758 8756
8730 8756 8758
8749 8757 8759
8730 8758 8729
8760 8757 8752
8760 8759 8757
8761 8729 8758
8761 8722 8729
8749 8762 8758
8761 8758 8762
8763 8722 8761
8722 8763 8714
8764 8761 8762
8763 8761 8764
8765 8714 8763
8765 8706 8714
8752 8766 8760
8752 8656 8766
8663 8766 8656
8749 8767 8762
8764 8762 8767
8768 8763 8764
8765 8763 8768
8769 8764 8767
8768 8764 8769
8765 8768 8770
8769 8770 8768
8706 8765 8771
8765 8770 8771
8749 8772 8767
8769 8767 8772
8706 8771 8773
8706 8773 8704
8704 8773 8774
8774 8773 8771
8704 8774 8775
8775 8695 8704
8775 8776 8695
8777 8776 8775
8777 8775 8778
8775 8774 8778
8779 8777 8778
8779 8778 8780
8781 8779 8780
8782 8778 8774
8782 8780 8778
8774 8771 8783
8783 8782 8774
8781 8780 8784
8665 8781 8784
8780 8785 8784
8785 8665 8784
8782 8785 8780
8665 8785 8663
8783 8771 8786
8771 8770 8786
8783 8786 8787
8786 8770 8787
8787 8782 8783
8769 8787 8770
8785 8782 8788
8787 8788 8782
8789 8663 8785
8785 8788 8789
8789 8766 8663
8769 8790 8787
8788 8787 8790
8790 8769 8772
8789 8788 8791
8788 8790 8791
8766 8789 8792
8792 8789 8791
8760 8766 8792
8790 8772 8793
8749 8793 8772
8794 8791 8790
8794 8790 8793
8792 8791 8794
8749 8794 8793
8760 8792 8795
8792 8794 8795
8749 8795 8794
8760 8795 8759
8749 8759 8795
8796 8797 8798
8796 8799 8797
8798 8797 8800
8800 8797 8801
8802 8797 8799
8801 8797 8802
8800 8801 8803
8801 8802 8804
8803 8801 8805
8805 8801 8806
8807 8801 8804
8807 8806 8801
8805 8806 8808
8807 8809 8806
8808 8806 8810
8811 8806 8809
8810 8806 8812
8811 8812 8806
8813 8810 8812
8812 8811 8814
8813 8812 8815
8812 8814 8815
8816 8813 8815
8816 8815 8814
8817 8818 8819
8818 8820 8819
8817 8819 8821
8822 8821 8819
8819 8820 8823
8819 8823 8822
8822 8824 8821
8823 8825 8822
8826 8824 8822
8827 8826 8822
8825 8828 8822
8828 8827 8822
8827 8829 8826
8828 8830 8827
8831 8829 8827
8830 8832 8827
8831 8827 8833
8832 8833 8827
8834 8831 8833
8835 8833 8832
8834 8833 8836
8835 8836 8833
8837 8834 8836
8837 8836 8835
8838 8839 8840
8838 8841 8839
8839 8842 8840
8839 8841 8843
8839 8844 8842
8844 8845 8842
8844 8846 8845
8847 8846 8844
8839 8843 8848
8844 8839 8848
8847 8844 8848
8848 8843 8849
8850 8847 8848
8848 8849 8851
8850 8848 8851
8851 8849 8852
8850 8851 8853
8851 8852 8853
