byte offset: 0
first index: 0
index count: 13338
topology: trianglelist
format: DXGI_FORMAT_R16_UINT

0 1 2
3 4 5
6 7 8
9 10 11
12 13 9
12 14 13
15 12 9
15 16 12
17 16 15
18 16 17
19 18 17
19 17 20
21 16 18
22 16 21
22 21 23
24 22 23
25 22 24
25 24 26
25 26 27
28 22 25
22 28 29
22 29 30
31 30 29
32 30 31
33 32 31
33 34 32
35 30 36
37 35 36
35 38 30
35 39 38
40 38 39
40 41 38
42 41 40
42 43 41
44 43 42
44 42 45
46 44 45
46 45 47
48 49 50
51 52 53
54 55 56
57 58 59
60 61 62
63 64 65
66 67 68
69 70 71
72 73 74
75 76 77
75 78 76
79 78 75
79 80 78
80 79 81
81 79 82
82 79 83
80 81 84
80 84 85
85 84 86
86 84 87
86 87 88
88 87 89
88 89 90
90 89 91
90 91 92
93 94 95
93 96 94
96 93 97
96 97 98
98 97 99
98 99 100
101 100 99
101 99 102
103 101 102
103 102 104
103 104 105
103 105 106
107 108 109
108 107 110
108 110 111
111 110 112
111 112 113
113 112 114
113 114 115
115 114 116
115 116 117
117 116 118
117 118 119
120 119 118
120 118 121
120 121 122
120 122 123
123 122 124
123 124 125
124 126 125
126 124 127
126 128 125
125 128 129
126 127 130
131 130 127
131 127 132
131 132 133
131 133 134
135 134 133
136 134 135
137 138 139
137 139 140
141 142 143
143 142 144
144 145 143
146 145 144
147 144 142
146 144 148
147 149 144
148 144 149
147 150 149
148 149 151
149 150 152
151 149 152
153 152 150
151 152 154
153 155 152
154 152 155
156 155 153
154 155 157
156 158 155
157 155 158
159 158 156
157 158 160
159 161 158
160 158 161
160 161 162
163 161 159
164 162 161
163 165 161
164 161 165
165 166 164
167 165 163
165 168 166
167 169 165
169 168 165
170 169 167
169 171 168
170 172 169
171 169 172
173 172 170
171 172 174
173 175 172
174 172 175
176 175 173
174 175 177
176 178 175
177 175 178
179 178 176
177 178 180
179 181 178
180 178 181
182 181 179
180 181 183
182 184 181
183 181 184
185 184 182
183 184 186
185 187 184
186 184 187
187 185 188
186 187 189
187 188 190
190 189 187
191 192 193
191 194 192
191 195 194
191 196 195
196 197 195
196 198 197
197 198 199
200 201 202
200 202 203
203 202 204
203 204 205
205 204 206
205 206 207
208 209 210
208 210 211
212 213 214
212 214 215
216 217 218
216 218 219
220 221 222
220 222 223
224 220 223
224 223 225
224 225 226
224 226 227
228 229 230
228 231 229
231 232 229
231 233 232
233 234 232
233 235 234
235 236 234
235 237 236
237 238 236
237 239 238
240 238 239
240 241 238
242 243 244
242 244 245
242 245 246
242 246 247
247 246 248
247 248 249
249 248 250
249 250 251
251 250 252
251 252 253
253 252 254
253 254 255
255 254 256
255 256 257
257 256 258
257 258 259
259 258 260
259 260 261
261 260 262
261 262 263
263 262 264
263 264 265
266 265 264
266 267 265
268 267 266
268 266 269
270 271 272
270 273 271
274 273 270
274 275 273
276 275 274
276 274 277
278 276 277
278 277 279
276 278 280
278 281 280
280 281 282
280 282 283
283 282 284
283 284 285
284 286 285
284 287 286
288 286 287
288 289 286
290 289 288
290 288 291
290 291 292
290 292 293
292 294 293
292 295 294
296 294 295
296 295 297
298 296 297
298 299 296
298 300 299
298 301 300
302 299 300
302 303 299
304 303 302
304 302 305
271 304 305
271 305 306
307 308 309
307 309 310
310 311 307
312 311 310
312 313 311
313 314 311
313 315 314
316 315 313
316 317 315
318 314 315
318 315 317
318 319 314
318 317 320
321 319 318
320 322 318
321 318 322
323 321 322
320 324 322
323 322 325
324 325 322
324 326 325
327 328 329
327 329 330
331 332 333
331 333 334
335 336 337
337 336 338
338 336 339
339 336 340
340 336 341
341 336 342
342 336 343
343 336 344
345 346 336
346 347 336
347 348 336
348 349 336
349 350 336
350 351 336
351 352 336
352 353 336
354 355 356
354 356 357
358 354 357
358 357 359
360 358 359
360 359 361
362 360 361
362 361 363
362 363 364
362 364 365
365 364 366
365 366 367
367 366 368
367 368 369
369 368 370
369 370 371
370 372 371
370 373 372
374 372 373
374 373 375
376 377 378
376 379 377
377 379 380
377 380 381
381 380 382
381 382 383
383 382 384
383 384 385
386 385 384
386 387 385
388 389 390
388 390 391
388 391 392
393 388 392
393 394 388
395 396 397
395 398 396
395 399 398
395 400 399
400 401 399
400 402 401
402 403 401
402 404 403
405 403 404
405 404 406
407 408 409
407 410 408
410 411 408
410 412 411
412 413 411
412 414 413
414 415 413
414 416 415
416 417 415
416 418 417
419 420 421
419 421 422
423 419 422
423 422 424
425 423 424
425 424 426
427 425 426
427 426 428
429 427 428
429 428 430
431 429 430
431 430 432
433 431 432
433 432 434
435 433 434
435 434 436
437 435 436
437 436 438
439 437 438
439 438 440
441 439 440
441 440 442
443 441 442
443 442 444
445 431 446
445 446 447
448 431 445
447 446 449
448 450 431
447 449 451
452 450 448
451 449 453
452 454 450
451 453 455
456 454 452
455 453 457
456 458 454
455 457 459
460 458 456
459 457 461
460 462 458
459 461 463
463 461 464
463 464 465
466 462 460
466 467 462
468 467 466
468 469 467
470 471 472
472 471 473
472 473 474
472 474 475
473 471 476
476 471 477
478 479 480
479 478 481
479 481 482
479 482 483
481 478 484
478 485 484
478 486 485
486 487 485
486 488 487
488 489 487
488 490 489
490 491 489
490 492 491
492 493 491
492 494 493
495 496 497
495 498 496
498 499 496
498 500 499
500 501 499
500 502 501
502 503 501
502 504 503
504 502 505
506 507 508
506 509 507
509 510 507
509 511 510
511 512 510
511 513 512
513 514 512
513 515 514
515 516 514
515 517 516
517 518 516
517 519 518
519 520 518
519 521 520
521 522 520
521 523 522
523 524 522
523 525 524
525 526 524
525 527 526
527 528 526
527 529 528
529 530 528
529 531 530
532 533 534
532 535 533
533 535 536
533 536 537
536 538 537
536 539 538
538 539 540
538 540 541
542 541 540
542 540 543
542 543 544
542 544 545
546 545 544
546 544 547
546 547 548
546 548 549
550 549 548
550 548 551
550 551 552
550 552 553
554 553 552
554 552 555
554 555 556
554 556 557
558 557 556
558 556 559
558 559 560
558 560 561
560 562 561
560 563 562
562 563 564
562 564 565
566 567 568
569 568 567
569 567 570
571 569 570
571 570 572
573 571 572
573 572 574
575 573 574
575 574 576
577 575 576
577 576 578
579 577 578
579 578 580
579 580 581
582 583 584
582 585 583
585 586 583
585 587 586
587 588 586
587 589 588
589 590 588
589 591 590
592 593 594
592 595 593
595 596 593
595 597 596
597 598 596
597 599 598
599 600 598
599 601 600
602 603 604
602 604 605
606 602 605
606 605 607
608 606 607
608 607 609
610 608 609
610 609 611
612 613 614
612 615 613
615 616 613
615 617 616
617 618 616
617 619 618
619 620 618
619 621 620
622 623 624
622 624 625
626 627 628
626 628 629
630 631 632
630 632 633
634 635 636
634 636 637
638 639 640
638 640 641
642 638 641
642 641 643
644 642 643
644 643 645
646 644 645
646 645 647
648 646 647
648 647 649
650 648 649
650 649 651
652 650 651
652 653 650
654 653 652
654 655 653
656 655 654
656 657 655
658 657 656
658 659 657
660 659 658
660 661 659
662 661 660
662 663 661
664 665 666
664 666 667
668 664 667
668 667 669
670 668 669
670 669 671
672 670 671
672 671 673
674 672 673
674 673 675
676 674 675
676 675 677
678 679 680
678 681 679
681 682 679
681 683 682
683 684 682
683 685 684
685 686 684
685 687 686
687 688 686
687 689 688
689 690 688
689 691 690
692 693 694
692 695 693
695 696 693
695 697 696
697 698 696
697 699 698
699 700 698
699 701 700
701 702 700
701 703 702
703 704 702
703 705 704
706 707 708
706 708 709
709 708 710
709 710 711
711 710 712
711 712 713
713 712 714
713 714 715
715 714 716
715 716 717
717 716 718
717 718 719
720 721 722
723 720 722
724 723 722
725 724 722
726 725 722
727 726 722
728 722 729
730 722 728
731 722 730
732 722 731
733 722 732
734 722 733
735 736 737
735 737 738
739 740 741
739 741 742
742 741 743
742 743 744
744 743 745
744 745 746
747 746 745
747 745 748
749 747 748
749 748 750
751 749 750
751 750 752
753 754 755
753 755 756
757 758 759
757 759 760
761 762 763
761 763 764
765 766 767
765 767 768
769 770 771
769 771 772
773 774 775
773 775 776
777 778 779
777 780 778
780 781 778
780 782 781
782 783 781
782 784 783
785 786 787
785 788 786
788 789 786
789 788 790
788 791 790
792 791 793
793 794 792
794 793 795
795 793 796
795 796 797
798 799 800
798 800 801
802 803 804
802 804 805
806 802 805
806 805 807
808 806 807
808 807 809
810 808 809
810 809 811
812 810 811
812 811 813
814 812 813
814 813 815
816 817 818
816 818 819
820 821 822
820 822 823
824 825 826
824 827 825
827 828 825
827 829 828
830 831 832
830 832 833
834 833 832
834 832 835
836 834 835
836 835 837
838 836 837
838 837 839
840 838 839
840 841 838
842 841 840
842 843 841
844 843 842
844 845 843
844 846 845
844 847 846
848 849 850
848 850 851
852 851 850
852 850 853
854 852 853
854 853 855
856 854 855
856 855 857
858 856 857
858 857 859
860 858 859
860 859 861
862 860 861
862 861 863
863 864 862
863 865 864
866 867 868
866 869 867
870 867 869
870 869 871
872 870 871
872 871 873
872 873 874
872 874 875
876 875 874
876 874 877
876 877 878
876 878 879
879 878 880
879 880 881
882 881 880
882 883 881
884 885 886
884 886 887
888 887 886
888 889 887
890 889 888
890 891 889
892 891 890
892 893 891
894 893 892
894 892 895
896 894 895
896 895 897
898 896 897
898 897 899
899 900 898
899 901 900
902 903 904
902 905 903
905 902 906
906 902 907
908 907 902
909 908 902
910 909 902
911 910 902
911 902 912
913 914 915
913 915 916
915 917 916
915 918 917
919 920 921
919 921 922
922 921 923
922 923 924
925 924 923
925 923 926
927 925 926
927 926 928
929 927 928
929 928 930
929 930 931
929 931 932
932 931 933
932 933 934
934 933 935
934 935 936
935 937 936
935 938 937
939 937 938
939 938 940
941 942 943
941 943 944
944 943 945
944 945 946
947 948 949
947 949 950
947 950 951
947 951 952
953 952 951
953 954 952
955 954 953
955 956 954
957 956 955
957 958 956
959 958 957
959 957 960
961 959 960
961 960 962
963 961 962
963 962 964
964 965 963
964 966 965
967 965 966
967 968 965
969 970 971
969 971 972
973 974 975
973 975 976
977 973 976
977 976 978
979 977 978
979 978 980
981 979 980
981 980 982
983 981 982
983 982 984
985 983 984
985 984 986
987 985 986
987 986 988
989 987 988
989 988 990
991 989 990
991 990 992
993 991 992
993 992 994
995 993 994
995 994 996
997 995 996
997 996 998
999 1000 1001
999 1001 1002
1002 1003 999
1002 1004 1003
1004 1005 1003
1004 1006 1005
1007 1005 1006
1007 1008 1005
1009 1010 1011
1009 1012 1010
1009 1013 1012
1009 1014 1013
1014 1015 1013
1014 1016 1015
1017 1015 1016
1017 1016 1018
1019 1020 1021
1019 1022 1020
1023 1022 1019
1023 1024 1022
1025 1024 1023
1025 1026 1024
1027 1026 1025
1027 1028 1026
1029 1030 1031
1029 1032 1030
1033 1032 1029
1033 1034 1032
1033 1035 1034
1033 1036 1035
1036 1037 1035
1036 1038 1037
1039 1040 1041
1039 1042 1040
1043 1042 1039
1043 1039 1044
1045 1043 1044
1045 1044 1046
1047 1045 1046
1047 1046 1048
1049 1047 1048
1049 1048 1050
1051 1049 1050
1051 1050 1052
1053 1051 1052
1053 1052 1054
1055 1053 1054
1055 1054 1056
1057 1058 1059
1057 1059 1060
1061 1062 1060
1061 1063 1062
1064 1065 1066
1064 1066 1067
1068 1069 1070
1068 1070 1071
1072 1071 1070
1073 1071 1072
1073 1074 1071
1074 1073 1075
1076 1074 1075
1073 1077 1075
1078 1076 1075
1077 1079 1075
1080 1078 1075
1079 1081 1075
1082 1080 1075
1081 1082 1075
1083 1084 1085
1083 1085 1086
1087 1088 1089
1087 1089 1090
1091 1092 1093
1091 1093 1094
1094 1095 1091
1094 1096 1095
1096 1097 1095
1096 1098 1097
1098 1099 1097
1098 1100 1099
1100 1101 1099
1100 1102 1101
1102 1103 1101
1102 1104 1103
1104 1105 1103
1104 1106 1105
1107 1105 1106
1107 1108 1105
1108 1107 1109
1110 1111 1112
1110 1112 1113
1114 1115 1116
1114 1116 1117
1114 1117 1118
1114 1118 1119
1119 1118 1120
1119 1120 1121
1116 1122 1123
1116 1123 1124
1123 1125 1124
1123 1126 1125
1126 1127 1125
1126 1128 1127
1129 1130 1131
1129 1131 1132
1132 1133 1129
1132 1134 1133
1133 1134 1135
1133 1135 1136
1137 1138 1139
1140 1138 1137
1140 1141 1138
1140 1137 1142
1137 1143 1142
1137 1144 1143
1144 1145 1143
1146 1145 1144
1146 1144 1147
1146 1148 1145
1149 1150 1151
1152 1150 1149
1152 1153 1150
1153 1152 1154
1155 1152 1149
1155 1149 1156
1156 1157 1155
1155 1157 1158
1156 1159 1157
1159 1156 1160
1161 1162 1163
1161 1163 1164
1164 1163 1165
1164 1166 1161
1164 1165 1167
1164 1168 1166
1167 1168 1164
1168 1169 1166
1167 1170 1168
1168 1171 1169
1170 1171 1168
1170 1172 1171
1173 1169 1171
1172 1174 1171
1173 1171 1174
1172 1175 1174
1176 1174 1175
1173 1174 1177
1176 1177 1174
1173 1177 1178
1178 1177 1179
1177 1176 1180
1180 1179 1177
1178 1179 1181
1180 1182 1179
1183 1181 1179
1184 1179 1182
1183 1179 1185
1184 1185 1179
1186 1187 1188
1186 1189 1187
1190 1189 1186
1190 1191 1189
1190 1192 1191
1190 1193 1192
1194 1192 1193
1194 1195 1192
1194 1196 1195
1194 1197 1196
1197 1198 1196
1197 1199 1198
1200 1198 1199
1200 1201 1198
1202 1203 1204
1202 1204 1205
1202 1205 1206
1202 1206 1207
1207 1206 1208
1207 1208 1209
1209 1208 1210
1209 1210 1211
1210 1212 1211
1210 1213 1212
1214 1212 1213
1214 1213 1215
1216 1214 1215
1216 1215 1217
1218 1216 1217
1218 1217 1219
1218 1219 1220
1218 1220 1221
1221 1220 1222
1221 1222 1223
1224 1225 1226
1227 1226 1225
1227 1225 1228
1229 1227 1228
1229 1228 1230
1231 1229 1230
1231 1232 1229
1231 1233 1232
1231 1234 1233
1233 1234 1235
1235 1234 1236
1237 1236 1234
1238 1237 1234
1239 1238 1234
1238 1240 1237
1240 1241 1237
1240 1242 1241
1241 1242 1243
1239 1234 1244
1239 1244 1245
1246 1245 1244
1244 1247 1246
1248 1247 1244
1249 1250 1251
1249 1251 1252
1249 1252 1253
1254 1255 1256
1254 1256 1257
1258 1259 1260
1258 1260 1261
1262 1263 1264
1262 1264 1265
1266 1262 1265
1266 1265 1267
1266 1267 1268
1267 1269 1268
1267 1270 1269
1270 1271 1269
1270 1272 1271
1272 1273 1271
1272 1274 1273
1274 1275 1273
1274 1276 1275
1277 1275 1276
1277 1278 1275
1278 1277 1279
1279 1277 1280
1279 1280 1281
1280 1282 1281
1280 1283 1282
1284 1285 1286
1284 1286 1287
1288 1284 1287
1288 1289 1284
1290 1289 1288
1290 1291 1289
1292 1291 1290
1292 1293 1291
1294 1293 1292
1294 1295 1293
1295 1294 1296
1297 1296 1294
1297 1298 1296
1299 1300 1301
1299 1301 1302
1303 1302 1301
1303 1301 1304
1305 1303 1304
1305 1304 1306
1305 1306 1307
1305 1307 1308
1308 1307 1309
1308 1309 1310
1310 1309 1311
1310 1311 1312
1312 1311 1313
1312 1313 1314
1315 1314 1313
1315 1316 1314
1317 1318 1319
1317 1320 1318
1321 1320 1317
1321 1322 1320
1323 1322 1321
1323 1324 1322
1325 1324 1323
1325 1326 1324
1327 1326 1325
1327 1328 1326
1329 1328 1327
1329 1330 1328
1331 1332 1333
1331 1333 1334
1335 1331 1334
1335 1334 1336
1337 1335 1336
1337 1336 1338
1339 1337 1338
1339 1338 1340
1341 1339 1340
1341 1340 1342
1343 1341 1342
1343 1342 1344
1345 1343 1344
1345 1344 1346
1347 1348 1349
1347 1350 1348
1350 1351 1348
1350 1352 1351
1352 1353 1351
1352 1354 1353
1355 1353 1354
1355 1354 1356
1356 1357 1355
1356 1358 1357
1358 1359 1357
1358 1360 1359
1360 1361 1359
1360 1362 1361
1362 1363 1361
1362 1364 1363
1365 1364 1366
1365 1366 1367
1367 1366 1368
1367 1368 1369
1369 1368 1370
1369 1370 1371
1371 1370 1372
1371 1372 1373
1373 1372 1374
1373 1374 1375
1375 1374 1376
1375 1376 1377
1377 1376 1378
1377 1378 1379
1379 1378 1380
1379 1380 1381
1382 1383 1384
1382 1384 1385
1386 1382 1385
1386 1385 1387
1388 1389 1390
1388 1391 1389
1392 1391 1388
1392 1388 1393
1394 1392 1393
1394 1393 1395
1395 1396 1394
1395 1397 1396
1398 1396 1397
1398 1397 1399
1400 1398 1399
1400 1399 1401
1402 1400 1401
1402 1403 1400
1404 1403 1402
1404 1405 1403
1404 1406 1405
1404 1407 1406
1408 1409 1410
1408 1410 1411
1412 1408 1411
1412 1411 1413
1412 1413 1414
1412 1414 1415
1416 1415 1414
1416 1417 1415
1418 1417 1416
1418 1416 1419
1420 1418 1419
1420 1419 1421
1422 1420 1421
1422 1421 1423
1424 1422 1423
1424 1425 1422
1426 1425 1424
1426 1427 1425
1428 1427 1426
1428 1426 1429
1428 1429 1430
1430 1429 1431
1432 1431 1429
1433 1434 1435
1433 1436 1434
1437 1434 1436
1437 1438 1434
1439 1438 1437
1439 1440 1438
1440 1439 1441
1442 1443 1444
1444 1445 1442
1444 1446 1445
1447 1448 1449
1447 1449 1450
1451 1447 1450
1451 1450 1452
1453 1451 1452
1453 1452 1454
1455 1453 1454
1455 1454 1456
1457 1455 1456
1457 1456 1458
1459 1457 1458
1459 1458 1460
1461 1459 1460
1461 1460 1462
1462 1463 1461
1462 1464 1463
1465 1463 1464
1465 1464 1466
1466 1467 1465
1466 1468 1467
1469 1467 1468
1469 1468 1470
1471 1469 1470
1471 1470 1472
1473 1474 1475
1473 1475 1476
1477 1478 1479
1477 1480 1478
1477 1481 1480
1477 1482 1481
1482 1483 1481
1482 1484 1483
1484 1485 1483
1484 1486 1485
1487 1488 1489
1487 1489 1490
1490 1491 1487
1492 1490 1489
1490 1493 1491
1492 1494 1490
1494 1493 1490
1495 1494 1492
1494 1496 1493
1495 1497 1494
1497 1496 1494
1497 1498 1496
1499 1497 1495
1500 1498 1497
1499 1500 1497
1500 1501 1498
1502 1501 1500
1503 1500 1499
1502 1500 1503
1503 1499 1504
1505 1503 1504
1506 1502 1503
1505 1506 1503
1506 1507 1502
1508 1506 1505
1509 1507 1506
1508 1509 1506
1509 1510 1507
1511 1509 1508
1512 1510 1509
1511 1512 1509
1512 1513 1510
1514 1512 1511
1515 1513 1512
1514 1516 1512
1515 1512 1516
1517 1516 1514
1518 1515 1516
1517 1519 1516
1518 1516 1519
1520 1519 1517
1519 1521 1518
1520 1522 1519
1519 1522 1521
1523 1522 1520
1524 1521 1522
1523 1524 1522
1524 1525 1521
1526 1524 1523
1527 1525 1524
1526 1527 1524
1527 1528 1525
1529 1527 1526
1530 1528 1527
1529 1530 1527
1530 1531 1528
1532 1530 1529
1533 1531 1530
1532 1533 1530
1533 1534 1531
1533 1532 1535
1536 1534 1533
1533 1535 1536
1536 1537 1534
1538 1536 1535
1538 1537 1536
1538 1539 1537
1540 1541 1542
1542 1543 1540
1542 1544 1543
1545 1546 1547
1545 1548 1546
1546 1548 1549
1546 1549 1550
1549 1551 1550
1552 1551 1549
1553 1550 1551
1553 1554 1550
1552 1555 1551
1556 1551 1555
1556 1557 1551
1558 1557 1553
1552 1559 1555
1559 1560 1555
1561 1560 1556
1559 1562 1560
1559 1563 1562
1564 1565 1554
1564 1566 1550
1564 1567 1566
1567 1568 1566
1567 1569 1568
1570 1563 1571
1570 1571 1572
1573 1571 1552
1573 1574 1570
1573 1552 1575
1576 1574 1572
1576 1572 1575
1576 1577 1574
1578 1579 1577
1575 1579 1578
1575 1580 1579
1579 1580 1581
1582 1581 1580
1582 1580 1583
1584 1582 1583
1584 1585 1582
1586 1585 1584
1586 1587 1585
1588 1587 1586
1588 1589 1587
1590 1591 1592
1590 1592 1593
1593 1592 1594
1593 1594 1595
1595 1594 1596
1595 1596 1597
1596 1598 1597
1596 1599 1598
1600 1598 1599
1600 1599 1601
1602 1600 1601
1602 1601 1603
1604 1605 1606
1604 1606 1607
1608 1609 1610
1608 1610 1611
1612 1608 1611
1612 1611 1613
1614 1612 1613
1614 1613 1615
1616 1614 1615
1616 1615 1617
1618 1619 1620
1618 1620 1621
1622 1623 1624
1622 1624 1625
1626 1627 1628
1626 1629 1627
1629 1630 1627
1631 1632 1630
1631 1630 1633
1634 1635 1636
1634 1636 1637
1638 1639 1640
1638 1640 1641
1642 1643 1644
1642 1644 1645
1646 1647 1648
1646 1648 1649
1650 1651 1652
1650 1652 1653
1654 1655 1656
1654 1657 1655
1658 1659 1657
1658 1657 1660
1661 1662 1663
1661 1663 1664
1665 1661 1666
1665 1666 1667
1668 1669 1670
1668 1670 1671
1672 1673 1674
1672 1674 1675
1676 1677 1678
1676 1678 1679
1680 1681 1682
1680 1682 1683
1684 1685 1686
1684 1686 1687
1688 1689 1690
1688 1690 1691
1692 1693 1694
1692 1694 1695
1696 1697 1698
1696 1698 1699
1700 1701 1702
1700 1702 1703
1704 1705 1706
1704 1706 1707
1708 1709 1710
1708 1710 1711
1712 1713 1714
1712 1714 1715
1716 1717 1718
1716 1718 1719
1720 1721 1722
1720 1722 1723
1724 1725 1726
1724 1727 1725
1728 1727 1724
1729 1725 1727
1729 1730 1725
1728 1731 1727
1727 1731 1729
1732 1731 1728
1729 1731 1733
1732 1734 1731
1733 1731 1734
1735 1734 1732
1734 1736 1733
1735 1736 1734
1733 1736 1737
1738 1736 1735
1737 1736 1739
1738 1739 1736
1740 1737 1739
1741 1739 1738
1740 1739 1741
1741 1738 1742
1743 1740 1741
1744 1741 1742
1743 1741 1745
1744 1745 1741
1746 1743 1745
1747 1745 1744
1746 1745 1747
1747 1744 1748
1749 1746 1747
1750 1747 1748
1749 1747 1750
1750 1748 1751
1752 1749 1750
1751 1753 1750
1752 1750 1754
1753 1754 1750
1755 1756 1757
1755 1757 1758
1759 1760 1757
1759 1757 1761
1762 1763 1764
1762 1764 1765
1765 1766 1762
1767 1768 1769
1767 1769 1770
1767 1770 1771
1767 1771 1772
1771 1770 1773
1771 1773 1774
1772 1771 1775
1771 1774 1776
1775 1771 1777
1775 1777 1778
1771 1776 1779
1778 1777 1780
1778 1780 1781
1780 1782 1781
1780 1783 1782
1779 1776 1784
1779 1784 1785
1786 1779 1785
1786 1787 1779
1787 1786 1788
1789 1790 1791
1789 1791 1792
1792 1793 1789
1792 1794 1793
1794 1795 1793
1794 1796 1795
1796 1797 1795
1796 1798 1797
1798 1799 1797
1798 1800 1799
1800 1801 1799
1800 1802 1801
1802 1803 1801
1802 1804 1803
1805 1806 1807
1805 1808 1806
1809 1806 1808
1809 1808 1810
1811 1809 1810
1811 1810 1812
1813 1814 1815
1813 1815 1816
1817 1813 1816
1817 1816 1818
1815 1819 1816
1818 1816 1819
1815 1820 1819
1818 1819 1821
1820 1822 1819
1821 1819 1822
1820 1823 1822
1821 1822 1824
1823 1825 1822
1824 1822 1825
1823 1826 1825
1824 1825 1827
1826 1828 1825
1827 1825 1828
1826 1829 1828
1827 1828 1830
1831 1828 1829
1831 1829 1832
1833 1828 1831
1833 1830 1828
1834 1830 1833
1835 1836 1837
1835 1837 1838
1839 1840 1841
1839 1842 1840
1842 1843 1840
1842 1844 1843
1844 1845 1843
1844 1846 1845
1847 1845 1846
1847 1846 1848
1849 1847 1848
1849 1848 1850
1850 1851 1849
1850 1852 1851
1853 1854 1855
1853 1856 1854
1857 1856 1853
1857 1858 1856
1859 1860 1861
1859 1861 1862
1863 1864 1865
1866 1865 1864
1866 1864 1867
1867 1868 1866
1867 1869 1868
1870 1868 1869
1870 1869 1871
1870 1872 1868
1870 1873 1872
1868 1872 1874
1868 1874 1875
1876 1875 1874
1876 1877 1875
1878 1877 1876
1879 1880 1881
1881 1880 1882
1881 1882 1883
1881 1883 1884
1881 1884 1885
1886 1887 1888
1886 1888 1889
1890 1886 1889
1890 1889 1891
1890 1891 1892
1890 1892 1893
1893 1892 1894
1893 1894 1895
1894 1896 1895
1894 1897 1896
1898 1896 1897
1896 1898 1899
1896 1899 1900
1901 1902 1903
1902 1904 1903
1902 1905 1904
1906 1904 1905
1906 1905 1907
1908 1906 1907
1908 1909 1906
1909 1908 1910
1910 1911 1909
1910 1912 1911
1913 1911 1912
1914 1913 1912
1914 1915 1913
1912 1910 1916
1910 1917 1916
1910 1918 1917
1919 1918 1910
1920 1918 1919
1921 1920 1919
1921 1919 1922
1921 1922 1923
1924 1925 1926
1924 1927 1925
1928 1927 1924
1928 1929 1927
1928 1930 1929
1928 1931 1930
1931 1932 1930
1931 1933 1932
1934 1935 1928
1936 1928 1935
1934 1928 1937
1938 1934 1937
1938 1937 1939
1936 1940 1928
1941 1940 1936
1941 1942 1940
1943 1944 1945
1946 1945 1944
1946 1944 1947
1946 1947 1948
1949 1950 1951
1949 1951 1952
1953 1954 1955
1955 1954 1956
1955 1956 1957
1958 1959 1960
1958 1960 1961
1962 1963 1964
1962 1965 1963
1965 1966 1963
1965 1967 1966
1967 1968 1966
1967 1969 1968
1969 1970 1968
1969 1971 1970
1970 1972 1968
1970 1973 1972
1968 1972 1974
1968 1974 1975
1975 1974 1976
1975 1976 1977
1977 1976 1978
1977 1978 1979
1980 1981 1982
1980 1983 1981
1983 1980 1984
1983 1984 1985
1984 1986 1985
1984 1987 1986
1988 1989 1990
1988 1991 1989
1992 1991 1988
1992 1993 1991
1994 1993 1992
1994 1992 1995
1996 1994 1995
1996 1995 1997
1997 1998 1996
1997 1999 1998
2000 2001 2002
2000 2002 2003
2004 2005 2006
2004 2006 2007
2008 2009 2010
2008 2011 2009
2008 2012 2011
2008 2013 2012
2014 2015 2016
2014 2016 2017
2018 2019 2020
2018 2020 2021
2022 2018 2021
2022 2021 2023
2024 2022 2023
2024 2023 2025
2026 2024 2025
2026 2025 2027
2026 2027 2028
2026 2028 2029
2029 2028 2030
2029 2030 2031
2032 2033 2034
2032 2034 2035
2036 2037 2038
2036 2038 2039
2040 2041 2042
2040 2042 2043
2042 2044 2043
2042 2045 2044
2046 2044 2045
2046 2047 2044
2046 2048 2047
2046 2049 2048
2048 2049 2050
2048 2050 2051
2052 2051 2050
2052 2050 2053
2054 2052 2053
2054 2055 2052
2056 2057 2058
2056 2058 2059
2060 2061 2062
2060 2062 2063
2064 2065 2066
2067 2066 2065
2067 2065 2068
2067 2068 2069
2070 2071 2072
2070 2073 2071
2073 2074 2071
2073 2075 2074
2075 2076 2074
2075 2077 2076
2078 2079 2080
2078 2080 2081
2082 2083 2084
2085 2083 2082
2085 2086 2083
2085 2087 2086
2085 2088 2087
2087 2088 2089
2090 2089 2088
2090 2091 2089
2092 2091 2090
2092 2093 2091
2094 2093 2092
2094 2095 2093
2096 2095 2094
2096 2097 2095
2098 2097 2096
2098 2099 2097
2100 2099 2098
2100 2101 2099
2102 2101 2100
2102 2103 2101
2104 2103 2102
2104 2105 2103
2106 2105 2104
2106 2107 2105
2108 2107 2106
2108 2109 2107
2108 2110 2109
2108 2111 2110
2111 2112 2110
2111 2113 2112
2114 2115 2116
2114 2117 2115
2117 2118 2115
2119 2117 2114
2117 2120 2118
2119 2120 2117
2120 2121 2118
2122 2120 2119
2120 2122 2121
2122 2119 2123
2122 2124 2121
2125 2122 2123
2122 2125 2124
2125 2123 2126
2125 2127 2124
2128 2125 2126
2125 2128 2127
2128 2126 2129
2128 2130 2127
2129 2131 2128
2128 2131 2130
2129 2132 2131
2131 2133 2130
2132 2134 2131
2131 2134 2133
2132 2135 2134
2134 2136 2133
2135 2137 2134
2134 2137 2136
2137 2138 2136
2135 2139 2137
2137 2140 2138
2139 2140 2137
2139 2141 2140
2142 2143 2144
2142 2145 2143
2145 2146 2143
2145 2147 2146
2147 2148 2146
2147 2149 2148
2149 2150 2148
2149 2151 2150
2151 2152 2150
2151 2153 2152
2153 2154 2152
2153 2155 2154
2156 2157 2158
2156 2159 2157
2157 2159 2160
2161 2162 2163
2161 2163 2164
2164 2165 2161
2166 2164 2163
2164 2167 2165
2166 2163 2168
2169 2165 2167
2168 2170 2166
2169 2171 2165
2168 2172 2170
2172 2173 2170
2174 2173 2172
2174 2172 2175
2175 2176 2174
2175 2177 2176
2177 2178 2176
2177 2179 2178
2180 2178 2179
2180 2179 2181
2182 2171 2169
2182 2183 2171
2182 2184 2183
2182 2185 2184
2185 2186 2184
2185 2187 2186
2187 2185 2188
2189 2190 2191
2189 2191 2192
2193 2194 2195
2193 2195 2196
2197 2198 2199
2197 2199 2200
2201 2202 2203
2201 2203 2204
2205 2206 2207
2205 2207 2208
2209 2205 2208
2209 2208 2210
2210 2211 2209
2210 2212 2211
2213 2211 2212
2213 2212 2214
2215 2213 2214
2215 2214 2216
2217 2218 2219
2217 2220 2218
2221 2220 2217
2221 2222 2220
2221 2223 2222
2221 2224 2223
2225 2223 2224
2225 2224 2226
2226 2227 2225
2226 2228 2227
2229 2227 2228
2229 2228 2230
2231 2232 2233
2231 2233 2234
2235 2231 2234
2235 2234 2236
2236 2237 2235
2236 2238 2237
2239 2237 2238
2239 2240 2237
2241 2240 2239
2241 2242 2240
2243 2242 2241
2243 2244 2242
2245 2244 2243
2245 2246 2244
2247 2248 2249
2247 2249 2250
2251 2247 2250
2251 2252 2247
2253 2254 2255
2253 2255 2256
2257 2253 2256
2257 2256 2258
2259 2257 2258
2259 2258 2260
2261 2259 2260
2261 2260 2262
2263 2261 2262
2263 2262 2264
2265 2263 2264
2265 2264 2266
2267 2265 2266
2267 2266 2268
2269 2267 2268
2269 2268 2270
2269 2270 2271
2269 2271 2272
2273 2274 2275
2273 2276 2274
2277 2274 2276
2277 2276 2278
2279 2277 2278
2279 2278 2280
2281 2279 2280
2281 2280 2282
2283 2284 2285
2283 2285 2286
2287 2283 2286
2287 2286 2288
2287 2288 2289
2287 2289 2290
2291 2290 2289
2291 2289 2292
2292 2289 2293
2292 2293 2294
2295 2293 2289
2288 2295 2289
2296 2295 2288
2296 2288 2297
2296 2297 2298
2297 2288 2299
2299 2288 2300
2288 2301 2300
2288 2286 2301
2301 2286 2302
2302 2286 2303
2303 2286 2285
2303 2285 2304
2304 2285 2305
2304 2305 2306
2305 2307 2306
2308 2309 2310
2308 2310 2311
2311 2310 2312
2311 2312 2313
2313 2312 2314
2313 2314 2315
2316 2317 2318
2316 2319 2317
2319 2320 2317
2319 2321 2320
2320 2321 2322
2320 2322 2323
2324 2323 2322
2324 2322 2325
2325 2326 2324
2325 2327 2326
2328 2329 2330
2331 2328 2330
2331 2332 2328
2333 2332 2331
2333 2334 2332
2333 2335 2334
2333 2336 2335
2336 2337 2335
2336 2338 2337
2338 2339 2337
2338 2340 2339
2340 2341 2339
2340 2342 2341
2342 2343 2341
2342 2344 2343
2344 2345 2343
2344 2346 2345
2347 2345 2346
2347 2346 2348
2346 2349 2348
2350 2351 2352
2350 2352 2353
2354 2350 2353
2353 2352 2355
2354 2353 2356
2353 2355 2357
2356 2353 2357
2356 2357 2358
2357 2355 2359
2358 2357 2360
2357 2359 2360
2358 2360 2361
2360 2362 2361
2359 2363 2360
2360 2363 2362
2359 2364 2363
2365 2362 2363
2366 2363 2364
2365 2363 2366
2366 2364 2367
2366 2368 2365
2369 2366 2367
2369 2368 2366
2369 2370 2368
2371 2372 2373
2371 2373 2374
2375 2376 2377
2375 2378 2376
2378 2379 2376
2378 2380 2379
2381 2379 2380
2381 2380 2382
2382 2383 2381
2382 2384 2383
2385 2386 2387
2385 2388 2386
2388 2389 2386
2388 2390 2389
2391 2392 2393
2391 2394 2392
2394 2395 2392
2394 2396 2395
2396 2397 2395
2396 2398 2397
2399 2397 2398
2399 2398 2400
2401 2402 2403
2401 2403 2404
2405 2404 2403
2406 2401 2404
2405 2403 2407
2406 2404 2408
2409 2405 2407
2404 2410 2408
2409 2411 2405
2404 2412 2410
2404 2413 2412
2404 2414 2413
2414 2404 2405
2405 2411 2415
2414 2405 2416
2405 2415 2416
2417 2418 2419
2417 2419 2420
2421 2417 2420
2421 2420 2422
2422 2423 2421
2423 2424 2421
2424 2425 2421
2422 2426 2423
2422 2427 2426
2427 2428 2426
2428 2429 2426
2428 2430 2429
2430 2431 2429
2430 2432 2431
2432 2433 2431
2432 2434 2433
2435 2436 2437
2435 2438 2436
2439 2436 2438
2439 2438 2440
2440 2441 2439
2440 2442 2441
2441 2442 2443
2441 2443 2444
2444 2443 2445
2444 2445 2446
2447 2446 2445
2447 2445 2448
2449 2450 2451
2451 2452 2449
2451 2453 2452
2453 2454 2452
2453 2455 2454
2455 2456 2454
2455 2457 2456
2457 2458 2456
2457 2459 2458
2459 2460 2458
2459 2461 2460
2460 2461 2462
2460 2462 2463
2462 2464 2463
2462 2465 2464
2465 2466 2464
2465 2467 2466
2466 2467 2468
2468 2469 2466
2468 2470 2469
2469 2470 2471
2469 2471 2472
2471 2473 2472
2471 2474 2473
2475 2473 2474
2476 2475 2474
2477 2478 2479
2477 2479 2480
2481 2482 2483
2482 2484 2483
2484 2482 2485
2484 2485 2486
2484 2487 2483
2484 2486 2488
2484 2489 2487
2489 2484 2488
2487 2489 2490
2489 2488 2491
2489 2492 2490
2492 2489 2491
2492 2493 2490
2492 2491 2494
2492 2495 2493
2495 2492 2494
2495 2496 2493
2495 2494 2497
2495 2498 2496
2498 2495 2497
2498 2499 2496
2498 2497 2500
2498 2501 2499
2500 2501 2498
2500 2502 2501
2501 2503 2499
2501 2502 2504
2501 2505 2503
2501 2504 2505
2505 2504 2506
2505 2507 2503
2505 2506 2508
2505 2509 2507
2509 2505 2508
2509 2510 2507
2509 2508 2511
2509 2512 2510
2512 2509 2511
2512 2513 2510
2512 2511 2514
2512 2515 2513
2515 2512 2514
2515 2516 2513
2515 2514 2517
2515 2518 2516
2517 2518 2515
2518 2519 2516
2517 2520 2518
2518 2521 2519
2520 2521 2518
2521 2522 2519
2520 2523 2521
2521 2524 2522
2524 2521 2523
2524 2525 2522
2524 2523 2526
2524 2527 2525
2527 2524 2526
2528 2525 2527
2527 2526 2529
2528 2527 2530
2530 2527 2529
2531 2532 2533
2531 2534 2532
2535 2532 2534
2535 2536 2532
2536 2535 2537
2536 2537 2538
2537 2539 2538
2540 2541 2542
2541 2543 2542
2544 2545 2546
2544 2547 2545
2547 2548 2545
2547 2549 2548
2549 2550 2548
2549 2551 2550
2552 2553 2554
2552 2554 2555
2556 2557 2558
2556 2558 2559
2560 2561 2562
2560 2562 2563
2564 2565 2566
2564 2566 2567
2567 2566 2568
2567 2568 2569
2568 2570 2569
2568 2571 2570
2572 2573 2574
2572 2575 2573
2576 2575 2572
2576 2577 2575
2578 2577 2576
2578 2579 2577
2580 2579 2578
2580 2581 2579
2582 2581 2580
2582 2583 2581
2584 2583 2582
2584 2582 2585
2586 2587 2588
2586 2588 2589
2590 2589 2588
2590 2588 2591
2592 2590 2591
2592 2591 2593
2594 2592 2593
2594 2593 2595
2595 2596 2594
2595 2597 2596
2598 2596 2597
2598 2597 2599
2600 2598 2599
2600 2599 2601
2602 2600 2601
2602 2601 2603
2604 2602 2603
2604 2603 2605
2606 2604 2605
2606 2605 2607
2608 2606 2607
2608 2607 2609
2609 2610 2608
2609 2611 2610
2610 2611 2612
2610 2612 2613
2614 2615 2616
2614 2616 2617
2617 2616 2618
2619 2617 2618
2619 2618 2620
2621 2620 2618
2621 2622 2620
2622 2623 2620
2622 2624 2623
2621 2625 2622
2624 2622 2625
2621 2626 2625
2624 2625 2627
2625 2626 2628
2627 2625 2629
2625 2628 2629
2629 2628 2630
2627 2629 2631
2629 2630 2632
2631 2629 2632
2631 2632 2633
2634 2635 2636
2634 2636 2637
2638 2639 2640
2638 2640 2641
2642 2643 2644
2642 2644 2645
2645 2644 2646
2645 2646 2647
2647 2646 2648
2647 2648 2649
2649 2648 2650
2649 2650 2651
2650 2652 2651
2650 2653 2652
2653 2654 2652
2653 2655 2654
2655 2656 2654
2655 2657 2656
2658 2656 2657
2658 2657 2659
2660 2658 2659
2660 2661 2658
2661 2660 2662
2661 2662 2663
2664 2665 2666
2665 2667 2666
2665 2668 2667
2665 2669 2668
2667 2670 2666
2670 2671 2666
2672 2673 2674
2674 2675 2672
2676 2675 2674
2676 2674 2677
2675 2678 2672
2679 2672 2678
2679 2680 2672
2681 2680 2679
2681 2682 2680
2683 2682 2681
2683 2684 2682
2685 2684 2683
2685 2686 2684
2687 2686 2685
2687 2688 2686
2689 2690 2691
2689 2692 2690
2693 2692 2689
2693 2694 2692
2695 2694 2693
2695 2696 2694
2696 2695 2697
2696 2697 2698
2698 2699 2696
2700 2701 2702
2700 2703 2701
2704 2703 2700
2704 2705 2703
2706 2705 2704
2706 2707 2705
2708 2707 2706
2708 2709 2707
2710 2709 2708
2710 2711 2709
2712 2711 2710
2712 2713 2711
2714 2713 2712
2714 2715 2713
2716 2715 2714
2716 2717 2715
2718 2717 2716
2718 2719 2717
2720 2719 2718
2720 2721 2719
2722 2721 2720
2722 2723 2721
2724 2723 2722
2724 2725 2723
2726 2727 2728
2726 2728 2729
2728 2730 2729
2728 2731 2730
2730 2731 2732
2730 2732 2733
2732 2734 2733
2732 2735 2734
2734 2735 2736
2734 2736 2737
2736 2738 2737
2736 2739 2738
2738 2739 2740
2738 2740 2741
2740 2742 2741
2740 2743 2742
2742 2743 2744
2742 2744 2745
2744 2746 2745
2744 2747 2746
2746 2747 2748
2746 2748 2749
2748 2750 2749
2748 2751 2750
2750 2751 2752
2750 2752 2753
2752 2754 2753
2752 2755 2754
2754 2755 2756
2754 2756 2757
2756 2758 2757
2756 2759 2758
2760 2761 2762
2760 2763 2761
2764 2763 2760
2764 2765 2763
2766 2765 2764
2766 2767 2765
2768 2767 2766
2768 2769 2767
2770 2771 2772
2770 2773 2771
2774 2773 2770
2774 2775 2773
2776 2775 2774
2776 2777 2775
2778 2777 2776
2778 2779 2777
2780 2781 2782
2780 2782 2783
2783 2782 2784
2783 2784 2785
2785 2784 2786
2785 2786 2787
2787 2786 2788
2787 2788 2789
2790 2791 2792
2790 2793 2791
2794 2793 2790
2794 2795 2793
2796 2795 2794
2796 2797 2795
2798 2797 2796
2798 2799 2797
2800 2801 2802
2800 2802 2803
2804 2805 2806
2804 2806 2807
2808 2809 2810
2808 2810 2811
2812 2813 2814
2812 2814 2815
2816 2817 2818
2816 2818 2819
2819 2818 2820
2819 2820 2821
2821 2820 2822
2821 2822 2823
2823 2822 2824
2823 2824 2825
2825 2824 2826
2825 2826 2827
2827 2826 2828
2827 2828 2829
2830 2831 2832
2830 2833 2831
2834 2833 2830
2834 2835 2833
2836 2835 2834
2836 2837 2835
2838 2837 2836
2838 2839 2837
2840 2839 2838
2840 2841 2839
2842 2841 2840
2842 2843 2841
2844 2845 2846
2844 2847 2845
2848 2847 2844
2848 2849 2847
2850 2849 2848
2850 2851 2849
2852 2851 2850
2852 2853 2851
2854 2853 2852
2854 2855 2853
2856 2855 2854
2856 2857 2855
2858 2859 2860
2858 2860 2861
2862 2858 2861
2862 2861 2863
2864 2862 2863
2864 2863 2865
2866 2864 2865
2866 2865 2867
2868 2866 2867
2868 2867 2869
2870 2868 2869
2870 2869 2871
2872 2873 2874
2872 2874 2875
2876 2877 2878
2876 2879 2877
2879 2880 2877
2879 2881 2880
2881 2882 2880
2881 2883 2882
2882 2883 2884
2882 2884 2885
2885 2884 2886
2885 2886 2887
2887 2886 2888
2887 2888 2889
2890 2891 2892
2892 2891 2893
2892 2893 2894
2895 2894 2893
2896 2894 2895
2896 2897 2894
2896 2898 2899
2896 2900 2898
2901 2902 2900
2900 2903 2901
2900 2904 2903
2905 2903 2904
2906 2905 2904
2907 2906 2904
2907 2904 2908
2909 2910 2911
2909 2911 2912
2913 2914 2915
2913 2915 2916
2917 2918 2919
2917 2919 2920
2921 2922 2923
2921 2923 2924
2925 2926 2927
2925 2927 2928
2929 2930 2931
2929 2931 2932
2933 2934 2935
2933 2936 2934
2937 2936 2933
2937 2938 2936
2939 2938 2937
2939 2940 2938
2941 2942 2943
2941 2944 2942
2941 2945 2944
2945 2941 2946
2946 2941 2947
2947 2948 2949
2948 2950 2949
2950 2948 2951
2952 2951 2948
2952 2948 2953
2954 2955 2956
2954 2956 2957
2958 2959 2960
2958 2960 2961
2961 2960 2962
2961 2962 2963
2963 2962 2964
2963 2964 2965
2965 2964 2966
2965 2966 2967
2967 2966 2968
2967 2968 2969
2969 2968 2970
2969 2970 2971
2972 2973 2974
2972 2974 2975
2976 2977 2978
2976 2978 2979
2980 2981 2982
2980 2983 2981
2984 2983 2980
2984 2985 2983
2986 2987 2988
2988 2987 2989
2989 2987 2990
2990 2987 2991
2987 2992 2993
2987 2994 2992
2995 2994 2987
2995 2987 2996
2997 2998 2999
2997 2999 3000
2997 3000 3001
3001 3002 2997
2997 3002 3003
2997 3003 3004
2997 3004 3005
3006 2997 3005
3006 3007 2997
3008 3009 3010
3008 3010 3011
3011 3010 3012
3011 3012 3013
3014 3015 3016
3014 3017 3015
3018 3015 3017
3018 3017 3019
3020 3021 3022
3020 3022 3023
3024 3025 3026
3024 3026 3027
3027 3026 3028
3027 3028 3029
3029 3028 3030
3029 3030 3031
3031 3030 3032
3031 3032 3033
3033 3032 3034
3033 3034 3035
3035 3034 3036
3035 3036 3037
3037 3036 3038
3037 3038 3039
3039 3038 3040
3039 3040 3041
3041 3040 3042
3041 3042 3043
3043 3042 3044
3043 3044 3045
3045 3044 3046
3045 3046 3047
3047 3046 3048
3047 3048 3049
3050 3051 3052
3050 3053 3051
3054 3053 3050
3054 3055 3053
3056 3055 3054
3056 3057 3055
3058 3057 3056
3058 3056 3059
3060 3061 3062
3060 3063 3061
3064 3061 3063
3064 3065 3061
3066 3065 3064
3066 3067 3065
3068 3067 3066
3068 3069 3067
3070 3071 3072
3070 3073 3071
3073 3074 3071
3073 3075 3074
3076 3074 3075
3076 3075 3077
3077 3078 3076
3077 3079 3078
3080 3081 3082
3080 3082 3083
3084 3080 3083
3084 3083 3085
3086 3084 3085
3086 3087 3084
3088 3087 3086
3088 3089 3087
3090 3091 3092
3090 3093 3091
3091 3093 3094
3091 3094 3095
3095 3094 3096
3095 3096 3097
3097 3096 3098
3097 3098 3099
3099 3098 3100
3099 3100 3101
3101 3100 3102
3101 3102 3103
3103 3102 3104
3103 3104 3105
3105 3104 3106
3105 3106 3107
3108 3109 3110
3108 3110 3111
3112 3113 3114
3112 3115 3113
3116 3113 3115
3115 3117 3116
3115 3118 3117
3118 3119 3117
3120 3119 3118
3117 3119 3121
3122 3119 3120
3121 3119 3123
3124 3119 3122
3123 3119 3125
3126 3119 3124
3125 3119 3126
3127 3128 3129
3127 3129 3130
3131 3132 3133
3131 3133 3134
3135 3136 3137
3135 3138 3136
3139 3138 3135
3139 3140 3138
3141 3140 3139
3141 3142 3140
3143 3142 3141
3143 3144 3142
3145 3144 3143
3145 3146 3144
3147 3146 3145
3147 3148 3146
3149 3148 3147
3149 3150 3148
3151 3150 3149
3151 3149 3152
3152 3153 3151
3154 3155 3156
3154 3156 3157
3158 3159 3160
3158 3161 3159
3161 3158 3162
3161 3162 3163
3164 3163 3162
3164 3162 3165
3166 3167 3168
3166 3169 3167
3167 3169 3170
3166 3171 3169
3172 3169 3171
3172 3173 3169
3174 3173 3172
3175 3173 3174
3175 3174 3176
3175 3177 3173
3178 3179 3180
3180 3181 3178
3180 3182 3181
3182 3183 3181
3178 3181 3184
3178 3184 3185
3186 3185 3184
3184 3187 3186
3186 3188 3185
3188 3189 3185
3190 3191 3192
3190 3193 3191
3193 3194 3191
3193 3190 3195
3193 3196 3194
3193 3195 3197
3197 3196 3193
3197 3195 3198
3197 3199 3196
3197 3198 3200
3200 3199 3197
3200 3201 3199
3200 3198 3202
3203 3201 3200
3200 3202 3203
3203 3204 3201
3205 3204 3203
3206 3203 3202
3205 3203 3206
3206 3202 3207
3208 3206 3207
3206 3209 3205
3208 3209 3206
3208 3207 3210
3208 3211 3209
3212 3208 3210
3208 3213 3211
3212 3214 3208
3208 3214 3213
3215 3216 3217
3215 3217 3218
3219 3215 3218
3219 3218 3220
3221 3219 3220
3221 3222 3219
3223 3222 3221
3223 3221 3224
3225 3223 3224
3225 3226 3223
3227 3226 3225
3227 3228 3226
3229 3228 3227
3229 3227 3230
3231 3232 3233
3231 3233 3234
3233 3235 3234
3233 3236 3235
3236 3237 3235
3236 3238 3237
3238 3239 3237
3238 3240 3239
3241 3239 3240
3241 3242 3239
3242 3241 3243
3242 3243 3244
3244 3243 3245
3244 3245 3246
3246 3245 3247
3246 3247 3248
3247 3249 3248
3247 3250 3249
3250 3251 3249
3250 3252 3251
3253 3254 3255
3255 3254 3256
3255 3256 3257
3257 3256 3258
3257 3258 3259
3260 3259 3258
3261 3260 3258
3261 3262 3260
3261 3263 3262
3264 3262 3263
3264 3265 3262
3266 3262 3265
3267 3262 3266
3268 3262 3267
3267 3266 3269
3269 3266 3270
3269 3270 3271
3270 3272 3271
3268 3273 3262
3268 3274 3273
3275 3273 3274
3273 3275 3276
3277 3273 3276
3278 3279 3280
3278 3281 3279
3278 3282 3281
3283 3284 3285
3283 3285 3286
3287 3288 3289
3287 3289 3290
3291 3292 3293
3291 3293 3294
3295 3294 3293
3295 3296 3294
3295 3297 3296
3298 3296 3297
3298 3299 3296
3300 3299 3298
3300 3301 3299
3302 3301 3300
3302 3303 3301
3304 3303 3302
3304 3305 3303
3306 3305 3304
3306 3304 3307
3307 3308 3306
3308 3309 3306
3308 3310 3309
3309 3310 3311
3309 3311 3312
3313 3314 3315
3316 3314 3313
3317 3316 3313
3317 3313 3318
3317 3318 3319
3318 3320 3319
3318 3321 3320
3321 3322 3320
3321 3323 3322
3324 3322 3323
3324 3325 3322
3326 3325 3324
3326 3327 3325
3327 3326 3328
3327 3328 3329
3330 3329 3328
3330 3328 3331
3332 3330 3331
3332 3331 3333
3334 3332 3333
3334 3335 3332
3336 3335 3334
3336 3337 3335
3338 3339 3340
3338 3341 3339
3342 3341 3338
3342 3338 3343
3344 3342 3343
3344 3343 3345
3346 3344 3345
3346 3345 3347
3348 3346 3347
3348 3347 3349
3349 3350 3348
3350 3351 3348
3350 3352 3351
3353 3354 3355
3353 3356 3354
3354 3356 3357
3354 3357 3358
3358 3357 3359
3358 3359 3360
3359 3361 3360
3359 3362 3361
3362 3363 3361
3362 3364 3363
3364 3365 3363
3364 3366 3365
3366 3367 3365
3366 3368 3367
3368 3369 3367
3368 3370 3369
3371 3372 3373
3371 3373 3374
3375 3371 3374
3375 3374 3376
3377 3375 3376
3377 3376 3378
3379 3377 3378
3379 3378 3380
3381 3379 3380
3381 3380 3382
3382 3383 3381
3382 3384 3383
3385 3386 3387
3385 3387 3388
3388 3387 3389
3388 3389 3390
3390 3389 3391
3390 3391 3392
3392 3391 3393
3392 3393 3394
3394 3393 3395
3394 3395 3396
3396 3395 3397
3396 3397 3398
3398 3397 3399
3398 3399 3400
3401 3402 3403
3401 3403 3404
3404 3403 3405
3404 3405 3406
3407 3408 3409
3407 3409 3410
3411 3407 3410
3411 3412 3407
3413 3412 3411
3413 3414 3412
3415 3414 3413
3415 3416 3414
3417 3416 3415
3417 3418 3416
3419 3418 3417
3419 3420 3418
3419 3421 3420
3419 3422 3421
3422 3423 3421
3422 3424 3423
3425 3423 3424
3425 3426 3423
3427 3428 3429
3427 3429 3430
3431 3430 3429
3431 3429 3432
3432 3433 3431
3432 3434 3433
3434 3435 3433
3436 3437 3438
3439 3437 3436
3439 3440 3437
3441 3442 3443
3441 3443 3444
3444 3443 3445
3444 3445 3446
3446 3445 3447
3446 3447 3448
3448 3447 3449
3448 3449 3450
3450 3449 3451
3450 3451 3452
3452 3451 3453
3452 3453 3454
3454 3453 3455
3454 3455 3456
3456 3455 3457
3456 3457 3458
3458 3457 3459
3458 3459 3460
3461 3460 3459
3461 3462 3460
3462 3461 3463
3462 3463 3464
3464 3463 3465
3464 3465 3466
3467 3468 3469
3467 3469 3470
3471 3472 3473
3471 3473 3474
3475 3471 3474
3475 3476 3471
3477 3476 3475
3477 3478 3476
3479 3478 3477
3479 3480 3478
3481 3482 3483
3481 3483 3484
3484 3483 3485
3484 3486 3481
3484 3485 3487
3484 3488 3486
3487 3488 3484
3488 3489 3486
3487 3490 3488
3488 3491 3489
3490 3491 3488
3490 3492 3491
3491 3493 3489
3492 3494 3491
3491 3494 3493
3492 3495 3494
3496 3494 3495
3497 3493 3494
3496 3497 3494
3497 3498 3493
3497 3499 3498
3496 3500 3497
3497 3500 3499
3496 3501 3500
3500 3502 3499
3501 3503 3500
3500 3503 3502
3501 3504 3503
3503 3505 3502
3504 3506 3503
3503 3506 3505
3504 3507 3506
3506 3508 3505
3509 3506 3507
3506 3510 3508
3509 3510 3506
3510 3511 3508
3512 3510 3509
3510 3513 3511
3512 3513 3510
3514 3511 3513
3515 3513 3512
3514 3513 3516
3515 3516 3513
3516 3517 3514
3515 3518 3516
3516 3518 3517
3515 3519 3518
3518 3520 3517
3519 3521 3518
3518 3521 3520
3519 3522 3521
3521 3523 3520
3522 3524 3521
3521 3524 3523
3522 3525 3524
3524 3526 3523
3525 3527 3524
3524 3527 3526
3525 3528 3527
3527 3529 3526
3530 3527 3528
3527 3530 3529
3530 3528 3531
3532 3529 3530
3532 3530 3531
3532 3531 3533
3534 3535 3536
3537 3535 3534
3537 3538 3535
3539 3540 3541
3539 3541 3542
3543 3539 3542
3543 3542 3544
3545 3543 3544
3545 3544 3546
3545 3546 3547
3545 3547 3548
3549 3548 3547
3550 3549 3547
3550 3551 3549
3551 3552 3549
3553 3552 3551
3551 3550 3554
3553 3551 3554
3554 3555 3553
3554 3550 3556
3555 3554 3557
3554 3556 3557
3555 3557 3558
3557 3559 3558
3560 3559 3557
3560 3557 3561
3556 3561 3557
3561 3562 3560
3563 3561 3556
3562 3561 3563
3562 3563 3564
3563 3565 3564
3563 3556 3566
3565 3563 3567
3566 3567 3563
3565 3567 3568
3569 3568 3567
3566 3570 3567
3569 3567 3570
3566 3571 3570
3570 3571 3572
3569 3570 3573
3570 3572 3574
3573 3570 3574
3573 3574 3575
3576 3577 3578
3576 3578 3579
3580 3576 3579
3580 3579 3581
3582 3580 3581
3582 3581 3583
3582 3583 3584
3582 3584 3585
3586 3585 3584
3586 3587 3585
3588 3587 3586
3588 3589 3587
3590 3591 3592
3590 3593 3591
3594 3593 3590
3594 3595 3593
3596 3595 3594
3596 3597 3595
3598 3597 3596
3598 3599 3597
3600 3599 3598
3600 3601 3599
3601 3600 3602
3601 3602 3603
3604 3605 3606
3604 3606 3607
3608 3609 3610
3608 3610 3611
3612 3613 3614
3612 3614 3615
3615 3614 3616
3616 3617 3618
3616 3618 3619
3620 3621 3622
3620 3622 3623
3624 3625 3626
3624 3627 3625
3628 3627 3624
3628 3624 3629
3630 3631 3632
3630 3632 3633
3634 3635 3636
3634 3636 3637
3637 3636 3638
3637 3638 3639
3640 3639 3638
3640 3638 3641
3642 3640 3641
3642 3641 3643
3644 3642 3643
3644 3645 3642
3644 3646 3645
3646 3647 3645
3647 3648 3645
3649 3645 3648
3649 3648 3650
3650 3651 3649
3651 3652 3649
3651 3653 3652
3651 3654 3653
3652 3655 3649
3656 3649 3655
3656 3657 3649
3656 3658 3657
3658 3659 3657
3659 3658 3660
3659 3660 3661
3659 3662 3657
3662 3663 3657
3662 3664 3663
3665 3663 3664
3665 3666 3663
3664 3667 3665
3668 3669 3670
3668 3670 3671
3672 3673 3674
3672 3674 3675
3676 3677 3678
3677 3679 3678
3677 3680 3679
3680 3681 3679
3680 3682 3681
3683 3681 3682
3683 3682 3684
3684 3685 3683
3686 3687 3688
3686 3688 3689
3690 3691 3692
3690 3692 3693
3690 3693 3694
3693 3695 3694
3693 3696 3695
3697 3695 3696
3697 3696 3698
3698 3699 3697
3700 3701 3702
3700 3703 3701
3700 3704 3703
3700 3705 3704
3706 3704 3705
3706 3707 3704
3708 3709 3710
3708 3710 3711
3712 3713 3714
3712 3714 3715
3716 3717 3718
3716 3719 3717
3719 3720 3717
3721 3719 3716
3721 3716 3722
3719 3723 3720
3719 3721 3723
3724 3720 3723
3721 3725 3723
3724 3723 3726
3725 3726 3723
3726 3727 3724
3726 3725 3728
3726 3728 3727
3725 3729 3728
3730 3727 3728
3729 3731 3728
3730 3728 3731
3732 3731 3729
3733 3730 3731
3732 3733 3731
3733 3734 3730
3735 3733 3732
3733 3736 3734
3735 3737 3733
3733 3737 3736
3738 3737 3735
3739 3736 3737
3738 3739 3737
3739 3740 3736
3741 3739 3738
3742 3740 3739
3741 3742 3739
3742 3743 3740
3744 3742 3741
3743 3742 3745
3744 3746 3742
3742 3746 3745
3747 3748 3749
3747 3749 3750
3750 3749 3751
3752 3753 3754
3752 3755 3753
3752 3756 3755
3752 3757 3756
3756 3758 3755
3756 3759 3758
3757 3760 3756
3756 3761 3759
3760 3762 3756
3760 3763 3762
3756 3764 3761
3763 3765 3762
3763 3766 3765
3767 3765 3766
3767 3768 3765
3764 3769 3761
3764 3770 3769
3771 3770 3764
3771 3764 3772
3772 3773 3771
3774 3775 3776
3774 3777 3775
3778 3777 3774
3778 3779 3777
3780 3779 3778
3780 3781 3779
3782 3781 3780
3782 3783 3781
3784 3783 3782
3784 3785 3783
3786 3785 3784
3786 3787 3785
3788 3787 3786
3788 3789 3787
3790 3791 3792
3790 3793 3791
3793 3790 3794
3793 3794 3795
3795 3794 3796
3795 3796 3797
3798 3799 3800
3798 3800 3801
3802 3801 3800
3802 3803 3801
3798 3801 3804
3803 3804 3801
3798 3804 3805
3803 3806 3804
3805 3804 3807
3806 3807 3804
3805 3807 3808
3806 3809 3807
3808 3807 3810
3810 3807 3809
3808 3810 3811
3810 3809 3812
3811 3810 3813
3812 3813 3810
3811 3813 3814
3812 3815 3813
3814 3813 3816
3814 3816 3817
3818 3816 3813
3818 3813 3815
3819 3818 3815
3820 3821 3822
3820 3822 3823
3824 3825 3826
3824 3827 3825
3828 3827 3824
3828 3829 3827
3830 3829 3828
3830 3831 3829
3831 3830 3832
3831 3832 3833
3833 3832 3834
3833 3834 3835
3836 3835 3834
3836 3837 3835
3838 3839 3840
3838 3840 3841
3842 3838 3841
3842 3841 3843
3844 3845 3846
3844 3846 3847
3848 3849 3850
3850 3849 3851
3851 3849 3852
3852 3849 3853
3853 3849 3854
3855 3856 3857
3855 3857 3858
3858 3857 3859
3858 3859 3860
3859 3861 3860
3859 3862 3861
3862 3863 3861
3862 3864 3863
3863 3864 3865
3863 3865 3866
3867 3866 3865
3868 3867 3865
3868 3865 3869
3870 3871 3872
3873 3872 3871
3873 3874 3872
3875 3874 3873
3875 3876 3874
3875 3877 3876
3875 3878 3877
3878 3879 3877
3880 3879 3878
3880 3881 3879
3882 3881 3880
3882 3883 3881
3882 3884 3883
3881 3885 3879
3885 3886 3879
3879 3886 3887
3888 3879 3887
3888 3887 3889
3888 3889 3890
3890 3891 3888
3890 3892 3891
3893 3894 3895
3893 3895 3896
3897 3898 3899
3900 3899 3898
3900 3898 3901
3902 3903 3904
3902 3904 3905
3906 3907 3908
3906 3908 3909
3910 3906 3909
3910 3909 3911
3910 3911 3912
3910 3912 3913
3914 3915 3916
3914 3917 3915
3917 3918 3915
3917 3919 3918
3918 3919 3920
3918 3920 3921
3921 3920 3922
3921 3922 3923
3923 3922 3924
3923 3924 3925
3926 3927 3928
3926 3928 3929
3930 3931 3932
3930 3932 3933
3934 3935 3936
3934 3936 3937
3938 3934 3937
3938 3939 3934
3940 3941 3942
3940 3942 3943
3944 3945 3946
3944 3947 3945
3948 3947 3944
3948 3949 3947
3950 3949 3948
3950 3951 3949
3952 3951 3950
3952 3953 3951
3952 3954 3953
3952 3955 3954
3956 3954 3955
3956 3955 3957
3958 3959 3960
3958 3960 3961
3962 3963 3964
3962 3964 3965
3966 3967 3968
3966 3968 3969
3970 3966 3969
3970 3971 3966
3970 3972 3971
3970 3973 3972
3974 3972 3973
3974 3975 3972
3976 3975 3974
3976 3974 3977
3978 3976 3977
3978 3979 3976
3978 3980 3979
3978 3981 3980
3982 3983 3984
3982 3984 3985
3986 3987 3988
3986 3988 3989
3990 3991 3992
3993 3992 3991
3993 3994 3992
3993 3995 3994
3996 3997 3998
3996 3999 3997
4000 3999 3996
4000 4001 3999
4002 4001 4000
4002 4003 4001
4004 4005 4006
4007 4004 4006
4007 4008 4004
4008 4007 4009
4010 4011 4012
4010 4012 4013
4014 4015 4016
4017 4014 4016
4017 4016 4018
4017 4018 4019
4017 4019 4020
4019 4021 4020
4022 4020 4021
4022 4021 4023
4024 4022 4023
4024 4023 4025
4026 4024 4025
4026 4025 4027
4028 4026 4027
4028 4027 4029
4030 4028 4029
4030 4029 4031
4032 4030 4031
4032 4031 4033
4034 4032 4033
4034 4033 4035
4036 4034 4035
4036 4035 4037
4038 4036 4037
4038 4037 4039
4040 4038 4039
4040 4039 4041
4042 4040 4041
4042 4043 4040
4044 4043 4042
4044 4045 4043
4046 4047 4048
4046 4049 4047
4050 4049 4046
4051 4047 4049
4050 4052 4049
4051 4049 4052
4053 4052 4050
4054 4051 4052
4053 4054 4052
4054 4055 4051
4056 4054 4053
4057 4055 4054
4056 4057 4054
4057 4058 4055
4059 4057 4056
4058 4057 4060
4059 4060 4057
4058 4060 4061
4062 4060 4059
4061 4060 4063
4062 4063 4060
4061 4063 4064
4065 4063 4062
4064 4063 4066
4065 4066 4063
4064 4066 4067
4068 4066 4065
4067 4066 4069
4068 4069 4066
4070 4069 4068
4067 4069 4071
4070 4072 4069
4071 4069 4072
4071 4072 4073
4074 4075 4076
4074 4077 4075
4078 4077 4074
4078 4079 4077
4080 4079 4078
4080 4081 4079
4082 4081 4080
4082 4083 4081
4084 4083 4082
4084 4085 4083
4086 4085 4084
4086 4087 4085
4088 4089 4090
4088 4091 4089
4088 4092 4091
4093 4094 4095
4093 4096 4094
4097 4096 4093
4098 4094 4096
4097 4099 4096
4098 4100 4094
4101 4099 4097
4102 4100 4098
4101 4097 4103
4102 4104 4100
4104 4102 4105
4106 4104 4105
4106 4107 4104
4108 4107 4106
4108 4109 4107
4110 4109 4108
4110 4111 4109
4112 4111 4110
4112 4113 4111
4114 4101 4103
4114 4103 4115
4116 4114 4115
4116 4117 4114
4117 4116 4118
4117 4118 4119
4117 4119 4120
4121 4122 4123
4121 4123 4124
4125 4126 4127
4125 4127 4128
4129 4130 4131
4129 4131 4132
4133 4134 4135
4133 4135 4136
4137 4138 4139
4137 4140 4138
4141 4140 4137
4141 4142 4140
4143 4142 4141
4143 4144 4142
4145 4144 4143
4145 4146 4144
4147 4146 4145
4147 4148 4146
4149 4150 4151
4149 4152 4150
4152 4153 4150
4152 4154 4153
4155 4153 4154
4155 4156 4153
4157 4156 4155
4157 4158 4156
4159 4158 4157
4159 4160 4158
4161 4160 4159
4161 4162 4160
4163 4164 4165
4163 4166 4164
4167 4166 4163
4167 4168 4166
4169 4168 4167
4169 4170 4168
4169 4171 4170
4169 4172 4171
4173 4171 4172
4173 4172 4174
4174 4175 4173
4174 4176 4175
4176 4177 4175
4176 4178 4177
4179 4180 4181
4179 4182 4180
4179 4183 4182
4179 4184 4183
4185 4186 4187
4185 4187 4188
4188 4187 4189
4188 4189 4190
4190 4189 4191
4190 4191 4192
4192 4191 4193
4192 4193 4194
4194 4193 4195
4194 4195 4196
4196 4195 4197
4196 4197 4198
4198 4197 4199
4198 4199 4200
4200 4199 4201
4200 4201 4202
4201 4203 4202
4201 4204 4203
4205 4206 4207
4205 4207 4208
4209 4208 4207
4209 4210 4208
4211 4210 4209
4211 4212 4210
4213 4212 4211
4213 4214 4212
4215 4216 4217
4215 4218 4216
4219 4218 4215
4219 4220 4218
4221 4220 4219
4221 4219 4222
4223 4221 4222
4223 4224 4221
4224 4225 4221
4224 4226 4225
4225 4227 4221
4227 4220 4221
4228 4220 4227
4229 4220 4228
4229 4228 4230
4231 4220 4229
4232 4220 4231
4233 4220 4232
4218 4220 4233
4218 4233 4234
4218 4234 4235
4216 4218 4235
4216 4235 4236
4216 4236 4237
4236 4238 4237
4237 4238 4239
4240 4241 4242
4240 4242 4243
4244 4240 4243
4244 4243 4245
4246 4244 4245
4246 4245 4247
4248 4249 4250
4248 4250 4251
4251 4250 4252
4251 4252 4253
4254 4253 4252
4254 4252 4255
4256 4254 4255
4256 4257 4254
4257 4256 4258
4257 4258 4259
4260 4261 4262
4263 4261 4260
4263 4260 4264
4265 4263 4264
4265 4264 4266
4267 4265 4266
4267 4268 4265
4269 4268 4267
4269 4270 4268
4271 4270 4269
4271 4272 4270
4273 4272 4271
4273 4274 4272
4275 4274 4273
4275 4276 4274
4277 4276 4275
4277 4278 4276
4278 4277 4279
4278 4279 4280
4278 4280 4281
4282 4283 4284
4282 4284 4285
4285 4284 4286
4287 4282 4285
4285 4286 4288
4287 4285 4289
4289 4285 4288
4289 4288 4290
4291 4287 4289
4292 4289 4290
4291 4289 4292
4292 4290 4293
4292 4293 4294
4291 4292 4295
4292 4294 4295
4291 4295 4296
4297 4295 4294
4296 4295 4298
4297 4298 4295
4296 4298 4299
4298 4297 4300
4301 4299 4298
4300 4301 4298
4300 4302 4301
4303 4304 4305
4303 4305 4306
4307 4308 4309
4307 4310 4308
4311 4310 4307
4311 4312 4310
4313 4312 4311
4313 4314 4312
4315 4314 4313
4315 4316 4314
4317 4318 4319
4317 4319 4320
4320 4319 4321
4320 4321 4322
4323 4324 4325
4323 4326 4324
4326 4323 4327
4326 4327 4328
4328 4327 4329
4328 4329 4330
4330 4329 4331
4330 4331 4332
4333 4334 4335
4333 4336 4334
4337 4334 4336
4336 4333 4338
4337 4339 4334
4336 4338 4340
4341 4339 4337
4336 4340 4342
4341 4337 4343
4336 4342 4344
4336 4344 4345
4336 4345 4346
4346 4337 4336
4337 4347 4343
4346 4348 4337
4337 4348 4347
4349 4350 4351
4349 4352 4350
4353 4350 4352
4353 4354 4350
4355 4354 4353
4355 4356 4354
4357 4356 4355
4356 4357 4358
4359 4360 4361
4359 4362 4363
4363 4364 4361
4365 4366 4367
4365 4367 4368
4368 4367 4369
4368 4370 4365
4368 4369 4371
4368 4372 4370
4371 4372 4368
4371 4373 4372
4372 4374 4370
4373 4375 4372
4372 4375 4374
4373 4376 4375
4374 4375 4377
4376 4377 4375
4374 4377 4378
4376 4379 4377
4377 4380 4378
4379 4381 4377
4377 4381 4380
4379 4382 4381
4383 4380 4381
4382 4383 4381
4383 4384 4380
4382 4385 4383
4386 4384 4383
4385 4386 4383
4385 4387 4386
4388 4386 4387
4386 4389 4384
4388 4390 4386
4389 4386 4390
4389 4390 4391
4392 4393 4394
4392 4395 4393
4396 4393 4395
4396 4397 4393
4398 4397 4396
4398 4399 4397
4400 4399 4398
4400 4401 4399
4402 4401 4400
4402 4400 4403
4404 4402 4403
4404 4403 4405
4406 4404 4405
4406 4405 4407
4407 4408 4406
4407 4409 4408
4410 4411 4412
4410 4413 4411
4413 4410 4414
4413 4414 4415
4415 4414 4416
4415 4416 4417
4418 4417 4416
4418 4416 4419
4420 4418 4419
4420 4421 4418
4422 4421 4420
4422 4420 4423
4424 4422 4423
4424 4423 4425
4425 4426 4424
4425 4427 4426
4428 4429 4430
4430 4429 4431
4431 4429 4432
4432 4429 4433
4434 4429 4435
4436 4429 4434
4437 4429 4436
4438 4429 4437
4439 4440 4441
4439 4442 4440
4442 4443 4440
4444 4445 4446
4444 4447 4445
4444 4448 4447
4448 4449 4447
4448 4450 4449
4450 4451 4449
4450 4452 4451
4452 4453 4451
4452 4454 4453
4454 4455 4453
4454 4456 4455
4455 4456 4457
4455 4457 4458
4458 4457 4459
4460 4461 4462
4463 4461 4460
4463 4464 4461
4465 4464 4463
4465 4463 4466
4467 4465 4466
4467 4466 4468
4469 4467 4468
4469 4468 4470
4469 4470 4471
4472 4473 4474
4472 4475 4473
4472 4476 4475
4476 4477 4475
4476 4478 4477
4479 4477 4478
4479 4480 4477
4481 4480 4479
4481 4479 4482
4481 4482 4483
4484 4485 4486
4484 4487 4485
4484 4488 4487
4487 4488 4489
4488 4490 4489
4488 4491 4490
4490 4491 4492
4490 4492 4493
4494 4493 4492
4493 4494 4495
4493 4495 4496
4497 4496 4495
4498 4496 4497
4496 4498 4499
4496 4499 4500
4501 4502 4503
4501 4504 4502
4505 4502 4504
4506 4502 4505
4506 4507 4502
4508 4509 4507
4508 4510 4509
4509 4510 4511
4509 4511 4512
4509 4512 4513
4514 4515 4516
4514 4517 4515
4514 4518 4517
4519 4518 4514
4519 4514 4520
4520 4521 4522
4522 4521 4523
4523 4521 4524
4524 4521 4525
4525 4521 4526
4527 4528 3644
4529 4528 4527
4529 3647 4528
4530 4531 4532
4533 4532 4531
4533 4531 4534
4535 4533 4534
4535 4534 4536
4530 4537 4531
4538 4535 4536
4538 4536 4539
4538 4539 4540
4538 4540 4541
4541 4540 4542
4541 4542 4543
4543 4542 4544
4543 4544 4545
4545 4544 4546
4545 4546 4547
4547 4546 4548
4547 4548 4549
4550 4549 4548
4550 4548 4551
4552 4550 4551
4552 4551 4553
4554 4552 4553
4553 4551 4555
4554 4553 4556
4555 4556 4553
4557 4554 4556
4557 4558 4554
4555 4559 4556
4560 4559 4555
4560 4561 4559
4556 4559 4562
4562 4559 4561
4556 4562 4557
4562 4561 4563
4562 4563 4564
4565 4558 4557
4562 4565 4557
4562 4564 4565
4565 4566 4558
4537 4565 4564
4566 4565 4537
4566 4537 4530
4567 4568 4569
4567 4569 4570
4569 4571 4570
4569 4572 4571
4569 4573 4572
4569 4568 4574
4574 4568 4575
4574 4575 4576
4574 4576 4577
4569 4578 4573
4574 4578 4569
4578 4579 4573
4574 4577 4580
4574 4580 4578
4580 4577 4581
4578 4582 4579
4580 4582 4578
4582 4583 4579
4580 4581 4584
4580 4584 4582
4584 4581 4585
4584 4585 4586
4582 4584 4586
4587 4586 4585
4587 4588 4586
4582 4589 4583
4582 4586 4589
4588 4589 4586
4590 4583 4589
4588 4591 4589
4590 4589 4591
4592 4593 4594
4594 4593 4595
4592 4594 4596
4594 4595 4597
4598 4592 4596
4597 4595 4599
4598 4596 4600
4597 4599 4601
4602 4598 4600
4601 4599 4603
4602 4600 4604
4601 4603 4605
4606 4602 4604
4605 4603 4606
4606 4604 4607
4605 4606 4607
4608 4609 4610
4608 4610 4611
4612 4608 4611
4612 4611 4613
4614 4612 4613
4614 4613 4615
4616 4614 4615
4616 4615 4617
4618 4616 4617
4618 4617 4619
4620 4618 4619
4620 4619 4621
4622 4620 4621
4622 4623 4620
4624 4623 4622
4624 4625 4623
4626 4625 4624
4626 4627 4625
4628 4627 4626
4628 4629 4627
4630 4629 4628
4630 4631 4629
4632 4631 4630
4632 4609 4631
4633 4634 4635
4634 4636 4635
4633 4637 4634
4634 4638 4636
4639 4637 4633
4639 4640 4637
4641 4636 4638
4641 4638 4642
4639 4643 4640
4639 4644 4643
4645 4643 4644
4645 4646 4643
4641 4642 4647
4641 4647 4648
4649 4648 4647
4649 4647 4650
4646 4645 4651
4646 4651 4652
4653 4649 4650
4653 4650 4654
4655 4652 4651
4655 4653 4654
4655 4651 4656
4655 4656 4653
4657 4658 4659
4659 4658 4660
4659 4660 4661
4661 4660 4662
4661 4662 4663
4657 4659 4664
4663 4662 4665
4663 4665 4666
4665 4667 4666
4665 4668 4667
4668 4669 4667
4668 4670 4669
4670 4671 4669
4670 4672 4671
4672 4673 4671
4672 4674 4673
4674 4675 4673
4674 4676 4675
4675 4676 4677
4675 4677 4678
4679 4678 4677
4679 4680 4678
4681 4680 4679
4680 4682 4678
4681 4683 4680
4682 4680 4683
4681 4684 4683
4681 4685 4684
4682 4683 4686
4687 4682 4686
4687 4686 4688
4689 4686 4683
4689 4688 4686
4689 4683 4684
4690 4688 4689
4690 4689 4691
4685 4692 4684
4689 4684 4692
4689 4692 4691
4685 4693 4692
4664 4691 4692
4693 4664 4692
4693 4657 4664
4694 4695 4696
4697 4696 4695
4694 4696 4698
4697 4699 4696
4700 4694 4698
4700 4698 4701
4699 4697 4702
4699 4702 4703
4704 4700 4701
4704 4705 4700
4706 4705 4704
4706 4704 4707
4702 4708 4703
4702 4709 4708
4708 4709 4710
4708 4710 4711
4712 4706 4707
4712 4707 4713
4714 4711 4710
4714 4715 4711
4712 4713 4716
4716 4715 4714
4712 4716 4717
4716 4714 4717
4718 4719 4720
4721 4718 4720
4719 4722 4720
4723 4721 4720
4722 4724 4720
4725 4723 4720
4724 4726 4720
4727 4725 4720
4726 4728 4720
4729 4727 4720
4728 4730 4720
4730 4729 4720
4731 4732 4733
4734 4731 4733
4732 4735 4733
4736 4734 4733
4735 4737 4733
4738 4736 4733
4737 4739 4733
4740 4738 4733
4739 4741 4733
4742 4740 4733
4741 4743 4733
4743 4742 4733
4744 4745 4746
4747 4745 4744
4746 4745 4748
4749 4745 4747
4748 4745 4750
4751 4745 4749
4750 4745 4752
4753 4745 4751
4752 4745 4754
4755 4745 4753
4754 4745 4756
4756 4745 4755
4757 4758 4759
4760 4757 4759
4758 4761 4759
4762 4760 4759
4761 4763 4759
4764 4762 4759
4763 4765 4759
4766 4764 4759
4765 4767 4759
4768 4766 4759
4767 4769 4759
4769 4768 4759
4770 4771 4772
4773 4771 4770
4772 4771 4774
4775 4771 4773
4774 4771 4776
4777 4771 4775
4776 4771 4778
4779 4771 4777
4778 4771 4780
4781 4771 4779
4780 4771 4782
4782 4771 4781
4783 4784 4785
4786 4784 4783
4785 4784 4787
4788 4784 4786
4787 4784 4789
4790 4784 4788
4789 4784 4791
4792 4784 4790
4791 4784 4793
4794 4784 4792
4793 4784 4795
4795 4784 4794
4796 4797 4798
4799 4796 4798
4797 4800 4798
4801 4799 4798
4800 4802 4798
4803 4801 4798
4802 4804 4798
4805 4803 4798
4804 4806 4798
4807 4805 4798
4806 4808 4798
4808 4807 4798
4809 4810 4811
4812 4810 4809
4811 4810 4813
4814 4810 4812
4813 4810 4815
4816 4810 4814
4815 4810 4817
4818 4810 4816
4817 4810 4819
4820 4810 4818
4819 4810 4821
4821 4810 4820
4822 4823 4824
4822 4824 4825
4825 4824 4826
4827 4823 4822
4827 4828 4823
4825 4826 4829
4829 4826 4830
4831 4828 4827
4831 4832 4828
4829 4830 4833
4833 4830 4834
4835 4832 4831
4835 4836 4832
4833 4834 4837
4837 4834 4838
4839 4836 4835
4839 4840 4836
4837 4838 4841
4841 4838 4842
4843 4840 4839
4843 4844 4840
4845 4842 4844
4841 4842 4845
4845 4844 4843
4846 4835 4831
4847 4839 4835
4847 4835 4846
4848 4843 4839
4848 4839 4847
4849 4845 4843
4849 4843 4848
4850 4848 4847
4850 4847 4846
4850 4849 4848
4850 4846 4851
4846 4831 4851
4850 4852 4849
4852 4845 4849
4852 4841 4845
4851 4831 4827
4853 4841 4852
4850 4853 4852
4853 4837 4841
4851 4827 4854
4850 4851 4854
4854 4827 4822
4855 4837 4853
4850 4855 4853
4855 4833 4837
4854 4822 4856
4850 4854 4856
4856 4822 4825
4857 4833 4855
4850 4857 4855
4857 4829 4833
4850 4856 4858
4856 4825 4858
4850 4858 4857
4858 4825 4829
4858 4829 4857
4859 4860 4861
4859 4861 4862
4860 4863 4861
4864 4859 4862
4860 4865 4863
4864 4862 4866
4865 4867 4863
4868 4864 4866
4865 4869 4867
4868 4866 4870
4869 4871 4867
4872 4868 4870
4869 4873 4871
4872 4870 4874
4873 4875 4871
4876 4872 4874
4873 4877 4875
4876 4874 4878
4877 4879 4875
4880 4876 4878
4877 4881 4879
4880 4878 4882
4881 4880 4882
4881 4882 4879
4883 4884 4885
4883 4886 4884
4887 4883 4885
4886 4888 4884
4887 4885 4889
4886 4890 4888
4891 4887 4889
4890 4892 4888
4891 4889 4893
4890 4894 4892
4895 4891 4893
4894 4896 4892
4895 4893 4897
4894 4898 4896
4899 4895 4897
4898 4900 4896
4899 4897 4901
4898 4902 4900
4903 4899 4901
4902 4904 4900
4903 4901 4905
4902 4906 4904
4906 4903 4905
4906 4905 4904
4907 4908 4909
4907 4909 4910
4908 4911 4909
4912 4907 4910
4908 4913 4911
4912 4910 4914
4913 4915 4911
4916 4912 4914
4913 4917 4915
4916 4914 4918
4917 4919 4915
4920 4916 4918
4917 4921 4919
4920 4918 4922
4921 4923 4919
4924 4920 4922
4921 4925 4923
4924 4922 4926
4925 4927 4923
4928 4924 4926
4925 4929 4927
4928 4926 4930
4929 4928 4930
4929 4930 4927
4931 4932 4933
4931 4933 4934
4935 4932 4931
4934 4933 4936
4935 4937 4932
4934 4936 4938
4939 4937 4935
4938 4936 4940
4939 4941 4937
4938 4940 4942
4943 4941 4939
4942 4940 4944
4943 4945 4941
4942 4944 4946
4947 4945 4943
4946 4944 4948
4947 4949 4945
4946 4948 4950
4951 4949 4947
4950 4948 4952
4951 4953 4949
4950 4952 4954
4954 4953 4951
4954 4952 4953
4955 4956 4957
4955 4958 4956
4957 4956 4959
4960 4958 4955
4957 4959 4961
4960 4962 4958
4961 4959 4963
4964 4962 4960
4961 4963 4965
4964 4966 4962
4965 4963 4967
4968 4966 4964
4965 4967 4969
4968 4970 4966
4969 4967 4971
4972 4970 4968
4969 4971 4973
4972 4974 4970
4973 4971 4975
4976 4974 4972
4973 4975 4977
4976 4978 4974
4977 4975 4978
4977 4978 4976
4979 4980 4981
4979 4981 4982
4983 4980 4979
4982 4981 4984
4983 4985 4980
4982 4984 4986
4987 4985 4983
4986 4984 4988
4987 4989 4985
4986 4988 4990
4991 4989 4987
4990 4988 4992
4991 4993 4989
4990 4992 4994
4995 4993 4991
4994 4992 4996
4995 4997 4993
4994 4996 4998
4999 4997 4995
4998 4996 5000
4999 5001 4997
4998 5000 5002
5002 5001 4999
5002 5000 5001
5003 5004 5005
5003 5005 5006
5007 5004 5003
5006 5005 5008
5006 5008 5009
5007 5010 5004
5011 5010 5007
5009 5008 5012
5009 5012 5013
5011 5014 5010
5015 5014 5011
5013 5012 5016
5013 5016 5017
5015 5018 5014
5019 5018 5015
5017 5016 5020
5017 5020 5021
5019 5022 5018
5023 5022 5019
5021 5020 5024
5021 5024 5025
5025 5026 5023
5023 5026 5022
5025 5024 5026
5012 5027 5016
5016 5028 5020
5016 5027 5028
5020 5029 5024
5020 5028 5029
5024 5030 5026
5024 5029 5030
5031 5029 5028
5031 5028 5027
5031 5030 5029
5031 5027 5032
5012 5032 5027
5031 5033 5030
5026 5030 5033
5026 5033 5022
5008 5032 5012
5022 5033 5034
5031 5034 5033
5022 5034 5018
5008 5035 5032
5031 5032 5035
5005 5035 5008
5018 5034 5036
5031 5036 5034
5018 5036 5014
5005 5037 5035
5031 5035 5037
5004 5037 5005
5014 5036 5038
5031 5038 5036
5014 5038 5010
5004 5039 5037
5031 5037 5039
5031 5039 5038
5010 5038 5039
5010 5039 5004
