byte offset: 0
first index: 0
index count: 11985
topology: trianglelist
format: DXGI_FORMAT_R16_UINT

0 1 2
3 4 5
6 7 3
6 8 7
9 6 3
9 3 10
10 3 11
10 11 12
13 8 6
14 6 9
14 13 6
15 9 10
16 14 9
16 9 15
10 12 17
15 10 18
18 10 17
17 12 19
12 20 19
19 20 21
22 16 15
22 15 23
23 15 18
23 18 24
24 18 25
18 17 26
27 16 22
26 17 28
17 19 28
26 28 29
28 30 29
27 31 16
32 31 27
31 14 16
32 33 31
19 34 28
28 34 30
34 35 30
19 21 34
31 36 14
33 36 31
33 37 36
36 13 14
34 38 35
21 38 34
39 35 38
37 40 36
36 40 13
37 41 40
21 42 38
39 38 42
40 43 13
13 43 8
41 44 40
40 44 43
41 45 44
43 46 8
8 46 47
43 48 46
44 48 43
45 49 44
44 49 48
45 50 49
51 42 21
52 51 21
50 53 49
50 54 53
51 55 42
55 39 42
52 56 51
56 55 51
57 56 52
56 58 55
39 55 58
57 59 56
56 59 58
39 58 60
59 60 58
61 59 57
62 61 57
49 53 63
49 63 48
48 64 62
62 64 61
61 65 59
59 65 60
61 66 65
64 66 61
67 60 65
39 60 68
67 68 60
39 68 69
70 68 67
70 69 68
48 71 64
48 63 71
64 71 66
63 72 71
71 73 66
71 72 73
66 73 74
66 74 75
73 76 74
73 77 76
72 77 73
72 78 77
63 79 72
79 78 72
53 79 63
79 80 78
53 81 79
81 80 79
54 81 53
81 82 80
54 83 81
83 82 81
83 84 82
85 86 87
88 89 90
91 89 92
93 94 95
96 93 97
96 98 93
99 98 96
99 100 98
101 100 99
101 102 100
103 102 101
104 105 101
106 107 103
108 106 105
109 106 108
106 110 107
109 108 111
111 108 112
113 112 104
113 114 112
111 112 114
114 113 115
106 116 110
110 116 117
110 117 118
118 117 119
118 119 120
120 119 121
122 116 106
109 122 106
122 123 116
124 116 123
109 125 122
125 123 122
124 123 126
125 127 123
127 126 123
128 124 126
128 129 124
130 129 128
128 131 130
126 131 128
130 131 132
126 133 131
132 131 133
127 133 126
132 133 134
133 135 134
133 127 135
136 135 127
136 127 125
125 137 136
125 138 137
109 138 125
137 138 139
139 138 109
137 139 140
139 109 141
109 111 141
140 139 142
142 139 141
140 142 143
142 144 143
111 145 141
142 141 145
142 146 144
146 142 145
111 147 145
114 147 111
146 145 148
147 148 145
114 149 147
114 115 149
150 147 149
151 149 115
151 150 149
147 152 148
150 152 147
153 152 150
148 152 153
151 115 154
154 115 155
151 156 150
153 150 156
154 155 157
155 158 157
158 159 157
159 160 157
159 161 160
160 161 162
160 162 163
164 160 163
164 163 165
164 165 166
157 160 167
167 160 164
164 166 168
167 164 168
168 166 169
168 169 170
171 168 170
167 168 171
172 157 167
172 167 171
172 171 173
172 154 157
154 172 174
175 174 172
154 174 176
151 154 176
176 177 151
151 177 156
175 178 174
178 175 179
174 180 176
176 180 177
178 181 174
174 181 180
177 182 156
180 183 177
177 183 182
184 180 181
180 184 183
156 182 185
156 185 153
178 179 186
187 181 178
187 178 186
188 187 186
179 189 186
189 179 190
191 181 187
191 187 188
184 181 192
191 192 181
189 193 186
188 186 193
189 190 194
195 194 190
189 196 193
196 189 194
195 197 194
197 195 198
199 188 193
196 199 193
197 200 194
196 194 200
197 198 201
202 201 198
197 203 200
203 197 201
204 196 200
203 204 200
202 205 201
205 202 206
199 207 188
188 207 208
204 209 196
196 209 199
199 209 210
210 209 204
203 201 211
205 211 201
205 206 212
213 212 206
205 214 211
214 205 212
215 203 211
214 215 211
215 216 203
203 216 204
214 217 215
218 217 214
213 219 212
219 213 220
214 212 221
218 214 221
219 221 212
222 218 221
219 222 221
222 223 218
224 204 216
210 204 224
219 220 225
222 219 225
223 222 226
222 225 226
223 226 227
228 227 226
220 229 225
229 226 225
220 230 229
230 231 229
228 226 232
231 228 232
231 232 229
229 232 226
224 216 233
233 216 234
233 235 224
235 210 224
233 234 236
236 234 237
236 237 238
238 237 239
238 239 240
240 239 241
240 241 242
242 241 243
244 238 240
242 244 240
245 236 238
244 245 238
246 233 236
245 246 236
233 247 235
246 247 233
235 247 248
248 247 246
249 248 246
249 250 248
251 246 245
251 249 246
252 251 245
252 245 244
244 253 252
249 254 250
254 255 250
254 256 255
254 249 257
258 256 254
254 257 259
258 254 259
259 257 260
261 258 259
259 260 262
261 259 262
262 260 263
264 261 262
262 263 265
264 262 265
265 263 266
264 265 267
265 266 267
266 268 267
264 267 269
270 269 267
271 272 273
273 272 274
273 274 275
275 274 276
275 276 277
277 276 278
277 278 279
274 280 276
280 278 276
274 281 280
281 274 272
281 272 282
272 283 282
280 284 278
285 279 278
284 285 278
285 286 279
284 287 285
288 286 285
287 289 285
288 285 289
288 289 290
287 291 289
291 290 289
288 290 292
291 293 290
294 292 290
290 293 295
294 290 296
290 295 296
297 298 299
300 297 299
300 299 301
302 300 301
302 301 303
304 302 303
304 303 305
306 304 305
306 305 307
306 307 308
306 308 309
308 310 309
308 311 310
311 312 310
311 313 312
314 315 316
314 316 317
317 316 318
317 318 319
320 317 319
320 321 317
321 314 317
322 321 320
322 323 321
324 323 322
324 325 323
326 325 324
327 321 323
323 325 328
323 328 327
326 329 325
328 325 329
330 329 326
330 326 331
328 329 332
332 329 330
331 333 330
331 334 333
333 334 335
336 330 333
332 330 336
332 337 328
327 328 337
332 338 337
338 332 336
327 337 339
338 336 340
341 327 339
336 333 342
342 340 336
342 333 343
342 344 340
344 342 343
341 345 327
327 345 321
321 345 314
314 345 341
314 341 346
346 347 314
346 348 347
349 350 351
352 350 349
352 353 350
354 353 352
354 355 353
356 355 354
356 357 355
358 357 356
358 359 357
358 360 359
358 361 360
360 361 362
360 362 363
363 362 364
363 364 365
366 367 368
368 367 369
368 369 370
370 369 371
370 371 372
372 371 373
372 373 374
374 373 375
375 373 376
373 371 377
373 377 376
371 378 377
371 379 378
380 378 379
380 381 378
382 381 380
382 383 381
381 383 384
381 384 378
377 378 384
377 384 385
377 385 386
377 386 376
387 376 386
387 388 376
375 376 388
388 387 389
388 389 390
391 390 389
391 392 390
390 392 393
394 388 390
390 393 394
394 375 388
394 393 395
394 395 396
396 375 394
396 397 375
375 397 398
375 398 399
400 375 399
400 399 401
401 399 402
401 402 403
403 402 404
403 404 405
404 406 405
407 402 399
407 399 398
404 402 407
404 408 406
404 407 409
404 409 410
404 410 408
410 411 408
412 411 406
413 411 410
414 413 410
414 410 415
414 415 407
414 407 416
416 407 398
416 398 417
398 418 417
398 397 418
418 397 419
418 419 420
419 421 420
419 395 421
422 423 424
422 425 423
426 425 422
423 425 427
423 427 428
425 429 427
426 430 425
425 430 429
430 431 429
432 430 426
430 433 431
432 433 430
434 431 433
435 433 432
434 433 435
435 432 436
434 435 437
437 435 436
434 437 438
437 436 439
438 437 440
440 437 439
441 442 443
441 444 442
442 444 367
442 367 445
445 367 446
447 448 449
447 449 450
450 449 451
450 451 452
452 451 453
454 455 456
454 457 455
454 458 457
454 459 458
459 460 458
459 461 460
461 462 460
461 463 462
463 464 462
464 465 462
466 462 465
467 466 465
467 468 466
468 469 466
468 470 469
471 472 473
473 472 474
474 472 475
476 475 472
477 476 472
478 477 473
479 476 477
478 479 477
473 474 480
478 473 481
481 473 480
478 482 479
478 481 483
482 478 483
481 480 484
483 481 485
485 481 484
474 486 480
487 480 486
487 484 480
474 488 486
488 487 486
474 489 488
488 490 487
489 490 488
474 491 489
474 475 491
492 491 475
493 492 475
476 493 475
494 484 487
485 484 208
494 208 484
188 208 494
191 188 494
487 191 494
487 490 191
490 192 191
485 208 495
490 496 192
489 496 490
497 192 496
489 497 496
497 184 192
184 497 498
498 497 489
184 498 183
498 489 499
489 491 499
491 500 499
500 498 499
492 500 491
501 183 498
500 501 498
501 182 183
501 500 502
492 502 500
503 182 501
501 502 503
503 185 182
503 502 504
492 504 502
505 185 503
503 504 505
505 506 185
153 185 506
153 506 507
148 153 507
505 508 506
508 507 506
148 507 509
508 509 507
148 509 146
146 509 510
509 508 510
511 510 508
146 510 144
505 512 508
512 505 504
512 511 508
513 144 510
511 513 510
512 504 514
492 514 504
513 515 144
516 144 515
512 517 511
514 517 512
492 518 514
514 519 517
518 519 514
517 519 520
518 520 519
511 517 521
517 520 521
522 513 511
523 515 513
523 513 522
516 515 524
524 515 523
511 521 525
522 511 525
526 516 524
526 527 516
528 527 526
528 526 529
529 530 528
531 526 524
529 526 531
531 524 532
524 523 532
529 531 533
533 534 529
529 534 530
533 535 534
534 535 536
530 534 537
534 536 537
530 537 538
537 539 538
536 540 537
537 540 539
536 541 540
539 540 542
540 541 542
523 543 532
543 544 532
523 545 543
545 523 522
543 546 544
546 547 544
543 545 548
548 546 543
546 549 547
549 550 547
548 551 546
551 549 546
545 522 552
553 548 545
552 553 545
522 554 552
522 525 554
525 555 554
525 521 555
521 556 555
521 520 556
557 551 548
551 558 549
557 558 551
553 559 548
557 548 559
560 557 559
561 552 554
562 554 555
562 561 554
555 556 563
555 563 562
520 564 556
556 564 563
565 553 552
561 565 552
561 566 565
565 567 553
559 553 567
566 567 565
563 568 562
568 561 562
559 567 569
560 559 569
569 567 570
566 570 567
569 570 571
571 560 569
564 572 563
563 572 568
568 573 561
561 573 566
573 568 574
568 572 574
575 574 572
573 574 576
566 573 576
577 570 566
571 570 577
564 578 572
575 572 578
579 578 564
575 580 574
580 576 574
566 576 581
577 566 581
580 582 576
582 581 576
579 564 583
583 564 520
583 520 518
583 518 579
575 578 584
579 584 578
582 580 585
575 585 580
586 579 518
587 586 518
575 584 588
579 589 584
588 584 589
589 579 590
590 579 586
591 585 575
575 588 591
588 589 592
592 589 590
588 593 591
585 591 593
588 594 593
592 594 588
592 595 594
585 593 596
595 592 597
596 598 585
596 599 598
582 585 598
599 600 598
582 598 600
599 601 600
602 592 590
592 602 597
602 590 603
590 586 603
602 604 597
603 604 602
604 605 597
586 606 603
603 606 604
586 492 606
493 606 492
604 606 493
605 604 607
604 493 608
605 607 609
608 493 610
610 609 607
610 493 476
611 609 610
476 612 610
611 610 612
613 611 612
479 612 476
613 612 479
614 613 479
614 479 482
482 615 614
616 615 482
482 483 616
615 616 617
615 617 618
617 619 618
620 616 483
620 617 616
483 485 620
617 621 619
621 617 620
621 622 619
623 620 485
485 495 623
623 624 620
621 620 624
495 625 623
625 624 623
495 199 625
199 210 625
625 626 624
621 624 626
210 626 625
621 627 622
621 626 627
210 628 626
627 626 628
235 628 210
628 235 629
627 628 629
622 627 629
622 629 630
631 630 629
632 633 634
634 633 635
634 635 636
636 635 637
636 637 638
638 637 639
638 639 640
640 639 641
640 641 642
642 641 643
642 643 644
643 645 644
643 646 645
645 646 647
645 647 648
649 650 651
649 651 652
651 653 652
651 654 653
654 655 653
654 656 655
657 655 656
657 656 658
657 658 659
657 659 660
660 659 661
660 661 662
662 661 663
664 662 663
660 662 664
665 664 663
660 664 666
666 664 665
666 657 660
666 665 667
668 666 667
666 669 657
668 669 666
657 669 670
657 670 655
670 669 668
655 670 671
655 671 672
670 668 673
671 670 673
673 668 674
675 673 674
671 673 675
675 674 676
677 675 676
672 671 678
675 678 671
672 678 679
677 680 675
675 680 678
681 680 677
678 680 681
681 677 682
679 678 683
678 681 683
679 683 684
685 684 683
685 683 686
681 686 683
681 687 686
682 687 681
682 688 687
689 690 691
689 692 690
693 692 689
693 694 692
694 693 695
696 694 695
697 696 695
697 698 696
699 698 697
699 700 698
701 700 699
702 703 704
702 704 705
705 704 706
705 706 707
708 707 706
708 706 709
709 706 710
709 710 711
709 711 712
708 709 713
709 712 713
708 713 714
712 715 713
715 714 713
712 716 715
715 717 714
716 718 715
719 717 715
716 720 718
719 721 717
720 722 718
720 723 722
723 724 722
723 725 724
725 726 724
727 721 719
727 728 721
729 728 727
726 729 730
729 727 730
731 732 733
731 734 732
734 731 735
734 735 736
735 737 736
735 738 737
737 738 739
737 739 740
740 739 741
740 741 742
742 741 743
742 743 744
743 745 744
743 746 745
745 746 747
745 747 748
747 749 748
750 734 751
750 751 752
753 750 752
753 752 754
752 751 755
756 754 752
752 755 757
756 752 757
757 755 758
756 757 759
757 758 759
756 759 760
759 758 761
760 759 762
759 761 762
760 762 763
762 761 764
763 762 765
762 764 765
763 765 766
765 767 766
764 768 765
765 768 767
764 769 768
767 768 770
768 769 770
771 772 773
774 772 771
774 775 772
774 776 775
774 777 776
777 778 776
777 779 778
780 779 777
780 777 781
781 777 774
782 780 781
782 781 783
784 783 781
781 774 785
784 781 785
785 774 786
784 785 787
785 786 787
784 787 788
787 786 789
788 787 790
787 789 790
788 790 791
790 789 792
791 790 793
790 792 793
791 793 794
793 792 795
794 793 796
793 795 796
794 796 797
796 795 798
797 796 799
796 798 799
797 799 800
799 798 801
800 799 802
799 801 802
800 802 803
802 801 804
803 802 805
802 804 805
803 805 806
804 807 805
805 807 806
808 809 810
810 809 811
810 811 812
812 811 813
814 810 812
814 815 810
814 812 816
812 813 817
816 812 817
817 813 818
816 817 819
817 818 820
819 817 820
819 820 821
820 818 822
821 820 823
820 822 823
821 823 824
825 824 823
822 825 823
825 826 824
822 827 825
828 827 822
828 829 827
830 828 822
830 822 831
831 832 830
831 833 832
834 829 828
834 835 829
834 828 836
834 836 837
836 838 837
836 832 838
839 832 833
838 832 839
839 833 840
838 839 841
842 839 840
841 839 842
842 840 843
841 842 844
845 842 843
844 842 845
845 843 846
844 845 847
848 845 846
847 845 848
848 846 849
847 848 850
851 848 849
848 851 850
852 853 854
852 854 855
856 852 855
855 854 857
856 855 858
859 856 858
855 857 860
858 855 860
860 857 861
859 858 862
863 859 862
858 860 864
862 858 864
860 861 865
864 860 865
865 861 866
863 862 867
868 863 867
862 864 869
867 862 869
864 865 870
869 864 870
865 866 871
870 865 871
871 866 872
868 867 873
874 868 873
867 869 875
873 867 875
869 870 876
875 869 876
870 871 877
876 870 877
876 877 878
874 873 879
880 874 879
877 871 881
871 882 881
881 882 883
877 881 884
881 883 885
886 881 885
887 877 886
883 888 885
886 885 888
883 889 888
886 888 890
889 891 888
888 891 890
889 892 891
893 891 892
893 890 891
894 884 890
895 884 894
893 896 890
894 890 896
897 895 894
898 895 897
898 899 895
897 894 900
900 894 901
897 900 902
902 900 903
893 904 903
902 903 904
893 905 904
902 904 905
902 905 906
893 907 905
908 905 907
908 907 909
893 910 907
911 907 910
911 910 912
913 897 902
913 902 914
915 897 913
915 898 897
913 914 916
917 915 913
917 913 916
918 916 914
918 914 919
920 918 919
920 919 921
922 918 920
923 916 918
922 923 918
923 917 916
924 923 922
924 925 923
925 917 923
926 925 924
927 915 917
925 927 917
926 928 925
928 927 925
929 928 926
929 880 928
880 879 928
928 879 927
927 930 915
879 930 927
879 873 930
930 898 915
873 875 930
930 875 898
875 899 898
875 876 899
899 876 931
932 933 934
935 933 932
936 937 938
939 937 936
939 936 940
941 939 940
941 942 939
943 942 941
943 941 944
945 943 944
945 946 943
947 946 945
947 945 948
949 947 948
949 950 947
951 950 949
950 952 947
952 953 947
951 954 950
951 955 954
956 950 954
950 957 952
956 957 950
958 954 955
958 956 954
952 959 953
960 952 957
960 959 952
960 957 961
961 957 956
960 962 959
959 962 963
953 959 964
959 963 964
953 964 965
964 966 965
963 967 964
964 967 966
963 968 967
967 968 969
966 967 970
967 969 970
966 970 971
970 969 972
971 970 973
970 972 973
971 973 974
973 975 974
972 976 973
973 976 975
972 977 976
976 977 978
975 976 979
976 978 979
975 979 980
981 979 978
980 979 981
982 983 984
982 984 985
986 982 985
985 987 986
987 988 986
989 988 987
988 989 990
989 991 990
992 985 984
993 987 985
992 993 985
994 992 984
994 984 995
996 992 994
997 992 996
997 998 992
999 998 997
993 992 1000
1001 998 999
989 987 1002
993 1002 987
993 1000 1003
1003 1000 1004
993 1003 1005
993 1005 1002
1003 1004 1006
1005 1003 1006
1007 1006 1004
1007 1004 1008
1005 1006 1009
1010 1009 1006
1010 1011 1009
1002 1005 1012
1013 1005 1009
1012 1005 1013
989 1002 1014
1002 1012 1014
989 1014 1015
1014 1012 1015
1015 1016 989
989 1016 991
1015 1017 1016
1012 1018 1015
1016 1017 1019
991 1016 1020
1016 1019 1020
991 1020 1021
1020 1019 1022
1021 1020 1022
1012 1023 1018
1013 1023 1012
1023 1024 1018
1025 1024 1023
1013 1025 1023
1013 1009 1026
1026 1027 1013
1026 1009 1011
1026 1028 1027
1028 1029 1027
1026 1011 1030
1030 1031 1026
1030 1032 1031
1032 1033 1031
1034 1035 1011
1034 1036 1035
1037 1011 1035
1037 1038 1011
1038 1037 1039
1038 1039 1040
1040 1039 1041
1042 1037 1035
1037 1042 1043
1037 1043 1044
1044 1043 1045
1046 1035 1036
1042 1035 1046
1046 1036 1047
1047 1036 1048
1049 1048 1036
1049 1050 1048
1047 1048 1051
1052 1047 1051
1052 1046 1047
1052 1051 1053
1054 1042 1046
1052 1055 1046
1055 1054 1046
1042 1054 1056
1042 1056 1057
1057 1056 1058
1056 1059 1058
1054 1059 1056
1054 1060 1059
1055 1061 1054
1061 1060 1054
1062 1061 1055
1062 1060 1061
1052 1063 1055
1062 1055 1063
1053 1064 1052
1052 1064 1063
1060 1062 1065
1060 1065 1066
1065 1067 1066
1065 1068 1067
1068 1069 1067
1070 1069 1068
1071 1070 1068
1071 1068 1065
1062 1071 1065
1062 1072 1071
1073 1072 1062
1062 1063 1073
1063 1074 1073
1064 1074 1063
1074 1064 1075
1075 1064 1076
1075 1076 1077
1053 1076 1064
1078 1076 1053
1078 1079 1076
1080 1078 1053
1081 1080 1053
1081 1053 1082
1083 1081 1082
1084 1083 1082
1085 1084 1082
1086 1084 1085
1086 1085 1087
1088 1086 1087
1089 1085 1082
1087 1085 1089
1090 1089 1082
1090 1082 1091
1087 1089 1092
1092 1089 1090
1087 1092 1093
1087 1093 1094
1088 1087 1094
1094 1093 1095
1088 1094 1096
1094 1095 1096
1088 1096 1097
1095 1098 1096
1098 1097 1096
1095 1099 1098
1098 1100 1097
1099 1101 1098
1101 1100 1098
1099 1102 1101
1101 1103 1100
1102 1104 1101
1104 1103 1101
1092 1090 1105
1106 1092 1105
1106 1105 1107
1108 1106 1107
1109 1105 1090
1107 1105 1109
1108 1107 1110
1111 1108 1110
1109 1090 1112
1112 1090 1091
1113 1112 1091
1113 1091 1008
1114 1112 1113
1114 1109 1112
1107 1109 1115
1115 1109 1114
1110 1107 1115
1115 1114 1116
1117 1115 1116
1110 1115 1117
1117 1116 1118
1111 1110 1119
1119 1110 1117
1120 1111 1119
1121 1117 1118
1119 1117 1121
1121 1118 1122
1123 1121 1122
1123 1122 1124
1119 1121 1125
1126 1123 1124
1120 1119 1127
1119 1125 1127
1128 1120 1127
1128 1127 1125
1126 1124 1129
1130 1126 1129
1131 1129 1124
1132 1129 1131
1131 1124 1133
1133 1124 1134
1133 1134 1135
1135 1134 1136
1135 1136 1137
1137 1136 1138
1139 1135 1137
1139 1140 1135
1137 1138 1141
1141 1138 1142
1139 1143 1140
1144 1140 1143
1144 1143 1145
1145 1143 1139
1145 1139 1146
1139 1137 1147
1146 1139 1147
1147 1137 1141
1146 1147 1148
1148 1147 1149
1147 1141 1149
1148 1149 1150
1141 1142 1151
1149 1141 1151
1150 1149 1152
1149 1151 1152
1150 1152 1153
1153 1152 1154
1151 1154 1152
1153 1154 1155
1142 1156 1151
1151 1156 1154
1142 1157 1156
1157 1158 1156
1156 1158 1154
1157 1050 1158
1154 1158 998
1154 998 1155
1155 998 1159
1159 998 1001
1160 1155 1159
1160 1161 1155
1160 1162 1161
1163 1159 1001
1163 1160 1159
1164 1160 1163
1160 1165 1162
1164 1165 1160
1165 1166 1162
1164 1167 1165
1165 1167 1166
1164 1168 1167
1166 1167 1169
1169 1167 1168
1166 1169 1170
1169 1168 1171
1170 1169 1172
1172 1169 1171
1170 1172 1173
1172 1171 1174
1173 1172 1175
1175 1172 1174
1176 1177 1178
1179 1177 1176
1179 1180 1177
1181 1180 1179
1181 1179 1182
1183 1181 1182
1183 1184 1181
1185 1184 1183
1185 1186 1184
1187 1186 1185
1187 1185 1188
1189 1187 1188
1189 1190 1187
1191 1190 1189
1191 1189 1192
1192 1193 1191
1192 1194 1193
1193 1194 1195
1196 1197 1198
1197 1199 1198
1197 1200 1199
1200 1201 1199
1200 1202 1201
1201 1202 1203
1201 1203 1204
1203 1205 1204
1203 1206 1205
1205 1206 1207
1205 1207 1208
1207 1209 1208
1207 1210 1209
1209 1210 1211
1209 1211 1212
1213 1214 1215
1214 1213 1216
1214 1216 1217
1217 1216 1218
1217 1218 1219
1220 1219 1218
1220 1221 1219
1222 1221 1220
1222 1223 1221
1224 1223 1222
1224 1222 1225
1224 1225 1226
1224 1226 1227
1227 1226 1228
1227 1228 1229
1228 1230 1229
1228 1231 1230
1230 1231 1232
1233 1234 1235
1233 1236 1234
1233 1237 1236
1236 1237 1238
1236 1238 1239
1239 1238 1240
1239 1240 1241
1240 1242 1241
1240 1243 1242
1242 1243 1244
1242 1244 1245
1244 1246 1245
1244 1247 1246
1246 1247 1248
1249 1250 1251
1249 1252 1250
1253 1252 1249
1253 1249 1254
1250 1252 1255
1255 1252 1253
1250 1255 1256
1255 1253 1257
1255 1258 1256
1257 1259 1255
1255 1259 1258
1257 1260 1259
1259 1261 1258
1260 1262 1259
1259 1262 1261
1260 1263 1262
1262 1263 1264
1261 1262 1265
1262 1264 1265
1261 1265 1266
1265 1264 1267
1266 1265 1267
1268 1269 1267
1267 1269 1270
1271 1269 1268
1269 1272 1270
1271 1273 1269
1269 1273 1272
1273 1274 1272
1275 1273 1271
1273 1276 1274
1275 1276 1273
1276 1277 1274
1275 1278 1276
1276 1278 1277
1277 1278 1279
1275 1280 1278
1279 1278 1280
1277 1279 1281
1279 1280 1282
1279 1283 1281
1284 1279 1282
1279 1285 1283
1284 1285 1279
1286 1287 1288
1289 1287 1286
1289 1286 1290
1291 1289 1290
1291 1290 1292
1293 1291 1292
1293 1292 1294
1295 1293 1294
1287 1289 1296
1289 1291 1297
1289 1297 1296
1298 1291 1293
1298 1297 1291
1287 1296 1299
1300 1287 1299
1299 1301 1300
1296 1301 1299
1296 1302 1301
1297 1302 1296
1297 1303 1302
1304 1297 1298
1304 1303 1297
1293 1305 1298
1295 1306 1293
1293 1306 1305
1307 1306 1295
1308 1306 1307
1308 1305 1306
1298 1305 1309
1298 1309 1304
1309 1305 1308
1304 1310 1303
1304 1311 1310
1309 1311 1304
1303 1310 1312
1303 1312 1313
1313 1312 1314
1309 1315 1311
1316 1315 1309
1309 1308 1316
1317 1308 1307
1318 1308 1317
1318 1316 1308
1307 1319 1317
1320 1316 1318
1307 1321 1319
1320 1322 1316
1323 1322 1320
1322 1324 1316
1323 1325 1322
1326 1325 1323
1322 1327 1324
1325 1327 1322
1326 1328 1325
1328 1326 1329
1328 1329 1330
1325 1328 1331
1325 1331 1327
1324 1327 1332
1324 1332 1333
1332 1334 1333
1330 1335 1328
1328 1335 1331
1327 1331 1336
1327 1336 1332
1331 1335 1337
1331 1337 1336
1336 1337 1338
1330 1339 1335
1339 1330 1340
1341 1335 1339
1332 1336 1342
1336 1338 1342
1332 1343 1334
1332 1342 1343
1338 1344 1342
1343 1342 1344
1338 1345 1344
1334 1343 1346
1343 1344 1346
1334 1346 1347
1347 1346 1348
1344 1348 1346
1347 1348 1349
1349 1348 1350
1345 1351 1344
1344 1351 1348
1348 1351 1350
1345 1352 1351
1352 1350 1351
1341 1339 1353
1353 1354 1341
1353 1339 1355
1339 1340 1355
1356 1355 1340
1353 1357 1354
1358 1357 1353
1354 1357 1359
1359 1357 1358
1354 1359 1360
1359 1361 1360
1353 1355 1362
1358 1353 1362
1359 1363 1361
1361 1363 1364
1364 1363 1365
1366 1365 1363
1366 1363 1359
1359 1358 1366
1367 1362 1355
1356 1367 1355
1368 1358 1362
1367 1368 1362
1369 1368 1367
1370 1367 1356
1369 1367 1370
1370 1356 1371
1356 1372 1371
1356 1373 1372
1368 1374 1358
1369 1374 1368
1358 1375 1366
1358 1374 1375
1369 1376 1374
1375 1374 1376
1375 1376 1377
1366 1375 1378
1378 1375 1377
1366 1378 1379
1378 1377 1380
1379 1378 1381
1381 1378 1380
1379 1381 1382
1381 1380 1383
1382 1381 1384
1384 1381 1383
1385 1384 1386
1384 1387 1386
1388 1385 1386
1386 1387 1389
1388 1386 1390
1386 1389 1390
1390 1389 1391
1392 1388 1390
1390 1391 1393
1392 1390 1393
1394 1392 1393
1393 1391 1395
1393 1395 1396
1394 1393 1396
1369 1396 1395
1369 1397 1396
1397 1394 1396
1369 1398 1397
1369 1399 1398
1397 1400 1394
1398 1400 1397
1399 1401 1398
1399 1402 1401
1401 1402 1403
1401 1403 1404
1401 1405 1398
1398 1405 1400
1406 1405 1401
1407 1400 1405
1394 1400 1407
1408 1405 1406
1407 1405 1408
1406 1409 1408
1410 1407 1408
1410 1408 1409
1407 1410 1411
1394 1407 1412
1407 1411 1412
1413 1394 1412
1411 1413 1412
1411 1414 1413
1413 1392 1394
1413 1414 1415
1392 1413 1416
1413 1415 1416
1392 1416 1417
1415 1418 1416
1418 1417 1416
1406 1419 1409
1419 1406 1420
1419 1420 1421
1419 1422 1409
1422 1423 1409
1421 1424 1419
1424 1422 1419
1421 1425 1424
1422 1426 1423
1426 1427 1423
1425 1428 1424
1425 1429 1428
1424 1430 1422
1430 1426 1422
1424 1428 1430
1429 1431 1428
1429 1432 1431
1428 1433 1430
1428 1431 1433
1433 1434 1430
1430 1434 1426
1433 1435 1434
1434 1435 1436
1426 1437 1427
1434 1437 1426
1432 1438 1431
1432 1439 1438
1439 1440 1438
1440 1439 1441
1440 1441 1442
1434 1436 1443
1434 1443 1437
1427 1437 1444
1443 1444 1437
1427 1444 1445
1436 1446 1443
1443 1446 1444
1436 1447 1446
1447 1448 1446
1444 1446 1448
1447 1449 1448
1449 1450 1448
1445 1444 1451
1444 1448 1451
1448 1450 1451
1445 1451 1452
1452 1451 1450
1453 1442 1454
1453 1440 1442
1455 1453 1454
1455 1454 1456
1440 1453 1457
1457 1453 1455
1458 1455 1456
1458 1456 1459
1457 1455 1460
1460 1455 1458
1459 1461 1458
1459 1462 1461
1462 1463 1461
1462 1464 1463
1463 1464 1465
1463 1465 1466
1467 1463 1466
1461 1463 1467
1467 1466 1468
1458 1461 1469
1461 1467 1469
1470 1467 1468
1470 1468 1471
1458 1469 1472
1460 1458 1472
1467 1473 1469
1467 1470 1473
1472 1469 1473
1474 1470 1471
1474 1471 1475
1476 1473 1470
1476 1470 1474
1477 1476 1474
1478 1474 1475
1477 1474 1478
1478 1475 1479
1480 1477 1478
1481 1478 1479
1480 1478 1481
1481 1479 1482
1481 1483 1480
1481 1482 1483
1472 1473 1484
1485 1472 1484
1485 1460 1472
1473 1486 1484
1486 1485 1484
1473 1487 1486
1486 1488 1485
1486 1487 1489
1488 1486 1490
1486 1489 1490
1488 1490 1491
1490 1492 1491
1489 1493 1490
1490 1493 1492
1489 1494 1493
1492 1493 1495
1493 1494 1495
1496 1460 1497
1496 1457 1460
1498 1496 1497
1498 1497 1499
1457 1496 1500
1500 1496 1498
1501 1498 1499
1501 1499 1502
1457 1500 1503
1440 1457 1503
1504 1440 1503
1500 1504 1503
1500 1498 1505
1505 1498 1501
1500 1506 1504
1506 1500 1505
1506 1505 1507
1508 1507 1505
1508 1505 1509
1505 1501 1509
1510 1508 1509
1510 1509 1511
1501 1511 1509
1512 1510 1511
1513 1501 1502
1501 1513 1511
1512 1511 1513
1513 1502 1514
1512 1513 1514
1504 1515 1516
1516 1515 1517
1504 1516 1518
1440 1504 1518
1438 1440 1518
1438 1518 1519
1516 1519 1518
1516 1517 1520
1520 1517 1521
1522 1438 1519
1522 1431 1438
1431 1522 1523
1522 1524 1523
1516 1525 1519
1525 1522 1519
1525 1516 1520
1522 1526 1524
1525 1526 1522
1526 1527 1524
1520 1521 1528
1528 1521 1529
1525 1520 1530
1526 1525 1530
1528 1530 1520
1526 1531 1527
1526 1530 1531
1531 1532 1527
1531 1533 1532
1533 1534 1532
1530 1535 1531
1530 1536 1535
1528 1536 1530
1536 1537 1535
1528 1529 1538
1538 1536 1528
1529 1539 1538
1536 1540 1537
1540 1539 1537
1538 1540 1536
1539 1540 1538
1541 1542 1543
1542 1544 1543
1542 1545 1544
1544 1545 1546
1544 1546 1547
1546 1548 1547
1546 1549 1548
1548 1549 1550
1548 1550 1551
1551 1550 1552
1551 1552 1553
1552 1554 1553
1552 1555 1554
1554 1555 1556
1554 1556 1557
1556 1558 1557
1556 1559 1558
1558 1559 1560
1558 1560 1561
1560 1562 1561
1563 1561 1562
1563 1562 1564
1560 1565 1562
1566 1562 1565
1564 1562 1567
1566 1567 1562
1568 1567 1566
1564 1567 1569
1569 1567 1568
1569 1568 1570
1571 1566 1565
1572 1571 1565
1572 1573 1571
1571 1574 1566
1575 1573 1572
1575 1576 1573
1575 1577 1576
1575 1578 1577
1578 1579 1577
1578 1580 1579
1579 1580 1581
1579 1581 1582
1581 1583 1582
1581 1584 1583
1583 1584 1585
1566 1574 1586
1566 1586 1587
1568 1566 1587
1586 1588 1587
1588 1568 1587
1586 1589 1588
1589 1590 1588
1589 1591 1590
1591 1592 1590
1591 1593 1592
1592 1593 1594
1592 1594 1595
1596 1592 1595
1597 1588 1590
1592 1597 1590
1596 1598 1592
1592 1598 1597
1599 1598 1596
1599 1600 1598
1600 1597 1598
1600 1599 1601
1600 1601 1602
1603 1600 1602
1603 1604 1600
1600 1604 1597
1605 1604 1603
1597 1606 1588
1604 1606 1597
1588 1606 1568
1605 1607 1604
1604 1607 1606
1607 1568 1606
1570 1607 1605
1570 1568 1607
1608 1609 1610
1611 1609 1608
1611 1608 1612
1613 1611 1612
1613 1614 1611
1615 1614 1613
1615 1613 1616
1617 1615 1616
1617 1616 961
1618 1617 961
1618 961 1619
961 956 1619
1620 1618 1619
956 1621 1619
1620 1619 1621
956 958 1621
1622 1620 1621
1622 1623 1620
1624 1623 1622
1621 958 1625
1621 1625 1622
1624 1622 1626
1626 1627 1624
1628 1625 958
1628 958 955
1622 1625 1629
1622 1629 1626
1629 1625 1628
1626 1630 1627
1629 1630 1626
1627 1630 1631
1627 1631 1632
1631 1633 1632
1631 1634 1633
1635 1634 1631
1636 1633 1634
1636 1634 1637
1637 1634 1635
1637 1635 1638
1630 1639 1631
1635 1631 1639
1629 1640 1630
1630 1640 1639
1628 1641 1629
1641 1640 1629
1640 1642 1639
1642 1635 1639
1641 1643 1640
1640 1643 1642
1642 1644 1635
1642 1643 1645
1645 1644 1642
1643 1646 1645
1647 1646 1643
1647 1643 1641
1645 1648 1644
1641 1649 1647
1635 1644 1650
1650 1644 1648
1635 1650 1651
1650 1648 1652
1641 1653 1649
1628 1653 1641
1649 1653 1654
1654 1653 1628
1649 1654 1655
1654 1628 955
1655 1654 1656
1656 1654 955
1656 955 1657
1655 1656 1658
1659 1656 1657
1658 1656 1660
1659 1660 1656
1658 1660 1661
1662 1660 1659
1661 1660 1662
1661 1662 1663
1662 1659 1664
1662 1665 1663
1664 1666 1662
1662 1666 1665
1664 1667 1666
1666 1667 1668
1665 1666 1669
1666 1668 1669
1665 1669 1670
1669 1671 1670
1668 1672 1669
1669 1672 1671
1668 1673 1672
1672 1673 1674
1671 1672 1675
1672 1674 1675
1671 1675 1676
1675 1677 1676
1674 1678 1675
1675 1678 1677
1674 1679 1678
1678 1679 1680
1677 1678 1681
1678 1680 1681
1677 1681 1682
1681 1680 1683
1681 1683 1682
1684 1685 1686
1687 1685 1684
1687 1684 1688
1689 1687 1688
1689 1690 1687
1691 1690 1689
1691 1689 1692
1693 1691 1692
1693 1692 1694
1695 1693 1694
1695 1694 1696
1695 1696 1697
1695 1697 1698
1698 1697 1699
1698 1699 1700
1700 1699 1701
1700 1701 1702
1701 1703 1702
1701 1704 1703
1704 1705 1703
1704 1706 1705
1706 1707 1705
1708 1709 1710
1711 1710 1709
1711 1712 1710
1713 1712 1711
1713 1711 1714
1715 1713 1714
1716 1710 1712
1717 1710 1716
1716 1712 1718
1718 1712 1713
1718 1713 1719
1713 1720 1719
1713 1721 1720
1715 1721 1713
1720 1721 1722
1722 1721 1715
1720 1722 1723
1723 1722 1724
1723 1724 1725
1722 1715 1726
1724 1722 1726
1725 1724 1727
1725 1727 1728
1727 1724 1729
1724 1726 1729
1727 1729 1730
1731 1726 1715
1732 1731 1715
1732 1715 1733
1731 1734 1726
1734 1735 1726
1734 1736 1735
1737 1734 1731
1737 1731 1732
1738 1736 1734
1737 1738 1734
1737 1732 1739
1738 1740 1736
1732 1741 1739
1733 1742 1732
1732 1742 1741
1733 1743 1742
1742 1743 1744
1742 1744 1745
1746 1745 1744
1741 1742 1747
1748 1747 1746
1741 1747 1748
1749 1740 1738
1750 1749 1738
1749 1751 1740
1750 1752 1749
1753 1752 1750
1754 1751 1749
1754 1755 1751
1749 1756 1754
1749 1752 1756
1752 1757 1756
1753 1758 1752
1752 1758 1757
1758 1759 1757
1760 1758 1753
1761 1755 1754
1762 1761 1754
1761 1763 1755
1758 1764 1759
1760 1764 1758
1765 1759 1764
1766 1764 1760
1765 1764 1766
1766 1760 1767
1765 1766 1768
1768 1766 1767
1762 1769 1761
1770 1761 1769
1771 1769 1762
1772 1763 1761
1770 1772 1761
1772 1773 1763
1001 1773 1772
1001 1772 1774
1774 1772 1770
1774 1770 1775
1776 1775 1770
1771 1777 1769
1778 1777 1771
1778 1771 1779
1780 1778 1779
1781 1769 1777
1781 1770 1769
1781 1777 1778
1776 1770 1782
1782 1770 1781
1781 1778 1783
1784 1782 1781
1778 1785 1783
1780 1786 1778
1778 1786 1785
1787 1786 1780
1787 1785 1786
1788 1776 1782
1784 1788 1782
1788 1789 1776
1790 1788 1784
1790 1789 1788
1791 1792 1793
1794 1791 1793
1794 1793 1795
1796 1794 1795
1796 1797 1794
1798 1794 1797
1798 1799 1794
1798 1797 1800
1801 1797 1796
1800 1797 1801
1800 1801 1802
1801 1796 1803
1801 1804 1802
1803 1805 1801
1801 1805 1804
1803 1806 1805
1805 1806 1807
1804 1805 1808
1805 1807 1808
1804 1808 1809
1810 1808 1807
1809 1808 1811
1810 1811 1808
1809 1811 1812
1813 1811 1810
1812 1811 1813
1813 1810 1814
1812 1813 1815
1816 1813 1814
1815 1813 1817
1816 1817 1813
1815 1817 1818
1819 1817 1816
1818 1817 1819
1819 1816 1820
1818 1819 1821
1822 1819 1820
1821 1819 1822
1823 1824 1825
1826 1824 1823
1826 1827 1824
1828 1827 1826
1828 1829 1827
1830 1829 1828
1830 1828 1831
1832 1830 1831
1832 1833 1830
1832 1834 1833
1835 1836 1837
1835 1838 1836
1839 1838 1835
1839 1840 1838
1841 1840 1839
1841 1842 1840
1843 1842 1841
1843 1841 1844
1843 1844 1845
1843 1845 1846
1846 1845 1847
1848 1849 1850
1851 1848 1850
1852 1853 1854
1855 1852 1854
1855 1856 1852
1857 1856 1855
1857 1855 1858
1859 1857 1858
1859 1860 1857
1861 1860 1859
1861 1859 1862
1863 1861 1862
1863 1864 1861
1865 1864 1863
1865 1863 1866
1867 1865 1866
1866 1863 1868
1868 1863 1869
1867 1866 1870
1867 1870 1871
1872 1870 1866
1866 1868 1873
1872 1866 1873
1874 1871 1870
1874 1870 1872
1868 1869 1875
1876 1873 1868
1876 1868 1875
1876 1877 1873
1877 1872 1873
1876 1875 1878
1875 1879 1878
1869 1880 1875
1875 1880 1879
1869 1881 1880
1880 1881 1882
1879 1880 1883
1880 1882 1883
1879 1883 1884
1883 1885 1884
1882 1886 1883
1883 1886 1885
1882 1887 1886
1886 1888 1885
1887 1889 1886
1886 1889 1888
1887 1890 1889
1889 1890 1891
1888 1889 1892
1889 1891 1892
1888 1892 1893
1892 1894 1893
1891 1895 1892
1892 1895 1894
1891 1896 1895
1897 1894 1895
1896 1897 1895
1898 1899 1900
1901 1898 1900
1901 1900 1902
1903 1901 1902
1903 1904 1901
1905 1904 1903
1905 1903 1906
1907 1905 1906
1907 1906 1908
1909 1907 1908
1909 1910 1907
1911 1910 1909
1911 1909 1912
1913 1911 1912
1913 1914 1911
1914 1913 1915
1914 1915 1916
1915 1917 1916
1918 1919 1920
1920 1919 1921
1920 1921 1922
1922 1921 1923
1922 1923 1924
1923 1925 1924
1923 1926 1925
1925 1926 1927
1925 1927 1928
1927 1929 1928
1927 1930 1929
1929 1930 1931
1929 1931 1932
1931 1933 1932
1931 1934 1933
1935 1936 1937
1937 1938 1935
1937 1939 1938
1939 1940 1938
1939 1941 1940
1942 1940 1941
1942 1941 1943
1944 1942 1943
1944 1943 1945
1946 1944 1945
1946 1947 1944
1946 1948 1947
1946 1949 1948
1949 1950 1948
1949 1951 1950
1950 1951 1952
1950 1952 1953
1952 1954 1953
1955 1956 1957
1955 1957 1958
1955 1958 1959
1958 1960 1959
1958 1961 1960
1961 1962 1960
1961 1963 1962
1962 1963 1964
1962 1964 1965
1964 1966 1965
1964 1967 1966
1966 1967 1968
1966 1968 1969
1968 1970 1969
1971 1972 1973
1971 1973 1974
1975 1971 1974
1975 1976 1971
1973 1977 1974
1977 1975 1974
1973 1978 1977
1977 1979 1975
1977 1978 1980
1979 1977 1981
1977 1980 1981
1979 1981 1982
1981 1980 1983
1982 1981 1984
1981 1983 1984
1982 1984 1985
1984 1986 1985
1983 1987 1984
1984 1987 1986
1983 1988 1987
1987 1989 1986
1988 1989 1987
1990 1989 1991
1989 1992 1991
1993 1990 1991
1991 1992 1994
1993 1991 1995
1991 1994 1995
1995 1994 1996
1997 1993 1995
1995 1996 1998
1997 1995 1998
1998 1996 1999
1997 1998 2000
1998 1999 2000
1999 2001 2000
1997 2000 2002
2001 2002 2000
1999 2003 2001
2001 2004 2002
2001 2003 2005
2006 2004 2001
2001 2005 2007
2006 2001 2007
2008 2009 2010
2010 2009 2011
2010 2011 2012
2011 2013 2012
2011 2014 2013
2013 2014 2015
2013 2015 2016
2015 2017 2016
2015 2018 2017
2018 2019 2017
2018 2020 2019
2019 2020 2021
2019 2021 2022
2021 2023 2022
2021 2024 2023
2023 2024 2025
2023 2025 2026
2025 2027 2026
2025 2028 2027
2027 2028 2029
2030 2029 2028
2030 2031 2029
2027 2029 2032
2033 2032 2029
2031 2034 2029
2033 2029 2034
2035 2033 2034
2031 2036 2034
2036 2035 2034
2036 2037 2035
2038 2032 2033
2039 2032 2038
2039 2038 2040
2038 2033 2041
2042 2039 2040
2042 2040 2043
2042 2043 2044
2042 2044 2045
2045 2044 2046
2045 2046 2047
2046 2048 2047
2046 2049 2048
2048 2049 2050
2048 2050 2051
2050 2052 2051
2033 2053 2041
2033 2054 2053
2035 2054 2033
2053 2054 2055
2055 2054 2035
2053 2055 2056
2056 2055 2057
2056 2057 2058
2058 2057 2059
2058 2059 2060
2059 2061 2060
2059 2062 2061
2063 2062 2059
2064 2057 2055
2059 2057 2064
2063 2059 2065
2059 2064 2065
2066 2063 2065
2066 2065 2067
2067 2065 2064
2067 2068 2066
2067 2069 2068
2070 2069 2067
2070 2067 2071
2067 2064 2071
2072 2070 2071
2064 2055 2073
2071 2064 2073
2055 2035 2073
2072 2071 2074
2071 2073 2074
2074 2073 2035
2037 2072 2074
2037 2074 2035
2075 2076 2077
2078 2075 2077
2078 2079 2075
2080 2079 2078
2080 2078 2081
2082 2080 2081
2082 2083 2080
2084 2083 2082
2084 1877 2083
2085 1877 2084
2085 2086 1877
1877 2086 1872
2087 2086 2085
1872 2086 2088
2087 2088 2086
1872 2088 1874
2089 2088 2087
2089 2087 2090
2091 2089 2090
2088 2092 1874
2088 2089 2092
2091 2093 2089
2093 2091 2094
2095 1874 2092
2095 1871 1874
2089 2096 2092
2089 2093 2096
2096 2095 2092
2093 2094 2097
2096 2093 2097
2094 2098 2097
2094 2099 2098
2098 2099 2100
2098 2100 2101
2102 2098 2101
2103 2101 2100
2103 2104 2101
2104 2102 2101
2104 2105 2102
2097 2098 2106
2102 2106 2098
2096 2097 2107
2097 2106 2107
2095 2096 2108
2108 2096 2107
2107 2106 2109
2109 2106 2102
2108 2107 2110
2107 2109 2110
2109 2102 2111
2109 2112 2110
2112 2109 2111
2110 2112 2113
2114 2110 2113
2114 2108 2110
2112 2111 2115
2108 2114 2116
2102 2117 2111
2117 2115 2111
2102 2118 2117
2117 2119 2115
2108 2116 2120
2095 2108 2120
2116 2121 2120
2121 2095 2120
2116 2122 2121
2121 1871 2095
2122 2123 2121
2123 1871 2121
2123 2124 1871
2122 2125 2123
2126 2124 2123
2125 2127 2123
2126 2123 2127
2125 2128 2127
2129 2126 2127
2128 2129 2127
2128 2130 2129
2129 2131 2126
2129 2130 2132
2131 2129 2133
2129 2132 2133
2131 2133 2134
2133 2135 2134
2132 2136 2133
2133 2136 2135
2132 2137 2136
2136 2137 2138
2135 2136 2139
2136 2138 2139
2135 2139 2140
2139 2141 2140
2138 2142 2139
2139 2142 2141
2138 2143 2142
2142 2143 2144
2141 2142 2145
2142 2144 2145
2141 2145 2146
2145 2147 2146
2144 2148 2145
2145 2148 2147
2144 2149 2148
2148 2150 2147
2148 2149 2150
2151 2152 2153
2154 2151 2153
2154 2155 2151
2156 2155 2154
2156 2154 2157
2158 2156 2157
2158 2157 2159
2160 2158 2159
2160 2161 2158
2162 2161 2160
2162 2163 2161
2162 2164 2163
2162 2165 2164
2165 2166 2164
2165 2167 2166
2167 2168 2166
2167 2169 2168
2168 2169 2170
2168 2170 2171
2171 2170 2172
2171 2172 2173
2173 2172 2174
2175 2176 2177
2178 2177 2176
2178 2176 2179
2180 2178 2179
2180 2181 2178
2182 2181 2180
2183 2179 2176
2184 2183 2176
2183 2185 2179
2185 2180 2179
2185 2186 2180
2180 2186 2187
2180 2187 2188
2182 2180 2188
2187 2189 2188
2189 2182 2188
2187 2190 2189
2190 2191 2189
2190 2192 2191
2189 2193 2182
2191 2193 2189
2192 2194 2191
2192 2195 2194
2194 2196 2191
2191 2196 2193
2194 2197 2196
2198 2182 2193
2199 2182 2198
2199 2200 2182
2198 2193 2201
2201 2193 2202
2201 2202 2203
2204 2198 2201
2204 2199 2198
2205 2201 2203
2204 2201 2205
2204 2206 2199
2205 2203 2207
2199 2206 2208
2200 2199 2209
2199 2208 2209
2200 2209 2210
2209 2211 2210
2212 2205 2207
2213 2205 2212
2212 2207 2214
2208 2215 2209
2209 2215 2211
2208 2216 2215
2217 2211 2215
2216 2217 2215
2213 2212 2218
2219 2213 2218
2220 2212 2214
2220 2214 2221
2212 2220 2222
2212 2222 2218
2218 2222 2223
2219 2218 2224
2218 2223 2224
2224 2223 2225
2226 2219 2224
2227 2220 2221
2228 2220 2227
2227 2221 2229
2224 2225 2230
2226 2224 2230
2231 2230 2225
2232 2226 2230
2231 2232 2230
2232 2233 2226
2231 2234 2232
2234 2233 2232
2228 2227 2235
2236 2235 2227
2237 2228 2235
2238 2227 2229
2236 2227 2238
2238 2229 2239
1084 2238 2239
1084 2240 2238
2240 2236 2238
2240 2241 2236
2242 2236 2241
2237 2235 2243
2244 2237 2243
2244 2245 2237
2246 2245 2244
2247 2243 2235
2247 2235 2236
2247 2244 2243
2242 2248 2236
2248 2247 2236
2247 2249 2244
2250 2247 2248
2244 2249 2251
2246 2244 2252
2244 2251 2252
2253 2246 2252
2253 2252 2251
2254 2248 2242
2250 2248 2254
2254 2242 2255
2256 2250 2254
2256 2254 2255
2257 2258 2259
2260 2258 2257
2260 2261 2258
2262 2261 2260
2262 2260 2263
2264 2263 2260
2264 2260 2265
2264 2266 2263
2267 2262 2263
2266 2267 2263
2266 2268 2267
2267 2269 2262
2267 2268 2270
2269 2267 2271
2267 2270 2271
2269 2271 2272
2271 2273 2272
2270 2274 2271
2271 2274 2273
2270 2275 2274
2276 2273 2274
2275 2277 2274
2276 2274 2277
2275 2278 2277
2279 2276 2277
2278 2279 2277
2279 2280 2276
2278 2281 2279
2282 2280 2279
2281 2283 2279
2282 2279 2283
2281 2284 2283
2285 2282 2283
2284 2285 2283
2285 2286 2282
2284 2287 2285
2288 2286 2285
2287 2288 2285
2289 2290 2291
2292 2289 2291
2292 2291 2293
2294 2292 2293
2294 2293 2295
2296 2294 2295
2296 2297 2294
2298 2297 2296
2298 2296 2299
2298 2299 2300
2301 2302 2303
2301 2303 2304
2305 2301 2304
2305 2304 2306
2307 2305 2306
2307 2306 2308
2309 2307 2308
2309 2310 2307
2309 2311 2310
2309 2312 2311
2312 2313 2311
2314 2315 2316
2314 2316 2317
2318 2319 2320
2318 2320 2321
2322 2323 2324
2322 2324 2325
2326 2327 2328
2329 2327 2326
2329 2326 2330
2331 2329 2330
2331 2332 2329
2333 2332 2331
2333 2331 2334
2335 2333 2334
2335 2334 2336
2335 2336 2337
2335 2337 2338
2339 2338 2337
2339 2337 2340
2337 2341 2340
2342 2343 2344
2342 2344 2345
2346 2347 2348
2346 2348 2349
2350 2351 2352
2350 2352 2353
2354 2355 2356
2354 2356 2357
2358 2359 2360
2358 2360 2361
2362 2363 2364
2362 2364 2365
2366 2367 2368
2368 2367 2369
2370 2371 2369
2372 2371 2370
2372 2373 2371
2373 2374 2368
2375 2374 2373
2376 2373 2372
2377 2375 2373
2376 2377 2373
2378 2375 2377
2379 2377 2376
2378 2377 2379
2379 2376 2380
2379 2381 2378
2379 2380 2382
2380 2383 2382
2382 2383 2384
2379 2385 2381
2385 2379 2382
2386 2381 2385
2387 2385 2382
2386 2385 2387
2382 2384 2388
2387 2382 2388
2389 2386 2387
2389 2390 2386
2391 2390 2389
2387 2388 2392
2384 2392 2388
2389 2387 2392
2391 2389 2393
2394 2391 2393
2389 2392 2395
2395 2393 2389
2392 2384 2396
2395 2392 2396
2394 2393 2397
2397 601 2394
2397 600 601
2395 2398 2393
2397 2393 2398
2399 600 2397
2397 2398 2399
2400 2396 2384
2401 2400 2384
2398 2395 2402
2395 2396 2402
2403 2398 2402
2403 2402 2396
2399 2404 600
582 600 2404
582 2404 581
581 2404 2405
2399 2405 2404
581 2405 577
2398 2406 2399
2399 2406 2405
577 2405 2406
2403 2406 2398
577 2406 2407
2407 2406 2403
571 577 2407
2396 2408 2403
2400 2408 2396
2407 2403 2409
2409 2403 2408
2410 571 2407
2410 2407 2409
2409 2408 2411
2411 2408 2400
2410 2409 2411
2410 2412 571
571 2412 560
2413 2412 2410
2410 2411 2413
2414 560 2412
2413 2414 2412
2411 2400 2415
2416 2413 2411
2416 2411 2415
2417 2413 2416
2417 2414 2413
2415 2400 2418
2401 2418 2400
2419 2418 2401
2420 2416 2415
2421 2417 2416
2420 2415 2422
2415 2418 2422
2423 2420 2422
2418 2423 2422
2423 2424 2420
2425 2424 2423
2419 2426 2418
2418 2426 2423
2426 2425 2423
2427 2426 2419
2426 2428 2425
2427 2428 2426
2425 2428 2429
2429 2428 2427
2425 2429 2430
2429 2427 2431
2429 2432 2430
2431 2433 2429
2429 2433 2432
2431 2434 2433
2433 2435 2432
2434 2436 2433
2433 2436 2435
2434 2437 2436
2435 2436 2438
2436 2437 2438
2439 2440 2441
2440 2442 2441
2440 2443 2442
2444 2442 2443
2444 2443 2445
2446 2444 2445
2447 2443 2440
2445 2443 2447
2447 2440 2448
2440 2449 2448
2445 2447 2450
2446 2445 2451
2451 2445 2450
2451 2450 2452
2451 2453 2446
2452 2454 2451
2451 2454 2453
2452 2455 2454
2453 2454 2456
2456 2454 2455
2453 2456 2457
2456 2421 2457
2456 2458 2421
2421 2458 2417
2459 2458 2456
2456 2455 2459
2417 2458 2460
2459 2460 2458
2417 2460 2461
2461 2414 2417
2461 2462 2414
2414 2462 560
2463 560 2462
2463 2462 2464
2464 2462 2461
2464 2461 2465
2465 2461 2460
2465 2460 2466
2460 2467 2466
2460 2459 2467
2468 2467 2459
2468 2459 2455
2469 2468 2455
2469 2455 2470
2471 2469 2470
2471 2470 2472
2473 2471 2472
2473 2472 2474
2475 2473 2474
2475 2474 2476
2449 2475 2476
2477 2478 2479
2480 2477 2479
2480 2479 2481
2482 2480 2481
2482 2481 2483
2484 2482 2483
2485 2477 2480
2485 2486 2477
2486 2487 2477
2488 2485 2480
2488 2480 2482
2489 2488 2482
2484 2489 2482
2489 2490 2488
2491 2490 2489
2484 2492 2489
2491 2489 2492
2484 2493 2492
2494 2491 2492
2493 2495 2492
2494 2492 2495
2493 2496 2495
2497 2494 2495
2496 2498 2495
2497 2495 2498
2496 2499 2498
2500 2497 2498
2499 2501 2498
2500 2498 2501
2499 2502 2501
2503 2500 2501
2502 2503 2501
2502 2504 2503
2503 2505 2500
2503 2504 2506
2507 2505 2503
2503 2506 2507
2507 2508 2505
2507 2506 2509
2507 2510 2508
2507 2509 2511
2507 2511 2510
2512 2513 2514
2512 2515 2513
2516 2515 2512
2516 2517 2515
2515 2517 2518
2519 2518 2517
2519 2520 2518
2519 2521 2520
2520 2522 2518
2518 2522 2523
2515 2518 2524
2518 2523 2524
2515 2525 2513
2515 2524 2526
2515 2526 2525
2527 2524 2523
2528 2526 2524
2528 2524 2527
2529 2527 2523
2529 2528 2527
2530 2529 2523
2530 2531 2529
2529 2531 2532
2533 2526 2528
2533 2525 2526
2534 2528 2529
2534 2529 2532
2528 2534 2533
2534 2532 2535
2536 2535 2532
2530 2537 2536
2537 2538 2536
2536 2538 2535
2537 2539 2538
2539 2537 2540
2534 2541 2533
2534 2535 2541
2535 2538 2542
2542 2538 2539
2535 2542 2543
2543 2541 2535
2544 2539 2540
2544 2540 2545
2546 2544 2545
2547 2542 2539
2542 2547 2543
2548 2539 2544
2548 2547 2539
2546 2549 2544
2548 2544 2549
2550 2549 2546
2550 2546 2551
2548 2549 2552
2552 2549 2550
2547 2548 2553
2553 2548 2552
2551 2554 2550
2551 2555 2554
2555 2556 2554
2550 2554 2557
2552 2550 2558
2550 2557 2558
2558 2559 2552
2553 2552 2559
2558 2557 2560
2558 2560 2559
2557 2561 2560
2559 2560 2562
2562 2553 2559
2561 2563 2560
2560 2563 2562
2563 2561 2564
2564 2561 2565
2564 2565 2566
2564 2566 2567
2566 2568 2567
2568 2569 2567
2569 2568 2570
2571 2564 2567
2571 2563 2564
2569 2572 2567
2571 2567 2572
2573 2571 2572
2573 2572 2569
2563 2571 2574
2573 2574 2571
2563 2575 2562
2563 2574 2575
2569 2570 2576
2577 2569 2576
2578 2576 2570
2579 2573 2569
2577 2579 2569
2580 2573 2579
2574 2573 2580
2580 2579 2577
2575 2574 2581
2574 2580 2581
2562 2575 2582
2575 2581 2582
2578 2583 2576
2577 2576 2583
2584 2583 2578
2577 2583 2584
2584 2578 2585
2586 2584 2585
2562 2582 2587
2562 2587 2553
2582 2581 2588
2588 2587 2582
2553 2587 2589
2588 2589 2587
2547 2553 2589
2547 2589 2590
2590 2589 2588
2547 2590 2543
2581 2591 2588
2591 2581 2580
2590 2592 2543
2543 2592 2541
2590 2588 2593
2591 2593 2588
2590 2593 2592
2591 2592 2593
2594 2541 2592
2591 2594 2592
2594 2533 2541
2591 2580 2595
2594 2591 2595
2595 2580 2577
2594 2596 2533
2596 2525 2533
2594 2595 2597
2597 2596 2594
2595 2577 2598
2597 2595 2598
2577 2584 2598
2597 2598 2599
2584 2599 2598
2596 2600 2525
2513 2525 2600
2597 2601 2596
2599 2601 2597
2513 2600 2602
2513 2602 2603
2602 2604 2603
2605 2600 2596
2605 2596 2601
2602 2600 2605
2606 2604 2602
2602 2605 2606
2606 2607 2604
2607 2606 2608
2605 2601 2609
2599 2609 2601
2606 2605 2610
2605 2609 2610
2608 2606 2611
2606 2610 2611
2608 2611 2612
2611 2613 2612
2614 2613 2611
2610 2614 2611
2614 2615 2613
2609 2616 2610
2610 2616 2614
2599 2617 2609
2609 2617 2616
2599 2618 2617
2584 2618 2599
2586 2618 2584
2617 2618 2586
2617 2586 2619
2616 2617 2619
2616 2619 2620
2614 2616 2620
2614 2620 2621
2622 2614 2621
2622 2621 2623
2624 2625 2621
2624 2621 2626
2626 2621 2627
2626 2627 2628
2628 2627 2629
2628 2629 2630
2630 2629 2631
2632 2626 2628
2633 2628 2630
2633 2632 2628
2630 2631 2634
2631 2635 2634
2631 2636 2635
2635 2636 2637
2638 2630 2634
2638 2633 2630
2635 2638 2634
2632 2639 2626
2626 2639 2640
2626 2640 2641
2639 2642 2640
2643 2642 2639
2643 2639 2644
2644 2639 2632
2645 2643 2644
2644 2646 2645
2647 2632 2633
2644 2632 2647
2644 2648 2646
2648 2644 2647
2649 2646 2648
2649 2648 2650
2647 2633 2651
2638 2651 2633
2648 2647 2652
2650 2648 2652
2647 2651 2653
2647 2653 2652
2638 2654 2651
2654 2653 2651
2650 2652 2655
2653 2655 2652
2656 2650 2655
2657 2650 2656
2657 2658 2650
2659 2657 2656
2659 2656 2660
2654 2638 2661
2635 2661 2638
2662 2661 2635
2654 2661 2663
2663 2661 2662
2654 2664 2653
2664 2654 2663
2653 2665 2655
2664 2665 2653
2656 2655 2666
2665 2666 2655
2656 2667 2660
2660 2667 2668
2667 2669 2668
2669 2670 2668
2667 2671 2669
2667 2672 2671
2656 2673 2667
2656 2666 2673
2667 2673 2672
2674 2673 2666
2672 2673 2674
2674 2666 2675
2665 2675 2666
2672 2674 2676
2676 2674 2675
2672 2676 2677
2677 2676 2678
2678 2676 2679
2679 2676 2675
2675 2665 2680
2679 2675 2680
2665 2681 2680
2664 2681 2665
2680 2682 2679
2680 2681 2682
2683 2679 2682
2677 2683 2684
2684 2683 2685
2683 2682 2685
2684 2685 2686
2686 2687 2684
2682 2688 2685
2686 2685 2688
2689 2682 2681
2682 2689 2688
2690 2681 2664
2689 2681 2690
2689 2691 2688
2691 2686 2688
2692 2687 2686
2692 2693 2687
2694 2693 2692
2695 2692 2686
2695 2686 2691
2694 2692 2696
2695 2696 2692
2697 2694 2696
2697 2698 2694
2699 2690 2664
2664 2663 2699
2700 2689 2690
2689 2700 2691
2695 2701 2696
2701 2697 2696
2698 2697 2702
2698 2702 2703
2702 2704 2703
2697 2705 2702
2701 2706 2697
2697 2706 2705
2707 2701 2695
2706 2701 2707
2706 2708 2705
2706 2707 2708
2708 2709 2705
2691 2710 2695
2707 2695 2710
2707 2711 2708
2711 2707 2710
2708 2712 2709
2711 2712 2708
2691 2713 2710
2691 2700 2713
2713 2714 2710
2711 2710 2714
2700 2715 2713
2715 2714 2713
2711 2714 2716
2715 2716 2714
2712 2717 2709
2709 2717 2718
2712 2711 2719
2711 2716 2719
2720 2717 2712
2720 2712 2719
2721 2718 2717
2720 2721 2717
2721 2722 2718
2723 2722 2721
2724 2723 2721
2724 2725 2723
2716 2726 2719
2720 2719 2726
2720 2727 2721
2727 2724 2721
2728 2727 2720
2728 2720 2726
2728 2724 2727
2716 2729 2726
2729 2716 2715
2726 2730 2728
2726 2729 2730
2699 2729 2715
2699 2730 2729
2731 2699 2715
2700 2731 2715
2700 2690 2731
2699 2731 2690
2699 2663 2730
2663 2662 2730
2730 2732 2728
2724 2728 2732
2730 2662 2732
2662 2724 2732
2662 2733 2724
2724 2733 2725
2637 2725 2733
2662 2734 2733
2637 2733 2734
2662 2635 2734
2635 2637 2734
2735 2736 2737
2735 2737 2738
2738 2737 2739
2740 2735 2738
2738 2739 2741
2740 2738 2742
2742 2738 2741
2742 2741 2743
2744 2742 2743
2742 2745 2740
2744 2746 2742
2742 2746 2745
2747 2746 2744
2745 2746 2748
2747 2748 2746
2745 2748 2749
2748 2750 2749
2747 2751 2748
2748 2751 2750
2747 2752 2751
2750 2751 2753
2751 2752 2753
2754 2755 2756
2757 2755 2754
2758 2759 2760
2758 2761 2759
2762 2761 2758
2762 2763 2761
2764 2763 2762
2764 2765 2763
2766 2765 2764
2766 2764 2767
2766 2767 2768
2766 2768 2769
2769 2768 2770
2771 2772 2773
2771 2774 2772
2774 2775 2772
2776 2774 2771
2774 2777 2775
2776 2778 2774
2778 2777 2774
2778 2779 2777
2780 2779 2778
2778 2776 2781
2780 2778 2782
2778 2781 2782
2783 2780 2782
2781 2784 2782
2783 2782 2784
2781 2785 2784
2784 2785 2786
2783 2784 2787
2784 2786 2787
2783 2787 2788
2786 2789 2787
2787 2789 2788
2790 2791 2792
2793 2790 2792
2794 2795 2796
2794 2796 2797
2798 2794 2797
2798 2797 2799
2800 2798 2799
2800 2799 2801
2802 2800 2801
2802 2803 2800
2802 2804 2803
2802 2805 2804
2805 2806 2804
2807 2808 2809
2810 2807 2809
2810 2811 2807
2812 2811 2810
2811 2813 2807
2812 2814 2811
2814 2812 2815
2811 2816 2813
2814 2816 2811
2814 2817 2816
2818 2817 2814
2818 2814 2819
2814 2815 2819
2820 2818 2819
2815 2821 2819
2820 2819 2821
2815 2822 2821
2821 2822 2823
2820 2821 2824
2821 2823 2824
2820 2824 2825
2823 2826 2824
2824 2826 2825
2813 2827 2828
2813 2828 2829
2829 2828 2830
2831 2832 2833
2831 2833 2834
2834 2833 2835
2836 2831 2834
2834 2835 2837
2836 2834 2838
2838 2834 2837
2839 2836 2838
2838 2837 2840
2839 2838 2841
2841 2838 2840
2841 2840 2842
2843 2841 2842
2841 2844 2839
2843 2845 2841
2841 2845 2844
2846 2845 2843
2844 2845 2847
2846 2847 2845
2844 2847 2848
2847 2849 2848
2846 2850 2847
2847 2850 2849
2846 2851 2850
2849 2850 2852
2850 2851 2852
2853 557 560
2853 2854 557
557 2854 558
2855 2854 2853
558 2854 2855
2855 2853 2856
2857 2855 2856
558 2855 2858
2858 549 558
2857 2859 2855
2858 2855 2859
2860 2859 2857
2860 2861 2859
2862 2861 2860
2858 2859 2863
2863 2859 2861
2863 2861 2864
2862 2865 2861
2864 2861 2865
2866 2865 2862
2864 2865 2867
2866 2868 2865
2867 2865 2868
2867 2868 2869
2868 2866 2870
2869 2868 2871
2868 2870 2871
2869 2871 2872
2871 2873 2872
2870 2874 2871
2871 2874 2873
2870 2875 2874
2874 2875 2876
2873 2874 2877
2874 2876 2877
2873 2877 2878
2876 2879 2877
2877 2879 2878
2880 2881 2882
2882 2881 2883
550 2881 2880
2881 2858 2883
550 2884 2881
2881 2884 2858
549 2884 550
2858 2884 549
242 243 2885
2885 243 2886
2887 242 2885
2885 2886 2888
2888 2887 2885
2887 2889 242
242 2889 244
244 2889 253
253 2889 2887
253 2887 2890
2890 2887 2891
2888 2891 2887
2890 2891 2892
2892 2891 2893
2893 2891 2888
2892 2893 2894
2893 2895 2894
2886 2896 2888
2893 2888 2896
2895 2893 2896
2886 2897 2896
2897 2895 2896
2898 2899 2900
2898 2900 2901
2900 2899 2902
2900 2902 2903
2900 2904 2901
2903 2905 2900
2900 2905 2904
2903 2906 2905
2904 2905 2907
2907 2905 2906
2904 2907 2908
2907 2906 2909
2908 2907 2910
2910 2907 2909
2908 2910 2911
2910 2909 2912
2911 2910 2913
2913 2910 2912
2911 2913 2914
2913 2912 2915
2914 2913 2916
2916 2913 2915
2914 2916 2917
2916 2915 2918
2917 2916 2919
2919 2916 2918
2917 2919 2920
2919 2918 2921
2920 2919 2922
2922 2919 2921
2920 2922 2923
2922 2921 2924
2922 2925 2923
2926 2922 2924
2922 2926 2925
2926 2924 2927
2925 2926 2928
2928 2926 2927
2925 2928 2929
2928 2927 2930
2928 2931 2929
2931 2928 2930
2932 2933 2934
2935 2934 2933
2932 2934 2936
2936 1295 2932
2935 2937 2934
2938 2937 2935
2938 2939 2937
2940 2939 2938
2934 2937 2941
2941 2937 2939
2940 2942 2939
2941 2939 2942
2940 2943 2942
2942 2943 2944
2942 2944 2941
2941 2944 2945
2934 2941 2946
2941 2945 2946
2936 2934 2946
2946 2945 2947
2946 2947 2948
2936 2946 2948
2948 2947 2949
2950 2936 2948
2948 2949 2950
2950 2951 2936
2936 2951 1295
1295 2951 1307
1307 2951 2950
1307 2950 2952
2952 1321 1307
2952 2953 1321
2950 2954 2952
2954 2953 2952
2950 2949 2954
2954 2955 2953
2955 2954 2956
2949 2956 2954
2955 2956 2957
2949 2958 2956
2959 2958 2949
2957 2956 2960
2957 2960 2961
2960 2962 2961
2956 2963 2960
2956 2958 2963
2960 2964 2962
2963 2964 2960
2964 2965 2962
2964 2966 2965
2967 2966 2964
2963 2967 2964
2967 2968 2966
2958 2969 2963
2967 2963 2969
2970 2968 2967
2967 2969 2970
2970 2971 2968
2972 2971 2970
2972 2973 2971
2974 2970 2969
2974 2972 2970
2975 2972 2974
2976 2973 2972
2975 2976 2972
2976 2977 2973
2978 2976 2975
2979 2977 2976
2978 2979 2976
2979 2980 2977
2979 2978 2981
2979 2981 2980
2969 2982 2983
2982 2984 2983
2969 2985 2982
2958 2985 2969
2959 2985 2958
2982 2985 2959
2982 2959 2986
2986 2987 2982
2982 2987 2984
2986 2988 2987
2987 2988 2989
2984 2987 2990
2987 2989 2990
2984 2990 2991
2989 2992 2990
2990 2992 2991
2993 2994 2995
2993 2995 2996
2997 2995 2994
2998 2993 2996
2998 2996 2999
2996 3000 2999
2995 2997 3001
2996 3002 3000
3002 3003 3000
3002 3004 3003
3002 3005 3004
3006 3005 3002
3006 3002 2996
3007 3006 2996
2996 2995 3007
2995 3008 3007
2995 3009 3008
2995 3001 3009
3009 3010 3008
3001 3011 3009
3009 3011 3010
3001 3012 3011
3010 3011 3013
3011 3012 3013
3014 3015 3016
3014 3017 3015
3018 3016 3015
3019 3017 3014
3019 3020 3017
3017 3020 3021
3015 3022 3018
3017 3021 3023
3023 3021 3024
3023 3024 3025
3023 3025 3026
3027 3023 3026
3027 3017 3023
3028 3017 3027
3017 3028 3015
3015 3028 3029
3015 3029 3030
3015 3030 3022
3030 3029 3031
3022 3030 3032
3030 3031 3032
3022 3032 3033
3031 3034 3032
3032 3034 3033
3035 3036 3037
3037 3036 3038
3035 3039 3036
3038 3036 3040
3035 3041 3039
3035 3042 3041
3043 3041 3042
3044 3043 3042
3045 3038 3040
3045 3040 3046
3045 3046 3047
3045 3047 3048
3049 3048 3047
3049 3050 3048
3051 3050 3049
3052 3053 3044
3052 3054 3053
3052 3055 3054
3055 3056 3054
3055 3057 3056
3055 3058 3057
3058 3059 3057
3058 3060 3059
3060 3061 3059
3060 3062 3061
3062 3063 3061
3062 3064 3063
3064 3065 3063
3064 3066 3065
3065 3066 3051
3067 3068 3069
3070 3069 3068
3071 3069 3070
3067 3069 3072
3072 3069 3071
3072 3071 3073
3072 3074 3067
3075 3072 3073
3072 3076 3074
3075 3076 3072
3077 3074 3076
3078 3076 3075
3077 3076 3078
3078 3075 3079
3080 3077 3078
3081 3078 3079
3080 3078 3081
3081 3079 3082
3083 3080 3081
3084 3081 3082
3083 3081 3084
3084 3082 3085
3086 3083 3084
3087 3084 3085
3086 3084 3087
3087 3085 3088
3087 3089 3086
3090 3087 3088
3087 3091 3089
3090 3091 3087
3092 3089 3091
3093 3091 3090
3092 3091 3093
3093 3090 3094
3093 3095 3092
3094 3096 3093
3093 3096 3095
3094 3097 3096
3096 3098 3095
3097 3099 3096
3096 3099 3098
3097 3100 3099
3099 3101 3098
3100 3101 3099
3102 3103 3104
3103 3105 3104
3102 3106 3103
3107 3106 3102
3107 3108 3106
3109 3108 3107
3109 3110 3108
3110 3109 3111
3110 3111 3112
3113 3112 3111
3113 3114 3112
3114 3113 3115
3116 3110 3112
3114 3116 3112
3116 3117 3110
3110 3117 3118
3110 3118 3108
3108 3118 3119
3108 3119 3106
3106 3119 3120
3114 3121 3116
3106 3120 3103
3114 3115 3122
3121 3114 3122
3122 3115 3123
3121 3122 3124
3120 3125 3103
3120 3126 3125
3103 3125 3105
3122 3123 3127
3124 3122 3127
3127 3123 3128
3124 3127 3129
3129 3127 3128
3126 3130 3125
3130 3105 3125
3126 3131 3130
3130 3132 3105
3130 3131 3133
3132 3130 3134
3130 3133 3134
3132 3134 3135
3133 3136 3134
3136 3135 3134
