byte offset: 0
first index: 66528
index count: 9528
topology: trianglelist
format: DXGI_FORMAT_R16_UINT

18889 18890 18891
18892 18893 18894
18895 18896 18897
18898 18899 18900
18901 18902 18903
18904 18905 18906
18907 18908 18909
10920 10919 18910
18911 18912 18913
18914 18915 18916
11115 18917 11114
18918 18919 18920
18921 18922 18923
18924 18922 18921
18924 18925 18922
18924 18926 18925
18926 18924 18927
18928 18925 18926
18928 18929 18925
18930 18929 18928
18930 18931 18929
18932 18931 18930
18933 18934 18935
18933 18936 18934
18936 18937 18934
18936 18933 18938
18936 18938 18939
18940 18939 18938
18940 18941 18939
18942 18941 18940
18942 18943 18941
18943 18942 18944
18944 18942 18945
18946 18943 18944
18946 18947 18943
18948 18947 18946
18943 18949 18941
18943 18947 18949
18948 18950 18947
18951 18950 18948
18941 18952 18939
18941 18949 18952
18947 18953 18949
18947 18950 18953
18951 18954 18950
18955 18954 18951
18955 18956 18954
18950 18954 18957
18950 18957 18953
18953 18957 18958
18949 18953 18959
18953 18958 18959
18949 18959 18952
18952 18959 18960
18959 18958 18961
18959 18961 18960
18960 18961 18962
18960 18962 18963
18960 18963 18964
18960 18964 18965
18954 18956 18966
18956 18967 18966
18966 18967 18968
18966 18969 18954
18966 18968 18970
18952 18960 18971
18971 18960 18965
18971 18965 18972
18939 18952 18971
18971 18972 18973
18974 18969 18966
18966 18970 18974
18974 18975 18969
18974 18970 18976
18939 18971 18977
18977 18971 18973
18977 18978 18939
18977 18973 18979
18978 18977 18980
18977 18979 18980
18981 18975 18974
18974 18976 18981
18981 18982 18975
18983 18982 18981
18984 18981 18976
18984 18983 18981
18983 18985 18982
18986 18985 18983
18986 18983 18987
18983 18988 18987
18983 18984 18989
18983 18989 18988
18989 18990 18988
18990 18989 18991
18992 18993 18994
18995 18993 18992
18995 18996 18993
18992 18997 18995
18998 18997 18992
18999 18997 18998
18999 18998 19000
19001 18999 19000
19001 19000 19002
19002 19003 19001
19003 19004 19001
19005 19003 19002
19005 19002 19006
19007 19005 19006
19002 19000 19008
19002 19008 19006
19007 19006 19009
19010 19007 19009
19000 18998 19011
19000 19011 19008
19006 19008 19012
19006 19012 19009
19010 19009 19013
19014 19010 19013
19014 19013 19015
19009 19016 19013
19009 19012 19016
19012 19017 19016
19008 19018 19012
19012 19018 19017
19008 19011 19018
19011 19019 19018
19018 19020 19017
19018 19019 19020
19019 19021 19020
19019 19022 19021
19019 19023 19022
19024 19023 19019
19013 19025 19015
19015 19025 19026
19026 19025 19027
19025 19013 19028
19025 19029 19027
19011 19030 19019
19030 19024 19019
19030 19031 19024
18998 19030 19011
19032 19031 19030
19033 19025 19028
19025 19033 19029
19033 19028 19034
19033 19035 19029
18998 19036 19030
19036 19032 19030
19036 18998 19037
19036 19038 19032
19037 19039 19036
19039 19038 19036
19040 19033 19034
19033 19040 19035
19040 19034 19041
19042 19040 19041
19043 19035 19040
19043 19040 19042
19042 19041 19044
19045 19042 19044
19045 19046 19042
19046 19047 19042
19042 19048 19043
19042 19047 19048
19048 19047 19049
19049 19050 19048
19051 19052 19053
19054 19051 19053
19054 19053 19055
19054 19055 19056
19056 19057 19054
19058 19056 19055
19058 19055 19059
19060 19058 19059
19060 19059 19061
19062 19060 19061
19063 19064 19065
19063 19065 19066
19065 19067 19066
19065 19068 19067
19068 19069 19067
19068 19070 19069
19070 19071 19069
19070 19072 19071
19072 19073 19071
19072 19074 19073
19074 19075 19073
19074 19076 19075
19076 19077 19075
19076 19078 19077
19078 19079 19077
19078 19080 19079
19081 19082 19083
19081 19083 19084
19081 19084 19085
19085 19084 19086
19087 19086 19084
19087 19088 19086
19087 19089 19088
19090 19089 19087
19091 19089 19090
19088 19089 19092
19091 19092 19089
19088 19092 19093
19094 19092 19091
19092 19095 19093
19094 19096 19092
19092 19097 19095
19098 19096 19094
19095 19097 19099
19098 19099 19096
19095 19099 19100
19098 19101 19099
19102 19101 19098
19103 19101 19102
19103 19104 19101
19105 19104 19103
19105 19103 19106
19099 19101 19107
19107 19101 19108
19099 19107 19109
19099 19109 19100
19107 19108 19110
19109 19107 19110
19111 19110 19108
19111 19108 19112
19113 19110 19111
19113 19114 19110
19109 19110 19114
19115 19114 19113
19100 19109 19116
19116 19109 19114
19115 19117 19114
19116 19114 19117
19118 19117 19115
19116 19119 19100
19100 19119 19120
19121 19116 19117
19121 19119 19116
19118 19121 19117
19120 19119 19121
19122 19121 19118
19120 19121 19122
19122 19118 19123
19124 19122 19123
19124 19125 19122
19122 19125 19126
19122 19126 19120
19120 19126 19127
19128 19129 19130
19131 19129 19128
19131 19132 19129
19133 19132 19131
19133 19134 19132
19135 19134 19133
19135 19136 19134
19137 19136 19135
19137 19138 19136
19139 19138 19137
19140 19141 19142
19142 19141 19143
19142 19143 19144
19145 19144 19143
19145 19146 19144
19147 19146 19145
19147 19145 19148
19149 19147 19148
19149 19148 19150
19151 19149 19150
19151 19152 19149
19153 19152 19151
19153 19151 19154
19155 19152 19153
19155 19153 19156
19152 19155 19157
19152 19157 19158
19157 19159 19158
19156 19160 19155
19156 19161 19160
19162 19160 19161
19160 19162 19163
19155 19160 19164
19160 19163 19164
19155 19164 19157
19165 19164 19163
19157 19166 19159
19164 19166 19157
19165 19166 19164
19167 19166 19165
19166 19168 19159
19167 19169 19166
19166 19169 19168
19170 19169 19167
19168 19169 19171
19170 19171 19169
19168 19171 19172
19173 19171 19170
19174 19172 19171
19173 19174 19171
19175 19174 19173
19174 19176 19172
19177 19176 19174
19178 19179 19180
19178 19181 19179
19182 19181 19178
19183 19179 19181
19183 19184 19179
19185 19184 19183
19182 19186 19181
19187 19186 19182
19188 19183 19181
19188 19181 19186
19189 19188 19186
19187 19190 19186
19189 19186 19190
19191 19190 19187
19191 19192 19190
19192 19189 19190
19193 19192 19191
19193 19194 19192
19195 19192 19194
19195 19196 19192
19192 19196 19189
19197 19196 19195
19189 19196 19197
19198 19183 19188
19185 19183 19198
19199 19188 19189
19198 19188 19199
19200 19185 19198
19200 19201 19185
19202 19201 19200
19203 19200 19198
19203 19198 19199
19199 19189 19204
19189 19197 19204
19205 19199 19204
19205 19203 19199
19197 19205 19204
19202 19200 19206
19206 19200 19203
19207 19203 19205
19206 19203 19207
19208 19202 19206
19208 19209 19202
19210 19209 19208
19211 19208 19206
19211 19206 19207
19210 19208 19212
19212 19208 19211
19213 19210 19212
19197 19214 19205
19205 19214 19207
19212 19211 19215
19213 19212 19215
19216 19214 19197
19216 19197 19217
19217 19197 19218
19219 19214 19216
19219 19207 19214
19220 19207 19219
19220 19211 19207
19221 19211 19220
19221 19215 19211
19222 19215 19221
19222 19223 19215
19213 19215 19223
19224 19223 19222
19225 19213 19223
19224 19225 19223
19225 19226 19213
19227 19226 19225
19228 19225 19224
19227 19225 19229
19228 19229 19225
19229 19230 19227
19229 19231 19230
19228 19231 19229
19228 19232 19231
19233 19234 19235
19233 19236 19234
19237 19236 19233
19236 19238 19234
19237 19239 19236
19240 19239 19237
19236 19241 19238
19239 19241 19236
19241 19242 19238
19241 19243 19242
19242 19243 19244
19240 19245 19239
19246 19245 19240
19245 19246 19247
19248 19245 19247
19239 19249 19241
19245 19249 19239
19248 19249 19245
19250 19249 19248
19249 19251 19241
19250 19252 19249
19249 19252 19251
19253 19252 19250
19251 19252 19254
19253 19254 19252
19251 19254 19255
19256 19254 19253
19254 19257 19255
19256 19258 19254
19254 19258 19257
19259 19258 19256
19257 19258 19260
19259 19260 19258
19261 19260 19259
19261 19262 19260
19263 19262 19261
19263 19264 19262
19263 19265 19264
19262 19266 19260
19262 19267 19266
19264 19267 19262
19260 19266 19268
19264 19269 19267
19269 19264 19265
19260 19268 19270
19269 19265 19271
19270 19268 19272
19273 19271 19265
19273 19274 19271
19274 19273 19275
19270 19272 19276
19276 19272 19277
19276 19277 19278
19278 19277 19279
19278 19279 19280
19280 19279 19281
19281 19279 19282
19280 19281 19283
19284 19281 19282
19281 19285 19283
19283 19285 19286
19284 19287 19281
19281 19287 19285
19288 19287 19284
19286 19285 19289
19286 19289 19290
19285 19287 19291
19288 19291 19287
19285 19291 19289
19292 19291 19288
19289 19291 19292
19289 19292 19293
19292 19288 19294
19293 19292 19295
19295 19292 19294
19295 19294 19296
19295 19296 19297
19297 19296 19298
19297 19298 19299
19300 19301 19302
19303 19300 19302
19303 19302 19304
19305 19306 19307
19308 19306 19305
19308 19309 19306
19310 19309 19308
19311 19312 19313
19311 19314 19312
19311 19315 19314
19315 19316 19314
19316 19315 19317
19318 19314 19316
19319 19316 19317
19318 19316 19319
19319 19317 19320
19318 19319 19321
19322 19318 19321
19323 19322 19321
19323 19321 19324
19319 19324 19321
19325 19323 19324
19326 19319 19320
19319 19326 19324
19326 19320 19327
19328 19326 19327
19324 19326 19328
19328 19327 19329
19330 19328 19329
19330 19329 19331
19332 19330 19331
19325 19324 19333
19324 19328 19334
19335 19325 19333
19328 19336 19334
19335 19333 19336
19328 19330 19336
19335 19336 19337
19338 19335 19337
19339 19338 19337
19339 19337 19340
19341 19339 19340
19341 19342 19339
19336 19343 19337
19343 19344 19337
19336 19345 19343
19336 19330 19345
19343 19346 19344
19345 19346 19343
19347 19344 19346
19347 19348 19344
19349 19347 19346
19349 19346 19350
19345 19350 19346
19351 19349 19350
19330 19352 19345
19352 19350 19345
19351 19350 19353
19352 19353 19350
19354 19351 19353
19352 19330 19355
19330 19356 19355
19357 19353 19352
19357 19352 19355
19354 19353 19357
19356 19357 19355
19358 19354 19357
19356 19358 19357
19358 19359 19354
19360 19359 19358
19360 19358 19361
19358 19362 19361
19358 19356 19362
19356 19363 19362
19364 19365 19366
19364 19367 19365
19364 19368 19367
19368 19369 19367
19370 19371 19372
19371 19373 19372
19371 19374 19373
19375 19373 19374
19375 19374 19376
19377 19375 19376
19377 19378 19375
19379 19378 19377
19379 19380 19378
19381 19380 19379
19381 19379 19382
19383 19381 19382
19383 19384 19381
19385 19383 19382
19385 19386 19383
19382 19387 19385
19382 19388 19387
19387 19388 19389
19386 19385 19390
19386 19390 19391
19392 19391 19390
19390 19393 19392
19385 19394 19390
19390 19394 19393
19385 19387 19394
19395 19393 19394
19387 19389 19396
19394 19387 19396
19395 19394 19396
19397 19395 19396
19396 19389 19398
19397 19396 19399
19396 19398 19399
19400 19397 19399
19398 19401 19399
19400 19399 19401
19398 19402 19401
19403 19400 19401
19404 19401 19402
19403 19401 19404
19405 19403 19404
19404 19402 19406
19407 19404 19406
19408 19409 19410
19411 19408 19410
19411 19410 19412
19413 19411 19412
19413 19412 19414
19415 19413 19414
19410 19416 19412
19416 19414 19412
19415 19414 19417
19418 19415 19417
19418 19417 19419
19420 19418 19419
19420 19419 19421
19422 19420 19421
19422 19421 19423
19424 19422 19423
19425 19421 19419
19423 19421 19425
19425 19419 19426
19426 19419 19417
19423 19425 19427
19425 19426 19428
19429 19423 19427
19428 19426 19430
19426 19417 19430
19428 19430 19431
19430 19432 19431
19429 19433 19423
19424 19423 19433
19433 19429 19434
19417 19435 19430
19430 19435 19432
19417 19414 19435
19424 19433 19436
19433 19434 19436
19424 19436 19437
19436 19438 19437
19434 19438 19436
19434 19439 19438
19432 19435 19440
19432 19440 19441
19440 19442 19441
19435 19414 19443
19435 19443 19440
19414 19416 19443
19440 19444 19442
19443 19444 19440
19416 19445 19443
19443 19445 19444
19442 19444 19446
19442 19446 19447
19446 19448 19447
19444 19449 19446
19444 19445 19449
19416 19450 19445
19410 19450 19416
19445 19450 19451
19451 19450 19410
19445 19451 19449
19446 19452 19448
19449 19452 19446
19453 19448 19452
19453 19454 19448
19455 19453 19452
19449 19456 19452
19455 19452 19456
19451 19456 19449
19457 19455 19456
19457 19456 19458
19451 19458 19456
19459 19457 19458
19451 19410 19460
19458 19451 19460
19461 19460 19410
19459 19458 19462
19458 19460 19462
19461 19462 19460
19463 19459 19462
19461 19464 19462
19463 19462 19464
19465 19466 19467
19465 19467 19468
19469 19465 19468
19468 19467 19470
19469 19468 19471
19472 19469 19471
19468 19470 19473
19471 19468 19473
19473 19470 19474
19473 19474 19475
19474 19476 19475
19472 19471 19477
19478 19472 19477
19477 19479 19478
19480 19479 19477
19471 19473 19481
19477 19471 19481
19480 19477 19481
19482 19480 19481
19481 19473 19483
19482 19481 19484
19481 19483 19484
19485 19482 19484
19483 19486 19484
19485 19484 19486
19483 19487 19486
19488 19485 19486
19486 19487 19489
19488 19486 19490
19486 19489 19490
19491 19488 19490
19489 19492 19490
19491 19490 19492
19493 19491 19492
19493 19492 19494
19495 19493 19494
19495 19494 19496
19495 19496 19497
19494 19492 19498
19494 19498 19499
19496 19494 19499
19492 19500 19498
19496 19499 19501
19501 19497 19496
19492 19502 19500
19501 19503 19497
19502 19504 19500
19505 19497 19503
19505 19503 19506
19506 19507 19505
19502 19508 19504
19508 19509 19504
19508 19510 19509
19510 19511 19509
19510 19512 19511
19512 19513 19511
19513 19514 19511
19512 19515 19513
19516 19514 19513
19513 19515 19517
19515 19518 19517
19516 19513 19519
19513 19517 19519
19520 19516 19519
19518 19521 19517
19518 19522 19521
19517 19523 19519
19520 19519 19523
19517 19521 19523
19524 19520 19523
19521 19524 19523
19521 19525 19524
19524 19526 19520
19525 19527 19524
19527 19526 19524
19527 19528 19526
19527 19529 19528
19529 19530 19528
19529 19531 19530
19532 19533 19534
19535 19533 19532
19536 19537 19538
19537 19539 19538
19537 19540 19539
19540 19541 19539
19540 19542 19541
19543 19541 19542
19541 19543 19544
19543 19545 19544
19540 19546 19542
19540 19547 19546
19548 19542 19546
19547 19548 19546
19548 19543 19542
19547 19549 19548
19549 19550 19548
19550 19543 19548
19549 19551 19550
19551 19552 19550
19551 19553 19552
19553 19554 19552
19553 19555 19554
19555 19556 19554
19555 19557 19556
19554 19556 19558
19554 19558 19559
19552 19554 19559
19559 19558 19560
19559 19560 19561
19550 19552 19562
19552 19559 19562
19543 19550 19563
19550 19562 19563
19564 19562 19559
19563 19562 19564
19564 19559 19561
19543 19563 19565
19563 19564 19565
19545 19543 19565
19564 19566 19565
19566 19564 19561
19565 19567 19545
19566 19567 19565
19567 19568 19545
19567 19569 19568
19567 19566 19569
19566 19570 19569
19566 19571 19570
19566 19561 19571
19571 19572 19570
19572 19573 19570
19561 19574 19571
19561 19575 19574
19576 19575 19561
19577 19578 19579
19580 19577 19579
19580 19579 19581
19580 19581 19582
19580 19582 19583
19582 19584 19583
19582 19585 19584
19582 19586 19585
19584 19585 19587
19584 19587 19588
19587 19589 19588
19586 19590 19585
19590 19587 19585
19586 19591 19590
19590 19591 19592
19591 19593 19592
19592 19593 19594
19587 19595 19589
19587 19590 19596
19587 19596 19595
19590 19592 19597
19590 19597 19596
19592 19594 19598
19597 19592 19598
19589 19595 19599
19589 19599 19600
19599 19601 19600
19595 19596 19602
19595 19602 19599
19596 19597 19603
19597 19598 19603
19596 19603 19602
19594 19604 19598
19594 19605 19604
19606 19604 19605
19606 19605 19607
19606 19607 19608
19606 19608 19609
19606 19609 19610
19611 19606 19610
19598 19612 19603
19598 19604 19612
19612 19604 19606
19612 19606 19611
19612 19602 19603
19613 19612 19611
19612 19613 19602
19613 19611 19614
19602 19613 19615
19615 19613 19614
19602 19615 19599
19599 19615 19601
19601 19615 19616
19615 19614 19616
19601 19616 19617
19616 19618 19617
19616 19619 19618
19614 19619 19616
19614 19620 19619
19614 19621 19620
6992 6990 6989
6992 6989 19622
19622 6989 6988
6988 19623 19622
6994 6992 19622
19622 19623 19624
19622 19625 6994
19624 19626 19622
19622 19626 19625
6994 19625 19627
6994 19627 6996
19625 19628 19627
19625 19626 19628
6996 19627 19629
19628 19629 19627
6996 19629 6998
19626 19624 19630
19630 19624 19631
19630 19631 19632
19626 19630 19633
19630 19632 19633
19628 19626 19633
19633 19632 19634
6998 19629 19635
6998 19635 7000
19629 19636 19635
19629 19637 19636
19628 19637 19629
19633 19637 19628
19633 19634 19638
19633 19638 19637
19638 19634 19639
19634 19640 19639
19637 19638 19641
19637 19641 19642
19637 19642 19643
19644 19645 19646
19644 19647 19645
7007 7010 19648
19648 7010 19649
19648 19649 19650
19649 7010 7011
19649 19651 19650
19650 19651 19652
19651 19653 19652
7011 19654 19649
7011 7014 19654
19649 19655 19651
19649 19654 19655
19651 19656 19653
19655 19656 19651
7014 19657 19654
7014 7015 19657
19657 7015 7018
19654 19658 19655
19655 19658 19656
19654 19657 19658
19653 19656 19659
19653 19659 19660
19661 19660 19659
19661 19662 19660
19661 19663 19662
19661 19664 19663
19665 19664 19661
19665 19661 19666
19656 19658 19667
19656 19667 19659
19667 19661 19659
19667 19658 19657
19667 19666 19661
19667 19657 19668
19668 19666 19667
19657 7018 19668
19668 19669 19666
7018 19669 19668
7018 7019 19669
19669 7019 7022
19669 7022 19670
19669 19670 19671
19672 19673 19674
19673 19672 19675
19676 19673 19675
19677 19678 19679
19680 19677 19679
19681 19680 19679
19682 19683 19684
19683 19682 19685
19683 19685 19686
19686 19685 19687
19686 19687 19688
19689 19686 19688
19683 19686 19690
19690 19686 19689
19690 19689 19691
19690 19691 19692
19690 19692 19693
19694 19693 19692
19694 19695 19693
19695 19694 19696
19695 19696 19697
19697 19696 19698
19699 19695 19697
19699 19700 19695
19700 19701 19695
19700 19702 19701
19702 19703 19701
19697 19698 19704
19704 19698 19705
19706 19699 19697
19706 19697 19704
19707 19700 19699
19708 19702 19700
19708 19700 19707
19709 19702 19708
19702 19710 19703
19709 19710 19702
19711 19699 19706
19707 19699 19711
19710 19712 19703
19703 19712 19713
19709 19714 19710
19715 19714 19709
19712 19716 19713
19717 19713 19716
19712 19718 19716
19710 19719 19712
19719 19718 19712
19710 19714 19719
19719 19720 19718
19720 19719 19714
19720 19714 19721
19721 19714 19715
19721 19715 19722
19722 19715 19723
19711 19706 19724
19725 19711 19724
19707 19711 19725
19724 19706 19726
19726 19706 19704
19726 19704 19727
19704 19728 19727
19724 19726 19729
19725 19724 19730
19730 19724 19729
19731 19726 19727
19729 19726 19731
19707 19725 19732
19707 19732 19733
19707 19733 19734
19734 19733 19735
19734 19735 19736
19736 19735 19737
19736 19737 19738
19739 19738 19737
19738 19739 19740
19739 19737 19741
19741 19737 19742
19737 19735 19742
19741 19742 19743
19743 19742 19744
19735 19744 19742
19743 19744 19745
19746 19735 19733
19746 19744 19735
19746 19733 19747
19747 19733 19732
19747 19732 19748
19748 19732 19725
19748 19725 19749
19750 19744 19746
19750 19745 19744
19750 19751 19745
19751 19750 19752
19749 19725 19730
19749 19730 19753
19753 19730 19754
19730 19729 19754
19754 19729 19755
19754 19755 19756
19729 19731 19755
19757 19756 19755
19755 19758 19757
19755 19731 19758
19757 19759 19756
19731 19760 19758
19761 19756 19759
19731 19762 19760
19731 19727 19762
19762 19763 19760
19727 19764 19762
19762 19764 19763
19764 19765 19763
19727 19728 19764
19764 19766 19765
19728 19766 19764
19728 19767 19766
19768 19767 19728
19761 19769 19756
19770 19769 19761
19769 19771 19756
19772 19756 19771
19754 19756 19772
19773 19754 19772
19753 19754 19773
19774 19773 19772
19769 19775 19771
19775 19776 19771
19774 19776 19775
19777 19769 19770
19777 19775 19769
19778 19753 19773
19778 19773 19774
19775 19779 19774
19775 19777 19779
19780 19777 19770
19780 19770 19781
19782 19777 19780
19782 19780 19783
19784 19753 19778
19784 19785 19753
19774 19786 19778
19774 19779 19786
19787 19779 19777
19787 19777 19782
19788 19782 19783
19788 19783 19789
19778 19790 19784
19778 19786 19790
19784 19790 19791
19792 19785 19784
19784 19791 19792
19792 19793 19785
19792 19791 19794
19795 19793 19792
19792 19794 19795
19795 19796 19793
19795 19794 19797
19798 19796 19795
19795 19797 19798
19798 19799 19796
19798 19797 19800
19800 19797 19801
19798 19802 19799
19799 19802 19803
19804 19803 19802
19804 19802 19805
19806 19802 19798
19805 19802 19806
19798 19800 19806
19805 19806 19807
19806 19808 19807
19806 19800 19808
19801 19808 19800
19801 19809 19808
19809 19801 19810
19811 19812 19813
19813 19812 19814
19813 19814 19815
19816 19814 19812
19815 19814 19817
19815 19817 19818
19819 19814 19816
19817 19814 19819
19819 19816 19820
19821 19818 19817
19819 19821 19817
19821 19822 19818
19819 19820 19823
19823 19820 19824
19819 19825 19821
19823 19825 19819
19826 19822 19821
19821 19825 19826
19826 19827 19822
19827 19826 19828
19823 19829 19825
19823 19824 19830
19830 19829 19823
19830 19824 19831
19830 19832 19829
19830 19831 19833
19833 19832 19830
19833 19831 19786
19833 19834 19832
19833 19786 19835
19835 19834 19833
19835 19786 19779
19835 19836 19834
19835 19779 19787
19787 19836 19835
19787 19837 19836
19782 19837 19787
19782 19788 19837
19838 19836 19837
19788 19838 19837
19838 19839 19836
19839 19840 19836
19841 19838 19788
19841 19788 19789
19841 19789 19842
19839 19843 19840
19843 19844 19840
19845 19841 19842
19845 19842 19846
19847 19845 19846
19847 19848 19845
19849 19848 19847
19850 19841 19845
19848 19850 19845
19851 19838 19841
19850 19851 19841
19852 19839 19838
19852 19838 19851
19853 19843 19839
19853 19839 19852
19854 19843 19853
19854 19855 19843
19843 19855 19844
19856 19855 19854
19855 19857 19844
19856 19858 19855
19855 19858 19857
19859 19858 19856
19858 19860 19857
19861 19852 19851
19861 19851 19850
19859 19862 19858
19858 19862 19860
19863 19852 19861
19863 19864 19852
19859 19865 19862
19866 19865 19859
19862 19867 19860
19860 19867 19868
19869 19868 19867
19868 19869 19870
19869 19867 19871
19862 19872 19867
19872 19871 19867
19862 19865 19872
19872 19873 19871
19873 19872 19865
19873 19865 19874
19866 19874 19865
19866 19875 19874
19875 19866 19876
19877 19878 19879
19878 19877 19880
19878 19880 19881
19881 19880 19882
19878 19881 19883
19878 19883 19884
19884 19883 19885
19884 19885 19886
19886 19885 19887
19888 19889 19890
19888 19891 19889
19891 19888 19892
19889 19891 19893
19889 19893 19894
19894 19893 19895
19894 19895 19896
19896 19895 19897
19896 19897 19898
19898 19897 19899
19900 19901 19902
19900 19903 19901
19901 19903 19904
19901 19904 19905
19905 19904 19906
19905 19906 19907
19907 19906 19908
19909 19910 19911
19909 19912 19910
19913 19912 19909
19913 19914 19912
19915 19914 19913
19915 19916 19914
19917 19916 19915
19917 19918 19916
19919 19918 19917
19919 19920 19918
19921 19920 19919
19922 19923 19924
19923 19922 19925
19923 19925 19926
19926 19927 19923
19926 19925 19928
19929 19927 19926
19926 19928 19930
19929 19926 19930
19928 19931 19930
19930 19931 19929
19928 19932 19931
19933 19931 19932
19933 19934 19931
19934 19933 19935
19936 19931 19934
19929 19931 19936
19929 19936 19937
19938 19927 19929
19929 19937 19938
19938 19939 19927
19938 19937 19940
19941 19939 19938
19938 19940 19941
19941 19940 19864
19941 19942 19939
19941 19864 19863
19863 19942 19941
19863 19943 19942
19861 19943 19863
19861 19944 19943
19850 19944 19861
19850 19945 19944
19848 19945 19850
19944 19946 19943
19944 19947 19946
19945 19947 19944
19943 19946 19948
19945 19949 19947
19848 19949 19945
19943 19948 19950
19848 19951 19949
19951 19848 19849
19951 19849 19952
19950 19948 19953
19950 19953 19954
19954 19953 19955
19954 19955 19956
19956 19955 19957
19957 19955 19958
19957 19958 19959
19956 19957 19960
19957 19959 19961
19960 19957 19961
19960 19961 19962
19963 19964 19965
19964 19963 19966
19964 19966 19967
19967 19966 19968
19969 19964 19967
19969 19970 19964
19971 19970 19969
19971 19972 19970
19973 19972 19971
19973 19974 19972
19975 19974 19973
19975 19976 19974
19977 19976 19975
19978 19979 19980
19978 19981 19979
19982 19981 19978
19982 19983 19981
19984 19983 19982
19984 19985 19983
19986 19985 19984
19986 19987 19985
19988 19987 19986
19988 19989 19987
19990 19989 19988
19991 19992 19993
19992 19991 19994
19992 19994 19995
19995 19994 19996
19997 19992 19995
19997 19998 19992
19999 19998 19997
19999 20000 19998
20001 20000 19999
20001 20002 20000
20003 20002 20001
20003 20004 20002
20005 20004 20003
10782 10777 10773
10782 10773 20006
20006 10773 10772
20006 10772 20007
20008 20006 20007
20008 20009 20006
20010 10868 10864
20010 10864 10861
20011 20010 10861
20011 10861 10857
10857 20012 20011
10857 20013 20012
10857 10856 20013
10856 20014 20013
20012 20013 20014
20012 20014 20015
20014 20016 20015
20016 20017 20015
20018 20019 20020
20021 20018 20020
20022 20021 20020
20021 20022 20023
20018 20021 20024
20018 20024 20025
20025 20024 20026
20025 20026 20027
20027 20026 20028
20027 20028 20029
20029 20028 20030
20029 20030 20031
20031 20030 20032
20032 20030 20033
20033 20030 20028
20032 20033 20034
20033 20028 20035
20035 20028 20026
20034 20033 20035
20036 20026 20024
20035 20026 20036
20037 20024 20021
20036 20024 20037
20038 20035 20036
20034 20035 20038
20037 20021 20039
20039 20021 20040
20039 20040 20041
20039 20041 20042
20043 20036 20037
20038 20036 20043
20044 20037 20039
20043 20037 20044
20044 20039 20045
20045 20039 20046
20045 20046 20047
20045 20047 20048
20049 20045 20048
20050 20045 20049
20050 20044 20045
20051 20044 20050
20051 20043 20044
20052 20043 20051
20052 20038 20043
20053 20038 20052
20053 20034 20038
20054 20034 20053
20054 20055 20034
20056 20055 20054
20032 20034 20055
20032 20055 20056
20056 20054 20057
20056 20057 20058
20059 20056 20058
20058 20060 20059
20058 20061 20060
20060 20062 20059
20062 20063 20059
20063 20064 20059
20059 20064 20056
20063 20065 20064
20064 20065 20066
20067 20056 20064
20032 20056 20067
20064 20066 20068
20067 20064 20068
20069 20068 20066
20069 20066 20070
20069 20070 20071
20072 20067 20068
20072 20068 20069
20069 20073 20072
20069 20074 20073
20069 20071 20074
20075 20067 20072
20073 20075 20072
20076 20074 20071
20076 20071 20077
20076 20077 20078
20032 20067 20079
20075 20079 20067
20080 20073 20074
20076 20080 20074
20076 20078 20081
20081 20078 20082
20081 20083 20076
20083 20080 20076
20081 20082 20084
20084 20083 20081
20084 20082 20085
20083 20086 20080
20080 20086 20087
20080 20087 20073
20087 20088 20073
20084 20089 20083
20073 20088 20090
20084 20085 20091
20089 20084 20091
20092 20089 20091
20091 20085 20093
20094 20092 20091
20095 20073 20090
20090 20096 20095
20095 20096 20097
20073 20095 20075
20091 20093 20098
20094 20091 20098
20098 20093 20099
20094 20098 20099
20094 20099 20100
20099 20101 20100
20099 20102 20101
20102 20103 20101
20095 20097 20104
20075 20095 20104
20104 20097 20105
20075 20104 20106
20106 20079 20075
20104 20105 20107
20106 20104 20107
20107 20105 20108
20106 20109 20079
20032 20079 20109
20107 20108 20110
20110 20108 20111
20106 20107 20112
20112 20109 20106
20112 20107 20110
20032 20109 20113
20113 20114 20032
20110 20111 20115
20115 20111 20116
20112 20110 20117
20117 20110 20115
20112 20118 20109
20113 20109 20118
20117 20118 20112
20119 20114 20113
20113 20118 20119
20119 20120 20114
20115 20116 20121
20121 20116 20122
20121 20122 20123
20117 20124 20118
20119 20118 20124
20125 20120 20119
20119 20124 20125
20125 20126 20120
20117 20115 20127
20127 20115 20121
20127 20124 20117
20128 20121 20123
20127 20121 20128
20128 20123 20129
20130 20128 20129
20127 20131 20124
20125 20124 20131
20128 20131 20127
20132 20126 20125
20125 20131 20132
20132 20133 20126
20128 20134 20131
20130 20134 20128
20132 20131 20134
20135 20133 20132
20132 20134 20135
20135 20134 20130
20135 20136 20133
20135 20130 20137
20138 20136 20135
20138 20135 20137
20139 20140 20141
20142 20140 20139
20142 20143 20140
20144 20143 20142
20144 20145 20143
20146 20145 20144
20146 20147 20145
20146 20148 20147
20149 20148 20146
20147 20148 20150
20151 20148 20149
20151 20149 20152
20152 20149 20153
20154 20148 20151
20154 20150 20148
20150 20154 20155
20156 20150 20155
20157 20156 20155
20150 20156 20158
20150 20158 20159
20159 20158 20160
20159 20160 20161
20161 20160 20162
20161 20162 20163
20163 20162 20164
20163 20164 20165
20165 20164 20166
20167 20168 20169
20167 20170 20168
20171 20170 20167
20172 20170 20171
20172 20171 20173
20174 20172 20173
20174 20175 20172
169 168 20176
20177 20176 168
20177 168 20178
20178 168 160
20178 160 161
20179 20177 20178
20179 20178 161
20179 20180 20177
20179 20181 20180
20180 20181 20182
20182 20181 20183
20181 20184 20183
20184 20185 20183
20184 20186 20185
20187 20186 20184
20187 20184 20188
20184 20181 20188
20189 20187 20188
20181 20179 20190
20188 20181 20190
20189 20188 20191
20190 20191 20188
20192 20189 20191
20192 20191 20193
20190 20179 20194
20179 161 20194
20195 20193 20191
20195 141 20193
141 20195 140
20195 142 140
20190 20196 20191
20196 20195 20191
142 20195 20196
20196 20190 20194
142 20196 143
20196 20194 143
143 20194 161
143 161 144
20197 20198 20199
20199 20200 20197
20199 20201 20200
20201 20202 20200
20201 20203 20202
20204 20203 20201
20199 20205 20201
20205 20204 20201
20205 20206 20204
20205 20207 20206
20205 20208 20207
20209 20207 20208
20209 20208 20210
20210 20211 20209
20210 20212 20211
20212 19768 20211
20212 20213 19768
20213 20214 19768
20215 20212 20210
20216 20213 20212
20216 20212 20215
20215 20210 20217
20217 20210 20218
20217 20218 20219
20219 20218 20220
20221 20215 20217
20222 20217 20219
20222 20221 20217
20223 20222 20219
20219 20220 20224
20223 20219 20224
20225 20216 20215
20221 20225 20215
20224 20220 20226
20220 20227 20226
20223 20224 20228
20229 20223 20228
20226 20227 20230
20231 20230 20227
20226 20230 20232
20224 20226 20233
20233 20226 20232
20224 20233 20228
20233 20232 20234
20234 20228 20233
20234 20235 20228
20235 20229 20228
20235 20236 20229
20236 20237 20229
20238 20239 20240
20239 20241 20240
20239 20242 20241
20243 20240 20241
20242 20244 20241
20242 20245 20244
20246 20243 20241
20244 20246 20241
20246 20247 20243
20248 20244 20245
20246 20244 20248
20248 20245 20249
20246 20250 20247
20250 20251 20247
20246 20248 20252
20250 20246 20252
20253 20248 20249
20248 20253 20252
20253 20249 20254
20254 20255 20253
20250 20252 20256
20250 20257 20251
20257 20250 20256
20257 20258 20251
20257 20256 20259
20257 20260 20258
20260 20257 20259
20260 20259 20261
20260 20262 20258
20263 20260 20261
20260 20263 20262
20263 20261 20264
20263 20265 20262
20266 20263 20264
20263 20266 20265
20267 20262 20265
20267 20268 20262
20268 20269 20262
20268 20270 20269
20270 20271 20269
20270 20272 20271
20272 20273 20271
20272 20274 20273
20274 20275 20273
20272 20270 20276
20272 20276 20277
20274 20272 20277
20270 20278 20276
20270 20268 20278
20274 20277 20279
20280 20274 20279
20274 20280 20275
20280 20279 20281
20268 20267 20282
20268 20282 20278
20280 20283 20275
20283 20284 20275
20280 20281 20285
20281 20286 20285
20287 20285 20286
20287 20288 20285
20289 20280 20285
20288 20289 20285
20280 20289 20283
20288 20290 20289
20289 20290 20291
20289 20291 20283
20284 20283 20291
20284 20291 20292
20292 20293 20284
20278 20282 20294
20278 20294 20295
20296 20278 20295
20282 20297 20294
20297 20298 20294
20267 20297 20282
20299 20298 20297
20296 20295 20300
20301 20296 20300
20301 20300 20302
20303 20301 20302
20303 20302 20304
20305 20303 20304
20221 20302 20300
20221 20304 20302
20221 20300 20225
20221 20306 20304
20300 20307 20225
20300 20295 20307
20225 20307 20216
20306 20308 20304
20305 20304 20308
20306 20309 20308
20295 20310 20307
20295 20294 20310
20307 20311 20216
20307 20310 20311
20311 20213 20216
20294 20312 20310
20294 20298 20312
20310 20313 20311
20310 20312 20313
20311 20314 20213
20313 20314 20311
20213 20314 20315
20309 20316 20308
20309 20317 20316
20318 20316 20317
20317 20319 20318
20318 20320 20316
20320 20321 20316
20316 20321 20308
20320 20322 20321
20308 20321 20323
20322 20323 20321
20305 20308 20323
20322 20324 20323
20325 20305 20323
20325 20323 20324
20325 20324 20326
20326 20327 20325
20315 20328 19698
20329 20328 20315
20329 20330 20328
20314 20329 20315
20331 20330 20329
20331 19765 20330
20314 20332 20329
20332 20331 20329
20332 20333 20331
20313 20332 20314
20313 20333 20332
20313 20334 20333
20312 20334 20313
20312 20335 20334
20335 20312 20298
20335 20298 20336
20337 20336 20298
20337 20298 20338
20298 20299 20338
20337 20338 20339
20299 20340 20338
20339 20338 20340
20340 20299 20341
20267 20340 20341
20340 20267 20265
20340 20265 20342
20339 20340 20342
20266 20342 20265
20343 20339 20342
20343 20344 20339
20345 20343 20342
20266 20345 20342
20345 20346 20343
20345 20266 20347
20266 20264 20347
20348 20346 20345
20345 20347 20348
20348 20349 20346
20350 20347 20264
20348 20347 20350
20351 20349 20348
20351 20348 20350
20351 20352 20349
20350 20264 20353
20353 20264 20354
20355 20352 20351
20355 20356 20352
20357 20356 20355
20357 20355 20358
20359 20357 20358
20360 20355 20351
20358 20355 20360
20361 20351 20350
20360 20351 20361
20362 20359 20358
20362 20363 20359
20358 20364 20362
20358 20365 20364
20358 20360 20365
20365 20366 20364
20365 20367 20366
20360 20367 20365
20367 20368 20366
20369 20361 20350
20369 20350 20353
20370 20360 20361
20360 20370 20367
20370 20361 20369
20367 20371 20368
20370 20371 20367
20371 20372 20368
20371 20373 20372
20373 20374 20372
20373 20375 20374
20375 20376 20374
20375 20377 20376
20370 20378 20371
20378 20370 20369
20378 20379 20371
20377 20380 20376
20380 20381 20376
20380 20382 20381
20377 20383 20380
20380 20384 20382
20383 20384 20380
20383 20385 20384
20378 20369 20386
20378 20387 20379
20387 20378 20386
20387 20388 20379
20387 20386 20389
20387 20390 20388
20390 20387 20389
20390 20389 20391
20390 20392 20388
20393 20390 20391
20390 20393 20392
20393 20391 20394
20393 20395 20392
20395 20396 20392
20393 20394 20397
20394 20398 20397
20399 20397 20398
20398 20400 20399
20399 20401 20397
20402 20397 20401
20403 20393 20397
20402 20403 20397
20393 20403 20395
20395 20403 20402
20395 20402 20404
20396 20395 20404
20396 20404 20405
20405 20406 20396
20407 20408 20409
20409 20410 20407
20409 20411 20410
20411 20412 20410
20409 20413 20411
20409 20414 20413
20414 20415 20413
20414 20416 20415
20416 20417 20415
20418 20419 20420
20418 20420 20421
20421 20422 20418
20420 20423 20421
20420 20424 20423
20424 20425 20423
20424 20426 20425
20426 20427 20425
20426 20428 20427
20428 20429 20427
20430 20431 20432
20430 20432 20433
20432 20434 20433
20432 20435 20434
20435 20436 20434
20435 20437 20436
20437 20438 20436
20439 20440 20441
20439 20441 20442
20443 20439 20442
20443 20442 20444
20445 20443 20444
20445 20444 20446
20447 20445 20446
20447 20446 20448
20449 20447 20448
20449 20448 20450
20451 20449 20450
20452 20453 20454
20454 20455 20452
20454 20456 20455
20456 20457 20455
20458 20456 20454
20458 20454 20459
20460 20458 20459
20460 20459 20461
20462 20460 20461
20462 20461 20463
20464 20462 20463
20464 20463 20465
20466 20464 20465
20467 20468 20469
20467 20469 20470
20471 20467 20470
20471 20470 20472
20473 20471 20472
20473 20472 20474
20475 20473 20474
20475 20474 20476
20477 20475 20476
20477 20476 20478
20479 20477 20478
20480 20481 20482
20482 20483 20480
20482 20484 20483
20484 20485 20483
20486 20484 20482
20486 20482 20487
20488 20486 20487
20488 20487 20489
20490 20488 20489
20490 20489 20491
20492 20490 20491
20492 20491 20493
20494 20492 20493
20495 20496 20497
20497 20498 20495
20497 20499 20498
20500 20498 20499
20497 20501 20499
20500 20499 20502
20502 20503 20500
20501 20504 20499
20504 20502 20499
20502 20505 20503
20504 20505 20502
20506 20503 20505
20506 20505 20507
20507 20508 20506
20509 20507 20505
20504 20509 20505
20501 20510 20504
20510 20509 20504
20501 20511 20510
20510 20512 20509
20511 20513 20510
20513 20512 20510
20511 20514 20513
20513 20515 20512
20514 20516 20513
20516 20515 20513
20516 20354 20515
20514 20517 20516
20353 20354 20516
20517 20353 20516
20517 20369 20353
10977 10968 10972
10977 20518 10968
20518 10967 10968
20518 20519 10967
20520 20519 20518
20520 20518 20521
20522 11059 11063
20522 11056 11059
20523 11056 20522
20523 11053 11056
11053 20523 20524
11053 20524 20525
11053 20525 11051
11051 20525 20526
20524 20526 20525
20524 20527 20526
20526 20527 20528
20528 20527 20529
20530 20531 20532
20531 20533 20532
20531 20534 20533
20533 20535 20532
20533 20536 20535
20536 20537 20535
20536 20538 20537
20538 20539 20537
20538 20540 20539
20540 20541 20539
20540 20542 20541
20542 20543 20541
20534 20544 20533
20534 20545 20544
20546 20533 20544
20545 20547 20544
20545 20548 20547
20548 20549 20547
20547 20550 20544
20550 20546 20544
20550 20551 20546
20550 20552 20551
20552 20553 20551
20552 20554 20553
20554 20555 20553
20554 20556 20555
20556 20557 20555
20558 20559 20560
20561 20559 20558
20561 20562 20559
20563 20562 20561
20563 20561 20564
20564 20561 20565
20563 20564 20566
20566 20564 20565
20563 20566 20567
20566 20565 20568
20567 20566 20569
20570 20566 20568
20569 20566 20570
20570 20568 20571
20570 20572 20569
20573 20570 20571
20570 20573 20572
20573 20571 20574
20575 20573 20574
20573 20575 20572
20575 20574 20576
20575 20576 20577
20572 20575 20578
20572 20578 20579
20578 20580 20579
20578 20581 20580
20580 20581 20582
20581 20583 20582
20575 20584 20578
20575 20577 20584
20578 20584 20581
20585 20584 20577
20585 20581 20584
20585 20577 20586
20585 20586 20587
20588 20583 20581
20583 20588 20589
20588 20590 20589
20588 20591 20590
20591 20592 20590
20581 20593 20588
20593 20591 20588
20585 20594 20581
20581 20594 20593
20585 20587 20595
20594 20585 20595
20591 20596 20592
20596 20597 20592
20598 20595 20587
20598 20587 20599
20600 20598 20599
20594 20595 20601
20593 20594 20601
20601 20595 20598
20601 20598 20602
20600 20603 20598
20603 20602 20598
20604 20603 20600
20605 20603 20604
20606 20603 20605
20603 20606 20602
20606 20605 20061
20602 20606 20607
20602 20607 20608
20609 20601 20602
20609 20610 20601
20593 20601 20610
20609 20602 20611
20602 20608 20611
20608 20612 20611
20609 20611 20612
20608 20613 20612
20614 20593 20610
20593 20614 20591
20614 20596 20591
20614 20610 20615
20609 20615 20610
20614 20616 20596
20616 20614 20615
20613 20617 20612
20613 20618 20617
20616 20619 20596
20596 20619 20597
20619 20620 20597
20619 20621 20620
20621 20622 20620
20616 20623 20619
20623 20621 20619
20616 20615 20624
20623 20616 20624
20621 20625 20622
20625 20626 20622
20625 20627 20626
20623 20628 20621
20628 20625 20621
20629 20627 20625
20628 20629 20625
20629 20630 20627
20631 20630 20629
20628 20623 20632
20623 20624 20632
20633 20624 20615
20609 20633 20615
20629 20628 20634
20628 20632 20634
20631 20629 20635
20629 20634 20635
20636 20632 20624
20633 20636 20624
20633 20609 20637
20636 20633 20637
20636 20637 20638
20636 20639 20632
20639 20636 20638
20639 20634 20632
20639 20638 20640
20639 20641 20634
20641 20639 20640
20641 20635 20634
20641 20640 20642
20643 20631 20635
20641 20643 20635
20643 20641 20642
20643 20644 20631
20643 20642 20645
20646 20644 20643
20646 20643 20645
20647 20648 20649
20647 20649 20650
20651 20647 20650
20652 20651 20650
20652 20653 20651
20654 20653 20652
20654 20652 20655
342 20656 341
20657 341 20656
20657 20658 341
20658 333 341
20658 334 333
20659 20658 20657
20659 334 20658
20659 20657 20660
20659 20660 20661
20660 20662 20661
20662 20663 20661
20661 20663 20664
20664 20663 20665
20664 20665 20666
20667 20664 20666
20667 20668 20664
20664 20668 20661
20669 20668 20667
20661 20670 20659
20668 20670 20661
20669 20671 20668
20670 20668 20671
20672 20671 20669
20672 20673 20671
20670 20674 20659
20659 20674 334
20675 20671 20673
20675 20673 314
314 313 20675
20675 313 315
20670 20671 20676
20676 20671 20675
315 20676 20675
20676 20674 20670
315 316 20676
20676 316 20674
316 334 20674
316 317 334
20677 20678 20679
20679 20678 20680
20679 20680 20681
20682 20679 20681
20683 20679 20682
20683 20684 20679
20684 20685 20679
20684 20686 20685
20687 20686 20684
20688 20687 20684
20689 20688 20684
20689 20684 20683
20690 20689 20683
20690 20683 20691
20691 20683 20682
20618 20690 20691
20618 20691 20617
20691 20682 20692
20617 20691 20692
20682 20681 20693
20692 20682 20693
20617 20692 20694
20612 20617 20694
20692 20693 20695
20694 20692 20695
20612 20694 20696
20609 20612 20696
20696 20694 20697
20694 20695 20697
20609 20696 20698
20696 20697 20698
20699 20609 20698
20700 20699 20698
20700 20698 20697
20701 20700 20697
20701 20697 20695
20702 20701 20695
20702 20695 20693
20703 20702 20693
20703 20693 20681
20704 20703 20681
20704 20705 20703
20706 20704 20681
20707 20706 20681
20708 20709 20710
20711 20709 20708
20712 20713 20709
20712 20709 20714
20712 20714 20715
20716 20712 20715
20717 20715 20714
20717 20714 20718
20714 20719 20718
20714 20709 20719
20709 20720 20719
20719 20720 20721
20717 20722 20715
20709 20723 20720
20723 20709 20724
20723 20725 20720
20725 20723 20726
20725 20726 20727
20723 20728 20726
20728 20723 20729
20727 20730 20725
20725 20730 20731
20725 20731 20732
20733 20725 20732
20725 20733 20734
20733 20732 20735
20733 20735 20736
20737 20733 20736
20737 20736 20738
20737 20738 20739
20725 20734 20740
20720 20725 20740
20720 20740 20741
20741 20740 20734
20733 20737 20742
20733 20742 20734
20720 20741 20743
20720 20743 20721
20741 20744 20743
20744 20741 20745
20741 20734 20745
20743 20746 20721
20734 20747 20745
20745 20747 20748
20734 20742 20749
20734 20749 20747
20737 20750 20742
20737 20751 20750
20751 20737 20752
20751 20753 20750
20754 20749 20742
20751 20752 20755
20751 20756 20753
20756 20757 20753
20756 20758 20757
20756 20759 20758
20758 20759 20760
20756 20761 20759
20756 20751 20761
20762 20761 20751
20755 20762 20751
20758 20760 20763
20755 20764 20762
20758 20763 20765
20765 20763 20766
20764 20755 20767
20764 20767 20768
20765 20766 20769
20769 20766 20770
20768 20767 20771
20768 20771 20772
20772 20771 20773
20771 20774 20773
20767 20774 20771
20767 20775 20774
20755 20775 20767
20755 20776 20775
20776 20755 20777
20769 20770 20778
20778 20770 20779
20780 20778 20779
20781 20778 20780
20781 20769 20778
20782 20769 20781
20782 20765 20769
20783 20765 20782
20783 20758 20765
20784 20758 20783
20784 20785 20758
20785 20786 20758
20757 20758 20786
20757 20786 20787
20757 20787 20788
20788 20789 20757
20788 20787 20790
20788 20791 20789
20791 20754 20789
20788 20790 20792
20792 20791 20788
20791 20793 20754
20754 20793 20749
20790 20794 20792
20790 20795 20794
20794 20795 20796
20792 20797 20791
20797 20793 20791
20797 20792 20794
20749 20793 20798
20797 20798 20793
20794 20796 20799
20799 20796 20800
20797 20794 20801
20801 20798 20797
20801 20794 20799
20749 20798 20802
20747 20749 20802
20801 20803 20798
20803 20802 20798
20801 20799 20804
20804 20803 20801
20799 20800 20805
20804 20799 20805
20800 20806 20805
20800 20807 20806
20806 20807 20808
20747 20802 20809
20803 20809 20802
20804 20805 20810
20806 20810 20805
20804 20811 20803
20811 20809 20803
20747 20809 20812
20747 20812 20748
20748 20812 20813
20812 20809 20814
20811 20814 20809
20812 20814 20813
20815 20811 20804
20815 20804 20810
20815 20814 20811
20806 20816 20810
20816 20815 20810
20815 20817 20814
20813 20814 20817
20748 20813 20818
20819 20748 20818
20816 20820 20815
20820 20817 20815
20821 20816 20806
20822 20820 20816
20822 20816 20821
20820 20823 20817
20822 20823 20820
20813 20817 20824
20823 20824 20817
20825 20813 20824
20823 20826 20824
20826 20825 20824
20813 20827 20818
20825 20827 20813
20827 20828 20818
20828 20827 20825
20821 20806 20829
20830 20821 20829
20806 20808 20829
20808 20830 20829
20808 20831 20830
20831 20832 20830
20831 20833 20832
20832 20834 20830
20835 20830 20834
20836 20830 20835
20830 20836 20821
20837 20836 20835
20838 20836 20837
20821 20836 20838
20821 20838 20822
20839 20822 20838
20840 20822 20839
20822 20840 20823
20840 20839 20841
20840 20826 20823
20841 20842 20840
20840 20842 20826
20841 20843 20842
20844 20826 20842
20826 20844 20825
20843 20845 20842
20844 20842 20845
20843 20846 20845
20825 20844 20847
20847 20844 20845
20845 20846 20848
20848 20846 20849
20850 20848 20849
20850 20851 20848
20851 20850 20852
20851 20852 20853
20845 20848 20854
20847 20845 20854
20851 20854 20848
20825 20847 20855
20828 20825 20855
20856 20847 20854
20851 20856 20854
20857 20855 20847
20856 20857 20847
20857 20858 20855
20858 20828 20855
20857 20856 20859
20858 20857 20859
20860 20856 20851
20856 20860 20861
20862 20861 20860
20860 20851 20863
20863 20851 20864
20865 20863 20864
20860 20863 20865
20860 20865 20862
20862 20865 20866
20866 20865 20867
20867 20865 20868
20866 20867 20869
20869 20870 20866
20866 20870 20871
20866 20871 20872
20873 20872 20871
20873 20874 20872
20872 20874 20875
20866 20872 20876
20872 20875 20876
20862 20866 20877
20866 20876 20877
20875 20878 20876
20875 20879 20878
20878 20879 20880
20877 20881 20862
20862 20881 20859
20876 20882 20877
20876 20878 20882
20877 20882 20881
20878 20880 20883
20882 20878 20883
20859 20881 20884
20884 20881 20882
20880 20885 20883
20880 20886 20885
20887 20885 20886
20882 20883 20888
20884 20882 20888
20888 20883 20885
20859 20884 20889
20858 20859 20889
20890 20884 20888
20889 20884 20890
20888 20885 20891
20890 20888 20891
20887 20892 20885
20891 20885 20892
20889 20893 20858
20858 20893 20828
20889 20890 20894
20889 20894 20893
20895 20892 20887
20895 20887 20896
20895 20896 20897
20891 20892 20898
20898 20892 20895
20899 20890 20891
20894 20890 20899
20899 20891 20898
20900 20899 20898
20895 20897 20901
20901 20897 20902
20898 20895 20903
20900 20898 20903
20903 20895 20901
20894 20899 20904
20904 20899 20900
20905 20893 20894
20905 20894 20904
20903 20901 20906
20906 20900 20903
20901 20902 20907
20907 20906 20901
20907 20902 20908
20908 20902 20909
20910 20908 20909
20908 20910 20911
20893 20905 20912
20893 20912 20828
20828 20912 20746
20828 20746 20818
20913 20818 20746
20746 20912 20721
20905 20721 20912
20905 20914 20721
20914 20905 20904
20908 20911 20915
20915 20911 20916
20914 20917 20721
20719 20721 20917
20719 20917 20918
20918 20917 20914
20719 20918 20919
20914 20904 20920
20918 20914 20920
20904 20900 20920
20900 20918 20920
20921 20919 20918
20900 20921 20918
20921 20922 20919
20906 20921 20900
20906 20922 20921
20906 20722 20922
20907 20722 20906
20722 20907 20923
20923 20715 20722
20924 20715 20923
20925 20715 20924
20923 20907 20926
20908 20926 20907
20926 20908 20927
20927 20908 20915
20927 20915 20928
20928 20915 20929
20915 20916 20929
20928 20929 20930
20929 20916 20931
20930 20929 20932
20929 20931 20932
20930 20932 20933
20932 20931 20934
20933 20932 20934
20935 20936 20937
20937 20936 20938
20937 20938 20939
20940 20939 20938
20712 20941 20942
20941 20712 20943
20941 20943 20944
20712 20945 20943
20712 20946 20945
20943 20945 20947
20944 20943 20948
20943 20947 20948
20944 20948 20949
20948 20947 20950
20949 20948 20950
20951 20952 20953
20952 20951 20954
20952 20954 20955
20955 20954 20956
20957 20958 20959
20960 20958 20957
20961 20958 20960
20962 20958 20961
20963 20958 20962
20964 20958 20963
20965 20958 20964
20966 20958 20965
20967 20958 20966
20968 20958 20967
20969 20958 20968
20970 20958 20969
20971 20958 20970
20972 20958 20971
20973 20958 20972
20974 20958 20973
20975 20958 20974
20976 20958 20975
20977 20978 20979
20978 20977 20980
20981 20982 20983
20981 20984 20982
20985 20984 20981
20986 20985 20981
20987 20988 20989
20987 20990 20988
20990 20987 20991
20990 20991 20992
20992 20993 20994
20992 20994 20995
20995 20994 20996
20995 20996 20997
20998 20997 20999
20998 21000 20997
21000 20998 21001
21000 21001 21002
21002 21001 21003
21002 21003 21004
21004 21003 21005
21004 21005 21006
21007 21006 21005
21007 21008 21006
21009 21008 21007
21009 21010 21008
21011 21010 21009
21011 21012 21010
21013 21012 21014
21013 21014 21015
21013 21015 21016
21017 21013 21016
21013 21017 21018
21013 21018 21019
21020 21019 21018
21020 21018 21021
21020 21021 21022
21020 21022 21023
21023 21022 21024
21023 21024 21025
21025 21024 21026
21025 21026 21027
21028 21027 21026
21028 21029 21027
21030 21029 21028
21030 21031 21029
21032 21031 21030
21032 21033 21031
21034 21033 21032
21034 21035 21033
21036 21035 21034
21037 21038 21039
21037 21039 21040
21037 21040 21041
21041 21040 21042
21041 21042 21043
21043 21042 21044
21043 21044 21045
21045 21044 21046
21045 21046 21047
21047 21046 21048
21047 21048 21049
21050 21049 21048
21050 21051 21049
21052 21051 21050
21052 21053 21051
21054 21053 21052
21054 21055 21053
21056 21055 21054
21056 21057 21055
21058 21057 21056
21058 21059 21057
21060 21059 21058
21061 21059 21060
21062 21059 21061
21062 21063 21059
21063 21062 21064
21063 21064 21065
21065 21064 21066
21065 21066 21067
21067 21066 21068
21067 21068 21069
21070 21069 21068
21070 21071 21069
21072 21071 21070
21072 21073 21071
21074 21073 21072
21074 21075 21073
21076 21075 21074
21076 21074 21077
21078 21076 21079
21078 21080 21076
21081 21080 21078
21081 21082 21080
21083 21082 21081
21083 21084 21082
21085 21084 21083
21085 21086 21084
21087 21088 21089
21090 21087 21089
21091 21089 21092
21091 21093 21089
21091 21094 21093
21095 21094 21091
21096 21093 21094
21096 21097 21093
21093 21097 21098
21093 21098 21089
21089 21098 21099
21098 21100 21099
21096 21094 21101
21089 21099 21102
21102 21103 21089
21102 21099 21104
21104 21105 21102
21104 21106 21105
21102 21105 21107
21107 21108 21102
21106 21104 21109
21104 21110 21109
21104 21111 21110
21112 21111 21104
21104 21113 21112
21112 21114 21111
21112 21115 21114
21116 21115 21112
21116 21117 21115
21116 21118 21117
21104 21119 21113
21099 21119 21104
21099 21120 21119
21120 21113 21119
21112 21113 21121
21112 21121 21116
21099 21122 21120
21099 21100 21122
21120 21122 21123
21123 21124 21120
21120 21124 21113
21122 21100 21125
21113 21124 21126
21124 21127 21126
21113 21128 21121
21113 21126 21128
21116 21121 21129
21116 21129 21130
21130 21131 21116
21130 21129 21132
21133 21121 21128
21130 21134 21131
21130 21132 21135
21135 21132 21136
21135 21136 21137
21135 21137 21138
21137 21139 21138
21135 21138 21140
21135 21140 21130
21141 21130 21140
21134 21130 21141
21137 21142 21139
21134 21141 21143
21137 21144 21142
21144 21145 21142
21143 21146 21134
21143 21147 21146
21144 21148 21145
21148 21149 21145
21147 21150 21146
21147 21151 21150
21151 21152 21150
21150 21152 21153
21146 21150 21153
21146 21153 21154
21134 21146 21154
21134 21154 21155
21155 21156 21134
21148 21157 21149
21157 21158 21149
21159 21158 21157
21160 21159 21157
21160 21157 21148
21161 21160 21148
21161 21148 21144
21162 21161 21144
21162 21144 21137
21163 21162 21137
21163 21137 21164
21164 21137 21165
21136 21165 21137
21136 21166 21165
21136 21167 21166
21167 21136 21168
21167 21169 21166
21167 21168 21170
21170 21168 21133
21167 21171 21169
21171 21167 21170
21170 21133 21172
21133 21128 21172
21169 21171 21173
21169 21173 21174
21173 21175 21174
21171 21170 21176
21176 21170 21172
21176 21173 21171
21128 21177 21172
21176 21172 21177
21173 21178 21175
21178 21179 21175
21176 21180 21173
21180 21176 21177
21180 21178 21173
21128 21181 21177
21126 21181 21128
21180 21177 21182
21182 21177 21181
21180 21183 21178
21183 21180 21182
21178 21184 21179
21183 21184 21178
21179 21184 21185
21179 21185 21186
21185 21187 21186
21126 21188 21181
21182 21181 21188
21183 21189 21184
21185 21184 21189
21183 21182 21190
21190 21182 21188
21126 21191 21188
21126 21127 21191
21127 21192 21191
21191 21193 21188
21190 21188 21193
21191 21192 21193
21194 21183 21190
21194 21189 21183
21194 21190 21193
21185 21189 21195
21195 21189 21194
21194 21193 21196
21192 21196 21193
21127 21197 21192
21198 21197 21127
21195 21194 21199
21199 21194 21196
21200 21185 21195
21201 21195 21199
21201 21200 21195
21199 21196 21202
21201 21199 21202
21192 21203 21196
21202 21196 21203
21204 21203 21192
21202 21203 21205
21205 21203 21204
21192 21197 21206
21204 21192 21206
21206 21197 21207
21207 21204 21206
21200 21208 21185
21209 21208 21200
21185 21208 21187
21187 21208 21209
21187 21209 21210
21210 21209 21211
21210 21211 21212
21211 21209 21213
21214 21213 21209
21215 21214 21209
21209 21200 21215
21216 21214 21215
21217 21216 21215
21200 21217 21215
21200 21201 21217
21218 21217 21201
21219 21218 21201
21201 21202 21219
21219 21220 21218
21219 21202 21205
21220 21219 21221
21219 21205 21221
21220 21221 21222
21223 21221 21205
21205 21204 21223
21222 21221 21224
21223 21224 21221
21222 21224 21225
21204 21226 21223
21226 21224 21223
21224 21227 21225
21227 21228 21225
21229 21228 21227
21229 21227 21230
21230 21231 21229
21230 21232 21231
21224 21233 21227
21226 21233 21224
21230 21227 21233
21204 21234 21226
21207 21234 21204
21235 21233 21226
21230 21233 21235
21236 21226 21234
21235 21226 21236
21236 21234 21237
21237 21234 21207
21236 21238 21235
21237 21238 21236
21239 21230 21235
21235 21240 21239
21241 21239 21240
21239 21242 21230
21242 21243 21230
21244 21243 21242
21239 21244 21242
21239 21241 21244
21241 21245 21244
21245 21246 21244
21246 21247 21244
21245 21248 21246
21248 21245 21249
21245 21250 21249
21245 21251 21250
21252 21250 21251
21252 21251 21253
21251 21254 21253
21245 21255 21251
21251 21255 21254
21241 21256 21245
21245 21256 21255
21254 21255 21257
21254 21257 21258
21257 21259 21258
21256 21241 21260
21241 21238 21260
21255 21256 21261
21255 21261 21257
21256 21260 21261
21257 21262 21259
21261 21262 21257
21238 21263 21260
21263 21261 21260
21259 21262 21264
21259 21264 21265
21266 21265 21264
21261 21267 21262
21263 21267 21261
21267 21264 21262
21238 21268 21263
21237 21268 21238
21269 21267 21263
21268 21269 21263
21267 21270 21264
21269 21270 21267
21266 21264 21271
21270 21271 21264
21268 21237 21272
21237 21207 21272
21268 21273 21269
21268 21272 21273
21274 21266 21271
21274 21275 21266
21274 21276 21275
21270 21277 21271
21277 21274 21271
21278 21270 21269
21273 21278 21269
21278 21277 21270
21279 21277 21278
21274 21280 21276
21280 21281 21276
21277 21282 21274
21279 21282 21277
21282 21280 21274
21273 21283 21278
21283 21279 21278
21284 21273 21272
21284 21283 21273
21282 21285 21280
21285 21282 21279
21280 21286 21281
21286 21280 21285
21286 21287 21281
21281 21287 21288
21289 21288 21287
21287 21290 21289
21272 21291 21284
21272 21207 21291
21207 21125 21291
21207 21197 21125
21292 21125 21197
21125 21100 21291
21284 21291 21100
21284 21100 21293
21293 21283 21284
21287 21294 21290
21294 21295 21290
21293 21100 21296
21098 21296 21100
21098 21297 21296
21297 21293 21296
21098 21298 21297
21293 21299 21283
21297 21299 21293
21283 21299 21279
21279 21299 21297
21300 21297 21298
21279 21297 21300
21300 21298 21301
21285 21279 21300
21285 21300 21301
21285 21301 21101
21286 21285 21101
21101 21302 21286
21094 21302 21101
21303 21302 21094
21304 21303 21094
21286 21302 21305
21287 21286 21305
21305 21306 21287
21306 21294 21287
21306 21307 21294
21307 21308 21294
21294 21308 21295
21307 21309 21308
21308 21310 21295
21309 21311 21308
21308 21311 21310
21309 21312 21311
21311 21313 21310
21312 21313 21311
21314 21315 21316
21315 21317 21316
21315 21318 21317
21319 21317 21318
21091 21320 21321
21321 21322 21091
21321 21323 21322
21091 21322 21324
21091 21324 21325
21322 21326 21324
21323 21327 21322
21322 21327 21326
21323 21328 21327
21327 21329 21326
21328 21329 21327
21330 21331 21332
21332 21333 21330
21332 21334 21333
21334 21335 21333
21336 21337 21338
21339 21336 21338
21340 21339 21338
21341 21340 21338
21342 21341 21338
21343 21342 21338
21344 21343 21338
21345 21344 21338
21346 21345 21338
21347 21346 21338
21348 21347 21338
21349 21348 21338
21350 21349 21338
21351 21350 21338
21352 21351 21338
21353 21352 21338
21354 21353 21338
21355 21354 21338
21356 21357 21358
21358 21359 21356
21360 21361 21362
21360 21362 21363
21364 21360 21363
21365 21360 21364
21366 21367 21368
21366 21368 21369
21369 21370 21366
21369 21371 21370
21371 21372 21373
21371 21374 21372
21374 21375 21372
21374 21376 21375
21377 21378 21376
21377 21376 21379
21379 21380 21377
21379 21381 21380
21381 21382 21380
21381 21383 21382
21383 21384 21382
21383 21385 21384
21386 21384 21385
21386 21385 21387
21388 21386 21387
21388 21387 21389
21390 21388 21389
21390 21389 21391
21392 21393 21391
21392 21394 21393
21395 21396 21394
21397 21396 21392
21392 21398 21397
21392 21399 21398
21400 21398 21399
21400 21401 21398
21400 21402 21401
21400 21403 21402
21403 21404 21402
21403 21405 21404
21405 21406 21404
21405 21407 21406
21408 21406 21407
21408 21407 21409
21410 21408 21409
21410 21409 21411
21412 21410 21411
21412 21411 21413
21414 21412 21413
21414 21413 21415
21416 21414 21415
21417 21418 21419
21417 21420 21418
21417 21421 21420
21421 21422 21423
21421 21424 21422
21424 21425 21422
21424 21426 21425
21426 21427 21425
21426 21428 21427
21428 21429 21427
21428 21430 21429
21431 21429 21430
21431 21430 21432
21433 21431 21432
21433 21432 21434
21435 21433 21434
21435 21434 21436
21437 21435 21438
21437 21438 21439
21440 21437 21439
21440 21439 21441
21442 21440 21441
21443 21442 21441
21444 21443 21441
21444 21441 21445
21445 21446 21444
21445 21447 21446
21447 21448 21446
21447 21449 21448
21449 21450 21448
21449 21451 21450
21452 21450 21451
21452 21451 21453
21454 21452 21455
21454 21455 21456
21457 21454 21456
21457 21456 21458
21459 21457 21458
21459 21460 21457
21461 21462 21459
21461 21459 21463
21464 21461 21463
21464 21463 21465
21466 21464 21465
21466 21465 21467
21468 21466 21467
21468 21467 21469
