byte offset: 0
first index: 0
index count: 11346
topology: trianglelist
format: DXGI_FORMAT_R16_UINT

0 1 2
3 4 5
6 7 8
9 10 11
12 13 14
15 16 17
18 19 20
21 22 23
24 25 26
27 28 29
30 31 32
33 34 35
36 37 38
39 40 41
42 43 44
45 46 47
48 49 50
51 52 53
54 55 56
57 58 59
60 61 62
63 64 65
66 67 68
69 70 71
72 73 74
75 76 77
78 79 80
81 82 83
84 85 86
87 88 89
90 91 92
93 94 95
96 97 98
99 100 101
102 103 104
105 106 107
108 109 110
111 112 113
114 115 116
117 118 119
120 121 122
123 124 125
126 127 128
129 130 131
132 133 134
135 136 137
138 139 140
141 142 143
144 145 141
146 147 148
149 150 146
151 152 153
154 155 151
156 157 158
159 160 156
161 162 156
163 164 165
163 166 167
168 169 163
170 171 172
173 174 170
175 176 177
178 179 175
180 181 182
183 184 180
185 186 187
188 189 185
190 191 185
192 193 194
195 192 196
197 198 192
199 200 201
202 203 199
204 205 199
199 206 207
208 209 199
210 211 212
213 214 210
215 216 217
218 219 215
220 221 222
223 224 220
220 225 226
227 228 229
229 230 231
232 233 229
234 235 236
237 238 234
234 239 240
241 242 243
243 244 245
246 247 248
248 249 250
251 252 253
253 254 255
256 257 258
256 258 259
260 261 262
260 262 263
264 265 266
264 267 265
267 268 265
267 269 268
270 271 265
270 272 271
273 274 275
273 275 276
277 278 279
277 279 280
281 282 283
281 283 284
285 286 287
285 287 288
289 290 291
289 291 292
293 294 295
293 295 296
297 298 299
297 299 300
301 302 303
301 303 304
305 306 307
305 307 308
309 310 311
309 311 312
313 314 315
313 315 316
317 318 319
317 319 320
321 322 323
321 323 324
325 326 327
325 327 328
329 330 331
329 331 332
333 334 335
333 335 336
337 338 339
337 339 340
341 342 343
341 343 344
345 346 347
345 347 348
349 350 351
349 351 352
353 354 355
353 356 354
356 357 354
356 358 357
359 357 358
359 360 357
361 362 363
361 363 364
365 366 367
365 367 368
369 370 371
369 371 372
373 374 375
373 375 376
377 378 379
377 379 380
381 382 383
381 383 384
385 386 387
385 387 388
389 390 391
389 391 392
393 394 395
393 395 396
397 398 399
397 399 400
401 402 403
401 403 404
405 406 407
405 407 408
409 410 411
409 411 412
412 411 413
412 413 414
415 411 416
415 416 417
418 419 420
418 420 421
422 423 424
422 424 425
426 427 428
426 428 429
430 431 432
430 432 433
434 435 436
434 436 437
438 439 440
438 440 441
442 443 444
442 444 445
446 447 448
446 448 449
450 451 452
450 452 453
454 455 456
454 456 457
458 459 460
458 460 461
462 463 464
462 464 465
466 467 468
466 468 469
470 471 472
470 472 473
474 475 476
474 476 477
478 479 480
478 480 481
482 483 484
482 484 485
486 487 488
486 488 489
490 491 492
490 492 493
494 495 496
494 496 497
498 499 500
498 501 499
502 501 498
502 503 501
502 504 503
502 505 504
506 507 508
506 508 509
510 511 512
510 512 513
514 515 516
514 516 517
518 519 520
518 520 521
522 523 524
522 524 525
526 527 528
526 528 529
530 531 532
530 532 533
534 535 536
534 536 537
538 539 540
538 540 541
542 543 544
542 544 545
546 547 548
546 548 549
550 551 552
550 552 553
554 555 556
554 556 557
558 559 560
558 560 561
562 563 564
562 564 565
566 567 568
566 568 569
570 571 572
570 572 573
574 575 576
574 576 577
578 579 580
578 580 581
582 583 584
582 584 585
586 587 588
586 588 589
590 591 592
590 592 593
594 595 596
594 596 597
598 599 600
598 600 601
598 601 602
603 604 605
603 605 606
607 608 609
607 609 610
611 612 613
611 613 614
615 616 617
615 617 618
619 620 621
619 621 622
623 624 625
623 625 626
627 628 629
627 629 630
631 632 633
631 633 634
635 636 637
635 637 638
639 640 641
639 641 642
643 644 645
643 645 646
647 648 649
647 649 650
651 652 653
651 653 654
655 656 657
655 657 658
659 660 661
659 661 662
663 664 665
663 665 666
667 668 669
667 669 670
671 672 673
671 674 672
674 675 672
676 677 678
676 678 679
680 681 682
680 682 683
684 685 686
684 686 687
688 689 690
688 690 691
692 693 694
692 694 695
696 697 698
696 698 699
700 701 702
700 702 703
704 705 706
704 706 707
708 709 710
708 710 711
712 713 714
712 714 715
716 717 718
716 718 719
720 721 722
720 722 723
724 725 726
724 726 727
728 729 730
728 730 731
732 733 734
732 734 735
736 737 738
736 738 739
740 741 742
740 742 743
744 745 746
744 746 747
748 749 750
748 750 751
752 753 754
752 754 755
756 757 758
756 758 759
760 761 762
760 762 763
764 765 766
764 766 767
768 769 770
768 770 771
772 773 774
772 774 775
776 777 778
776 778 779
780 781 782
780 782 783
784 785 786
784 786 787
788 789 790
788 790 791
792 793 794
792 794 795
796 797 798
796 798 799
800 801 802
800 802 803
804 805 806
804 806 807
808 809 810
808 810 811
812 813 814
812 814 815
816 817 818
816 819 817
816 820 819
821 822 823
821 823 824
825 826 827
825 827 828
829 830 831
829 831 832
833 834 835
833 835 836
837 838 839
837 839 840
841 842 843
841 843 844
845 846 847
845 847 848
849 850 851
849 851 852
853 854 855
853 855 856
857 858 859
857 859 860
861 862 863
861 863 864
865 866 867
865 867 868
869 870 871
869 872 870
872 873 870
874 872 869
874 869 875
875 876 874
875 877 876
878 876 877
878 877 879
880 878 879
880 879 881
880 881 882
872 883 873
872 874 884
872 884 883
885 874 876
885 884 874
876 878 886
876 886 885
878 880 887
878 887 886
880 882 888
888 887 880
889 873 883
889 890 873
891 890 889
892 883 884
885 892 884
892 889 883
886 893 885
885 893 892
882 894 888
882 895 894
895 896 894
895 897 896
888 894 898
896 898 894
886 899 893
887 899 886
888 900 887
888 898 900
901 887 900
887 901 899
901 900 902
902 900 898
899 901 903
902 903 901
899 903 904
904 893 899
904 905 893
905 892 893
905 906 892
906 889 892
906 907 889
891 889 907
908 891 907
908 909 891
902 910 903
902 911 910
902 912 911
902 898 912
913 911 912
913 914 911
912 898 915
912 915 913
913 915 916
896 915 898
916 915 896
917 914 913
913 916 917
917 918 914
919 918 917
919 917 916
919 920 918
921 920 919
921 919 922
923 922 919
919 916 923
923 924 922
925 924 923
916 925 923
925 926 924
916 896 927
916 927 925
928 926 925
928 929 926
927 896 930
930 896 897
930 897 931
927 932 925
925 932 928
933 929 928
933 934 929
935 930 931
935 931 936
927 930 937
937 932 927
937 930 935
938 928 932
938 932 937
938 933 928
934 933 939
934 939 940
941 939 933
941 933 938
938 942 941
938 937 943
938 943 942
937 935 943
944 942 943
944 943 935
944 935 936
944 936 945
946 947 948
949 947 946
949 950 947
949 951 950
951 952 950
952 951 953
952 953 954
954 953 955
954 955 956
955 957 956
955 958 957
958 959 957
958 960 959
960 961 959
960 962 961
963 961 962
963 962 964
965 963 964
965 964 966
967 965 966
967 966 968
969 967 968
970 971 972
972 971 973
972 973 974
975 974 973
975 976 974
977 976 975
977 978 976
977 979 978
977 980 979
979 980 981
979 981 982
982 981 983
984 985 986
986 987 984
986 988 987
989 987 988
989 988 990
990 991 989
990 992 991
993 991 992
993 992 994
993 994 995
996 997 998
999 997 996
999 1000 997
999 1001 1000
999 1002 1001
1001 1002 1003
1004 1005 1006
1004 1006 1007
1007 1006 1008
1009 1004 1007
1007 1008 1010
1009 1011 1004
1011 1009 1012
1011 1012 1013
1014 1013 1012
1014 1015 1013
1016 1010 1008
1016 1008 1017
1018 1016 1017
1018 1019 1016
1020 1019 1018
1020 1018 1021
1022 1016 1019
1022 1023 1016
1024 1023 1022
1024 1025 1023
1026 1025 1024
1026 1027 1025
1028 1029 1030
1028 1031 1029
1032 1029 1031
1032 1031 1033
1034 1031 1028
1034 1033 1031
1034 1028 1035
1034 1036 1033
1037 1034 1035
1036 1034 1037
1037 1035 1038
1036 1037 1039
1039 1037 1040
1040 1037 1038
1039 1040 1041
1041 1042 1039
1041 1043 1042
1041 1044 1043
1041 1045 1044
1045 1041 1040
1044 1045 1046
1044 1046 1047
1047 1046 1048
1047 1048 1049
1045 1050 1046
1048 1046 1050
1045 1040 1051
1045 1051 1050
1040 1038 1052
1052 1051 1040
1038 1053 1052
1038 1054 1053
1052 1055 1051
1055 1052 1053
1055 1050 1051
1055 1053 1056
1055 1056 1057
1055 1058 1050
1055 1057 1058
1058 1059 1050
1048 1050 1059
1060 1048 1059
1061 1058 1057
1058 1061 1059
1061 1060 1059
1061 1057 1062
1063 1061 1062
1061 1063 1060
1063 1062 1064
1065 1063 1064
1065 1060 1063
1065 1064 1066
1067 1065 1066
1067 1068 1065
1069 1065 1068
1065 1069 1060
1069 1068 1070
1071 1069 1070
1060 1069 1071
1071 1070 1072
1060 1071 1073
1060 1073 1048
1074 1071 1072
1074 1072 1075
1073 1076 1048
1076 1049 1048
1076 1077 1049
1073 1071 1078
1071 1074 1078
1079 1074 1075
1079 1075 1080
1081 1077 1076
1081 1082 1077
1073 1083 1076
1083 1073 1078
1083 1081 1076
1084 1078 1074
1084 1083 1078
1084 1074 1079
1080 1085 1079
1080 1086 1085
1087 1079 1085
1087 1084 1079
1084 1087 1088
1084 1089 1083
1084 1088 1089
1083 1089 1081
1090 1089 1088
1090 1081 1089
1090 1082 1081
1090 1091 1082
1092 1093 1094
1095 1092 1094
1095 1094 1096
1095 1096 1097
1097 1096 1098
1098 1099 1097
1098 1100 1099
1100 1101 1099
1100 1102 1101
1101 1102 1103
1101 1103 1104
1104 1103 1105
1104 1105 1106
1106 1105 1107
1106 1107 1108
1109 1108 1107
1109 1110 1108
1111 1110 1109
1111 1112 1110
1113 1112 1111
1113 1114 1112
1115 1114 1113
1116 1117 1118
1117 1119 1118
1117 1120 1119
1121 1119 1120
1121 1120 1122
1123 1121 1122
1123 1122 1124
1123 1124 1125
1123 1125 1126
1125 1127 1126
1125 1128 1127
1128 1129 1127
1130 1131 1132
1131 1130 1133
1131 1133 1134
1135 1134 1133
1135 1136 1134
1136 1135 1137
1136 1137 1138
1139 1138 1137
1139 1140 1138
1139 1141 1140
1142 1143 1144
1145 1142 1144
1145 1144 1146
1145 1146 1147
1145 1147 1148
1147 1149 1148
1150 1151 1152
1150 1153 1151
1154 1153 1150
1153 1155 1151
1154 1156 1153
1157 1156 1154
1153 1158 1155
1156 1158 1153
1158 1159 1155
1160 1159 1158
1156 1160 1158
1161 1159 1160
1157 1162 1156
1162 1160 1156
1162 1161 1160
1163 1162 1157
1163 1164 1162
1164 1161 1162
1165 1164 1163
1164 1166 1161
1166 1159 1161
1165 1167 1164
1167 1166 1164
1168 1167 1165
1167 1169 1166
1169 1159 1166
1168 1170 1167
1170 1169 1167
1171 1170 1168
1170 1172 1169
1172 1159 1169
1171 1173 1170
1173 1172 1170
1174 1173 1171
1173 1175 1172
1175 1159 1172
1174 1176 1173
1176 1175 1173
1177 1176 1174
1178 1159 1175
1176 1178 1175
1177 1179 1176
1179 1178 1176
1180 1179 1177
1181 1159 1178
1179 1181 1178
1182 1159 1181
1183 1159 1182
1180 1184 1179
1184 1181 1179
1184 1182 1181
1185 1184 1180
1186 1182 1184
1185 1186 1184
1186 1183 1182
1187 1186 1185
1188 1183 1186
1187 1188 1186
1189 1188 1187
1188 1190 1183
1190 1159 1191
1189 1192 1188
1192 1190 1188
1193 1192 1189
1192 1194 1190
1194 1159 1190
1195 1194 1192
1193 1195 1192
1195 1196 1194
1196 1195 1193
1196 1159 1194
1193 1197 1196
1197 1159 1196
1193 1198 1197
1199 1197 1198
1199 1200 1197
1200 1159 1197
1201 1200 1199
1202 1159 1200
1203 1159 1202
1204 1159 1203
1201 1205 1200
1206 1205 1201
1207 1200 1205
1206 1207 1205
1207 1202 1200
1208 1207 1206
1209 1202 1207
1208 1209 1207
1209 1203 1202
1210 1209 1208
1211 1203 1209
1210 1211 1209
1211 1204 1203
1212 1211 1210
1212 1213 1211
1213 1204 1211
1214 1213 1212
1213 1215 1204
1215 1159 1204
1214 1216 1213
1216 1215 1213
1217 1216 1214
1216 1218 1215
1218 1159 1215
1217 1219 1216
1219 1218 1216
1220 1219 1217
1219 1221 1218
1221 1159 1218
1220 1222 1219
1222 1221 1219
1223 1222 1220
1222 1224 1221
1224 1159 1221
1223 1225 1222
1225 1224 1222
1226 1225 1223
1226 1227 1225
1227 1224 1225
1228 1227 1226
1229 1159 1224
1227 1229 1224
1228 1230 1227
1230 1229 1227
1231 1230 1228
1231 1232 1230
1233 1159 1229
1230 1233 1229
1232 1233 1230
1234 1159 1233
1232 1234 1233
1235 1236 1237
1235 1237 1238
1239 1235 1238
1237 1240 1238
1237 1241 1240
1240 1241 1242
1243 1240 1242
1238 1240 1243
1244 1243 1242
1239 1238 1245
1238 1243 1245
1245 1243 1244
1246 1239 1245
1246 1245 1247
1245 1244 1247
1248 1246 1247
1247 1244 1249
1249 1244 1242
1248 1247 1250
1247 1249 1250
1251 1248 1250
1250 1249 1252
1252 1249 1242
1251 1250 1253
1250 1252 1253
1254 1251 1253
1253 1252 1255
1255 1252 1242
1254 1253 1256
1253 1255 1256
1257 1254 1256
1256 1255 1258
1258 1255 1242
1257 1256 1259
1256 1258 1259
1260 1257 1259
1261 1258 1242
1259 1258 1261
1260 1259 1262
1259 1261 1262
1263 1260 1262
1264 1261 1242
1262 1261 1264
1265 1264 1242
1266 1265 1242
1263 1262 1267
1262 1264 1267
1267 1264 1265
1268 1263 1267
1267 1265 1269
1268 1267 1269
1269 1265 1266
1270 1268 1269
1269 1266 1271
1270 1269 1271
1272 1270 1271
1271 1266 1273
1273 1274 1242
1272 1271 1275
1271 1273 1275
1276 1272 1275
1275 1273 1277
1277 1273 1242
1276 1275 1278
1275 1277 1278
1279 1276 1278
1278 1277 1280
1280 1277 1242
1279 1278 1281
1278 1280 1281
1282 1279 1281
1281 1280 1283
1283 1280 1242
1282 1281 1284
1281 1283 1284
1285 1282 1284
1286 1283 1242
1284 1283 1286
1285 1284 1287
1284 1286 1287
1288 1285 1287
1288 1287 1289
1287 1286 1289
1290 1288 1289
1291 1286 1242
1289 1286 1291
1292 1291 1242
1293 1292 1242
1290 1289 1294
1289 1291 1294
1294 1291 1292
1295 1290 1294
1294 1292 1296
1295 1294 1296
1296 1292 1293
1297 1295 1296
1297 1296 1298
1296 1293 1298
1299 1297 1298
1298 1293 1300
1300 1293 1242
1299 1298 1301
1298 1300 1301
1302 1299 1301
1301 1300 1303
1303 1300 1242
1302 1301 1304
1301 1303 1304
1305 1302 1304
1304 1303 1306
1306 1303 1242
1305 1304 1307
1304 1306 1307
1308 1305 1307
1307 1306 1309
1309 1306 1242
1308 1307 1310
1307 1309 1310
1311 1308 1310
1311 1310 1312
1310 1309 1312
1313 1311 1312
1314 1309 1242
1312 1309 1314
1313 1312 1315
1312 1314 1315
1316 1313 1315
1317 1314 1242
1315 1314 1317
1318 1317 1242
1316 1315 1319
1315 1317 1319
1319 1317 1318
1320 1316 1319
1319 1318 1321
1320 1319 1321
1322 1323 1324
1322 1324 1325
1326 1325 1324
1327 1322 1325
1326 1328 1325
1327 1325 1329
1328 1329 1325
1328 1330 1329
1331 1327 1329
1332 1329 1330
1331 1329 1333
1332 1333 1329
1334 1331 1333
1332 1334 1333
1335 1336 1337
1335 1337 1338
1335 1338 1339
1340 1339 1338
1340 1341 1339
1340 1342 1341
1340 1343 1342
1343 1344 1342
1343 1345 1344
1343 1346 1345
1346 1343 1347
1348 1344 1345
1348 1349 1344
1346 1350 1345
1350 1348 1345
1351 1350 1346
1350 1352 1348
1346 1347 1353
1351 1346 1353
1354 1353 1347
1351 1353 1355
1351 1355 1356
1354 1347 1357
1358 1356 1355
1358 1355 1359
1358 1359 1360
1358 1360 1361
1362 1361 1360
1362 1360 1363
1362 1363 1364
1362 1364 1365
1366 1365 1364
1366 1364 1367
1366 1367 1368
1354 1357 1369
1354 1369 1370
1370 1371 1354
1370 1372 1371
1373 1370 1369
1374 1372 1370
1373 1374 1370
1374 1375 1372
1373 1376 1374
1376 1375 1374
1373 1377 1376
1376 1378 1375
1377 1379 1376
1379 1378 1376
1377 1380 1379
1379 1381 1378
1379 1380 1382
1379 1382 1381
1383 1384 1385
1383 1385 1386
1387 1386 1385
1387 1385 1388
1389 1387 1388
1389 1390 1387
1391 1390 1389
1391 1392 1390
1392 1391 1393
1392 1393 1394
1394 1393 1395
1396 1397 1398
1396 1399 1397
1400 1399 1396
1400 1396 1401
1402 1397 1399
1402 1403 1397
1404 1399 1400
1402 1399 1404
1404 1400 1405
1402 1404 1406
1407 1405 1400
1402 1408 1403
1406 1408 1402
1403 1408 1409
1406 1410 1408
1400 1401 1411
1407 1400 1411
1401 1412 1411
1412 1407 1411
1401 1413 1412
1412 1414 1407
1415 1412 1413
1414 1412 1416
1415 1416 1412
1414 1416 1417
1415 1418 1416
1418 1417 1416
1409 1408 1419
1408 1410 1419
1409 1419 1420
1410 1420 1419
1409 1420 1421
1422 1420 1410
1421 1420 1423
1422 1423 1420
1424 1421 1423
1422 1424 1423
1425 1421 1424
1426 1424 1422
1425 1424 1427
1427 1424 1426
1428 1425 1427
1427 1426 1428
1352 1425 1428
1428 1426 1349
1352 1428 1429
1428 1349 1429
1348 1352 1429
1429 1349 1348
1430 1431 1432
1430 1432 1433
1434 1435 1436
1434 1436 1437
1438 1439 1440
1438 1440 1441
1442 1443 1444
1442 1444 1445
1446 1447 1448
1446 1448 1449
1450 1451 1452
1450 1452 1453
1452 1454 1453
1455 1456 1457
1455 1457 1458
1457 1459 1458
1460 1461 1462
1460 1462 1463
1462 1464 1463
1465 1466 1467
1465 1467 1468
1467 1469 1468
1470 1471 1472
1470 1472 1473
1474 1475 1476
1474 1476 1477
1478 1479 1480
1478 1480 1481
1482 1483 1484
1482 1484 1485
1486 1487 1488
1486 1488 1489
1490 1491 1492
1490 1492 1493
1494 1495 1496
1494 1496 1497
1498 1499 1500
1498 1500 1501
1502 1503 1504
1502 1504 1505
1506 1507 1508
1506 1508 1509
1508 1510 1509
1511 1512 1513
1511 1513 1514
1513 1515 1514
1516 1517 1518
1516 1518 1519
1518 1520 1519
1521 1522 1523
1521 1523 1524
1523 1525 1524
1526 1527 1528
1526 1528 1529
1530 1531 1532
1530 1532 1533
1534 1535 1536
1534 1536 1537
1538 1539 1540
1538 1540 1541
1542 1543 1544
1542 1544 1545
1546 1547 1548
1546 1548 1549
1550 1551 1552
1550 1552 1553
1554 1555 1556
1554 1556 1557
1558 1559 1560
1558 1560 1561
1562 1563 1564
1562 1564 1565
1566 1567 1568
1566 1568 1569
1570 1571 1572
1570 1572 1573
1574 1575 1576
1574 1576 1577
1578 1579 1580
1578 1580 1581
1582 1583 1584
1582 1584 1585
1586 1587 1588
1586 1588 1589
1590 1591 1592
1590 1592 1593
1594 1595 1596
1594 1596 1597
1598 1599 1600
1598 1600 1601
1602 1603 1604
1602 1604 1605
1606 1607 1608
1606 1608 1609
1610 1611 1612
1610 1612 1613
1614 1615 1616
1614 1616 1617
1618 1619 1620
1618 1620 1621
1622 1623 1624
1622 1624 1625
1624 1626 1625
1624 1627 1626
1628 1629 1630
1628 1630 1631
1632 1633 1634
1632 1634 1635
1636 1637 1638
1636 1638 1639
1638 1640 1639
1638 1641 1640
1642 1643 1644
1642 1644 1645
1646 1642 1645
1646 1645 1647
1648 1649 1650
1648 1650 1651
1652 1653 1654
1652 1654 1655
1656 1652 1655
1656 1657 1652
1658 1659 1660
1658 1660 1661
1662 1663 1664
1662 1664 1665
1666 1667 1668
1666 1668 1669
1670 1671 1672
1670 1673 1671
1674 1671 1673
1675 1673 1670
1674 1673 1676
1675 1677 1673
1676 1673 1677
1676 1677 1678
1679 1677 1675
1680 1678 1677
1679 1681 1677
1680 1677 1681
1682 1681 1679
1680 1681 1682
1683 1684 1685
1683 1686 1684
1683 1687 1686
1688 1686 1687
1688 1687 1689
1688 1689 1690
1688 1690 1691
1691 1690 1692
1691 1692 1693
1691 1693 1694
1694 1695 1691
1696 1693 1692
1696 1692 1697
1694 1693 1698
1698 1693 1696
1699 1694 1698
1698 1696 1700
1694 1701 1695
1699 1701 1694
1702 1695 1701
1699 1703 1701
1699 1704 1703
1702 1705 1695
1706 1703 1704
1706 1707 1703
1706 1708 1707
1706 1709 1708
1710 1708 1709
1710 1711 1708
1710 1712 1711
1710 1713 1712
1714 1712 1713
1714 1715 1712
1714 1716 1715
1702 1717 1705
1702 1718 1717
1718 1702 1719
1718 1719 1720
1721 1717 1718
1722 1718 1720
1721 1718 1722
1722 1720 1723
1721 1722 1724
1724 1722 1723
1721 1724 1725
1724 1723 1726
1725 1724 1727
1727 1724 1726
1725 1727 1728
1727 1726 1729
1727 1730 1728
1727 1729 1730
1731 1732 1733
1731 1734 1732
1735 1732 1734
1735 1736 1732
1737 1736 1735
1737 1735 1738
1739 1737 1738
1739 1738 1740
1740 1741 1739
1740 1742 1741
1742 1743 1741
1744 1745 1746
1744 1746 1747
1748 1744 1747
1748 1749 1744
1750 1747 1746
1750 1746 1751
1752 1748 1747
1750 1752 1747
1752 1753 1748
1750 1754 1752
1755 1748 1753
1750 1751 1756
1754 1750 1756
1751 1757 1756
1754 1756 1758
1748 1759 1749
1755 1759 1748
1749 1759 1760
1760 1759 1755
1749 1760 1761
1760 1755 1762
1763 1761 1760
1762 1764 1760
1763 1760 1764
1762 1765 1764
1763 1764 1766
1766 1764 1765
1757 1767 1756
1756 1767 1758
1757 1768 1767
1758 1767 1768
1757 1769 1768
1770 1758 1768
1769 1771 1768
1770 1768 1771
1772 1771 1769
1770 1771 1772
1773 1772 1769
1774 1770 1772
1773 1775 1772
1775 1774 1772
1776 1775 1773
1775 1776 1774
1700 1776 1773
1776 1697 1774
1700 1777 1776
1776 1777 1697
1696 1777 1700
1777 1696 1697
1778 1779 1780
1778 1780 1781
1782 1783 1784
1782 1784 1785
1786 1787 1788
1786 1788 1789
1790 1791 1792
1790 1792 1793
1794 1795 1796
1794 1796 1797
1798 1799 1800
1798 1801 1799
1801 1802 1799
1803 1804 1805
1803 1806 1804
1806 1807 1804
1808 1809 1810
1808 1811 1809
1811 1812 1809
1813 1814 1815
1813 1816 1814
1816 1817 1814
1818 1819 1820
1818 1820 1821
1822 1823 1824
1822 1824 1825
1826 1827 1828
1826 1828 1829
1830 1831 1832
1830 1832 1833
1834 1835 1836
1834 1836 1837
1838 1839 1840
1838 1840 1841
1842 1843 1844
1842 1844 1845
1846 1847 1848
1846 1848 1849
1850 1851 1852
1850 1852 1853
1854 1855 1856
1854 1857 1855
1857 1858 1855
1859 1860 1861
1859 1862 1860
1862 1863 1860
1864 1865 1866
1864 1867 1865
1867 1868 1865
1869 1870 1871
1869 1872 1870
1872 1873 1870
1874 1875 1876
1874 1876 1877
1878 1879 1880
1878 1880 1881
1882 1883 1884
1882 1884 1885
1886 1887 1888
1886 1888 1889
1890 1891 1892
1890 1892 1893
1894 1895 1896
1894 1896 1897
1898 1899 1900
1898 1900 1901
1902 1903 1904
1902 1904 1905
1906 1907 1908
1906 1908 1909
1910 1911 1912
1910 1912 1913
1914 1915 1916
1914 1916 1917
1918 1919 1920
1918 1920 1921
1922 1923 1924
1922 1924 1925
1926 1927 1928
1926 1928 1929
1930 1931 1932
1930 1932 1933
1934 1935 1936
1934 1936 1937
1938 1939 1940
1938 1940 1941
1942 1943 1944
1942 1944 1945
1946 1947 1948
1946 1948 1949
1950 1951 1952
1950 1952 1953
1954 1955 1956
1954 1956 1957
1958 1959 1960
1958 1960 1961
1962 1963 1964
1962 1964 1965
1966 1967 1968
1966 1968 1969
1970 1971 1972
1970 1972 1973
1974 1970 1973
1974 1973 1975
1976 1977 1978
1976 1978 1979
1980 1981 1982
1980 1982 1983
1984 1985 1986
1984 1986 1987
1988 1984 1987
1988 1987 1989
1990 1991 1992
1990 1992 1993
1992 1994 1993
1992 1995 1994
1996 1997 1998
1996 1998 1999
2000 2001 2002
2000 2003 2001
2003 2004 2001
2003 2005 2004
2006 2007 2008
2006 2008 2009
2010 2011 2012
2010 2012 2013
2014 2015 2016
2014 2016 2017
2018 2019 2020
2020 2019 2021
2020 2021 2022
2022 2023 2020
2024 2020 2023
2025 2020 2024
2025 2024 2026
2025 2026 2027
2025 2027 2028
2029 2028 2027
2030 2028 2029
2030 2031 2028
2032 2031 2030
2032 2033 2031
2034 2035 2036
2034 2036 2037
2037 2038 2034
2034 2038 2039
2039 2038 2040
2039 2040 2041
2042 2041 2040
2037 2036 2043
2044 2043 2036
2045 2038 2037
2037 2043 2045
2046 2043 2044
2045 2043 2046
2047 2038 2045
2040 2038 2047
2045 2046 2047
2044 2048 2046
2044 2049 2048
2050 2048 2049
2046 2051 2047
2046 2048 2051
2040 2047 2051
2050 2052 2048
2052 2051 2048
2040 2051 2053
2052 2053 2051
2054 2052 2050
2054 2050 2055
2056 2052 2054
2056 2053 2052
2053 2056 2057
2040 2053 2058
2053 2057 2058
2042 2040 2058
2042 2058 2057
2042 2057 2059
2060 2059 2057
2060 2057 2061
2061 2062 2060
2055 2063 2054
2056 2054 2063
2055 2064 2063
2065 2057 2056
2061 2057 2065
2056 2063 2065
2066 2063 2064
2066 2064 2067
2068 2066 2067
2069 2065 2063
2061 2065 2069
2069 2063 2066
2068 2070 2066
2070 2068 2071
2066 2072 2069
2066 2070 2072
2072 2061 2069
2070 2071 2073
2072 2070 2073
2061 2072 2074
2072 2073 2074
2061 2074 2075
2073 2075 2074
2061 2075 2062
2076 2073 2071
2073 2076 2075
2075 2076 2062
2076 2071 2077
2076 2078 2062
2076 2077 2078
2079 2080 2081
2079 2082 2080
2083 2082 2079
2084 2082 2083
2083 2079 2085
2086 2085 2079
2084 2083 2087
2087 2088 2084
2086 2089 2085
2086 2090 2089
2091 2089 2090
2091 2092 2089
2089 2092 2093
2094 2092 2091
2094 2095 2092
2093 2092 2095
2096 2085 2089
2089 2093 2096
2097 2095 2094
2097 2094 2098
2099 2097 2098
2099 2100 2097
2100 2099 2101
2102 2095 2097
2100 2102 2097
2100 2101 2103
2103 2101 2104
2093 2095 2105
2102 2105 2095
2106 2100 2103
2100 2106 2102
2096 2107 2085
2093 2108 2096
2107 2096 2108
2109 2085 2107
2109 2083 2085
2107 2108 2110
2110 2109 2107
2111 2083 2109
2111 2087 2083
2093 2105 2112
2113 2105 2102
2113 2112 2105
2093 2112 2114
2093 2114 2108
2114 2112 2115
2115 2112 2113
2114 2115 2116
2116 2108 2114
2116 2117 2108
2110 2108 2117
2110 2117 2118
2115 2113 2119
2120 2119 2113
2120 2121 2119
2122 2113 2102
2120 2113 2122
2122 2102 2106
2123 2110 2118
2123 2118 2124
2110 2123 2109
2125 2123 2124
2109 2123 2126
2125 2126 2123
2109 2126 2111
2126 2125 2127
2106 2128 2122
2128 2120 2122
2129 2111 2126
2129 2087 2111
2126 2127 2130
2129 2126 2130
2129 2131 2087
2087 2131 2088
2132 2130 2127
2132 2127 2133
2134 2132 2133
2130 2135 2129
2131 2129 2135
2130 2132 2135
2088 2131 2136
2131 2135 2136
2088 2136 2137
2134 2138 2132
2135 2132 2138
2136 2135 2139
2135 2138 2139
2137 2136 2140
2136 2139 2140
2137 2140 2141
2142 2141 2140
2143 2138 2134
2143 2134 2144
2143 2144 2145
2146 2139 2138
2140 2139 2146
2146 2138 2143
2142 2140 2147
2140 2146 2147
2148 2142 2147
2146 2149 2147
2148 2147 2149
2150 2146 2143
2146 2150 2149
2151 2148 2149
2151 2149 2150
2151 2152 2148
2143 2145 2153
2150 2143 2153
2154 2152 2151
2154 2155 2152
2156 2155 2154
2156 2154 2157
2158 2157 2154
2158 2154 2151
2158 2159 2157
2151 2150 2160
2158 2151 2160
2150 2153 2161
2150 2161 2160
2162 2153 2145
2162 2161 2153
2161 2163 2160
2160 2163 2158
2162 2163 2161
2158 2164 2159
2158 2163 2164
2159 2164 2165
2145 2166 2162
2145 2167 2166
2167 2168 2166
2167 2169 2168
2162 2170 2163
2170 2162 2166
2164 2171 2165
2165 2171 2172
2171 2173 2172
2163 2174 2164
2174 2171 2164
2170 2174 2163
2174 2175 2171
2171 2175 2173
2169 2176 2168
2169 2177 2176
2178 2176 2177
2178 2179 2176
2179 2178 2180
2170 2181 2174
2174 2181 2175
2170 2182 2181
2182 2175 2181
2183 2173 2175
2183 2175 2182
2184 2183 2182
2170 2185 2182
2170 2166 2185
2168 2185 2166
2186 2182 2185
2184 2182 2186
2187 2184 2186
2186 2185 2188
2168 2188 2185
2188 2187 2186
2168 2189 2188
2188 2189 2187
2168 2190 2189
2176 2190 2168
2179 2190 2176
2191 2190 2179
2191 2189 2190
2192 2191 2179
2179 2180 2192
2193 2192 2180
2193 2180 2194
2192 2195 2191
2193 2195 2192
2196 2189 2191
2191 2195 2197
2191 2197 2196
2196 2198 2189
2198 2187 2189
2198 2196 2197
2193 2199 2195
2199 2197 2195
2198 2197 2200
2198 2201 2187
2201 2198 2200
2199 2202 2197
2202 2200 2197
2193 2203 2199
2194 2204 2193
2193 2204 2203
2199 2205 2202
2199 2203 2205
2201 2206 2187
2201 2200 2207
2207 2206 2201
2202 2208 2200
2208 2207 2200
2209 2202 2205
2208 2202 2209
2206 2210 2187
2187 2210 2184
2211 2184 2210
2212 2203 2204
2213 2203 2212
2213 2205 2203
2212 2204 2214
2215 2205 2213
2209 2205 2215
2215 2213 2216
2217 2214 2204
2217 2218 2214
2194 2217 2204
2219 2218 2217
2220 2217 2194
2219 2217 2220
2220 2194 2221
2220 2222 2219
2221 2223 2220
2220 2223 2222
2221 2224 2223
2222 2223 2225
2223 2226 2225
2225 2226 2227
2228 2223 2224
2228 2224 2229
2226 2230 2227
2231 2228 2229
2231 2230 2228
2232 2227 2230
2231 2233 2230
2232 2230 2233
2232 2233 2234
2231 2235 2233
2236 2234 2233
2235 2237 2233
2236 2233 2237
2235 2238 2237
2239 2238 2235
2236 2237 2240
2240 2237 2238
2236 2240 2241
2240 2242 2241
2240 2243 2242
2244 2242 2243
2240 2238 2245
2245 2243 2240
2244 2243 2246
2247 2244 2246
2245 2248 2243
2248 2246 2243
2249 2245 2238
2249 2248 2245
2239 2250 2238
2249 2238 2250
2251 2250 2239
2249 2250 2251
2251 2239 2252
2253 2251 2252
2247 2246 2254
2255 2247 2254
2256 2251 2253
2256 2253 2257
2249 2251 2258
2258 2251 2256
2258 2259 2249
2249 2259 2248
2248 2260 2246
2254 2246 2260
2255 2254 2261
2262 2255 2261
2258 2263 2259
2256 2263 2258
2248 2259 2264
2248 2264 2260
2263 2264 2259
2254 2260 2265
2261 2254 2265
2262 2261 2266
2266 2267 2262
2260 2264 2268
2260 2268 2265
2263 2269 2264
2269 2268 2264
2256 2270 2263
2270 2269 2263
2271 2269 2270
2272 2269 2271
2269 2272 2268
2261 2265 2273
2266 2261 2273
2266 2274 2267
2274 2275 2267
2276 2270 2256
2256 2257 2276
2277 2265 2268
2273 2265 2277
2278 2268 2272
2277 2268 2278
2266 2273 2279
2279 2274 2266
2280 2273 2277
2280 2279 2273
2280 2277 2278
2274 2281 2275
2282 2275 2281
2279 2283 2274
2283 2279 2280
2283 2281 2274
2284 2276 2257
2284 2257 2285
2286 2284 2285
2287 2276 2284
2276 2287 2270
2270 2287 2271
2280 2278 2288
2283 2280 2289
2288 2289 2280
2283 2290 2281
2290 2283 2289
2288 2278 2291
2278 2272 2291
2291 2272 2271
2292 2281 2290
2282 2281 2292
2293 2282 2292
2293 2294 2282
2294 2293 2295
2294 2295 2296
2295 2297 2296
2288 2298 2289
2288 2291 2299
2299 2298 2288
2300 2299 2291
2300 2291 2271
2271 2301 2300
2302 2299 2300
2299 2302 2298
2298 2303 2289
2290 2289 2303
2290 2303 2304
2298 2305 2303
2302 2305 2298
2304 2303 2305
2301 2306 2300
2302 2300 2306
2290 2304 2307
2292 2290 2307
2308 2292 2307
2304 2308 2307
2308 2293 2292
2293 2308 2309
2293 2309 2295
2304 2310 2308
2310 2309 2308
2309 2311 2295
2295 2311 2297
2297 2311 2312
2297 2312 2313
2313 2312 2314
2313 2314 2315
2316 2315 2314
2316 2317 2315
2318 2317 2316
2309 2319 2311
2311 2320 2312
2311 2319 2320
2321 2314 2312
2321 2312 2320
2310 2322 2309
2322 2319 2309
2310 2323 2322
2323 2319 2322
2320 2319 2324
2323 2324 2319
2310 2325 2323
2325 2310 2304
2326 2316 2314
2326 2314 2321
2321 2320 2327
2320 2324 2327
2328 2324 2323
2325 2328 2323
2325 2304 2329
2304 2305 2329
2325 2330 2328
2330 2325 2329
2329 2305 2331
2302 2331 2305
2330 2329 2332
2329 2331 2332
2333 2331 2302
2332 2331 2333
2333 2302 2306
2334 2330 2332
2334 2328 2330
2334 2335 2328
2335 2334 2336
2334 2332 2337
2332 2333 2337
2336 2334 2337
2338 2333 2306
2337 2333 2338
2336 2337 2338
2301 2338 2306
2335 2339 2328
2328 2339 2324
2340 2324 2339
2339 2335 2340
2340 2327 2324
2338 2341 2336
2338 2301 2341
2342 2327 2340
2335 2343 2340
2343 2342 2340
2342 2344 2327
2321 2327 2344
2345 2321 2344
2345 2326 2321
2346 2344 2342
2346 2345 2344
2347 2346 2342
2347 2342 2343
2345 2348 2326
2316 2326 2348
2345 2346 2349
2346 2347 2349
2316 2348 2350
2318 2316 2350
2318 2350 2351
2318 2351 2352
2353 2352 2351
2345 2354 2348
2345 2349 2354
2355 2350 2348
2355 2351 2350
2356 2348 2354
2356 2355 2348
2349 2356 2354
2349 2357 2356
2358 2357 2349
2347 2358 2349
2359 2351 2355
2347 2360 2358
2353 2351 2361
2359 2361 2351
2353 2361 2362
2363 2362 2361
2364 2362 2363
2359 2365 2361
2359 2366 2365
2365 2366 2367
2364 2363 2368
2365 2367 2368
2369 2364 2368
2370 2368 2367
2371 2369 2368
2370 2371 2368
2371 2372 2369
2371 2370 2373
2372 2371 2374
2371 2373 2374
2372 2374 2375
2374 2376 2375
2374 2377 2376
2373 2377 2374
2378 2376 2377
2373 2379 2377
2379 2373 2380
2378 2377 2381
2379 2381 2377
2382 2378 2381
2382 2381 2383
2384 2382 2383
2379 2385 2381
2385 2383 2381
2379 2380 2386
2379 2387 2385
2379 2386 2387
2388 2386 2380
2388 2380 2389
2386 2390 2387
2386 2388 2390
2385 2387 2391
2390 2391 2387
2385 2392 2383
2385 2391 2392
2392 2391 2393
2384 2383 2394
2394 2383 2392
2389 2395 2388
2389 2396 2395
2397 2395 2396
2397 2398 2395
2399 2398 2397
2395 2400 2388
2398 2400 2395
2390 2388 2400
2390 2401 2391
2393 2391 2401
2390 2400 2402
2401 2390 2402
2398 2402 2400
2399 2403 2398
2404 2403 2399
2393 2401 2405
2401 2402 2405
2398 2406 2402
2402 2211 2405
2406 2211 2402
2398 2407 2406
2398 2403 2407
2408 2393 2405
2211 2408 2405
2409 2406 2407
2406 2409 2211
2211 2409 2184
2184 2409 2410
2409 2407 2410
2184 2410 2183
2411 2407 2403
2411 2410 2407
2408 2211 2412
2211 2210 2412
2183 2410 2413
2183 2413 2173
2408 2414 2393
2414 2408 2412
2411 2403 2415
2404 2415 2403
2210 2416 2412
2206 2416 2210
2417 2416 2206
2207 2417 2206
2412 2416 2418
2417 2418 2416
2414 2412 2419
2412 2418 2419
2393 2414 2420
2420 2414 2419
2421 2417 2207
2208 2421 2207
2422 2418 2417
2421 2422 2417
2419 2418 2423
2422 2423 2418
2424 2421 2208
2424 2208 2209
2424 2209 2215
2421 2425 2422
2421 2424 2425
2425 2423 2422
2424 2215 2426
2426 2425 2424
2426 2215 2216
2426 2216 2427
2427 2428 2426
2426 2428 2425
2427 2429 2428
2419 2423 2430
2420 2419 2430
2425 2431 2423
2428 2431 2425
2430 2423 2431
2429 2432 2428
2428 2432 2431
2429 2433 2432
2430 2431 2434
2434 2431 2432
2420 2430 2434
2435 2432 2433
2434 2432 2435
2435 2433 2436
2437 2435 2436
2437 2438 2435
2438 2434 2435
2438 2437 2384
2438 2384 2394
2438 2439 2434
2420 2434 2439
2439 2438 2394
2439 2440 2420
2393 2420 2440
2392 2393 2440
2394 2392 2441
2439 2394 2441
2441 2392 2440
2439 2441 2440
2442 2443 2444
2443 2445 2444
2443 2446 2445
2446 2443 2447
2448 2447 2443
2449 2448 2443
2449 2450 2448
2449 2451 2450
2449 2452 2451
2453 2451 2452
2454 2453 2452
2454 2452 2455
2456 2454 2455
2456 2455 2457
2458 2459 2460
2458 2461 2459
2461 2458 2462
2458 2463 2462
2463 2464 2462
2463 2465 2464
2466 2464 2465
2461 2467 2459
2468 2459 2467
2469 2461 2462
2461 2469 2467
2470 2468 2467
2469 2470 2467
2471 2469 2462
2464 2471 2462
2469 2471 2470
2468 2470 2472
2468 2472 2473
2474 2473 2472
2470 2471 2475
2470 2475 2472
2464 2475 2471
2474 2472 2476
2476 2472 2475
2464 2477 2475
2476 2475 2477
2478 2474 2476
2478 2479 2474
2480 2478 2476
2480 2476 2477
2477 2481 2480
2464 2482 2477
2477 2482 2481
2466 2482 2464
2466 2481 2482
2466 2483 2481
2484 2481 2483
2484 2485 2481
2485 2484 2486
2479 2478 2487
2480 2487 2478
2479 2487 2488
2489 2480 2481
2485 2489 2481
2480 2489 2487
2490 2488 2487
2490 2491 2488
2492 2491 2490
2493 2487 2489
2485 2493 2489
2493 2490 2487
2492 2490 2494
2494 2495 2492
2490 2493 2496
2490 2496 2494
2496 2493 2485
2494 2497 2495
2496 2497 2494
2485 2498 2496
2496 2498 2497
2485 2499 2498
2497 2498 2499
2485 2486 2499
2500 2495 2497
2497 2499 2500
2499 2486 2500
2500 2501 2495
2500 2486 2502
2500 2502 2501
2503 2504 2505
2503 2505 2506
2507 2503 2506
2508 2507 2506
2507 2509 2503
2510 2503 2509
2508 2511 2507
2511 2508 2512
2510 2509 2513
2510 2513 2514
2515 2514 2513
2515 2513 2516
2513 2517 2516
2518 2515 2516
2518 2516 2519
2517 2519 2516
2520 2513 2509
2513 2520 2517
2521 2518 2519
2521 2522 2518
2523 2522 2521
2523 2521 2524
2524 2525 2523
2526 2521 2519
2524 2521 2526
2524 2527 2525
2527 2528 2525
2517 2529 2519
2526 2519 2529
2530 2527 2524
2524 2526 2530
2520 2509 2531
2517 2520 2532
2531 2532 2520
2533 2531 2509
2533 2509 2507
2531 2534 2532
2534 2531 2533
2535 2533 2507
2535 2507 2511
2517 2536 2529
2537 2526 2529
2537 2529 2536
2517 2538 2536
2517 2532 2538
2538 2539 2536
2539 2537 2536
2538 2540 2539
2540 2538 2532
2540 2532 2541
2534 2541 2532
2534 2542 2541
2539 2543 2537
2544 2537 2543
2544 2543 2545
2546 2526 2537
2544 2546 2537
2546 2530 2526
2547 2542 2534
2547 2548 2542
2534 2533 2547
2549 2548 2547
2533 2550 2547
2549 2547 2550
2533 2535 2550
2550 2551 2549
2530 2546 2552
2552 2546 2544
2553 2550 2535
2553 2535 2511
2550 2554 2551
2553 2554 2550
2553 2511 2555
2511 2512 2555
2556 2551 2554
2556 2557 2551
2558 2557 2556
2554 2553 2559
2555 2559 2553
2554 2559 2556
2512 2560 2555
2555 2560 2559
2512 2561 2560
2558 2556 2562
2559 2562 2556
2561 2563 2560
2561 2564 2563
2565 2563 2564
2560 2566 2559
2559 2566 2562
2560 2563 2566
2567 2558 2562
2567 2568 2558
2567 2404 2568
2569 2562 2566
2563 2569 2566
2569 2567 2562
2565 2570 2563
2563 2570 2569
2571 2570 2565
2567 2572 2404
2415 2404 2572
2569 2570 2573
2571 2573 2570
2574 2567 2569
2574 2572 2567
2569 2573 2574
2575 2573 2571
2575 2574 2573
2575 2571 2576
2415 2572 2577
2574 2577 2572
2415 2577 2578
2415 2578 2411
2574 2579 2577
2575 2579 2574
2577 2579 2578
2580 2575 2576
2580 2576 2581
2582 2580 2581
2582 2583 2580
2584 2579 2575
2584 2575 2580
2584 2580 2583
2579 2584 2578
2584 2583 2585
2584 2585 2586
2584 2586 2578
2585 2587 2586
2411 2578 2588
2578 2586 2588
2586 2587 2589
2588 2586 2589
2587 2590 2589
2589 2590 2173
2589 2173 2413
2588 2589 2413
2411 2588 2591
2588 2413 2591
2411 2591 2410
2410 2591 2413
2592 2593 2594
2593 2595 2594
2593 2596 2595
2593 2597 2596
2594 2595 2598
2595 2596 2599
2595 2599 2598
2596 2597 2341
2341 2301 2596
2301 2599 2596
2600 2341 2597
2601 2600 2597
2341 2600 2336
2602 2599 2301
2602 2301 2271
2602 2603 2599
2598 2599 2603
2604 2602 2271
2603 2602 2604
2604 2271 2287
2594 2598 2605
2598 2603 2606
2598 2606 2605
2603 2604 2607
2603 2607 2606
2608 2604 2287
2604 2608 2607
2594 2605 2609
2610 2609 2605
2594 2609 2611
2612 2611 2609
2606 2613 2605
2613 2610 2605
2606 2607 2614
2613 2606 2614
2608 2287 2615
2287 2284 2615
2616 2615 2284
2286 2616 2284
2286 2617 2616
2286 2618 2617
2619 2617 2618
2616 2620 2615
2620 2608 2615
2617 2620 2616
2608 2621 2607
2614 2607 2621
2622 2613 2614
2622 2610 2613
2620 2623 2608
2623 2621 2608
2620 2624 2623
2614 2621 2625
2625 2622 2614
2623 2626 2621
2624 2626 2623
2626 2625 2621
2617 2627 2620
2620 2627 2624
2617 2628 2627
2624 2627 2628
2617 2629 2628
2619 2629 2617
2630 2629 2619
2630 2619 2631
2630 2631 2632
2629 2633 2628
2629 2630 2633
2630 2632 2634
2634 2632 2635
2624 2628 2636
2636 2628 2633
2637 2624 2636
2630 2638 2633
2630 2634 2638
2636 2633 2639
2639 2637 2636
2638 2639 2633
2637 2640 2624
2624 2640 2626
2626 2640 2641
2626 2641 2625
2637 2642 2640
2640 2642 2641
2641 2643 2625
2622 2625 2643
2641 2642 2644
2641 2644 2643
2643 2644 2645
2643 2646 2622
2646 2610 2622
2642 2647 2644
2645 2644 2647
2643 2648 2646
2648 2643 2645
2649 2646 2648
2648 2645 2649
2646 2650 2610
2649 2650 2646
2637 2651 2642
2652 2642 2651
2652 2647 2642
2653 2651 2637
2653 2652 2651
2653 2637 2654
2639 2654 2637
2654 2639 2655
2638 2655 2639
2656 2645 2647
2656 2647 2657
2647 2652 2657
2645 2656 2658
2658 2656 2657
2659 2645 2658
2645 2659 2649
2660 2657 2652
2661 2658 2657
2661 2657 2660
2659 2658 2662
2661 2662 2658
2663 2649 2659
2663 2659 2662
2660 2652 2664
2664 2665 2660
2653 2664 2652
2661 2660 2666
2666 2660 2665
2663 2667 2649
2650 2649 2667
2668 2664 2653
2664 2669 2665
2668 2669 2664
2668 2653 2670
2653 2654 2670
2663 2662 2671
2672 2671 2662
2672 2673 2671
2674 2663 2671
2674 2667 2663
2673 2674 2671
2672 2662 2675
2661 2675 2662
2676 2675 2661
2676 2672 2675
2676 2661 2666
2674 2677 2667
2673 2678 2674
2678 2677 2674
2679 2667 2677
2667 2679 2650
2650 2679 2680
2650 2680 2610
2680 2681 2610
2610 2681 2609
2612 2609 2681
2680 2679 2682
2682 2681 2680
2679 2677 2683
2682 2679 2683
2678 2684 2677
2683 2677 2684
2685 2681 2682
2612 2681 2685
2686 2682 2683
2685 2682 2686
2687 2684 2678
2687 2678 2673
2688 2683 2684
2686 2683 2688
2612 2685 2689
2685 2686 2690
2689 2685 2690
2601 2612 2689
2691 2612 2601
2601 2689 2600
2689 2690 2600
2336 2600 2690
2692 2690 2686
2692 2336 2690
2686 2688 2692
2692 2335 2336
2688 2335 2692
2688 2693 2335
2684 2693 2688
2343 2335 2693
2684 2694 2693
2687 2694 2684
2695 2343 2693
2695 2347 2343
2347 2695 2360
2693 2696 2695
2696 2360 2695
2693 2694 2696
2696 2697 2360
2698 2697 2696
2699 2696 2694
2698 2696 2699
2699 2694 2687
2698 2699 2700
2700 2699 2687
2698 2700 2701
2702 2701 2700
2700 2687 2703
2687 2673 2703
2700 2703 2704
2673 2704 2703
2702 2700 2705
2700 2704 2705
2673 2706 2704
2672 2706 2673
2707 2702 2705
2707 2708 2702
2707 2709 2708
2705 2704 2710
2706 2710 2704
2705 2710 2707
2711 2706 2672
2706 2711 2710
2707 2712 2709
2712 2713 2709
2707 2710 2714
2714 2710 2711
2707 2714 2712
2711 2672 2715
2676 2715 2672
2714 2711 2716
2715 2716 2711
2712 2717 2713
2712 2714 2718
2712 2718 2717
2717 2719 2713
2720 2713 2719
2714 2716 2721
2714 2721 2718
2717 2722 2719
2718 2722 2717
2720 2719 2723
2724 2720 2723
2725 2719 2722
2725 2723 2719
2724 2723 2726
2726 2727 2724
2716 2728 2721
2718 2721 2729
2729 2721 2728
2718 2730 2722
2718 2729 2730
2716 2731 2728
2715 2731 2716
2715 2732 2731
2728 2731 2732
2715 2733 2732
2676 2733 2715
2734 2733 2676
2734 2676 2666
2734 2666 2735
2666 2665 2735
2722 2730 2736
2730 2729 2737
2730 2737 2736
2722 2736 2738
2725 2722 2738
2736 2739 2738
2736 2740 2739
2741 2738 2739
2741 2725 2738
2742 2740 2736
2742 2736 2737
2742 2737 2743
2725 2741 2744
2745 2743 2737
2725 2744 2746
2725 2746 2723
2747 2746 2744
2745 2737 2748
2749 2745 2748
2729 2748 2737
2750 2723 2746
2747 2750 2746
2750 2747 2751
2750 2726 2723
2750 2751 2752
2726 2750 2752
2752 2751 2753
2749 2748 2754
2755 2749 2754
2729 2756 2748
2756 2754 2748
2729 2728 2756
2756 2728 2757
2728 2732 2757
2756 2757 2758
2756 2758 2754
2755 2754 2759
2760 2755 2759
2732 2761 2757
2758 2757 2761
2762 2754 2758
2762 2759 2754
2758 2761 2762
2760 2759 2763
2762 2763 2759
2764 2760 2763
2762 2765 2763
2761 2765 2762
2766 2764 2763
2766 2763 2765
2766 2767 2764
2732 2768 2761
2733 2768 2732
2761 2769 2765
2768 2769 2761
2766 2765 2770
2770 2765 2769
2767 2766 2771
2770 2771 2766
2767 2771 2772
2733 2773 2768
2734 2773 2733
2768 2774 2769
2773 2774 2768
2770 2769 2775
2774 2775 2769
2776 2773 2734
2773 2776 2774
2770 2777 2771
2777 2770 2775
2772 2771 2778
2778 2779 2772
2774 2780 2775
2776 2780 2774
2776 2734 2781
2735 2781 2734
2771 2782 2778
2771 2777 2782
2783 2778 2782
2778 2783 2779
2783 2782 2784
2785 2783 2784
2779 2783 2786
2785 2786 2783
2779 2786 2787
2786 2785 2788
2787 2786 2789
2786 2788 2790
2787 2789 2791
2788 2792 2790
2791 2789 2793
2788 2794 2792
2791 2793 2795
2794 2796 2792
2795 2793 2797
2794 2798 2796
2795 2797 2799
2800 2796 2798
2800 2799 2797
2800 2798 2801
2800 2802 2799
2803 2802 2800
2801 2803 2800
2803 2804 2802
2805 2804 2803
2805 2806 2804
2805 2807 2806
2801 2808 2803
2808 2805 2803
2808 2809 2805
2805 2810 2807
2809 2810 2805
2801 2811 2808
2811 2809 2808
2807 2810 2812
2807 2812 2813
2814 2807 2813
2810 2815 2812
2809 2816 2810
2810 2816 2815
2817 2813 2812
2817 2812 2815
2813 2817 2818
2819 2813 2818
2814 2813 2819
2820 2819 2818
2819 2820 2821
2814 2819 2822
2819 2821 2822
2814 2822 2823
2821 2824 2822
2823 2822 2825
2822 2824 2825
2824 2826 2825
2823 2825 2827
2753 2827 2825
2753 2825 2752
2752 2825 2826
2828 2817 2815
2829 2817 2828
2824 2830 2826
2830 2824 2831
2752 2826 2832
2726 2752 2832
2726 2832 2727
2826 2727 2832
2826 2833 2727
2545 2833 2826
2545 2826 2830
2834 2830 2831
2834 2829 2828
2835 2834 2831
2834 2835 2829
2830 2836 2545
2830 2834 2836
2836 2834 2828
2544 2545 2836
2836 2828 2837
2544 2836 2837
2838 2837 2828
2828 2815 2838
2816 2838 2815
2839 2838 2816
2838 2839 2837
2544 2837 2840
2552 2544 2840
2837 2841 2840
2837 2839 2841
2839 2816 2842
2842 2816 2809
2839 2842 2843
2843 2841 2839
2842 2809 2844
2844 2843 2842
2811 2844 2809
2840 2841 2845
2840 2845 2552
2843 2846 2841
2845 2841 2846
2844 2847 2843
2811 2847 2844
2847 2846 2843
2552 2845 2848
2845 2846 2849
2849 2848 2845
2552 2848 2850
2530 2552 2850
2530 2850 2527
2850 2851 2527
2850 2848 2851
2527 2851 2528
2528 2851 2852
2848 2852 2851
2528 2852 2853
2852 2854 2853
2849 2855 2848
2852 2848 2855
2852 2856 2854
2857 2854 2856
2856 2858 2857
2859 2856 2852
2856 2859 2858
2860 2852 2855
2859 2852 2860
2855 2861 2860
2861 2859 2860
2862 2858 2859
2861 2862 2859
2862 2863 2858
2863 2862 2864
2861 2864 2862
2863 2864 2865
2866 2865 2864
2867 2855 2849
2855 2867 2861
2866 2864 2868
2869 2866 2868
2867 2849 2870
2870 2849 2846
2861 2871 2864
2868 2864 2871
2872 2861 2867
2872 2871 2861
2870 2872 2867
2870 2846 2873
2847 2873 2846
2868 2871 2874
2872 2874 2871
2870 2875 2872
2873 2875 2870
2876 2873 2847
2811 2876 2847
2872 2877 2874
2877 2872 2875
2878 2874 2877
2879 2868 2874
2878 2879 2874
2873 2880 2875
2876 2880 2873
2877 2875 2881
2878 2877 2881
2881 2875 2880
2876 2811 2882
2801 2882 2811
2879 2883 2868
2869 2868 2883
2880 2876 2884
2876 2882 2884
2801 2885 2882
2884 2882 2885
2886 2883 2879
2886 2879 2878
2869 2883 2887
2886 2887 2883
2869 2887 2888
2889 2888 2887
2880 2884 2890
2881 2880 2890
2889 2887 2891
2891 2887 2886
2890 2884 2892
2884 2885 2892
2881 2890 2893
2890 2892 2893
2889 2891 2894
2889 2894 2895
2896 2895 2894
2891 2886 2897
2894 2891 2897
2896 2894 2898
2898 2899 2896
2881 2893 2900
2878 2881 2900
2886 2878 2901
2897 2886 2901
2894 2897 2902
2902 2898 2894
2898 2903 2899
2904 2899 2903
2905 2878 2900
2905 2901 2878
2897 2901 2906
2906 2902 2897
2906 2901 2905
2907 2900 2893
2907 2905 2900
2902 2908 2898
2908 2903 2898
2906 2909 2902
2909 2908 2902
2906 2905 2910
2910 2905 2907
2910 2909 2906
2911 2907 2893
2911 2893 2892
2912 2911 2892
2912 2892 2885
2908 2913 2903
2909 2914 2908
2913 2908 2914
2910 2915 2909
2915 2914 2909
2915 2916 2914
2910 2907 2917
2917 2915 2910
2918 2907 2911
2918 2917 2907
2917 2919 2915
2916 2915 2919
2918 2919 2917
2920 2918 2911
2920 2911 2912
2918 2921 2919
2920 2921 2918
2913 2922 2903
2904 2903 2922
2913 2914 2923
2923 2914 2916
2916 2919 2924
2924 2919 2921
2904 2922 2925
2904 2925 2926
2913 2927 2922
2927 2913 2923
2928 2926 2925
2928 2929 2926
2930 2925 2922
2930 2922 2927
2931 2928 2925
2931 2925 2930
2929 2928 2932
2929 2932 2933
2934 2933 2932
2935 2928 2931
2935 2932 2928
2927 2936 2930
2930 2937 2931
2930 2936 2937
2936 2938 2937
2939 2931 2937
2939 2935 2931
2927 2940 2936
2927 2923 2940
2941 2936 2940
2941 2940 2923
2936 2942 2938
2941 2942 2936
2943 2942 2941
2941 2923 2944
2943 2941 2944
2923 2916 2944
2916 2945 2944
2943 2944 2945
2916 2946 2945
2946 2916 2924
2938 2942 2947
2943 2947 2942
2943 2945 2948
2946 2948 2945
2946 2924 2949
2946 2950 2948
2950 2946 2949
2949 2924 2951
2924 2921 2951
2952 2951 2921
2920 2952 2921
2943 2953 2947
2938 2947 2954
2954 2947 2953
2943 2948 2955
2943 2955 2953
2956 2955 2948
2956 2953 2955
2950 2957 2948
2956 2948 2957
2949 2951 2958
2952 2959 2951
2959 2958 2951
2950 2949 2960
2960 2949 2958
2956 2961 2953
2954 2953 2962
2962 2953 2961
2963 2956 2957
2963 2961 2956
2964 2959 2952
2959 2965 2958
2965 2959 2964
2960 2958 2966
2965 2966 2958
2964 2952 2967
2967 2952 2920
2967 2920 2968
2968 2920 2912
2968 2912 2969
2885 2969 2912
2885 2970 2969
2801 2970 2885
2801 2971 2970
2970 2971 2972
2970 2972 2969
2973 2969 2972
2973 2968 2969
2974 2968 2973
2974 2967 2968
2975 2967 2974
2975 2964 2967
2964 2975 2976
2964 2976 2977
2965 2964 2977
2976 2777 2977
2777 2965 2977
2777 2978 2965
2777 2775 2978
2965 2978 2966
2780 2978 2775
2780 2966 2978
2780 2960 2966
2780 2979 2960
2776 2979 2780
2979 2950 2960
2979 2776 2781
2979 2980 2950
2979 2781 2980
2950 2980 2957
2980 2781 2981
2980 2981 2957
2735 2981 2781
2963 2957 2981
2665 2981 2735
2665 2963 2981
2665 2982 2963
2665 2669 2982
2963 2982 2961
2669 2983 2982
2669 2668 2983
2984 2961 2982
2984 2982 2983
2962 2961 2984
2985 2984 2983
2985 2962 2984
2986 2983 2668
2985 2983 2986
2986 2668 2987
2668 2670 2987
2985 2988 2962
2986 2989 2985
2989 2988 2985
2987 2990 2986
2986 2990 2989
2670 2991 2987
2987 2991 2990
2962 2988 2992
2962 2992 2954
2670 2993 2991
2654 2993 2670
2954 2992 2994
2954 2994 2938
2654 2995 2993
2654 2655 2995
2655 2996 2995
2996 2993 2995
2655 2997 2996
2638 2997 2655
2638 2998 2997
2634 2998 2638
2999 2996 2997
2998 2999 2997
2634 3000 2998
2634 2635 3000
3000 2635 3001
3002 3001 2635
2998 3000 3003
3000 3001 3003
3002 3004 3001
3005 3004 3002
2998 3006 2999
2998 3003 3006
3007 3001 3004
3007 3003 3001
3005 3008 3004
3008 3005 3009
3003 3010 3006
3006 3011 2999
3006 3010 3011
3007 3012 3003
3003 3012 3010
3013 3012 3007
3013 3014 3012
3010 3012 3014
3010 3014 3015
3016 3010 3015
3016 3011 3010
3016 3017 3011
3007 3018 3013
3019 3011 3017
3007 3020 3018
3007 3004 3020
3021 3018 3020
3019 3022 3011
3023 3022 3019
2999 3011 3022
3024 3020 3004
3021 3020 3024
3024 3025 3021
3024 3004 3008
3024 3026 3025
3008 3026 3024
3026 3027 3025
3023 3028 3022
3029 3028 3023
2999 3022 3030
3030 3022 3028
2999 3030 2996
3030 3031 2996
2996 3031 2993
3030 3032 3031
3030 3028 3032
2993 3031 3033
3032 3033 3031
2993 3033 2991
3029 3034 3028
3035 3034 3029
3036 3032 3028
3036 3028 3034
3032 3036 3033
3035 3037 3034
3036 3034 3037
3038 3037 3035
2991 3033 3039
2991 3039 2990
3033 3036 3040
3036 3037 3040
3033 3040 3039
3041 3037 3038
3041 3040 3037
3041 3038 3042
2990 3039 3043
2990 3043 2989
3044 3039 3040
3041 3044 3040
3044 3043 3039
3042 3045 3041
3044 3041 3045
3042 3046 3045
3047 3043 3044
3044 3045 3047
2989 3043 3048
3047 3048 3043
3046 3049 3045
3049 3046 3050
3045 3051 3047
3045 3049 3051
3052 3051 3049
3049 3050 3052
3052 3053 3051
3054 3053 3052
3050 3055 3052
3054 3052 3055
3050 3056 3055
3055 3057 3054
3056 3058 3055
3055 3059 3057
3056 3060 3058
3057 3059 3061
3060 3062 3058
3057 3061 3063
3060 3064 3062
3063 3061 3065
3064 3066 3062
3063 3065 3067
3064 3068 3066
3069 3067 3065
3069 3066 3068
3069 3070 3067
3069 3068 3071
3072 3069 3071
3070 3069 3072
3072 3071 3073
3074 3072 3073
3074 3073 3075
3074 3075 3076
3070 3072 3077
3077 3072 3074
3077 3074 3078
3074 3076 3079
3078 3074 3079
3070 3077 3080
3080 3077 3078
3076 3081 3079
3076 3082 3081
3083 3082 3076
3079 3081 3084
3078 3079 3085
3079 3084 3085
3086 3081 3082
3086 3084 3081
3082 3087 3086
3088 3087 3082
3083 3088 3082
3089 3087 3088
3088 3090 3089
3083 3091 3088
3088 3091 3090
3083 3092 3091
3090 3091 3093
3092 3094 3091
3091 3094 3093
3093 3094 3095
3092 3096 3094
3027 3094 3096
3027 3026 3094
3026 3095 3094
3093 3095 3097
3097 3098 3093
3026 3099 3095
3008 3099 3026
3008 3009 3099
3095 3099 3009
3095 3009 3100
2121 3095 3100
2121 3097 3095
3101 3098 3097
3102 3098 3101
3101 3103 3102
3097 2121 3104
3097 3104 3101
2120 3104 2121
3101 3105 3103
3104 3105 3101
3103 3105 3086
3105 3084 3086
2120 3106 3104
3104 3106 3105
3105 3107 3084
3107 3105 3106
3085 3084 3107
3108 3085 3107
3107 3106 3108
2120 3109 3106
2128 3109 2120
3106 3109 3110
3106 3110 3108
3108 3111 3085
3111 3078 3085
3108 3112 3111
3112 3108 3110
3111 3113 3078
3113 3111 3112
3080 3078 3113
3109 3114 3110
3109 2128 3114
3112 3110 3115
3114 3115 3110
3113 3112 3116
3080 3113 3116
3116 3112 3115
2128 3117 3114
3114 3118 3115
3118 3114 3117
2128 3119 3117
2106 3119 2128
2106 2103 3119
3119 2103 3120
3119 3120 3117
2103 2104 3120
2104 3121 3120
3117 3120 3121
2104 3122 3121
3121 3122 3123
3118 3117 3124
3121 3124 3117
3121 3123 3125
3126 3125 3123
3125 3126 3127
3128 3121 3125
3125 3127 3128
3129 3124 3121
3128 3129 3121
3124 3129 3130
3130 3129 3128
3131 3128 3127
3130 3128 3131
3131 3127 3132
3132 3133 3131
3130 3131 3133
3132 3134 3133
3135 3133 3134
3136 3118 3124
3124 3130 3136
3135 3137 3133
3138 3137 3135
3136 3139 3118
3139 3115 3118
3130 3133 3140
3137 3140 3133
3141 3136 3130
3141 3130 3140
3139 3136 3141
3139 3142 3115
3116 3115 3142
3137 3143 3140
3141 3140 3143
3139 3141 3144
3142 3139 3144
3145 3116 3142
3080 3116 3145
3141 3143 3146
3146 3144 3141
3147 3146 3143
3148 3143 3137
3147 3143 3148
3142 3144 3149
3145 3142 3149
3146 3150 3144
3147 3150 3146
3150 3149 3144
3145 3151 3080
3070 3080 3151
3148 3137 3152
3138 3152 3137
3149 3153 3145
3145 3153 3151
3070 3151 3154
3153 3154 3151
3155 3148 3152
3155 3147 3148
3138 3156 3152
3155 3152 3156
3138 3157 3156
2934 3156 3157
2934 3158 3156
3158 3155 3156
2934 2932 3158
2932 3159 3158
3158 3159 3155
2932 2935 3159
3159 3160 3155
3155 3160 3147
3161 3159 2935
3159 3161 3160
3161 2935 2939
3162 3147 3160
3161 3162 3160
3163 3161 2939
3161 3163 3162
3162 3164 3147
3147 3164 3150
3165 3164 3162
3163 3165 3162
3163 2939 3166
3166 2939 2937
3166 2937 2938
3150 3164 3167
3165 3167 3164
3168 3163 3166
3163 3168 3165
2938 3169 3166
3168 3166 3169
2938 2994 3169
3170 3165 3168
3170 3168 3169
2994 3171 3169
3170 3169 3171
3170 3172 3165
3172 3167 3165
3150 3167 3173
3150 3173 3149
3149 3173 3153
3173 3167 3174
3173 3174 3153
3172 3174 3167
3153 3174 3154
3175 3172 3170
3175 3170 3171
3176 3174 3172
3176 3154 3174
3175 3176 3172
3154 3176 3177
3177 3176 3175
2994 3178 3171
2992 3178 2994
3175 3171 3179
3179 3171 3178
2992 3180 3178
2988 3180 2992
3154 3177 3181
3070 3154 3181
3070 3181 3182
3177 3182 3181
3177 3183 3182
3184 3183 3177
3177 3175 3185
3184 3177 3185
3185 3175 3179
3186 3184 3185
3186 3185 3187
3185 3179 3187
3188 3186 3187
3187 3179 3189
3179 3178 3189
3189 3178 3180
3188 3187 3190
3187 3189 3190
3189 3180 3191
3191 3190 3189
3192 3188 3190
3191 3192 3190
3192 3193 3188
3193 3192 3047
3192 3048 3047
3192 3191 3048
3191 3180 3194
3191 3194 3048
2988 3194 3180
2989 3048 3194
2989 3194 2988
3195 3196 3197
3195 3198 3196
3198 3199 3196
3198 3200 3199
3201 3199 3200
3201 3200 3202
3203 3201 3202
3203 3202 3204
3205 3203 3204
3205 3204 3206
3207 3205 3206
3207 3206 3208
3207 3208 3209
3207 3209 3210
3211 3210 3209
3211 3212 3210
3211 3213 3212
3211 3214 3213
3215 3213 3214
3215 3216 3213
3217 3216 3215
3218 3217 3215
3215 3219 3218
3215 3220 3219
3221 3219 3220
3221 3220 3222
3223 3221 3222
3223 3224 3221
3225 3224 3223
3225 3226 3224
3226 3225 3227
3226 3227 3228
3229 3228 3227
3229 3230 3228
3230 3229 3231
3230 3231 3232
3231 3233 3232
3231 3234 3233
3233 3234 3235
3233 3235 3236
3235 3237 3236
3235 3238 3237
3239 3240 3241
3239 3241 3242
3243 3239 3242
3244 3242 3241
3242 3245 3243
3245 3242 3244
3244 3241 3246
3246 3241 3247
3245 3248 3243
3245 3249 3248
3243 3248 3250
3249 3245 3251
3245 3244 3251
3249 3251 3252
3253 3252 3251
3253 3251 3254
3244 3254 3251
3244 3255 3254
3255 3244 3246
3255 3246 3256
3257 3256 3246
3246 3247 3257
3257 3258 3256
3243 3250 3259
3260 3243 3259
3261 3258 3257
3261 3262 3258
3257 3263 3261
3247 3263 3257
3259 3250 3264
3265 3264 3250
3264 3265 3266
3261 3263 3267
3261 3267 3268
3268 3267 3269
3268 3269 3270
3271 3269 3267
3263 3271 3267
3271 3272 3269
3247 3273 3263
3263 3273 3271
3247 3274 3273
3271 3273 3274
3247 3260 3274
3264 3266 3275
3275 3266 3276
3272 3271 3277
3271 3274 3277
3260 3278 3274
3260 3259 3278
3259 3264 3279
3279 3278 3259
3264 3275 3280
3279 3264 3280
3275 3276 3281
3280 3275 3281
3282 3277 3274
3282 3274 3278
3276 3283 3281
3276 3284 3283
3285 3281 3283
3285 3286 3281
3280 3281 3286
3286 3285 3287
3288 3280 3286
3279 3280 3288
3286 3287 3289
3288 3286 3289
3290 3279 3288
3290 3288 3289
3287 3291 3289
3290 3289 3291
3292 3290 3291
3287 3293 3291
3279 3294 3278
3294 3279 3290
3292 3295 3290
3294 3290 3295
3296 3278 3294
3296 3282 3278
3297 3294 3295
3297 3295 3292
3297 3296 3294
3298 3292 3291
3298 3291 3299
3291 3300 3299
3301 3293 3300
3298 3302 3292
3302 3303 3292
3303 3304 3292
3297 3292 3304
3303 3305 3304
3306 3296 3297
3306 3297 3304
3305 3307 3304
3306 3304 3307
3308 3307 3305
3308 3309 3307
3272 3307 3309
3272 3306 3307
3306 3310 3296
3296 3310 3282
3311 3306 3272
3311 3310 3306
3310 3311 3282
3272 3277 3311
3311 3277 3282
3308 3270 3312
3313 3314 3315
3313 3315 3316
3317 3313 3316
3317 3316 3318
3319 3317 3318
3319 3318 3320
3321 3319 3320
3321 3320 3322
3322 3323 3321
3322 3324 3323
3325 3323 3324
3325 3324 3326
3326 3327 3325
3326 3328 3327
3328 3329 3327
3328 3330 3329
3329 3330 3331
3329 3331 3332
3333 3332 3331
3333 3334 3332
3334 3333 3335
3335 3333 3336
3333 3337 3336
3333 3338 3337
3339 3337 3338
3339 3340 3337
3339 3341 3340
3339 3342 3341
3343 3341 3342
3343 3342 3344
3343 3344 3345
3343 3345 3346
3346 3345 3347
3346 3347 3348
3348 3347 3349
3348 3349 3350
3349 3351 3350
3349 3352 3351
3353 3351 3352
3353 3352 3354
3355 3353 3354
3355 3356 3353
3357 3358 3359
3360 3359 3361
3360 3361 3362
3363 3360 3362
3361 3364 3362
3361 3365 3364
3363 3362 3366
3363 3366 3367
3362 3368 3366
3362 3364 3368
3368 3367 3366
3367 3369 3363
3369 3370 3363
3371 3369 3367
3371 3367 3372
3373 3371 3372
3373 3372 3374
3375 3373 3374
3367 3376 3372
3376 3374 3372
3368 3377 3367
3367 3377 3376
3364 3378 3368
3377 3368 3378
3375 3374 3379
3380 3375 3379
3380 3379 3381
3376 3377 3382
3377 3378 3382
3376 3383 3374
3383 3379 3374
3383 3376 3384
3385 3383 3384
3386 3381 3379
3383 3386 3379
3383 3385 3386
3386 3387 3381
3385 3387 3386
3385 3388 3387
3385 3389 3388
3382 3390 3385
3385 3390 3389
3382 3378 3391
3382 3391 3390
3390 3392 3389
3393 3389 3392
3394 3390 3391
3390 3394 3392
3395 3393 3392
3395 3396 3393
3397 3396 3395
3392 3398 3395
3397 3395 3399
3399 3395 3398
3400 3398 3392
3400 3392 3394
3401 3397 3399
3401 3402 3397
3403 3401 3399
3399 3398 3404
3403 3399 3404
3404 3398 3400
3405 3403 3404
3404 3400 3405
3405 3406 3403
3407 3400 3394
3405 3400 3407
3408 3406 3405
3405 3407 3408
3408 3409 3406
3410 3407 3394
3394 3391 3410
3408 3407 3411
3410 3411 3407
3412 3410 3391
3413 3411 3410
3413 3410 3412
3412 3391 3414
3414 3391 3378
3414 3378 3415
3364 3415 3378
3365 3415 3364
3416 3414 3415
3365 3416 3415
3412 3414 3417
3417 3414 3416
3418 3412 3417
3416 3418 3417
3418 3413 3412
3416 3365 3418
3411 3413 3419
3419 3413 3418
3420 3418 3365
3419 3418 3420
3420 3365 3421
3357 3420 3421
3357 3422 3420
3422 3419 3420
3423 3419 3422
3411 3419 3424
3423 3424 3419
3425 3424 3423
3408 3411 3426
3427 3426 3425
3427 3408 3426
3427 3428 3408
3429 3428 3430
3429 3430 3409
