byte offset: 0
first index: 0
index count: 2754
topology: trianglelist
format: DXGI_FORMAT_R16_UINT

0 1 2
0 3 1
4 3 0
5 1 3
4 6 3
5 3 7
6 7 3
8 5 7
8 9 5
8 10 9
4 11 6
12 11 4
12 13 11
11 13 14
6 15 7
15 8 7
8 16 10
17 10 16
15 18 8
18 16 8
6 11 19
11 14 20
11 20 19
21 20 14
21 14 22
21 22 23
20 21 24
20 24 19
21 23 25
24 21 25
26 25 23
26 27 25
6 19 28
15 6 28
19 24 29
19 29 28
24 25 30
27 30 25
29 24 30
31 30 27
29 30 31
29 31 32
31 27 33
32 31 33
34 28 29
29 32 34
15 28 35
34 35 28
15 35 36
36 35 34
15 36 18
32 33 37
38 37 33
38 39 37
39 38 40
36 34 41
32 41 34
42 18 36
18 42 16
16 42 43
42 36 44
44 36 41
43 42 44
32 37 45
45 37 39
32 46 41
32 45 46
46 45 47
44 41 48
48 41 46
45 39 49
47 45 49
16 43 50
17 16 50
51 17 50
52 17 51
51 53 52
51 54 53
51 50 55
54 51 55
55 50 43
54 55 56
55 57 56
55 58 57
55 43 58
59 57 58
59 58 60
43 60 58
60 61 59
43 62 60
43 44 62
62 44 48
60 63 61
64 61 63
60 62 65
62 48 65
60 65 63
48 66 65
63 65 66
64 63 67
63 66 67
68 64 67
68 69 64
48 70 66
48 46 70
46 47 70
47 66 70
67 66 71
67 71 68
47 71 66
72 69 68
72 73 69
74 73 72
75 68 71
47 75 71
75 72 68
47 76 75
47 49 76
77 72 75
76 77 75
74 72 78
77 78 72
79 74 78
77 79 78
79 80 74
80 79 81
80 81 82
83 82 81
83 81 84
81 85 84
81 86 85
79 86 81
87 85 86
77 88 79
79 88 86
87 86 89
88 89 86
90 87 89
91 88 77
76 91 77
88 92 89
91 92 88
90 89 93
93 89 92
94 91 76
94 76 49
91 95 92
93 92 95
91 94 95
96 90 93
96 93 95
96 97 90
98 94 49
98 49 39
39 40 98
99 95 94
99 94 98
40 99 98
96 95 99
40 100 99
100 96 99
100 101 96
97 96 101
97 101 102
103 104 105
106 104 103
107 104 106
108 107 106
108 109 107
108 110 109
103 111 106
108 106 111
103 112 111
111 112 113
111 113 114
114 113 115
108 116 110
110 116 117
108 111 118
114 118 111
108 119 116
108 118 119
116 120 117
120 116 119
120 121 117
120 122 121
122 123 121
114 115 124
114 124 125
126 124 115
126 127 124
125 124 127
127 126 128
127 128 129
130 127 129
125 127 130
130 129 131
120 119 132
122 120 132
123 122 133
123 133 134
125 130 135
131 135 130
136 134 133
136 137 134
138 137 136
119 139 132
122 132 140
139 140 132
122 141 133
140 141 122
142 136 133
142 133 141
119 143 139
143 119 118
143 118 144
114 144 118
114 125 144
143 144 125
143 125 145
125 135 145
143 146 139
143 145 146
139 147 140
146 147 139
148 145 135
148 146 145
140 149 141
140 147 150
140 150 149
141 149 151
141 151 142
149 152 151
149 150 152
142 151 153
153 151 152
142 153 154
136 142 154
136 154 155
138 136 155
138 155 156
138 156 157
158 155 154
158 156 155
157 156 159
160 157 159
156 161 159
156 158 161
162 158 154
161 158 162
162 154 153
161 162 163
164 163 162
165 162 153
164 162 165
165 153 166
153 152 166
164 165 167
164 167 168
169 166 152
169 152 150
170 165 166
170 167 165
169 170 166
168 167 171
170 171 167
168 171 172
171 173 172
169 150 174
147 174 150
175 170 169
174 175 169
171 176 173
176 177 173
170 178 171
175 178 170
178 176 171
179 178 175
147 180 174
146 180 147
174 181 175
180 181 174
179 175 181
182 180 146
180 182 181
182 146 148
178 183 176
179 183 178
176 184 177
184 176 183
185 181 182
179 181 185
148 186 182
185 182 186
187 185 186
148 188 186
187 186 188
135 188 148
177 184 189
177 189 190
184 183 191
179 191 183
189 184 191
192 179 185
187 192 185
135 193 188
131 193 135
194 190 189
194 195 190
179 196 191
192 196 179
189 191 197
194 189 197
198 191 196
198 196 192
198 197 191
187 188 199
199 188 193
200 193 131
200 131 201
199 193 202
200 202 193
201 203 200
201 204 203
205 199 202
205 187 199
200 206 202
200 203 206
205 202 206
187 207 192
198 192 207
204 208 203
204 209 208
203 210 206
203 208 210
210 205 206
211 208 209
211 210 208
211 209 212
213 211 212
213 214 211
205 215 187
187 215 207
216 210 211
214 216 211
210 217 205
215 205 217
216 217 210
214 218 216
214 219 218
219 220 218
219 221 220
222 218 220
216 218 223
222 223 218
224 217 216
216 223 224
225 223 222
224 223 225
225 222 226
225 226 227
215 217 228
224 228 217
229 215 228
224 229 228
229 207 215
225 227 230
231 230 227
224 225 232
224 232 229
232 225 230
233 207 229
233 198 207
234 229 232
232 230 234
234 233 229
230 235 234
235 233 234
236 198 233
235 236 233
236 197 198
194 197 236
235 194 236
231 237 230
230 237 235
235 238 194
195 194 238
195 238 239
240 238 235
240 239 238
240 235 237
240 241 239
242 241 240
243 237 231
243 240 237
242 240 243
244 243 231
243 245 242
243 244 245
246 247 248
246 249 247
249 250 247
249 251 250
251 252 250
251 253 252
253 254 252
253 255 254
256 257 258
256 258 259
260 256 259
260 259 261
262 263 264
262 265 263
265 266 263
265 267 266
268 269 270
268 270 271
272 273 274
272 275 273
275 276 273
275 277 276
277 278 276
277 279 278
279 280 278
279 281 280
281 282 280
281 283 282
283 284 282
283 285 284
285 286 284
285 287 286
288 289 290
291 288 290
291 290 292
293 294 295
293 295 296
296 295 297
296 297 298
298 297 299
298 299 300
300 299 301
300 301 302
303 304 305
303 306 304
307 306 303
307 308 306
309 310 311
309 311 312
312 311 313
312 313 314
315 316 317
315 317 318
319 320 321
319 321 322
322 321 323
322 323 324
324 323 325
324 325 326
326 325 327
326 327 328
328 327 329
328 329 330
330 329 331
330 331 332
332 331 333
332 333 334
335 336 337
338 336 335
338 339 336
340 341 342
340 342 343
344 345 346
344 346 347
344 347 348
344 348 349
350 349 348
346 351 347
346 352 351
347 353 348
347 351 353
350 348 354
354 348 353
352 355 351
352 356 355
357 350 354
357 358 350
359 357 354
359 354 360
354 353 360
361 359 360
351 362 353
360 353 362
351 355 362
361 360 363
360 362 363
364 361 363
356 365 355
356 366 365
366 367 365
355 368 362
363 362 368
355 365 368
364 363 369
363 368 369
370 364 369
365 371 368
365 367 371
369 368 371
370 369 372
369 371 372
373 370 372
373 372 371
367 374 371
373 371 374
374 375 373
367 376 374
375 374 376
375 377 373
375 376 378
375 379 377
380 375 378
375 381 379
380 381 375
382 383 384
382 384 385
386 382 385
386 387 382
387 386 388
387 388 389
388 390 389
391 385 384
392 386 385
392 385 391
386 393 388
386 392 393
391 384 394
395 394 384
395 396 394
397 391 394
397 398 391
398 392 391
398 399 392
399 393 392
399 400 393
393 400 401
393 401 402
388 393 402
401 403 402
401 404 403
388 402 405
405 402 403
388 405 406
388 406 390
406 405 407
405 403 407
390 406 408
406 407 408
390 408 409
404 410 403
404 411 410
412 410 411
412 411 413
412 413 414
415 407 403
415 403 410
408 407 415
415 410 412
409 408 416
408 415 416
409 416 417
416 415 418
418 415 412
417 416 419
416 418 419
420 417 419
412 414 421
421 414 422
423 420 419
423 424 420
423 425 424
426 412 421
418 412 426
421 422 427
426 421 427
427 422 428
427 428 429
426 427 429
429 428 430
418 431 419
423 419 431
423 432 425
425 432 433
434 433 432
435 432 423
434 432 435
435 423 431
436 418 426
418 436 431
434 435 437
438 434 437
431 439 435
431 436 439
435 439 437
436 426 440
439 436 440
440 426 429
440 429 441
442 440 441
439 440 442
437 439 442
438 437 443
437 442 443
443 442 441
438 443 444
445 444 443
445 443 446
443 441 446
445 446 447
446 448 447
441 448 446
447 448 449
448 450 449
441 429 451
429 430 451
452 451 430
448 441 453
448 453 450
441 454 453
441 451 454
454 450 453
452 455 451
455 454 451
456 455 452
455 457 454
454 457 450
456 458 455
458 457 455
458 450 457
459 458 456
449 450 460
461 449 460
462 461 460
462 463 461
464 463 462
458 465 450
465 460 450
459 465 458
462 460 465
459 466 465
466 462 465
466 459 467
462 466 468
466 467 468
467 469 468
462 468 470
464 462 470
469 470 468
471 464 470
469 471 470
471 472 464
472 471 473
471 474 473
471 469 474
467 475 469
469 475 476
475 467 477
476 475 477
476 477 478
476 478 479
480 473 474
480 481 473
469 482 474
469 476 482
483 474 482
476 483 482
483 480 474
476 479 484
476 484 483
485 481 480
485 486 481
487 480 483
484 487 483
487 485 480
488 486 485
488 489 486
490 488 485
490 485 487
491 490 487
484 491 487
491 492 490
493 492 491
494 484 479
494 491 484
479 495 494
493 491 496
494 496 491
495 496 494
497 493 496
495 498 496
498 497 496
499 500 501
499 501 502
499 502 503
502 504 503
502 505 504
504 505 506
504 506 507
508 507 506
508 506 509
508 509 510
510 509 511
509 512 511
506 513 509
509 513 512
506 514 513
506 515 514
515 516 514
512 513 517
513 514 518
513 518 517
514 516 519
514 519 518
512 517 520
520 521 512
522 521 520
522 523 521
522 524 523
520 517 525
520 525 522
522 526 524
526 522 525
526 527 524
528 527 526
528 526 529
526 525 529
530 528 529
517 531 525
517 518 531
529 525 531
530 529 532
529 531 532
533 530 532
518 534 531
532 531 534
518 519 534
533 532 535
532 534 535
536 533 535
536 537 533
538 536 535
538 535 534
519 538 534
519 539 538
516 539 519
516 540 539
540 541 539
542 543 544
542 545 543
542 546 545
547 548 542
547 549 548
550 551 552
553 550 552
554 550 553
555 554 553
556 557 558
559 556 558
560 556 559
561 560 559
562 563 564
562 565 563
566 565 562
566 567 565
568 569 570
568 571 569
569 571 572
569 572 573
573 572 574
573 574 575
576 577 578
579 576 578
579 580 576
579 581 580
582 583 584
582 584 585
586 582 585
586 585 587
588 589 590
588 590 591
592 588 591
592 591 593
591 594 593
591 595 594
590 595 591
590 596 595
597 598 599
597 600 598
601 600 597
600 602 598
601 603 600
600 604 602
603 604 600
603 605 604
606 607 608
606 608 609
610 606 609
609 608 611
610 609 612
609 611 613
612 609 613
612 613 614
615 616 617
615 617 618
618 617 619
618 619 620
620 619 621
620 621 622
622 621 623
624 622 623
621 625 623
626 624 623
623 625 627
626 623 628
623 627 628
629 626 628
628 627 630
629 628 631
628 630 631
632 633 634
632 635 633
632 636 635
632 637 636
638 639 640
638 641 639
641 642 639
641 643 642
644 645 646
647 644 646
647 646 648
647 648 649
650 651 652
650 652 653
654 650 653
654 653 655
653 656 655
653 657 656
652 657 653
652 658 657
659 660 661
659 661 662
663 659 662
662 661 664
663 662 665
662 664 666
665 662 666
665 666 667
668 669 670
668 670 671
672 668 671
671 670 673
672 671 674
671 673 675
674 671 675
674 675 676
677 678 679
677 680 678
678 680 681
680 682 681
683 681 682
684 683 682
685 686 687
685 687 688
689 685 688
687 690 688
687 691 690
688 690 692
689 688 693
688 692 693
694 689 693
693 692 695
694 693 696
693 695 696
697 698 699
697 699 700
701 697 700
701 700 702
701 702 703
701 703 704
704 703 705
704 705 706
706 705 707
708 706 707
709 710 711
712 709 711
709 713 710
714 709 712
715 713 709
714 715 709
715 716 713
717 716 715
718 715 714
718 717 715
719 718 714
720 718 719
721 717 718
720 721 718
721 722 717
723 722 721
723 721 720
723 720 724
720 725 724
726 723 724
724 725 727
726 724 728
724 727 728
729 726 728
730 728 727
730 729 728
