byte offset: 0
first index: 48087
index count: 11994
topology: trianglelist
format: DXGI_FORMAT_R16_UINT

9481 9478 11666
9475 9476 11667
11668 11669 11670
11668 11671 11669
11671 11668 11672
11673 11669 11671
11671 11672 11674
11673 11671 11675
11674 11675 11671
11676 11674 11672
11674 11676 11677
11676 11672 11678
11676 11678 11679
11676 11679 11680
11680 11677 11676
11680 11681 11677
11677 11681 11682
11673 11675 11683
11684 11683 11675
11673 11683 11685
11674 11686 11675
11674 11677 11686
11684 11675 11686
11677 11684 11686
11685 11683 11687
11684 11687 11683
11685 11687 11688
11687 11689 11688
11690 11689 11687
11684 11690 11687
11690 11691 11689
11691 11690 11692
11684 11692 11690
11691 11692 11693
11692 11694 11693
11682 11694 11692
11677 11682 11695
11677 11695 11684
11682 11692 11695
11684 11695 11692
11696 11697 11698
11696 11698 11699
11700 11699 11698
11696 11699 11701
11699 11702 11701
11696 11701 11703
11701 11704 11703
11700 11705 11699
11699 11705 11702
11706 11705 11700
11701 11707 11704
11707 11701 11702
11708 11704 11707
11708 11707 11709
11707 11710 11709
11706 11711 11705
11711 11702 11705
11711 11706 11712
11707 11713 11710
11707 11702 11713
11714 11710 11713
11702 11714 11713
11714 11715 11710
11702 11716 11714
11711 11716 11702
11717 11715 11714
11717 11714 11716
11717 11718 11715
11719 11718 11717
11717 11720 11719
11717 11716 11721
11721 11716 11711
11717 11721 11720
11711 11712 11722
11721 11711 11722
11720 11721 11722
11712 11723 11722
11720 11722 11723
11724 11725 11726
11725 11727 11726
11725 11728 11727
11729 11730 11731
11729 11732 11730
11730 11732 11733
11734 11735 11736
11734 11737 11735
11737 11734 11738
11739 11735 11737
11737 11738 11740
11739 11737 11741
11740 11741 11737
11742 11740 11738
11740 11742 11743
11742 11738 11744
11742 11744 11745
11742 11745 11746
11746 11743 11742
11746 11747 11743
11743 11747 11748
11739 11741 11749
11750 11749 11741
11739 11749 11751
11740 11752 11741
11740 11743 11752
11750 11741 11752
11743 11750 11752
11751 11749 11753
11750 11753 11749
11751 11753 11754
11753 11755 11754
11756 11755 11753
11750 11756 11753
11756 11757 11755
11757 11756 11758
11750 11758 11756
11757 11758 11759
11758 11760 11759
11748 11760 11758
11743 11748 11761
11743 11761 11750
11748 11758 11761
11750 11761 11758
11762 11763 11764
11762 11764 11765
11766 11765 11764
11762 11765 11767
11765 11768 11767
11762 11767 11769
11767 11770 11769
11766 11771 11765
11765 11771 11768
11772 11771 11766
11767 11773 11770
11773 11767 11768
11774 11770 11773
11774 11773 11775
11773 11776 11775
11772 11777 11771
11777 11768 11771
11777 11772 11778
11773 11779 11776
11773 11768 11779
11780 11776 11779
11768 11780 11779
11780 11781 11776
11768 11782 11780
11777 11782 11768
11783 11781 11780
11783 11780 11782
11783 11784 11781
11785 11784 11783
11783 11786 11785
11783 11782 11787
11787 11782 11777
11783 11787 11786
11777 11778 11788
11787 11777 11788
11786 11787 11788
11778 11789 11788
11786 11788 11789
11790 11791 11792
11791 11793 11792
11791 11794 11793
11795 11796 11797
11795 11798 11796
11796 11798 11799
11800 11801 11802
11800 11803 11801
11803 11800 11804
11805 11801 11803
11803 11804 11806
11805 11803 11807
11806 11807 11803
11808 11806 11804
11806 11808 11809
11808 11804 11810
11808 11810 11811
11808 11811 11812
11812 11809 11808
11812 11813 11809
11809 11813 11814
11805 11807 11815
11816 11815 11807
11805 11815 11817
11806 11818 11807
11806 11809 11818
11816 11807 11818
11809 11816 11818
11817 11815 11819
11816 11819 11815
11817 11819 11820
11819 11821 11820
11822 11821 11819
11816 11822 11819
11822 11823 11821
11823 11822 11824
11816 11824 11822
11823 11824 11825
11824 11826 11825
11814 11826 11824
11809 11814 11827
11809 11827 11816
11814 11824 11827
11816 11827 11824
11828 11829 11830
11828 11830 11831
11832 11831 11830
11828 11831 11833
11831 11834 11833
11828 11833 11835
11833 11836 11835
11832 11837 11831
11831 11837 11834
11838 11837 11832
11833 11839 11836
11839 11833 11834
11840 11836 11839
11840 11839 11841
11839 11842 11841
11838 11843 11837
11843 11834 11837
11843 11838 11844
11839 11845 11842
11839 11834 11845
11846 11842 11845
11834 11846 11845
11846 11847 11842
11834 11848 11846
11843 11848 11834
11849 11847 11846
11849 11846 11848
11849 11850 11847
11851 11850 11849
11849 11852 11851
11849 11848 11853
11853 11848 11843
11849 11853 11852
11843 11844 11854
11853 11843 11854
11852 11853 11854
11844 11855 11854
11852 11854 11855
11856 11857 11858
11857 11859 11858
11857 11860 11859
11861 11862 11863
11861 11864 11862
11862 11864 11865
11866 11867 11868
11866 11869 11867
11869 11866 11870
11871 11867 11869
11869 11870 11872
11871 11869 11873
11872 11873 11869
11874 11872 11870
11872 11874 11875
11874 11870 11876
11874 11876 11877
11874 11877 11878
11878 11875 11874
11878 11879 11875
11875 11879 11880
11871 11873 11881
11882 11881 11873
11871 11881 11883
11872 11884 11873
11872 11875 11884
11882 11873 11884
11875 11882 11884
11883 11881 11885
11882 11885 11881
11883 11885 11886
11885 11887 11886
11888 11887 11885
11882 11888 11885
11888 11889 11887
11889 11888 11890
11882 11890 11888
11889 11890 11891
11890 11892 11891
11880 11892 11890
11875 11880 11893
11875 11893 11882
11880 11890 11893
11882 11893 11890
11894 11895 11896
11894 11896 11897
11898 11897 11896
11894 11897 11899
11897 11900 11899
11894 11899 11901
11899 11902 11901
11898 11903 11897
11897 11903 11900
11904 11903 11898
11899 11905 11902
11905 11899 11900
11906 11902 11905
11906 11905 11907
11905 11908 11907
11904 11909 11903
11909 11900 11903
11909 11904 11910
11905 11911 11908
11905 11900 11911
11912 11908 11911
11900 11912 11911
11912 11913 11908
11900 11914 11912
11909 11914 11900
11915 11913 11912
11915 11912 11914
11915 11916 11913
11917 11916 11915
11915 11918 11917
11915 11914 11919
11919 11914 11909
11915 11919 11918
11909 11910 11920
11919 11909 11920
11918 11919 11920
11910 11921 11920
11918 11920 11921
11922 11923 11924
11923 11925 11924
11923 11926 11925
11927 11928 11929
11927 11930 11928
11928 11930 11931
11932 11933 11934
11932 11935 11933
11935 11932 11936
11937 11933 11935
11935 11936 11938
11937 11935 11939
11938 11939 11935
11940 11938 11936
11938 11940 11941
11940 11936 11942
11940 11942 11943
11940 11943 11944
11944 11941 11940
11944 11945 11941
11941 11945 11946
11937 11939 11947
11948 11947 11939
11937 11947 11949
11938 11950 11939
11938 11941 11950
11948 11939 11950
11941 11948 11950
11949 11947 11951
11948 11951 11947
11949 11951 11952
11951 11953 11952
11954 11953 11951
11948 11954 11951
11954 11955 11953
11955 11954 11956
11948 11956 11954
11955 11956 11957
11956 11958 11957
11946 11958 11956
11941 11946 11959
11941 11959 11948
11946 11956 11959
11948 11959 11956
11960 11961 11962
11960 11962 11963
11964 11963 11962
11960 11963 11965
11963 11966 11965
11960 11965 11967
11965 11968 11967
11964 11969 11963
11963 11969 11966
11970 11969 11964
11965 11971 11968
11971 11965 11966
11972 11968 11971
11972 11971 11973
11971 11974 11973
11970 11975 11969
11975 11966 11969
11975 11970 11976
11971 11977 11974
11971 11966 11977
11978 11974 11977
11966 11978 11977
11978 11979 11974
11966 11980 11978
11975 11980 11966
11981 11979 11978
11981 11978 11980
11981 11982 11979
11983 11982 11981
11981 11984 11983
11981 11980 11985
11985 11980 11975
11981 11985 11984
11975 11976 11986
11985 11975 11986
11984 11985 11986
11976 11987 11986
11984 11986 11987
11988 11989 11990
11989 11991 11990
11989 11992 11991
11993 11994 11995
11993 11996 11994
11994 11996 11997
11998 11999 12000
11998 12001 11999
12001 11998 12002
12003 11999 12001
12001 12002 12004
12003 12001 12005
12004 12005 12001
12006 12004 12002
12004 12006 12007
12006 12002 12008
12006 12008 12009
12006 12009 12010
12010 12007 12006
12010 12011 12007
12007 12011 12012
12003 12005 12013
12014 12013 12005
12003 12013 12015
12004 12016 12005
12004 12007 12016
12014 12005 12016
12007 12014 12016
12015 12013 12017
12014 12017 12013
12015 12017 12018
12017 12019 12018
12020 12019 12017
12014 12020 12017
12020 12021 12019
12021 12020 12022
12014 12022 12020
12021 12022 12023
12022 12024 12023
12012 12024 12022
12007 12012 12025
12007 12025 12014
12012 12022 12025
12014 12025 12022
12026 12027 12028
12026 12028 12029
12030 12029 12028
12026 12029 12031
12029 12032 12031
12026 12031 12033
12031 12034 12033
12030 12035 12029
12029 12035 12032
12036 12035 12030
12031 12037 12034
12037 12031 12032
12038 12034 12037
12038 12037 12039
12037 12040 12039
12036 12041 12035
12041 12032 12035
12041 12036 12042
12037 12043 12040
12037 12032 12043
12044 12040 12043
12032 12044 12043
12044 12045 12040
12032 12046 12044
12041 12046 12032
12047 12045 12044
12047 12044 12046
12047 12048 12045
12049 12048 12047
12047 12050 12049
12047 12046 12051
12051 12046 12041
12047 12051 12050
12041 12042 12052
12051 12041 12052
12050 12051 12052
12042 12053 12052
12050 12052 12053
12054 12055 12056
12055 12057 12056
12055 12058 12057
12059 12060 12061
12059 12062 12060
12060 12062 12063
12064 12065 12066
12064 12067 12065
12067 12064 12068
12069 12065 12067
12067 12068 12070
12069 12067 12071
12070 12071 12067
12072 12070 12068
12070 12072 12073
12072 12068 12074
12072 12074 12075
12072 12075 12076
12076 12073 12072
12076 12077 12073
12073 12077 12078
12069 12071 12079
12080 12079 12071
12069 12079 12081
12070 12082 12071
12070 12073 12082
12080 12071 12082
12073 12080 12082
12081 12079 12083
12080 12083 12079
12081 12083 12084
12083 12085 12084
12086 12085 12083
12080 12086 12083
12086 12087 12085
12087 12086 12088
12080 12088 12086
12087 12088 12089
12088 12090 12089
12078 12090 12088
12073 12078 12091
12073 12091 12080
12078 12088 12091
12080 12091 12088
12092 12093 12094
12092 12094 12095
12096 12095 12094
12092 12095 12097
12095 12098 12097
12092 12097 12099
12097 12100 12099
12096 12101 12095
12095 12101 12098
12102 12101 12096
12097 12103 12100
12103 12097 12098
12104 12100 12103
12104 12103 12105
12103 12106 12105
12102 12107 12101
12107 12098 12101
12107 12102 12108
12103 12109 12106
12103 12098 12109
12110 12106 12109
12098 12110 12109
12110 12111 12106
12098 12112 12110
12107 12112 12098
12113 12111 12110
12113 12110 12112
12113 12114 12111
12115 12114 12113
12113 12116 12115
12113 12112 12117
12117 12112 12107
12113 12117 12116
12107 12108 12118
12117 12107 12118
12116 12117 12118
12108 12119 12118
12116 12118 12119
12120 12121 12122
12121 12123 12122
12121 12124 12123
12125 12126 12127
12125 12128 12126
12126 12128 12129
12130 12131 12132
12130 12133 12131
12133 12130 12134
12135 12131 12133
12133 12134 12136
12135 12133 12137
12136 12137 12133
12138 12136 12134
12136 12138 12139
12138 12134 12140
12138 12140 12141
12138 12141 12142
12142 12139 12138
12142 12143 12139
12139 12143 12144
12135 12137 12145
12146 12145 12137
12135 12145 12147
12136 12148 12137
12136 12139 12148
12146 12137 12148
12139 12146 12148
12147 12145 12149
12146 12149 12145
12147 12149 12150
12149 12151 12150
12152 12151 12149
12146 12152 12149
12152 12153 12151
12153 12152 12154
12146 12154 12152
12153 12154 12155
12154 12156 12155
12144 12156 12154
12139 12144 12157
12139 12157 12146
12144 12154 12157
12146 12157 12154
12158 12159 12160
12158 12160 12161
12162 12161 12160
12158 12161 12163
12161 12164 12163
12158 12163 12165
12163 12166 12165
12162 12167 12161
12161 12167 12164
12168 12167 12162
12163 12169 12166
12169 12163 12164
12170 12166 12169
12170 12169 12171
12169 12172 12171
12168 12173 12167
12173 12164 12167
12173 12168 12174
12169 12175 12172
12169 12164 12175
12176 12172 12175
12164 12176 12175
12176 12177 12172
12164 12178 12176
12173 12178 12164
12179 12177 12176
12179 12176 12178
12179 12180 12177
12181 12180 12179
12179 12182 12181
12179 12178 12183
12183 12178 12173
12179 12183 12182
12173 12174 12184
12183 12173 12184
12182 12183 12184
12174 12185 12184
12182 12184 12185
12186 12187 12188
12187 12189 12188
12187 12190 12189
12191 12192 12193
12191 12194 12192
12192 12194 12195
12196 12197 12198
12196 12199 12197
12199 12196 12200
12201 12197 12199
12199 12200 12202
12201 12199 12203
12202 12203 12199
12204 12202 12200
12202 12204 12205
12204 12200 12206
12204 12206 12207
12204 12207 12208
12208 12205 12204
12208 12209 12205
12205 12209 12210
12201 12203 12211
12212 12211 12203
12201 12211 12213
12202 12214 12203
12202 12205 12214
12212 12203 12214
12205 12212 12214
12213 12211 12215
12212 12215 12211
12213 12215 12216
12215 12217 12216
12218 12217 12215
12212 12218 12215
12218 12219 12217
12219 12218 12220
12212 12220 12218
12219 12220 12221
12220 12222 12221
12210 12222 12220
12205 12210 12223
12205 12223 12212
12210 12220 12223
12212 12223 12220
12224 12225 12226
12224 12226 12227
12228 12227 12226
12224 12227 12229
12227 12230 12229
12224 12229 12231
12229 12232 12231
12228 12233 12227
12227 12233 12230
12234 12233 12228
12229 12235 12232
12235 12229 12230
12236 12232 12235
12236 12235 12237
12235 12238 12237
12234 12239 12233
12239 12230 12233
12239 12234 12240
12235 12241 12238
12235 12230 12241
12242 12238 12241
12230 12242 12241
12242 12243 12238
12230 12244 12242
12239 12244 12230
12245 12243 12242
12245 12242 12244
12245 12246 12243
12247 12246 12245
12245 12248 12247
12245 12244 12249
12249 12244 12239
12245 12249 12248
12239 12240 12250
12249 12239 12250
12248 12249 12250
12240 12251 12250
12248 12250 12251
12252 12253 12254
12253 12255 12254
12253 12256 12255
12257 12258 12259
12257 12260 12258
12258 12260 12261
12262 12263 12264
12262 12265 12263
12265 12262 12266
12267 12263 12265
12265 12266 12268
12267 12265 12269
12268 12269 12265
12270 12268 12266
12268 12270 12271
12270 12266 12272
12270 12272 12273
12270 12273 12274
12274 12271 12270
12274 12275 12271
12271 12275 12276
12267 12269 12277
12278 12277 12269
12267 12277 12279
12268 12280 12269
12268 12271 12280
12278 12269 12280
12271 12278 12280
12279 12277 12281
12278 12281 12277
12279 12281 12282
12281 12283 12282
12284 12283 12281
12278 12284 12281
12284 12285 12283
12285 12284 12286
12278 12286 12284
12285 12286 12287
12286 12288 12287
12276 12288 12286
12271 12276 12289
12271 12289 12278
12276 12286 12289
12278 12289 12286
12290 12291 12292
12290 12292 12293
12294 12293 12292
12290 12293 12295
12293 12296 12295
12290 12295 12297
12295 12298 12297
12294 12299 12293
12293 12299 12296
12300 12299 12294
12295 12301 12298
12301 12295 12296
12302 12298 12301
12302 12301 12303
12301 12304 12303
12300 12305 12299
12305 12296 12299
12305 12300 12306
12301 12307 12304
12301 12296 12307
12308 12304 12307
12296 12308 12307
12308 12309 12304
12296 12310 12308
12305 12310 12296
12311 12309 12308
12311 12308 12310
12311 12312 12309
12313 12312 12311
12311 12314 12313
12311 12310 12315
12315 12310 12305
12311 12315 12314
12305 12306 12316
12315 12305 12316
12314 12315 12316
12306 12317 12316
12314 12316 12317
12318 12319 12320
12319 12321 12320
12319 12322 12321
12323 12324 12325
12323 12326 12324
12324 12326 12327
12328 12329 12330
12328 12330 12331
12332 12328 12331
12332 12333 12328
12334 12333 12332
12334 12332 12335
12336 12334 12335
12337 12338 12339
12337 12339 12340
12341 12342 12343
12344 12343 12342
12344 12345 12343
12344 12346 12345
12344 12347 12346
12348 12349 12350
12348 12351 12349
12352 12351 12348
12352 12348 12353
12354 12352 12353
12354 12355 12352
12356 12355 12354
12357 12358 12359
12357 12360 12358
12361 12360 12357
12361 12362 12360
12363 12362 12361
12363 12364 12362
12363 12365 12364
12366 12367 12368
12366 12368 12369
12370 12366 12369
12370 12371 12366
12372 12371 12370
12372 12370 12373
12374 12372 12373
12375 12376 12377
12375 12377 12378
12379 12380 12381
12382 12381 12380
12382 12383 12381
12382 12384 12383
12382 12385 12384
12386 12387 12388
12386 12389 12387
12390 12389 12386
12390 12386 12391
12392 12390 12391
12392 12393 12390
12394 12393 12392
12395 12396 12397
12395 12398 12396
12399 12398 12395
12399 12400 12398
12401 12400 12399
12401 12402 12400
12401 12403 12402
12404 12405 12406
12404 12407 12405
12408 12407 12404
12408 12404 12409
12410 12408 12409
12410 12411 12408
12412 12411 12410
12413 12414 12415
12413 12415 12416
12417 12418 12419
12420 12419 12418
12420 12418 12421
12420 12421 12422
12420 12422 12423
12424 12425 12426
12424 12426 12427
12428 12424 12427
12428 12429 12424
12430 12429 12428
12430 12428 12431
12432 12430 12431
12433 12434 12435
12433 12435 12436
12437 12433 12436
12437 12436 12438
12439 12437 12438
12439 12438 12440
12439 12440 12441
12442 12443 12444
12442 12445 12443
12446 12445 12442
12446 12442 12447
12448 12446 12447
12448 12449 12446
12450 12449 12448
12451 12452 12453
12451 12453 12454
12455 12456 12457
12458 12457 12456
12458 12456 12459
12458 12459 12460
12458 12460 12461
12462 12463 12464
12462 12464 12465
12466 12462 12465
12466 12467 12462
12468 12467 12466
12468 12466 12469
12470 12468 12469
12471 12472 12473
12471 12473 12474
12475 12471 12474
12475 12474 12476
12477 12475 12476
12477 12476 12478
12477 12478 12479
12480 12481 12482
12480 12483 12481
12484 12483 12480
12484 12485 12483
12486 12485 12484
12486 12487 12485
12488 12487 12486
12488 12489 12487
12490 12489 12488
12490 12491 12489
12490 12492 12491
12490 12493 12492
12493 12494 12492
12493 12495 12494
12496 12497 12498
12496 12498 12499
12500 12496 12499
12500 12499 12501
12502 12500 12501
12502 12501 12503
12504 12502 12503
12504 12503 12505
12506 12504 12505
12506 12505 12507
12506 12507 12508
12506 12508 12509
12509 12508 12510
12509 12510 12511
12512 12513 12514
12512 12515 12513
12515 12516 12513
12515 12517 12516
12517 12518 12516
12517 12519 12518
12519 12520 12518
12519 12521 12520
12521 12522 12520
12521 12523 12522
12524 12522 12523
12524 12525 12522
12526 12525 12524
12526 12527 12525
12528 12529 12530
12528 12530 12531
12531 12530 12532
12531 12532 12533
12533 12532 12534
12533 12534 12535
12535 12534 12536
12535 12536 12537
12537 12536 12538
12537 12538 12539
12540 12539 12538
12540 12538 12541
12542 12540 12541
12542 12541 12543
12544 12545 12546
12544 12547 12545
12548 12547 12544
12548 12549 12547
12550 12549 12548
12550 12551 12549
12552 12551 12550
12552 12553 12551
12554 12553 12552
12554 12555 12553
12556 12555 12554
12556 12557 12555
12558 12557 12556
12558 12559 12557
12560 12561 12562
12560 12562 12563
12563 12562 12564
12563 12564 12565
12565 12564 12566
12565 12566 12567
12567 12566 12568
12567 12568 12569
12569 12568 12570
12569 12570 12571
12571 12570 12572
12571 12572 12573
12573 12572 12574
12573 12574 12575
12575 12574 12576
12575 12576 12577
12577 12576 12578
12577 12578 12579
12580 12581 12582
12580 12583 12581
12584 12583 12580
12584 12585 12583
12586 12585 12584
12586 12587 12585
12588 12587 12586
12588 12589 12587
12590 12589 12588
12590 12591 12589
12592 12591 12590
12592 12593 12591
12594 12593 12592
12594 12595 12593
12596 12595 12594
12596 12597 12595
12598 12597 12596
12598 12599 12597
12600 12601 12602
12600 12602 12603
12603 12602 12604
12603 12604 12605
12605 12604 12606
12605 12606 12607
12607 12606 12608
12607 12608 12609
12609 12608 12610
12609 12610 12611
12611 12610 12612
12611 12612 12613
12613 12612 12614
12613 12614 12615
12616 12617 12618
12616 12618 12619
12619 12618 12620
12619 12620 12621
12622 12621 12620
12622 12620 12623
12624 12622 12623
12624 12623 12625
12626 12624 12625
12626 12627 12624
12627 12626 12628
12627 12628 12629
12616 12630 12631
12616 12632 12630
12632 12633 12630
12632 12634 12633
12635 12633 12634
12635 12636 12633
12637 12636 12635
12637 12638 12636
12639 12638 12637
12639 12637 12640
12640 12629 12641
12640 12641 12639
12642 12643 12644
12642 12645 12643
12645 12646 12643
12645 12647 12646
12647 12648 12646
12647 12649 12648
12649 12650 12648
12649 12651 12650
12651 12652 12650
12651 12653 12652
12653 12654 12652
12653 12655 12654
12656 12657 12658
12656 12658 12659
12660 12656 12659
12659 12658 12661
12660 12659 12662
12662 12659 12661
12663 12660 12662
12663 12662 12664
12664 12662 12661
12665 12663 12664
12665 12664 12666
12666 12664 12661
12667 12665 12666
12668 12666 12661
12667 12666 12668
12669 12668 12661
12670 12667 12668
12670 12668 12669
12671 12672 12673
12671 12673 12674
12675 12676 12677
12675 12677 12678
12679 12675 12678
12679 12678 12680
12679 12680 12681
12679 12681 12682
12683 12684 12685
12683 12686 12684
12686 12687 12684
12686 12688 12687
12687 12688 12689
12687 12689 12690
12691 12692 12693
12691 12693 12694
12694 12693 12695
12694 12695 12696
12696 12695 12697
12696 12697 12698
12699 12700 12701
12699 12701 12702
12703 12704 12705
12703 12705 12706
12707 12708 12709
12707 12709 12710
12711 12712 12713
12711 12713 12714
12715 12716 12717
12715 12717 12718
12719 12718 12717
12719 12720 12718
12721 12718 12720
12722 12718 12721
12723 12718 12722
12723 12724 12718
12723 12725 12724
12725 12726 12724
12725 12727 12726
12728 12726 12727
12728 12729 12726
12729 12728 12730
12730 12731 12729
12730 12732 12731
12732 12733 12731
12730 12734 12732
12732 12735 12733
12736 12734 12730
12736 12737 12734
12738 12737 12736
12738 12736 12739
12740 12733 12735
12740 12735 12741
12741 12742 12740
12743 12740 12742
12743 12742 12744
12743 12744 12745
12739 12746 12738
12739 12747 12746
12746 12747 12748
12746 12748 12749
12750 12749 12748
12750 12748 12751
12752 12749 12750
12752 12753 12749
12754 12749 12753
12754 12746 12749
12754 12753 12755
12756 12746 12754
12756 12757 12746
12756 12758 12757
12754 12755 12759
12759 12755 12760
12754 12761 12756
12754 12759 12761
12759 12762 12761
12756 12763 12758
12763 12756 12761
12759 12760 12764
12759 12764 12762
12765 12764 12760
12765 12762 12764
12765 12760 12766
12758 12763 12767
12758 12767 12768
12763 12761 12769
12762 12769 12761
12767 12763 12769
12770 12765 12766
12770 12766 12771
12772 12768 12767
12772 12773 12768
12774 12772 12767
12775 12774 12767
12769 12775 12767
12765 12776 12762
12770 12776 12765
12770 12771 12777
12778 12777 12771
12778 12779 12777
12779 12780 12777
12779 12781 12780
12782 12777 12780
12770 12777 12782
12782 12780 12783
12784 12782 12783
12784 12785 12782
12785 12784 12786
12785 12786 12787
12786 12788 12787
12786 12789 12788
12788 12789 12790
12790 12791 12788
12792 12770 12782
12792 12782 12793
12770 12792 12776
12792 12793 12794
12795 12776 12792
12792 12794 12795
12795 12796 12776
12762 12776 12796
12794 12797 12795
12796 12795 12797
12794 12798 12797
12799 12797 12798
12799 12798 12800
12801 12797 12799
12797 12801 12802
12797 12802 12796
12762 12796 12803
12762 12803 12769
12796 12804 12803
12769 12803 12804
12796 12802 12804
12769 12804 12775
12802 12805 12804
12802 12806 12805
12806 12807 12805
12804 12808 12775
12775 12808 12809
12809 12808 12810
12807 12811 12805
12807 12812 12811
12810 12808 12813
12812 12814 12811
12810 12813 12815
12811 12814 12816
12814 12817 12816
12814 12818 12817
12814 12819 12818
12818 12820 12817
12818 12819 12821
12820 12818 12822
12818 12821 12823
12824 12822 12818
12825 12818 12823
12825 12824 12818
12815 12813 12826
12827 12826 12813
12827 12813 12828
12827 12829 12826
12829 12830 12826
12829 12831 12830
12832 12831 12829
12831 12833 12830
12834 12831 12832
12831 12835 12833
12834 12835 12831
12836 12837 12838
12839 12838 12837
12839 12837 12840
12839 12840 12841
12839 12841 12842
12842 12841 12843
12842 12843 12844
12845 12846 12847
12845 12847 12848
12849 12850 12851
12849 12851 12852
12853 12854 12855
12853 12855 12856
12856 12855 12857
12856 12857 12858
12859 12858 12857
12859 12857 12860
12861 12862 12863
12861 12863 12864
12865 12866 12861
12865 12867 12866
12865 12868 12867
12865 12869 12868
12870 12871 12872
12870 12872 12873
12874 12875 12876
12874 12876 12877
12878 12879 12880
12878 12880 12881
12882 12883 12884
12882 12884 12885
12886 12887 12888
12886 12888 12889
12889 12888 12890
12889 12890 12891
12891 12890 12892
12891 12892 12893
12894 12895 12896
12894 12897 12895
12897 12898 12895
12897 12899 12898
12900 12901 12902
12900 12902 12903
12904 12905 12906
12904 12906 12907
12907 12906 12908
12907 12908 12909
12908 12910 12909
12911 12912 12913
12911 12913 12914
12914 12913 12915
12914 12915 12916
12916 12915 12917
12916 12917 12918
12918 12917 12919
12918 12919 12920
12920 12919 12921
12920 12921 12922
12922 12921 12923
12922 12923 12924
12924 12923 12925
12924 12925 12926
12927 12928 12929
12927 12930 12928
12931 12930 12927
12931 12932 12930
12933 12932 12931
12933 12934 12932
12935 12934 12933
12935 12936 12934
12937 12936 12935
12937 12938 12936
12939 12938 12937
12939 12940 12938
12941 12942 12943
12941 12943 12944
12944 12943 12945
12944 12945 12946
12947 12948 12949
12947 12950 12948
12951 12950 12947
12951 12952 12950
12951 12953 12952
12954 12955 12956
12956 12955 12957
12955 12958 12957
12955 12959 12958
12960 12957 12958
12959 12961 12958
12960 12958 12962
12962 12958 12963
12961 12964 12958
12964 12965 12958
12965 12966 12958
12965 12967 12966
12967 12968 12966
12968 12967 12969
12968 12970 12966
12971 12966 12970
12971 12970 12972
12973 12966 12971
12974 12966 12973
12975 12976 12977
12975 12977 12978
12979 12975 12978
12979 12978 12980
12981 12979 12980
12981 12980 12982
12983 12981 12982
12983 12982 12984
12985 12983 12984
12985 12984 12986
12987 12985 12986
12987 12986 12988
12989 12987 12988
12989 12988 12990
12991 12989 12990
12991 12990 12992
12993 12991 12992
12993 12992 12994
12995 12993 12994
12995 12994 12996
12997 12995 12996
12997 12996 12998
12999 12997 12998
12999 12998 13000
13001 12999 13000
13001 13000 13002
13003 13004 13005
13003 13006 13004
13007 13006 13003
13007 13008 13006
13009 13008 13007
13009 13010 13008
13011 13010 13009
13011 13012 13010
13013 13014 13015
13014 13016 13015
13016 13017 13015
13017 13018 13015
13018 13019 13015
13019 13020 13015
13020 13021 13015
13021 13022 13015
13022 13023 13015
13023 13024 13015
13024 13025 13015
13025 13026 13015
13027 13028 13029
13027 13029 13030
13031 13032 13033
13031 13033 13034
13035 13036 13037
13038 13035 13037
13037 13039 13038
13039 13040 13038
13035 13038 13041
13042 13035 13041
13042 13041 13043
13044 13042 13043
13044 13043 13045
13046 13044 13045
13046 13045 13047
13048 13046 13047
13048 13047 13049
13050 13048 13049
13050 13049 13051
13052 13050 13051
13052 13051 13053
13054 13052 13053
13054 13053 13055
13056 13054 13055
13056 13055 13057
13058 13056 13057
13058 13057 13059
13060 13058 13059
13060 13059 13061
13062 13060 13061
13062 13061 13063
13064 13062 13063
13064 13063 13065
13066 13064 13065
13066 13065 13067
13038 13066 13067
13038 13067 13041
13038 13040 13066
13040 13068 13066
13069 13070 13071
13069 13071 13072
13073 13069 13072
13073 13072 13074
13075 13073 13074
13075 13074 13076
13077 13075 13076
13077 13076 13078
13079 13077 13078
13079 13078 13080
13081 13079 13080
13081 13080 13082
13083 13081 13082
13083 13082 13084
13085 13083 13084
13085 13084 13086
13087 13085 13086
13087 13086 13088
13089 13087 13088
13089 13088 13090
13091 13089 13090
13091 13090 13092
13093 13091 13092
13093 13092 13094
13095 13093 13094
13095 13094 13096
13097 13098 13099
13097 13100 13098
13101 13100 13097
13101 13102 13100
13103 13102 13101
13103 13104 13102
13105 13104 13103
13105 13106 13104
13107 13108 13109
13108 13110 13109
13110 13111 13109
13111 13112 13109
13112 13113 13109
13113 13114 13109
13114 13115 13109
13115 13116 13109
13116 13117 13109
13117 13118 13109
13118 13119 13109
13119 13120 13109
13121 13122 13123
13121 13123 13124
13125 13126 13127
13125 13127 13128
13129 13130 13131
13132 13129 13131
13131 13133 13132
13133 13134 13132
13129 13132 13135
13136 13129 13135
13136 13135 13137
13138 13136 13137
13138 13137 13139
13140 13138 13139
13140 13139 13141
13142 13140 13141
13142 13141 13143
13144 13142 13143
13144 13143 13145
13146 13144 13145
13146 13145 13147
13148 13146 13147
13148 13147 13149
13150 13148 13149
13150 13149 13151
13152 13150 13151
13152 13151 13153
13154 13152 13153
13154 13153 13155
13156 13154 13155
13156 13155 13157
13158 13156 13157
13158 13157 13159
13160 13158 13159
13160 13159 13161
13132 13160 13161
13132 13161 13135
13132 13134 13160
13134 13162 13160
13163 13164 13165
13163 13165 13166
13166 13165 13167
13166 13167 13168
13168 13167 13169
13168 13169 13170
13170 13169 13171
13170 13171 13172
13172 13171 13173
13172 13173 13174
13174 13173 13175
13174 13175 13176
13177 13178 13179
13177 13180 13178
13181 13180 13177
13180 13182 13178
13181 13183 13180
13183 13182 13180
13184 13183 13181
13184 13185 13183
13185 13182 13183
13186 13185 13184
13186 13187 13185
13187 13182 13185
13188 13187 13186
13189 13182 13187
13188 13189 13187
13190 13182 13189
13191 13189 13188
13191 13190 13189
13192 13193 13194
13192 13194 13195
13196 13197 13198
13196 13199 13197
13200 13199 13196
13200 13201 13199
13200 13202 13201
13200 13203 13202
13204 13205 13206
13204 13206 13207
13207 13206 13208
13207 13208 13209
13208 13210 13209
13208 13211 13210
13212 13213 13214
13212 13215 13213
13215 13216 13213
13215 13217 13216
13217 13218 13216
13217 13219 13218
13219 13220 13218
13219 13221 13220
13222 13223 13224
13222 13224 13225
13226 13227 13228
13226 13228 13229
13230 13231 13232
13230 13232 13233
13234 13235 13236
13234 13237 13235
13234 13238 13237
13239 13235 13237
13239 13237 13240
13239 13240 13241
13239 13241 13242
13241 13243 13242
13244 13242 13243
13244 13243 13245
13246 13244 13245
13247 13246 13245
13247 13245 13248
13247 13248 13249
13250 13251 13252
13253 13251 13250
13253 13254 13251
13254 13253 13255
13256 13254 13255
13256 13257 13254
13256 13255 13258
13259 13256 13258
13259 13260 13256
13261 13260 13259
13261 13259 13262
13261 13262 13263
13264 13261 13263
13265 13266 13267
13268 13267 13266
13268 13269 13267
13268 13270 13269
13268 13271 13270
13271 13272 13270
13271 13273 13272
13274 13275 13276
13274 13276 13277
13278 13279 13280
13278 13280 13281
13282 13283 13284
13282 13285 13283
13285 13286 13283
13285 13287 13286
13288 13289 13286
13288 13286 13290
13291 13292 13288
13291 13293 13292
13291 13294 13293
13291 13295 13294
13295 13296 13297
13295 13297 13298
13299 13300 13301
13299 13301 13302
13303 13304 13305
13303 13305 13306
13307 13308 13309
13307 13309 13310
13311 13312 13313
13311 13313 13314
13315 13316 13317
13315 13318 13316
13318 13319 13316
13319 13320 13316
13319 13321 13320
13321 13322 13320
13321 13323 13322
13324 13325 13326
13324 13326 13327
13324 13327 13328
13329 13328 13327
13328 13329 13330
13328 13330 13331
12791 13331 13330
12791 13332 13331
12790 13332 12791
12790 13333 13332
12790 13334 13333
12790 13335 13334
13336 13334 13335
13336 13337 13334
13338 13337 13336
13338 13339 13337
13340 13339 13338
13341 13339 13340
13339 13341 13342
13339 13342 13343
13344 13339 13343
13345 13339 13344
13346 13347 13348
13346 13348 13349
13349 13348 13350
13349 13350 13351
13352 13351 13350
13352 13350 13353
13354 13355 13356
13354 13357 13355
13357 13358 13355
13357 13359 13358
13358 13359 13360
13361 13362 13363
13361 13364 13362
13364 13365 13362
13364 13366 13365
13366 13367 13365
13366 13368 13367
13368 13369 13367
13368 13370 13369
13370 13371 13369
13370 13372 13371
13372 13373 13371
13372 13374 13373
13374 13375 13373
13374 13376 13375
13377 13378 13379
13377 13379 13380
13381 13377 13380
13381 13380 13382
13383 13381 13382
13383 13382 13384
13385 13383 13384
13385 13384 13386
13387 13385 13386
13387 13386 13388
13389 13387 13388
13389 13388 13390
13391 13392 13393
13391 13394 13392
13394 13395 13392
13394 13396 13395
13397 13398 13399
13397 13399 13400
13401 13397 13400
13401 13400 13402
13401 13402 13403
13404 13405 13406
13405 13407 13406
13406 13407 13408
13406 13408 13409
13410 13408 13407
13409 13408 13411
13410 13412 13408
13412 13413 13408
13411 13408 13414
13414 13408 13415
13415 13408 13416
13415 13416 13417
13418 13417 13416
13418 13419 13417
13420 13418 13416
13421 13420 13416
13421 13422 13420
13423 13421 13416
13424 13423 13416
13425 13426 13427
13425 13428 13426
13429 13428 13425
13429 13430 13428
13431 13430 13429
13431 13432 13430
13433 13432 13431
13433 13434 13432
13435 13434 13433
13435 13436 13434
13437 13436 13435
13437 13438 13436
13439 13438 13437
13439 13440 13438
13441 13440 13439
13441 13442 13440
13443 13442 13441
13443 13444 13442
13445 13444 13443
13445 13446 13444
13447 13446 13445
13447 13448 13446
13449 13448 13447
13449 13450 13448
13451 13450 13449
13451 13452 13450
13453 13454 13455
13453 13455 13456
13457 13453 13456
13457 13456 13458
13459 13457 13458
13459 13458 13460
13461 13459 13460
13461 13460 13462
13463 13464 13465
13465 13464 13466
13466 13464 13467
13467 13464 13468
13468 13464 13469
13469 13464 13470
13470 13464 13471
13471 13464 13472
13472 13464 13473
13473 13464 13474
13474 13464 13475
13475 13464 13476
13477 13478 13479
13477 13479 13480
13481 13482 13483
13481 13483 13484
13485 13486 13487
13488 13485 13487
13489 13488 13487
13490 13488 13489
13488 13490 13491
13490 13492 13491
13491 13493 13488
13494 13493 13491
13488 13493 13495
13488 13495 13485
13494 13496 13493
13485 13495 13497
13498 13496 13494
13485 13497 13499
13498 13500 13496
13499 13497 13501
13502 13500 13498
13499 13501 13503
13502 13504 13500
13503 13501 13505
13506 13504 13502
13503 13505 13507
13506 13508 13504
13507 13505 13509
13510 13508 13506
13507 13509 13511
13510 13512 13508
13511 13509 13513
13514 13512 13510
13511 13513 13515
13514 13516 13512
13515 13513 13517
13518 13516 13514
13515 13517 13518
13518 13517 13516
13519 13520 13521
13519 13522 13520
13523 13522 13519
13523 13524 13522
13525 13524 13523
13525 13526 13524
13527 13526 13525
13527 13528 13526
13529 13528 13527
13529 13530 13528
13531 13530 13529
13531 13532 13530
13533 13532 13531
13533 13534 13532
13535 13534 13533
13535 13536 13534
13537 13536 13535
13537 13538 13536
13539 13538 13537
13539 13540 13538
13541 13540 13539
13541 13542 13540
13543 13542 13541
13543 13544 13542
13545 13544 13543
13545 13546 13544
13547 13548 13549
13547 13549 13550
13551 13547 13550
13551 13550 13552
13553 13551 13552
13553 13552 13554
13555 13553 13554
13555 13554 13556
13557 13558 13559
13559 13558 13560
13560 13558 13561
13561 13558 13562
13562 13558 13563
13563 13558 13564
13564 13558 13565
13565 13558 13566
13566 13558 13567
13567 13558 13568
13568 13558 13569
13569 13558 13570
13571 13572 13573
13571 13573 13574
13575 13576 13577
13575 13577 13578
13579 13580 13581
13582 13579 13581
13583 13582 13581
13584 13582 13583
13582 13584 13585
13584 13586 13585
13585 13587 13582
13588 13587 13585
13582 13587 13589
13582 13589 13579
13588 13590 13587
13579 13589 13591
13592 13590 13588
13579 13591 13593
13592 13594 13590
13593 13591 13595
13596 13594 13592
13593 13595 13597
13596 13598 13594
13597 13595 13599
13600 13598 13596
13597 13599 13601
13600 13602 13598
13601 13599 13603
13604 13602 13600
13601 13603 13605
13604 13606 13602
13605 13603 13607
13608 13606 13604
13605 13607 13609
13608 13610 13606
13609 13607 13611
13612 13610 13608
13609 13611 13612
13612 13611 13610
13613 13614 13615
13613 13615 13616
13617 13613 13616
13617 13616 13618
13619 13617 13618
13619 13618 13620
13621 13619 13620
13621 13620 13622
13623 13621 13622
13623 13622 13624
13623 13624 13625
13623 13625 13626
13626 13625 13627
13626 13627 13628
13629 13630 13631
13629 13632 13630
13633 13632 13629
13633 13634 13632
13635 13634 13633
13635 13636 13634
13637 13636 13635
13637 13638 13636
13639 13638 13637
13639 13640 13638
13639 13641 13640
13639 13642 13641
13642 13643 13641
13642 13644 13643
13645 13646 13647
13645 13647 13648
13648 13647 13649
13648 13649 13650
13650 13649 13651
13650 13651 13652
13652 13651 13653
13652 13653 13654
13654 13653 13655
13654 13655 13656
13657 13656 13655
13657 13655 13658
13659 13657 13658
13659 13658 13660
13661 13662 13663
13661 13664 13662
13664 13665 13662
13664 13666 13665
13666 13667 13665
13666 13668 13667
13668 13669 13667
13668 13670 13669
13670 13671 13669
13670 13672 13671
13673 13671 13672
13673 13674 13671
13675 13674 13673
13675 13676 13674
13677 13678 13679
13677 13679 13680
13681 13677 13680
13681 13680 13682
13683 13681 13682
13683 13682 13684
13685 13683 13684
13685 13684 13686
13687 13685 13686
13687 13686 13688
13689 13687 13688
13689 13688 13690
13691 13689 13690
13691 13690 13692
13693 13694 13695
13693 13696 13694
13696 13697 13694
13696 13698 13697
13698 13699 13697
13698 13700 13699
13700 13701 13699
13700 13702 13701
13702 13703 13701
13702 13704 13703
13704 13705 13703
13704 13706 13705
13706 13707 13705
13706 13708 13707
13708 13709 13707
13708 13710 13709
13710 13711 13709
13710 13712 13711
13713 13714 13715
13713 13715 13716
13717 13713 13716
13717 13716 13718
13719 13717 13718
13719 13718 13720
13721 13719 13720
13721 13720 13722
13723 13721 13722
13723 13722 13724
13725 13723 13724
13725 13724 13726
13727 13725 13726
13727 13726 13728
13729 13727 13728
13729 13728 13730
13731 13729 13730
13731 13730 13732
13733 13734 13735
13733 13736 13734
13736 13737 13734
13736 13738 13737
13738 13739 13737
13738 13740 13739
13740 13741 13739
13740 13742 13741
13742 13743 13741
13742 13744 13743
13744 13745 13743
13744 13746 13745
13746 13747 13745
13746 13748 13747
13749 13750 13751
13749 13752 13750
13752 13753 13750
13752 13754 13753
13755 13753 13754
13755 13756 13753
13757 13756 13755
13757 13758 13756
13759 13758 13757
13759 13757 13760
13760 13761 13759
13760 13762 13761
13749 13763 13764
13749 13764 13765
13765 13764 13766
13765 13766 13767
13768 13767 13766
13768 13766 13769
13770 13768 13769
13770 13769 13771
13772 13770 13771
13772 13773 13770
13773 13774 13762
13773 13772 13774
13775 13776 13777
13775 13777 13778
13778 13777 13779
13778 13779 13780
13780 13779 13781
13780 13781 13782
13782 13781 13783
13782 13783 13784
13784 13783 13785
13784 13785 13786
13786 13785 13787
13786 13787 13788
13789 13790 13791
13789 13792 13790
13793 13792 13789
13792 13794 13790
13793 13795 13792
13795 13794 13792
13796 13795 13793
13796 13797 13795
13797 13794 13795
13798 13797 13796
13798 13799 13797
13799 13794 13797
13800 13799 13798
13801 13794 13799
13800 13801 13799
13802 13794 13801
13803 13801 13800
13803 13802 13801
13804 13805 13806
13804 13806 13807
13808 13809 13810
13808 13811 13809
13812 13811 13808
13812 13813 13811
13812 13814 13813
13812 13815 13814
13816 13817 13818
13816 13818 13819
13819 13818 13820
13819 13820 13821
13820 13822 13821
13820 13823 13822
13824 13825 13826
13824 13827 13825
13827 13828 13825
13827 13829 13828
13829 13830 13828
13829 13831 13830
13832 13833 13834
13832 13834 13835
13836 13837 13838
13836 13838 13839
13840 13841 13842
13840 13842 13843
13844 13845 13846
13844 13846 13847
13848 13849 13850
13848 13851 13849
13852 13851 13848
13852 13853 13851
13854 13853 13852
13854 13855 13853
13856 13855 13854
13856 13857 13855
13858 13857 13856
13858 13859 13857
13860 13859 13858
13860 13861 13859
13862 13861 13860
13862 13863 13861
13864 13863 13862
13864 13865 13863
13866 13865 13864
13866 13867 13865
13868 13867 13866
13868 13869 13867
13870 13869 13868
13870 13871 13869
13872 13871 13870
13872 13873 13871
13874 13873 13872
13874 13875 13873
13876 13877 13878
13876 13878 13879
13880 13876 13879
13880 13879 13881
13882 13880 13881
13882 13881 13883
13884 13882 13883
13884 13883 13885
13886 13887 13888
13888 13887 13889
13889 13887 13890
13890 13887 13891
13891 13887 13892
13892 13887 13893
13893 13887 13894
13894 13887 13895
13895 13887 13896
13896 13887 13897
13897 13887 13898
13898 13887 13899
13900 13901 13902
13900 13902 13903
13904 13905 13906
13904 13906 13907
13908 13909 13910
13911 13908 13910
13912 13911 13910
13913 13911 13912
13911 13913 13914
13913 13915 13914
13914 13916 13911
13917 13916 13914
13911 13916 13918
13911 13918 13908
13917 13919 13916
13908 13918 13920
13921 13919 13917
13908 13920 13922
13921 13923 13919
13922 13920 13924
13925 13923 13921
13922 13924 13926
13925 13927 13923
13926 13924 13928
13929 13927 13925
13926 13928 13930
13929 13931 13927
13930 13928 13932
13933 13931 13929
13930 13932 13934
13933 13935 13931
13934 13932 13936
13937 13935 13933
13934 13936 13938
13937 13939 13935
13938 13936 13940
13941 13939 13937
13938 13940 13941
13941 13940 13939
13942 13943 13944
13942 13945 13943
13946 13945 13942
13946 13947 13945
13948 13947 13946
13948 13949 13947
13950 13949 13948
13950 13951 13949
13952 13951 13950
13952 13953 13951
13954 13953 13952
13954 13955 13953
13956 13955 13954
13956 13957 13955
13958 13957 13956
13958 13959 13957
13960 13959 13958
13960 13961 13959
13962 13961 13960
13962 13963 13961
13964 13963 13962
13964 13965 13963
13966 13965 13964
13966 13967 13965
13968 13967 13966
13968 13969 13967
13970 13971 13972
13970 13972 13973
13974 13970 13973
13974 13973 13975
13976 13974 13975
13976 13975 13977
13978 13976 13977
13978 13977 13979
13980 13981 13982
13982 13981 13983
13983 13981 13984
13984 13981 13985
13985 13981 13986
13986 13981 13987
13987 13981 13988
13988 13981 13989
13989 13981 13990
13990 13981 13991
13991 13981 13992
13992 13981 13993
13994 13995 13996
13994 13996 13997
13998 13999 14000
13998 14000 14001
14002 14003 14004
14005 14002 14004
14006 14005 14004
14007 14005 14006
14005 14007 14008
14007 14009 14008
14008 14010 14005
14011 14010 14008
14005 14010 14012
14005 14012 14002
14011 14013 14010
14002 14012 14014
14015 14013 14011
14002 14014 14016
14015 14017 14013
14016 14014 14018
14019 14017 14015
14016 14018 14020
14019 14021 14017
14020 14018 14022
14023 14021 14019
14020 14022 14024
14023 14025 14021
14024 14022 14026
14027 14025 14023
14024 14026 14028
14027 14029 14025
14028 14026 14030
14031 14029 14027
14028 14030 14032
14031 14033 14029
14032 14030 14034
14035 14033 14031
14032 14034 14035
14035 14034 14033
14036 14037 14038
14036 14039 14037
14039 14040 14037
14039 14041 14040
14041 14042 14040
14041 14043 14042
14043 14044 14042
14043 14045 14044
14045 14046 14044
14045 14047 14046
14047 14048 14046
14047 14049 14048
14050 14051 14052
14050 14052 14053
14054 14050 14053
14053 14052 14055
14054 14053 14056
14056 14053 14055
14057 14054 14056
14057 14056 14058
14058 14056 14055
14059 14057 14058
14059 14058 14060
14060 14058 14055
14061 14059 14060
14062 14060 14055
14061 14060 14062
14063 14062 14055
14064 14061 14062
14064 14062 14063
14065 14066 14067
14065 14067 14068
14069 14070 14071
14069 14071 14072
14073 14069 14072
14073 14072 14074
14073 14074 14075
14073 14075 14076
14077 14078 14079
14077 14080 14078
14080 14081 14078
14080 14082 14081
14081 14082 14083
14081 14083 14084
14085 14086 14087
14085 14087 14088
14088 14087 14089
14088 14089 14090
14090 14089 14091
14090 14091 14092
14092 14091 14093
14092 14093 14094
14095 14096 14097
14095 14097 14098
14099 14100 14101
14099 14101 14102
14103 14104 14105
14103 14105 14106
14107 14108 14109
14107 14109 14110
14111 14107 14110
14111 14110 14112
14113 14111 14112
14113 14112 14114
14115 14113 14114
14115 14114 14116
14117 14115 14116
14117 14116 14118
14119 14117 14118
14119 14118 14120
14121 14119 14120
14121 14120 14122
14123 14121 14122
14123 14122 14124
14125 14123 14124
14125 14124 14126
14127 14125 14126
14127 14126 14128
14129 14127 14128
14129 14128 14130
14131 14129 14130
14131 14130 14132
14133 14131 14132
14133 14132 14134
14135 14136 14137
14135 14138 14136
14139 14138 14135
14139 14140 14138
14141 14140 14139
14141 14142 14140
14143 14142 14141
14143 14144 14142
14145 14146 14147
14146 14148 14147
14148 14149 14147
14149 14150 14147
14150 14151 14147
14151 14152 14147
14152 14153 14147
14153 14154 14147
14154 14155 14147
14155 14156 14147
14156 14157 14147
14157 14158 14147
14159 14160 14161
14159 14161 14162
14163 14164 14165
14163 14165 14166
14167 14168 14169
14170 14167 14169
14169 14171 14170
14171 14172 14170
14167 14170 14173
14174 14167 14173
14174 14173 14175
14176 14174 14175
14176 14175 14177
14178 14176 14177
14178 14177 14179
14180 14178 14179
14180 14179 14181
14182 14180 14181
14182 14181 14183
14184 14182 14183
14184 14183 14185
14186 14184 14185
14186 14185 14187
14188 14186 14187
14188 14187 14189
14190 14188 14189
14190 14189 14191
14192 14190 14191
14192 14191 14193
14194 14192 14193
14194 14193 14195
14196 14194 14195
14196 14195 14197
14198 14196 14197
14198 14197 14199
14170 14198 14199
14170 14199 14173
14170 14172 14198
14172 14200 14198
14201 14202 14203
14201 14203 14204
14205 14201 14204
14205 14204 14206
14207 14205 14206
14207 14206 14208
14209 14207 14208
14209 14208 14210
14211 14209 14210
14211 14210 14212
14213 14211 14212
14213 14212 14214
14215 14213 14214
14215 14214 14216
14217 14215 14216
14217 14216 14218
14219 14217 14218
14219 14218 14220
14221 14219 14220
14221 14220 14222
14223 14221 14222
14223 14222 14224
14225 14223 14224
14225 14224 14226
14227 14225 14226
14227 14226 14228
14229 14230 14231
14229 14232 14230
14233 14232 14229
14233 14234 14232
14235 14234 14233
14235 14236 14234
14237 14236 14235
14237 14238 14236
14239 14240 14241
14240 14242 14241
14242 14243 14241
14243 14244 14241
14244 14245 14241
14245 14246 14241
14246 14247 14241
14247 14248 14241
14248 14249 14241
14249 14250 14241
14250 14251 14241
14251 14252 14241
14253 14254 14255
14253 14255 14256
14257 14258 14259
14257 14259 14260
14261 14262 14263
14264 14261 14263
14263 14265 14264
14265 14266 14264
14261 14264 14267
14268 14261 14267
14268 14267 14269
14270 14268 14269
14270 14269 14271
14272 14270 14271
14272 14271 14273
14274 14272 14273
14274 14273 14275
14276 14274 14275
14276 14275 14277
14278 14276 14277
14278 14277 14279
14280 14278 14279
14280 14279 14281
14282 14280 14281
14282 14281 14283
14284 14282 14283
14284 14283 14285
14286 14284 14285
14286 14285 14287
14288 14286 14287
14288 14287 14289
14290 14288 14289
14290 14289 14291
14292 14290 14291
14292 14291 14293
14264 14292 14293
14264 14293 14267
14264 14266 14292
14266 14294 14292
9452 9460 9458
9452 14295 9460
9452 9448 14295
9448 9447 14295
9446 14296 9447
14296 9446 9450
14296 9450 9480
14297 14298 14299
14300 14297 14299
14299 14301 14300
14302 14300 14301
14302 14301 14303
14303 14304 14302
14303 14305 14304
14305 14306 14304
14305 14307 14306
14308 14309 14310
14308 14311 14309
14311 14308 14312
14311 14312 14313
14314 14313 14312
14314 14315 14313
14316 14315 14314
14316 14317 14315
14318 14317 14316
14318 14319 14317
14320 14321 14322
14320 14322 14323
14324 14325 14326
14324 14326 14327
14327 14326 14328
14327 14328 14329
14329 14328 14330
14329 14330 14331
14331 14330 14332
14331 14332 14333
14334 14335 14336
14334 14336 14337
14338 14339 14340
14338 14341 14339
14341 14342 14339
14341 14343 14342
14344 14342 14343
14345 14342 14344
14343 14346 14344
14344 14347 14345
14348 14345 14347
14344 14349 14347
14348 14347 14350
14344 14351 14349
14344 14346 14351
14352 14348 14350
14346 14353 14351
14352 14350 14354
14346 14355 14353
14354 14356 14352
14354 14357 14356
14356 14357 14358
14356 14358 14359
14359 14358 14360
14359 14360 14361
14361 14360 14362
14361 14362 14363
14364 14353 14355
14364 14355 14365
14363 14362 14366
14363 14366 14367
14368 14367 14366
14368 14366 14369
14369 14370 14368
14369 14371 14370
14364 14365 14372
14364 14372 14373
14371 14374 14370
14371 14375 14374
14372 14376 14373
14372 14377 14376
14378 14376 14377
14378 14379 14376
14374 14375 14380
14374 14380 14381
14379 14378 14382
14382 14381 14380
14379 14382 14383
14382 14380 14383
14384 14385 14386
14387 14386 14385
14387 14385 14388
14387 14389 14386
14387 14390 14389
14389 14390 14391
14389 14391 14392
14391 14393 14392
14391 14394 14393
14394 14395 14393
14394 14396 14395
14397 14398 14399
14400 14399 14398
14399 14400 14401
14402 14400 14398
14402 14403 14400
14402 14404 14403
14402 14405 14404
14405 14406 14404
14405 14407 14406
14408 14406 14407
14408 14409 14406
14410 14411 14412
14410 14412 14413
14414 14410 14413
14414 14413 14415
14415 14416 14414
14415 14417 14416
14417 14418 14416
14417 14419 14418
14418 14419 14420
14418 14420 14421
14421 14420 14422
14421 14422 14423
14422 14424 14423
14422 14425 14424
14426 14424 14425
14426 14425 14427
14426 14427 14428
14426 14428 14429
14430 14429 14428
14430 14428 14431
14432 14430 14431
14432 14431 14433
14433 14434 14432
14433 14435 14434
14436 14437 14438
14436 14439 14437
14439 14440 14437
14439 14441 14440
14441 14442 14440
14441 14443 14442
14443 14444 14442
14443 14445 14444
14445 14446 14444
14445 14447 14446
14447 14448 14446
14447 14449 14448
14450 14448 14449
14450 14449 14451
14452 14450 14451
14452 14453 14450
14452 14454 14453
14452 14455 14454
14455 14456 14454
14455 14457 14456
14458 14459 14460
14458 14460 14461
14462 14461 14460
14462 14460 14463
14464 14462 14463
14464 14463 14465
14466 14464 14465
14466 14467 14464
14466 14468 14467
14466 14469 14468
14470 14471 14472
14470 14472 14473
14474 14470 14473
14474 14475 14470
14476 14475 14474
14476 14474 14477
14478 14476 14477
14478 14479 14476
14480 14479 14478
14480 14481 14479
14482 14483 14484
14482 14484 14485
14486 14487 14488
14486 14488 14489
14490 14489 14488
14490 14491 14489
14490 14492 14491
14490 14493 14492
14492 14494 14491
14492 14493 14495
14496 14495 14493
14492 14495 14497
14496 14498 14495
14498 14496 14499
14498 14499 14500
14501 14500 14499
14501 14502 14500
14503 14492 14497
14503 14494 14492
14504 14502 14501
14504 14505 14502
14506 14505 14504
14506 14504 14507
14508 14506 14507
14508 14507 14509
14510 14494 14503
14510 14503 14511
14512 14508 14509
14512 14509 14513
14514 14512 14513
14514 14515 14512
14516 14510 14511
14516 14517 14510
14518 14517 14516
14518 14516 14519
14520 14518 14519
14520 14519 14521
14522 14515 14514
14522 14523 14515
14524 14523 14522
14524 14522 14525
14521 14526 14520
14521 14527 14526
14526 14527 14528
14526 14528 14529
14525 14530 14524
14529 14528 14530
14525 14531 14530
14529 14530 14531
14532 14533 14534
14532 14534 14535
14535 14534 14536
14535 14536 14537
14538 14537 14536
14539 14538 14536
14537 14538 14540
14538 14539 14541
14542 14541 14539
14538 14541 14543
14542 14544 14541
14538 14543 14545
14538 14545 14540
14546 14544 14542
14540 14545 14547
14546 14548 14544
14540 14547 14549
14548 14546 14550
14548 14550 14551
14550 14552 14551
14550 14553 14552
14553 14554 14552
14553 14555 14554
14555 14556 14554
14555 14557 14556
14558 14549 14547
14558 14559 14549
14557 14560 14556
14557 14561 14560
14562 14560 14561
14562 14563 14560
14563 14562 14564
14563 14564 14565
14558 14566 14559
14558 14567 14566
14565 14564 14568
14565 14568 14569
14566 14567 14570
14566 14570 14571
14572 14571 14570
14572 14570 14573
14568 14574 14569
14568 14575 14574
14573 14576 14572
14576 14574 14575
14573 14577 14576
14576 14577 14574
14578 14579 14580
14581 14580 14579
14581 14582 14580
14581 14579 14583
14581 14583 14584
14583 14585 14584
14583 14586 14585
14586 14587 14585
14586 14588 14587
14587 14588 14589
14587 14589 14590
14591 14592 14593
14594 14593 14592
14592 14595 14594
14596 14593 14594
14596 14594 14597
14596 14597 14598
14596 14598 14599
14598 14600 14599
14598 14601 14600
14602 14600 14601
14602 14601 14603
14604 14605 14606
14604 14607 14605
14608 14607 14604
14608 14609 14607
14609 14608 14610
14609 14610 14611
14611 14610 14612
14611 14612 14613
14612 14614 14613
14612 14615 14614
14615 14616 14614
14615 14617 14616
14616 14617 14618
14616 14618 14619
14620 14619 14618
14620 14621 14619
14620 14622 14621
14620 14623 14622
14624 14622 14623
14624 14625 14622
14626 14625 14624
14626 14627 14625
14627 14626 14628
14627 14628 14629
14630 14631 14632
14630 14632 14633
14633 14632 14634
14633 14634 14635
14635 14634 14636
14635 14636 14637
14637 14636 14638
14637 14638 14639
14639 14638 14640
14639 14640 14641
14641 14640 14642
14641 14642 14643
14644 14643 14642
14644 14645 14643
14646 14645 14644
14646 14644 14647
14646 14647 14648
14646 14648 14649
14649 14648 14650
14649 14650 14651
14652 14653 14654
14652 14655 14653
14656 14653 14655
14656 14657 14653
14658 14657 14656
14658 14656 14659
14660 14658 14659
14660 14659 14661
14660 14661 14662
14660 14662 14663
14664 14665 14666
14664 14667 14665
14668 14667 14664
14668 14664 14669
14670 14668 14669
14670 14669 14671
14672 14670 14671
14672 14671 14673
14674 14672 14673
14674 14673 14675
14676 14677 14678
14676 14678 14679
14680 14681 14682
14680 14683 14681
14684 14681 14683
14684 14683 14685
14684 14685 14686
14684 14686 14687
14686 14685 14688
14686 14689 14687
14690 14687 14689
14686 14691 14689
14690 14689 14692
14692 14693 14690
14692 14694 14693
14695 14693 14694
14695 14694 14696
14697 14691 14686
14697 14686 14688
14698 14695 14696
14698 14696 14699
14700 14698 14699
14700 14701 14698
14702 14701 14700
14702 14703 14701
14704 14697 14688
14704 14705 14697
14706 14703 14702
14706 14707 14703
14708 14707 14706
14708 14706 14709
14710 14705 14704
14710 14704 14711
14712 14710 14711
14712 14713 14710
14714 14713 14712
14714 14715 14713
14716 14708 14709
14716 14709 14717
14718 14716 14717
14718 14719 14716
14715 14714 14720
14715 14720 14721
14720 14722 14721
14720 14723 14722
14719 14718 14724
14723 14724 14722
14719 14724 14725
14723 14725 14724
14726 14727 14728
14726 14728 14729
14730 14729 14728
14730 14731 14729
14731 14730 14732
14731 14732 14733
14733 14732 14734
14733 14734 14735
14734 14736 14735
14734 14737 14736
14736 14737 14738
14736 14738 14739
14739 14738 14740
14739 14740 14741
14740 14742 14741
14740 14743 14742
14744 14742 14743
14744 14743 14745
14744 14745 14746
14744 14746 14747
14747 14748 14749
14747 14749 14750
14751 14750 14749
14751 14749 14752
14751 14752 14753
14751 14753 14754
14754 14753 14755
14754 14755 14756
14756 14755 14757
14756 14757 14758
14759 14758 14757
14759 14760 14758
14761 14760 14759
14761 14762 14760
14763 14762 14761
14763 14761 14764
14763 14764 14765
14763 14765 14766
14765 14767 14766
14765 14768 14767
14769 14770 14771
14769 14772 14770
14772 14773 14770
14770 14773 14774
14774 14773 14775
14775 14773 14776
14776 14773 14777
14777 14773 14778
14778 14773 14779
14777 14778 14780
14778 14779 14781
14782 14773 14772
14772 14783 14782
14772 14784 14783
14785 14773 14782
14786 14773 14785
14787 14773 14786
14788 14773 14787
14789 14773 14788
14789 14788 14790
14791 14773 14789
14791 14789 14792
14793 14794 14795
14793 14796 14794
14797 14794 14796
14797 14796 14798
14798 14799 14797
14798 14800 14799
14800 14801 14799
14800 14802 14801
14801 14802 14803
14801 14803 14804
14803 14805 14804
14803 14806 14805
14806 14807 14805
14806 14808 14807
14807 14808 14809
14807 14809 14810
14811 14810 14809
14811 14812 14810
14811 14813 14812
14811 14814 14813
14814 14815 14816
14814 14817 14815
14818 14815 14817
14818 14819 14815
14818 14820 14819
14818 14821 14820
14821 14822 14820
14821 14823 14822
14823 14824 14822
14823 14825 14824
14826 14824 14825
14826 14825 14827
14828 14826 14827
14828 14827 14829
14830 14828 14829
14830 14831 14828
14830 14832 14831
14830 14833 14832
14832 14833 14834
14832 14834 14835
14836 14837 14838
14836 14838 14839
14839 14838 14840
14838 14841 14840
14841 14842 14840
14842 14843 14840
14843 14844 14840
14844 14845 14840
14845 14846 14840
14844 14847 14845
14845 14848 14846
14849 14839 14840
14839 14849 14850
14839 14850 14851
14852 14849 14840
14853 14852 14840
14854 14853 14840
14855 14854 14840
14856 14855 14840
14856 14857 14855
14858 14856 14840
14858 14859 14856
14860 14861 14862
14860 14863 14861
14860 14862 14864
14865 14864 14862
14865 14866 14864
14865 14867 14866
14865 14868 14867
14869 14864 14866
14867 14869 14866
14869 14860 14864
14870 14860 14869
14871 14867 14868
14867 14871 14869
14871 14870 14869
14871 14868 14872
14873 14871 14872
14871 14873 14870
14873 14872 14874
14875 14873 14874
14870 14873 14875
14875 14874 14876
14877 14875 14876
14877 14878 14875
14870 14875 14878
14877 14879 14878
14870 14878 14879
14877 14880 14879
14863 14879 14880
14860 14881 14863
14870 14881 14860
14863 14881 14879
14870 14879 14881
14882 14883 14884
14882 14885 14883
14882 14884 14886
14887 14886 14884
14887 14888 14886
14887 14889 14888
14887 14890 14889
14891 14886 14888
14889 14891 14888
14891 14882 14886
14892 14882 14891
14893 14889 14890
14889 14893 14891
14893 14892 14891
14893 14890 14894
14895 14893 14894
14893 14895 14892
14895 14894 14896
14897 14895 14896
14892 14895 14897
14897 14896 14898
14899 14897 14898
14899 14900 14897
14892 14897 14900
14899 14901 14900
14892 14900 14901
14899 14902 14901
14885 14901 14902
14882 14903 14885
14892 14903 14882
14885 14903 14901
14892 14901 14903
14904 14905 14906
14904 14907 14905
14904 14906 14908
14909 14908 14906
14909 14910 14908
14909 14911 14910
14909 14912 14911
14913 14908 14910
14911 14913 14910
14913 14904 14908
14914 14904 14913
14915 14911 14912
14911 14915 14913
14915 14914 14913
14915 14912 14916
14917 14915 14916
14915 14917 14914
14917 14916 14918
14919 14917 14918
14914 14917 14919
14919 14918 14920
14921 14919 14920
14921 14922 14919
14914 14919 14922
14921 14923 14922
14914 14922 14923
14921 14924 14923
14907 14923 14924
14904 14925 14907
14914 14925 14904
14907 14925 14923
14914 14923 14925
14926 14927 14928
14926 14929 14927
14926 14928 14930
14931 14930 14928
14931 14932 14930
14931 14933 14932
14931 14934 14933
14935 14930 14932
14933 14935 14932
14935 14926 14930
14936 14926 14935
14937 14933 14934
14933 14937 14935
14937 14936 14935
14937 14934 14938
14939 14937 14938
14937 14939 14936
14939 14938 14940
14941 14939 14940
14936 14939 14941
14941 14940 14942
14943 14941 14942
14943 14944 14941
14936 14941 14944
14943 14945 14944
14936 14944 14945
14943 14946 14945
14929 14945 14946
14926 14947 14929
14936 14947 14926
14929 14947 14945
14936 14945 14947
14948 14949 14950
14948 14951 14949
14948 14950 14952
14953 14952 14950
14953 14954 14952
14953 14955 14954
14953 14956 14955
14957 14952 14954
14955 14957 14954
14957 14948 14952
14958 14948 14957
14959 14955 14956
14955 14959 14957
14959 14958 14957
14959 14956 14960
14961 14959 14960
14959 14961 14958
14961 14960 14962
14963 14961 14962
14958 14961 14963
14963 14962 14964
14965 14963 14964
14965 14966 14963
14958 14963 14966
14965 14967 14966
14958 14966 14967
14965 14968 14967
14951 14967 14968
14948 14969 14951
14958 14969 14948
14951 14969 14967
14958 14967 14969
14970 14971 14972
14970 14973 14971
14970 14972 14974
14975 14974 14972
14975 14976 14974
14975 14977 14976
14975 14978 14977
14979 14974 14976
14977 14979 14976
14979 14970 14974
14980 14970 14979
14981 14977 14978
14977 14981 14979
14981 14980 14979
14981 14978 14982
14983 14981 14982
14981 14983 14980
14983 14982 14984
14985 14983 14984
14980 14983 14985
14985 14984 14986
14987 14985 14986
14987 14988 14985
14980 14985 14988
14987 14989 14988
14980 14988 14989
14987 14990 14989
14973 14989 14990
14970 14991 14973
14980 14991 14970
14973 14991 14989
14980 14989 14991
14992 14993 14994
14992 14995 14993
14992 14994 14996
14997 14996 14994
14997 14998 14996
14997 14999 14998
14997 15000 14999
15001 14996 14998
14999 15001 14998
15001 14992 14996
15002 14992 15001
15003 14999 15000
14999 15003 15001
15003 15002 15001
15003 15000 15004
15005 15003 15004
15003 15005 15002
15005 15004 15006
15007 15005 15006
15002 15005 15007
15007 15006 15008
15009 15007 15008
15009 15010 15007
15002 15007 15010
15009 15011 15010
15002 15010 15011
15009 15012 15011
14995 15011 15012
14992 15013 14995
15002 15013 14992
14995 15013 15011
15002 15011 15013
15014 15015 15016
15014 15017 15015
15014 15016 15018
15019 15018 15016
15019 15020 15018
15019 15021 15020
15019 15022 15021
15023 15018 15020
15021 15023 15020
15023 15014 15018
15024 15014 15023
15025 15021 15022
15021 15025 15023
15025 15024 15023
15025 15022 15026
15027 15025 15026
15025 15027 15024
15027 15026 15028
15029 15027 15028
15024 15027 15029
15029 15028 15030
15031 15029 15030
15031 15032 15029
15024 15029 15032
15031 15033 15032
15024 15032 15033
15031 15034 15033
15017 15033 15034
15014 15035 15017
15024 15035 15014
15017 15035 15033
15024 15033 15035
15036 15037 15038
15036 15039 15037
15036 15038 15040
15041 15040 15038
15041 15042 15040
15041 15043 15042
15041 15044 15043
15045 15040 15042
15043 15045 15042
15045 15036 15040
15046 15036 15045
15047 15043 15044
15043 15047 15045
15047 15046 15045
15047 15044 15048
15049 15047 15048
15047 15049 15046
15049 15048 15050
15051 15049 15050
15046 15049 15051
15051 15050 15052
15053 15051 15052
15053 15054 15051
15046 15051 15054
15053 15055 15054
15046 15054 15055
15053 15056 15055
15039 15055 15056
15036 15057 15039
15046 15057 15036
15039 15057 15055
15046 15055 15057
15058 15059 15060
15058 15061 15059
15058 15060 15062
15063 15062 15060
15063 15064 15062
15063 15065 15064
15063 15066 15065
15067 15062 15064
15065 15067 15064
15067 15058 15062
15068 15058 15067
15069 15065 15066
15065 15069 15067
15069 15068 15067
15069 15066 15070
15071 15069 15070
15069 15071 15068
15071 15070 15072
15073 15071 15072
15068 15071 15073
15073 15072 15074
15075 15073 15074
15075 15076 15073
15068 15073 15076
15075 15077 15076
15068 15076 15077
15075 15078 15077
15061 15077 15078
15058 15079 15061
15068 15079 15058
15061 15079 15077
15068 15077 15079
15080 15081 15082
15083 15082 15081
15083 15084 15082
15084 15083 15085
15084 15085 15086
15087 15086 15085
15087 15088 15086
15089 15088 15087
15090 15084 15086
15090 15086 15088
15082 15084 15091
15090 15091 15084
15080 15082 15092
15082 15091 15092
15080 15092 15093
15093 15092 15091
15080 15093 15094
15095 15094 15093
15093 15091 15095
15095 15096 15094
15097 15095 15091
15096 15095 15097
15097 15091 15090
15096 15097 15098
15099 15098 15097
15099 15097 15100
15090 15100 15097
15089 15099 15100
15090 15088 15101
15089 15101 15088
15090 15101 15100
15089 15100 15101
15102 15103 15104
15105 15104 15103
15105 15106 15104
15106 15105 15107
15106 15107 15108
15109 15108 15107
15109 15110 15108
15111 15110 15109
15112 15106 15108
15112 15108 15110
15104 15106 15113
15112 15113 15106
15102 15104 15114
15104 15113 15114
15102 15114 15115
15115 15114 15113
15102 15115 15116
15117 15116 15115
15115 15113 15117
15117 15118 15116
15119 15117 15113
15118 15117 15119
15119 15113 15112
15118 15119 15120
15121 15120 15119
15121 15119 15122
15112 15122 15119
15111 15121 15122
15112 15110 15123
15111 15123 15110
15112 15123 15122
15111 15122 15123
15124 15125 15126
15127 15126 15125
15127 15128 15126
15128 15127 15129
15128 15129 15130
15131 15130 15129
15131 15132 15130
15133 15132 15131
15134 15128 15130
15134 15130 15132
15126 15128 15135
15134 15135 15128
15124 15126 15136
15126 15135 15136
15124 15136 15137
15137 15136 15135
15124 15137 15138
15139 15138 15137
15137 15135 15139
15139 15140 15138
15141 15139 15135
15140 15139 15141
15141 15135 15134
15140 15141 15142
15143 15142 15141
15143 15141 15144
15134 15144 15141
15133 15143 15144
15134 15132 15145
15133 15145 15132
15134 15145 15144
15133 15144 15145
15146 15147 15148
15149 15148 15147
15149 15150 15148
15150 15149 15151
15150 15151 15152
15153 15152 15151
15153 15154 15152
15155 15154 15153
15156 15150 15152
15156 15152 15154
15148 15150 15157
15156 15157 15150
15146 15148 15158
15148 15157 15158
15146 15158 15159
15159 15158 15157
15146 15159 15160
15161 15160 15159
15159 15157 15161
15161 15162 15160
15163 15161 15157
15162 15161 15163
15163 15157 15156
15162 15163 15164
15165 15164 15163
15165 15163 15166
15156 15166 15163
15155 15165 15166
15156 15154 15167
15155 15167 15154
15156 15167 15166
15155 15166 15167
15168 15169 15170
15171 15170 15169
15171 15172 15170
15172 15171 15173
15172 15173 15174
15175 15174 15173
15175 15176 15174
15177 15176 15175
15178 15172 15174
15178 15174 15176
15170 15172 15179
15178 15179 15172
15168 15170 15180
15170 15179 15180
15168 15180 15181
15181 15180 15179
15168 15181 15182
15183 15182 15181
15181 15179 15183
15183 15184 15182
15185 15183 15179
15184 15183 15185
15185 15179 15178
15184 15185 15186
15187 15186 15185
15187 15185 15188
15178 15188 15185
15177 15187 15188
15178 15176 15189
15177 15189 15176
15178 15189 15188
15177 15188 15189
15190 15191 15192
15193 15192 15191
15193 15194 15192
15194 15193 15195
15194 15195 15196
15197 15196 15195
15197 15198 15196
15199 15198 15197
15200 15194 15196
15200 15196 15198
15192 15194 15201
15200 15201 15194
15190 15192 15202
15192 15201 15202
15190 15202 15203
15203 15202 15201
15190 15203 15204
15205 15204 15203
15203 15201 15205
15205 15206 15204
15207 15205 15201
15206 15205 15207
15207 15201 15200
15206 15207 15208
15209 15208 15207
15209 15207 15210
15200 15210 15207
15199 15209 15210
15200 15198 15211
15199 15211 15198
15200 15211 15210
15199 15210 15211
15212 15213 15214
15215 15214 15213
15215 15216 15214
15216 15215 15217
15216 15217 15218
15219 15218 15217
15219 15220 15218
15221 15220 15219
15222 15216 15218
15222 15218 15220
15214 15216 15223
15222 15223 15216
15212 15214 15224
15214 15223 15224
15212 15224 15225
15225 15224 15223
15212 15225 15226
15227 15226 15225
15225 15223 15227
15227 15228 15226
15229 15227 15223
15228 15227 15229
15229 15223 15222
15228 15229 15230
15231 15230 15229
15231 15229 15232
15222 15232 15229
15221 15231 15232
15222 15220 15233
15221 15233 15220
15222 15233 15232
15221 15232 15233
15234 15235 15236
15237 15236 15235
15237 15238 15236
15238 15237 15239
15238 15239 15240
15241 15240 15239
15241 15242 15240
15243 15242 15241
15244 15238 15240
15244 15240 15242
15236 15238 15245
15244 15245 15238
15234 15236 15246
15236 15245 15246
15234 15246 15247
15247 15246 15245
15234 15247 15248
15249 15248 15247
15247 15245 15249
15249 15250 15248
15251 15249 15245
15250 15249 15251
15251 15245 15244
15250 15251 15252
15253 15252 15251
15253 15251 15254
15244 15254 15251
15243 15253 15254
15244 15242 15255
15243 15255 15242
15244 15255 15254
15243 15254 15255
15256 15257 15258
15259 15258 15257
15259 15260 15258
15260 15259 15261
15260 15261 15262
15263 15262 15261
15263 15264 15262
15265 15264 15263
15266 15260 15262
15266 15262 15264
15258 15260 15267
15266 15267 15260
15256 15258 15268
15258 15267 15268
15256 15268 15269
15269 15268 15267
15256 15269 15270
15271 15270 15269
15269 15267 15271
15271 15272 15270
15273 15271 15267
15272 15271 15273
15273 15267 15266
15272 15273 15274
15275 15274 15273
15275 15273 15276
15266 15276 15273
15265 15275 15276
15266 15264 15277
15265 15277 15264
15266 15277 15276
15265 15276 15277
15278 15279 15280
15281 15280 15279
15281 15282 15280
15282 15281 15283
15282 15283 15284
15285 15284 15283
15285 15286 15284
15287 15286 15285
15288 15282 15284
15288 15284 15286
15280 15282 15289
15288 15289 15282
15278 15280 15290
15280 15289 15290
15278 15290 15291
15291 15290 15289
15278 15291 15292
15293 15292 15291
15291 15289 15293
15293 15294 15292
15295 15293 15289
15294 15293 15295
15295 15289 15288
15294 15295 15296
15297 15296 15295
15297 15295 15298
15288 15298 15295
15287 15297 15298
15288 15286 15299
15287 15299 15286
15288 15299 15298
15287 15298 15299
15300 15301 15302
15303 15302 15301
15300 15302 15304
15303 15305 15302
15306 15300 15304
15303 15307 15305
15306 15304 15308
15303 15309 15307
15310 15306 15308
15309 15311 15307
15310 15308 15312
15309 15313 15311
15314 15310 15312
15313 15315 15311
15314 15312 15316
15313 15317 15315
15318 15314 15316
15317 15319 15315
15318 15316 15320
15317 15321 15319
15322 15318 15320
15321 15323 15319
15322 15320 15324
15321 15325 15323
15326 15322 15324
15325 15327 15323
15325 15326 15327
15326 15324 15327
15328 15329 15330
15331 15330 15329
15328 15330 15332
15331 15333 15330
15334 15328 15332
15331 15335 15333
15334 15332 15336
15331 15337 15335
15338 15334 15336
15337 15339 15335
15338 15336 15340
15337 15341 15339
15342 15338 15340
15341 15343 15339
15342 15340 15344
15341 15345 15343
15346 15342 15344
15345 15347 15343
15346 15344 15348
15345 15349 15347
15350 15346 15348
15349 15351 15347
15350 15348 15352
15349 15353 15351
15354 15350 15352
15353 15355 15351
15353 15354 15355
15354 15352 15355
15356 15357 15358
15359 15358 15357
15356 15360 15357
15359 15357 15361
15362 15360 15356
15359 15361 15363
15362 15364 15360
15359 15363 15365
15366 15364 15362
15365 15363 15367
15366 15368 15364
15365 15367 15369
15370 15368 15366
15369 15367 15371
15370 15372 15368
15369 15371 15373
15374 15372 15370
15373 15371 15375
15374 15376 15372
15373 15375 15377
15378 15376 15374
15377 15375 15379
15378 15380 15376
15377 15379 15381
15382 15380 15378
15381 15379 15383
15381 15383 15382
15382 15383 15380
15384 15385 15386
15387 15386 15385
15384 15388 15385
15387 15385 15389
15390 15388 15384
15387 15389 15391
15390 15392 15388
15387 15391 15393
15394 15392 15390
15393 15391 15395
15394 15396 15392
15393 15395 15397
15398 15396 15394
15397 15395 15399
15398 15400 15396
15397 15399 15401
15402 15400 15398
15401 15399 15403
15402 15404 15400
15401 15403 15405
15406 15404 15402
15405 15403 15407
15406 15408 15404
15405 15407 15409
15410 15408 15406
15409 15407 15411
15409 15411 15410
15410 15411 15408
15412 15413 15414
15415 15414 15413
15412 15416 15413
15415 15413 15417
15418 15416 15412
15415 15417 15419
15418 15420 15416
15415 15419 15421
15422 15420 15418
15421 15419 15423
15422 15424 15420
15421 15423 15425
15426 15424 15422
15425 15423 15427
15426 15428 15424
15425 15427 15429
15430 15428 15426
15429 15427 15431
15430 15432 15428
15429 15431 15433
15434 15432 15430
15433 15431 15435
15434 15436 15432
15433 15435 15437
15438 15436 15434
15437 15435 15439
15437 15439 15438
15438 15439 15436
15440 15441 15442
15443 15442 15441
15440 15444 15441
15443 15441 15445
15446 15444 15440
15443 15445 15447
15446 15448 15444
15443 15447 15449
15450 15448 15446
15449 15447 15451
15450 15452 15448
15449 15451 15453
15454 15452 15450
15453 15451 15455
15454 15456 15452
15453 15455 15457
15458 15456 15454
15457 15455 15459
15458 15460 15456
15457 15459 15461
15462 15460 15458
15461 15459 15463
15462 15464 15460
15461 15463 15465
15466 15464 15462
15465 15463 15467
15465 15467 15466
15466 15467 15464
15468 15469 15470
15471 15470 15469
15468 15470 15472
15471 15473 15470
15474 15468 15472
15471 15475 15473
15474 15472 15476
15471 15477 15475
15478 15474 15476
15477 15479 15475
15478 15476 15480
15477 15481 15479
15482 15478 15480
15481 15483 15479
15482 15480 15484
15481 15485 15483
15486 15482 15484
15485 15487 15483
15486 15484 15488
15485 15489 15487
15490 15486 15488
15489 15491 15487
15490 15488 15492
15489 15493 15491
15494 15490 15492
15493 15495 15491
15493 15494 15495
15494 15492 15495
15496 15497 15498
15499 15498 15497
15496 15498 15500
15499 15501 15498
15502 15496 15500
15499 15503 15501
15502 15500 15504
15499 15505 15503
15506 15502 15504
15505 15507 15503
15506 15504 15508
15505 15509 15507
15510 15506 15508
15509 15511 15507
15510 15508 15512
15509 15513 15511
15514 15510 15512
15513 15515 15511
15514 15512 15516
15513 15517 15515
15518 15514 15516
15517 15519 15515
15518 15516 15520
15517 15521 15519
15522 15518 15520
15521 15523 15519
15521 15522 15523
15522 15520 15523
15524 15525 15526
15527 15525 15524
15524 15526 15528
15527 15524 15529
15530 15528 15526
15531 15527 15529
15530 15526 15532
15531 15533 15527
15532 15534 15530
15532 15535 15534
15534 15535 15536
15534 15536 15537
15537 15536 15538
15537 15538 15539
15539 15538 15540
15539 15540 15541
15541 15540 15542
15541 15542 15543
15533 15531 15544
15533 15544 15545
15546 15545 15544
15546 15544 15547
15543 15542 15548
15543 15548 15549
15548 15550 15549
15548 15551 15550
15552 15546 15547
15552 15547 15553
15552 15553 15554
15552 15554 15555
15555 15554 15556
15555 15556 15557
15558 15557 15556
15558 15559 15557
15560 15559 15558
15560 15561 15559
15562 15550 15551
15562 15561 15560
15562 15551 15563
15562 15563 15561
15564 15565 15566
15567 15566 15565
15564 15566 15568
15567 15569 15566
15570 15564 15568
15570 15571 15564
15572 15571 15570
15572 15570 15573
15569 15567 15574
15569 15574 15575
15574 15576 15575
15574 15577 15576
15577 15578 15576
15577 15579 15578
15579 15580 15578
15579 15581 15580
15581 15582 15580
15581 15583 15582
15573 15584 15572
15573 15585 15584
15586 15584 15585
15586 15587 15584
15583 15588 15582
15583 15589 15588
15588 15589 15590
15588 15590 15591
15592 15587 15586
15592 15593 15587
15592 15594 15593
15592 15595 15594
15595 15596 15594
15595 15597 15596
15598 15596 15597
15598 15597 15599
15600 15598 15599
15600 15599 15601
15602 15591 15590
15602 15600 15601
15602 15603 15591
15602 15601 15603
